#####################################################################
# Alchemist log file - simulation started at: 2026-05-19T11:18+0000 #
#####################################################################
#
# seed = 63.0, connection_range_percentage = 0.25, variability = 4.0, history_length = 1200, drones = 80
#
# The columns have the following meaning: 
# time wandering[mean] defending[mean] solving[mean] wait[mean] attacked[max] alarm[max] historySize[mean] disagreementRate 
0.0 NaN NaN NaN NaN 0.0 0.0 NaN 0.0
0.0 0.0 0.0 0.0 1.0 0.0 0.0 2.0 0.0
1.0015795283439732 0.0 0.0 0.0 1.0 0.0 0.0 2.3125 0.0
2.0047774913450045 0.0 0.0 0.0 1.0 0.0 0.0 2.925 0.0
3.0049833772016172 0.0 0.0 0.0 1.0 0.0 0.0 2.9875 0.0
4.00228142093708 0.0 0.0 0.0 1.0 0.0 0.0 2.9875 0.0
5.011727219589087 0.0 0.0 0.0 1.0 0.0 0.0 3.0 0.0
6.031465897465038 0.0 0.0 0.0 1.0 0.0 0.0 3.0 0.0
7.002899566785888 0.0 0.0 0.0 1.0 0.0 0.0 3.0 0.0
8.01278453816665 0.0 0.0 0.0 1.0 0.0 0.0 3.0 0.0
9.010483997119955 0.0 0.0 0.0 1.0 0.0 0.0 3.0 0.0
10.003110760012369 0.0 0.0 0.0 1.0 0.0 0.0 3.0 0.0
11.00328704712496 0.0 0.0 0.0 1.0 0.0 0.0 3.0 0.0
12.004636513272573 0.0 0.0 0.0 1.0 0.0 0.0 3.0 0.0
13.031136714574794 0.0 0.0 0.0 1.0 0.0 0.0 3.0 0.0
14.001253610460438 0.0 0.0 0.0 1.0 0.0 0.0 3.0 0.0
15.025297090101764 0.0 0.0 0.0 1.0 0.0 0.0 3.0 0.0
16.00314844668837 0.0 0.0 0.0 1.0 0.0 0.0 3.0 0.0
17.017894682318172 0.0 0.0 0.0 1.0 0.0 0.0 3.0 0.0
18.03090236103592 0.0 0.0 0.0 1.0 0.0 0.0 3.0 0.0
19.006821644338554 0.0 0.0 0.0 1.0 0.0 0.0 3.0 0.0
20.026113133366643 0.0 0.0 0.0 1.0 0.0 0.0 3.0 0.0
21.000738807176496 0.0 0.0 0.0 1.0 0.0 0.0 3.0 0.0
22.01163497385791 0.0 0.0 0.0 1.0 0.0 0.0 3.0 0.0
23.0090051295212 0.0 0.0 0.0 1.0 0.0 0.0 3.0 0.0
24.03588655700873 0.0 0.0 0.0 1.0 0.0 0.0 3.0 0.0
25.039834758342774 0.0 0.0 0.0 1.0 0.0 0.0 3.0 0.0
26.03111303277446 0.0 0.0 0.0 1.0 0.0 0.0 3.0 0.0
27.00575120837471 0.0 0.0 0.0 1.0 0.0 0.0 3.0 0.0
28.007771053392627 0.0 0.0 0.0 1.0 0.0 0.0 3.0 0.0
29.041338133647045 0.0 0.0 0.0 1.0 0.0 0.0 3.0 0.0
30.02320159658521 0.0 0.0 0.0 1.0 0.0 0.0 3.0 0.0
31.01913879286687 0.0 0.0 0.0 1.0 0.0 0.0 3.0 0.0
32.00140934959954 0.0 0.0 0.0 1.0 0.0 0.0 3.0 0.0
33.00122824002021 0.0 0.0 0.0 1.0 0.0 0.0 3.0 0.0
34.021094343170546 0.0 0.0 0.0 1.0 0.0 0.0 3.0 0.0
35.00084871548813 0.0 0.0 0.0 1.0 0.0 0.0 3.0 0.0
36.00047454831819 0.0 0.0 0.0 1.0 0.0 0.0 3.0 0.0
37.045539747242984 0.0 0.0 0.0 1.0 0.0 0.0 3.0 0.0
38.004418236320184 0.0 0.0 0.0 1.0 0.0 0.0 3.0 0.0
39.00097428844465 0.0 0.0 0.0 1.0 0.0 0.0 3.0 0.0
40.01378164141789 0.0 0.0 0.0 1.0 0.0 0.0 3.0 0.0
41.00047408880102 0.0 0.0 0.0 1.0 0.0 0.0 3.0 0.0
42.01671189645608 0.0 0.0 0.0 1.0 0.0 0.0 3.0 0.0
43.00117899564722 0.0 0.0 0.0 1.0 0.0 0.0 3.0 0.0
44.01516880580365 0.0 0.0 0.0 1.0 0.0 0.0 3.0 0.0
45.000569582213735 0.0 0.0 0.0 1.0 0.0 0.0 3.0 0.0
46.01255850105579 0.0 0.0 0.0 1.0 0.0 0.0 3.0 0.0
47.02449902416512 0.0 0.0 0.0 1.0 0.0 0.0 3.0 0.0
48.01058366068537 0.0 0.0 0.0 1.0 0.0 0.0 3.0 0.0
49.04260259075636 0.0 0.0 0.0 1.0 0.0 0.0 3.0 0.0
50.045539747242984 0.0 0.0 0.0 1.0 0.0 0.0 3.0 0.0
51.00943117942223 0.0 0.0 0.0 1.0 0.0 0.0 3.0 0.0
52.045539747242984 0.0 0.0 0.0 1.0 0.0 0.0 3.0 0.0
53.00977657227516 0.0 0.0 0.0 1.0 0.0 0.0 3.0 0.0
54.009770879290926 0.0 0.0 0.0 1.0 0.0 0.0 3.0 0.0
55.0342713408699 0.0 0.0 0.0 1.0 0.0 0.0 3.0 0.0
56.002790606874875 0.0 0.0 0.0 1.0 0.0 0.0 3.0 0.0
57.01196822573695 0.0 0.0 0.0 1.0 0.0 0.0 3.0 0.0
58.00871391550755 0.0 0.0 0.0 1.0 0.0 0.0 3.0 0.0
59.007738901791114 0.0 0.0 0.0 1.0 0.0 0.0 3.0 0.0
60.01146518122375 0.0 0.0 0.0 1.0 0.0 0.0 3.0 0.0
61.005032054941886 0.0 0.0 0.0 1.0 0.0 0.0 3.0 0.0
62.03829056972458 0.0 0.0 0.0 1.0 0.0 0.0 3.0 0.0
63.0186200243156 0.0 0.0 0.0 1.0 0.0 0.0 3.0 0.0
64.03148415830931 0.0 0.0 0.0 1.0 0.0 0.0 3.0 0.0
65.0062712509188 0.0 0.0 0.0 1.0 0.0 0.0 3.0 0.0
66.03138344190364 0.0 0.0 0.0 1.0 0.0 0.0 3.0 0.0
67.0250488739635 0.0 0.0 0.0 1.0 0.0 0.0 3.0 0.0
68.02190402181549 0.0 0.0 0.0 1.0 0.0 0.0 3.0 0.0
69.00145614347659 0.0 0.0 0.0 1.0 0.0 0.0 3.0 0.0
70.01066275336674 0.0 0.0 0.0 1.0 0.0 0.0 3.0 0.0
71.00155074405625 0.0 0.0 0.0 1.0 0.0 0.0 3.0 0.0
72.01043505968447 0.0 0.0 0.0 1.0 0.0 0.0 3.0 0.0
73.02954323104883 0.0 0.0 0.0 1.0 0.0 0.0 3.0 0.0
74.00606206476813 0.0 0.0 0.0 1.0 0.0 0.0 3.0 0.0
75.00077911430193 0.0 0.0 0.0 1.0 0.0 0.0 3.0 0.0
76.0236153087426 0.0 0.0 0.0 1.0 0.0 0.0 3.0 0.0
77.00117523346599 0.0 0.0 0.0 1.0 0.0 0.0 3.0 0.0
78.01824823544092 0.0 0.0 0.0 1.0 0.0 0.0 3.0 0.0
79.01765379440398 0.0 0.0 0.0 1.0 0.0 0.0 3.0 0.0
80.01915875181302 0.0 0.0 0.0 1.0 0.0 0.0 3.0 0.0
81.002203288405 0.0 0.0 0.0 1.0 0.0 0.0 3.0 0.0
82.00387376900505 0.0 0.0 0.0 1.0 0.0 0.0 3.0 0.0
83.01899189193371 0.0 0.0 0.0 1.0 0.0 0.0 3.0 0.0
84.00154984694302 0.0 0.0 0.0 1.0 0.0 0.0 3.0 0.0
85.02818562312837 0.0 0.0 0.0 1.0 0.0 0.0 3.0 0.0
86.02089865622062 0.0 0.0 0.0 1.0 0.0 0.0 3.0 0.0
87.00602795298623 0.0 0.0 0.0 1.0 0.0 0.0 3.0 0.0
88.00366903282193 0.0 0.0 0.0 1.0 0.0 0.0 3.0 0.0
89.01655597661218 0.0 0.0 0.0 1.0 0.0 0.0 3.0 0.0
90.03835859459623 0.0 0.0 0.0 1.0 0.0 0.0 3.0 0.0
91.02041001616668 0.0 0.0 0.0 1.0 0.0 0.0 3.0 0.0
92.00155897038388 0.0 0.0 0.0 1.0 0.0 0.0 3.0 0.0
93.03323080863227 0.0 0.0 0.0 1.0 0.0 0.0 3.0 0.0
94.01887516765183 0.0 0.0 0.0 1.0 0.0 0.0 3.0 0.0
95.01161002627477 0.0 0.0 0.0 1.0 0.0 0.0 3.0 0.0
96.03531102650612 0.0 0.0 0.0 1.0 0.0 0.0 3.0 0.0
97.0145085865677 0.0 0.0 0.0 1.0 0.0 0.0 3.0 0.0
98.01060807736697 0.0 0.0 0.0 1.0 0.0 0.0 3.0 0.0
99.00239826615486 0.0 0.0 0.0 1.0 0.0 0.0 3.0 0.0
100.01074244365326 0.0 0.0 0.0 1.0 0.0 0.0 3.0 0.0
101.01319308293591 0.0 0.0 0.0 1.0 0.0 0.0 3.0 0.0
102.01868902113294 0.0 0.0 0.0 1.0 0.0 0.0 3.0 0.0
103.00931299716316 0.0 0.0 0.0 1.0 0.0 0.0 3.0 0.0
104.01543254032258 0.0 0.0 0.0 1.0 0.0 0.0 3.0 0.0
105.01505379493219 0.0 0.0 0.0 1.0 0.0 0.0 3.0 0.0
106.0111321142179 0.0 0.0 0.0 1.0 0.0 0.0 3.0 0.0
107.02685006696056 0.0 0.0 0.0 1.0 0.0 0.0 3.0 0.0
108.008669221785 0.0 0.0 0.0 1.0 0.0 0.0 3.0 0.0
109.03441416377763 0.0 0.0 0.0 1.0 0.0 0.0 3.0 0.0
110.02488703978196 0.0 0.0 0.0 1.0 0.0 0.0 3.0 0.0
111.01263173156116 0.0 0.0 0.0 1.0 0.0 0.0 3.0 0.0
112.0310465033718 0.0 0.0 0.0 1.0 0.0 0.0 3.0 0.0
113.0184494915039 0.0 0.0 0.0 1.0 0.0 0.0 3.0 0.0
114.0028670480645 0.0 0.0 0.0 1.0 0.0 0.0 3.0 0.0
115.01036694711037 0.0 0.0 0.0 1.0 0.0 0.0 3.0 0.0
116.00191546478047 0.0 0.0 0.0 1.0 0.0 0.0 3.0 0.0
117.02532500906219 0.0 0.0 0.0 1.0 0.0 0.0 3.0 0.0
118.00095126976892 0.0 0.0 0.0 1.0 0.0 0.0 3.0 0.0
119.0181719000902 0.0 0.0 0.0 1.0 0.0 0.0 3.0 0.0
120.01497964224035 0.0 0.0 0.0 1.0 0.0 0.0 3.0 0.0
121.04553974724298 0.0 0.0 0.0 1.0 0.0 0.0 3.0 0.0
122.03409123974058 0.0 0.0 0.0 1.0 0.0 0.0 3.0 0.0
123.01610812976818 0.0 0.0 0.0 1.0 0.0 0.0 3.0 0.0
124.02137572388266 0.0 0.0 0.0 1.0 0.0 0.0 3.0 0.0
125.01341808006799 0.0 0.0 0.0 1.0 0.0 0.0 3.0 0.0
126.02762225094787 0.0 0.0 0.0 1.0 0.0 0.0 3.0 0.0
127.0151325832413 0.0 0.0 0.0 1.0 0.0 0.0 3.0 0.0
128.00013911118336 0.0 0.0 0.0 1.0 0.0 0.0 3.0 0.0
129.00498859627675 0.0 0.0 0.0 1.0 0.0 0.0 3.0 0.0
130.00019059581976 0.0 0.0 0.0 1.0 0.0 0.0 3.0 0.0
131.0231688025534 0.0 0.0 0.0 1.0 0.0 0.0 3.0 0.0
132.03646221752385 0.0 0.0 0.0 1.0 0.0 0.0 3.0 0.0
133.01420850012067 0.0 0.0 0.0 1.0 0.0 0.0 3.0 0.0
134.00262186961652 0.0 0.0 0.0 1.0 0.0 0.0 3.0 0.0
135.00302414937585 0.0 0.0 0.0 1.0 0.0 0.0 3.0 0.0
136.0274954010934 0.0 0.0 0.0 1.0 0.0 0.0 3.0 0.0
137.0345783071949 0.0 0.0 0.0 1.0 0.0 0.0 3.0 0.0
138.00413907772577 0.0 0.0 0.0 1.0 0.0 0.0 3.0 0.0
139.00941764086895 0.0 0.0 0.0 1.0 0.0 0.0 3.0 0.0
140.0278489125535 0.0 0.0 0.0 1.0 0.0 0.0 3.0 0.0
141.03570844794797 0.0 0.0 0.0 1.0 0.0 0.0 3.0 0.0
142.00993332428746 0.0 0.0 0.0 1.0 0.0 0.0 3.0 0.0
143.00713846518227 0.0 0.0 0.0 1.0 0.0 0.0 3.0 0.0
144.01307758852133 0.0 0.0 0.0 1.0 0.0 0.0 3.0 0.0
145.00295355175564 0.0 0.0 0.0 1.0 0.0 0.0 3.0 0.0
146.0205546365326 0.0 0.0 0.0 1.0 0.0 0.0 3.0 0.0
147.00242481215258 0.0 0.0 0.0 1.0 0.0 0.0 3.0 0.0
148.00021866342755 0.0 0.0 0.0 1.0 0.0 0.0 3.0 0.0
149.00135900522838 0.0 0.0 0.0 1.0 0.0 0.0 3.0 0.0
150.00367119396904 0.0 0.0 0.0 1.0 0.0 0.0 3.0 0.0
151.0008291884599 0.0 0.0 0.0 1.0 0.0 0.0 3.0 0.0
152.04205938152282 0.0 0.0 0.0 1.0 0.0 0.0 3.0 0.0
153.0069433728191 0.0 0.0 0.0 1.0 0.0 0.0 3.0 0.0
154.0121159701081 0.0 0.0 0.0 1.0 0.0 0.0 3.0 0.0
155.00233003648353 0.0 0.0 0.0 1.0 0.0 0.0 3.0 0.0
156.01832886373037 0.0 0.0 0.0 1.0 0.0 0.0 3.0 0.0
157.00128255835764 0.0 0.0 0.0 1.0 0.0 0.0 3.0 0.0
158.00027177872465 0.0 0.0 0.0 1.0 0.0 0.0 3.0 0.0
159.0007861285769 0.0 0.0 0.0 1.0 0.0 0.0 3.0 0.0
160.00223336809228 0.0 0.0 0.0 1.0 0.0 0.0 3.0 0.0
161.0021291785204 0.0 0.0 0.0 1.0 0.0 0.0 3.0 0.0
162.00528813502544 0.0 0.0 0.0 1.0 0.0 0.0 3.0 0.0
163.00012776821876 0.0 0.0 0.0 1.0 0.0 0.0 3.0 0.0
164.00282015884932 0.0 0.0 0.0 1.0 0.0 0.0 3.0 0.0
165.00209877342226 0.0 0.0 0.0 1.0 0.0 0.0 3.0 0.0
166.04553974724297 0.0 0.0 0.0 1.0 0.0 0.0 3.0 0.0
167.02649626493312 0.0 0.0 0.0 1.0 0.0 0.0 3.0 0.0
168.0181724600076 0.0 0.0 0.0 1.0 0.0 0.0 3.0 0.0
169.02769542980283 0.0 0.0 0.0 1.0 0.0 0.0 3.0 0.0
170.01426595617994 0.0 0.0 0.0 1.0 0.0 0.0 3.0 0.0
171.00259888814557 0.0 0.0 0.0 1.0 0.0 0.0 3.0 0.0
172.01676256543118 0.0 0.0 0.0 1.0 0.0 0.0 3.0 0.0
173.02756751939498 0.0 0.0 0.0 1.0 0.0 0.0 3.0 0.0
174.03835417433095 0.0 0.0 0.0 1.0 0.0 0.0 3.0 0.0
175.03510578015306 0.0 0.0 0.0 1.0 0.0 0.0 3.0 0.0
176.01851730921166 0.0 0.0 0.0 1.0 0.0 0.0 3.0 0.0
177.01531335655102 0.0 0.0 0.0 1.0 0.0 0.0 3.0 0.0
178.00583452043452 0.0 0.0 0.0 1.0 0.0 0.0 3.0 0.0
179.00032602226207 0.0 0.0 0.0 1.0 0.0 0.0 3.0 0.0
180.0251916826228 0.0 0.0 0.0 1.0 0.0 0.0 3.0 0.0
181.0083781044096 0.0 0.0 0.0 1.0 0.0 0.0 3.0 0.0
182.02580093576478 0.0 0.0 0.0 1.0 0.0 0.0 3.0 0.0
183.02334431842925 0.0 0.0 0.0 1.0 0.0 0.0 3.0 0.0
184.00843295165816 0.0 0.0 0.0 1.0 0.0 0.0 3.0 0.0
185.0170763989229 0.0 0.0 0.0 1.0 0.0 0.0 3.0 0.0
186.03777957375252 0.0 0.0 0.0 1.0 0.0 0.0 3.0 0.0
187.01681129761053 0.0 0.0 0.0 1.0 0.0 0.0 3.0 0.0
188.0014225372112 0.0 0.0 0.0 1.0 0.0 0.0 3.0 0.0
189.018460608786 0.0 0.0 0.0 1.0 0.0 0.0 3.0 0.0
190.0101560946692 0.0 0.0 0.0 1.0 0.0 0.0 3.0 0.0
191.00444973282433 0.0 0.0 0.0 1.0 0.0 0.0 3.0 0.0
192.00549563946166 0.0 0.0 0.0 1.0 0.0 0.0 3.0 0.0
193.0165221920348 0.0 0.0 0.0 1.0 0.0 0.0 3.0 0.0
194.00875114313368 0.0 0.0 0.0 1.0 0.0 0.0 3.0 0.0
195.01539857983332 0.0 0.0 0.0 1.0 0.0 0.0 3.0 0.0
196.04553974724297 0.0 0.0 0.0 1.0 0.0 0.0 3.0 0.0
197.01146633336677 0.0 0.0 0.0 1.0 0.0 0.0 3.0 0.0
198.01814187750185 0.0 0.0 0.0 1.0 0.0 0.0 3.0 0.0
199.0298197793369 0.0 0.0 0.0 1.0 0.0 0.0 3.0 0.0
200.01108563488143 0.0 0.0 0.0 1.0 0.0 0.0 3.0 0.0
201.0223917307987 0.0 0.0 0.0 1.0 0.0 0.0 3.0 0.0
202.01196241425677 0.0 0.0 0.0 1.0 0.0 0.0 3.0 0.0
203.01627128739264 0.0 0.0 0.0 1.0 0.0 0.0 3.0 0.0
204.00023057081563 0.0 0.0 0.0 1.0 0.0 0.0 3.0 0.0
205.04553974724297 0.0 0.0 0.0 1.0 0.0 0.0 3.0 0.0
206.00602072001115 0.0 0.0 0.0 1.0 0.0 0.0 3.0 0.0
207.00268972251197 0.0 0.0 0.0 1.0 0.0 0.0 3.0 0.0
208.01575266513643 0.0 0.0 0.0 1.0 0.0 0.0 3.0 0.0
209.01915268060455 0.0 0.0 0.0 1.0 0.0 0.0 3.0 0.0
210.02194967038997 0.0 0.0 0.0 1.0 0.0 0.0 3.0 0.0
211.00270643873858 0.0 0.0 0.0 1.0 0.0 0.0 3.0 0.0
212.0007121436308 0.0 0.0 0.0 1.0 0.0 0.0 3.0 0.0
213.00641921010535 0.0 0.0 0.0 1.0 0.0 0.0 3.0 0.0
214.00333085621457 0.0 0.0 0.0 1.0 0.0 0.0 3.0 0.0
215.0074655158674 0.0 0.0 0.0 1.0 0.0 0.0 3.0 0.0
216.01206793487611 0.0 0.0 0.0 1.0 0.0 0.0 3.0 0.0
217.00241609077304 0.0 0.0 0.0 1.0 0.0 0.0 3.0 0.0
218.00359023407265 0.0 0.0 0.0 1.0 0.0 0.0 3.0 0.0
219.00102227212935 0.0 0.0 0.0 1.0 0.0 0.0 3.0 0.0
220.00022885857356 0.0 0.0 0.0 1.0 0.0 0.0 3.0 0.0
221.0251997927994 0.0 0.0 0.0 1.0 0.0 0.0 3.0 0.0
222.01013445709825 0.0 0.0 0.0 1.0 0.0 0.0 3.0 0.0
223.00619343396235 0.0 0.0 0.0 1.0 0.0 0.0 3.0 0.0
224.01412511693155 0.0 0.0 0.0 1.0 0.0 0.0 3.0 0.0
225.01000330403554 0.0 0.0 0.0 1.0 0.0 0.0 3.0 0.0
226.0135378008393 0.0 0.0 0.0 1.0 0.0 0.0 3.0 0.0
227.00826281208407 0.0 0.0 0.0 1.0 0.0 0.0 3.0 0.0
228.00850003609182 0.0 0.0 0.0 1.0 0.0 0.0 3.0 0.0
229.00943873898856 0.0 0.0 0.0 1.0 0.0 0.0 3.0 0.0
230.03376488386522 0.0 0.0 0.0 1.0 0.0 0.0 3.0 0.0
231.04553974724297 0.0 0.0 0.0 1.0 0.0 0.0 3.0 0.0
232.04553974724297 0.0 0.0 0.0 1.0 0.0 0.0 3.0 0.0
233.0134940602412 0.0 0.0 0.0 1.0 0.0 0.0 3.0 0.0
234.00412475434192 0.0 0.0 0.0 1.0 0.0 0.0 3.0 0.0
235.0250343151461 0.0 0.0 0.0 1.0 0.0 0.0 3.0 0.0
236.00322658868552 0.0 0.0 0.0 1.0 0.0 0.0 3.0 0.0
237.00837464472838 0.0 0.0 0.0 1.0 0.0 0.0 3.0 0.0
238.0044582342878 0.0 0.0 0.0 1.0 0.0 0.0 3.0 0.0
239.00877208109094 0.0 0.0 0.0 1.0 0.0 0.0 3.0 0.0
240.02550682588537 0.0 0.0 0.0 1.0 0.0 0.0 3.0 0.0
241.01579376318108 0.0 0.0 0.0 1.0 0.0 0.0 3.0 0.0
242.00448251721517 0.0 0.0 0.0 1.0 0.0 0.0 3.0 0.0
243.0395112244203 0.0 0.0 0.0 1.0 0.0 0.0 3.0 0.0
244.01293377730298 0.0 0.0 0.0 1.0 0.0 0.0 3.0 0.0
245.00690255373874 0.0 0.0 0.0 1.0 0.0 0.0 3.0 0.0
246.02989322966158 0.0 0.0 0.0 1.0 0.0 0.0 3.0 0.0
247.00040360587937 0.0 0.0 0.0 1.0 0.0 0.0 3.0 0.0
248.01752464359325 0.0 0.0 0.0 1.0 0.0 0.0 3.0 0.0
249.00593762013173 0.0 0.0 0.0 1.0 0.0 0.0 3.0 0.0
250.00129914705244 0.0 0.0 0.0 1.0 0.0 0.0 3.0 0.0
251.0120672384374 0.0 0.0 0.0 1.0 0.0 0.0 3.0 0.0
252.01051600216198 0.0 0.0 0.0 1.0 0.0 0.0 3.0 0.0
253.00329488478172 0.0 0.0 0.0 1.0 0.0 0.0 3.0 0.0
254.00503255063248 0.0 0.0 0.0 1.0 0.0 0.0 3.0 0.0
255.01692305053538 0.0 0.0 0.0 1.0 0.0 0.0 3.0 0.0
256.0215840489508 0.0 0.0 0.0 1.0 0.0 0.0 3.0 0.0
257.0404509798473 0.0 0.0 0.0 1.0 0.0 0.0 3.0 0.0
258.00699375624384 0.0 0.0 0.0 1.0 0.0 0.0 3.0 0.0
259.04553974724297 0.0 0.0 0.0 1.0 0.0 0.0 3.0 0.0
260.0098565400422 0.0 0.0 0.0 1.0 0.0 0.0 3.0 0.0
261.01002173697765 0.0 0.0 0.0 1.0 0.0 0.0 3.0 0.0
262.0005061900817 0.0 0.0 0.0 1.0 0.0 0.0 3.0 0.0
263.0069072954633 0.0 0.0 0.0 1.0 0.0 0.0 3.0 0.0
264.0350752356258 0.0 0.0 0.0 1.0 0.0 0.0 3.0 0.0
265.02250563228097 0.0 0.0 0.0 1.0 0.0 0.0 3.0 0.0
266.001263940587 0.0 0.0 0.0 1.0 0.0 0.0 3.0 0.0
267.0035258579007 0.0 0.0 0.0 1.0 0.0 0.0 3.0 0.0
268.0197705177057 0.0 0.0 0.0 1.0 0.0 0.0 3.0 0.0
269.00270983175983 0.0 0.0 0.0 1.0 0.0 0.0 3.0 0.0
270.0091316121689 0.0 0.0 0.0 1.0 0.0 0.0 3.0 0.0
271.0078189663935 0.0 0.0 0.0 1.0 0.0 0.0 3.0 0.0
272.004257274277 0.0 0.0 0.0 1.0 0.0 0.0 3.0 0.0
273.03400350393684 0.0 0.0 0.0 1.0 0.0 0.0 3.0 0.0
274.0032086657147 0.0 0.0 0.0 1.0 0.0 0.0 3.0 0.0
275.0323198351887 0.0 0.0 0.0 1.0 0.0 0.0 3.0 0.0
276.013107365633 0.0 0.0 0.0 1.0 0.0 0.0 3.0 0.0
277.00596766408523 0.0 0.0 0.0 1.0 0.0 0.0 3.0 0.0
278.0024725825122 0.0 0.0 0.0 1.0 0.0 0.0 3.0 0.0
279.0030105562867 0.0 0.0 0.0 1.0 0.0 0.0 3.0 0.0
280.0090851391682 0.0 0.0 0.0 1.0 0.0 0.0 3.0 0.0
281.02022755658624 0.0 0.0 0.0 1.0 0.0 0.0 3.0 0.0
282.01799345366936 0.0 0.0 0.0 1.0 0.0 0.0 3.0 0.0
283.0126074133614 0.0 0.0 0.0 1.0 0.0 0.0 3.0 0.0
284.00024383031666 0.0 0.0 0.0 1.0 0.0 0.0 3.0 0.0
285.0142355125718 0.0 0.0 0.0 1.0 0.0 0.0 3.0 0.0
286.00673155749644 0.0 0.0 0.0 1.0 0.0 0.0 3.0 0.0
287.00475128964166 0.0 0.0 0.0 1.0 0.0 0.0 3.0 0.0
288.0003677483531 0.0 0.0 0.0 1.0 0.0 0.0 3.0 0.0
289.0345674313429 0.0 0.0 0.0 1.0 0.0 0.0 3.0 0.0
290.0183142474544 0.0 0.0 0.0 1.0 0.0 0.0 3.0 0.0
291.0233638564315 0.0 0.0 0.0 1.0 0.0 0.0 3.0 0.0
292.0098013497917 0.0 0.0 0.0 1.0 0.0 0.0 3.0 0.0
293.00339127068895 0.0 0.0 0.0 1.0 0.0 0.0 3.0 0.0
294.0003854445741 0.0 0.0 0.0 1.0 0.0 0.0 3.0 0.0
295.04553974724297 0.0 0.0 0.0 1.0 0.0 0.0 3.0 0.0
296.022940548125 0.0 0.0 0.0 1.0 0.0 0.0 3.0 0.0
297.0091142204498 0.0 0.0 0.0 1.0 0.0 0.0 3.0 0.0
298.0035543822796 0.0 0.0 0.0 1.0 0.0 0.0 3.0 0.0
299.03681064018906 0.0 0.0 0.0 1.0 0.0 0.0 3.0 0.0
300.0057189830588 0.0 0.0 0.0 1.0 0.0 0.0 3.0 0.0
301.01725838255715 0.0 0.0 0.0 1.0 0.0 0.0 3.0 0.0
302.0281757461256 0.0 0.0 0.0 1.0 0.0 0.0 3.0 0.0
303.00395774326495 0.0 0.0 0.0 1.0 0.0 0.0 3.0 0.0
304.01235514902174 0.0 0.0 0.0 1.0 0.0 0.0 3.0 0.0
305.01050629486275 0.0 0.0 0.0 1.0 0.0 0.0 3.0 0.0
306.0111455198849 0.0 0.0 0.0 1.0 0.0 0.0 3.0 0.0
307.00874404315874 0.0 0.0 0.0 1.0 0.0 0.0 3.0 0.0
308.0293149474066 0.0 0.0 0.0 1.0 0.0 0.0 3.0 0.0
309.0023040114997 0.0 0.0 0.0 1.0 0.0 0.0 3.0 0.0
310.01504942988913 0.0 0.0 0.0 1.0 0.0 0.0 3.0 0.0
311.02239686270843 0.0 0.0 0.0 1.0 0.0 0.0 3.0 0.0
312.0269807016497 0.0 0.0 0.0 1.0 0.0 0.0 3.0 0.0
313.0054292548519 0.0 0.0 0.0 1.0 0.0 0.0 3.0 0.0
314.0010622561421 0.0 0.0 0.0 1.0 0.0 0.0 3.0 0.0
315.0107687188434 0.0 0.0 0.0 1.0 0.0 0.0 3.0 0.0
316.010119047342 0.0 0.0 0.0 1.0 0.0 0.0 3.0 0.0
317.01430567875394 0.0 0.0 0.0 1.0 0.0 0.0 3.0 0.0
318.0030833426003 0.0 0.0 0.0 1.0 0.0 0.0 3.0 0.0
319.0173799412842 0.0 0.0 0.0 1.0 0.0 0.0 3.0 0.0
320.00172909266666 0.0 0.0 0.0 1.0 0.0 0.0 3.0 0.0
321.0017364924916 0.0 0.0 0.0 1.0 0.0 0.0 3.0 0.0
322.04553974724297 0.0 0.0 0.0 1.0 0.0 0.0 3.0 0.0
323.0033888443028 0.0 0.0 0.0 1.0 0.0 0.0 3.0 0.0
324.01102252892395 0.0 0.0 0.0 1.0 0.0 0.0 3.0 0.0
325.0338312993053 0.0 0.0 0.0 1.0 0.0 0.0 3.0 0.0
326.00239405243804 0.0 0.0 0.0 1.0 0.0 0.0 3.0 0.0
327.01560401600995 0.0 0.0 0.0 1.0 0.0 0.0 3.0 0.0
328.0123727940249 0.0 0.0 0.0 1.0 0.0 0.0 3.0 0.0
329.00775964420234 0.0 0.0 0.0 1.0 0.0 0.0 3.0 0.0
330.00519981502015 0.0 0.0 0.0 1.0 0.0 0.0 3.0 0.0
331.01887009806245 0.0 0.0 0.0 1.0 0.0 0.0 3.0 0.0
332.0140496355853 0.0 0.0 0.0 1.0 0.0 0.0 3.0 0.0
333.0172966544951 0.0 0.0 0.0 1.0 0.0 0.0 3.0 0.0
334.00596786856624 0.0 0.0 0.0 1.0 0.0 0.0 3.0 0.0
335.00140355969785 0.0 0.0 0.0 1.0 0.0 0.0 3.0 0.0
336.0050164645715 0.0 0.0 0.0 1.0 0.0 0.0 3.0 0.0
337.0203938949951 0.0 0.0 0.0 1.0 0.0 0.0 3.0 0.0
338.0170110873283 0.0 0.0 0.0 1.0 0.0 0.0 3.0 0.0
339.00347767206586 0.0 0.0 0.0 1.0 0.0 0.0 3.0 0.0
340.01013082857037 0.0 0.0 0.0 1.0 0.0 0.0 3.0 0.0
341.00406683774725 0.0 0.0 0.0 1.0 0.0 0.0 3.0 0.0
342.04553974724297 0.0 0.0 0.0 1.0 0.0 0.0 3.0 0.0
343.0273720561704 0.0 0.0 0.0 1.0 0.0 0.0 3.0 0.0
344.0009516393299 0.0 0.0 0.0 1.0 0.0 0.0 3.0 0.0
345.01298728996517 0.0 0.0 0.0 1.0 0.0 0.0 3.0 0.0
346.0085858990391 0.0 0.0 0.0 1.0 0.0 0.0 3.0 0.0
347.01113693646266 0.0 0.0 0.0 1.0 0.0 0.0 3.0 0.0
348.0119828984879 0.0 0.0 0.0 1.0 0.0 0.0 3.0 0.0
349.0001491391963 0.0 0.0 0.0 1.0 0.0 0.0 3.0 0.0
350.00771763117655 0.0 0.0 0.0 1.0 0.0 0.0 3.0 0.0
351.0023391123298 0.0 0.0 0.0 1.0 0.0 0.0 3.0 0.0
352.00182828224155 0.0 0.0 0.0 1.0 0.0 0.0 3.0 0.0
353.0102242399788 0.0 0.0 0.0 1.0 0.0 0.0 3.0 0.0
354.02379786924564 0.0 0.0 0.0 1.0 0.0 0.0 3.0 0.0
355.00838603887496 0.0 0.0 0.0 1.0 0.0 0.0 3.0 0.0
356.0052879614361 0.0 0.0 0.0 1.0 0.0 0.0 3.0 0.0
357.0075495465438 0.0 0.0 0.0 1.0 0.0 0.0 3.0 0.0
358.01896138023983 0.0 0.0 0.0 1.0 0.0 0.0 3.0 0.0
359.0116531874627 0.0 0.0 0.0 1.0 0.0 0.0 3.0 0.0
360.0196767786358 0.0 0.0 0.0 1.0 0.0 0.0 3.0 0.0
361.00075118532516 0.0 0.0 0.0 1.0 0.0 0.0 3.0 0.0
362.00615765850284 0.0 0.0 0.0 1.0 0.0 0.0 3.0 0.0
363.00689316088955 0.0 0.0 0.0 1.0 0.0 0.0 3.0 0.0
364.0027821093474 0.0 0.0 0.0 1.0 0.0 0.0 3.0 0.0
365.0076823115184 0.0 0.0 0.0 1.0 0.0 0.0 3.0 0.0
366.01693025579294 0.0 0.0 0.0 1.0 0.0 0.0 3.0 0.0
367.00785603223824 0.0 0.0 0.0 1.0 0.0 0.0 3.0 0.0
368.0162853444147 0.0 0.0 0.0 1.0 0.0 0.0 3.0 0.0
369.01448395562437 0.0 0.0 0.0 1.0 0.0 0.0 3.0 0.0
370.01144195857967 0.0 0.0 0.0 1.0 0.0 0.0 3.0 0.0
371.00263482866666 0.0 0.0 0.0 1.0 0.0 0.0 3.0 0.0
372.0310843387123 0.0 0.0 0.0 1.0 0.0 0.0 3.0 0.0
373.00283668211307 0.0 0.0 0.0 1.0 0.0 0.0 3.0 0.0
374.0421489307686 0.0 0.0 0.0 1.0 0.0 0.0 3.0 0.0
375.00008112144377 0.0 0.0 0.0 1.0 0.0 0.0 3.0 0.0
376.0089643723118 0.0 0.0 0.0 1.0 0.0 0.0 3.0 0.0
377.0004369754433 0.0 0.0 0.0 1.0 0.0 0.0 3.0 0.0
378.0006955284771 0.0 0.0 0.0 1.0 0.0 0.0 3.0 0.0
379.0218403844953 0.0 0.0 0.0 1.0 0.0 0.0 3.0 0.0
380.0031106933403 0.0 0.0 0.0 1.0 0.0 0.0 3.0 0.0
381.0000342770371 0.0 0.0 0.0 1.0 0.0 0.0 3.0 0.0
382.0406201418886 0.0 0.0 0.0 1.0 0.0 0.0 3.0 0.0
383.02964479400424 0.0 0.0 0.0 1.0 0.0 0.0 3.0 0.0
384.00674853229424 0.0 0.0 0.0 1.0 0.0 0.0 3.0 0.0
385.0092580734929 0.0 0.0 0.0 1.0 0.0 0.0 3.0 0.0
386.0104252762645 0.0 0.0 0.0 1.0 0.0 0.0 3.0 0.0
387.04553974724297 0.0 0.0 0.0 1.0 0.0 0.0 3.0 0.0
388.0436575675804 0.0 0.0 0.0 1.0 0.0 0.0 3.0 0.0
389.0272564484712 0.0 0.0 0.0 1.0 0.0 0.0 3.0 0.0
390.01893962490254 0.0 0.0 0.0 1.0 0.0 0.0 3.0 0.0
391.0188982315471 0.0 0.0 0.0 1.0 0.0 0.0 3.0 0.0
392.04375678028816 0.0 0.0 0.0 1.0 0.0 0.0 3.0 0.0
393.00535784645547 0.0 0.0 0.0 1.0 0.0 0.0 3.0 0.0
394.00239828653594 0.0 0.0 0.0 1.0 0.0 0.0 3.0 0.0
395.0336838828315 0.0 0.0 0.0 1.0 0.0 0.0 3.0 0.0
396.0149373160454 0.0 0.0 0.0 1.0 0.0 0.0 3.0 0.0
397.01649220953635 0.0 0.0 0.0 1.0 0.0 0.0 3.0 0.0
398.00444016733684 0.0 0.0 0.0 1.0 0.0 0.0 3.0 0.0
399.01847615352756 0.0 0.0 0.0 1.0 0.0 0.0 3.0 0.0
400.04553974724297 0.0 0.0 0.0 1.0 0.0 0.0 3.0 0.0
401.0373852536669 0.0 0.0 0.0 1.0 0.0 0.0 3.0 0.0
402.0372604383702 0.0 0.0 0.0 1.0 0.0 0.0 3.0 0.0
403.0062830032667 0.0 0.0 0.0 1.0 0.0 0.0 3.0 0.0
404.0074912613894 0.0 0.0 0.0 1.0 0.0 0.0 3.0 0.0
405.0105470211444 0.0 0.0 0.0 1.0 0.0 0.0 3.0 0.0
406.0272400285745 0.0 0.0 0.0 1.0 0.0 0.0 3.0 0.0
407.00757439758587 0.0 0.0 0.0 1.0 0.0 0.0 3.0 0.0
408.00149041976476 0.0 0.0 0.0 1.0 0.0 0.0 3.0 0.0
409.0245287513387 0.0 0.0 0.0 1.0 0.0 0.0 3.0 0.0
410.017289786653 0.0 0.0 0.0 1.0 0.0 0.0 3.0 0.0
411.013442900345 0.0 0.0 0.0 1.0 0.0 0.0 3.0 0.0
412.00933723197613 0.0 0.0 0.0 1.0 0.0 0.0 3.0 0.0
413.00064219118855 0.0 0.0 0.0 1.0 0.0 0.0 3.0 0.0
414.0032477707405 0.0 0.0 0.0 1.0 0.0 0.0 3.0 0.0
415.02219083209303 0.0 0.0 0.0 1.0 0.0 0.0 3.0 0.0
416.00869225966994 0.0 0.0 0.0 1.0 0.0 0.0 3.0 0.0
417.0197644098094 0.0 0.0 0.0 1.0 0.0 0.0 3.0 0.0
418.00436498072736 0.0 0.0 0.0 1.0 0.0 0.0 3.0 0.0
419.0071626851937 0.0 0.0 0.0 1.0 0.0 0.0 3.0 0.0
420.00249263050995 0.0 0.0 0.0 1.0 0.0 0.0 3.0 0.0
421.009983204649 0.0 0.0 0.0 1.0 0.0 0.0 3.0 0.0
422.0144746614197 0.0 0.0 0.0 1.0 0.0 0.0 3.0 0.0
423.001490903111 0.0 0.0 0.0 1.0 0.0 0.0 3.0 0.0
424.0045165852057 0.0 0.0 0.0 1.0 0.0 0.0 3.0 0.0
425.00512446463574 0.0 0.0 0.0 1.0 0.0 0.0 3.0 0.0
426.0022084323393 0.0 0.0 0.0 1.0 0.0 0.0 3.0 0.0
427.0040407063193 0.0 0.0 0.0 1.0 0.0 0.0 3.0 0.0
428.0200765629856 0.0 0.0 0.0 1.0 0.0 0.0 3.0 0.0
429.0069682117754 0.0 0.0 0.0 1.0 0.0 0.0 3.0 0.0
430.00591066453956 0.0 0.0 0.0 1.0 0.0 0.0 3.0 0.0
431.0414721471128 0.0 0.0 0.0 1.0 0.0 0.0 3.0 0.0
432.0041111180705 0.0 0.0 0.0 1.0 0.0 0.0 3.0 0.0
433.0199786692476 0.0 0.0 0.0 1.0 0.0 0.0 3.0 0.0
434.0269290461945 0.0 0.0 0.0 1.0 0.0 0.0 3.0 0.0
435.00193680173294 0.0 0.0 0.0 1.0 0.0 0.0 3.0 0.0
436.0032806987246 0.0 0.0 0.0 1.0 0.0 0.0 3.0 0.0
437.0029972040227 0.0 0.0 0.0 1.0 0.0 0.0 3.0 0.0
438.00488108701865 0.0 0.0 0.0 1.0 0.0 0.0 3.0 0.0
439.0134100120577 0.0 0.0 0.0 1.0 0.0 0.0 3.0 0.0
440.01760672729455 0.0 0.0 0.0 1.0 0.0 0.0 3.0 0.0
441.01713320050027 0.0 0.0 0.0 1.0 0.0 0.0 3.0 0.0
442.02738647725204 0.0 0.0 0.0 1.0 0.0 0.0 3.0 0.0
443.01098627193716 0.0 0.0 0.0 1.0 0.0 0.0 3.0 0.0
444.0156613261511 0.0 0.0 0.0 1.0 0.0 0.0 3.0 0.0
445.00300033677604 0.0 0.0 0.0 1.0 0.0 0.0 3.0 0.0
446.00574689681497 0.0 0.0 0.0 1.0 0.0 0.0 3.0 0.0
447.00634982840967 0.0 0.0 0.0 1.0 0.0 0.0 3.0 0.0
448.04553974724297 0.0 0.0 0.0 1.0 0.0 0.0 3.0 0.0
449.01372259016654 0.0 0.0 0.0 1.0 0.0 0.0 3.0 0.0
450.0018682544125 0.0 0.0 0.0 1.0 0.0 0.0 3.0 0.0
451.00379866642606 0.0 0.0 0.0 1.0 0.0 0.0 3.0 0.0
452.01262714397603 0.0 0.0 0.0 1.0 0.0 0.0 3.0 0.0
453.0032503669095 0.0 0.0 0.0 1.0 0.0 0.0 3.0 0.0
454.00447112537745 0.0 0.0 0.0 1.0 0.0 0.0 3.0 0.0
455.01631014313085 0.0 0.0 0.0 1.0 0.0 0.0 3.0 0.0
456.00033601787 0.0 0.0 0.0 1.0 0.0 0.0 3.0 0.0
457.00115963643276 0.0 0.0 0.0 1.0 0.0 0.0 3.0 0.0
458.0073853190595 0.0 0.0 0.0 1.0 0.0 0.0 3.0 0.0
459.04553974724297 0.0 0.0 0.0 1.0 0.0 0.0 3.0 0.0
460.0036204756883 0.0 0.0 0.0 1.0 0.0 0.0 3.0 0.0
461.0010340787424 0.0 0.0 0.0 1.0 0.0 0.0 3.0 0.0
462.0002328533498 0.0 0.0 0.0 1.0 0.0 0.0 3.0 0.0
463.00794446728156 0.0 0.0 0.0 1.0 0.0 0.0 3.0 0.0
464.00186491877497 0.0 0.0 0.0 1.0 0.0 0.0 3.0 0.0
465.00733450043356 0.0 0.0 0.0 1.0 0.0 0.0 3.0 0.0
466.02865126154313 0.0 0.0 0.0 1.0 0.0 0.0 3.0 0.0
467.0082736499426 0.0 0.0 0.0 1.0 0.0 0.0 3.0 0.0
468.0269490288934 0.0 0.0 0.0 1.0 0.0 0.0 3.0 0.0
469.00474787004265 0.0 0.0 0.0 1.0 0.0 0.0 3.0 0.0
470.0204130736385 0.0 0.0 0.0 1.0 0.0 0.0 3.0 0.0
471.0089725195142 0.0 0.0 0.0 1.0 0.0 0.0 3.0 0.0
472.0038750764913 0.0 0.0 0.0 1.0 0.0 0.0 3.0 0.0
473.0065572381256 0.0 0.0 0.0 1.0 0.0 0.0 3.0 0.0
474.00048110495436 0.0 0.0 0.0 1.0 0.0 0.0 3.0 0.0
475.00088471435623 0.0 0.0 0.0 1.0 0.0 0.0 3.0 0.0
476.0131204098308 0.0 0.0 0.0 1.0 0.0 0.0 3.0 0.0
477.0043801186976 0.0 0.0 0.0 1.0 0.0 0.0 3.0 0.0
478.04553974724297 0.0 0.0 0.0 1.0 0.0 0.0 3.0 0.0
479.01299763166185 0.0 0.0 0.0 1.0 0.0 0.0 3.0 0.0
480.00808093537466 0.0 0.0 0.0 1.0 0.0 0.0 3.0 0.0
481.00166465483477 0.0 0.0 0.0 1.0 0.0 0.0 3.0 0.0
482.0023860784774 0.0 0.0 0.0 1.0 0.0 0.0 3.0 0.0
483.0015312371998 0.0 0.0 0.0 1.0 0.0 0.0 3.0 0.0
484.00046639252184 0.0 0.0 0.0 1.0 0.0 0.0 3.0 0.0
485.0131886648807 0.0 0.0 0.0 1.0 0.0 0.0 3.0 0.0
486.01551846942107 0.0 0.0 0.0 1.0 0.0 0.0 3.0 0.0
487.01857801551193 0.0 0.0 0.0 1.0 0.0 0.0 3.0 0.0
488.0105494644786 0.0 0.0 0.0 1.0 0.0 0.0 3.0 0.0
489.0079524340895 0.0 0.0 0.0 1.0 0.0 0.0 3.0 0.0
490.0373484921334 0.0 0.0 0.0 1.0 0.0 0.0 3.0 0.0
491.0025606378973 0.0 0.0 0.0 1.0 0.0 0.0 3.0 0.0
492.0345768107589 0.0 0.0 0.0 1.0 0.0 0.0 3.0 0.0
493.04553974724297 0.0 0.0 0.0 1.0 0.0 0.0 3.0 0.0
494.03128483872683 0.0 0.0 0.0 1.0 0.0 0.0 3.0 0.0
495.01315889500097 0.0 0.0 0.0 1.0 0.0 0.0 3.0 0.0
496.0007822729649 0.0 0.0 0.0 1.0 0.0 0.0 3.0 0.0
497.0172554194674 0.0 0.0 0.0 1.0 0.0 0.0 3.0 0.0
498.00200772285064 0.0 0.0 0.0 1.0 0.0 0.0 3.0 0.0
499.00671227552004 0.0 0.0 0.0 1.0 0.0 0.0 3.0 0.0
500.01461164376644 0.0 0.0 0.0 1.0 0.0 0.0 3.0 0.0
501.0432479591517 0.0 0.0 0.0 1.0 0.0 0.0 3.0 0.0
502.00109630554556 0.0 0.0 0.0 1.0 0.0 0.0 3.0 0.0
503.01779189583203 0.0 0.0 0.0 1.0 0.0 0.0 3.0 0.0
504.00527517400815 0.0 0.0 0.0 1.0 0.0 0.0 3.0 0.0
505.01176421891194 0.0 0.0 0.0 1.0 0.0 0.0 3.0 0.0
506.04553974724297 0.0 0.0 0.0 1.0 0.0 0.0 3.0 0.0
507.00803962763285 0.0 0.0 0.0 1.0 0.0 0.0 3.0 0.0
508.0011470126186 0.0 0.0 0.0 1.0 0.0 0.0 3.0 0.0
509.0018849597499 0.0 0.0 0.0 1.0 0.0 0.0 3.0 0.0
510.04433362953284 0.0 0.0 0.0 1.0 0.0 0.0 3.0 0.0
511.0059444145903 0.0 0.0 0.0 1.0 0.0 0.0 3.0 0.0
512.043119235069 0.0 0.0 0.0 1.0 0.0 0.0 3.0 0.0
513.0353206038999 0.0 0.0 0.0 1.0 0.0 0.0 3.0 0.0
514.0188852236898 0.0 0.0 0.0 1.0 0.0 0.0 3.0 0.0
515.0101591174965 0.0 0.0 0.0 1.0 0.0 0.0 3.0 0.0
516.0066407886662 0.0 0.0 0.0 1.0 0.0 0.0 3.0 0.0
517.006161805753 0.0 0.0 0.0 1.0 0.0 0.0 3.0 0.0
518.0202373501075 0.0 0.0 0.0 1.0 0.0 0.0 3.0 0.0
519.0088618978771 0.0 0.0 0.0 1.0 0.0 0.0 3.0 0.0
520.0109839882617 0.0 0.0 0.0 1.0 0.0 0.0 3.0 0.0
521.0189056064339 0.0 0.0 0.0 1.0 0.0 0.0 3.0 0.0
522.0263958240453 0.0 0.0 0.0 1.0 0.0 0.0 3.0 0.0
523.0073391785068 0.0 0.0 0.0 1.0 0.0 0.0 3.0 0.0
524.0090564357542 0.0 0.0 0.0 1.0 0.0 0.0 3.0 0.0
525.0153032332094 0.0 0.0 0.0 1.0 0.0 0.0 3.0 0.0
526.0257858838042 0.0 0.0 0.0 1.0 0.0 0.0 3.0 0.0
527.0075801156964 0.0 0.0 0.0 1.0 0.0 0.0 3.0 0.0
528.0013764478159 0.0 0.0 0.0 1.0 0.0 0.0 3.0 0.0
529.0011770077498 0.0 0.0 0.0 1.0 0.0 0.0 3.0 0.0
530.003146212053 0.0 0.0 0.0 1.0 0.0 0.0 3.0 0.0
531.0125310228739 0.0 0.0 0.0 1.0 0.0 0.0 3.0 0.0
532.0123532951136 0.0 0.0 0.0 1.0 0.0 0.0 3.0 0.0
533.0111880288435 0.0 0.0 0.0 1.0 0.0 0.0 3.0 0.0
534.0247029867676 0.0 0.0 0.0 1.0 0.0 0.0 3.0 0.0
535.0051358897912 0.0 0.0 0.0 1.0 0.0 0.0 3.0 0.0
536.0053551651777 0.0 0.0 0.0 1.0 0.0 0.0 3.0 0.0
537.0231230768471 0.0 0.0 0.0 1.0 0.0 0.0 3.0 0.0
538.0260545181231 0.0 0.0 0.0 1.0 0.0 0.0 3.0 0.0
539.0157257136124 0.0 0.0 0.0 1.0 0.0 0.0 3.0 0.0
540.0062919385635 0.0 0.0 0.0 1.0 0.0 0.0 3.0 0.0
541.0287796544252 0.0 0.0 0.0 1.0 0.0 0.0 3.0 0.0
542.0072508437255 0.0 0.0 0.0 1.0 0.0 0.0 3.0 0.0
543.043881722765 0.0 0.0 0.0 1.0 0.0 0.0 3.0 0.0
544.045539747243 0.0 0.0 0.0 1.0 0.0 0.0 3.0 0.0
545.0008153191098 0.0 0.0 0.0 1.0 0.0 0.0 3.0 0.0
546.0044179045121 0.0 0.0 0.0 1.0 0.0 0.0 3.0 0.0
547.0365574148112 0.0 0.0 0.0 1.0 0.0 0.0 3.0 0.0
548.0318760682094 0.0 0.0 0.0 1.0 0.0 0.0 3.0 0.0
549.045539747243 0.0 0.0 0.0 1.0 0.0 0.0 3.0 0.0
550.0286948457693 0.0 0.0 0.0 1.0 0.0 0.0 3.0 0.0
551.0011340439515 0.0 0.0 0.0 1.0 0.0 0.0 3.0 0.0
552.0086623779189 0.0 0.0 0.0 1.0 0.0 0.0 3.0 0.0
553.0089655069938 0.0 0.0 0.0 1.0 0.0 0.0 3.0 0.0
554.033941302245 0.0 0.0 0.0 1.0 0.0 0.0 3.0 0.0
555.0007820172999 0.0 0.0 0.0 1.0 0.0 0.0 3.0 0.0
556.0204537898361 0.0 0.0 0.0 1.0 0.0 0.0 3.0 0.0
557.0170991568247 0.0 0.0 0.0 1.0 0.0 0.0 3.0 0.0
558.0148999910745 0.0 0.0 0.0 1.0 0.0 0.0 3.0 0.0
559.0129687333265 0.0 0.0 0.0 1.0 0.0 0.0 3.0 0.0
560.0012818229408 0.0 0.0 0.0 1.0 0.0 0.0 3.0 0.0
561.0021711310213 0.0 0.0 0.0 1.0 0.0 0.0 3.0 0.0
562.0127884721799 0.0 0.0 0.0 1.0 0.0 0.0 3.0 0.0
563.0047837312715 0.0 0.0 0.0 1.0 0.0 0.0 3.0 0.0
564.0150624551852 0.0 0.0 0.0 1.0 0.0 0.0 3.0 0.0
565.0052520685676 0.0 0.0 0.0 1.0 0.0 0.0 3.0 0.0
566.005611159364 0.0 0.0 0.0 1.0 0.0 0.0 3.0 0.0
567.0310243461158 0.0 0.0 0.0 1.0 0.0 0.0 3.0 0.0
568.010690109487 0.0 0.0 0.0 1.0 0.0 0.0 3.0 0.0
569.0066336752488 0.0 0.0 0.0 1.0 0.0 0.0 3.0 0.0
570.0439016330765 0.0 0.0 0.0 1.0 0.0 0.0 3.0 0.0
571.0132057667732 0.0 0.0 0.0 1.0 0.0 0.0 3.0 0.0
572.002329567198 0.0 0.0 0.0 1.0 0.0 0.0 3.0 0.0
573.0002047243277 0.0 0.0 0.0 1.0 0.0 0.0 3.0 0.0
574.0108076185822 0.0 0.0 0.0 1.0 0.0 0.0 3.0 0.0
575.0112146557547 0.0 0.0 0.0 1.0 0.0 0.0 3.0 0.0
576.0152884886901 0.0 0.0 0.0 1.0 0.0 0.0 3.0 0.0
577.0035319977229 0.0 0.0 0.0 1.0 0.0 0.0 3.0 0.0
578.0230937567183 0.0 0.0 0.0 1.0 0.0 0.0 3.0 0.0
579.0059528261335 0.0 0.0 0.0 1.0 0.0 0.0 3.0 0.0
580.0386288565478 0.0 0.0 0.0 1.0 0.0 0.0 3.0 0.0
581.0044624441989 0.0 0.0 0.0 1.0 0.0 0.0 3.0 0.0
582.0049435042564 0.0 0.0 0.0 1.0 0.0 0.0 3.0 0.0
583.0030716177799 0.0 0.0 0.0 1.0 0.0 0.0 3.0 0.0
584.0151616503941 0.0 0.0 0.0 1.0 0.0 0.0 3.0 0.0
585.001721794582 0.0 0.0 0.0 1.0 0.0 0.0 3.0 0.0
586.0035232404688 0.0 0.0 0.0 1.0 0.0 0.0 3.0 0.0
587.0101515802883 0.0 0.0 0.0 1.0 0.0 0.0 3.0 0.0
588.0011155593847 0.0 0.0 0.0 1.0 0.0 0.0 3.0 0.0
589.0248289970802 0.0 0.0 0.0 1.0 0.0 0.0 3.0 0.0
590.0109105599868 0.0 0.0 0.0 1.0 0.0 0.0 3.0 0.0
591.0436509406954 0.0 0.0 0.0 1.0 0.0 0.0 3.0 0.0
592.0217555257866 0.0 0.0 0.0 1.0 0.0 0.0 3.0 0.0
593.0012956767196 0.0 0.0 0.0 1.0 0.0 0.0 3.0 0.0
594.0001464972484 0.0 0.0 0.0 1.0 0.0 0.0 3.0 0.0
595.0056825042532 0.0 0.0 0.0 1.0 0.0 0.0 3.0 0.0
596.0256647347971 0.0 0.0 0.0 1.0 0.0 0.0 3.0 0.0
597.004025911033 0.0 0.0 0.0 1.0 0.0 0.0 3.0 0.0
598.0124396835685 0.0 0.0 0.0 1.0 0.0 0.0 3.0 0.0
599.0115693621116 0.0 0.0 0.0 1.0 0.0 0.0 3.0 0.0
600.0212101874063 0.0 0.0 0.0 1.0 0.0 0.0 3.0 0.0
601.0424620617423 0.0 0.0 0.0 1.0 0.0 0.0 3.0 0.0
602.0006612048772 0.0 0.0 0.0 1.0 0.0 0.0 3.0 0.0
603.045539747243 0.0 0.0 0.0 1.0 0.0 0.0 3.0 0.0
604.0138937186446 0.0 0.0 0.0 1.0 0.0 0.0 3.0 0.0
605.00681589231 0.0 0.0 0.0 1.0 0.0 0.0 3.0 0.0
606.0155084040878 0.0 0.0 0.0 1.0 0.0 0.0 3.0 0.0
607.0281535801781 0.0 0.0 0.0 1.0 0.0 0.0 3.0 0.0
608.003709202238 0.0 0.0 0.0 1.0 0.0 0.0 3.0 0.0
609.002557280351 0.0 0.0 0.0 1.0 0.0 0.0 3.0 0.0
610.0070995179487 0.0 0.0 0.0 1.0 0.0 0.0 3.0 0.0
611.013600329347 0.0 0.0 0.0 1.0 0.0 0.0 3.0 0.0
612.0055349367234 0.0 0.0 0.0 1.0 0.0 0.0 3.0 0.0
613.0127950777375 0.0 0.0 0.0 1.0 0.0 0.0 3.0 0.0
614.0037307865065 0.0 0.0 0.0 1.0 0.0 0.0 3.0 0.0
615.0019040585122 0.0 0.0 0.0 1.0 0.0 0.0 3.0 0.0
616.0084079720214 0.0 0.0 0.0 1.0 0.0 0.0 3.0 0.0
617.0068017931953 0.0 0.0 0.0 1.0 0.0 0.0 3.0 0.0
618.0008110644231 0.0 0.0 0.0 1.0 0.0 0.0 3.0 0.0
619.0089683852842 0.0 0.0 0.0 1.0 0.0 0.0 3.0 0.0
620.0033545342769 0.0 0.0 0.0 1.0 0.0 0.0 3.0 0.0
621.045539747243 0.0 0.0 0.0 1.0 0.0 0.0 3.0 0.0
622.002426011854 0.0 0.0 0.0 1.0 0.0 0.0 3.0 0.0
623.0152929498753 0.0 0.0 0.0 1.0 0.0 0.0 3.0 0.0
624.0078634922367 0.0 0.0 0.0 1.0 0.0 0.0 3.0 0.0
625.0075924422474 0.0 0.0 0.0 1.0 0.0 0.0 3.0 0.0
626.0080215431914 0.0 0.0 0.0 1.0 0.0 0.0 3.0 0.0
627.0133392330565 0.0 0.0 0.0 1.0 0.0 0.0 3.0 0.0
628.003964133149 0.0 0.0 0.0 1.0 0.0 0.0 3.0 0.0
629.0140381360434 0.0 0.0 0.0 1.0 0.0 0.0 3.0 0.0
630.0037188764913 0.0 0.0 0.0 1.0 0.0 0.0 3.0 0.0
631.0009741114966 0.0 0.0 0.0 1.0 0.0 0.0 3.0 0.0
632.0086746748239 0.0 0.0 0.0 1.0 0.0 0.0 3.0 0.0
633.0123359809203 0.0 0.0 0.0 1.0 0.0 0.0 3.0 0.0
634.0016366646234 0.0 0.0 0.0 1.0 0.0 0.0 3.0 0.0
635.0194233534406 0.0 0.0 0.0 1.0 0.0 0.0 3.0 0.0
636.0012928035173 0.0 0.0 0.0 1.0 0.0 0.0 3.0 0.0
637.0050099834637 0.0 0.0 0.0 1.0 0.0 0.0 3.0 0.0
638.0231793179705 0.0 0.0 0.0 1.0 0.0 0.0 3.0 0.0
639.0196866981621 0.0 0.0 0.0 1.0 0.0 0.0 3.0 0.0
640.0069932726155 0.0 0.0 0.0 1.0 0.0 0.0 3.0 0.0
641.0250410617641 0.0 0.0 0.0 1.0 0.0 0.0 3.0 0.0
642.0032272076527 0.0 0.0 0.0 1.0 0.0 0.0 3.0 0.0
643.0099906499389 0.0 0.0 0.0 1.0 0.0 0.0 3.0 0.0
644.0022667598614 0.0 0.0 0.0 1.0 0.0 0.0 3.0 0.0
645.0157183721038 0.0 0.0 0.0 1.0 0.0 0.0 3.0 0.0
646.0019795584857 0.0 0.0 0.0 1.0 0.0 0.0 3.0 0.0
647.0050230426147 0.0 0.0 0.0 1.0 0.0 0.0 3.0 0.0
648.0019758505496 0.0 0.0 0.0 1.0 0.0 0.0 3.0 0.0
649.0010926786756 0.0 0.0 0.0 1.0 0.0 0.0 3.0 0.0
650.0030834699369 0.0 0.0 0.0 1.0 0.0 0.0 3.0 0.0
651.015524372036 0.0 0.0 0.0 1.0 0.0 0.0 3.0 0.0
652.0450698736057 0.0 0.0 0.0 1.0 0.0 0.0 3.0 0.0
653.0010489399358 0.0 0.0 0.0 1.0 0.0 0.0 3.0 0.0
654.0252266655955 0.0 0.0 0.0 1.0 0.0 0.0 3.0 0.0
655.0119404211769 0.0 0.0 0.0 1.0 0.0 0.0 3.0 0.0
656.0008996205726 0.0 0.0 0.0 1.0 0.0 0.0 3.0 0.0
657.045539747243 0.0 0.0 0.0 1.0 0.0 0.0 3.0 0.0
658.0140115743108 0.0 0.0 0.0 1.0 0.0 0.0 3.0 0.0
659.0052575697748 0.0 0.0 0.0 1.0 0.0 0.0 3.0 0.0
660.0013369411784 0.0 0.0 0.0 1.0 0.0 0.0 3.0 0.0
661.0189013766685 0.0 0.0 0.0 1.0 0.0 0.0 3.0 0.0
662.0080444369917 0.0 0.0 0.0 1.0 0.0 0.0 3.0 0.0
663.0008745518435 0.0 0.0 0.0 1.0 0.0 0.0 3.0 0.0
664.0151921128728 0.0 0.0 0.0 1.0 0.0 0.0 3.0 0.0
665.0004607966771 0.0 0.0 0.0 1.0 0.0 0.0 3.0 0.0
666.015074883182 0.0 0.0 0.0 1.0 0.0 0.0 3.0 0.0
667.0068531699558 0.0 0.0 0.0 1.0 0.0 0.0 3.0 0.0
668.0137288443158 0.0 0.0 0.0 1.0 0.0 0.0 3.0 0.0
669.0325392671073 0.0 0.0 0.0 1.0 0.0 0.0 3.0 0.0
670.0024049754396 0.0 0.0 0.0 1.0 0.0 0.0 3.0 0.0
671.0068405414369 0.0 0.0 0.0 1.0 0.0 0.0 3.0 0.0
672.011254979559 0.0 0.0 0.0 1.0 0.0 0.0 3.0 0.0
673.0035822938091 0.0 0.0 0.0 1.0 0.0 0.0 3.0 0.0
674.0048130053157 0.0 0.0 0.0 1.0 0.0 0.0 3.0 0.0
675.0061726295341 0.0 0.0 0.0 1.0 0.0 0.0 3.0 0.0
676.002469242065 0.0 0.0 0.0 1.0 0.0 0.0 3.0 0.0
677.0049191467507 0.0 0.0 0.0 1.0 0.0 0.0 3.0 0.0
678.000833606412 0.0 0.0 0.0 1.0 0.0 0.0 3.0 0.0
679.0097248280832 0.0 0.0 0.0 1.0 0.0 0.0 3.0 0.0
680.0049418200261 0.0 0.0 0.0 1.0 0.0 0.0 3.0 0.0
681.0340807596126 0.0 0.0 0.0 1.0 0.0 0.0 3.0 0.0
682.0000282557419 0.0 0.0 0.0 1.0 0.0 0.0 3.0 0.0
683.0006149332305 0.0 0.0 0.0 1.0 0.0 0.0 3.0 0.0
684.0097486698792 0.0 0.0 0.0 1.0 0.0 0.0 3.0 0.0
685.0011480911243 0.0 0.0 0.0 1.0 0.0 0.0 3.0 0.0
686.0015199118844 0.0 0.0 0.0 1.0 0.0 0.0 3.0 0.0
687.0136406488525 0.0 0.0 0.0 1.0 0.0 0.0 3.0 0.0
688.0203891470123 0.0 0.0 0.0 1.0 0.0 0.0 3.0 0.0
689.0010295339222 0.0 0.0 0.0 1.0 0.0 0.0 3.0 0.0
690.0007580852243 0.0 0.0 0.0 1.0 0.0 0.0 3.0 0.0
691.0345493529716 0.0 0.0 0.0 1.0 0.0 0.0 3.0 0.0
692.0042235901701 0.0 0.0 0.0 1.0 0.0 0.0 3.0 0.0
693.0303319106553 0.0 0.0 0.0 1.0 0.0 0.0 3.0 0.0
694.0039179422785 0.0 0.0 0.0 1.0 0.0 0.0 3.0 0.0
695.0056029976873 0.0 0.0 0.0 1.0 0.0 0.0 3.0 0.0
696.0031381746423 0.0 0.0 0.0 1.0 0.0 0.0 3.0 0.0
697.045539747243 0.0 0.0 0.0 1.0 0.0 0.0 3.0 0.0
698.0217223383972 0.0 0.0 0.0 1.0 0.0 0.0 3.0 0.0
699.0015055874874 0.0 0.0 0.0 1.0 0.0 0.0 3.0 0.0
700.0175224075606 0.0 0.0 0.0 1.0 0.0 0.0 3.0 0.0
701.0032546367477 0.0 0.0 0.0 1.0 0.0 0.0 3.0 0.0
702.0125565710077 0.0 0.0 0.0 1.0 0.0 0.0 3.0 0.0
703.0256775253116 0.0 0.0 0.0 1.0 0.0 0.0 3.0 0.0
704.0107356906447 0.0 0.0 0.0 1.0 0.0 0.0 3.0 0.0
705.000573663565 0.0 0.0 0.0 1.0 0.0 0.0 3.0 0.0
706.011739943193 0.0 0.0 0.0 1.0 0.0 0.0 3.0 0.0
707.0121108634694 0.0 0.0 0.0 1.0 0.0 0.0 3.0 0.0
708.0084782778624 0.0 0.0 0.0 1.0 0.0 0.0 3.0 0.0
709.0251357035597 0.0 0.0 0.0 1.0 0.0 0.0 3.0 0.0
710.045539747243 0.0 0.0 0.0 1.0 0.0 0.0 3.0 0.0
711.0129921107908 0.0 0.0 0.0 1.0 0.0 0.0 3.0 0.0
712.0189673476101 0.0 0.0 0.0 1.0 0.0 0.0 3.0 0.0
713.0041359685063 0.0 0.0 0.0 1.0 0.0 0.0 3.0 0.0
714.0369384803531 0.0 0.0 0.0 1.0 0.0 0.0 3.0 0.0
715.0140538993633 0.0 0.0 0.0 1.0 0.0 0.0 3.0 0.0
716.0203137475465 0.0 0.0 0.0 1.0 0.0 0.0 3.0 0.0
717.0365554899142 0.0 0.0 0.0 1.0 0.0 0.0 3.0 0.0
718.0182882835938 0.0 0.0 0.0 1.0 0.0 0.0 3.0 0.0
719.0338338925576 0.0 0.0 0.0 1.0 0.0 0.0 3.0 0.0
720.0117862277434 0.0 0.0 0.0 1.0 0.0 0.0 3.0 0.0
721.0167254663519 0.0 0.0 0.0 1.0 0.0 0.0 3.0 0.0
722.0084005548207 0.0 0.0 0.0 1.0 0.0 0.0 3.0 0.0
723.001348302666 0.0 0.0 0.0 1.0 0.0 0.0 3.0 0.0
724.0074891982712 0.0 0.0 0.0 1.0 0.0 0.0 3.0 0.0
725.0114429103475 0.0 0.0 0.0 1.0 0.0 0.0 3.0 0.0
726.0203192785455 0.0 0.0 0.0 1.0 0.0 0.0 3.0 0.0
727.0027048410285 0.0 0.0 0.0 1.0 0.0 0.0 3.0 0.0
728.0038310528233 0.0 0.0 0.0 1.0 0.0 0.0 3.0 0.0
729.0158403998965 0.0 0.0 0.0 1.0 0.0 0.0 3.0 0.0
730.00567898348 0.0 0.0 0.0 1.0 0.0 0.0 3.0 0.0
731.0275479910547 0.0 0.0 0.0 1.0 0.0 0.0 3.0 0.0
732.0073691512349 0.0 0.0 0.0 1.0 0.0 0.0 3.0 0.0
733.0011629084305 0.0 0.0 0.0 1.0 0.0 0.0 3.0 0.0
734.0134007337376 0.0 0.0 0.0 1.0 0.0 0.0 3.0 0.0
735.0050260391941 0.0 0.0 0.0 1.0 0.0 0.0 3.0 0.0
736.0059154244409 0.0 0.0 0.0 1.0 0.0 0.0 3.0 0.0
737.0146450843188 0.0 0.0 0.0 1.0 0.0 0.0 3.0 0.0
738.0451251532983 0.0 0.0 0.0 1.0 0.0 0.0 3.0 0.0
739.0070265541092 0.0 0.0 0.0 1.0 0.0 0.0 3.0 0.0
740.0093331535085 0.0 0.0 0.0 1.0 0.0 0.0 3.0 0.0
741.0154963508832 0.0 0.0 0.0 1.0 0.0 0.0 3.0 0.0
742.0045317308325 0.0 0.0 0.0 1.0 0.0 0.0 3.0 0.0
743.0103329196534 0.0 0.0 0.0 1.0 0.0 0.0 3.0 0.0
744.0035094476752 0.0 0.0 0.0 1.0 0.0 0.0 3.0 0.0
745.045539747243 0.0 0.0 0.0 1.0 0.0 0.0 3.0 0.0
746.0249116163459 0.0 0.0 0.0 1.0 0.0 0.0 3.0 0.0
747.0116520261215 0.0 0.0 0.0 1.0 0.0 0.0 3.0 0.0
748.0094058000523 0.0 0.0 0.0 1.0 0.0 0.0 3.0 0.0
749.0053849828762 0.0 0.0 0.0 1.0 0.0 0.0 3.0 0.0
750.020155641999 0.0 0.0 0.0 1.0 0.0 0.0 3.0 0.0
751.045539747243 0.0 0.0 0.0 1.0 0.0 0.0 3.0 0.0
752.0038496644543 0.0 0.0 0.0 1.0 0.0 0.0 3.0 0.0
753.045539747243 0.0 0.0 0.0 1.0 0.0 0.0 3.0 0.0
754.019859123243 0.0 0.0 0.0 1.0 0.0 0.0 3.0 0.0
755.0058569449826 0.0 0.0 0.0 1.0 0.0 0.0 3.0 0.0
756.0058368635604 0.0 0.0 0.0 1.0 0.0 0.0 3.0 0.0
757.0052756689205 0.0 0.0 0.0 1.0 0.0 0.0 3.0 0.0
758.045539747243 0.0 0.0 0.0 1.0 0.0 0.0 3.0 0.0
759.009451111854 0.0 0.0 0.0 1.0 0.0 0.0 3.0 0.0
760.0409098509447 0.0 0.0 0.0 1.0 0.0 0.0 3.0 0.0
761.0283692538989 0.0 0.0 0.0 1.0 0.0 0.0 3.0 0.0
762.0068233957835 0.0 0.0 0.0 1.0 0.0 0.0 3.0 0.0
763.0009633581128 0.0 0.0 0.0 1.0 0.0 0.0 3.0 0.0
764.0133572015593 0.0 0.0 0.0 1.0 0.0 0.0 3.0 0.0
765.045539747243 0.0 0.0 0.0 1.0 0.0 0.0 3.0 0.0
766.0012994616229 0.0 0.0 0.0 1.0 0.0 0.0 3.0 0.0
767.0222953258514 0.0 0.0 0.0 1.0 0.0 0.0 3.0 0.0
768.0258052339013 0.0 0.0 0.0 1.0 0.0 0.0 3.0 0.0
769.0129142012963 0.0 0.0 0.0 1.0 0.0 0.0 3.0 0.0
770.008347303396 0.0 0.0 0.0 1.0 0.0 0.0 3.0 0.0
771.0156486745763 0.0 0.0 0.0 1.0 0.0 0.0 3.0 0.0
772.0220163301042 0.0 0.0 0.0 1.0 0.0 0.0 3.0 0.0
773.0269514845239 0.0 0.0 0.0 1.0 0.0 0.0 3.0 0.0
774.0221038428901 0.0 0.0 0.0 1.0 0.0 0.0 3.0 0.0
775.0114398689603 0.0 0.0 0.0 1.0 0.0 0.0 3.0 0.0
776.0270880467373 0.0 0.0 0.0 1.0 0.0 0.0 3.0 0.0
777.0071261162791 0.0 0.0 0.0 1.0 0.0 0.0 3.0 0.0
778.0058976567828 0.0 0.0 0.0 1.0 0.0 0.0 3.0 0.0
779.0054251750943 0.0 0.0 0.0 1.0 0.0 0.0 3.0 0.0
780.0084731605081 0.0 0.0 0.0 1.0 0.0 0.0 3.0 0.0
781.0008474377695 0.0 0.0 0.0 1.0 0.0 0.0 3.0 0.0
782.0036392899004 0.0 0.0 0.0 1.0 0.0 0.0 3.0 0.0
783.0142757769108 0.0 0.0 0.0 1.0 0.0 0.0 3.0 0.0
784.0201062740618 0.0 0.0 0.0 1.0 0.0 0.0 3.0 0.0
785.0102679893713 0.0 0.0 0.0 1.0 0.0 0.0 3.0 0.0
786.0392017612206 0.0 0.0 0.0 1.0 0.0 0.0 3.0 0.0
787.0003628774355 0.0 0.0 0.0 1.0 0.0 0.0 3.0 0.0
788.045539747243 0.0 0.0 0.0 1.0 0.0 0.0 3.0 0.0
789.0092125462655 0.0 0.0 0.0 1.0 0.0 0.0 3.0 0.0
790.0033682986676 0.0 0.0 0.0 1.0 0.0 0.0 3.0 0.0
791.0093656068846 0.0 0.0 0.0 1.0 0.0 0.0 3.0 0.0
792.0005459201702 0.0 0.0 0.0 1.0 0.0 0.0 3.0 0.0
793.0024626615104 0.0 0.0 0.0 1.0 0.0 0.0 3.0 0.0
794.0317083189618 0.0 0.0 0.0 1.0 0.0 0.0 3.0 0.0
795.0000317165117 0.0 0.0 0.0 1.0 0.0 0.0 3.0 0.0
796.0049504054414 0.0 0.0 0.0 1.0 0.0 0.0 3.0 0.0
797.0063383802499 0.0 0.0 0.0 1.0 0.0 0.0 3.0 0.0
798.002281406104 0.0 0.0 0.0 1.0 0.0 0.0 3.0 0.0
799.0176548915792 0.0 0.0 0.0 1.0 0.0 0.0 3.0 0.0
800.0186296945211 0.0 0.0 0.0 1.0 0.0 0.0 3.0 0.0
801.00951508861 0.0 0.0 0.0 1.0 0.0 0.0 3.0 0.0
802.0112818492513 0.0 0.0 0.0 1.0 0.0 0.0 3.0 0.0
803.0008410501976 0.0 0.0 0.0 1.0 0.0 0.0 3.0 0.0
804.0115712708973 0.0 0.0 0.0 1.0 0.0 0.0 3.0 0.0
805.0256596329662 0.0 0.0 0.0 1.0 0.0 0.0 3.0 0.0
806.0008066177365 0.0 0.0 0.0 1.0 0.0 0.0 3.0 0.0
807.0170309135614 0.0 0.0 0.0 1.0 0.0 0.0 3.0 0.0
808.0092846921873 0.0 0.0 0.0 1.0 0.0 0.0 3.0 0.0
809.0161109552442 0.0 0.0 0.0 1.0 0.0 0.0 3.0 0.0
810.0325009502175 0.0 0.0 0.0 1.0 0.0 0.0 3.0 0.0
811.0021469097528 0.0 0.0 0.0 1.0 0.0 0.0 3.0 0.0
812.0334236104721 0.0 0.0 0.0 1.0 0.0 0.0 3.0 0.0
813.0327876774985 0.0 0.0 0.0 1.0 0.0 0.0 3.0 0.0
814.0047903151634 0.0 0.0 0.0 1.0 0.0 0.0 3.0 0.0
815.0063026475804 0.0 0.0 0.0 1.0 0.0 0.0 3.0 0.0
816.0236801712882 0.0 0.0 0.0 1.0 0.0 0.0 3.0 0.0
817.0262448562784 0.0 0.0 0.0 1.0 0.0 0.0 3.0 0.0
818.0063647142032 0.0 0.0 0.0 1.0 0.0 0.0 3.0 0.0
819.0039662389013 0.0 0.0 0.0 1.0 0.0 0.0 3.0 0.0
820.0084798479827 0.0 0.0 0.0 1.0 0.0 0.0 3.0 0.0
821.0245883055194 0.0 0.0 0.0 1.0 0.0 0.0 3.0 0.0
822.0054232988567 0.0 0.0 0.0 1.0 0.0 0.0 3.0 0.0
823.0148340620399 0.0 0.0 0.0 1.0 0.0 0.0 3.0 0.0
824.0027676987087 0.0 0.0 0.0 1.0 0.0 0.0 3.0 0.0
825.0302441381674 0.0 0.0 0.0 1.0 0.0 0.0 3.0 0.0
826.0309816203595 0.0 0.0 0.0 1.0 0.0 0.0 3.0 0.0
827.0053915879907 0.0 0.0 0.0 1.0 0.0 0.0 3.0 0.0
828.0154782584458 0.0 0.0 0.0 1.0 0.0 0.0 3.0 0.0
829.045539747243 0.0 0.0 0.0 1.0 0.0 0.0 3.0 0.0
830.0005094263678 0.0 0.0 0.0 1.0 0.0 0.0 3.0 0.0
831.0149660588705 0.0 0.0 0.0 1.0 0.0 0.0 3.0 0.0
832.0095165595135 0.0 0.0 0.0 1.0 0.0 0.0 3.0 0.0
833.0129237152 0.0 0.0 0.0 1.0 0.0 0.0 3.0 0.0
834.0027712258334 0.0 0.0 0.0 1.0 0.0 0.0 3.0 0.0
835.0040089760627 0.0 0.0 0.0 1.0 0.0 0.0 3.0 0.0
836.0104568693159 0.0 0.0 0.0 1.0 0.0 0.0 3.0 0.0
837.0155250487471 0.0 0.0 0.0 1.0 0.0 0.0 3.0 0.0
838.0121412831777 0.0 0.0 0.0 1.0 0.0 0.0 3.0 0.0
839.0108449211042 0.0 0.0 0.0 1.0 0.0 0.0 3.0 0.0
840.045539747243 0.0 0.0 0.0 1.0 0.0 0.0 3.0 0.0
841.0058307628583 0.0 0.0 0.0 1.0 0.0 0.0 3.0 0.0
842.0321244880726 0.0 0.0 0.0 1.0 0.0 0.0 3.0 0.0
843.0189138760185 0.0 0.0 0.0 1.0 0.0 0.0 3.0 0.0
844.0324799205456 0.0 0.0 0.0 1.0 0.0 0.0 3.0 0.0
845.0194695280752 0.0 0.0 0.0 1.0 0.0 0.0 3.0 0.0
846.0062653391872 0.0 0.0 0.0 1.0 0.0 0.0 3.0 0.0
847.0286828707913 0.0 0.0 0.0 1.0 0.0 0.0 3.0 0.0
848.0184698959573 0.0 0.0 0.0 1.0 0.0 0.0 3.0 0.0
849.0408412200607 0.0 0.0 0.0 1.0 0.0 0.0 3.0 0.0
850.0055007641424 0.0 0.0 0.0 1.0 0.0 0.0 3.0 0.0
851.0394849737952 0.0 0.0 0.0 1.0 0.0 0.0 3.0 0.0
852.00365097595 0.0 0.0 0.0 1.0 0.0 0.0 3.0 0.0
853.0120562633595 0.0 0.0 0.0 1.0 0.0 0.0 3.0 0.0
854.0183456917108 0.0 0.0 0.0 1.0 0.0 0.0 3.0 0.0
855.0138569234476 0.0 0.0 0.0 1.0 0.0 0.0 3.0 0.0
856.0022574213305 0.0 0.0 0.0 1.0 0.0 0.0 3.0 0.0
857.0054669453867 0.0 0.0 0.0 1.0 0.0 0.0 3.0 0.0
858.045539747243 0.0 0.0 0.0 1.0 0.0 0.0 3.0 0.0
859.0120559927936 0.0 0.0 0.0 1.0 0.0 0.0 3.0 0.0
860.0134990393948 0.0 0.0 0.0 1.0 0.0 0.0 3.0 0.0
861.0033988066875 0.0 0.0 0.0 1.0 0.0 0.0 3.0 0.0
862.0299442271644 0.0 0.0 0.0 1.0 0.0 0.0 3.0 0.0
863.0002321730043 0.0 0.0 0.0 1.0 0.0 0.0 3.0 0.0
864.045539747243 0.0 0.0 0.0 1.0 0.0 0.0 3.0 0.0
865.018268945055 0.0 0.0 0.0 1.0 0.0 0.0 3.0 0.0
866.0026770943102 0.0 0.0 0.0 1.0 0.0 0.0 3.0 0.0
867.0055828004806 0.0 0.0 0.0 1.0 0.0 0.0 3.0 0.0
868.0041438666615 0.0 0.0 0.0 1.0 0.0 0.0 3.0 0.0
869.0125301712034 0.0 0.0 0.0 1.0 0.0 0.0 3.0 0.0
870.0136432757882 0.0 0.0 0.0 1.0 0.0 0.0 3.0 0.0
871.0135711941198 0.0 0.0 0.0 1.0 0.0 0.0 3.0 0.0
872.0262142437728 0.0 0.0 0.0 1.0 0.0 0.0 3.0 0.0
873.0061087189771 0.0 0.0 0.0 1.0 0.0 0.0 3.0 0.0
874.0145202926291 0.0 0.0 0.0 1.0 0.0 0.0 3.0 0.0
875.0137321476618 0.0 0.0 0.0 1.0 0.0 0.0 3.0 0.0
876.0081224484501 0.0 0.0 0.0 1.0 0.0 0.0 3.0 0.0
877.004198363175 0.0 0.0 0.0 1.0 0.0 0.0 3.0 0.0
878.0035478883407 0.0 0.0 0.0 1.0 0.0 0.0 3.0 0.0
879.0039094790812 0.0 0.0 0.0 1.0 0.0 0.0 3.0 0.0
880.0199195491479 0.0 0.0 0.0 1.0 0.0 0.0 3.0 0.0
881.0230930183643 0.0 0.0 0.0 1.0 0.0 0.0 3.0 0.0
882.0063380523867 0.0 0.0 0.0 1.0 0.0 0.0 3.0 0.0
883.0005816820368 0.0 0.0 0.0 1.0 0.0 0.0 3.0 0.0
884.0091210254127 0.0 0.0 0.0 1.0 0.0 0.0 3.0 0.0
885.0160735318939 0.0 0.0 0.0 1.0 0.0 0.0 3.0 0.0
886.0114772107211 0.0 0.0 0.0 1.0 0.0 0.0 3.0 0.0
887.0129704746696 0.0 0.0 0.0 1.0 0.0 0.0 3.0 0.0
888.0094333341061 0.0 0.0 0.0 1.0 0.0 0.0 3.0 0.0
889.0132358140212 0.0 0.0 0.0 1.0 0.0 0.0 3.0 0.0
890.0087653817839 0.0 0.0 0.0 1.0 0.0 0.0 3.0 0.0
891.0172366653502 0.0 0.0 0.0 1.0 0.0 0.0 3.0 0.0
892.0308659786868 0.0 0.0 0.0 1.0 0.0 0.0 3.0 0.0
893.0200811646365 0.0 0.0 0.0 1.0 0.0 0.0 3.0 0.0
894.0086737178704 0.0 0.0 0.0 1.0 0.0 0.0 3.0 0.0
895.0384340552579 0.0 0.0 0.0 1.0 0.0 0.0 3.0 0.0
896.0091223117076 0.0 0.0 0.0 1.0 0.0 0.0 3.0 0.0
897.0186837850684 0.0 0.0 0.0 1.0 0.0 0.0 3.0 0.0
898.0047671407542 0.0 0.0 0.0 1.0 0.0 0.0 3.0 0.0
899.0425296483088 0.0 0.0 0.0 1.0 0.0 0.0 3.0 0.0
900.0023466118445 0.0 0.0 0.0 1.0 0.0 0.0 3.0 0.0
901.0134294138068 0.0 0.0 0.0 1.0 0.0 0.0 3.0 0.0
902.0445167067924 0.0 0.0 0.0 1.0 0.0 0.0 3.0 0.0
903.0116353875457 0.0 0.0 0.0 1.0 0.0 0.0 3.0 0.0
904.0304142528291 0.0 0.0 0.0 1.0 0.0 0.0 3.0 0.0
905.0069382997935 0.0 0.0 0.0 1.0 0.0 0.0 3.0 0.0
906.0050160666144 0.0 0.0 0.0 1.0 0.0 0.0 3.0 0.0
907.0072519729875 0.0 0.0 0.0 1.0 0.0 0.0 3.0 0.0
908.0056176816381 0.0 0.0 0.0 1.0 0.0 0.0 3.0 0.0
909.0070680148913 0.0 0.0 0.0 1.0 0.0 0.0 3.0 0.0
910.0226444776507 0.0 0.0 0.0 1.0 0.0 0.0 3.0 0.0
911.0348350742449 0.0 0.0 0.0 1.0 0.0 0.0 3.0 0.0
912.0056576429341 0.0 0.0 0.0 1.0 0.0 0.0 3.0 0.0
913.0037707617639 0.0 0.0 0.0 1.0 0.0 0.0 3.0 0.0
914.0005302968199 0.0 0.0 0.0 1.0 0.0 0.0 3.0 0.0
915.0046682692544 0.0 0.0 0.0 1.0 0.0 0.0 3.0 0.0
916.0173683574021 0.0 0.0 0.0 1.0 0.0 0.0 3.0 0.0
917.0101465801671 0.0 0.0 0.0 1.0 0.0 0.0 3.0 0.0
918.0002565798588 0.0 0.0 0.0 1.0 0.0 0.0 3.0 0.0
919.0011248564442 0.0 0.0 0.0 1.0 0.0 0.0 3.0 0.0
920.0260767157075 0.0 0.0 0.0 1.0 0.0 0.0 3.0 0.0
921.0227333294769 0.0 0.0 0.0 1.0 0.0 0.0 3.0 0.0
922.0098090758098 0.0 0.0 0.0 1.0 0.0 0.0 3.0 0.0
923.0040983603395 0.0 0.0 0.0 1.0 0.0 0.0 3.0 0.0
924.0031652219848 0.0 0.0 0.0 1.0 0.0 0.0 3.0 0.0
925.004504207777 0.0 0.0 0.0 1.0 0.0 0.0 3.0 0.0
926.0015328741722 0.0 0.0 0.0 1.0 0.0 0.0 3.0 0.0
927.0025500391552 0.0 0.0 0.0 1.0 0.0 0.0 3.0 0.0
928.0196266859145 0.0 0.0 0.0 1.0 0.0 0.0 3.0 0.0
929.0108055811553 0.0 0.0 0.0 1.0 0.0 0.0 3.0 0.0
930.0048975038125 0.0 0.0 0.0 1.0 0.0 0.0 3.0 0.0
931.0013602510205 0.0 0.0 0.0 1.0 0.0 0.0 3.0 0.0
932.0047959964633 0.0 0.0 0.0 1.0 0.0 0.0 3.0 0.0
933.0052242870806 0.0 0.0 0.0 1.0 0.0 0.0 3.0 0.0
934.0044929455702 0.0 0.0 0.0 1.0 0.0 0.0 3.0 0.0
935.0020000117087 0.0 0.0 0.0 1.0 0.0 0.0 3.0 0.0
936.0152405500658 0.0 0.0 0.0 1.0 0.0 0.0 3.0 0.0
937.0169812758472 0.0 0.0 0.0 1.0 0.0 0.0 3.0 0.0
938.0293539535802 0.0 0.0 0.0 1.0 0.0 0.0 3.0 0.0
939.000224920676 0.0 0.0 0.0 1.0 0.0 0.0 3.0 0.0
940.0136543076228 0.0 0.0 0.0 1.0 0.0 0.0 3.0 0.0
941.0034520614113 0.0 0.0 0.0 1.0 0.0 0.0 3.0 0.0
942.045539747243 0.0 0.0 0.0 1.0 0.0 0.0 3.0 0.0
943.014767850685 0.0 0.0 0.0 1.0 0.0 0.0 3.0 0.0
944.0242828835641 0.0 0.0 0.0 1.0 0.0 0.0 3.0 0.0
945.0064054021335 0.0 0.0 0.0 1.0 0.0 0.0 3.0 0.0
946.045539747243 0.0 0.0 0.0 1.0 0.0 0.0 3.0 0.0
947.0078802219742 0.0 0.0 0.0 1.0 0.0 0.0 3.0 0.0
948.0295527007164 0.0 0.0 0.0 1.0 0.0 0.0 3.0 0.0
949.0299297652875 0.0 0.0 0.0 1.0 0.0 0.0 3.0 0.0
950.034509946514 0.0 0.0 0.0 1.0 0.0 0.0 3.0 0.0
951.0012016925863 0.0 0.0 0.0 1.0 0.0 0.0 3.0 0.0
952.0038636837817 0.0 0.0 0.0 1.0 0.0 0.0 3.0 0.0
953.0108485776674 0.0 0.0 0.0 1.0 0.0 0.0 3.0 0.0
954.0040588335439 0.0 0.0 0.0 1.0 0.0 0.0 3.0 0.0
955.0081011552127 0.0 0.0 0.0 1.0 0.0 0.0 3.0 0.0
956.0075753826974 0.0 0.0 0.0 1.0 0.0 0.0 3.0 0.0
957.0431632892254 0.0 0.0 0.0 1.0 0.0 0.0 3.0 0.0
958.0070425992758 0.0 0.0 0.0 1.0 0.0 0.0 3.0 0.0
959.0044567425265 0.0 0.0 0.0 1.0 0.0 0.0 3.0 0.0
960.0006941036967 0.0 0.0 0.0 1.0 0.0 0.0 3.0 0.0
961.0258986610766 0.0 0.0 0.0 1.0 0.0 0.0 3.0 0.0
962.0311459493774 0.0 0.0 0.0 1.0 0.0 0.0 3.0 0.0
963.0035415001794 0.0 0.0 0.0 1.0 0.0 0.0 3.0 0.0
964.001550313798 0.0 0.0 0.0 1.0 0.0 0.0 3.0 0.0
965.0142196195467 0.0 0.0 0.0 1.0 0.0 0.0 3.0 0.0
966.0081354553616 0.0 0.0 0.0 1.0 0.0 0.0 3.0 0.0
967.0084547827986 0.0 0.0 0.0 1.0 0.0 0.0 3.0 0.0
968.0120603650017 0.0 0.0 0.0 1.0 0.0 0.0 3.0 0.0
969.0127348911471 0.0 0.0 0.0 1.0 0.0 0.0 3.0 0.0
970.0440874591028 0.0 0.0 0.0 1.0 0.0 0.0 3.0 0.0
971.0094530941182 0.0 0.0 0.0 1.0 0.0 0.0 3.0 0.0
972.0062019755927 0.0 0.0 0.0 1.0 0.0 0.0 3.0 0.0
973.0032267004661 0.0 0.0 0.0 1.0 0.0 0.0 3.0 0.0
974.0285155279455 0.0 0.0 0.0 1.0 0.0 0.0 3.0 0.0
975.0042412911776 0.0 0.0 0.0 1.0 0.0 0.0 3.0 0.0
976.0041144577616 0.0 0.0 0.0 1.0 0.0 0.0 3.0 0.0
977.0073038951085 0.0 0.0 0.0 1.0 0.0 0.0 3.0 0.0
978.0119288187053 0.0 0.0 0.0 1.0 0.0 0.0 3.0 0.0
979.0025844793216 0.0 0.0 0.0 1.0 0.0 0.0 3.0 0.0
980.0248333643127 0.0 0.0 0.0 1.0 0.0 0.0 3.0 0.0
981.0005234010164 0.0 0.0 0.0 1.0 0.0 0.0 3.0 0.0
982.0081778252405 0.0 0.0 0.0 1.0 0.0 0.0 3.0 0.0
983.0035218882849 0.0 0.0 0.0 1.0 0.0 0.0 3.0 0.0
984.0121705196449 0.0 0.0 0.0 1.0 0.0 0.0 3.0 0.0
985.0138803345171 0.0 0.0 0.0 1.0 0.0 0.0 3.0 0.0
986.0235087823014 0.0 0.0 0.0 1.0 0.0 0.0 3.0 0.0
987.0000909135653 0.0 0.0 0.0 1.0 0.0 0.0 3.0 0.0
988.0027148044377 0.0 0.0 0.0 1.0 0.0 0.0 3.0 0.0
989.0124157693552 0.0 0.0 0.0 1.0 0.0 0.0 3.0 0.0
990.0379329443517 0.0 0.0 0.0 1.0 0.0 0.0 3.0 0.0
991.0079668532868 0.0 0.0 0.0 1.0 0.0 0.0 3.0 0.0
992.0253823989987 0.0 0.0 0.0 1.0 0.0 0.0 3.0 0.0
993.0101149256359 0.0 0.0 0.0 1.0 0.0 0.0 3.0 0.0
994.0119860207028 0.0 0.0 0.0 1.0 0.0 0.0 3.0 0.0
995.0117803968225 0.0 0.0 0.0 1.0 0.0 0.0 3.0 0.0
996.045539747243 0.0 0.0 0.0 1.0 0.0 0.0 3.0 0.0
997.0001875883319 0.0 0.0 0.0 1.0 0.0 0.0 3.0 0.0
998.0123903657482 0.0 0.0 0.0 1.0 0.0 0.0 3.0 0.0
999.00336493037 0.0 0.0 0.0 1.0 0.0 0.0 3.0 0.0
1000.0074717046198 0.0 0.0 0.0 1.0 0.0 0.0 3.0 0.0
1001.0087691151108 0.0 0.0 0.0 1.0 0.0 0.0 3.0 0.0
1002.00383734346 0.0 0.0 0.0 1.0 0.0 0.0 3.0 0.0
1003.045539747243 0.0 0.0 0.0 1.0 0.0 0.0 3.0 0.0
1004.0131441528373 0.0 0.0 0.0 1.0 0.0 0.0 3.0 0.0
1005.0064712822136 0.0 0.0 0.0 1.0 0.0 0.0 3.0 0.0
1006.0174199776816 0.0 0.0 0.0 1.0 0.0 0.0 3.0 0.0
1007.0142108231704 0.0 0.0 0.0 1.0 0.0 0.0 3.0 0.0
1008.045539747243 0.0 0.0 0.0 1.0 0.0 0.0 3.0 0.0
1009.0166288168352 0.0 0.0 0.0 1.0 0.0 0.0 3.0 0.0
1010.0025671141932 0.0 0.0 0.0 1.0 0.0 0.0 3.0 0.0
1011.0114962439482 0.0 0.0 0.0 1.0 0.0 0.0 3.0 0.0
1012.0048072723944 0.0 0.0 0.0 1.0 0.0 0.0 3.0 0.0
1013.0075969158894 0.0 0.0 0.0 1.0 0.0 0.0 3.0 0.0
1014.0125662187573 0.0 0.0 0.0 1.0 0.0 0.0 3.0 0.0
1015.021933322134 0.0 0.0 0.0 1.0 0.0 0.0 3.0 0.0
1016.0311589079331 0.0 0.0 0.0 1.0 0.0 0.0 3.0 0.0
1017.0033201685052 0.0 0.0 0.0 1.0 0.0 0.0 3.0 0.0
1018.0192984841351 0.0 0.0 0.0 1.0 0.0 0.0 3.0 0.0
1019.012645893378 0.0 0.0 0.0 1.0 0.0 0.0 3.0 0.0
1020.0402689108423 0.0 0.0 0.0 1.0 0.0 0.0 3.0 0.0
1021.0273155404159 0.0 0.0 0.0 1.0 0.0 0.0 3.0 0.0
1022.0085148638843 0.0 0.0 0.0 1.0 0.0 0.0 3.0 0.0
1023.0035106751449 0.0 0.0 0.0 1.0 0.0 0.0 3.0 0.0
1024.005168661395 0.0 0.0 0.0 1.0 0.0 0.0 3.0 0.0
1025.0093771015593 0.0 0.0 0.0 1.0 0.0 0.0 3.0 0.0
1026.0149159439343 0.0 0.0 0.0 1.0 0.0 0.0 3.0 0.0
1027.0094058518882 0.0 0.0 0.0 1.0 0.0 0.0 3.0 0.0
1028.0272502636708 0.0 0.0 0.0 1.0 0.0 0.0 3.0 0.0
1029.0206207352373 0.0 0.0 0.0 1.0 0.0 0.0 3.0 0.0
1030.023444847024 0.0 0.0 0.0 1.0 0.0 0.0 3.0 0.0
1031.0008576928872 0.0 0.0 0.0 1.0 0.0 0.0 3.0 0.0
1032.0361383196287 0.0 0.0 0.0 1.0 0.0 0.0 3.0 0.0
1033.005601211649 0.0 0.0 0.0 1.0 0.0 0.0 3.0 0.0
1034.01569922966 0.0 0.0 0.0 1.0 0.0 0.0 3.0 0.0
1035.0455397472429 0.0 0.0 0.0 1.0 0.0 0.0 3.0 0.0
1036.0100757119346 0.0 0.0 0.0 1.0 0.0 0.0 3.0 0.0
1037.020144522846 0.0 0.0 0.0 1.0 0.0 0.0 3.0 0.0
1038.000279203716 0.0 0.0 0.0 1.0 0.0 0.0 3.0 0.0
1039.0424047841298 0.0 0.0 0.0 1.0 0.0 0.0 3.0 0.0
1040.002045831713 0.0 0.0 0.0 1.0 0.0 0.0 3.0 0.0
1041.0231146577773 0.0 0.0 0.0 1.0 0.0 0.0 3.0 0.0
1042.010130914471 0.0 0.0 0.0 1.0 0.0 0.0 3.0 0.0
1043.0078292581163 0.0 0.0 0.0 1.0 0.0 0.0 3.0 0.0
1044.0312479961638 0.0 0.0 0.0 1.0 0.0 0.0 3.0 0.0
1045.001995508504 0.0 0.0 0.0 1.0 0.0 0.0 3.0 0.0
1046.0039153596185 0.0 0.0 0.0 1.0 0.0 0.0 3.0 0.0
1047.0110834974862 0.0 0.0 0.0 1.0 0.0 0.0 3.0 0.0
1048.0180201001647 0.0 0.0 0.0 1.0 0.0 0.0 3.0 0.0
1049.0455397472429 0.0 0.0 0.0 1.0 0.0 0.0 3.0 0.0
1050.0190810816932 0.0 0.0 0.0 1.0 0.0 0.0 3.0 0.0
1051.0060500688417 0.0 0.0 0.0 1.0 0.0 0.0 3.0 0.0
1052.0455397472429 0.0 0.0 0.0 1.0 0.0 0.0 3.0 0.0
1053.0057021840757 0.0 0.0 0.0 1.0 0.0 0.0 3.0 0.0
1054.0012961096977 0.0 0.0 0.0 1.0 0.0 0.0 3.0 0.0
1055.0102482838013 0.0 0.0 0.0 1.0 0.0 0.0 3.0 0.0
1056.037790389623 0.0 0.0 0.0 1.0 0.0 0.0 3.0 0.0
1057.0040706357333 0.0 0.0 0.0 1.0 0.0 0.0 3.0 0.0
1058.014508244464 0.0 0.0 0.0 1.0 0.0 0.0 3.0 0.0
1059.0016240979521 0.0 0.0 0.0 1.0 0.0 0.0 3.0 0.0
1060.0049694276286 0.0 0.0 0.0 1.0 0.0 0.0 3.0 0.0
1061.001396497619 0.0 0.0 0.0 1.0 0.0 0.0 3.0 0.0
1062.014950315153 0.0 0.0 0.0 1.0 0.0 0.0 3.0 0.0
1063.0127832225 0.0 0.0 0.0 1.0 0.0 0.0 3.0 0.0
1064.0428222014223 0.0 0.0 0.0 1.0 0.0 0.0 3.0 0.0
1065.027552990718 0.0 0.0 0.0 1.0 0.0 0.0 3.0 0.0
1066.004221968876 0.0 0.0 0.0 1.0 0.0 0.0 3.0 0.0
1067.0127714685993 0.0 0.0 0.0 1.0 0.0 0.0 3.0 0.0
1068.016102366953 0.0 0.0 0.0 1.0 0.0 0.0 3.0 0.0
1069.0036255311134 0.0 0.0 0.0 1.0 0.0 0.0 3.0 0.0
1070.0018605815574 0.0 0.0 0.0 1.0 0.0 0.0 3.0 0.0
1071.000488819425 0.0 0.0 0.0 1.0 0.0 0.0 3.0 0.0
1072.0076667981966 0.0 0.0 0.0 1.0 0.0 0.0 3.0 0.0
1073.0024941782442 0.0 0.0 0.0 1.0 0.0 0.0 3.0 0.0
1074.0150040981548 0.0 0.0 0.0 1.0 0.0 0.0 3.0 0.0
1075.001618610936 0.0 0.0 0.0 1.0 0.0 0.0 3.0 0.0
1076.0041131410403 0.0 0.0 0.0 1.0 0.0 0.0 3.0 0.0
1077.0143192544467 0.0 0.0 0.0 1.0 0.0 0.0 3.0 0.0
1078.0138338166337 0.0 0.0 0.0 1.0 0.0 0.0 3.0 0.0
1079.003562129314 0.0 0.0 0.0 1.0 0.0 0.0 3.0 0.0
1080.005162198091 0.0 0.0 0.0 1.0 0.0 0.0 3.0 0.0
1081.008319601559 0.0 0.0 0.0 1.0 0.0 0.0 3.0 0.0
1082.019147591874 0.0 0.0 0.0 1.0 0.0 0.0 3.0 0.0
1083.0147495650187 0.0 0.0 0.0 1.0 0.0 0.0 3.0 0.0
1084.0148509926667 0.0 0.0 0.0 1.0 0.0 0.0 3.0 0.0
1085.0108471399437 0.0 0.0 0.0 1.0 0.0 0.0 3.0 0.0
1086.0028178543992 0.0 0.0 0.0 1.0 0.0 0.0 3.0 0.0
1087.007428899084 0.0 0.0 0.0 1.0 0.0 0.0 3.0 0.0
1088.0132632693374 0.0 0.0 0.0 1.0 0.0 0.0 3.0 0.0
1089.0144542316707 0.0 0.0 0.0 1.0 0.0 0.0 3.0 0.0
1090.0011825759948 0.0 0.0 0.0 1.0 0.0 0.0 3.0 0.0
1091.041964801799 0.0 0.0 0.0 1.0 0.0 0.0 3.0 0.0
1092.0455397472429 0.0 0.0 0.0 1.0 0.0 0.0 3.0 0.0
1093.0021833757469 0.0 0.0 0.0 1.0 0.0 0.0 3.0 0.0
1094.0007940058615 0.0 0.0 0.0 1.0 0.0 0.0 3.0 0.0
1095.002183023478 0.0 0.0 0.0 1.0 0.0 0.0 3.0 0.0
1096.0131102278174 0.0 0.0 0.0 1.0 0.0 0.0 3.0 0.0
1097.0015954974037 0.0 0.0 0.0 1.0 0.0 0.0 3.0 0.0
1098.00513718296 0.0 0.0 0.0 1.0 0.0 0.0 3.0 0.0
1099.0119365426524 0.0 0.0 0.0 1.0 0.0 0.0 3.0 0.0
1100.0 0.0 0.0 0.0 1.0 0.0 1.0 3.0 0.0
1101.020679445112 0.775 0.0 0.0 0.225 0.0 1.0 3.0125 0.34444444444444444
1102.005952273683 0.9875 0.0 0.0 0.012500000000000013 0.0 1.0 3.7 0.024382716049382715
1103.0136556055036 1.0 0.0 0.0 0.0 0.0 1.0 4.525 0.0
1104.0025750575724 1.0 0.0 0.0 0.0 0.0 1.0 4.9375 0.0
1105.0093313687203 1.0 0.0 0.0 0.0 0.0 1.0 4.9875 0.0
1106.0217781252913 1.0 0.0 0.0 0.0 0.0 1.0 5.0 0.0
1107.0076256582515 1.0 0.0 0.0 0.0 0.0 1.0 5.0 0.0
1108.015420982771 1.0 0.0 0.0 0.0 0.0 1.0 5.0 0.0
1109.002777525701 1.0 0.0 0.0 0.0 0.0 1.0 5.0 0.0
1110.0027578822726 1.0 0.0 0.0 0.0 0.0 1.0 5.0 0.0
1111.0030801087619 1.0 0.0 0.0 0.0 0.0 1.0 5.0 0.0
1112.0056885664144 1.0 0.0 0.0 0.0 0.0 1.0 5.0 0.0
1113.0039393512702 1.0 0.0 0.0 0.0 0.0 1.0 5.0 0.0
1114.0074054136587 1.0 0.0 0.0 0.0 0.0 1.0 5.0 0.0
1115.021543919754 1.0 0.0 0.0 0.0 0.0 1.0 5.0 0.0
1116.0002811493214 1.0 0.0 0.0 0.0 0.0 1.0 5.0 0.0
1117.0015042114424 1.0 0.0 0.0 0.0 0.0 1.0 5.0 0.0
1118.0087022078021 1.0 0.0 0.0 0.0 0.0 1.0 5.0 0.0
1119.0132797187846 1.0 0.0 0.0 0.0 0.0 1.0 5.0 0.0
1120.018619512222 1.0 0.0 0.0 0.0 0.0 1.0 5.0 0.0
1121.006715738631 1.0 0.0 0.0 0.0 0.0 1.0 5.0 0.0
1122.0083789804432 1.0 0.0 0.0 0.0 0.0 1.0 5.0 0.0
1123.002164807501 1.0 0.0 0.0 0.0 0.0 1.0 5.0 0.0
1124.0455397472429 1.0 0.0 0.0 0.0 0.0 1.0 5.0 0.0
1125.016114369004 1.0 0.0 0.0 0.0 0.0 1.0 5.0 0.0
1126.0006220985756 1.0 0.0 0.0 0.0 0.0 1.0 5.0 0.0
1127.0084185752983 1.0 0.0 0.0 0.0 0.0 1.0 5.0 0.0
1128.0243201844266 1.0 0.0 0.0 0.0 0.0 1.0 5.0 0.0
1129.0091020863629 1.0 0.0 0.0 0.0 0.0 1.0 5.0 0.0
1130.0107931363939 1.0 0.0 0.0 0.0 0.0 1.0 5.0 0.0
1131.0110275862892 1.0 0.0 0.0 0.0 0.0 1.0 5.0 0.0
1132.026515236178 1.0 0.0 0.0 0.0 0.0 1.0 5.0 0.0
1133.0100964193023 1.0 0.0 0.0 0.0 0.0 1.0 5.0 0.0
1134.001697721977 1.0 0.0 0.0 0.0 0.0 1.0 5.0 0.0
1135.016693841053 1.0 0.0 0.0 0.0 0.0 1.0 5.0 0.0
1136.0025909758929 1.0 0.0 0.0 0.0 0.0 1.0 5.0 0.0
1137.005673508184 1.0 0.0 0.0 0.0 0.0 1.0 5.0 0.0
1138.0020915741534 1.0 0.0 0.0 0.0 0.0 1.0 5.0 0.0
1139.0035166393257 1.0 0.0 0.0 0.0 0.0 1.0 5.0 0.0
1140.0455397472429 1.0 0.0 0.0 0.0 0.0 1.0 5.0 0.0
1141.005020754244 1.0 0.0 0.0 0.0 0.0 1.0 5.0 0.0
1142.0035527049486 1.0 0.0 0.0 0.0 0.0 1.0 5.0 0.0
1143.0212931107392 1.0 0.0 0.0 0.0 0.0 1.0 5.0 0.0
1144.0252891203072 1.0 0.0 0.0 0.0 0.0 1.0 5.0 0.0
1145.0017699300631 1.0 0.0 0.0 0.0 0.0 1.0 5.0 0.0
1146.0288097914988 1.0 0.0 0.0 0.0 0.0 1.0 5.0 0.0
1147.0141805633916 1.0 0.0 0.0 0.0 0.0 1.0 5.0 0.0
1148.012523958843 1.0 0.0 0.0 0.0 0.0 1.0 5.0 0.0
1149.0170856214563 1.0 0.0 0.0 0.0 0.0 1.0 5.0 0.0
1150.0146690474082 1.0 0.0 0.0 0.0 0.0 1.0 5.0 0.0
1151.0050565581334 1.0 0.0 0.0 0.0 0.0 1.0 5.0 0.0
1152.0218171754552 1.0 0.0 0.0 0.0 0.0 1.0 5.0 0.0
1153.0455397472429 1.0 0.0 0.0 0.0 0.0 1.0 5.0 0.0
1154.0002685558786 1.0 0.0 0.0 0.0 0.0 1.0 5.0 0.0
1155.0277591572187 1.0 0.0 0.0 0.0 0.0 1.0 5.0 0.0
1156.0024238158287 1.0 0.0 0.0 0.0 0.0 1.0 5.0 0.0
1157.01167657684 1.0 0.0 0.0 0.0 0.0 1.0 5.0 0.0
1158.0099731926184 1.0 0.0 0.0 0.0 0.0 1.0 5.0 0.0
1159.0105820293452 1.0 0.0 0.0 0.0 0.0 1.0 5.0 0.0
1160.0019201718842 1.0 0.0 0.0 0.0 0.0 1.0 5.0 0.0
1161.0405914472894 1.0 0.0 0.0 0.0 0.0 1.0 5.0 0.0
1162.010634577636 1.0 0.0 0.0 0.0 0.0 1.0 5.0 0.0
1163.0068922591017 1.0 0.0 0.0 0.0 0.0 1.0 5.0 0.0
1164.015972727464 1.0 0.0 0.0 0.0 0.0 1.0 5.0 0.0
1165.0257715142916 1.0 0.0 0.0 0.0 0.0 1.0 5.0 0.0
1166.001751525488 1.0 0.0 0.0 0.0 0.0 1.0 5.0 0.0
1167.0098333912229 1.0 0.0 0.0 0.0 0.0 1.0 5.0 0.0
1168.0400292795043 1.0 0.0 0.0 0.0 0.0 1.0 5.0 0.0
1169.0455397472429 1.0 0.0 0.0 0.0 0.0 1.0 5.0 0.0
1170.010948502344 1.0 0.0 0.0 0.0 0.0 1.0 5.0 0.0
1171.0152850756292 1.0 0.0 0.0 0.0 0.0 1.0 5.0 0.0
1172.0223209333 1.0 0.0 0.0 0.0 0.0 1.0 5.0 0.0
1173.0240155373458 1.0 0.0 0.0 0.0 0.0 1.0 5.0 0.0
1174.0117903982687 1.0 0.0 0.0 0.0 0.0 1.0 5.0 0.0
1175.0089480355434 1.0 0.0 0.0 0.0 0.0 1.0 5.0 0.0
1176.022879095167 1.0 0.0 0.0 0.0 0.0 1.0 5.0 0.0
1177.0279115883607 1.0 0.0 0.0 0.0 0.0 1.0 5.0 0.0
1178.006646986956 1.0 0.0 0.0 0.0 0.0 1.0 5.0 0.0
1179.005926239717 1.0 0.0 0.0 0.0 0.0 1.0 5.0 0.0
1180.0183798173346 1.0 0.0 0.0 0.0 0.0 1.0 5.0 0.0
1181.044743000846 1.0 0.0 0.0 0.0 0.0 1.0 5.0 0.0
1182.0205325410136 1.0 0.0 0.0 0.0 0.0 1.0 5.0 0.0
1183.0015185267916 1.0 0.0 0.0 0.0 0.0 1.0 5.0 0.0
1184.0047971003053 1.0 0.0 0.0 0.0 0.0 1.0 5.0 0.0
1185.0392285317048 1.0 0.0 0.0 0.0 0.0 1.0 5.0 0.0
1186.0154532480772 1.0 0.0 0.0 0.0 0.0 1.0 5.0 0.0
1187.0118014939587 1.0 0.0 0.0 0.0 0.0 1.0 5.0 0.0
1188.02071454587 1.0 0.0 0.0 0.0 0.0 1.0 5.0 0.0
1189.0455397472429 1.0 0.0 0.0 0.0 0.0 1.0 5.0 0.0
1190.0003137754782 1.0 0.0 0.0 0.0 0.0 1.0 5.0 0.0
1191.0094202998266 1.0 0.0 0.0 0.0 0.0 1.0 5.0 0.0
1192.0035094024734 1.0 0.0 0.0 0.0 0.0 1.0 5.0 0.0
1193.0229501899896 1.0 0.0 0.0 0.0 0.0 1.0 5.0 0.0
1194.0005644927019 1.0 0.0 0.0 0.0 0.0 1.0 5.0 0.0
1195.0000874252444 1.0 0.0 0.0 0.0 0.0 1.0 5.0 0.0
1196.0068979985488 1.0 0.0 0.0 0.0 0.0 1.0 5.0 0.0
1197.0032167874276 1.0 0.0 0.0 0.0 0.0 1.0 5.0 0.0
1198.0101866658754 1.0 0.0 0.0 0.0 0.0 1.0 5.0 0.0
1199.0111666958446 1.0 0.0 0.0 0.0 0.0 1.0 5.0 0.0
1200.0 1.0 0.0 0.0 0.0 0.0 1.0 5.0 0.0
1201.0 0.3 0.0 0.7 0.0 0.0 1.0 5.0 0.4148148148148148
1202.0 0.07500000000000002 0.0 0.925 0.0 0.0 1.0 4.9625 0.13703703703703704
1203.0 0.012500000000000008 0.0 0.9875 0.0 0.0 1.0 5.5875 0.024382716049382715
1204.0 0.0 0.0 1.0 0.0 0.0 1.0 5.95 0.0
1205.0 0.0 0.0 1.0 0.0 0.0 1.0 6.0 0.0
1206.0 0.0 0.0 1.0 0.0 0.0 1.0 6.0 0.0
1207.0 0.0 0.0 1.0 0.0 0.0 1.0 6.0 0.0
1208.0 0.0 0.0 1.0 0.0 0.0 1.0 6.0 0.0
1209.0 0.0 0.0 1.0 0.0 0.0 1.0 6.0 0.0
1210.0 0.0 0.0 1.0 0.0 0.0 1.0 6.0 0.0
1211.0 0.0 0.0 1.0 0.0 0.0 1.0 6.0 0.0
1212.0 0.0 0.0 1.0 0.0 0.0 1.0 6.0 0.0
1213.0 0.0 0.0 1.0 0.0 0.0 1.0 6.0 0.0
1214.0 0.0 0.0 1.0 0.0 0.0 1.0 6.0 0.0
1215.0 0.0 0.0 1.0 0.0 0.0 1.0 6.0 0.0
1216.0 0.0 0.0 1.0 0.0 0.0 1.0 6.0 0.0
1217.0 0.0 0.0 1.0 0.0 0.0 1.0 6.0 0.0
1218.0 0.0 0.0 1.0 0.0 0.0 1.0 6.0 0.0
1219.0 0.0 0.0 1.0 0.0 0.0 1.0 6.0 0.0
1220.0 0.0 0.0 1.0 0.0 0.0 1.0 6.0 0.0
1221.0 0.0 0.0 1.0 0.0 0.0 1.0 6.0 0.0
1222.0 0.0 0.0 1.0 0.0 0.0 1.0 6.0 0.0
1223.0 0.0 0.0 1.0 0.0 0.0 1.0 6.0 0.0
1224.0 0.0 0.0 1.0 0.0 0.0 1.0 6.0 0.0
1225.0 0.0 0.0 1.0 0.0 0.0 1.0 6.0 0.0
1226.0 0.0 0.0 1.0 0.0 0.0 1.0 6.0 0.0
1227.0 0.0 0.0 1.0 0.0 0.0 1.0 6.0 0.0
1228.0 0.0 0.0 1.0 0.0 0.0 1.0 6.0 0.0
1229.0 0.0 0.0 1.0 0.0 0.0 1.0 6.0 0.0
1230.0 0.0 0.0 1.0 0.0 0.0 1.0 6.0 0.0
1231.0 0.0 0.0 1.0 0.0 0.0 1.0 6.0 0.0
1232.0 0.0 0.0 1.0 0.0 0.0 1.0 6.0 0.0
1233.0 0.0 0.0 1.0 0.0 0.0 1.0 6.0 0.0
1234.0 0.0 0.0 1.0 0.0 0.0 1.0 6.0 0.0
1235.0 0.0 0.0 1.0 0.0 0.0 1.0 6.0 0.0
1236.0 0.0 0.0 1.0 0.0 0.0 1.0 6.0 0.0
1237.0 0.0 0.0 1.0 0.0 0.0 1.0 6.0 0.0
1238.0 0.0 0.0 1.0 0.0 0.0 1.0 6.0 0.0
1239.0 0.0 0.0 1.0 0.0 0.0 1.0 6.0 0.0
1240.0 0.0 0.0 1.0 0.0 0.0 1.0 6.0 0.0
1241.0 0.0 0.0 1.0 0.0 0.0 1.0 6.0 0.0
1242.0 0.0 0.0 1.0 0.0 0.0 1.0 6.0 0.0
1243.0 0.0 0.0 1.0 0.0 0.0 1.0 6.0 0.0
1244.0 0.0 0.0 1.0 0.0 0.0 1.0 6.0 0.0
1245.0 0.0 0.0 1.0 0.0 0.0 1.0 6.0 0.0
1246.0 0.0 0.0 1.0 0.0 0.0 1.0 6.0 0.0
1247.0 0.0 0.0 1.0 0.0 0.0 1.0 6.0 0.0
1248.0 0.0 0.0 1.0 0.0 0.0 1.0 6.0 0.0
1249.0 0.0 0.0 1.0 0.0 0.0 1.0 6.0 0.0
1250.0 0.0 0.0 1.0 0.0 0.0 1.0 6.0 0.0
1251.0 0.0 0.0 1.0 0.0 0.0 1.0 6.0 0.0
1252.0 0.0 0.0 1.0 0.0 0.0 1.0 6.0 0.0
1253.0 0.0 0.0 1.0 0.0 0.0 1.0 6.0 0.0
1254.0 0.0 0.0 1.0 0.0 0.0 1.0 6.0 0.0
1255.0 0.0 0.0 1.0 0.0 0.0 1.0 6.0 0.0
1256.0 0.0 0.0 1.0 0.0 0.0 1.0 6.0 0.0
1257.0 0.0 0.0 1.0 0.0 0.0 1.0 6.0 0.0
1258.0 0.0 0.0 1.0 0.0 0.0 1.0 6.0 0.0
1259.0 0.0 0.0 1.0 0.0 0.0 1.0 6.0 0.0
1260.0 0.0 0.0 1.0 0.0 0.0 1.0 6.0 0.0
1261.0 0.0 0.0 1.0 0.0 0.0 1.0 6.0 0.0
1262.0 0.0 0.0 1.0 0.0 0.0 1.0 6.0 0.0
1263.0 0.0 0.0 1.0 0.0 0.0 1.0 6.0 0.0
1264.0 0.0 0.0 1.0 0.0 0.0 1.0 6.0 0.0
1265.0 0.0 0.0 1.0 0.0 0.0 1.0 6.0 0.0
1266.0 0.0 0.0 1.0 0.0 0.0 1.0 6.0 0.0
1267.0 0.0 0.0 1.0 0.0 0.0 1.0 6.0 0.0
1268.0 0.0 0.0 1.0 0.0 0.0 1.0 6.0 0.0
1269.0 0.0 0.0 1.0 0.0 0.0 1.0 6.0 0.0
1270.0 0.0 0.0 1.0 0.0 0.0 1.0 6.0 0.0
1271.0 0.0 0.0 1.0 0.0 0.0 1.0 6.0 0.0
1272.0 0.0 0.0 1.0 0.0 0.0 1.0 6.0 0.0
1273.0 0.0 0.0 1.0 0.0 0.0 1.0 6.0 0.0
1274.0 0.0 0.0 1.0 0.0 0.0 1.0 6.0 0.0
1275.0 0.0 0.0 1.0 0.0 0.0 1.0 6.0 0.0
1276.0 0.0 0.0 1.0 0.0 0.0 1.0 6.0 0.0
1277.0 0.0 0.0 1.0 0.0 0.0 1.0 6.0 0.0
1278.0 0.0 0.0 1.0 0.0 0.0 1.0 6.0 0.0
1279.0 0.0 0.0 1.0 0.0 0.0 1.0 6.0 0.0
1280.0 0.0 0.0 1.0 0.0 0.0 1.0 6.0 0.0
1281.0 0.0 0.0 1.0 0.0 0.0 1.0 6.0 0.0
1282.0 0.0 0.0 1.0 0.0 0.0 1.0 6.0 0.0
1283.0 0.0 0.0 1.0 0.0 0.0 1.0 6.0 0.0
1284.0 0.0 0.0 1.0 0.0 0.0 1.0 6.0 0.0
1285.0 0.0 0.0 1.0 0.0 0.0 1.0 6.0 0.0
1286.0 0.0 0.0 1.0 0.0 0.0 1.0 6.0 0.0
1287.0 0.0 0.0 1.0 0.0 0.0 1.0 6.0 0.0
1288.0 0.0 0.0 1.0 0.0 0.0 1.0 6.0 0.0
1289.0 0.0 0.0 1.0 0.0 0.0 1.0 6.0 0.0
1290.0 0.0 0.0 1.0 0.0 0.0 1.0 6.0 0.0
1291.0 0.0 0.0 0.2 0.8 0.0 0.0 6.0375 0.3160493827160494
1292.0287443707957 0.0 0.0 0.0625 0.9375 0.0 0.0 6.7375 0.11574074074074074
1293.0071901106421 0.0 0.0 0.037500000000000006 0.9625 0.0 0.0 7.6 0.0712962962962963
1294.0334944840636 0.0 0.0 0.037500000000000006 0.9625 0.0 0.0 7.85 0.0712962962962963
1295.0118320460942 0.0 0.0 0.024999999999999998 0.975 0.0 0.0 7.9 0.04814814814814815
1296.0163899215838 0.0 0.0 0.0125 0.9875 0.0 0.0 7.9125 0.024382716049382715
1297.0046945279464 0.0 0.0 0.0 1.0 0.0 0.0 7.95 0.0
1298.0030785366735 0.0 0.0 0.0 1.0 0.0 0.0 8.0 0.0
1299.0321609318644 0.0 0.0 0.0 1.0 0.0 0.0 8.0 0.0
1300.0069616094052 0.0 0.0 0.0 1.0 0.0 0.0 8.0 0.0
1301.0055140593413 0.0 0.0 0.0 1.0 0.0 0.0 8.0 0.0
1302.0298204338226 0.0 0.0 0.0 1.0 0.0 0.0 8.0 0.0
1303.0155202000774 0.0 0.0 0.0 1.0 0.0 0.0 8.0 0.0
1304.009453285693 0.0 0.0 0.0 1.0 0.0 0.0 8.0 0.0
1305.0099434297797 0.0 0.0 0.0 1.0 0.0 0.0 8.0 0.0
1306.002191530961 0.0 0.0 0.0 1.0 0.0 0.0 8.0 0.0
1307.027167476209 0.0 0.0 0.0 1.0 0.0 0.0 8.0 0.0
1308.0023811171056 0.0 0.0 0.0 1.0 0.0 0.0 8.0 0.0
1309.0272606603937 0.0 0.0 0.0 1.0 0.0 0.0 8.0 0.0
1310.0101344583918 0.0 0.0 0.0 1.0 0.0 0.0 8.0 0.0
1311.0035433814805 0.0 0.0 0.0 1.0 0.0 0.0 8.0 0.0
1312.0068632347825 0.0 0.0 0.0 1.0 0.0 0.0 8.0 0.0
1313.01180507145 0.0 0.0 0.0 1.0 0.0 0.0 8.0 0.0
1314.0002452352537 0.0 0.0 0.0 1.0 0.0 0.0 8.0 0.0
1315.0227851252391 0.0 0.0 0.0 1.0 0.0 0.0 8.0 0.0
1316.020644061116 0.0 0.0 0.0 1.0 0.0 0.0 8.0 0.0
1317.0141161036945 0.0 0.0 0.0 1.0 0.0 0.0 8.0 0.0
1318.0121222663574 0.0 0.0 0.0 1.0 0.0 0.0 8.0 0.0
1319.0061783444366 0.0 0.0 0.0 1.0 0.0 0.0 8.0 0.0
1320.013484733725 0.0 0.0 0.0 1.0 0.0 0.0 8.0 0.0
1321.0126042482896 0.0 0.0 0.0 1.0 0.0 0.0 8.0 0.0
1322.0455397472429 0.0 0.0 0.0 1.0 0.0 0.0 8.0 0.0
1323.0260286470289 0.0 0.0 0.0 1.0 0.0 0.0 8.0 0.0
1324.031313933485 0.0 0.0 0.0 1.0 0.0 0.0 8.0 0.0
1325.0180432830125 0.0 0.0 0.0 1.0 0.0 0.0 8.0 0.0
1326.0210584856807 0.0 0.0 0.0 1.0 0.0 0.0 8.0 0.0
1327.029360256919 0.0 0.0 0.0 1.0 0.0 0.0 8.0 0.0
1328.0264424255947 0.0 0.0 0.0 1.0 0.0 0.0 8.0 0.0
1329.0013779446876 0.0 0.0 0.0 1.0 0.0 0.0 8.0 0.0
1330.004653859789 0.0 0.0 0.0 1.0 0.0 0.0 8.0 0.0
1331.015270778561 0.0 0.0 0.0 1.0 0.0 0.0 8.0 0.0
1332.0051834056271 0.0 0.0 0.0 1.0 0.0 0.0 8.0 0.0
1333.0445982309366 0.0 0.0 0.0 1.0 0.0 0.0 8.0 0.0
1334.0009856511344 0.0 0.0 0.0 1.0 0.0 0.0 8.0 0.0
1335.0455397472429 0.0 0.0 0.0 1.0 0.0 0.0 8.0 0.0
1336.0124065301638 0.0 0.0 0.0 1.0 0.0 0.0 8.0 0.0
1337.002409709098 0.0 0.0 0.0 1.0 0.0 0.0 8.0 0.0
1338.0021635171274 0.0 0.0 0.0 1.0 0.0 0.0 8.0 0.0
1339.0455397472429 0.0 0.0 0.0 1.0 0.0 0.0 8.0 0.0
1340.010394941686 0.0 0.0 0.0 1.0 0.0 0.0 8.0 0.0
1341.017222395901 0.0 0.0 0.0 1.0 0.0 0.0 8.0 0.0
1342.028258753528 0.0 0.0 0.0 1.0 0.0 0.0 8.0 0.0
1343.0019050871808 0.0 0.0 0.0 1.0 0.0 0.0 8.0 0.0
1344.0024644087675 0.0 0.0 0.0 1.0 0.0 0.0 8.0 0.0
1345.0455397472429 0.0 0.0 0.0 1.0 0.0 0.0 8.0 0.0
1346.0234758705662 0.0 0.0 0.0 1.0 0.0 0.0 8.0 0.0
1347.0110283867368 0.0 0.0 0.0 1.0 0.0 0.0 8.0 0.0
1348.0046921106866 0.0 0.0 0.0 1.0 0.0 0.0 8.0 0.0
1349.0004870690047 0.0 0.0 0.0 1.0 0.0 0.0 8.0 0.0
1350.0059755029108 0.0 0.0 0.0 1.0 0.0 0.0 8.0 0.0
1351.0106065442362 0.0 0.0 0.0 1.0 0.0 0.0 8.0 0.0
1352.0455397472429 0.0 0.0 0.0 1.0 0.0 0.0 8.0 0.0
1353.0225547408675 0.0 0.0 0.0 1.0 0.0 0.0 8.0 0.0
1354.0002706553678 0.0 0.0 0.0 1.0 0.0 0.0 8.0 0.0
1355.0241212480262 0.0 0.0 0.0 1.0 0.0 0.0 8.0 0.0
1356.000110692615 0.0 0.0 0.0 1.0 0.0 0.0 8.0 0.0
1357.033997275238 0.0 0.0 0.0 1.0 0.0 0.0 8.0 0.0
1358.0009148514753 0.0 0.0 0.0 1.0 0.0 0.0 8.0 0.0
1359.0038121267287 0.0 0.0 0.0 1.0 0.0 0.0 8.0 0.0
1360.0315615061738 0.0 0.0 0.0 1.0 0.0 0.0 8.0 0.0
1361.0010197687025 0.0 0.0 0.0 1.0 0.0 0.0 8.0 0.0
1362.0159539388378 0.0 0.0 0.0 1.0 0.0 0.0 8.0 0.0
1363.0218979712142 0.0 0.0 0.0 1.0 0.0 0.0 8.0 0.0
1364.0297124792694 0.0 0.0 0.0 1.0 0.0 0.0 8.0 0.0
1365.0373241611778 0.0 0.0 0.0 1.0 0.0 0.0 8.0 0.0
1366.0037857015807 0.0 0.0 0.0 1.0 0.0 0.0 8.0 0.0
1367.0052761445058 0.0 0.0 0.0 1.0 0.0 0.0 8.0 0.0
1368.0069840138644 0.0 0.0 0.0 1.0 0.0 0.0 8.0 0.0
1369.0181199315275 0.0 0.0 0.0 1.0 0.0 0.0 8.0 0.0
1370.0226244171602 0.0 0.0 0.0 1.0 0.0 0.0 8.0 0.0
1371.0430054043009 0.0 0.0 0.0 1.0 0.0 0.0 8.0 0.0
1372.0079343165207 0.0 0.0 0.0 1.0 0.0 0.0 8.0 0.0
1373.006856123114 0.0 0.0 0.0 1.0 0.0 0.0 8.0 0.0
1374.0455397472429 0.0 0.0 0.0 1.0 0.0 0.0 8.0 0.0
1375.0163253239623 0.0 0.0 0.0 1.0 0.0 0.0 8.0 0.0
1376.0009621016416 0.0 0.0 0.0 1.0 0.0 0.0 8.0 0.0
1377.0214909157557 0.0 0.0 0.0 1.0 0.0 0.0 8.0 0.0
1378.0028772703633 0.0 0.0 0.0 1.0 0.0 0.0 8.0 0.0
1379.001528474388 0.0 0.0 0.0 1.0 0.0 0.0 8.0 0.0
1380.0302471263244 0.0 0.0 0.0 1.0 0.0 0.0 8.0 0.0
1381.0187328413433 0.0 0.0 0.0 1.0 0.0 0.0 8.0 0.0
1382.0184819100882 0.0 0.0 0.0 1.0 0.0 0.0 8.0 0.0
1383.0455397472429 0.0 0.0 0.0 1.0 0.0 0.0 8.0 0.0
1384.006360053861 0.0 0.0 0.0 1.0 0.0 0.0 8.0 0.0
1385.044349445694 0.0 0.0 0.0 1.0 0.0 0.0 8.0 0.0
1386.0455397472429 0.0 0.0 0.0 1.0 0.0 0.0 8.0 0.0
1387.0140117356134 0.0 0.0 0.0 1.0 0.0 0.0 8.0 0.0
1388.029411164051 0.0 0.0 0.0 1.0 0.0 0.0 8.0 0.0
1389.0289872734947 0.0 0.0 0.0 1.0 0.0 0.0 8.0 0.0
1390.0030804179005 0.0 0.0 0.0 1.0 0.0 0.0 8.0 0.0
1391.0156503606925 0.0 0.0 0.0 1.0 0.0 0.0 8.0 0.0
1392.010663216265 0.0 0.0 0.0 1.0 0.0 0.0 8.0 0.0
1393.0097764967777 0.0 0.0 0.0 1.0 0.0 0.0 8.0 0.0
1394.0062250527471 0.0 0.0 0.0 1.0 0.0 0.0 8.0 0.0
1395.0404522617698 0.0 0.0 0.0 1.0 0.0 0.0 8.0 0.0
1396.0203666936939 0.0 0.0 0.0 1.0 0.0 0.0 8.0 0.0
1397.0092173947346 0.0 0.0 0.0 1.0 0.0 0.0 8.0 0.0
1398.0163873590307 0.0 0.0 0.0 1.0 0.0 0.0 8.0 0.0
1399.0377036399907 0.0 0.0 0.0 1.0 0.0 0.0 8.0 0.0
1400.0090333396308 0.0 0.0 0.0 1.0 0.0 0.0 8.0 0.0
1401.0398314831364 0.0 0.0 0.0 1.0 0.0 0.0 8.0 0.0
1402.0455397472429 0.0 0.0 0.0 1.0 0.0 0.0 8.0 0.0
1403.0455397472429 0.0 0.0 0.0 1.0 0.0 0.0 8.0 0.0
1404.0055699215266 0.0 0.0 0.0 1.0 0.0 0.0 8.0 0.0
1405.0203499832999 0.0 0.0 0.0 1.0 0.0 0.0 8.0 0.0
1406.013795519027 0.0 0.0 0.0 1.0 0.0 0.0 8.0 0.0
1407.021196742539 0.0 0.0 0.0 1.0 0.0 0.0 8.0 0.0
1408.001509861849 0.0 0.0 0.0 1.0 0.0 0.0 8.0 0.0
1409.0412088941634 0.0 0.0 0.0 1.0 0.0 0.0 8.0 0.0
1410.0179847626407 0.0 0.0 0.0 1.0 0.0 0.0 8.0 0.0
1411.0257937971594 0.0 0.0 0.0 1.0 0.0 0.0 8.0 0.0
1412.000190014698 0.0 0.0 0.0 1.0 0.0 0.0 8.0 0.0
1413.008336004069 0.0 0.0 0.0 1.0 0.0 0.0 8.0 0.0
1414.0394132627755 0.0 0.0 0.0 1.0 0.0 0.0 8.0 0.0
1415.0028752132393 0.0 0.0 0.0 1.0 0.0 0.0 8.0 0.0
1416.031400353062 0.0 0.0 0.0 1.0 0.0 0.0 8.0 0.0
1417.0033662822345 0.0 0.0 0.0 1.0 0.0 0.0 8.0 0.0
1418.006722469336 0.0 0.0 0.0 1.0 0.0 0.0 8.0 0.0
1419.006862700063 0.0 0.0 0.0 1.0 0.0 0.0 8.0 0.0
1420.0063889449248 0.0 0.0 0.0 1.0 0.0 0.0 8.0 0.0
1421.0200806503765 0.0 0.0 0.0 1.0 0.0 0.0 8.0 0.0
1422.0039760433142 0.0 0.0 0.0 1.0 0.0 0.0 8.0 0.0
1423.0003107754405 0.0 0.0 0.0 1.0 0.0 0.0 8.0 0.0
1424.0009085961183 0.0 0.0 0.0 1.0 0.0 0.0 8.0 0.0
1425.0072019231704 0.0 0.0 0.0 1.0 0.0 0.0 8.0 0.0
1426.0030938036002 0.0 0.0 0.0 1.0 0.0 0.0 8.0 0.0
1427.0065976646888 0.0 0.0 0.0 1.0 0.0 0.0 8.0 0.0
1428.0368614033532 0.0 0.0 0.0 1.0 0.0 0.0 8.0 0.0
1429.0141023562328 0.0 0.0 0.0 1.0 0.0 0.0 8.0 0.0
1430.0142850615684 0.0 0.0 0.0 1.0 0.0 0.0 8.0 0.0
1431.0058002338517 0.0 0.0 0.0 1.0 0.0 0.0 8.0 0.0
1432.010563353635 0.0 0.0 0.0 1.0 0.0 0.0 8.0 0.0
1433.016177913628 0.0 0.0 0.0 1.0 0.0 0.0 8.0 0.0
1434.0008251923641 0.0 0.0 0.0 1.0 0.0 0.0 8.0 0.0
1435.0191829657738 0.0 0.0 0.0 1.0 0.0 0.0 8.0 0.0
1436.0455397472429 0.0 0.0 0.0 1.0 0.0 0.0 8.0 0.0
1437.0033989121796 0.0 0.0 0.0 1.0 0.0 0.0 8.0 0.0
1438.0010131624394 0.0 0.0 0.0 1.0 0.0 0.0 8.0 0.0
1439.0031377724943 0.0 0.0 0.0 1.0 0.0 0.0 8.0 0.0
1440.0115387231033 0.0 0.0 0.0 1.0 0.0 0.0 8.0 0.0
1441.0159267634315 0.0 0.0 0.0 1.0 0.0 0.0 8.0 0.0
1442.0455397472429 0.0 0.0 0.0 1.0 0.0 0.0 8.0 0.0
1443.0050425472102 0.0 0.0 0.0 1.0 0.0 0.0 8.0 0.0
1444.0046645088496 0.0 0.0 0.0 1.0 0.0 0.0 8.0 0.0
1445.0077949406818 0.0 0.0 0.0 1.0 0.0 0.0 8.0 0.0
1446.005035554341 0.0 0.0 0.0 1.0 0.0 0.0 8.0 0.0
1447.0002787060835 0.0 0.0 0.0 1.0 0.0 0.0 8.0 0.0
1448.0002167733396 0.0 0.0 0.0 1.0 0.0 0.0 8.0 0.0
1449.0455397472429 0.0 0.0 0.0 1.0 0.0 0.0 8.0 0.0
1450.0177718020518 0.0 0.0 0.0 1.0 0.0 0.0 8.0 0.0
1451.036542744583 0.0 0.0 0.0 1.0 0.0 0.0 8.0 0.0
1452.0125488464635 0.0 0.0 0.0 1.0 0.0 0.0 8.0 0.0
1453.0378698050772 0.0 0.0 0.0 1.0 0.0 0.0 8.0 0.0
1454.005889853052 0.0 0.0 0.0 1.0 0.0 0.0 8.0 0.0
1455.0108466358415 0.0 0.0 0.0 1.0 0.0 0.0 8.0 0.0
1456.0172616648858 0.0 0.0 0.0 1.0 0.0 0.0 8.0 0.0
1457.0120181656546 0.0 0.0 0.0 1.0 0.0 0.0 8.0 0.0
1458.0008220656446 0.0 0.0 0.0 1.0 0.0 0.0 8.0 0.0
1459.0312146940316 0.0 0.0 0.0 1.0 0.0 0.0 8.0 0.0
1460.0077893784423 0.0 0.0 0.0 1.0 0.0 0.0 8.0 0.0
1461.0328634148373 0.0 0.0 0.0 1.0 0.0 0.0 8.0 0.0
1462.0173190660946 0.0 0.0 0.0 1.0 0.0 0.0 8.0 0.0
1463.0023744032594 0.0 0.0 0.0 1.0 0.0 0.0 8.0 0.0
1464.010250422782 0.0 0.0 0.0 1.0 0.0 0.0 8.0 0.0
1465.0398439783617 0.0 0.0 0.0 1.0 0.0 0.0 8.0 0.0
1466.000965411261 0.0 0.0 0.0 1.0 0.0 0.0 8.0 0.0
1467.0145950009014 0.0 0.0 0.0 1.0 0.0 0.0 8.0 0.0
1468.0250573249134 0.0 0.0 0.0 1.0 0.0 0.0 8.0 0.0
1469.0415977495397 0.0 0.0 0.0 1.0 0.0 0.0 8.0 0.0
1470.0455397472429 0.0 0.0 0.0 1.0 0.0 0.0 8.0 0.0
1471.0065519430575 0.0 0.0 0.0 1.0 0.0 0.0 8.0 0.0
1472.0006123995704 0.0 0.0 0.0 1.0 0.0 0.0 8.0 0.0
1473.0300466386554 0.0 0.0 0.0 1.0 0.0 0.0 8.0 0.0
1474.00067022145 0.0 0.0 0.0 1.0 0.0 0.0 8.0 0.0
1475.0194861203386 0.0 0.0 0.0 1.0 0.0 0.0 8.0 0.0
1476.0165676928439 0.0 0.0 0.0 1.0 0.0 0.0 8.0 0.0
1477.0073135778816 0.0 0.0 0.0 1.0 0.0 0.0 8.0 0.0
1478.0078487932878 0.0 0.0 0.0 1.0 0.0 0.0 8.0 0.0
1479.0323015910508 0.0 0.0 0.0 1.0 0.0 0.0 8.0 0.0
1480.0279352754499 0.0 0.0 0.0 1.0 0.0 0.0 8.0 0.0
1481.0080040339171 0.0 0.0 0.0 1.0 0.0 0.0 8.0 0.0
1482.0128956846293 0.0 0.0 0.0 1.0 0.0 0.0 8.0 0.0
1483.0058895208322 0.0 0.0 0.0 1.0 0.0 0.0 8.0 0.0
1484.0007522491942 0.0 0.0 0.0 1.0 0.0 0.0 8.0 0.0
1485.0455397472429 0.0 0.0 0.0 1.0 0.0 0.0 8.0 0.0
1486.0014035365723 0.0 0.0 0.0 1.0 0.0 0.0 8.0 0.0
1487.0025591803978 0.0 0.0 0.0 1.0 0.0 0.0 8.0 0.0
1488.006295543009 0.0 0.0 0.0 1.0 0.0 0.0 8.0 0.0
1489.0419975015423 0.0 0.0 0.0 1.0 0.0 0.0 8.0 0.0
1490.0036923300552 0.0 0.0 0.0 1.0 0.0 0.0 8.0 0.0
1491.002656208227 0.0 0.0 0.0 1.0 0.0 0.0 8.0 0.0
1492.0022114049757 0.0 0.0 0.0 1.0 0.0 0.0 8.0 0.0
1493.0091247292169 0.0 0.0 0.0 1.0 0.0 0.0 8.0 0.0
1494.0056773112558 0.0 0.0 0.0 1.0 0.0 0.0 8.0 0.0
1495.004227565904 0.0 0.0 0.0 1.0 0.0 0.0 8.0 0.0
1496.0336166584732 0.0 0.0 0.0 1.0 0.0 0.0 8.0 0.0
1497.0051248848945 0.0 0.0 0.0 1.0 0.0 0.0 8.0 0.0
1498.0109445530206 0.0 0.0 0.0 1.0 0.0 0.0 8.0 0.0
1499.0081583615245 0.0 0.0 0.0 1.0 0.0 0.0 8.0 0.0
1500.02024425908 0.0 0.0 0.0 1.0 0.0 0.0 8.0 0.0
1501.0414287941155 0.0 0.0 0.0 1.0 0.0 0.0 8.0 0.0
1502.0086786624465 0.0 0.0 0.0 1.0 0.0 0.0 8.0 0.0
1503.0031457321302 0.0 0.0 0.0 1.0 0.0 0.0 8.0 0.0
1504.0093456092081 0.0 0.0 0.0 1.0 0.0 0.0 8.0 0.0
1505.0037393586504 0.0 0.0 0.0 1.0 0.0 0.0 8.0 0.0
1506.0149387876622 0.0 0.0 0.0 1.0 0.0 0.0 8.0 0.0
1507.0333700572355 0.0 0.0 0.0 1.0 0.0 0.0 8.0 0.0
1508.000151485911 0.0 0.0 0.0 1.0 0.0 0.0 8.0 0.0
1509.0123889685142 0.0 0.0 0.0 1.0 0.0 0.0 8.0 0.0
1510.0341017280437 0.0 0.0 0.0 1.0 0.0 0.0 8.0 0.0
1511.0282716687102 0.0 0.0 0.0 1.0 0.0 0.0 8.0 0.0
1512.0220986989268 0.0 0.0 0.0 1.0 0.0 0.0 8.0 0.0
1513.0007569261793 0.0 0.0 0.0 1.0 0.0 0.0 8.0 0.0
1514.0166827504784 0.0 0.0 0.0 1.0 0.0 0.0 8.0 0.0
1515.0177712443656 0.0 0.0 0.0 1.0 0.0 0.0 8.0 0.0
1516.0180779018126 0.0 0.0 0.0 1.0 0.0 0.0 8.0 0.0
1517.0000822757545 0.0 0.0 0.0 1.0 0.0 0.0 8.0 0.0
1518.0106381550684 0.0 0.0 0.0 1.0 0.0 0.0 8.0 0.0
1519.0045289528716 0.0 0.0 0.0 1.0 0.0 0.0 8.0 0.0
1520.012391647897 0.0 0.0 0.0 1.0 0.0 0.0 8.0 0.0
1521.018297112588 0.0 0.0 0.0 1.0 0.0 0.0 8.0 0.0
1522.001976904204 0.0 0.0 0.0 1.0 0.0 0.0 8.0 0.0
1523.0207189661255 0.0 0.0 0.0 1.0 0.0 0.0 8.0 0.0
1524.0053171232355 0.0 0.0 0.0 1.0 0.0 0.0 8.0 0.0
1525.0000513283012 0.0 0.0 0.0 1.0 0.0 0.0 8.0 0.0
1526.0455397472429 0.0 0.0 0.0 1.0 0.0 0.0 8.0 0.0
1527.0086928103963 0.0 0.0 0.0 1.0 0.0 0.0 8.0 0.0
1528.0176890374125 0.0 0.0 0.0 1.0 0.0 0.0 8.0 0.0
1529.0021072010632 0.0 0.0 0.0 1.0 0.0 0.0 8.0 0.0
1530.004382155638 0.0 0.0 0.0 1.0 0.0 0.0 8.0 0.0
1531.012046118195 0.0 0.0 0.0 1.0 0.0 0.0 8.0 0.0
1532.016240240354 0.0 0.0 0.0 1.0 0.0 0.0 8.0 0.0
1533.0018003389846 0.0 0.0 0.0 1.0 0.0 0.0 8.0 0.0
1534.0052331750023 0.0 0.0 0.0 1.0 0.0 0.0 8.0 0.0
1535.0023521880155 0.0 0.0 0.0 1.0 0.0 0.0 8.0 0.0
1536.0014875455395 0.0 0.0 0.0 1.0 0.0 0.0 8.0 0.0
1537.0042813258226 0.0 0.0 0.0 1.0 0.0 0.0 8.0 0.0
1538.043156341315 0.0 0.0 0.0 1.0 0.0 0.0 8.0 0.0
1539.0099155212702 0.0 0.0 0.0 1.0 0.0 0.0 8.0 0.0
1540.0050394006844 0.0 0.0 0.0 1.0 0.0 0.0 8.0 0.0
1541.0097397576565 0.0 0.0 0.0 1.0 0.0 0.0 8.0 0.0
1542.0041429196788 0.0 0.0 0.0 1.0 0.0 0.0 8.0 0.0
1543.0012532625733 0.0 0.0 0.0 1.0 0.0 0.0 8.0 0.0
1544.008559921377 0.0 0.0 0.0 1.0 0.0 0.0 8.0 0.0
1545.0176924084028 0.0 0.0 0.0 1.0 0.0 0.0 8.0 0.0
1546.0019164081086 0.0 0.0 0.0 1.0 0.0 0.0 8.0 0.0
1547.0033608388796 0.0 0.0 0.0 1.0 0.0 0.0 8.0 0.0
1548.0209988629224 0.0 0.0 0.0 1.0 0.0 0.0 8.0 0.0
1549.0280856519078 0.0 0.0 0.0 1.0 0.0 0.0 8.0 0.0
1550.0195483163516 0.0 0.0 0.0 1.0 0.0 0.0 8.0 0.0
1551.0076826216045 0.0 0.0 0.0 1.0 0.0 0.0 8.0 0.0
1552.0067246159128 0.0 0.0 0.0 1.0 0.0 0.0 8.0 0.0
1553.0101362922421 0.0 0.0 0.0 1.0 0.0 0.0 8.0 0.0
1554.0027728177372 0.0 0.0 0.0 1.0 0.0 0.0 8.0 0.0
1555.0221465593856 0.0 0.0 0.0 1.0 0.0 0.0 8.0 0.0
1556.0085172068495 0.0 0.0 0.0 1.0 0.0 0.0 8.0 0.0
1557.0164285665533 0.0 0.0 0.0 1.0 0.0 0.0 8.0 0.0
1558.0041109866056 0.0 0.0 0.0 1.0 0.0 0.0 8.0 0.0
1559.0036078821254 0.0 0.0 0.0 1.0 0.0 0.0 8.0 0.0
1560.0214758194552 0.0 0.0 0.0 1.0 0.0 0.0 8.0 0.0
1561.0138459795658 0.0 0.0 0.0 1.0 0.0 0.0 8.0 0.0
1562.0044158634992 0.0 0.0 0.0 1.0 0.0 0.0 8.0 0.0
1563.0031970787327 0.0 0.0 0.0 1.0 0.0 0.0 8.0 0.0
1564.0298857038365 0.0 0.0 0.0 1.0 0.0 0.0 8.0 0.0
1565.010334247608 0.0 0.0 0.0 1.0 0.0 0.0 8.0 0.0
1566.0212533492615 0.0 0.0 0.0 1.0 0.0 0.0 8.0 0.0
1567.0036563759327 0.0 0.0 0.0 1.0 0.0 0.0 8.0 0.0
1568.0083895053951 0.0 0.0 0.0 1.0 0.0 0.0 8.0 0.0
1569.0101663608107 0.0 0.0 0.0 1.0 0.0 0.0 8.0 0.0
1570.0029263123345 0.0 0.0 0.0 1.0 0.0 0.0 8.0 0.0
1571.0455397472429 0.0 0.0 0.0 1.0 0.0 0.0 8.0 0.0
1572.0395531862482 0.0 0.0 0.0 1.0 0.0 0.0 8.0 0.0
1573.0048266982542 0.0 0.0 0.0 1.0 0.0 0.0 8.0 0.0
1574.0445678943597 0.0 0.0 0.0 1.0 0.0 0.0 8.0 0.0
1575.0002168252158 0.0 0.0 0.0 1.0 0.0 0.0 8.0 0.0
1576.00092583551 0.0 0.0 0.0 1.0 0.0 0.0 8.0 0.0
1577.0383505108211 0.0 0.0 0.0 1.0 0.0 0.0 8.0 0.0
1578.0080478058112 0.0 0.0 0.0 1.0 0.0 0.0 8.0 0.0
1579.033752258716 0.0 0.0 0.0 1.0 0.0 0.0 8.0 0.0
1580.0194314751463 0.0 0.0 0.0 1.0 0.0 0.0 8.0 0.0
1581.0064845605623 0.0 0.0 0.0 1.0 0.0 0.0 8.0 0.0
1582.0019663193648 0.0 0.0 0.0 1.0 0.0 0.0 8.0 0.0
1583.0455397472429 0.0 0.0 0.0 1.0 0.0 0.0 8.0 0.0
1584.0117270138949 0.0 0.0 0.0 1.0 0.0 0.0 8.0 0.0
1585.0347045723172 0.0 0.0 0.0 1.0 0.0 0.0 8.0 0.0
1586.0207872142303 0.0 0.0 0.0 1.0 0.0 0.0 8.0 0.0
1587.0338578410378 0.0 0.0 0.0 1.0 0.0 0.0 8.0 0.0
1588.0083476505074 0.0 0.0 0.0 1.0 0.0 0.0 8.0 0.0
1589.0040030277016 0.0 0.0 0.0 1.0 0.0 0.0 8.0 0.0
1590.003137990344 0.0 0.0 0.0 1.0 0.0 0.0 8.0 0.0
1591.01391925013 0.0 0.0 0.0 1.0 0.0 0.0 8.0 0.0
1592.044075066374 0.0 0.0 0.0 1.0 0.0 0.0 8.0 0.0
1593.0173288655765 0.0 0.0 0.0 1.0 0.0 0.0 8.0 0.0
1594.0000589266435 0.0 0.0 0.0 1.0 0.0 0.0 8.0 0.0
1595.0177753614207 0.0 0.0 0.0 1.0 0.0 0.0 8.0 0.0
1596.031573634936 0.0 0.0 0.0 1.0 0.0 0.0 8.0 0.0
1597.016386693891 0.0 0.0 0.0 1.0 0.0 0.0 8.0 0.0
1598.0074188354217 0.0 0.0 0.0 1.0 0.0 0.0 8.0 0.0
1599.0052095513324 0.0 0.0 0.0 1.0 0.0 0.0 8.0 0.0
1600.0076485879595 0.0 0.0 0.0 1.0 0.0 0.0 8.0 0.0
1601.0246023811633 0.0 0.0 0.0 1.0 0.0 0.0 8.0 0.0
1602.000162236621 0.0 0.0 0.0 1.0 0.0 0.0 8.0 0.0
1603.0284825195113 0.0 0.0 0.0 1.0 0.0 0.0 8.0 0.0
1604.0002582722734 0.0 0.0 0.0 1.0 0.0 0.0 8.0 0.0
1605.0035809569943 0.0 0.0 0.0 1.0 0.0 0.0 8.0 0.0
1606.0455397472429 0.0 0.0 0.0 1.0 0.0 0.0 8.0 0.0
1607.02558323889 0.0 0.0 0.0 1.0 0.0 0.0 8.0 0.0
1608.0105316393674 0.0 0.0 0.0 1.0 0.0 0.0 8.0 0.0
1609.002337191699 0.0 0.0 0.0 1.0 0.0 0.0 8.0 0.0
1610.0387074937314 0.0 0.0 0.0 1.0 0.0 0.0 8.0 0.0
1611.0085047110103 0.0 0.0 0.0 1.0 0.0 0.0 8.0 0.0
1612.0367044527843 0.0 0.0 0.0 1.0 0.0 0.0 8.0 0.0
1613.0108232930736 0.0 0.0 0.0 1.0 0.0 0.0 8.0 0.0
1614.0015423977488 0.0 0.0 0.0 1.0 0.0 0.0 8.0 0.0
1615.0313476977701 0.0 0.0 0.0 1.0 0.0 0.0 8.0 0.0
1616.0052447163098 0.0 0.0 0.0 1.0 0.0 0.0 8.0 0.0
1617.0122392378623 0.0 0.0 0.0 1.0 0.0 0.0 8.0 0.0
1618.018163477785 0.0 0.0 0.0 1.0 0.0 0.0 8.0 0.0
1619.0073497253852 0.0 0.0 0.0 1.0 0.0 0.0 8.0 0.0
1620.0049647498042 0.0 0.0 0.0 1.0 0.0 0.0 8.0 0.0
1621.0081330101787 0.0 0.0 0.0 1.0 0.0 0.0 8.0 0.0
1622.0232331396069 0.0 0.0 0.0 1.0 0.0 0.0 8.0 0.0
1623.0047778583416 0.0 0.0 0.0 1.0 0.0 0.0 8.0 0.0
1624.0455397472429 0.0 0.0 0.0 1.0 0.0 0.0 8.0 0.0
1625.0047203069603 0.0 0.0 0.0 1.0 0.0 0.0 8.0 0.0
1626.0092211561025 0.0 0.0 0.0 1.0 0.0 0.0 8.0 0.0
1627.0010740746495 0.0 0.0 0.0 1.0 0.0 0.0 8.0 0.0
1628.0029439886177 0.0 0.0 0.0 1.0 0.0 0.0 8.0 0.0
1629.0455397472429 0.0 0.0 0.0 1.0 0.0 0.0 8.0 0.0
1630.0088715066272 0.0 0.0 0.0 1.0 0.0 0.0 8.0 0.0
1631.0164279502596 0.0 0.0 0.0 1.0 0.0 0.0 8.0 0.0
1632.000865527596 0.0 0.0 0.0 1.0 0.0 0.0 8.0 0.0
1633.0455397472429 0.0 0.0 0.0 1.0 0.0 0.0 8.0 0.0
1634.0000072749624 0.0 0.0 0.0 1.0 0.0 0.0 8.0 0.0
1635.0021422755228 0.0 0.0 0.0 1.0 0.0 0.0 8.0 0.0
1636.0254603084754 0.0 0.0 0.0 1.0 0.0 0.0 8.0 0.0
1637.0021417160892 0.0 0.0 0.0 1.0 0.0 0.0 8.0 0.0
1638.0081356812323 0.0 0.0 0.0 1.0 0.0 0.0 8.0 0.0
1639.0148590076262 0.0 0.0 0.0 1.0 0.0 0.0 8.0 0.0
1640.0170666780866 0.0 0.0 0.0 1.0 0.0 0.0 8.0 0.0
1641.0062063461792 0.0 0.0 0.0 1.0 0.0 0.0 8.0 0.0
1642.0134568002813 0.0 0.0 0.0 1.0 0.0 0.0 8.0 0.0
1643.0455397472429 0.0 0.0 0.0 1.0 0.0 0.0 8.0 0.0
1644.0253141202704 0.0 0.0 0.0 1.0 0.0 0.0 8.0 0.0
1645.0389207164965 0.0 0.0 0.0 1.0 0.0 0.0 8.0 0.0
1646.0193653010645 0.0 0.0 0.0 1.0 0.0 0.0 8.0 0.0
1647.00187064154 0.0 0.0 0.0 1.0 0.0 0.0 8.0 0.0
1648.0136231354295 0.0 0.0 0.0 1.0 0.0 0.0 8.0 0.0
1649.0204196810953 0.0 0.0 0.0 1.0 0.0 0.0 8.0 0.0
1650.017039649668 0.0 0.0 0.0 1.0 0.0 0.0 8.0 0.0
1651.0023680478973 0.0 0.0 0.0 1.0 0.0 0.0 8.0 0.0
1652.0050921895731 0.0 0.0 0.0 1.0 0.0 0.0 8.0 0.0
1653.0093431140358 0.0 0.0 0.0 1.0 0.0 0.0 8.0 0.0
1654.007753572284 0.0 0.0 0.0 1.0 0.0 0.0 8.0 0.0
1655.0110311174662 0.0 0.0 0.0 1.0 0.0 0.0 8.0 0.0
1656.0271964018723 0.0 0.0 0.0 1.0 0.0 0.0 8.0 0.0
1657.013200348455 0.0 0.0 0.0 1.0 0.0 0.0 8.0 0.0
1658.0070530393498 0.0 0.0 0.0 1.0 0.0 0.0 8.0 0.0
1659.0101600920573 0.0 0.0 0.0 1.0 0.0 0.0 8.0 0.0
1660.011217277208 0.0 0.0 0.0 1.0 0.0 0.0 8.0 0.0
1661.001337787527 0.0 0.0 0.0 1.0 0.0 0.0 8.0 0.0
1662.0082983094196 0.0 0.0 0.0 1.0 0.0 0.0 8.0 0.0
1663.0130314430428 0.0 0.0 0.0 1.0 0.0 0.0 8.0 0.0
1664.006511734316 0.0 0.0 0.0 1.0 0.0 0.0 8.0 0.0
1665.0170581490147 0.0 0.0 0.0 1.0 0.0 0.0 8.0 0.0
1666.0034573235494 0.0 0.0 0.0 1.0 0.0 0.0 8.0 0.0
1667.0007306618722 0.0 0.0 0.0 1.0 0.0 0.0 8.0 0.0
1668.0016448501876 0.0 0.0 0.0 1.0 0.0 0.0 8.0 0.0
1669.0017241861187 0.0 0.0 0.0 1.0 0.0 0.0 8.0 0.0
1670.0037675111626 0.0 0.0 0.0 1.0 0.0 0.0 8.0 0.0
1671.0065674910302 0.0 0.0 0.0 1.0 0.0 0.0 8.0 0.0
1672.0018706449873 0.0 0.0 0.0 1.0 0.0 0.0 8.0 0.0
1673.0033166916385 0.0 0.0 0.0 1.0 0.0 0.0 8.0 0.0
1674.0158683208213 0.0 0.0 0.0 1.0 0.0 0.0 8.0 0.0
1675.000996402321 0.0 0.0 0.0 1.0 0.0 0.0 8.0 0.0
1676.0064058456103 0.0 0.0 0.0 1.0 0.0 0.0 8.0 0.0
1677.0093388494838 0.0 0.0 0.0 1.0 0.0 0.0 8.0 0.0
1678.0017367674798 0.0 0.0 0.0 1.0 0.0 0.0 8.0 0.0
1679.0250206051498 0.0 0.0 0.0 1.0 0.0 0.0 8.0 0.0
1680.0156206574673 0.0 0.0 0.0 1.0 0.0 0.0 8.0 0.0
1681.0146267742966 0.0 0.0 0.0 1.0 0.0 0.0 8.0 0.0
1682.0063451507983 0.0 0.0 0.0 1.0 0.0 0.0 8.0 0.0
1683.033608684954 0.0 0.0 0.0 1.0 0.0 0.0 8.0 0.0
1684.0003028907286 0.0 0.0 0.0 1.0 0.0 0.0 8.0 0.0
1685.0126266463283 0.0 0.0 0.0 1.0 0.0 0.0 8.0 0.0
1686.0015892974536 0.0 0.0 0.0 1.0 0.0 0.0 8.0 0.0
1687.003229094558 0.0 0.0 0.0 1.0 0.0 0.0 8.0 0.0
1688.003419368114 0.0 0.0 0.0 1.0 0.0 0.0 8.0 0.0
1689.0448577554444 0.0 0.0 0.0 1.0 0.0 0.0 8.0 0.0
1690.0254715735614 0.0 0.0 0.0 1.0 0.0 0.0 8.0 0.0
1691.009752714207 0.0 0.0 0.0 1.0 0.0 0.0 8.0 0.0
1692.0017279879157 0.0 0.0 0.0 1.0 0.0 0.0 8.0 0.0
1693.0284360541032 0.0 0.0 0.0 1.0 0.0 0.0 8.0 0.0
1694.0022483728937 0.0 0.0 0.0 1.0 0.0 0.0 8.0 0.0
1695.033205392097 0.0 0.0 0.0 1.0 0.0 0.0 8.0 0.0
1696.0075188107014 0.0 0.0 0.0 1.0 0.0 0.0 8.0 0.0
1697.0176030391287 0.0 0.0 0.0 1.0 0.0 0.0 8.0 0.0
1698.002303812143 0.0 0.0 0.0 1.0 0.0 0.0 8.0 0.0
1699.0050106262458 0.0 0.0 0.0 1.0 0.0 0.0 8.0 0.0
1700.0167990342702 0.0 0.0 0.0 1.0 0.0 0.0 8.0 0.0
1701.001600401947 0.0 0.0 0.0 1.0 0.0 0.0 8.0 0.0
1702.012837235261 0.0 0.0 0.0 1.0 0.0 0.0 8.0 0.0
1703.0331909384797 0.0 0.0 0.0 1.0 0.0 0.0 8.0 0.0
1704.0035555764514 0.0 0.0 0.0 1.0 0.0 0.0 8.0 0.0
1705.0051246049793 0.0 0.0 0.0 1.0 0.0 0.0 8.0 0.0
1706.0041513703864 0.0 0.0 0.0 1.0 0.0 0.0 8.0 0.0
1707.0281835800927 0.0 0.0 0.0 1.0 0.0 0.0 8.0 0.0
1708.015727023917 0.0 0.0 0.0 1.0 0.0 0.0 8.0 0.0
1709.018082649641 0.0 0.0 0.0 1.0 0.0 0.0 8.0 0.0
1710.0093776156386 0.0 0.0 0.0 1.0 0.0 0.0 8.0 0.0
1711.01099318173 0.0 0.0 0.0 1.0 0.0 0.0 8.0 0.0
1712.021240882251 0.0 0.0 0.0 1.0 0.0 0.0 8.0 0.0
1713.0066157287426 0.0 0.0 0.0 1.0 0.0 0.0 8.0 0.0
1714.0282970421028 0.0 0.0 0.0 1.0 0.0 0.0 8.0 0.0
1715.000378982224 0.0 0.0 0.0 1.0 0.0 0.0 8.0 0.0
1716.0167349416097 0.0 0.0 0.0 1.0 0.0 0.0 8.0 0.0
1717.0066730207966 0.0 0.0 0.0 1.0 0.0 0.0 8.0 0.0
1718.010512904057 0.0 0.0 0.0 1.0 0.0 0.0 8.0 0.0
1719.0018678008644 0.0 0.0 0.0 1.0 0.0 0.0 8.0 0.0
1720.0055153209362 0.0 0.0 0.0 1.0 0.0 0.0 8.0 0.0
1721.0254043069456 0.0 0.0 0.0 1.0 0.0 0.0 8.0 0.0
1722.033688346285 0.0 0.0 0.0 1.0 0.0 0.0 8.0 0.0
1723.0094176746213 0.0 0.0 0.0 1.0 0.0 0.0 8.0 0.0
1724.0289327051203 0.0 0.0 0.0 1.0 0.0 0.0 8.0 0.0
1725.003816638782 0.0 0.0 0.0 1.0 0.0 0.0 8.0 0.0
1726.010196844506 0.0 0.0 0.0 1.0 0.0 0.0 8.0 0.0
1727.0190799836403 0.0 0.0 0.0 1.0 0.0 0.0 8.0 0.0
1728.0071779700615 0.0 0.0 0.0 1.0 0.0 0.0 8.0 0.0
1729.0103280384021 0.0 0.0 0.0 1.0 0.0 0.0 8.0 0.0
1730.0072885023264 0.0 0.0 0.0 1.0 0.0 0.0 8.0 0.0
1731.01598295492 0.0 0.0 0.0 1.0 0.0 0.0 8.0 0.0
1732.0191574825292 0.0 0.0 0.0 1.0 0.0 0.0 8.0 0.0
1733.0027050647248 0.0 0.0 0.0 1.0 0.0 0.0 8.0 0.0
1734.0005320002765 0.0 0.0 0.0 1.0 0.0 0.0 8.0 0.0
1735.0062115526953 0.0 0.0 0.0 1.0 0.0 0.0 8.0 0.0
1736.015814275541 0.0 0.0 0.0 1.0 0.0 0.0 8.0 0.0
1737.0005962597093 0.0 0.0 0.0 1.0 0.0 0.0 8.0 0.0
1738.0036932259484 0.0 0.0 0.0 1.0 0.0 0.0 8.0 0.0
1739.008492778362 0.0 0.0 0.0 1.0 0.0 0.0 8.0 0.0
1740.0149273794602 0.0 0.0 0.0 1.0 0.0 0.0 8.0 0.0
1741.0102955374075 0.0 0.0 0.0 1.0 0.0 0.0 8.0 0.0
1742.0179564679456 0.0 0.0 0.0 1.0 0.0 0.0 8.0 0.0
1743.0321754462018 0.0 0.0 0.0 1.0 0.0 0.0 8.0 0.0
1744.003938690714 0.0 0.0 0.0 1.0 0.0 0.0 8.0 0.0
1745.0326474698566 0.0 0.0 0.0 1.0 0.0 0.0 8.0 0.0
1746.0333329618031 0.0 0.0 0.0 1.0 0.0 0.0 8.0 0.0
1747.000861136037 0.0 0.0 0.0 1.0 0.0 0.0 8.0 0.0
1748.0091011828354 0.0 0.0 0.0 1.0 0.0 0.0 8.0 0.0
1749.0455397472429 0.0 0.0 0.0 1.0 0.0 0.0 8.0 0.0
1750.004826094355 0.0 0.0 0.0 1.0 0.0 0.0 8.0 0.0
1751.0188363243844 0.0 0.0 0.0 1.0 0.0 0.0 8.0 0.0
1752.007604117785 0.0 0.0 0.0 1.0 0.0 0.0 8.0 0.0
1753.0034110930408 0.0 0.0 0.0 1.0 0.0 0.0 8.0 0.0
1754.0140566087468 0.0 0.0 0.0 1.0 0.0 0.0 8.0 0.0
1755.0157310474128 0.0 0.0 0.0 1.0 0.0 0.0 8.0 0.0
1756.0324581523316 0.0 0.0 0.0 1.0 0.0 0.0 8.0 0.0
1757.0139458631913 0.0 0.0 0.0 1.0 0.0 0.0 8.0 0.0
1758.0034397044783 0.0 0.0 0.0 1.0 0.0 0.0 8.0 0.0
1759.009625097316 0.0 0.0 0.0 1.0 0.0 0.0 8.0 0.0
1760.0455397472429 0.0 0.0 0.0 1.0 0.0 0.0 8.0 0.0
1761.0291012588002 0.0 0.0 0.0 1.0 0.0 0.0 8.0 0.0
1762.0217680960307 0.0 0.0 0.0 1.0 0.0 0.0 8.0 0.0
1763.0173790890078 0.0 0.0 0.0 1.0 0.0 0.0 8.0 0.0
1764.0016571957838 0.0 0.0 0.0 1.0 0.0 0.0 8.0 0.0
1765.004295077976 0.0 0.0 0.0 1.0 0.0 0.0 8.0 0.0
1766.0044712490812 0.0 0.0 0.0 1.0 0.0 0.0 8.0 0.0
1767.0291913280257 0.0 0.0 0.0 1.0 0.0 0.0 8.0 0.0
1768.0055900115947 0.0 0.0 0.0 1.0 0.0 0.0 8.0 0.0
1769.008154446616 0.0 0.0 0.0 1.0 0.0 0.0 8.0 0.0
1770.0088276029305 0.0 0.0 0.0 1.0 0.0 0.0 8.0 0.0
1771.0062849638282 0.0 0.0 0.0 1.0 0.0 0.0 8.0 0.0
1772.0190916915674 0.0 0.0 0.0 1.0 0.0 0.0 8.0 0.0
1773.0051503945558 0.0 0.0 0.0 1.0 0.0 0.0 8.0 0.0
1774.03385899199 0.0 0.0 0.0 1.0 0.0 0.0 8.0 0.0
1775.0455397472429 0.0 0.0 0.0 1.0 0.0 0.0 8.0 0.0
1776.0057129702966 0.0 0.0 0.0 1.0 0.0 0.0 8.0 0.0
1777.0052559762503 0.0 0.0 0.0 1.0 0.0 0.0 8.0 0.0
1778.0130118260972 0.0 0.0 0.0 1.0 0.0 0.0 8.0 0.0
1779.005094391072 0.0 0.0 0.0 1.0 0.0 0.0 8.0 0.0
1780.000151952593 0.0 0.0 0.0 1.0 0.0 0.0 8.0 0.0
1781.002908329051 0.0 0.0 0.0 1.0 0.0 0.0 8.0 0.0
1782.0090130030433 0.0 0.0 0.0 1.0 0.0 0.0 8.0 0.0
1783.0023201180436 0.0 0.0 0.0 1.0 0.0 0.0 8.0 0.0
1784.0121845778494 0.0 0.0 0.0 1.0 0.0 0.0 8.0 0.0
1785.0455397472429 0.0 0.0 0.0 1.0 0.0 0.0 8.0 0.0
1786.0087766379402 0.0 0.0 0.0 1.0 0.0 0.0 8.0 0.0
1787.026837819037 0.0 0.0 0.0 1.0 0.0 0.0 8.0 0.0
1788.017703606853 0.0 0.0 0.0 1.0 0.0 0.0 8.0 0.0
1789.0076983366819 0.0 0.0 0.0 1.0 0.0 0.0 8.0 0.0
1790.0082730651231 0.0 0.0 0.0 1.0 0.0 0.0 8.0 0.0
1791.0047424523232 0.0 0.0 0.0 1.0 0.0 0.0 8.0 0.0
1792.018755635929 0.0 0.0 0.0 1.0 0.0 0.0 8.0 0.0
1793.0069881032894 0.0 0.0 0.0 1.0 0.0 0.0 8.0 0.0
1794.0056157316094 0.0 0.0 0.0 1.0 0.0 0.0 8.0 0.0
1795.027978960801 0.0 0.0 0.0 1.0 0.0 0.0 8.0 0.0
1796.0088581346745 0.0 0.0 0.0 1.0 0.0 0.0 8.0 0.0
1797.0286485571155 0.0 0.0 0.0 1.0 0.0 0.0 8.0 0.0
1798.033310134734 0.0 0.0 0.0 1.0 0.0 0.0 8.0 0.0
1799.0113031452668 0.0 0.0 0.0 1.0 0.0 0.0 8.0 0.0
1800.0135608560017 0.0 0.0 0.0 1.0 0.0 0.0 8.0 0.0
1801.0344706732749 0.0 0.0 0.0 1.0 0.0 0.0 8.0 0.0
1802.011283374642 0.0 0.0 0.0 1.0 0.0 0.0 8.0 0.0
1803.0455397472429 0.0 0.0 0.0 1.0 0.0 0.0 8.0 0.0
1804.0018928339728 0.0 0.0 0.0 1.0 0.0 0.0 8.0 0.0
1805.0013360997348 0.0 0.0 0.0 1.0 0.0 0.0 8.0 0.0
1806.0139284070217 0.0 0.0 0.0 1.0 0.0 0.0 8.0 0.0
1807.0003771768716 0.0 0.0 0.0 1.0 0.0 0.0 8.0 0.0
1808.0018254153108 0.0 0.0 0.0 1.0 0.0 0.0 8.0 0.0
1809.0038910198448 0.0 0.0 0.0 1.0 0.0 0.0 8.0 0.0
1810.044167879254 0.0 0.0 0.0 1.0 0.0 0.0 8.0 0.0
1811.0123581688235 0.0 0.0 0.0 1.0 0.0 0.0 8.0 0.0
1812.0235206801965 0.0 0.0 0.0 1.0 0.0 0.0 8.0 0.0
1813.0132835693466 0.0 0.0 0.0 1.0 0.0 0.0 8.0 0.0
1814.0049720054474 0.0 0.0 0.0 1.0 0.0 0.0 8.0 0.0
1815.0079954211503 0.0 0.0 0.0 1.0 0.0 0.0 8.0 0.0
1816.007343927059 0.0 0.0 0.0 1.0 0.0 0.0 8.0 0.0
1817.0032864223554 0.0 0.0 0.0 1.0 0.0 0.0 8.0 0.0
1818.0136748682905 0.0 0.0 0.0 1.0 0.0 0.0 8.0 0.0
1819.0152240885911 0.0 0.0 0.0 1.0 0.0 0.0 8.0 0.0
1820.0207256859837 0.0 0.0 0.0 1.0 0.0 0.0 8.0 0.0
1821.0128748491268 0.0 0.0 0.0 1.0 0.0 0.0 8.0 0.0
1822.0000562973182 0.0 0.0 0.0 1.0 0.0 0.0 8.0 0.0
1823.0023647400308 0.0 0.0 0.0 1.0 0.0 0.0 8.0 0.0
1824.0034584638736 0.0 0.0 0.0 1.0 0.0 0.0 8.0 0.0
1825.0115794083679 0.0 0.0 0.0 1.0 0.0 0.0 8.0 0.0
1826.0091358185655 0.0 0.0 0.0 1.0 0.0 0.0 8.0 0.0
1827.0016445961937 0.0 0.0 0.0 1.0 0.0 0.0 8.0 0.0
1828.022358893633 0.0 0.0 0.0 1.0 0.0 0.0 8.0 0.0
1829.0149462434256 0.0 0.0 0.0 1.0 0.0 0.0 8.0 0.0
1830.0271338013688 0.0 0.0 0.0 1.0 0.0 0.0 8.0 0.0
1831.0220707774197 0.0 0.0 0.0 1.0 0.0 0.0 8.0 0.0
1832.034593429032 0.0 0.0 0.0 1.0 0.0 0.0 8.0 0.0
1833.0205842578991 0.0 0.0 0.0 1.0 0.0 0.0 8.0 0.0
1834.002788653677 0.0 0.0 0.0 1.0 0.0 0.0 8.0 0.0
1835.0062456161356 0.0 0.0 0.0 1.0 0.0 0.0 8.0 0.0
1836.0214383087853 0.0 0.0 0.0 1.0 0.0 0.0 8.0 0.0
1837.0015635922712 0.0 0.0 0.0 1.0 0.0 0.0 8.0 0.0
1838.0152039213388 0.0 0.0 0.0 1.0 0.0 0.0 8.0 0.0
1839.0011423091332 0.0 0.0 0.0 1.0 0.0 0.0 8.0 0.0
1840.0280041602832 0.0 0.0 0.0 1.0 0.0 0.0 8.0 0.0
1841.0008717992207 0.0 0.0 0.0 1.0 0.0 0.0 8.0 0.0
1842.0299995002845 0.0 0.0 0.0 1.0 0.0 0.0 8.0 0.0
1843.0006347388344 0.0 0.0 0.0 1.0 0.0 0.0 8.0 0.0
1844.0029101927983 0.0 0.0 0.0 1.0 0.0 0.0 8.0 0.0
1845.0094585520742 0.0 0.0 0.0 1.0 0.0 0.0 8.0 0.0
1846.0336467941797 0.0 0.0 0.0 1.0 0.0 0.0 8.0 0.0
1847.035911449601 0.0 0.0 0.0 1.0 0.0 0.0 8.0 0.0
1848.021750104003 0.0 0.0 0.0 1.0 0.0 0.0 8.0 0.0
1849.0455397472429 0.0 0.0 0.0 1.0 0.0 0.0 8.0 0.0
1850.005376730404 0.0 0.0 0.0 1.0 0.0 0.0 8.0 0.0
1851.0096764192097 0.0 0.0 0.0 1.0 0.0 0.0 8.0 0.0
1852.011938830589 0.0 0.0 0.0 1.0 0.0 0.0 8.0 0.0
1853.0049722645533 0.0 0.0 0.0 1.0 0.0 0.0 8.0 0.0
1854.0029170838102 0.0 0.0 0.0 1.0 0.0 0.0 8.0 0.0
1855.0387536920787 0.0 0.0 0.0 1.0 0.0 0.0 8.0 0.0
1856.0414939927343 0.0 0.0 0.0 1.0 0.0 0.0 8.0 0.0
1857.022566078986 0.0 0.0 0.0 1.0 0.0 0.0 8.0 0.0
1858.0127393784414 0.0 0.0 0.0 1.0 0.0 0.0 8.0 0.0
1859.0193785661465 0.0 0.0 0.0 1.0 0.0 0.0 8.0 0.0
1860.022703056062 0.0 0.0 0.0 1.0 0.0 0.0 8.0 0.0
1861.0389130957205 0.0 0.0 0.0 1.0 0.0 0.0 8.0 0.0
1862.0051537200984 0.0 0.0 0.0 1.0 0.0 0.0 8.0 0.0
1863.0016792690978 0.0 0.0 0.0 1.0 0.0 0.0 8.0 0.0
1864.0088295370977 0.0 0.0 0.0 1.0 0.0 0.0 8.0 0.0
1865.035832840264 0.0 0.0 0.0 1.0 0.0 0.0 8.0 0.0
1866.0109547514019 0.0 0.0 0.0 1.0 0.0 0.0 8.0 0.0
1867.0235638092188 0.0 0.0 0.0 1.0 0.0 0.0 8.0 0.0
1868.0246577087519 0.0 0.0 0.0 1.0 0.0 0.0 8.0 0.0
1869.0112918221494 0.0 0.0 0.0 1.0 0.0 0.0 8.0 0.0
1870.0035377941713 0.0 0.0 0.0 1.0 0.0 0.0 8.0 0.0
1871.00002189214 0.0 0.0 0.0 1.0 0.0 0.0 8.0 0.0
1872.0196519088227 0.0 0.0 0.0 1.0 0.0 0.0 8.0 0.0
1873.0052967535578 0.0 0.0 0.0 1.0 0.0 0.0 8.0 0.0
1874.0170029835565 0.0 0.0 0.0 1.0 0.0 0.0 8.0 0.0
1875.0007532820568 0.0 0.0 0.0 1.0 0.0 0.0 8.0 0.0
1876.0127050789545 0.0 0.0 0.0 1.0 0.0 0.0 8.0 0.0
1877.0042630021933 0.0 0.0 0.0 1.0 0.0 0.0 8.0 0.0
1878.0005823615295 0.0 0.0 0.0 1.0 0.0 0.0 8.0 0.0
1879.0094663669124 0.0 0.0 0.0 1.0 0.0 0.0 8.0 0.0
1880.007963733296 0.0 0.0 0.0 1.0 0.0 0.0 8.0 0.0
1881.0002845689144 0.0 0.0 0.0 1.0 0.0 0.0 8.0 0.0
1882.0021020171612 0.0 0.0 0.0 1.0 0.0 0.0 8.0 0.0
1883.0020215269333 0.0 0.0 0.0 1.0 0.0 0.0 8.0 0.0
1884.0162329010113 0.0 0.0 0.0 1.0 0.0 0.0 8.0 0.0
1885.0455397472429 0.0 0.0 0.0 1.0 0.0 0.0 8.0 0.0
1886.0072456892804 0.0 0.0 0.0 1.0 0.0 0.0 8.0 0.0
1887.0206766500467 0.0 0.0 0.0 1.0 0.0 0.0 8.0 0.0
1888.0020146239142 0.0 0.0 0.0 1.0 0.0 0.0 8.0 0.0
1889.003318390475 0.0 0.0 0.0 1.0 0.0 0.0 8.0 0.0
1890.0114883963588 0.0 0.0 0.0 1.0 0.0 0.0 8.0 0.0
1891.003569347271 0.0 0.0 0.0 1.0 0.0 0.0 8.0 0.0
1892.0251442774586 0.0 0.0 0.0 1.0 0.0 0.0 8.0 0.0
1893.0199280726204 0.0 0.0 0.0 1.0 0.0 0.0 8.0 0.0
1894.0063249038617 0.0 0.0 0.0 1.0 0.0 0.0 8.0 0.0
1895.0455397472429 0.0 0.0 0.0 1.0 0.0 0.0 8.0 0.0
1896.0429941309737 0.0 0.0 0.0 1.0 0.0 0.0 8.0 0.0
1897.003129592243 0.0 0.0 0.0 1.0 0.0 0.0 8.0 0.0
1898.0236383704264 0.0 0.0 0.0 1.0 0.0 0.0 8.0 0.0
1899.0042280066264 0.0 0.0 0.0 1.0 0.0 0.0 8.0 0.0
1900.0023263359908 0.0 0.0 0.0 1.0 0.0 0.0 8.0 0.0
1901.0026499870958 0.0 0.0 0.0 1.0 0.0 0.0 8.0 0.0
1902.0058404884603 0.0 0.0 0.0 1.0 0.0 0.0 8.0 0.0
1903.0088728820506 0.0 0.0 0.0 1.0 0.0 0.0 8.0 0.0
1904.0005904346806 0.0 0.0 0.0 1.0 0.0 0.0 8.0 0.0
1905.0055766814844 0.0 0.0 0.0 1.0 0.0 0.0 8.0 0.0
1906.0048665728025 0.0 0.0 0.0 1.0 0.0 0.0 8.0 0.0
1907.0092764668846 0.0 0.0 0.0 1.0 0.0 0.0 8.0 0.0
1908.0007543211834 0.0 0.0 0.0 1.0 0.0 0.0 8.0 0.0
1909.014454171602 0.0 0.0 0.0 1.0 0.0 0.0 8.0 0.0
1910.0004713265898 0.0 0.0 0.0 1.0 0.0 0.0 8.0 0.0
1911.0034184573458 0.0 0.0 0.0 1.0 0.0 0.0 8.0 0.0
1912.0124836321315 0.0 0.0 0.0 1.0 0.0 0.0 8.0 0.0
1913.0311198881586 0.0 0.0 0.0 1.0 0.0 0.0 8.0 0.0
1914.0211501528968 0.0 0.0 0.0 1.0 0.0 0.0 8.0 0.0
1915.0153830527079 0.0 0.0 0.0 1.0 0.0 0.0 8.0 0.0
1916.0185043865354 0.0 0.0 0.0 1.0 0.0 0.0 8.0 0.0
1917.0243840279672 0.0 0.0 0.0 1.0 0.0 0.0 8.0 0.0
1918.0455397472429 0.0 0.0 0.0 1.0 0.0 0.0 8.0 0.0
1919.023289497091 0.0 0.0 0.0 1.0 0.0 0.0 8.0 0.0
1920.0022789773643 0.0 0.0 0.0 1.0 0.0 0.0 8.0 0.0
1921.0249928984008 0.0 0.0 0.0 1.0 0.0 0.0 8.0 0.0
1922.0455397472429 0.0 0.0 0.0 1.0 0.0 0.0 8.0 0.0
1923.0052751978706 0.0 0.0 0.0 1.0 0.0 0.0 8.0 0.0
1924.0149267446332 0.0 0.0 0.0 1.0 0.0 0.0 8.0 0.0
1925.0067891937003 0.0 0.0 0.0 1.0 0.0 0.0 8.0 0.0
1926.006259304886 0.0 0.0 0.0 1.0 0.0 0.0 8.0 0.0
1927.0049718075068 0.0 0.0 0.0 1.0 0.0 0.0 8.0 0.0
1928.009927371574 0.0 0.0 0.0 1.0 0.0 0.0 8.0 0.0
1929.0146634861273 0.0 0.0 0.0 1.0 0.0 0.0 8.0 0.0
1930.0181423818815 0.0 0.0 0.0 1.0 0.0 0.0 8.0 0.0
1931.0201819149243 0.0 0.0 0.0 1.0 0.0 0.0 8.0 0.0
1932.0371721521628 0.0 0.0 0.0 1.0 0.0 0.0 8.0 0.0
1933.0350076173015 0.0 0.0 0.0 1.0 0.0 0.0 8.0 0.0
1934.0154040346908 0.0 0.0 0.0 1.0 0.0 0.0 8.0 0.0
1935.0442023868166 0.0 0.0 0.0 1.0 0.0 0.0 8.0 0.0
1936.0181528574851 0.0 0.0 0.0 1.0 0.0 0.0 8.0 0.0
1937.0131479353445 0.0 0.0 0.0 1.0 0.0 0.0 8.0 0.0
1938.0455397472429 0.0 0.0 0.0 1.0 0.0 0.0 8.0 0.0
1939.011634933502 0.0 0.0 0.0 1.0 0.0 0.0 8.0 0.0
1940.0273806948176 0.0 0.0 0.0 1.0 0.0 0.0 8.0 0.0
1941.0306889199487 0.0 0.0 0.0 1.0 0.0 0.0 8.0 0.0
1942.031142077498 0.0 0.0 0.0 1.0 0.0 0.0 8.0 0.0
1943.0062906011499 0.0 0.0 0.0 1.0 0.0 0.0 8.0 0.0
1944.0062160192506 0.0 0.0 0.0 1.0 0.0 0.0 8.0 0.0
1945.00906803043 0.0 0.0 0.0 1.0 0.0 0.0 8.0 0.0
1946.0083751985014 0.0 0.0 0.0 1.0 0.0 0.0 8.0 0.0
1947.0007422206943 0.0 0.0 0.0 1.0 0.0 0.0 8.0 0.0
1948.002122219982 0.0 0.0 0.0 1.0 0.0 0.0 8.0 0.0
1949.0190075780208 0.0 0.0 0.0 1.0 0.0 0.0 8.0 0.0
1950.008393528102 0.0 0.0 0.0 1.0 0.0 0.0 8.0 0.0
1951.0130334518 0.0 0.0 0.0 1.0 0.0 0.0 8.0 0.0
1952.027895413653 0.0 0.0 0.0 1.0 0.0 0.0 8.0 0.0
1953.0393617210168 0.0 0.0 0.0 1.0 0.0 0.0 8.0 0.0
1954.0408089694788 0.0 0.0 0.0 1.0 0.0 0.0 8.0 0.0
1955.0191722567765 0.0 0.0 0.0 1.0 0.0 0.0 8.0 0.0
1956.0126508544317 0.0 0.0 0.0 1.0 0.0 0.0 8.0 0.0
1957.0059916605983 0.0 0.0 0.0 1.0 0.0 0.0 8.0 0.0
1958.0167880868287 0.0 0.0 0.0 1.0 0.0 0.0 8.0 0.0
1959.00850063195 0.0 0.0 0.0 1.0 0.0 0.0 8.0 0.0
1960.0098080565756 0.0 0.0 0.0 1.0 0.0 0.0 8.0 0.0
1961.000517902795 0.0 0.0 0.0 1.0 0.0 0.0 8.0 0.0
1962.016760589137 0.0 0.0 0.0 1.0 0.0 0.0 8.0 0.0
1963.012668239644 0.0 0.0 0.0 1.0 0.0 0.0 8.0 0.0
1964.0133952594113 0.0 0.0 0.0 1.0 0.0 0.0 8.0 0.0
1965.0455397472429 0.0 0.0 0.0 1.0 0.0 0.0 8.0 0.0
1966.0135614622718 0.0 0.0 0.0 1.0 0.0 0.0 8.0 0.0
1967.0002459279074 0.0 0.0 0.0 1.0 0.0 0.0 8.0 0.0
1968.0234586362349 0.0 0.0 0.0 1.0 0.0 0.0 8.0 0.0
1969.0125613255436 0.0 0.0 0.0 1.0 0.0 0.0 8.0 0.0
1970.0089018850954 0.0 0.0 0.0 1.0 0.0 0.0 8.0 0.0
1971.00620987806 0.0 0.0 0.0 1.0 0.0 0.0 8.0 0.0
1972.000327820382 0.0 0.0 0.0 1.0 0.0 0.0 8.0 0.0
1973.001534516062 0.0 0.0 0.0 1.0 0.0 0.0 8.0 0.0
1974.0252904775957 0.0 0.0 0.0 1.0 0.0 0.0 8.0 0.0
1975.0038116263718 0.0 0.0 0.0 1.0 0.0 0.0 8.0 0.0
1976.0089298980215 0.0 0.0 0.0 1.0 0.0 0.0 8.0 0.0
1977.010644097788 0.0 0.0 0.0 1.0 0.0 0.0 8.0 0.0
1978.0251834188969 0.0 0.0 0.0 1.0 0.0 0.0 8.0 0.0
1979.0149109884678 0.0 0.0 0.0 1.0 0.0 0.0 8.0 0.0
1980.0146048169065 0.0 0.0 0.0 1.0 0.0 0.0 8.0 0.0
1981.038263997523 0.0 0.0 0.0 1.0 0.0 0.0 8.0 0.0
1982.0144728621194 0.0 0.0 0.0 1.0 0.0 0.0 8.0 0.0
1983.0029495280564 0.0 0.0 0.0 1.0 0.0 0.0 8.0 0.0
1984.0455397472429 0.0 0.0 0.0 1.0 0.0 0.0 8.0 0.0
1985.0080433636758 0.0 0.0 0.0 1.0 0.0 0.0 8.0 0.0
1986.0455397472429 0.0 0.0 0.0 1.0 0.0 0.0 8.0 0.0
1987.0085309582307 0.0 0.0 0.0 1.0 0.0 0.0 8.0 0.0
1988.0001770678014 0.0 0.0 0.0 1.0 0.0 0.0 8.0 0.0
1989.002236604087 0.0 0.0 0.0 1.0 0.0 0.0 8.0 0.0
1990.0102656095594 0.0 0.0 0.0 1.0 0.0 0.0 8.0 0.0
1991.0008520629035 0.0 0.0 0.0 1.0 0.0 0.0 8.0 0.0
1992.0024525530148 0.0 0.0 0.0 1.0 0.0 0.0 8.0 0.0
1993.0073579758687 0.0 0.0 0.0 1.0 0.0 0.0 8.0 0.0
1994.0048637440289 0.0 0.0 0.0 1.0 0.0 0.0 8.0 0.0
1995.0063059939143 0.0 0.0 0.0 1.0 0.0 0.0 8.0 0.0
1996.0178576431551 0.0 0.0 0.0 1.0 0.0 0.0 8.0 0.0
1997.0081653828074 0.0 0.0 0.0 1.0 0.0 0.0 8.0 0.0
1998.0139436225393 0.0 0.0 0.0 1.0 0.0 0.0 8.0 0.0
1999.0106744955037 0.0 0.0 0.0 1.0 0.0 0.0 8.0 0.0
2000.0139046263996 0.0 0.0 0.0 1.0 0.0 0.0 8.0 0.0
2001.0181471931494 0.0 0.0 0.0 1.0 0.0 0.0 8.0 0.0
2002.0136020677603 0.0 0.0 0.0 1.0 0.0 0.0 8.0 0.0
2003.0203703728728 0.0 0.0 0.0 1.0 0.0 0.0 8.0 0.0
2004.0405562803762 0.0 0.0 0.0 1.0 0.0 0.0 8.0 0.0
2005.0031129763838 0.0 0.0 0.0 1.0 0.0 0.0 8.0 0.0
2006.0005956093282 0.0 0.0 0.0 1.0 0.0 0.0 8.0 0.0
2007.0037742654943 0.0 0.0 0.0 1.0 0.0 0.0 8.0 0.0
2008.023533608617 0.0 0.0 0.0 1.0 0.0 0.0 8.0 0.0
2009.00759811081 0.0 0.0 0.0 1.0 0.0 0.0 8.0 0.0
2010.0152331172114 0.0 0.0 0.0 1.0 0.0 0.0 8.0 0.0
2011.031295774735 0.0 0.0 0.0 1.0 0.0 0.0 8.0 0.0
2012.0076882515846 0.0 0.0 0.0 1.0 0.0 0.0 8.0 0.0
2013.0045444645384 0.0 0.0 0.0 1.0 0.0 0.0 8.0 0.0
2014.0007577681392 0.0 0.0 0.0 1.0 0.0 0.0 8.0 0.0
2015.0119633444747 0.0 0.0 0.0 1.0 0.0 0.0 8.0 0.0
2016.010177053339 0.0 0.0 0.0 1.0 0.0 0.0 8.0 0.0
2017.0127351608014 0.0 0.0 0.0 1.0 0.0 0.0 8.0 0.0
2018.0041604199846 0.0 0.0 0.0 1.0 0.0 0.0 8.0 0.0
2019.0322557908164 0.0 0.0 0.0 1.0 0.0 0.0 8.0 0.0
2020.0045121119333 0.0 0.0 0.0 1.0 0.0 0.0 8.0 0.0
2021.0237517420428 0.0 0.0 0.0 1.0 0.0 0.0 8.0 0.0
2022.0285016704354 0.0 0.0 0.0 1.0 0.0 0.0 8.0 0.0
2023.0033503245536 0.0 0.0 0.0 1.0 0.0 0.0 8.0 0.0
2024.0031059901128 0.0 0.0 0.0 1.0 0.0 0.0 8.0 0.0
2025.0121905279655 0.0 0.0 0.0 1.0 0.0 0.0 8.0 0.0
2026.001788636868 0.0 0.0 0.0 1.0 0.0 0.0 8.0 0.0
2027.0037118854318 0.0 0.0 0.0 1.0 0.0 0.0 8.0 0.0
2028.0106924177694 0.0 0.0 0.0 1.0 0.0 0.0 8.0 0.0
2029.0056887631404 0.0 0.0 0.0 1.0 0.0 0.0 8.0 0.0
2030.0246274450217 0.0 0.0 0.0 1.0 0.0 0.0 8.0 0.0
2031.012108654584 0.0 0.0 0.0 1.0 0.0 0.0 8.0 0.0
2032.0013665485938 0.0 0.0 0.0 1.0 0.0 0.0 8.0 0.0
2033.000717698436 0.0 0.0 0.0 1.0 0.0 0.0 8.0 0.0
2034.0112334727455 0.0 0.0 0.0 1.0 0.0 0.0 8.0 0.0
2035.0455397472429 0.0 0.0 0.0 1.0 0.0 0.0 8.0 0.0
2036.015886999803 0.0 0.0 0.0 1.0 0.0 0.0 8.0 0.0
2037.0184899503456 0.0 0.0 0.0 1.0 0.0 0.0 8.0 0.0
2038.0207651771552 0.0 0.0 0.0 1.0 0.0 0.0 8.0 0.0
2039.0037213206017 0.0 0.0 0.0 1.0 0.0 0.0 8.0 0.0
2040.0205099910622 0.0 0.0 0.0 1.0 0.0 0.0 8.0 0.0
2041.0113865654323 0.0 0.0 0.0 1.0 0.0 0.0 8.0 0.0
2042.0271716040395 0.0 0.0 0.0 1.0 0.0 0.0 8.0 0.0
2043.0084482021452 0.0 0.0 0.0 1.0 0.0 0.0 8.0 0.0
2044.0301955013203 0.0 0.0 0.0 1.0 0.0 0.0 8.0 0.0
2045.0001826111807 0.0 0.0 0.0 1.0 0.0 0.0 8.0 0.0
2046.0188407312714 0.0 0.0 0.0 1.0 0.0 0.0 8.0 0.0
2047.0012386054038 0.0 0.0 0.0 1.0 0.0 0.0 8.0 0.0
2048.009503995449 0.0 0.0 0.0 1.0 0.0 0.0 8.0 0.0
2049.019667504817 0.0 0.0 0.0 1.0 0.0 0.0 8.0 0.0
2050.0033455382695 0.0 0.0 0.0 1.0 0.0 0.0 8.0 0.0
2051.0188389308623 0.0 0.0 0.0 1.0 0.0 0.0 8.0 0.0
2052.008064554742 0.0 0.0 0.0 1.0 0.0 0.0 8.0 0.0
2053.0327489574443 0.0 0.0 0.0 1.0 0.0 0.0 8.0 0.0
2054.016387005473 0.0 0.0 0.0 1.0 0.0 0.0 8.0 0.0
2055.0282353018865 0.0 0.0 0.0 1.0 0.0 0.0 8.0 0.0
2056.024185727066 0.0 0.0 0.0 1.0 0.0 0.0 8.0 0.0
2057.0017072455103 0.0 0.0 0.0 1.0 0.0 0.0 8.0 0.0
2058.008314841813 0.0 0.0 0.0 1.0 0.0 0.0 8.0 0.0
2059.004661730225 0.0 0.0 0.0 1.0 0.0 0.0 8.0 0.0
2060.029093599632 0.0 0.0 0.0 1.0 0.0 0.0 8.0 0.0
2061.0198269309753 0.0 0.0 0.0 1.0 0.0 0.0 8.0 0.0
2062.0057258549 0.0 0.0 0.0 1.0 0.0 0.0 8.0 0.0
2063.045539747243 0.0 0.0 0.0 1.0 0.0 0.0 8.0 0.0
2064.011594158816 0.0 0.0 0.0 1.0 0.0 0.0 8.0 0.0
2065.0193929683687 0.0 0.0 0.0 1.0 0.0 0.0 8.0 0.0
2066.0068152844233 0.0 0.0 0.0 1.0 0.0 0.0 8.0 0.0
2067.007414251818 0.0 0.0 0.0 1.0 0.0 0.0 8.0 0.0
2068.0111364156273 0.0 0.0 0.0 1.0 0.0 0.0 8.0 0.0
2069.0034189723865 0.0 0.0 0.0 1.0 0.0 0.0 8.0 0.0
2070.0043594845306 0.0 0.0 0.0 1.0 0.0 0.0 8.0 0.0
2071.0063000526 0.0 0.0 0.0 1.0 0.0 0.0 8.0 0.0
2072.045539747243 0.0 0.0 0.0 1.0 0.0 0.0 8.0 0.0
2073.0206862994955 0.0 0.0 0.0 1.0 0.0 0.0 8.0 0.0
2074.002962173396 0.0 0.0 0.0 1.0 0.0 0.0 8.0 0.0
2075.007310449707 0.0 0.0 0.0 1.0 0.0 0.0 8.0 0.0
2076.0079565651677 0.0 0.0 0.0 1.0 0.0 0.0 8.0 0.0
2077.0141821178045 0.0 0.0 0.0 1.0 0.0 0.0 8.0 0.0
2078.0131642086326 0.0 0.0 0.0 1.0 0.0 0.0 8.0 0.0
2079.0092175520117 0.0 0.0 0.0 1.0 0.0 0.0 8.0 0.0
2080.01596826827 0.0 0.0 0.0 1.0 0.0 0.0 8.0 0.0
2081.0254814180967 0.0 0.0 0.0 1.0 0.0 0.0 8.0 0.0
2082.0079227820547 0.0 0.0 0.0 1.0 0.0 0.0 8.0 0.0
2083.009776508765 0.0 0.0 0.0 1.0 0.0 0.0 8.0 0.0
2084.014812850708 0.0 0.0 0.0 1.0 0.0 0.0 8.0 0.0
2085.033714193452 0.0 0.0 0.0 1.0 0.0 0.0 8.0 0.0
2086.0070957612907 0.0 0.0 0.0 1.0 0.0 0.0 8.0 0.0
2087.024649732894 0.0 0.0 0.0 1.0 0.0 0.0 8.0 0.0
2088.0050796800015 0.0 0.0 0.0 1.0 0.0 0.0 8.0 0.0
2089.0066912825823 0.0 0.0 0.0 1.0 0.0 0.0 8.0 0.0
2090.045539747243 0.0 0.0 0.0 1.0 0.0 0.0 8.0 0.0
2091.0079634675863 0.0 0.0 0.0 1.0 0.0 0.0 8.0 0.0
2092.045539747243 0.0 0.0 0.0 1.0 0.0 0.0 8.0 0.0
2093.0019810292238 0.0 0.0 0.0 1.0 0.0 0.0 8.0 0.0
2094.021924244687 0.0 0.0 0.0 1.0 0.0 0.0 8.0 0.0
2095.023773363487 0.0 0.0 0.0 1.0 0.0 0.0 8.0 0.0
2096.024253812564 0.0 0.0 0.0 1.0 0.0 0.0 8.0 0.0
2097.045539747243 0.0 0.0 0.0 1.0 0.0 0.0 8.0 0.0
2098.0026970819144 0.0 0.0 0.0 1.0 0.0 0.0 8.0 0.0
2099.0237289272495 0.0 0.0 0.0 1.0 0.0 0.0 8.0 0.0
2100.045539747243 0.0 0.0 0.0 1.0 0.0 0.0 8.0 0.0
2101.002021204267 0.0 0.0 0.0 1.0 0.0 0.0 8.0 0.0
2102.0203381491033 0.0 0.0 0.0 1.0 0.0 0.0 8.0 0.0
2103.003204472787 0.0 0.0 0.0 1.0 0.0 0.0 8.0 0.0
2104.0218466786237 0.0 0.0 0.0 1.0 0.0 0.0 8.0 0.0
2105.0164291988444 0.0 0.0 0.0 1.0 0.0 0.0 8.0 0.0
2106.045539747243 0.0 0.0 0.0 1.0 0.0 0.0 8.0 0.0
2107.001498743841 0.0 0.0 0.0 1.0 0.0 0.0 8.0 0.0
2108.000876543238 0.0 0.0 0.0 1.0 0.0 0.0 8.0 0.0
2109.023283320817 0.0 0.0 0.0 1.0 0.0 0.0 8.0 0.0
2110.007529605898 0.0 0.0 0.0 1.0 0.0 0.0 8.0 0.0
2111.0225660600245 0.0 0.0 0.0 1.0 0.0 0.0 8.0 0.0
2112.014882009952 0.0 0.0 0.0 1.0 0.0 0.0 8.0 0.0
2113.0078447651495 0.0 0.0 0.0 1.0 0.0 0.0 8.0 0.0
2114.0151405108927 0.0 0.0 0.0 1.0 0.0 0.0 8.0 0.0
2115.0000132749105 0.0 0.0 0.0 1.0 0.0 0.0 8.0 0.0
2116.004057805313 0.0 0.0 0.0 1.0 0.0 0.0 8.0 0.0
2117.007217396382 0.0 0.0 0.0 1.0 0.0 0.0 8.0 0.0
2118.0038960126913 0.0 0.0 0.0 1.0 0.0 0.0 8.0 0.0
2119.0243159516435 0.0 0.0 0.0 1.0 0.0 0.0 8.0 0.0
2120.040833484011 0.0 0.0 0.0 1.0 0.0 0.0 8.0 0.0
2121.0087486251236 0.0 0.0 0.0 1.0 0.0 0.0 8.0 0.0
2122.0172104987823 0.0 0.0 0.0 1.0 0.0 0.0 8.0 0.0
2123.0110556768796 0.0 0.0 0.0 1.0 0.0 0.0 8.0 0.0
2124.0011431257262 0.0 0.0 0.0 1.0 0.0 0.0 8.0 0.0
2125.045056273739 0.0 0.0 0.0 1.0 0.0 0.0 8.0 0.0
2126.0009011024035 0.0 0.0 0.0 1.0 0.0 0.0 8.0 0.0
2127.00423984369 0.0 0.0 0.0 1.0 0.0 0.0 8.0 0.0
2128.008479199244 0.0 0.0 0.0 1.0 0.0 0.0 8.0 0.0
2129.011894395975 0.0 0.0 0.0 1.0 0.0 0.0 8.0 0.0
2130.045539747243 0.0 0.0 0.0 1.0 0.0 0.0 8.0 0.0
2131.0316282776594 0.0 0.0 0.0 1.0 0.0 0.0 8.0 0.0
2132.005457734166 0.0 0.0 0.0 1.0 0.0 0.0 8.0 0.0
2133.001481061279 0.0 0.0 0.0 1.0 0.0 0.0 8.0 0.0
2134.027101814422 0.0 0.0 0.0 1.0 0.0 0.0 8.0 0.0
2135.000830244683 0.0 0.0 0.0 1.0 0.0 0.0 8.0 0.0
2136.01583762031 0.0 0.0 0.0 1.0 0.0 0.0 8.0 0.0
2137.030096613661 0.0 0.0 0.0 1.0 0.0 0.0 8.0 0.0
2138.023557481764 0.0 0.0 0.0 1.0 0.0 0.0 8.0 0.0
2139.0025361813923 0.0 0.0 0.0 1.0 0.0 0.0 8.0 0.0
2140.0343007112515 0.0 0.0 0.0 1.0 0.0 0.0 8.0 0.0
2141.0049362429345 0.0 0.0 0.0 1.0 0.0 0.0 8.0 0.0
2142.009611133507 0.0 0.0 0.0 1.0 0.0 0.0 8.0 0.0
2143.033356532872 0.0 0.0 0.0 1.0 0.0 0.0 8.0 0.0
2144.012539684024 0.0 0.0 0.0 1.0 0.0 0.0 8.0 0.0
2145.033305467566 0.0 0.0 0.0 1.0 0.0 0.0 8.0 0.0
2146.0141462195206 0.0 0.0 0.0 1.0 0.0 0.0 8.0 0.0
2147.0317518840443 0.0 0.0 0.0 1.0 0.0 0.0 8.0 0.0
2148.0097039756697 0.0 0.0 0.0 1.0 0.0 0.0 8.0 0.0
2149.0144673078116 0.0 0.0 0.0 1.0 0.0 0.0 8.0 0.0
2150.001462824433 0.0 0.0 0.0 1.0 0.0 0.0 8.0 0.0
2151.001318976945 0.0 0.0 0.0 1.0 0.0 0.0 8.0 0.0
2152.0206327485607 0.0 0.0 0.0 1.0 0.0 0.0 8.0 0.0
2153.0160521354096 0.0 0.0 0.0 1.0 0.0 0.0 8.0 0.0
2154.0098551770493 0.0 0.0 0.0 1.0 0.0 0.0 8.0 0.0
2155.003143963558 0.0 0.0 0.0 1.0 0.0 0.0 8.0 0.0
2156.033118806071 0.0 0.0 0.0 1.0 0.0 0.0 8.0 0.0
2157.0022037833623 0.0 0.0 0.0 1.0 0.0 0.0 8.0 0.0
2158.0221979867224 0.0 0.0 0.0 1.0 0.0 0.0 8.0 0.0
2159.045539747243 0.0 0.0 0.0 1.0 0.0 0.0 8.0 0.0
2160.025223150028 0.0 0.0 0.0 1.0 0.0 0.0 8.0 0.0
2161.018403781864 0.0 0.0 0.0 1.0 0.0 0.0 8.0 0.0
2162.023309093944 0.0 0.0 0.0 1.0 0.0 0.0 8.0 0.0
2163.0244527418195 0.0 0.0 0.0 1.0 0.0 0.0 8.0 0.0
2164.0077344821952 0.0 0.0 0.0 1.0 0.0 0.0 8.0 0.0
2165.0028337551435 0.0 0.0 0.0 1.0 0.0 0.0 8.0 0.0
2166.015865515119 0.0 0.0 0.0 1.0 0.0 0.0 8.0 0.0
2167.021867112305 0.0 0.0 0.0 1.0 0.0 0.0 8.0 0.0
2168.001442272345 0.0 0.0 0.0 1.0 0.0 0.0 8.0 0.0
2169.017630871789 0.0 0.0 0.0 1.0 0.0 0.0 8.0 0.0
2170.0099910830736 0.0 0.0 0.0 1.0 0.0 0.0 8.0 0.0
2171.0127361259497 0.0 0.0 0.0 1.0 0.0 0.0 8.0 0.0
2172.012540917315 0.0 0.0 0.0 1.0 0.0 0.0 8.0 0.0
2173.015069497402 0.0 0.0 0.0 1.0 0.0 0.0 8.0 0.0
2174.0009959122344 0.0 0.0 0.0 1.0 0.0 0.0 8.0 0.0
2175.0064150419316 0.0 0.0 0.0 1.0 0.0 0.0 8.0 0.0
2176.0003325491757 0.0 0.0 0.0 1.0 0.0 0.0 8.0 0.0
2177.00649744918 0.0 0.0 0.0 1.0 0.0 0.0 8.0 0.0
2178.0269065744874 0.0 0.0 0.0 1.0 0.0 0.0 8.0 0.0
2179.001018682845 0.0 0.0 0.0 1.0 0.0 0.0 8.0 0.0
2180.005742871905 0.0 0.0 0.0 1.0 0.0 0.0 8.0 0.0
2181.0111492469105 0.0 0.0 0.0 1.0 0.0 0.0 8.0 0.0
2182.0010634046334 0.0 0.0 0.0 1.0 0.0 0.0 8.0 0.0
2183.0001119330577 0.0 0.0 0.0 1.0 0.0 0.0 8.0 0.0
2184.008320153716 0.0 0.0 0.0 1.0 0.0 0.0 8.0 0.0
2185.004403000535 0.0 0.0 0.0 1.0 0.0 0.0 8.0 0.0
2186.021394265946 0.0 0.0 0.0 1.0 0.0 0.0 8.0 0.0
2187.001054058469 0.0 0.0 0.0 1.0 0.0 0.0 8.0 0.0
2188.0148076260202 0.0 0.0 0.0 1.0 0.0 0.0 8.0 0.0
2189.045333691225 0.0 0.0 0.0 1.0 0.0 0.0 8.0 0.0
2190.0075015509296 0.0 0.0 0.0 1.0 0.0 0.0 8.0 0.0
2191.045539747243 0.0 0.0 0.0 1.0 0.0 0.0 8.0 0.0
2192.0244007342494 0.0 0.0 0.0 1.0 0.0 0.0 8.0 0.0
2193.011206776988 0.0 0.0 0.0 1.0 0.0 0.0 8.0 0.0
2194.007386377684 0.0 0.0 0.0 1.0 0.0 0.0 8.0 0.0
2195.022610727244 0.0 0.0 0.0 1.0 0.0 0.0 8.0 0.0
2196.003718937408 0.0 0.0 0.0 1.0 0.0 0.0 8.0 0.0
2197.0108628188273 0.0 0.0 0.0 1.0 0.0 0.0 8.0 0.0
2198.001861691562 0.0 0.0 0.0 1.0 0.0 0.0 8.0 0.0
2199.0158683335485 0.0 0.0 0.0 1.0 0.0 0.0 8.0 0.0
2200.00209000335 0.0 0.0 0.0 1.0 0.0 0.0 8.0 0.0
2201.0015481442515 0.0 0.0 0.0 1.0 0.0 0.0 8.0 0.0
2202.0250071218848 0.0 0.0 0.0 1.0 0.0 0.0 8.0 0.0
2203.0166161867146 0.0 0.0 0.0 1.0 0.0 0.0 8.0 0.0
2204.0255269452678 0.0 0.0 0.0 1.0 0.0 0.0 8.0 0.0
2205.0053135250996 0.0 0.0 0.0 1.0 0.0 0.0 8.0 0.0
2206.004006311471 0.0 0.0 0.0 1.0 0.0 0.0 8.0 0.0
2207.0339618652783 0.0 0.0 0.0 1.0 0.0 0.0 8.0 0.0
2208.0096562297704 0.0 0.0 0.0 1.0 0.0 0.0 8.0 0.0
2209.02512008042 0.0 0.0 0.0 1.0 0.0 0.0 8.0 0.0
2210.0151354679 0.0 0.0 0.0 1.0 0.0 0.0 8.0 0.0
2211.0227313954806 0.0 0.0 0.0 1.0 0.0 0.0 8.0 0.0
2212.015963407246 0.0 0.0 0.0 1.0 0.0 0.0 8.0 0.0
2213.0105590552844 0.0 0.0 0.0 1.0 0.0 0.0 8.0 0.0
2214.001946082959 0.0 0.0 0.0 1.0 0.0 0.0 8.0 0.0
2215.0102043788374 0.0 0.0 0.0 1.0 0.0 0.0 8.0 0.0
2216.0423468444797 0.0 0.0 0.0 1.0 0.0 0.0 8.0 0.0
2217.0101424712507 0.0 0.0 0.0 1.0 0.0 0.0 8.0 0.0
2218.0022828111314 0.0 0.0 0.0 1.0 0.0 0.0 8.0 0.0
2219.008709372882 0.0 0.0 0.0 1.0 0.0 0.0 8.0 0.0
2220.0127722249103 0.0 0.0 0.0 1.0 0.0 0.0 8.0 0.0
2221.014542363006 0.0 0.0 0.0 1.0 0.0 0.0 8.0 0.0
2222.0353911582856 0.0 0.0 0.0 1.0 0.0 0.0 8.0 0.0
2223.0013298786466 0.0 0.0 0.0 1.0 0.0 0.0 8.0 0.0
2224.0092702483203 0.0 0.0 0.0 1.0 0.0 0.0 8.0 0.0
2225.001221350316 0.0 0.0 0.0 1.0 0.0 0.0 8.0 0.0
2226.0308148524846 0.0 0.0 0.0 1.0 0.0 0.0 8.0 0.0
2227.0160347253127 0.0 0.0 0.0 1.0 0.0 0.0 8.0 0.0
2228.0369291427755 0.0 0.0 0.0 1.0 0.0 0.0 8.0 0.0
2229.0181575973634 0.0 0.0 0.0 1.0 0.0 0.0 8.0 0.0
2230.001091209488 0.0 0.0 0.0 1.0 0.0 0.0 8.0 0.0
2231.0358558893104 0.0 0.0 0.0 1.0 0.0 0.0 8.0 0.0
2232.004148633081 0.0 0.0 0.0 1.0 0.0 0.0 8.0 0.0
2233.0048991054023 0.0 0.0 0.0 1.0 0.0 0.0 8.0 0.0
2234.0340863815463 0.0 0.0 0.0 1.0 0.0 0.0 8.0 0.0
2235.011499684793 0.0 0.0 0.0 1.0 0.0 0.0 8.0 0.0
2236.0128863505265 0.0 0.0 0.0 1.0 0.0 0.0 8.0 0.0
2237.003886658478 0.0 0.0 0.0 1.0 0.0 0.0 8.0 0.0
2238.004059520775 0.0 0.0 0.0 1.0 0.0 0.0 8.0 0.0
2239.0003052945667 0.0 0.0 0.0 1.0 0.0 0.0 8.0 0.0
2240.0166673191516 0.0 0.0 0.0 1.0 0.0 0.0 8.0 0.0
2241.0330521686724 0.0 0.0 0.0 1.0 0.0 0.0 8.0 0.0
2242.0046785395457 0.0 0.0 0.0 1.0 0.0 0.0 8.0 0.0
2243.045539747243 0.0 0.0 0.0 1.0 0.0 0.0 8.0 0.0
2244.006008478003 0.0 0.0 0.0 1.0 0.0 0.0 8.0 0.0
2245.001293319805 0.0 0.0 0.0 1.0 0.0 0.0 8.0 0.0
2246.016481035108 0.0 0.0 0.0 1.0 0.0 0.0 8.0 0.0
2247.0072006287073 0.0 0.0 0.0 1.0 0.0 0.0 8.0 0.0
2248.0067471704956 0.0 0.0 0.0 1.0 0.0 0.0 8.0 0.0
2249.0029984679772 0.0 0.0 0.0 1.0 0.0 0.0 8.0 0.0
2250.0008127354786 0.0 0.0 0.0 1.0 0.0 0.0 8.0 0.0
2251.0243902509155 0.0 0.0 0.0 1.0 0.0 0.0 8.0 0.0
2252.0019294182744 0.0 0.0 0.0 1.0 0.0 0.0 8.0 0.0
2253.004624834522 0.0 0.0 0.0 1.0 0.0 0.0 8.0 0.0
2254.0154815311234 0.0 0.0 0.0 1.0 0.0 0.0 8.0 0.0
2255.0071831482287 0.0 0.0 0.0 1.0 0.0 0.0 8.0 0.0
2256.001573206426 0.0 0.0 0.0 1.0 0.0 0.0 8.0 0.0
2257.001092631046 0.0 0.0 0.0 1.0 0.0 0.0 8.0 0.0
2258.0051259256484 0.0 0.0 0.0 1.0 0.0 0.0 8.0 0.0
2259.001854988474 0.0 0.0 0.0 1.0 0.0 0.0 8.0 0.0
2260.010295965255 0.0 0.0 0.0 1.0 0.0 0.0 8.0 0.0
2261.0217299539313 0.0 0.0 0.0 1.0 0.0 0.0 8.0 0.0
2262.0119652769017 0.0 0.0 0.0 1.0 0.0 0.0 8.0 0.0
2263.0422721658447 0.0 0.0 0.0 1.0 0.0 0.0 8.0 0.0
2264.005394949491 0.0 0.0 0.0 1.0 0.0 0.0 8.0 0.0
2265.0089274814472 0.0 0.0 0.0 1.0 0.0 0.0 8.0 0.0
2266.025602401762 0.0 0.0 0.0 1.0 0.0 0.0 8.0 0.0
2267.028875983636 0.0 0.0 0.0 1.0 0.0 0.0 8.0 0.0
2268.0027402298074 0.0 0.0 0.0 1.0 0.0 0.0 8.0 0.0
2269.0138303257772 0.0 0.0 0.0 1.0 0.0 0.0 8.0 0.0
2270.0014505546783 0.0 0.0 0.0 1.0 0.0 0.0 8.0 0.0
2271.015615879939 0.0 0.0 0.0 1.0 0.0 0.0 8.0 0.0
2272.0011931751105 0.0 0.0 0.0 1.0 0.0 0.0 8.0 0.0
2273.0072481709453 0.0 0.0 0.0 1.0 0.0 0.0 8.0 0.0
2274.0123927010727 0.0 0.0 0.0 1.0 0.0 0.0 8.0 0.0
2275.023493028182 0.0 0.0 0.0 1.0 0.0 0.0 8.0 0.0
2276.000967043606 0.0 0.0 0.0 1.0 0.0 0.0 8.0 0.0
2277.045539747243 0.0 0.0 0.0 1.0 0.0 0.0 8.0 0.0
2278.0063761034276 0.0 0.0 0.0 1.0 0.0 0.0 8.0 0.0
2279.0382205825917 0.0 0.0 0.0 1.0 0.0 0.0 8.0 0.0
2280.000593256258 0.0 0.0 0.0 1.0 0.0 0.0 8.0 0.0
2281.002497521242 0.0 0.0 0.0 1.0 0.0 0.0 8.0 0.0
2282.0126384347686 0.0 0.0 0.0 1.0 0.0 0.0 8.0 0.0
2283.016270065011 0.0 0.0 0.0 1.0 0.0 0.0 8.0 0.0
2284.008985967506 0.0 0.0 0.0 1.0 0.0 0.0 8.0 0.0
2285.0163578961556 0.0 0.0 0.0 1.0 0.0 0.0 8.0 0.0
2286.0022790258 0.0 0.0 0.0 1.0 0.0 0.0 8.0 0.0
2287.005681625786 0.0 0.0 0.0 1.0 0.0 0.0 8.0 0.0
2288.0037774116463 0.0 0.0 0.0 1.0 0.0 0.0 8.0 0.0
2289.005866182452 0.0 0.0 0.0 1.0 0.0 0.0 8.0 0.0
2290.0096718891064 0.0 0.0 0.0 1.0 0.0 0.0 8.0 0.0
2291.004212819482 0.0 0.0 0.0 1.0 0.0 0.0 8.0 0.0
2292.0106801074508 0.0 0.0 0.0 1.0 0.0 0.0 8.0 0.0
2293.0165304665393 0.0 0.0 0.0 1.0 0.0 0.0 8.0 0.0
2294.0235677657947 0.0 0.0 0.0 1.0 0.0 0.0 8.0 0.0
2295.045539747243 0.0 0.0 0.0 1.0 0.0 0.0 8.0 0.0
2296.0005854442406 0.0 0.0 0.0 1.0 0.0 0.0 8.0 0.0
2297.0059595846246 0.0 0.0 0.0 1.0 0.0 0.0 8.0 0.0
2298.0202085989513 0.0 0.0 0.0 1.0 0.0 0.0 8.0 0.0
2299.003108277982 0.0 0.0 0.0 1.0 0.0 0.0 8.0 0.0
2300.030272698299 0.0 0.0 0.0 1.0 0.0 0.0 7.825 0.0
2301.0202578102803 0.5625 0.0 0.0 0.4375 0.0 1.0 7.15 0.4861111111111111
2302.0185660051243 0.9375 0.0 0.0 0.0625 0.0 1.0 6.8125 0.11574074074074074
2303.0005811824612 1.0 0.0 0.0 0.0 0.0 1.0 7.425 0.0
2304.0051135705744 1.0 0.0 0.0 0.0 0.0 1.0 7.95 0.0
2305.0086189744925 1.0 0.0 0.0 0.0 0.0 1.0 7.9625 0.0
2306.045539747243 1.0 0.0 0.0 0.0 0.0 1.0 7.9875 0.0
2307.009858702685 1.0 0.0 0.0 0.0 0.0 1.0 7.9875 0.0
2308.002066631913 1.0 0.0 0.0 0.0 0.0 1.0 8.0 0.0
2309.007381912894 1.0 0.0 0.0 0.0 0.0 1.0 8.0 0.0
2310.0281694587834 1.0 0.0 0.0 0.0 0.0 1.0 8.0 0.0
2311.023563525002 1.0 0.0 0.0 0.0 0.0 1.0 8.0 0.0
2312.0041521421167 1.0 0.0 0.0 0.0 0.0 1.0 8.0 0.0
2313.0001812617083 1.0 0.0 0.0 0.0 0.0 1.0 8.0 0.0
2314.000829195842 1.0 0.0 0.0 0.0 0.0 1.0 8.0 0.0
2315.0244664184816 1.0 0.0 0.0 0.0 0.0 1.0 8.0 0.0
2316.0016062214545 1.0 0.0 0.0 0.0 0.0 1.0 8.0 0.0
2317.0090219591666 1.0 0.0 0.0 0.0 0.0 1.0 8.0 0.0
2318.0009771206123 1.0 0.0 0.0 0.0 0.0 1.0 8.0 0.0
2319.0376486646114 1.0 0.0 0.0 0.0 0.0 1.0 8.0 0.0
2320.0110498962895 1.0 0.0 0.0 0.0 0.0 1.0 8.0 0.0
2321.0004327737015 1.0 0.0 0.0 0.0 0.0 1.0 8.0 0.0
2322.028400303574 1.0 0.0 0.0 0.0 0.0 1.0 8.0 0.0
2323.045539747243 1.0 0.0 0.0 0.0 0.0 1.0 8.0 0.0
2324.0150397231746 1.0 0.0 0.0 0.0 0.0 1.0 8.0 0.0
2325.005451851979 1.0 0.0 0.0 0.0 0.0 1.0 8.0 0.0
2326.045539747243 1.0 0.0 0.0 0.0 0.0 1.0 8.0 0.0
2327.003271907831 1.0 0.0 0.0 0.0 0.0 1.0 8.0 0.0
2328.0300910472906 1.0 0.0 0.0 0.0 0.0 1.0 8.0 0.0
2329.045539747243 1.0 0.0 0.0 0.0 0.0 1.0 8.0 0.0
2330.004060938456 1.0 0.0 0.0 0.0 0.0 1.0 8.0 0.0
2331.025442941768 1.0 0.0 0.0 0.0 0.0 1.0 8.0 0.0
2332.0394093157297 1.0 0.0 0.0 0.0 0.0 1.0 8.0 0.0
2333.0006131901505 1.0 0.0 0.0 0.0 0.0 1.0 8.0 0.0
2334.0000841773494 1.0 0.0 0.0 0.0 0.0 1.0 8.0 0.0
2335.000605880704 1.0 0.0 0.0 0.0 0.0 1.0 8.0 0.0
2336.0058228813755 1.0 0.0 0.0 0.0 0.0 1.0 8.0 0.0
2337.005821006931 1.0 0.0 0.0 0.0 0.0 1.0 8.0 0.0
2338.0086937094766 1.0 0.0 0.0 0.0 0.0 1.0 8.0 0.0
2339.0393488314953 1.0 0.0 0.0 0.0 0.0 1.0 8.0 0.0
2340.009179356327 1.0 0.0 0.0 0.0 0.0 1.0 8.0 0.0
2341.0230954278736 1.0 0.0 0.0 0.0 0.0 1.0 8.0 0.0
2342.0036110039346 1.0 0.0 0.0 0.0 0.0 1.0 8.0 0.0
2343.010513541165 1.0 0.0 0.0 0.0 0.0 1.0 8.0 0.0
2344.037470557463 1.0 0.0 0.0 0.0 0.0 1.0 8.0 0.0
2345.0009707165646 1.0 0.0 0.0 0.0 0.0 1.0 8.0 0.0
2346.00216646421 1.0 0.0 0.0 0.0 0.0 1.0 8.0 0.0
2347.0209160118106 1.0 0.0 0.0 0.0 0.0 1.0 8.0 0.0
2348.045539747243 1.0 0.0 0.0 0.0 0.0 1.0 8.0 0.0
2349.0061145379213 1.0 0.0 0.0 0.0 0.0 1.0 8.0 0.0
2350.045539747243 1.0 0.0 0.0 0.0 0.0 1.0 8.0 0.0
2351.0040063208753 1.0 0.0 0.0 0.0 0.0 1.0 8.0 0.0
2352.005953985091 1.0 0.0 0.0 0.0 0.0 1.0 8.0 0.0
2353.0036238404987 1.0 0.0 0.0 0.0 0.0 1.0 8.0 0.0
2354.045539747243 1.0 0.0 0.0 0.0 0.0 1.0 8.0 0.0
2355.0024978011925 1.0 0.0 0.0 0.0 0.0 1.0 8.0 0.0
2356.045539747243 1.0 0.0 0.0 0.0 0.0 1.0 8.0 0.0
2357.0015910100424 1.0 0.0 0.0 0.0 0.0 1.0 8.0 0.0
2358.0214994040884 1.0 0.0 0.0 0.0 0.0 1.0 8.0 0.0
2359.0012139343576 1.0 0.0 0.0 0.0 0.0 1.0 8.0 0.0
2360.0239335117817 1.0 0.0 0.0 0.0 0.0 1.0 8.0 0.0
2361.010659130591 1.0 0.0 0.0 0.0 0.0 1.0 8.0 0.0
2362.031428390137 1.0 0.0 0.0 0.0 0.0 1.0 8.0 0.0
2363.0098022865345 1.0 0.0 0.0 0.0 0.0 1.0 8.0 0.0
2364.006183087461 1.0 0.0 0.0 0.0 0.0 1.0 8.0 0.0
2365.010607484996 1.0 0.0 0.0 0.0 0.0 1.0 8.0 0.0
2366.0032852069507 1.0 0.0 0.0 0.0 0.0 1.0 8.0 0.0
2367.040687822664 1.0 0.0 0.0 0.0 0.0 1.0 8.0 0.0
2368.0160932640815 1.0 0.0 0.0 0.0 0.0 1.0 8.0 0.0
2369.008184963594 1.0 0.0 0.0 0.0 0.0 1.0 8.0 0.0
2370.0184388916086 1.0 0.0 0.0 0.0 0.0 1.0 8.0 0.0
2371.006707942237 1.0 0.0 0.0 0.0 0.0 1.0 8.0 0.0
2372.017949133242 1.0 0.0 0.0 0.0 0.0 1.0 8.0 0.0
2373.0100253417722 1.0 0.0 0.0 0.0 0.0 1.0 8.0 0.0
2374.0011219901176 1.0 0.0 0.0 0.0 0.0 1.0 8.0 0.0
2375.0127536021873 1.0 0.0 0.0 0.0 0.0 1.0 8.0 0.0
2376.00364285727 1.0 0.0 0.0 0.0 0.0 1.0 8.0 0.0
2377.0023967198426 1.0 0.0 0.0 0.0 0.0 1.0 8.0 0.0
2378.000570922813 1.0 0.0 0.0 0.0 0.0 1.0 8.0 0.0
2379.000132599688 1.0 0.0 0.0 0.0 0.0 1.0 8.0 0.0
2380.018859677556 1.0 0.0 0.0 0.0 0.0 1.0 8.0 0.0
2381.0067260600645 1.0 0.0 0.0 0.0 0.0 1.0 8.0 0.0
2382.003678349436 1.0 0.0 0.0 0.0 0.0 1.0 8.0 0.0
2383.045539747243 1.0 0.0 0.0 0.0 0.0 1.0 8.0 0.0
2384.010839395875 1.0 0.0 0.0 0.0 0.0 1.0 8.0 0.0
2385.0396607211856 1.0 0.0 0.0 0.0 0.0 1.0 8.0 0.0
2386.017117296736 1.0 0.0 0.0 0.0 0.0 1.0 8.0 0.0
2387.005841350798 1.0 0.0 0.0 0.0 0.0 1.0 8.0 0.0
2388.0064396154658 1.0 0.0 0.0 0.0 0.0 1.0 8.0 0.0
2389.031502660495 1.0 0.0 0.0 0.0 0.0 1.0 8.0 0.0
2390.014786172512 1.0 0.0 0.0 0.0 0.0 1.0 8.0 0.0
2391.0149060663744 1.0 0.0 0.0 0.0 0.0 1.0 8.0 0.0
2392.016245634894 1.0 0.0 0.0 0.0 0.0 1.0 8.0 0.0
2393.0005273466695 1.0 0.0 0.0 0.0 0.0 1.0 8.0 0.0
2394.000078726868 1.0 0.0 0.0 0.0 0.0 1.0 8.0 0.0
2395.000447947954 1.0 0.0 0.0 0.0 0.0 1.0 8.0 0.0
2396.000786693772 1.0 0.0 0.0 0.0 0.0 1.0 8.0 0.0
2397.0049311608427 1.0 0.0 0.0 0.0 0.0 1.0 8.0 0.0
2398.0054745536645 1.0 0.0 0.0 0.0 0.0 1.0 8.0 0.0
2399.0114652692446 1.0 0.0 0.0 0.0 0.0 1.0 7.9875 0.0
2400.0 1.0 0.0 0.0 0.0 1.0 1.0 7.4625 0.0
2401.01304481021 0.775 0.22499999999999998 0.0 0.0 1.0 1.0 7.1 0.34444444444444444
2402.0043185958293 0.6125 0.375 0.012500000000000002 0.0 1.0 1.0 6.625 0.4780864197530864
2403.0189251880984 0.16249999999999998 0.825 0.01250000000000001 0.0 1.0 1.0 6.575 0.2891975308641975
2404.0049919519915 0.037500000000000006 0.9625 0.0 0.0 1.0 1.0 7.55 0.0712962962962963
2405.014902951244 0.0125 0.9875 0.0 0.0 1.0 1.0 7.9125 0.024382716049382715
2406.0112002812466 0.0125 0.9875 0.0 0.0 1.0 1.0 7.975 0.024382716049382715
2407.009526398896 0.0125 0.9875 0.0 0.0 1.0 1.0 8.0 0.024382716049382715
2408.014706238943 0.0125 0.9875 0.0 0.0 1.0 1.0 8.0 0.024382716049382715
2409.0157900797617 0.0125 0.9875 0.0 0.0 1.0 1.0 8.0 0.024382716049382715
2410.042202609159 0.0125 0.9875 0.0 0.0 1.0 1.0 8.0 0.024382716049382715
2411.0073896338235 0.0125 0.9875 0.0 0.0 1.0 1.0 8.0 0.024382716049382715
2412.017733321985 0.0125 0.9875 0.0 0.0 1.0 1.0 8.0 0.024382716049382715
2413.004657534487 0.0125 0.9875 0.0 0.0 1.0 1.0 8.0 0.024382716049382715
2414.017704195068 0.0125 0.9875 0.0 0.0 1.0 1.0 8.0 0.024382716049382715
2415.020643947778 0.0125 0.9875 0.0 0.0 1.0 1.0 8.0 0.024382716049382715
2416.003034587795 0.0 1.0 0.0 0.0 1.0 1.0 8.0 0.0
2417.0069960505484 0.0 1.0 0.0 0.0 1.0 1.0 8.0 0.0
2418.020350494281 0.0 1.0 0.0 0.0 1.0 1.0 8.0 0.0
2419.008077473216 0.0 1.0 0.0 0.0 1.0 1.0 8.0 0.0
2420.0012344911847 0.0 1.0 0.0 0.0 1.0 1.0 8.0 0.0
2421.034182969772 0.0 1.0 0.0 0.0 1.0 1.0 8.0 0.0
2422.01050367854 0.0 1.0 0.0 0.0 1.0 1.0 8.0 0.0
2423.045539747243 0.0 1.0 0.0 0.0 1.0 1.0 8.0 0.0
2424.013567564258 0.0 1.0 0.0 0.0 1.0 1.0 8.0 0.0
2425.0301416164302 0.0 1.0 0.0 0.0 1.0 1.0 8.0 0.0
2426.0226504394136 0.0 1.0 0.0 0.0 1.0 1.0 8.0 0.0
2427.026744562107 0.0 1.0 0.0 0.0 1.0 1.0 8.0 0.0
2428.0001682849975 0.0 1.0 0.0 0.0 1.0 1.0 8.0 0.0
2429.0002263139972 0.0 1.0 0.0 0.0 1.0 1.0 8.0 0.0
2430.003336236765 0.0 1.0 0.0 0.0 1.0 1.0 8.0 0.0
2431.0092656415836 0.0 1.0 0.0 0.0 1.0 1.0 8.0 0.0
2432.017085196173 0.0 1.0 0.0 0.0 1.0 1.0 8.0 0.0
2433.0278872876297 0.0 1.0 0.0 0.0 1.0 1.0 8.0 0.0
2434.017061857557 0.0 1.0 0.0 0.0 1.0 1.0 8.0 0.0
2435.015403630454 0.0 1.0 0.0 0.0 1.0 1.0 8.0 0.0
2436.01947104864 0.0 1.0 0.0 0.0 1.0 1.0 8.0 0.0
2437.0011543794553 0.0 1.0 0.0 0.0 1.0 1.0 8.0 0.0
2438.0291210646888 0.0 1.0 0.0 0.0 1.0 1.0 8.0 0.0
2439.018431713212 0.0 1.0 0.0 0.0 1.0 1.0 8.0 0.0
2440.004200449473 0.0 1.0 0.0 0.0 1.0 1.0 8.0 0.0
2441.0042554037127 0.0 1.0 0.0 0.0 1.0 1.0 8.0 0.0
2442.0139507132426 0.0 1.0 0.0 0.0 1.0 1.0 8.0 0.0
2443.012245237505 0.0 1.0 0.0 0.0 1.0 1.0 8.0 0.0
2444.024608799757 0.0 1.0 0.0 0.0 1.0 1.0 8.0 0.0
2445.001107777174 0.0 1.0 0.0 0.0 1.0 1.0 8.0 0.0
2446.01142728022 0.0 1.0 0.0 0.0 1.0 1.0 8.0 0.0
2447.002248043877 0.0 1.0 0.0 0.0 1.0 1.0 8.0 0.0
2448.0024608143826 0.0 1.0 0.0 0.0 1.0 1.0 8.0 0.0
2449.045539747243 0.0 1.0 0.0 0.0 1.0 1.0 8.0 0.0
2450.0083007733033 0.0 1.0 0.0 0.0 1.0 1.0 8.0 0.0
2451.0217336797396 0.0 1.0 0.0 0.0 1.0 1.0 8.0 0.0
2452.0009288463443 0.0 1.0 0.0 0.0 1.0 1.0 8.0 0.0
2453.008357234196 0.0 1.0 0.0 0.0 1.0 1.0 8.0 0.0
2454.0035056210004 0.0 1.0 0.0 0.0 1.0 1.0 8.0 0.0
2455.0104654622724 0.0 1.0 0.0 0.0 1.0 1.0 8.0 0.0
2456.0114922880794 0.0 1.0 0.0 0.0 1.0 1.0 8.0 0.0
2457.0161698654792 0.0 1.0 0.0 0.0 1.0 1.0 8.0 0.0
2458.0047346714996 0.0 1.0 0.0 0.0 1.0 1.0 8.0 0.0
2459.0149179511727 0.0 1.0 0.0 0.0 1.0 1.0 8.0 0.0
2460.006164442967 0.0 1.0 0.0 0.0 1.0 1.0 8.0 0.0
2461.0160251971124 0.0 1.0 0.0 0.0 1.0 1.0 8.0 0.0
2462.009324708222 0.0 1.0 0.0 0.0 1.0 1.0 8.0 0.0
2463.0069682146896 0.0 1.0 0.0 0.0 1.0 1.0 8.0 0.0
2464.0311836139826 0.0 1.0 0.0 0.0 1.0 1.0 8.0 0.0
2465.001581726942 0.0 1.0 0.0 0.0 1.0 1.0 8.0 0.0
2466.0007547484115 0.0 1.0 0.0 0.0 1.0 1.0 8.0 0.0
2467.002596151175 0.0 1.0 0.0 0.0 1.0 1.0 8.0 0.0
2468.0047159536603 0.0 1.0 0.0 0.0 1.0 1.0 8.0 0.0
2469.0124568782776 0.0 1.0 0.0 0.0 1.0 1.0 8.0 0.0
2470.0101971695212 0.0 1.0 0.0 0.0 1.0 1.0 8.0 0.0
2471.0299481809598 0.0 1.0 0.0 0.0 1.0 1.0 8.0 0.0
2472.0146109183074 0.0 1.0 0.0 0.0 1.0 1.0 8.0 0.0
2473.0159513954204 0.0 1.0 0.0 0.0 1.0 1.0 8.0 0.0
2474.0018643896406 0.0 1.0 0.0 0.0 1.0 1.0 8.0 0.0
2475.0024583711156 0.0 1.0 0.0 0.0 1.0 1.0 8.0 0.0
2476.034428896905 0.0 1.0 0.0 0.0 1.0 1.0 8.0 0.0
2477.0067695429057 0.0 1.0 0.0 0.0 1.0 1.0 8.0 0.0
2478.0082099813867 0.0 1.0 0.0 0.0 1.0 1.0 8.0 0.0
2479.002549254539 0.0 1.0 0.0 0.0 1.0 1.0 8.0 0.0
2480.001195455113 0.0 1.0 0.0 0.0 1.0 1.0 8.0 0.0
2481.0163471847286 0.0 1.0 0.0 0.0 1.0 1.0 8.0 0.0
2482.00455275671 0.0 1.0 0.0 0.0 1.0 1.0 8.0 0.0
2483.0032889962154 0.0 1.0 0.0 0.0 1.0 1.0 8.0 0.0
2484.000213692421 0.0 1.0 0.0 0.0 1.0 1.0 8.0 0.0
2485.0087239579134 0.0 1.0 0.0 0.0 1.0 1.0 8.0 0.0
2486.007120853228 0.0 1.0 0.0 0.0 1.0 1.0 8.0 0.0
2487.0204031999 0.0 1.0 0.0 0.0 1.0 1.0 8.0 0.0
2488.025608566611 0.0 1.0 0.0 0.0 1.0 1.0 8.0 0.0
2489.008176471605 0.0 1.0 0.0 0.0 1.0 1.0 8.0 0.0
2490.003688376871 0.0 1.0 0.0 0.0 1.0 1.0 7.975 0.0
2491.012523060106 0.0 1.0 0.0 0.0 1.0 1.0 7.275 0.0
2492.001288531114 0.0 1.0 0.0 0.0 1.0 1.0 6.4125 0.0
2493.009747514351 0.0 1.0 0.0 0.0 1.0 1.0 6.0625 0.0
2494.0049352672913 0.0 1.0 0.0 0.0 1.0 1.0 6.025 0.0
2495.0416072593925 0.0 1.0 0.0 0.0 1.0 1.0 6.0 0.0
2496.0068536461044 0.0 1.0 0.0 0.0 1.0 1.0 6.0 0.0
2497.030273719232 0.0 1.0 0.0 0.0 1.0 1.0 6.0 0.0
2498.0135381527643 0.0 1.0 0.0 0.0 1.0 1.0 6.0 0.0
2499.0151591196473 0.0 1.0 0.0 0.0 1.0 1.0 6.0 0.0
2500.007979372038 0.0 1.0 0.0 0.0 1.0 1.0 6.0 0.0
2501.0012319343023 0.0 1.0 0.0 0.0 1.0 1.0 6.0 0.0
2502.018173882531 0.0 1.0 0.0 0.0 1.0 1.0 6.0 0.0
2503.0022570530255 0.0 1.0 0.0 0.0 1.0 1.0 6.0 0.0
2504.017766486174 0.037500000000000006 0.2625 0.0 0.7 0.0 1.0 6.025 0.43425925925925923
2505.005252739655 0.8625 0.012500000000000016 0.0 0.125 0.0 1.0 6.625 0.23734567901234568
2506.0428868204776 0.9875 0.012500000000000016 0.0 0.0 0.0 1.0 7.75 0.024382716049382715
2507.0040127573516 1.0 0.0 0.0 0.0 0.0 1.0 8.7125 0.0
2508.020100283773 1.0 0.0 0.0 0.0 0.0 1.0 8.9625 0.0
2509.0279001303234 1.0 0.0 0.0 0.0 0.0 1.0 9.0 0.0
2510.0155167864414 1.0 0.0 0.0 0.0 0.0 1.0 9.0 0.0
2511.0089314640513 1.0 0.0 0.0 0.0 0.0 1.0 9.0 0.0
2512.023037869329 1.0 0.0 0.0 0.0 0.0 1.0 9.0 0.0
2513.013496248663 1.0 0.0 0.0 0.0 0.0 1.0 9.0 0.0
2514.0078649459047 1.0 0.0 0.0 0.0 0.0 1.0 9.0 0.0
2515.001272160199 1.0 0.0 0.0 0.0 0.0 1.0 9.0 0.0
2516.0006127104293 1.0 0.0 0.0 0.0 0.0 1.0 9.0 0.0
2517.008733888569 1.0 0.0 0.0 0.0 0.0 1.0 9.0 0.0
2518.0050968420255 1.0 0.0 0.0 0.0 0.0 1.0 9.0 0.0
2519.0080188355755 1.0 0.0 0.0 0.0 0.0 1.0 9.0 0.0
2520.043438885898 1.0 0.0 0.0 0.0 0.0 1.0 9.0 0.0
2521.0079586385496 1.0 0.0 0.0 0.0 0.0 1.0 9.0 0.0
2522.014460122786 1.0 0.0 0.0 0.0 0.0 1.0 9.0 0.0
2523.045539747243 1.0 0.0 0.0 0.0 0.0 1.0 9.0 0.0
2524.0000096861277 1.0 0.0 0.0 0.0 0.0 1.0 9.0 0.0
2525.0291904612086 1.0 0.0 0.0 0.0 0.0 1.0 9.0 0.0
2526.0037140351706 1.0 0.0 0.0 0.0 0.0 1.0 9.0 0.0
2527.000696746878 1.0 0.0 0.0 0.0 0.0 1.0 9.0 0.0
2528.045539747243 1.0 0.0 0.0 0.0 0.0 1.0 9.0 0.0
2529.0210659026175 1.0 0.0 0.0 0.0 0.0 1.0 9.0 0.0
2530.0023115338026 1.0 0.0 0.0 0.0 0.0 1.0 9.0 0.0
2531.027574497777 1.0 0.0 0.0 0.0 0.0 1.0 9.0 0.0
2532.0050641323946 1.0 0.0 0.0 0.0 0.0 1.0 9.0 0.0
2533.0083486126587 1.0 0.0 0.0 0.0 0.0 1.0 9.0 0.0
2534.0236189061034 1.0 0.0 0.0 0.0 0.0 1.0 9.0 0.0
2535.0085493853617 1.0 0.0 0.0 0.0 0.0 1.0 9.0 0.0
2536.012175411716 1.0 0.0 0.0 0.0 0.0 1.0 9.0 0.0
2537.0018971581344 1.0 0.0 0.0 0.0 0.0 1.0 9.0 0.0
2538.015638715423 1.0 0.0 0.0 0.0 0.0 1.0 9.0 0.0
2539.020396648948 1.0 0.0 0.0 0.0 0.0 1.0 9.0 0.0
2540.004535325408 1.0 0.0 0.0 0.0 0.0 1.0 9.0 0.0
2541.017731189779 0.4875 0.0 0.5125 0.0 0.0 1.0 9.0 0.4935185185185185
2542.01310616864 0.049999999999999975 0.0 0.95 0.0 0.0 1.0 9.2875 0.09382716049382717
2543.029118402186 0.02499999999999999 0.0 0.975 0.0 0.0 1.0 10.35 0.04814814814814815
2544.0088296124572 0.0 0.0 1.0 0.0 0.0 1.0 10.8625 0.0
2545.0052221122287 0.0 0.0 1.0 0.0 0.0 1.0 10.9875 0.0
2546.003857410625 0.0 0.0 1.0 0.0 0.0 1.0 11.0 0.0
2547.004746978507 0.0 0.0 1.0 0.0 0.0 1.0 11.0 0.0
2548.017707466563 0.0 0.0 1.0 0.0 0.0 1.0 11.0 0.0
2549.01420693418 0.0 0.0 1.0 0.0 0.0 1.0 11.0 0.0
2550.0153374715965 0.0 0.0 1.0 0.0 0.0 1.0 11.0 0.0
2551.003376875137 0.0 0.0 1.0 0.0 0.0 1.0 11.0 0.0
2552.021321754448 0.0 0.0 1.0 0.0 0.0 1.0 11.0 0.0
2553.004137318224 0.0 0.0 1.0 0.0 0.0 1.0 11.0 0.0
2554.002870819096 0.0 0.0 1.0 0.0 0.0 1.0 11.0 0.0
2555.0267463795594 0.0 0.0 1.0 0.0 0.0 1.0 11.0 0.0
2556.037019345328 0.0 0.0 1.0 0.0 0.0 1.0 11.0 0.0
2557.0134540690515 0.0 0.0 1.0 0.0 0.0 1.0 11.0 0.0
2558.009903730692 0.0 0.0 1.0 0.0 0.0 1.0 11.0 0.0
2559.0024848505573 0.0 0.0 1.0 0.0 0.0 1.0 11.0 0.0
2560.003219510792 0.0 0.0 1.0 0.0 0.0 1.0 11.0 0.0
2561.005561026965 0.0 0.0 1.0 0.0 0.0 1.0 11.0 0.0
2562.011946365408 0.0 0.0 1.0 0.0 0.0 1.0 11.0 0.0
2563.010650642748 0.0 0.0 1.0 0.0 0.0 1.0 11.0 0.0
2564.020124285015 0.0 0.0 1.0 0.0 0.0 1.0 11.0 0.0
2565.0138754384034 0.0 0.0 1.0 0.0 0.0 1.0 11.0 0.0
2566.045539747243 0.0 0.0 1.0 0.0 0.0 1.0 11.0 0.0
2567.0001276116855 0.0 0.0 1.0 0.0 0.0 1.0 11.0 0.0
2568.0036053878234 0.0 0.0 1.0 0.0 0.0 1.0 11.0 0.0
2569.017619004198 0.0 0.0 1.0 0.0 0.0 1.0 11.0 0.0
2570.0247779576425 0.0 0.0 1.0 0.0 0.0 1.0 11.0 0.0
2571.045539747243 0.0 0.0 1.0 0.0 0.0 1.0 11.0 0.0
2572.0125538804255 0.0 0.0 1.0 0.0 0.0 1.0 11.0 0.0
2573.0163944733263 0.0 0.0 1.0 0.0 0.0 1.0 11.0 0.0
2574.042221472528 0.0 0.0 1.0 0.0 0.0 1.0 11.0 0.0
2575.008929714073 0.0 0.0 1.0 0.0 0.0 1.0 11.0 0.0
2576.0231070050427 0.0 0.0 1.0 0.0 0.0 1.0 11.0 0.0
2577.001555293 0.0 0.0 1.0 0.0 0.0 1.0 11.0 0.0
2578.0235708993405 0.0 0.0 1.0 0.0 0.0 1.0 11.0 0.0
2579.012480479837 0.0 0.0 1.0 0.0 0.0 1.0 11.0 0.0
2580.017080412268 0.0 0.0 1.0 0.0 0.0 1.0 11.0 0.0
2581.035860245356 0.0 0.0 1.0 0.0 0.0 1.0 11.0 0.0
2582.045539747243 0.0 0.0 1.0 0.0 0.0 1.0 11.0 0.0
2583.0317415621003 0.0 0.0 1.0 0.0 0.0 1.0 11.0 0.0
2584.0391857215695 0.0 0.0 1.0 0.0 0.0 1.0 11.0 0.0
2585.0056209632467 0.0 0.0 1.0 0.0 0.0 1.0 11.0 0.0
2586.031323687848 0.0 0.0 1.0 0.0 0.0 1.0 11.0 0.0
2587.007242306951 0.0 0.0 1.0 0.0 0.0 1.0 11.0 0.0
2588.0073282419003 0.0 0.0 1.0 0.0 0.0 1.0 11.0 0.0
2589.045022289847 0.0 0.0 1.0 0.0 0.0 1.0 11.0 0.0
2590.015169349791 0.0 0.0 1.0 0.0 0.0 1.0 11.0 0.0
2591.009217330947 0.0 0.0 1.0 0.0 0.0 1.0 11.0 0.0
2592.0049382226484 0.0 0.0 1.0 0.0 0.0 1.0 11.0 0.0
2593.01476130164 0.0 0.0 1.0 0.0 0.0 1.0 11.0 0.0
2594.00384626999 0.0 0.0 1.0 0.0 0.0 1.0 11.0 0.0
2595.0107584026287 0.0 0.0 1.0 0.0 0.0 1.0 11.0 0.0
2596.0229618567987 0.0 0.0 1.0 0.0 0.0 1.0 11.0 0.0
2597.0170663412077 0.0 0.0 1.0 0.0 0.0 1.0 11.0 0.0
2598.013109930313 0.0 0.0 1.0 0.0 0.0 1.0 11.0 0.0
2599.0404331262403 0.0 0.0 1.0 0.0 0.0 1.0 11.0 0.0
2600.0017749006533 0.0 0.0 1.0 0.0 0.0 1.0 11.0 0.0
2601.0031663165473 0.0 0.0 1.0 0.0 0.0 1.0 11.0 0.0
2602.002120214944 0.0 0.0 1.0 0.0 0.0 1.0 11.0 0.0
2603.006749579107 0.0 0.0 1.0 0.0 0.0 1.0 11.0 0.0
2604.012955900643 0.0 0.0 1.0 0.0 0.0 1.0 11.0 0.0
2605.001550787984 0.0 0.0 1.0 0.0 0.0 1.0 11.0 0.0
2606.01292067662 0.0 0.0 1.0 0.0 0.0 1.0 11.0 0.0
2607.008526768989 0.0 0.0 1.0 0.0 0.0 1.0 11.0 0.0
2608.007182445971 0.0 0.0 1.0 0.0 0.0 1.0 11.0 0.0
2609.0411050504376 0.0 0.0 1.0 0.0 0.0 1.0 11.0 0.0
2610.000303909478 0.0 0.0 1.0 0.0 0.0 1.0 11.0 0.0
2611.009387184514 0.0 0.0 1.0 0.0 0.0 1.0 11.0 0.0
2612.010415911934 0.0 0.0 1.0 0.0 0.0 1.0 11.0 0.0
2613.021961538687 0.0 0.0 1.0 0.0 0.0 1.0 11.0 0.0
2614.028017940555 0.0 0.0 1.0 0.0 0.0 1.0 11.0 0.0
2615.007211479546 0.0 0.0 1.0 0.0 0.0 1.0 11.0 0.0
2616.045539747243 0.0 0.0 1.0 0.0 0.0 1.0 11.0 0.0
2617.0250903800393 0.0 0.0 1.0 0.0 0.0 1.0 11.0 0.0
2618.0200494514097 0.0 0.0 1.0 0.0 0.0 1.0 11.0 0.0
2619.014061772582 0.0 0.0 1.0 0.0 0.0 1.0 11.0 0.0
2620.023062922306 0.0 0.0 1.0 0.0 0.0 1.0 11.0 0.0
2621.0230877886593 0.0 0.0 1.0 0.0 0.0 1.0 11.0 0.0
2622.0263845653435 0.0 0.0 1.0 0.0 0.0 1.0 11.0 0.0
2623.0318570054374 0.0 0.0 1.0 0.0 0.0 1.0 11.0 0.0
2624.0013827498374 0.0 0.0 1.0 0.0 0.0 1.0 11.0 0.0
2625.008120212821 0.0 0.0 1.0 0.0 0.0 1.0 11.0 0.0
2626.003292920821 0.0 0.0 1.0 0.0 0.0 1.0 11.0 0.0
2627.0165835429802 0.0 0.0 1.0 0.0 0.0 1.0 11.0 0.0
2628.007899930983 0.0 0.0 1.0 0.0 0.0 1.0 11.0 0.0
2629.0031532704093 0.0 0.0 1.0 0.0 0.0 1.0 11.0 0.0
2630.0014739898547 0.0 0.0 1.0 0.0 0.0 1.0 11.0 0.0
2631.002486563955 0.0 0.0 1.0 0.0 0.0 1.0 11.0 0.0
2632.0148914936435 0.0 0.0 1.0 0.0 0.0 1.0 11.0 0.0
2633.0061098997294 0.0 0.0 1.0 0.0 0.0 1.0 11.0 0.0
2634.010307162905 0.0 0.0 1.0 0.0 0.0 1.0 11.0 0.0
2635.0051255059784 0.0 0.0 1.0 0.0 0.0 1.0 11.0 0.0
2636.021513335454 0.0 0.0 1.0 0.0 0.0 1.0 11.0 0.0
2637.011008171155 0.0 0.0 1.0 0.0 0.0 1.0 11.0 0.0
2638.0032103344906 0.0 0.0 1.0 0.0 0.0 1.0 11.0 0.0
2639.034926216301 0.0 0.0 1.0 0.0 0.0 1.0 11.0 0.0
2640.0284950148457 0.0 0.0 1.0 0.0 0.0 1.0 11.0 0.0
2641.0007983173964 0.0 0.0 1.0 0.0 0.0 1.0 11.0 0.0
2642.0045188314216 0.0 0.0 1.0 0.0 0.0 1.0 11.0 0.0
2643.006711324135 0.0 0.0 1.0 0.0 0.0 1.0 11.0 0.0
2644.0275086528454 0.0 0.0 1.0 0.0 0.0 1.0 11.0 0.0
2645.0033130684255 0.0 0.0 1.0 0.0 0.0 1.0 11.0 0.0
2646.0235575026018 0.0 0.0 1.0 0.0 0.0 1.0 11.0 0.0
2647.045539747243 0.0 0.0 1.0 0.0 0.0 1.0 11.0 0.0
2648.0022476095082 0.0 0.0 1.0 0.0 0.0 1.0 11.0 0.0
2649.0203998284896 0.0 0.0 1.0 0.0 0.0 1.0 11.0 0.0
2650.0048942189364 0.0 0.0 1.0 0.0 0.0 1.0 11.0 0.0
2651.045539747243 0.0 0.0 1.0 0.0 0.0 1.0 11.0 0.0
2652.032252443218 0.0 0.0 1.0 0.0 0.0 1.0 11.0 0.0
2653.0014947864906 0.0 0.0 1.0 0.0 0.0 1.0 11.0 0.0
2654.0100585505843 0.0 0.0 1.0 0.0 0.0 1.0 11.0 0.0
2655.01281104415 0.0 0.0 1.0 0.0 0.0 1.0 11.0 0.0
2656.0011535347817 0.0 0.0 1.0 0.0 0.0 1.0 11.0 0.0
2657.000330658167 0.0 0.0 1.0 0.0 0.0 1.0 11.0 0.0
2658.002809069084 0.0 0.0 1.0 0.0 0.0 1.0 11.0 0.0
2659.00179012539 0.0 0.0 1.0 0.0 0.0 1.0 11.0 0.0
2660.009483798851 0.0 0.0 1.0 0.0 0.0 1.0 11.0 0.0
2661.020366396558 0.0 0.0 1.0 0.0 0.0 1.0 11.0 0.0
2662.005085672393 0.0 0.0 1.0 0.0 0.0 1.0 11.0 0.0
2663.0013704470275 0.0 0.0 1.0 0.0 0.0 1.0 11.0 0.0
2664.0000919112094 0.0 0.0 1.0 0.0 0.0 1.0 11.0 0.0
2665.0324916599343 0.0 0.0 1.0 0.0 0.0 1.0 11.0 0.0
2666.006069886407 0.0 0.0 1.0 0.0 0.0 1.0 11.0 0.0
2667.024818572108 0.0 0.0 0.5 0.5 0.0 0.0 11.0 0.49382716049382713
2668.000444744779 0.0 0.0 0.04999999999999998 0.95 0.0 0.0 11.4 0.09382716049382717
2669.001759995742 0.0 0.0 0.012499999999999999 0.9875 0.0 0.0 12.275 0.024382716049382715
2670.030388363787 0.0 0.0 0.012499999999999999 0.9875 0.0 0.0 12.7875 0.024382716049382715
2671.019595255324 0.0 0.0 0.0 1.0 0.0 0.0 12.925 0.0
2672.0108259915814 0.0 0.0 0.0 1.0 0.0 0.0 12.9625 0.0
2673.019871768533 0.0 0.0 0.0 1.0 0.0 0.0 13.0 0.0
2674.009378782097 0.0 0.0 0.0 1.0 0.0 0.0 13.0 0.0
2675.0043911766275 0.0 0.0 0.0 1.0 0.0 0.0 13.0 0.0
2676.0117955462633 0.0 0.0 0.0 1.0 0.0 0.0 13.0 0.0
2677.003426261289 0.0 0.0 0.0 1.0 0.0 0.0 13.0 0.0
2678.0213532221715 0.0 0.0 0.0 1.0 0.0 0.0 13.0 0.0
2679.0093215217744 0.0 0.0 0.0 1.0 0.0 0.0 13.0 0.0
2680.0109760074147 0.0 0.0 0.0 1.0 0.0 0.0 13.0 0.0
2681.0026158406813 0.0 0.0 0.0 1.0 0.0 0.0 13.0 0.0
2682.0159457600143 0.0 0.0 0.0 1.0 0.0 0.0 13.0 0.0
2683.0203413595295 0.0 0.0 0.0 1.0 0.0 0.0 13.0 0.0
2684.0096096196576 0.0 0.0 0.0 1.0 0.0 0.0 13.0 0.0
2685.0203579654153 0.0 0.0 0.0 1.0 0.0 0.0 13.0 0.0
2686.0117031131704 0.0 0.0 0.0 1.0 0.0 0.0 13.0 0.0
2687.006905045812 0.0 0.0 0.0 1.0 0.0 0.0 13.0 0.0
2688.001702415104 0.0 0.0 0.0 1.0 0.0 0.0 13.0 0.0
2689.0080086262615 0.0 0.0 0.0 1.0 0.0 0.0 13.0 0.0
2690.0180118856183 0.0 0.0 0.0 1.0 0.0 0.0 13.0 0.0
2691.0110379599428 0.0 0.0 0.0 1.0 0.0 0.0 13.0 0.0
2692.020303880681 0.0 0.0 0.0 1.0 0.0 0.0 13.0 0.0
2693.001957395101 0.0 0.0 0.0 1.0 0.0 0.0 13.0 0.0
2694.018103411247 0.0 0.0 0.0 1.0 0.0 0.0 13.0 0.0
2695.045539747243 0.0 0.0 0.0 1.0 0.0 0.0 13.0 0.0
2696.007380884301 0.0 0.0 0.0 1.0 0.0 0.0 13.0 0.0
2697.018880755851 0.0 0.0 0.0 1.0 0.0 0.0 13.0 0.0
2698.0099911821894 0.0 0.0 0.0 1.0 0.0 0.0 13.0 0.0
2699.0140497200164 0.0 0.0 0.0 1.0 0.0 0.0 13.0 0.0
2700.002696515006 0.0 0.0 0.0 1.0 0.0 0.0 13.0 0.0
2701.0195184200525 0.0 0.0 0.0 1.0 0.0 0.0 13.0 0.0
2702.0200570718416 0.0 0.0 0.0 1.0 0.0 0.0 13.0 0.0
2703.045539747243 0.0 0.0 0.0 1.0 0.0 0.0 13.0 0.0
2704.0276380161645 0.0 0.0 0.0 1.0 0.0 0.0 13.0 0.0
2705.0106696674848 0.0 0.0 0.0 1.0 0.0 0.0 13.0 0.0
2706.045539747243 0.0 0.0 0.0 1.0 0.0 0.0 13.0 0.0
2707.000531202872 0.0 0.0 0.0 1.0 0.0 0.0 13.0 0.0
2708.0132161057645 0.0 0.0 0.0 1.0 0.0 0.0 13.0 0.0
2709.0350592031987 0.0 0.0 0.0 1.0 0.0 0.0 13.0 0.0
2710.0000768210175 0.0 0.0 0.0 1.0 0.0 0.0 13.0 0.0
2711.0031473194613 0.0 0.0 0.0 1.0 0.0 0.0 13.0 0.0
2712.0056226215916 0.0 0.0 0.0 1.0 0.0 0.0 13.0 0.0
2713.0226966469536 0.0 0.0 0.0 1.0 0.0 0.0 13.0 0.0
2714.0051389820655 0.0 0.0 0.0 1.0 0.0 0.0 13.0 0.0
2715.0081755380356 0.0 0.0 0.0 1.0 0.0 0.0 13.0 0.0
2716.0430916415908 0.0 0.0 0.0 1.0 0.0 0.0 13.0 0.0
2717.0080394465103 0.0 0.0 0.0 1.0 0.0 0.0 13.0 0.0
2718.015719618813 0.0 0.0 0.0 1.0 0.0 0.0 13.0 0.0
2719.01810373609 0.0 0.0 0.0 1.0 0.0 0.0 13.0 0.0
2720.004095551267 0.0 0.0 0.0 1.0 0.0 0.0 13.0 0.0
2721.014645892075 0.0 0.0 0.0 1.0 0.0 0.0 13.0 0.0
2722.0075871210247 0.0 0.0 0.0 1.0 0.0 0.0 13.0 0.0
2723.001067142075 0.0 0.0 0.0 1.0 0.0 0.0 13.0 0.0
2724.0204737263025 0.0 0.0 0.0 1.0 0.0 0.0 13.0 0.0
2725.0033120680464 0.0 0.0 0.0 1.0 0.0 0.0 13.0 0.0
2726.0115434726013 0.0 0.0 0.0 1.0 0.0 0.0 13.0 0.0
2727.0138908381105 0.0 0.0 0.0 1.0 0.0 0.0 13.0 0.0
2728.045539747243 0.0 0.0 0.0 1.0 0.0 0.0 13.0 0.0
2729.0114783593503 0.0 0.0 0.0 1.0 0.0 0.0 13.0 0.0
2730.0053243803477 0.0 0.0 0.0 1.0 0.0 0.0 13.0 0.0
2731.0072617748256 0.0 0.0 0.0 1.0 0.0 0.0 13.0 0.0
2732.0189519662977 0.0 0.0 0.0 1.0 0.0 0.0 13.0 0.0
2733.004092623209 0.0 0.0 0.0 1.0 0.0 0.0 13.0 0.0
2734.01146727322 0.0 0.0 0.0 1.0 0.0 0.0 13.0 0.0
2735.021150028833 0.0 0.0 0.0 1.0 0.0 0.0 13.0 0.0
2736.045539747243 0.0 0.0 0.0 1.0 0.0 0.0 13.0 0.0
2737.003681227072 0.0 0.0 0.0 1.0 0.0 0.0 13.0 0.0
2738.0056242258665 0.0 0.0 0.0 1.0 0.0 0.0 13.0 0.0
2739.0082944525698 0.0 0.0 0.0 1.0 0.0 0.0 13.0 0.0
2740.0045140155103 0.0 0.0 0.0 1.0 0.0 0.0 13.0 0.0
2741.012261326564 0.0 0.0 0.0 1.0 0.0 0.0 13.0 0.0
2742.037538849875 0.0 0.0 0.0 1.0 0.0 0.0 13.0 0.0
2743.0054817600803 0.0 0.0 0.0 1.0 0.0 0.0 13.0 0.0
2744.019972791398 0.0 0.0 0.0 1.0 0.0 0.0 13.0 0.0
2745.000845354812 0.0 0.0 0.0 1.0 0.0 0.0 13.0 0.0
2746.013186296675 0.0 0.0 0.0 1.0 0.0 0.0 13.0 0.0
2747.011841270274 0.0 0.0 0.0 1.0 0.0 0.0 13.0 0.0
2748.0018591695307 0.0 0.0 0.0 1.0 0.0 0.0 13.0 0.0
2749.0080807055224 0.0 0.0 0.0 1.0 0.0 0.0 13.0 0.0
2750.034571733097 0.0 0.0 0.0 1.0 0.0 0.0 13.0 0.0
2751.001055113099 0.0 0.0 0.0 1.0 0.0 0.0 13.0 0.0
2752.0046504773914 0.0 0.0 0.0 1.0 0.0 0.0 13.0 0.0
2753.017808891056 0.0 0.0 0.0 1.0 0.0 0.0 13.0 0.0
2754.019123637827 0.0 0.0 0.0 1.0 0.0 0.0 13.0 0.0
2755.002953268124 0.0 0.0 0.0 1.0 0.0 0.0 13.0 0.0
2756.045539747243 0.0 0.0 0.0 1.0 0.0 0.0 13.0 0.0
2757.009980252333 0.0 0.0 0.0 1.0 0.0 0.0 13.0 0.0
2758.020913326698 0.0 0.0 0.0 1.0 0.0 0.0 13.0 0.0
2759.0043032523376 0.0 0.0 0.0 1.0 0.0 0.0 13.0 0.0
2760.004010949639 0.0 0.0 0.0 1.0 0.0 0.0 13.0 0.0
2761.045539747243 0.0 0.0 0.0 1.0 0.0 0.0 13.0 0.0
2762.043931802493 0.0 0.0 0.0 1.0 0.0 0.0 13.0 0.0
2763.014802228143 0.0 0.0 0.0 1.0 0.0 0.0 13.0 0.0
2764.031134204101 0.0 0.0 0.0 1.0 0.0 0.0 13.0 0.0
2765.01278300755 0.0 0.0 0.0 1.0 0.0 0.0 13.0 0.0
2766.00621654427 0.0 0.0 0.0 1.0 0.0 0.0 13.0 0.0
2767.012568895713 0.0 0.0 0.0 1.0 0.0 0.0 13.0 0.0
2768.001795500375 0.0 0.0 0.0 1.0 0.0 0.0 13.0 0.0
2769.021506305518 0.0 0.0 0.0 1.0 0.0 0.0 13.0 0.0
2770.0148079043515 0.0 0.0 0.0 1.0 0.0 0.0 13.0 0.0
2771.022577695475 0.0 0.0 0.0 1.0 0.0 0.0 13.0 0.0
2772.0076438709325 0.0 0.0 0.0 1.0 0.0 0.0 13.0 0.0
2773.0071730626737 0.0 0.0 0.0 1.0 0.0 0.0 13.0 0.0
2774.0284905990293 0.0 0.0 0.0 1.0 0.0 0.0 13.0 0.0
2775.0195635049145 0.0 0.0 0.0 1.0 0.0 0.0 13.0 0.0
2776.004798325849 0.0 0.0 0.0 1.0 0.0 0.0 13.0 0.0
2777.0342264727724 0.0 0.0 0.0 1.0 0.0 0.0 13.0 0.0
2778.0186561501873 0.0 0.0 0.0 1.0 0.0 0.0 13.0 0.0
2779.044181964057 0.0 0.0 0.0 1.0 0.0 0.0 13.0 0.0
2780.0056120379772 0.0 0.0 0.0 1.0 0.0 0.0 13.0 0.0
2781.0001788994473 0.0 0.0 0.0 1.0 0.0 0.0 13.0 0.0
2782.009451659687 0.0 0.0 0.0 1.0 0.0 0.0 13.0 0.0
2783.009926854189 0.0 0.0 0.0 1.0 0.0 0.0 13.0 0.0
2784.0082074771135 0.0 0.0 0.0 1.0 0.0 0.0 13.0 0.0
2785.017866983016 0.0 0.0 0.0 1.0 0.0 0.0 13.0 0.0
2786.0026448694066 0.0 0.0 0.0 1.0 0.0 0.0 13.0 0.0
2787.0144064365363 0.0 0.0 0.0 1.0 0.0 0.0 13.0 0.0
2788.001401353431 0.0 0.0 0.0 1.0 0.0 0.0 13.0 0.0
2789.002642680319 0.0 0.0 0.0 1.0 0.0 0.0 13.0 0.0
2790.002578566484 0.0 0.0 0.0 1.0 0.0 0.0 13.0 0.0
2791.01181744074 0.0 0.0 0.0 1.0 0.0 0.0 13.0 0.0
2792.0264421108573 0.0 0.0 0.0 1.0 0.0 0.0 13.0 0.0
2793.0349943878605 0.0 0.0 0.0 1.0 0.0 0.0 13.0 0.0
2794.000438298766 0.0 0.0 0.0 1.0 0.0 0.0 13.0 0.0
2795.045539747243 0.0 0.0 0.0 1.0 0.0 0.0 13.0 0.0
2796.043677522381 0.0 0.0 0.0 1.0 0.0 0.0 13.0 0.0
2797.0055523816322 0.0 0.0 0.0 1.0 0.0 0.0 13.0 0.0
2798.004920672589 0.0 0.0 0.0 1.0 0.0 0.0 13.0 0.0
2799.0416089538357 0.0 0.0 0.0 1.0 0.0 0.0 13.0 0.0
2800.0102941005302 0.0 0.0 0.0 1.0 0.0 0.0 13.0 0.0
2801.0005586303546 0.0 0.0 0.0 1.0 0.0 0.0 13.0 0.0
2802.006703668432 0.0 0.0 0.0 1.0 0.0 0.0 13.0 0.0
2803.0073648703055 0.0 0.0 0.0 1.0 0.0 0.0 13.0 0.0
2804.0227448079677 0.0 0.0 0.0 1.0 0.0 0.0 13.0 0.0
2805.018090984916 0.0 0.0 0.0 1.0 0.0 0.0 13.0 0.0
2806.0052438889916 0.0 0.0 0.0 1.0 0.0 0.0 13.0 0.0
2807.0182519779055 0.0 0.0 0.0 1.0 0.0 0.0 13.0 0.0
2808.0258040790986 0.0 0.0 0.0 1.0 0.0 0.0 13.0 0.0
2809.00769590133 0.0 0.0 0.0 1.0 0.0 0.0 13.0 0.0
2810.023930859316 0.0 0.0 0.0 1.0 0.0 0.0 13.0 0.0
2811.0143880723226 0.0 0.0 0.0 1.0 0.0 0.0 13.0 0.0
2812.001589667108 0.0 0.0 0.0 1.0 0.0 0.0 13.0 0.0
2813.013777254795 0.0 0.0 0.0 1.0 0.0 0.0 13.0 0.0
2814.0037200823313 0.0 0.0 0.0 1.0 0.0 0.0 13.0 0.0
2815.00074527823 0.0 0.0 0.0 1.0 0.0 0.0 13.0 0.0
2816.0251331401796 0.0 0.0 0.0 1.0 0.0 0.0 13.0 0.0
2817.0087415620433 0.0 0.0 0.0 1.0 0.0 0.0 13.0 0.0
2818.002660062298 0.0 0.0 0.0 1.0 0.0 0.0 13.0 0.0
2819.0035822375303 0.0 0.0 0.0 1.0 0.0 0.0 13.0 0.0
2820.022625624245 0.0 0.0 0.0 1.0 0.0 0.0 13.0 0.0
2821.024672441652 0.0 0.0 0.0 1.0 0.0 0.0 13.0 0.0
2822.011340393865 0.0 0.0 0.0 1.0 0.0 0.0 13.0 0.0
2823.0376595368016 0.0 0.0 0.0 1.0 0.0 0.0 13.0 0.0
2824.026579214708 0.0 0.0 0.0 1.0 0.0 0.0 13.0 0.0
2825.001483805107 0.0 0.0 0.0 1.0 0.0 0.0 13.0 0.0
2826.0008370371147 0.0 0.0 0.0 1.0 0.0 0.0 13.0 0.0
2827.041830655684 0.0 0.0 0.0 1.0 0.0 0.0 13.0 0.0
2828.005987854123 0.0 0.0 0.0 1.0 0.0 0.0 13.0 0.0
2829.029201398987 0.0 0.0 0.0 1.0 0.0 0.0 13.0 0.0
2830.014601100538 0.0 0.0 0.0 1.0 0.0 0.0 13.0 0.0
2831.0054226488237 0.0 0.0 0.0 1.0 0.0 0.0 13.0 0.0
2832.011549733388 0.0 0.0 0.0 1.0 0.0 0.0 13.0 0.0
2833.014562798076 0.0 0.0 0.0 1.0 0.0 0.0 13.0 0.0
2834.0274282992227 0.0 0.0 0.0 1.0 0.0 0.0 13.0 0.0
2835.0128005881174 0.0 0.0 0.0 1.0 0.0 0.0 13.0 0.0
2836.0052036471156 0.0 0.0 0.0 1.0 0.0 0.0 13.0 0.0
2837.0138168832336 0.0 0.0 0.0 1.0 0.0 0.0 13.0 0.0
2838.0031097320257 0.0 0.0 0.0 1.0 0.0 0.0 13.0 0.0
2839.008792937081 0.0 0.0 0.0 1.0 0.0 0.0 13.0 0.0
2840.003605278692 0.0 0.0 0.0 1.0 0.0 0.0 13.0 0.0
2841.003734867044 0.0 0.0 0.0 1.0 0.0 0.0 13.0 0.0
2842.045484206834 0.0 0.0 0.0 1.0 0.0 0.0 13.0 0.0
2843.036678775603 0.0 0.0 0.0 1.0 0.0 0.0 13.0 0.0
2844.0194759716737 0.0 0.0 0.0 1.0 0.0 0.0 13.0 0.0
2845.016611301201 0.0 0.0 0.0 1.0 0.0 0.0 13.0 0.0
2846.0081751837897 0.0 0.0 0.0 1.0 0.0 0.0 13.0 0.0
2847.01034890856 0.0 0.0 0.0 1.0 0.0 0.0 13.0 0.0
2848.0068281963877 0.0 0.0 0.0 1.0 0.0 0.0 13.0 0.0
2849.010276094633 0.0 0.0 0.0 1.0 0.0 0.0 13.0 0.0
2850.0265896573273 0.0 0.0 0.0 1.0 0.0 0.0 13.0 0.0
2851.028726564803 0.0 0.0 0.0 1.0 0.0 0.0 13.0 0.0
2852.004938046829 0.0 0.0 0.0 1.0 0.0 0.0 13.0 0.0
2853.0009364580974 0.0 0.0 0.0 1.0 0.0 0.0 13.0 0.0
2854.018283582549 0.0 0.0 0.0 1.0 0.0 0.0 13.0 0.0
2855.017878911332 0.0 0.0 0.0 1.0 0.0 0.0 13.0 0.0
2856.009442235576 0.0 0.0 0.0 1.0 0.0 0.0 13.0 0.0
2857.016186626165 0.0 0.0 0.0 1.0 0.0 0.0 13.0 0.0
2858.001408988 0.0 0.0 0.0 1.0 0.0 0.0 13.0 0.0
2859.006688970772 0.0 0.0 0.0 1.0 0.0 0.0 13.0 0.0
2860.0026677346336 0.0 0.0 0.0 1.0 0.0 0.0 13.0 0.0
2861.0009900368796 0.0 0.0 0.0 1.0 0.0 0.0 13.0 0.0
2862.0261988436837 0.0 0.0 0.0 1.0 0.0 0.0 13.0 0.0
2863.00018777726 0.0 0.0 0.0 1.0 0.0 0.0 13.0 0.0
2864.004264749935 0.0 0.0 0.0 1.0 0.0 0.0 13.0 0.0
2865.0031587406074 0.0 0.0 0.0 1.0 0.0 0.0 13.0 0.0
2866.0178682523742 0.0 0.0 0.0 1.0 0.0 0.0 13.0 0.0
2867.0046512722074 0.0 0.0 0.0 1.0 0.0 0.0 13.0 0.0
2868.0010325384537 0.0 0.0 0.0 1.0 0.0 0.0 13.0 0.0
2869.012686839832 0.0 0.0 0.0 1.0 0.0 0.0 13.0 0.0
2870.045539747243 0.0 0.0 0.0 1.0 0.0 0.0 13.0 0.0
2871.007397511347 0.0 0.0 0.0 1.0 0.0 0.0 13.0 0.0
2872.0298232081855 0.0 0.0 0.0 1.0 0.0 0.0 13.0 0.0
2873.0097249678684 0.0 0.0 0.0 1.0 0.0 0.0 13.0 0.0
2874.020650609086 0.0 0.0 0.0 1.0 0.0 0.0 13.0 0.0
2875.019423467726 0.0 0.0 0.0 1.0 0.0 0.0 13.0 0.0
2876.0221512519756 0.0 0.0 0.0 1.0 0.0 0.0 13.0 0.0
2877.002449633006 0.0 0.0 0.0 1.0 0.0 0.0 13.0 0.0
2878.006753352902 0.0 0.0 0.0 1.0 0.0 0.0 13.0 0.0
2879.0122257857656 0.0 0.0 0.0 1.0 0.0 0.0 13.0 0.0
2880.0112553781355 0.0 0.0 0.0 1.0 0.0 0.0 13.0 0.0
2881.005786326716 0.0 0.0 0.0 1.0 0.0 0.0 13.0 0.0
2882.0358938702457 0.0 0.0 0.0 1.0 0.0 0.0 13.0 0.0
2883.0239327792256 0.0 0.0 0.0 1.0 0.0 0.0 13.0 0.0
2884.042850671542 0.0 0.0 0.0 1.0 0.0 0.0 13.0 0.0
2885.0029324972807 0.0 0.0 0.0 1.0 0.0 0.0 13.0 0.0
2886.0158315719486 0.0 0.0 0.0 1.0 0.0 0.0 13.0 0.0
2887.0000370283774 0.0 0.0 0.0 1.0 0.0 0.0 13.0 0.0
2888.027328413478 0.0 0.0 0.0 1.0 0.0 0.0 13.0 0.0
2889.001627456705 0.0 0.0 0.0 1.0 0.0 0.0 13.0 0.0
2890.013510060634 0.0 0.0 0.0 1.0 0.0 0.0 13.0 0.0
2891.003554208833 0.0 0.0 0.0 1.0 0.0 0.0 13.0 0.0
2892.027955121412 0.0 0.0 0.0 1.0 0.0 0.0 13.0 0.0
2893.004931014364 0.0 0.0 0.0 1.0 0.0 0.0 13.0 0.0
2894.0096645658373 0.0 0.0 0.0 1.0 0.0 0.0 13.0 0.0
2895.0373239857213 0.0 0.0 0.0 1.0 0.0 0.0 13.0 0.0
2896.015816300259 0.0 0.0 0.0 1.0 0.0 0.0 13.0 0.0
2897.007127295646 0.0 0.0 0.0 1.0 0.0 0.0 13.0 0.0
2898.014723750339 0.0 0.0 0.0 1.0 0.0 0.0 13.0 0.0
2899.0039349395724 0.0 0.0 0.0 1.0 0.0 0.0 13.0 0.0
2900.004483586192 0.0 0.0 0.0 1.0 0.0 0.0 13.0 0.0
2901.002769797325 0.0 0.0 0.0 1.0 0.0 0.0 13.0 0.0
2902.045539747243 0.0 0.0 0.0 1.0 0.0 0.0 13.0 0.0
2903.035457677208 0.0 0.0 0.0 1.0 0.0 0.0 13.0 0.0
2904.0005550350356 0.0 0.0 0.0 1.0 0.0 0.0 13.0 0.0
2905.0414595422367 0.0 0.0 0.0 1.0 0.0 0.0 13.0 0.0
2906.002013257678 0.0 0.0 0.0 1.0 0.0 0.0 13.0 0.0
2907.013516151765 0.0 0.0 0.0 1.0 0.0 0.0 13.0 0.0
2908.0228060161135 0.0 0.0 0.0 1.0 0.0 0.0 13.0 0.0
2909.001552225688 0.0 0.0 0.0 1.0 0.0 0.0 13.0 0.0
2910.007926714448 0.0 0.0 0.0 1.0 0.0 0.0 13.0 0.0
2911.045539747243 0.0 0.0 0.0 1.0 0.0 0.0 13.0 0.0
2912.0020810708643 0.0 0.0 0.0 1.0 0.0 0.0 13.0 0.0
2913.027828253957 0.0 0.0 0.0 1.0 0.0 0.0 13.0 0.0
2914.0067309995948 0.0 0.0 0.0 1.0 0.0 0.0 13.0 0.0
2915.008992373509 0.0 0.0 0.0 1.0 0.0 0.0 13.0 0.0
2916.0100115981227 0.0 0.0 0.0 1.0 0.0 0.0 13.0 0.0
2917.034517078985 0.0 0.0 0.0 1.0 0.0 0.0 13.0 0.0
2918.045539747243 0.0 0.0 0.0 1.0 0.0 0.0 13.0 0.0
2919.001443307072 0.0 0.0 0.0 1.0 0.0 0.0 13.0 0.0
2920.0154422730393 0.0 0.0 0.0 1.0 0.0 0.0 13.0 0.0
2921.011158848414 0.0 0.0 0.0 1.0 0.0 0.0 13.0 0.0
2922.045539747243 0.0 0.0 0.0 1.0 0.0 0.0 13.0 0.0
2923.022732144456 0.0 0.0 0.0 1.0 0.0 0.0 13.0 0.0
2924.0068871673357 0.0 0.0 0.0 1.0 0.0 0.0 13.0 0.0
2925.005246285298 0.0 0.0 0.0 1.0 0.0 0.0 13.0 0.0
2926.010926410632 0.0 0.0 0.0 1.0 0.0 0.0 13.0 0.0
2927.0045645775635 0.0 0.0 0.0 1.0 0.0 0.0 13.0 0.0
2928.00092726304 0.0 0.0 0.0 1.0 0.0 0.0 13.0 0.0
2929.0031206526087 0.0 0.0 0.0 1.0 0.0 0.0 13.0 0.0
2930.004386589779 0.0 0.0 0.0 1.0 0.0 0.0 13.0 0.0
2931.0059122728076 0.0 0.0 0.0 1.0 0.0 0.0 13.0 0.0
2932.0058376760776 0.0 0.0 0.0 1.0 0.0 0.0 13.0 0.0
2933.007727583319 0.0 0.0 0.0 1.0 0.0 0.0 13.0 0.0
2934.045539747243 0.0 0.0 0.0 1.0 0.0 0.0 13.0 0.0
2935.023483692359 0.0 0.0 0.0 1.0 0.0 0.0 13.0 0.0
2936.0170460658005 0.0 0.0 0.0 1.0 0.0 0.0 13.0 0.0
2937.0116166904927 0.0 0.0 0.0 1.0 0.0 0.0 13.0 0.0
2938.000014379893 0.0 0.0 0.0 1.0 0.0 0.0 13.0 0.0
2939.005968706897 0.0 0.0 0.0 1.0 0.0 0.0 13.0 0.0
2940.0074206137974 0.0 0.0 0.0 1.0 0.0 0.0 13.0 0.0
2941.005168929818 0.0 0.0 0.0 1.0 0.0 0.0 13.0 0.0
2942.0206453724286 0.0 0.0 0.0 1.0 0.0 0.0 13.0 0.0
2943.0193493049605 0.0 0.0 0.0 1.0 0.0 0.0 13.0 0.0
2944.001174154518 0.0 0.0 0.0 1.0 0.0 0.0 13.0 0.0
2945.0062302861948 0.0 0.0 0.0 1.0 0.0 0.0 13.0 0.0
2946.038945296254 0.0 0.0 0.0 1.0 0.0 0.0 13.0 0.0
2947.005509262124 0.0 0.0 0.0 1.0 0.0 0.0 13.0 0.0
2948.0134361341984 0.0 0.0 0.0 1.0 0.0 0.0 13.0 0.0
2949.0040091327182 0.0 0.0 0.0 1.0 0.0 0.0 13.0 0.0
2950.0419534103385 0.0 0.0 0.0 1.0 0.0 0.0 13.0 0.0
2951.020144884749 0.0 0.0 0.0 1.0 0.0 0.0 13.0 0.0
2952.0094527512997 0.0 0.0 0.0 1.0 0.0 0.0 13.0 0.0
2953.041256752182 0.0 0.0 0.0 1.0 0.0 0.0 13.0 0.0
2954.007379811072 0.0 0.0 0.0 1.0 0.0 0.0 13.0 0.0
2955.0121035390607 0.0 0.0 0.0 1.0 0.0 0.0 13.0 0.0
2956.0120064215475 0.0 0.0 0.0 1.0 0.0 0.0 13.0 0.0
2957.005431435065 0.0 0.0 0.0 1.0 0.0 0.0 13.0 0.0
2958.005626308558 0.0 0.0 0.0 1.0 0.0 0.0 13.0 0.0
2959.0015492434686 0.0 0.0 0.0 1.0 0.0 0.0 13.0 0.0
2960.0009566582635 0.0 0.0 0.0 1.0 0.0 0.0 13.0 0.0
2961.0074519080435 0.0 0.0 0.0 1.0 0.0 0.0 13.0 0.0
2962.0160082567945 0.0 0.0 0.0 1.0 0.0 0.0 13.0 0.0
2963.0243370301605 0.0 0.0 0.0 1.0 0.0 0.0 13.0 0.0
2964.005942237202 0.0 0.0 0.0 1.0 0.0 0.0 13.0 0.0
2965.028636937439 0.0 0.0 0.0 1.0 0.0 0.0 13.0 0.0
2966.00393025482 0.0 0.0 0.0 1.0 0.0 0.0 13.0 0.0
2967.005359558615 0.0 0.0 0.0 1.0 0.0 0.0 13.0 0.0
2968.007480620662 0.0 0.0 0.0 1.0 0.0 0.0 13.0 0.0
2969.022776290461 0.0 0.0 0.0 1.0 0.0 0.0 13.0 0.0
2970.0068232376543 0.0 0.0 0.0 1.0 0.0 0.0 13.0 0.0
2971.0119996011463 0.0 0.0 0.0 1.0 0.0 0.0 13.0 0.0
2972.0085847728137 0.0 0.0 0.0 1.0 0.0 0.0 13.0 0.0
2973.015683384127 0.0 0.0 0.0 1.0 0.0 0.0 13.0 0.0
2974.0077929544946 0.0 0.0 0.0 1.0 0.0 0.0 13.0 0.0
2975.027972335446 0.0 0.0 0.0 1.0 0.0 0.0 13.0 0.0
2976.0012935627688 0.0 0.0 0.0 1.0 0.0 0.0 13.0 0.0
2977.0105781185475 0.0 0.0 0.0 1.0 0.0 0.0 13.0 0.0
2978.008751052412 0.0 0.0 0.0 1.0 0.0 0.0 13.0 0.0
2979.0143470906587 0.0 0.0 0.0 1.0 0.0 0.0 13.0 0.0
2980.0166604962005 0.0 0.0 0.0 1.0 0.0 0.0 13.0 0.0
2981.002987654751 0.0 0.0 0.0 1.0 0.0 0.0 13.0 0.0
2982.004394032997 0.0 0.0 0.0 1.0 0.0 0.0 13.0 0.0
2983.0134017670493 0.0 0.0 0.0 1.0 0.0 0.0 13.0 0.0
2984.045539747243 0.0 0.0 0.0 1.0 0.0 0.0 13.0 0.0
2985.0101259366797 0.0 0.0 0.0 1.0 0.0 0.0 13.0 0.0
2986.002608766231 0.0 0.0 0.0 1.0 0.0 0.0 13.0 0.0
2987.0277045056428 0.0 0.0 0.0 1.0 0.0 0.0 13.0 0.0
2988.029371003366 0.0 0.0 0.0 1.0 0.0 0.0 13.0 0.0
2989.045539747243 0.0 0.0 0.0 1.0 0.0 0.0 13.0 0.0
2990.045539747243 0.0 0.0 0.0 1.0 0.0 0.0 13.0 0.0
2991.021002605014 0.0 0.0 0.0 1.0 0.0 0.0 13.0 0.0
2992.030773002495 0.0 0.0 0.0 1.0 0.0 0.0 13.0 0.0
2993.011381470486 0.0 0.0 0.0 1.0 0.0 0.0 13.0 0.0
2994.010781315099 0.0 0.0 0.0 1.0 0.0 0.0 13.0 0.0
2995.0110291877318 0.0 0.0 0.0 1.0 0.0 0.0 13.0 0.0
2996.004510447174 0.0 0.0 0.0 1.0 0.0 0.0 13.0 0.0
2997.009011074754 0.0 0.0 0.0 1.0 0.0 0.0 13.0 0.0
2998.042433147133 0.0 0.0 0.0 1.0 0.0 0.0 13.0 0.0
2999.0202145924573 0.0 0.0 0.0 1.0 0.0 0.0 13.0 0.0
3000.0257085042385 0.0 0.0 0.0 1.0 0.0 0.0 13.0 0.0
3001.0186357186712 0.0 0.0 0.0 1.0 0.0 0.0 13.0 0.0
3002.0052569731065 0.0 0.0 0.0 1.0 0.0 0.0 13.0 0.0
3003.00940388566 0.0 0.0 0.0 1.0 0.0 0.0 13.0 0.0
3004.004608039633 0.0 0.0 0.0 1.0 0.0 0.0 13.0 0.0
3005.0034211491834 0.0 0.0 0.0 1.0 0.0 0.0 13.0 0.0
3006.001961920685 0.0 0.0 0.0 1.0 0.0 0.0 13.0 0.0
3007.0174754093796 0.0 0.0 0.0 1.0 0.0 0.0 13.0 0.0
3008.0149058703555 0.0 0.0 0.0 1.0 0.0 0.0 13.0 0.0
3009.0134684562936 0.0 0.0 0.0 1.0 0.0 0.0 13.0 0.0
3010.016844423684 0.0 0.0 0.0 1.0 0.0 0.0 13.0 0.0
3011.0094763292727 0.0 0.0 0.0 1.0 0.0 0.0 13.0 0.0
3012.003669062369 0.0 0.0 0.0 1.0 0.0 0.0 13.0 0.0
3013.0170538665207 0.0 0.0 0.0 1.0 0.0 0.0 13.0 0.0
3014.0130799906497 0.0 0.0 0.0 1.0 0.0 0.0 13.0 0.0
3015.009235671942 0.0 0.0 0.0 1.0 0.0 0.0 13.0 0.0
3016.009059251037 0.0 0.0 0.0 1.0 0.0 0.0 13.0 0.0
3017.045539747243 0.0 0.0 0.0 1.0 0.0 0.0 13.0 0.0
3018.027253828078 0.0 0.0 0.0 1.0 0.0 0.0 13.0 0.0
3019.004884035694 0.0 0.0 0.0 1.0 0.0 0.0 13.0 0.0
3020.006536877167 0.0 0.0 0.0 1.0 0.0 0.0 13.0 0.0
3021.0074522573263 0.0 0.0 0.0 1.0 0.0 0.0 13.0 0.0
3022.0100534411354 0.0 0.0 0.0 1.0 0.0 0.0 13.0 0.0
3023.0282971671563 0.0 0.0 0.0 1.0 0.0 0.0 13.0 0.0
3024.000817913024 0.0 0.0 0.0 1.0 0.0 0.0 13.0 0.0
3025.012369752198 0.0 0.0 0.0 1.0 0.0 0.0 13.0 0.0
3026.0065898264966 0.0 0.0 0.0 1.0 0.0 0.0 13.0 0.0
3027.0002141813166 0.0 0.0 0.0 1.0 0.0 0.0 13.0 0.0
3028.0093297239628 0.0 0.0 0.0 1.0 0.0 0.0 13.0 0.0
3029.0201236397193 0.0 0.0 0.0 1.0 0.0 0.0 13.0 0.0
3030.043816421404 0.0 0.0 0.0 1.0 0.0 0.0 13.0 0.0
3031.0229002990077 0.0 0.0 0.0 1.0 0.0 0.0 13.0 0.0
3032.0041972103622 0.0 0.0 0.0 1.0 0.0 0.0 13.0 0.0
3033.0006200330813 0.0 0.0 0.0 1.0 0.0 0.0 13.0 0.0
3034.018774917154 0.0 0.0 0.0 1.0 0.0 0.0 13.0 0.0
3035.0078130327224 0.0 0.0 0.0 1.0 0.0 0.0 13.0 0.0
3036.0008557764286 0.0 0.0 0.0 1.0 0.0 0.0 13.0 0.0
3037.0066745722647 0.0 0.0 0.0 1.0 0.0 0.0 13.0 0.0
3038.017558749202 0.0 0.0 0.0 1.0 0.0 0.0 13.0 0.0
3039.009020653955 0.0 0.0 0.0 1.0 0.0 0.0 13.0 0.0
3040.0190263564173 0.0 0.0 0.0 1.0 0.0 0.0 13.0 0.0
3041.0370874498103 0.0 0.0 0.0 1.0 0.0 0.0 13.0 0.0
3042.0000855746844 0.0 0.0 0.0 1.0 0.0 0.0 13.0 0.0
3043.000490401875 0.0 0.0 0.0 1.0 0.0 0.0 13.0 0.0
3044.0042945234563 0.0 0.0 0.0 1.0 0.0 0.0 13.0 0.0
3045.002700150061 0.0 0.0 0.0 1.0 0.0 0.0 13.0 0.0
3046.011074482904 0.0 0.0 0.0 1.0 0.0 0.0 13.0 0.0
3047.0156972419254 0.0 0.0 0.0 1.0 0.0 0.0 13.0 0.0
3048.025117873693 0.0 0.0 0.0 1.0 0.0 0.0 13.0 0.0
3049.0001643174655 0.0 0.0 0.0 1.0 0.0 0.0 13.0 0.0
3050.0121695608987 0.0 0.0 0.0 1.0 0.0 0.0 13.0 0.0
3051.01047134355 0.0 0.0 0.0 1.0 0.0 0.0 13.0 0.0
3052.0042723202623 0.0 0.0 0.0 1.0 0.0 0.0 13.0 0.0
3053.0015848643075 0.0 0.0 0.0 1.0 0.0 0.0 13.0 0.0
3054.0081745839593 0.0 0.0 0.0 1.0 0.0 0.0 13.0 0.0
3055.019193507988 0.0 0.0 0.0 1.0 0.0 0.0 13.0 0.0
3056.0042074531448 0.0 0.0 0.0 1.0 0.0 0.0 13.0 0.0
3057.0076247219445 0.0 0.0 0.0 1.0 0.0 0.0 13.0 0.0
3058.0083061441405 0.0 0.0 0.0 1.0 0.0 0.0 13.0 0.0
3059.0328893903493 0.0 0.0 0.0 1.0 0.0 0.0 13.0 0.0
3060.020179459073 0.0 0.0 0.0 1.0 0.0 0.0 13.0 0.0
3061.013988715283 0.0 0.0 0.0 1.0 0.0 0.0 13.0 0.0
3062.000560785472 0.0 0.0 0.0 1.0 0.0 0.0 13.0 0.0
3063.0016747104 0.0 0.0 0.0 1.0 0.0 0.0 13.0 0.0
3064.0094856691962 0.0 0.0 0.0 1.0 0.0 0.0 13.0 0.0
3065.003045099053 0.0 0.0 0.0 1.0 0.0 0.0 13.0 0.0
3066.003277488626 0.0 0.0 0.0 1.0 0.0 0.0 13.0 0.0
3067.0027629499973 0.0 0.0 0.0 1.0 0.0 0.0 13.0 0.0
3068.013160501248 0.0 0.0 0.0 1.0 0.0 0.0 13.0 0.0
3069.0279321699063 0.0 0.0 0.0 1.0 0.0 0.0 13.0 0.0
3070.045539747243 0.0 0.0 0.0 1.0 0.0 0.0 13.0 0.0
3071.0168149514852 0.0 0.0 0.0 1.0 0.0 0.0 13.0 0.0
3072.0019366249417 0.0 0.0 0.0 1.0 0.0 0.0 13.0 0.0
3073.004156518417 0.0 0.0 0.0 1.0 0.0 0.0 13.0 0.0
3074.004158134199 0.0 0.0 0.0 1.0 0.0 0.0 13.0 0.0
3075.023188651507 0.0 0.0 0.0 1.0 0.0 0.0 13.0 0.0
3076.0194267965526 0.0 0.0 0.0 1.0 0.0 0.0 13.0 0.0
3077.0403495456817 0.0 0.0 0.0 1.0 0.0 0.0 13.0 0.0
3078.045539747243 0.0 0.0 0.0 1.0 0.0 0.0 13.0 0.0
3079.007322468785 0.0 0.0 0.0 1.0 0.0 0.0 13.0 0.0
3080.0002818965017 0.0 0.0 0.0 1.0 0.0 0.0 13.0 0.0
3081.005514082203 0.0 0.0 0.0 1.0 0.0 0.0 13.0 0.0
3082.0100365186013 0.0 0.0 0.0 1.0 0.0 0.0 13.0 0.0
3083.003678031525 0.0 0.0 0.0 1.0 0.0 0.0 13.0 0.0
3084.0003655691976 0.0 0.0 0.0 1.0 0.0 0.0 13.0 0.0
3085.0166516713 0.0 0.0 0.0 1.0 0.0 0.0 13.0 0.0
3086.009434793328 0.0 0.0 0.0 1.0 0.0 0.0 13.0 0.0
3087.011815101624 0.0 0.0 0.0 1.0 0.0 0.0 13.0 0.0
3088.003157557806 0.0 0.0 0.0 1.0 0.0 0.0 13.0 0.0
3089.004331565984 0.0 0.0 0.0 1.0 0.0 0.0 13.0 0.0
3090.0063919988347 0.0 0.0 0.0 1.0 0.0 0.0 13.0 0.0
3091.0102990708187 0.0 0.0 0.0 1.0 0.0 0.0 13.0 0.0
3092.013203162876 0.0 0.0 0.0 1.0 0.0 0.0 13.0 0.0
3093.0060488503213 0.0 0.0 0.0 1.0 0.0 0.0 13.0 0.0
3094.015037812039 0.0 0.0 0.0 1.0 0.0 0.0 13.0 0.0
3095.036878324999 0.0 0.0 0.0 1.0 0.0 0.0 13.0 0.0
3096.002677558258 0.0 0.0 0.0 1.0 0.0 0.0 13.0 0.0
3097.0084384116153 0.0 0.0 0.0 1.0 0.0 0.0 13.0 0.0
3098.0238424819468 0.0 0.0 0.0 1.0 0.0 0.0 13.0 0.0
3099.0295944938307 0.0 0.0 0.0 1.0 0.0 0.0 13.0 0.0
3100.0067873226403 0.0 0.0 0.0 1.0 0.0 0.0 13.0 0.0
3101.0090412199534 0.0 0.0 0.0 1.0 0.0 0.0 13.0 0.0
3102.0095305344385 0.0 0.0 0.0 1.0 0.0 0.0 13.0 0.0
3103.009400739992 0.0 0.0 0.0 1.0 0.0 0.0 13.0 0.0
3104.0197067081695 0.0 0.0 0.0 1.0 0.0 0.0 13.0 0.0
3105.0177803444544 0.0 0.0 0.0 1.0 0.0 0.0 13.0 0.0
3106.003205380004 0.0 0.0 0.0 1.0 0.0 0.0 13.0 0.0
3107.002374279504 0.0 0.0 0.0 1.0 0.0 0.0 13.0 0.0
3108.0028525142766 0.0 0.0 0.0 1.0 0.0 0.0 13.0 0.0
3109.010117063061 0.0 0.0 0.0 1.0 0.0 0.0 13.0 0.0
3110.020650883681 0.0 0.0 0.0 1.0 0.0 0.0 13.0 0.0
3111.0095280746827 0.0 0.0 0.0 1.0 0.0 0.0 13.0 0.0
3112.0047600966486 0.0 0.0 0.0 1.0 0.0 0.0 13.0 0.0
3113.0057887421954 0.0 0.0 0.0 1.0 0.0 0.0 13.0 0.0
3114.002855965627 0.0 0.0 0.0 1.0 0.0 0.0 13.0 0.0
3115.010405310615 0.0 0.0 0.0 1.0 0.0 0.0 13.0 0.0
3116.0009701375934 0.0 0.0 0.0 1.0 0.0 0.0 13.0 0.0
3117.0131665228764 0.0 0.0 0.0 1.0 0.0 0.0 13.0 0.0
3118.0028888255392 0.0 0.0 0.0 1.0 0.0 0.0 13.0 0.0
3119.015731749436 0.0 0.0 0.0 1.0 0.0 0.0 13.0 0.0
3120.004939747519 0.0 0.0 0.0 1.0 0.0 0.0 13.0 0.0
3121.016902415658 0.0 0.0 0.0 1.0 0.0 0.0 13.0 0.0
3122.000235267449 0.0 0.0 0.0 1.0 0.0 0.0 13.0 0.0
3123.0015671753235 0.0 0.0 0.0 1.0 0.0 0.0 13.0 0.0
3124.0008532704246 0.0 0.0 0.0 1.0 0.0 0.0 13.0 0.0
3125.0271580689046 0.0 0.0 0.0 1.0 0.0 0.0 13.0 0.0
3126.000328095571 0.0 0.0 0.0 1.0 0.0 0.0 13.0 0.0
3127.0005108599707 0.0 0.0 0.0 1.0 0.0 0.0 13.0 0.0
3128.031639158756 0.0 0.0 0.0 1.0 0.0 0.0 13.0 0.0
3129.0108863253663 0.0 0.0 0.0 1.0 0.0 0.0 13.0 0.0
3130.0238837598777 0.0 0.0 0.0 1.0 0.0 0.0 13.0 0.0
3131.008525641675 0.0 0.0 0.0 1.0 0.0 0.0 13.0 0.0
3132.0129874744266 0.0 0.0 0.0 1.0 0.0 0.0 13.0 0.0
3133.0116801244785 0.0 0.0 0.0 1.0 0.0 0.0 13.0 0.0
3134.0003773943054 0.0 0.0 0.0 1.0 0.0 0.0 13.0 0.0
3135.004017547138 0.0 0.0 0.0 1.0 0.0 0.0 13.0 0.0
3136.005562820164 0.0 0.0 0.0 1.0 0.0 0.0 13.0 0.0
3137.0021287920144 0.0 0.0 0.0 1.0 0.0 0.0 13.0 0.0
3138.0061993393015 0.0 0.0 0.0 1.0 0.0 0.0 13.0 0.0
3139.045539747243 0.0 0.0 0.0 1.0 0.0 0.0 13.0 0.0
3140.0076797099273 0.0 0.0 0.0 1.0 0.0 0.0 13.0 0.0
3141.0130534989244 0.0 0.0 0.0 1.0 0.0 0.0 13.0 0.0
3142.0077737299357 0.0 0.0 0.0 1.0 0.0 0.0 13.0 0.0
3143.018079595521 0.0 0.0 0.0 1.0 0.0 0.0 13.0 0.0
3144.010338640356 0.0 0.0 0.0 1.0 0.0 0.0 13.0 0.0
3145.0056638125484 0.0 0.0 0.0 1.0 0.0 0.0 13.0 0.0
3146.021352006105 0.0 0.0 0.0 1.0 0.0 0.0 13.0 0.0
3147.0088961096626 0.0 0.0 0.0 1.0 0.0 0.0 13.0 0.0
3148.01111388804 0.0 0.0 0.0 1.0 0.0 0.0 13.0 0.0
3149.045539747243 0.0 0.0 0.0 1.0 0.0 0.0 13.0 0.0
3150.0164211264355 0.0 0.0 0.0 1.0 0.0 0.0 13.0 0.0
3151.035205670554 0.0 0.0 0.0 1.0 0.0 0.0 13.0 0.0
3152.0167421506508 0.0 0.0 0.0 1.0 0.0 0.0 13.0 0.0
3153.001741201472 0.0 0.0 0.0 1.0 0.0 0.0 13.0 0.0
3154.0069089686504 0.0 0.0 0.0 1.0 0.0 0.0 13.0 0.0
3155.01828746462 0.0 0.0 0.0 1.0 0.0 0.0 13.0 0.0
3156.011726942884 0.0 0.0 0.0 1.0 0.0 0.0 13.0 0.0
3157.002717210363 0.0 0.0 0.0 1.0 0.0 0.0 13.0 0.0
3158.0113494945167 0.0 0.0 0.0 1.0 0.0 0.0 13.0 0.0
3159.003136786816 0.0 0.0 0.0 1.0 0.0 0.0 13.0 0.0
3160.02150686286 0.0 0.0 0.0 1.0 0.0 0.0 13.0 0.0
3161.006795239316 0.0 0.0 0.0 1.0 0.0 0.0 13.0 0.0
3162.001820007942 0.0 0.0 0.0 1.0 0.0 0.0 13.0 0.0
3163.011110145686 0.0 0.0 0.0 1.0 0.0 0.0 13.0 0.0
3164.045539747243 0.0 0.0 0.0 1.0 0.0 0.0 13.0 0.0
3165.003351378111 0.0 0.0 0.0 1.0 0.0 0.0 13.0 0.0
3166.045539747243 0.0 0.0 0.0 1.0 0.0 0.0 13.0 0.0
3167.037128850162 0.0 0.0 0.0 1.0 0.0 0.0 13.0 0.0
3168.0013383079026 0.0 0.0 0.0 1.0 0.0 0.0 13.0 0.0
3169.00464275634 0.0 0.0 0.0 1.0 0.0 0.0 13.0 0.0
3170.00803331211 0.0 0.0 0.0 1.0 0.0 0.0 13.0 0.0
3171.0011751568145 0.0 0.0 0.0 1.0 0.0 0.0 13.0 0.0
3172.008994278135 0.0 0.0 0.0 1.0 0.0 0.0 13.0 0.0
3173.0083213154503 0.0 0.0 0.0 1.0 0.0 0.0 13.0 0.0
3174.0128894132918 0.0 0.0 0.0 1.0 0.0 0.0 13.0 0.0
3175.000951129033 0.0 0.0 0.0 1.0 0.0 0.0 13.0 0.0
3176.017561863436 0.0 0.0 0.0 1.0 0.0 0.0 13.0 0.0
3177.0008635578724 0.0 0.0 0.0 1.0 0.0 0.0 13.0 0.0
3178.000157372009 0.0 0.0 0.0 1.0 0.0 0.0 13.0 0.0
3179.0126047718936 0.0 0.0 0.0 1.0 0.0 0.0 13.0 0.0
3180.002917760884 0.0 0.0 0.0 1.0 0.0 0.0 13.0 0.0
3181.017403139764 0.0 0.0 0.0 1.0 0.0 0.0 13.0 0.0
3182.020915828801 0.0 0.0 0.0 1.0 0.0 0.0 13.0 0.0
3183.004481075659 0.0 0.0 0.0 1.0 0.0 0.0 13.0 0.0
3184.003115671449 0.0 0.0 0.0 1.0 0.0 0.0 13.0 0.0
3185.0100334260196 0.0 0.0 0.0 1.0 0.0 0.0 13.0 0.0
3186.0271548613464 0.0 0.0 0.0 1.0 0.0 0.0 13.0 0.0
3187.0056371688293 0.0 0.0 0.0 1.0 0.0 0.0 13.0 0.0
3188.000541977705 0.0 0.0 0.0 1.0 0.0 0.0 13.0 0.0
3189.016265875671 0.0 0.0 0.0 1.0 0.0 0.0 13.0 0.0
3190.009310627528 0.0 0.0 0.0 1.0 0.0 0.0 13.0 0.0
3191.0074728338104 0.0 0.0 0.0 1.0 0.0 0.0 13.0 0.0
3192.001908564028 0.0 0.0 0.0 1.0 0.0 0.0 13.0 0.0
3193.0040387393765 0.0 0.0 0.0 1.0 0.0 0.0 13.0 0.0
3194.009956190671 0.0 0.0 0.0 1.0 0.0 0.0 13.0 0.0
3195.0159457714985 0.0 0.0 0.0 1.0 0.0 0.0 13.0 0.0
3196.037124825143 0.0 0.0 0.0 1.0 0.0 0.0 13.0 0.0
3197.0159472941627 0.0 0.0 0.0 1.0 0.0 0.0 13.0 0.0
3198.004211266138 0.0 0.0 0.0 1.0 0.0 0.0 13.0 0.0
3199.0001221734287 0.0 0.0 0.0 1.0 0.0 0.0 13.0 0.0
3200.000782795396 0.0 0.0 0.0 1.0 0.0 0.0 13.0 0.0
3201.019770523423 0.0 0.0 0.0 1.0 0.0 0.0 13.0 0.0
3202.0014213099375 0.0 0.0 0.0 1.0 0.0 0.0 13.0 0.0
3203.0013189453953 0.0 0.0 0.0 1.0 0.0 0.0 13.0 0.0
3204.0011140945967 0.0 0.0 0.0 1.0 0.0 0.0 13.0 0.0
3205.0133514082077 0.0 0.0 0.0 1.0 0.0 0.0 13.0 0.0
3206.0063906670684 0.0 0.0 0.0 1.0 0.0 0.0 13.0 0.0
3207.0227526410745 0.0 0.0 0.0 1.0 0.0 0.0 13.0 0.0
3208.0066500612984 0.0 0.0 0.0 1.0 0.0 0.0 13.0 0.0
3209.010618542591 0.0 0.0 0.0 1.0 0.0 0.0 13.0 0.0
3210.0235502936453 0.0 0.0 0.0 1.0 0.0 0.0 13.0 0.0
3211.0105031467124 0.0 0.0 0.0 1.0 0.0 0.0 13.0 0.0
3212.004445919429 0.0 0.0 0.0 1.0 0.0 0.0 13.0 0.0
3213.0036190810947 0.0 0.0 0.0 1.0 0.0 0.0 13.0 0.0
3214.00807870068 0.0 0.0 0.0 1.0 0.0 0.0 13.0 0.0
3215.0018937186787 0.0 0.0 0.0 1.0 0.0 0.0 13.0 0.0
3216.0028458467655 0.0 0.0 0.0 1.0 0.0 0.0 13.0 0.0
3217.005197815762 0.0 0.0 0.0 1.0 0.0 0.0 13.0 0.0
3218.033089293501 0.0 0.0 0.0 1.0 0.0 0.0 13.0 0.0
3219.0065470626437 0.0 0.0 0.0 1.0 0.0 0.0 13.0 0.0
3220.035836503561 0.0 0.0 0.0 1.0 0.0 0.0 13.0 0.0
3221.034270844273 0.0 0.0 0.0 1.0 0.0 0.0 13.0 0.0
3222.014285255822 0.0 0.0 0.0 1.0 0.0 0.0 13.0 0.0
3223.0066644271137 0.0 0.0 0.0 1.0 0.0 0.0 13.0 0.0
3224.009818444978 0.0 0.0 0.0 1.0 0.0 0.0 13.0 0.0
3225.01094237062 0.0 0.0 0.0 1.0 0.0 0.0 13.0 0.0
3226.013014269435 0.0 0.0 0.0 1.0 0.0 0.0 13.0 0.0
3227.0017435952045 0.0 0.0 0.0 1.0 0.0 0.0 13.0 0.0
3228.015533463896 0.0 0.0 0.0 1.0 0.0 0.0 13.0 0.0
3229.0071609002375 0.0 0.0 0.0 1.0 0.0 0.0 13.0 0.0
3230.022115498648 0.0 0.0 0.0 1.0 0.0 0.0 13.0 0.0
3231.000040746676 0.0 0.0 0.0 1.0 0.0 0.0 13.0 0.0
3232.00837341904 0.0 0.0 0.0 1.0 0.0 0.0 13.0 0.0
3233.0137253838466 0.0 0.0 0.0 1.0 0.0 0.0 13.0 0.0
3234.0180113018414 0.0 0.0 0.0 1.0 0.0 0.0 13.0 0.0
3235.0019267731514 0.0 0.0 0.0 1.0 0.0 0.0 13.0 0.0
3236.0067676878857 0.0 0.0 0.0 1.0 0.0 0.0 13.0 0.0
3237.045539747243 0.0 0.0 0.0 1.0 0.0 0.0 13.0 0.0
3238.0181447057334 0.0 0.0 0.0 1.0 0.0 0.0 13.0 0.0
3239.000875449257 0.0 0.0 0.0 1.0 0.0 0.0 13.0 0.0
3240.0011162346723 0.0 0.0 0.0 1.0 0.0 0.0 13.0 0.0
3241.01750830918 0.0 0.0 0.0 1.0 0.0 0.0 13.0 0.0
3242.045539747243 0.0 0.0 0.0 1.0 0.0 0.0 13.0 0.0
3243.045539747243 0.0 0.0 0.0 1.0 0.0 0.0 13.0 0.0
3244.0445036546816 0.0 0.0 0.0 1.0 0.0 0.0 13.0 0.0
3245.0109156756853 0.0 0.0 0.0 1.0 0.0 0.0 13.0 0.0
3246.002487428068 0.0 0.0 0.0 1.0 0.0 0.0 13.0 0.0
3247.003115178337 0.0 0.0 0.0 1.0 0.0 0.0 13.0 0.0
3248.013968439484 0.0 0.0 0.0 1.0 0.0 0.0 13.0 0.0
3249.021308140486 0.0 0.0 0.0 1.0 0.0 0.0 13.0 0.0
3250.0017394224064 0.0 0.0 0.0 1.0 0.0 0.0 13.0 0.0
3251.022686670972 0.0 0.0 0.0 1.0 0.0 0.0 13.0 0.0
3252.0031297240293 0.0 0.0 0.0 1.0 0.0 0.0 13.0 0.0
3253.0143381904736 0.0 0.0 0.0 1.0 0.0 0.0 13.0 0.0
3254.009008738217 0.0 0.0 0.0 1.0 0.0 0.0 13.0 0.0
3255.01170878909 0.0 0.0 0.0 1.0 0.0 0.0 13.0 0.0
3256.0025461974287 0.0 0.0 0.0 1.0 0.0 0.0 13.0 0.0
3257.0038688692757 0.0 0.0 0.0 1.0 0.0 0.0 13.0 0.0
3258.0007751409253 0.0 0.0 0.0 1.0 0.0 0.0 13.0 0.0
3259.0002994755146 0.0 0.0 0.0 1.0 0.0 0.0 13.0 0.0
3260.03261972295 0.0 0.0 0.0 1.0 0.0 0.0 13.0 0.0
3261.0083445640307 0.0 0.0 0.0 1.0 0.0 0.0 13.0 0.0
3262.000569523756 0.0 0.0 0.0 1.0 0.0 0.0 13.0 0.0
3263.0059447646836 0.0 0.0 0.0 1.0 0.0 0.0 13.0 0.0
3264.000666429747 0.0 0.0 0.0 1.0 0.0 0.0 13.0 0.0
3265.008306833691 0.0 0.0 0.0 1.0 0.0 0.0 13.0 0.0
3266.031478271142 0.0 0.0 0.0 1.0 0.0 0.0 13.0 0.0
3267.0212597873838 0.0 0.0 0.0 1.0 0.0 0.0 13.0 0.0
3268.018709611504 0.0 0.0 0.0 1.0 0.0 0.0 13.0 0.0
3269.0156147596845 0.0 0.0 0.0 1.0 0.0 0.0 13.0 0.0
3270.0034501566333 0.0 0.0 0.0 1.0 0.0 0.0 13.0 0.0
3271.002737821434 0.0 0.0 0.0 1.0 0.0 0.0 13.0 0.0
3272.0129197705396 0.0 0.0 0.0 1.0 0.0 0.0 13.0 0.0
3273.000340502064 0.0 0.0 0.0 1.0 0.0 0.0 13.0 0.0
3274.0008760175533 0.0 0.0 0.0 1.0 0.0 0.0 13.0 0.0
3275.001164867309 0.0 0.0 0.0 1.0 0.0 0.0 13.0 0.0
3276.014393801538 0.0 0.0 0.0 1.0 0.0 0.0 13.0 0.0
3277.0014523630034 0.0 0.0 0.0 1.0 0.0 0.0 13.0 0.0
3278.0109002527397 0.0 0.0 0.0 1.0 0.0 0.0 13.0 0.0
3279.0058271322564 0.0 0.0 0.0 1.0 0.0 0.0 13.0 0.0
3280.017019976733 0.0 0.0 0.0 1.0 0.0 0.0 13.0 0.0
3281.0154389845316 0.0 0.0 0.0 1.0 0.0 0.0 13.0 0.0
3282.003546811676 0.0 0.0 0.0 1.0 0.0 0.0 13.0 0.0
3283.008210049929 0.0 0.0 0.0 1.0 0.0 0.0 13.0 0.0
3284.014022647851 0.0 0.0 0.0 1.0 0.0 0.0 13.0 0.0
3285.045539747243 0.0 0.0 0.0 1.0 0.0 0.0 13.0 0.0
3286.0219379257323 0.0 0.0 0.0 1.0 0.0 0.0 13.0 0.0
3287.0319276095206 0.0 0.0 0.0 1.0 0.0 0.0 13.0 0.0
3288.0023850412513 0.0 0.0 0.0 1.0 0.0 0.0 13.0 0.0
3289.018564222017 0.0 0.0 0.0 1.0 0.0 0.0 13.0 0.0
3290.002451063402 0.0 0.0 0.0 1.0 0.0 0.0 13.0 0.0
3291.039731085334 0.0 0.0 0.0 1.0 0.0 0.0 13.0 0.0
3292.024853324189 0.0 0.0 0.0 1.0 0.0 0.0 13.0 0.0
3293.009705471606 0.0 0.0 0.0 1.0 0.0 0.0 13.0 0.0
3294.0160543234124 0.0 0.0 0.0 1.0 0.0 0.0 13.0 0.0
3295.019017756266 0.0 0.0 0.0 1.0 0.0 0.0 13.0 0.0
3296.0168455046896 0.0 0.0 0.0 1.0 0.0 0.0 13.0 0.0
3297.01411971854 0.0 0.0 0.0 1.0 0.0 0.0 13.0 0.0
3298.003332145604 0.0 0.0 0.0 1.0 0.0 0.0 13.0 0.0
3299.0016445771826 0.0 0.0 0.0 1.0 0.0 0.0 13.0 0.0
3300.0030211897415 0.0 0.0 0.0 1.0 0.0 0.0 13.0 0.0
3301.00544980647 0.0 0.0 0.0 1.0 0.0 0.0 13.0 0.0
3302.017872966887 0.0 0.0 0.0 1.0 0.0 0.0 13.0 0.0
3303.030767503805 0.0 0.0 0.0 1.0 0.0 0.0 13.0 0.0
3304.000583795041 0.0 0.0 0.0 1.0 0.0 0.0 13.0 0.0
3305.004152236551 0.0 0.0 0.0 1.0 0.0 0.0 13.0 0.0
3306.027489191012 0.0 0.0 0.0 1.0 0.0 0.0 13.0 0.0
3307.000629290733 0.0 0.0 0.0 1.0 0.0 0.0 13.0 0.0
3308.00420400623 0.0 0.0 0.0 1.0 0.0 0.0 13.0 0.0
3309.021780873229 0.0 0.0 0.0 1.0 0.0 0.0 13.0 0.0
3310.0095975913164 0.0 0.0 0.0 1.0 0.0 0.0 13.0 0.0
3311.029247945071 0.0 0.0 0.0 1.0 0.0 0.0 13.0 0.0
3312.045539747243 0.0 0.0 0.0 1.0 0.0 0.0 13.0 0.0
3313.0431762812723 0.0 0.0 0.0 1.0 0.0 0.0 13.0 0.0
3314.008248242585 0.0 0.0 0.0 1.0 0.0 0.0 13.0 0.0
3315.000042436363 0.0 0.0 0.0 1.0 0.0 0.0 13.0 0.0
3316.0154380828044 0.0 0.0 0.0 1.0 0.0 0.0 13.0 0.0
3317.009846096934 0.0 0.0 0.0 1.0 0.0 0.0 13.0 0.0
3318.0123851532926 0.0 0.0 0.0 1.0 0.0 0.0 13.0 0.0
3319.002477532908 0.0 0.0 0.0 1.0 0.0 0.0 13.0 0.0
3320.0339966869706 0.0 0.0 0.0 1.0 0.0 0.0 13.0 0.0
3321.0072731676596 0.0 0.0 0.0 1.0 0.0 0.0 13.0 0.0
3322.017343490252 0.0 0.0 0.0 1.0 0.0 0.0 13.0 0.0
3323.004347000374 0.0 0.0 0.0 1.0 0.0 0.0 13.0 0.0
3324.040007991249 0.0 0.0 0.0 1.0 0.0 0.0 13.0 0.0
3325.0114397447974 0.0 0.0 0.0 1.0 0.0 0.0 13.0 0.0
3326.007787507092 0.0 0.0 0.0 1.0 0.0 0.0 13.0 0.0
3327.017502499996 0.0 0.0 0.0 1.0 0.0 0.0 13.0 0.0
3328.017835138474 0.0 0.0 0.0 1.0 0.0 0.0 13.0 0.0
3329.017814267594 0.0 0.0 0.0 1.0 0.0 0.0 13.0 0.0
3330.0037694674797 0.0 0.0 0.0 1.0 0.0 0.0 13.0 0.0
3331.0007141513606 0.0 0.0 0.0 1.0 0.0 0.0 13.0 0.0
3332.0017402078815 0.0 0.0 0.0 1.0 0.0 0.0 13.0 0.0
3333.020144173197 0.0 0.0 0.0 1.0 0.0 0.0 13.0 0.0
3334.0244697610447 0.0 0.0 0.0 1.0 0.0 0.0 13.0 0.0
3335.0133224623646 0.0 0.0 0.0 1.0 0.0 0.0 13.0 0.0
3336.0075461476786 0.0 0.0 0.0 1.0 0.0 0.0 13.0 0.0
3337.045539747243 0.0 0.0 0.0 1.0 0.0 0.0 13.0 0.0
3338.011923620075 0.0 0.0 0.0 1.0 0.0 0.0 13.0 0.0
3339.029808486403 0.0 0.0 0.0 1.0 0.0 0.0 13.0 0.0
3340.015747991454 0.0 0.0 0.0 1.0 0.0 0.0 13.0 0.0
3341.0090190994606 0.0 0.0 0.0 1.0 0.0 0.0 13.0 0.0
3342.007482414872 0.0 0.0 0.0 1.0 0.0 0.0 13.0 0.0
3343.0009871665948 0.0 0.0 0.0 1.0 0.0 0.0 13.0 0.0
3344.017197688909 0.0 0.0 0.0 1.0 0.0 0.0 13.0 0.0
3345.009024084726 0.0 0.0 0.0 1.0 0.0 0.0 13.0 0.0
3346.032019397262 0.0 0.0 0.0 1.0 0.0 0.0 13.0 0.0
3347.003124098711 0.0 0.0 0.0 1.0 0.0 0.0 13.0 0.0
3348.012102367282 0.0 0.0 0.0 1.0 0.0 0.0 13.0 0.0
3349.012260428705 0.0 0.0 0.0 1.0 0.0 0.0 13.0 0.0
3350.021442037556 0.0 0.0 0.0 1.0 0.0 0.0 13.0 0.0
3351.013291102274 0.0 0.0 0.0 1.0 0.0 0.0 13.0 0.0
3352.014695718449 0.0 0.0 0.0 1.0 0.0 0.0 13.0 0.0
3353.01109743927 0.0 0.0 0.0 1.0 0.0 0.0 13.0 0.0
3354.038481465998 0.0 0.0 0.0 1.0 0.0 0.0 13.0 0.0
3355.0126507306313 0.0 0.0 0.0 1.0 0.0 0.0 13.0 0.0
3356.0028363315546 0.0 0.0 0.0 1.0 0.0 0.0 13.0 0.0
3357.031277210978 0.0 0.0 0.0 1.0 0.0 0.0 13.0 0.0
3358.0347231395854 0.0 0.0 0.0 1.0 0.0 0.0 13.0 0.0
3359.0015637967413 0.0 0.0 0.0 1.0 0.0 0.0 13.0 0.0
3360.004826195564 0.0 0.0 0.0 1.0 0.0 0.0 13.0 0.0
3361.013895217826 0.0 0.0 0.0 1.0 0.0 0.0 13.0 0.0
3362.0284362800367 0.0 0.0 0.0 1.0 0.0 0.0 13.0 0.0
3363.0066258011225 0.0 0.0 0.0 1.0 0.0 0.0 13.0 0.0
3364.030067646122 0.0 0.0 0.0 1.0 0.0 0.0 13.0 0.0
3365.0131296250206 0.0 0.0 0.0 1.0 0.0 0.0 13.0 0.0
3366.0019557567166 0.0 0.0 0.0 1.0 0.0 0.0 13.0 0.0
3367.0209899326237 0.0 0.0 0.0 1.0 0.0 0.0 13.0 0.0
3368.045539747243 0.0 0.0 0.0 1.0 0.0 0.0 13.0 0.0
3369.045539747243 0.0 0.0 0.0 1.0 0.0 0.0 13.0 0.0
3370.005238232651 0.0 0.0 0.0 1.0 0.0 0.0 13.0 0.0
3371.00980985633 0.0 0.0 0.0 1.0 0.0 0.0 13.0 0.0
3372.0139018404607 0.0 0.0 0.0 1.0 0.0 0.0 13.0 0.0
3373.0032172012334 0.0 0.0 0.0 1.0 0.0 0.0 13.0 0.0
3374.0174242706235 0.0 0.0 0.0 1.0 0.0 0.0 13.0 0.0
3375.0194111293576 0.0 0.0 0.0 1.0 0.0 0.0 13.0 0.0
3376.014293382051 0.0 0.0 0.0 1.0 0.0 0.0 13.0 0.0
3377.0158077312694 0.0 0.0 0.0 1.0 0.0 0.0 13.0 0.0
3378.0261231179375 0.0 0.0 0.0 1.0 0.0 0.0 13.0 0.0
3379.014841478359 0.0 0.0 0.0 1.0 0.0 0.0 13.0 0.0
3380.0115278108874 0.0 0.0 0.0 1.0 0.0 0.0 13.0 0.0
3381.0025974242567 0.0 0.0 0.0 1.0 0.0 0.0 13.0 0.0
3382.000796742236 0.0 0.0 0.0 1.0 0.0 0.0 13.0 0.0
3383.001051136527 0.0 0.0 0.0 1.0 0.0 0.0 13.0 0.0
3384.003744933142 0.0 0.0 0.0 1.0 0.0 0.0 13.0 0.0
3385.0079368580914 0.0 0.0 0.0 1.0 0.0 0.0 13.0 0.0
3386.001292733511 0.0 0.0 0.0 1.0 0.0 0.0 13.0 0.0
3387.015121188808 0.0 0.0 0.0 1.0 0.0 0.0 13.0 0.0
3388.01114176878 0.0 0.0 0.0 1.0 0.0 0.0 13.0 0.0
3389.0021166684382 0.0 0.0 0.0 1.0 0.0 0.0 13.0 0.0
3390.0010637714695 0.0 0.0 0.0 1.0 0.0 0.0 13.0 0.0
3391.0074830449093 0.0 0.0 0.0 1.0 0.0 0.0 13.0 0.0
3392.009830458912 0.0 0.0 0.0 1.0 0.0 0.0 13.0 0.0
3393.0015593299777 0.0 0.0 0.0 1.0 0.0 0.0 13.0 0.0
3394.0072796350364 0.0 0.0 0.0 1.0 0.0 0.0 13.0 0.0
3395.001565593431 0.0 0.0 0.0 1.0 0.0 0.0 13.0 0.0
3396.002892642191 0.0 0.0 0.0 1.0 0.0 0.0 13.0 0.0
3397.00682049181 0.0 0.0 0.0 1.0 0.0 0.0 13.0 0.0
3398.0139688655045 0.0 0.0 0.0 1.0 0.0 0.0 13.0 0.0
3399.0051261749713 0.0 0.0 0.0 1.0 0.0 0.0 13.0 0.0
3400.0098708887426 0.0 0.0 0.0 1.0 0.0 0.0 13.0 0.0
3401.0256892317375 0.0 0.0 0.0 1.0 0.0 0.0 13.0 0.0
3402.005695884315 0.0 0.0 0.0 1.0 0.0 0.0 13.0 0.0
3403.009788342443 0.0 0.0 0.0 1.0 0.0 0.0 13.0 0.0
3404.0142654577307 0.0 0.0 0.0 1.0 0.0 0.0 13.0 0.0
3405.0295128629027 0.0 0.0 0.0 1.0 0.0 0.0 13.0 0.0
3406.022406206236 0.0 0.0 0.0 1.0 0.0 0.0 13.0 0.0
3407.0209002349366 0.0 0.0 0.0 1.0 0.0 0.0 13.0 0.0
3408.0066747939813 0.0 0.0 0.0 1.0 0.0 0.0 13.0 0.0
3409.009376564222 0.0 0.0 0.0 1.0 0.0 0.0 13.0 0.0
3410.0073198243485 0.0 0.0 0.0 1.0 0.0 0.0 13.0 0.0
3411.0155266795464 0.0 0.0 0.0 1.0 0.0 0.0 13.0 0.0
3412.0137421838194 0.0 0.0 0.0 1.0 0.0 0.0 13.0 0.0
3413.0284832823763 0.0 0.0 0.0 1.0 0.0 0.0 13.0 0.0
3414.001086682525 0.0 0.0 0.0 1.0 0.0 0.0 13.0 0.0
3415.0020745759984 0.0 0.0 0.0 1.0 0.0 0.0 13.0 0.0
3416.012436458165 0.0 0.0 0.0 1.0 0.0 0.0 13.0 0.0
3417.012834908644 0.0 0.0 0.0 1.0 0.0 0.0 13.0 0.0
3418.0044226675623 0.0 0.0 0.0 1.0 0.0 0.0 13.0 0.0
3419.0157081597317 0.0 0.0 0.0 1.0 0.0 0.0 13.0 0.0
3420.009448302041 0.0 0.0 0.0 1.0 0.0 0.0 13.0 0.0
3421.0279611200326 0.0 0.0 0.0 1.0 0.0 0.0 13.0 0.0
3422.0045056709278 0.0 0.0 0.0 1.0 0.0 0.0 13.0 0.0
3423.014854264307 0.0 0.0 0.0 1.0 0.0 0.0 13.0 0.0
3424.0188525288095 0.0 0.0 0.0 1.0 0.0 0.0 13.0 0.0
3425.009479165866 0.0 0.0 0.0 1.0 0.0 0.0 13.0 0.0
3426.0104642250776 0.0 0.0 0.0 1.0 0.0 0.0 13.0 0.0
3427.0019019556157 0.0 0.0 0.0 1.0 0.0 0.0 13.0 0.0
3428.009936240522 0.0 0.0 0.0 1.0 0.0 0.0 13.0 0.0
3429.014525047147 0.0 0.0 0.0 1.0 0.0 0.0 13.0 0.0
3430.0259906615333 0.0 0.0 0.0 1.0 0.0 0.0 13.0 0.0
3431.0047565214413 0.0 0.0 0.0 1.0 0.0 0.0 13.0 0.0
3432.002774238761 0.0 0.0 0.0 1.0 0.0 0.0 13.0 0.0
3433.0008671999576 0.0 0.0 0.0 1.0 0.0 0.0 13.0 0.0
3434.000780177852 0.0 0.0 0.0 1.0 0.0 0.0 13.0 0.0
3435.011842954076 0.0 0.0 0.0 1.0 0.0 0.0 13.0 0.0
3436.0398556015966 0.0 0.0 0.0 1.0 0.0 0.0 13.0 0.0
3437.009507659463 0.0 0.0 0.0 1.0 0.0 0.0 13.0 0.0
3438.029648157713 0.0 0.0 0.0 1.0 0.0 0.0 13.0 0.0
3439.0083607810516 0.0 0.0 0.0 1.0 0.0 0.0 13.0 0.0
3440.002469462445 0.0 0.0 0.0 1.0 0.0 0.0 13.0 0.0
3441.031148595798 0.0 0.0 0.0 1.0 0.0 0.0 13.0 0.0
3442.0090233692945 0.0 0.0 0.0 1.0 0.0 0.0 13.0 0.0
3443.010633387197 0.0 0.0 0.0 1.0 0.0 0.0 13.0 0.0
3444.0074835608584 0.0 0.0 0.0 1.0 0.0 0.0 13.0 0.0
3445.0111128665353 0.0 0.0 0.0 1.0 0.0 0.0 13.0 0.0
3446.0027149807074 0.0 0.0 0.0 1.0 0.0 0.0 13.0 0.0
3447.030078791563 0.0 0.0 0.0 1.0 0.0 0.0 13.0 0.0
3448.019446687497 0.0 0.0 0.0 1.0 0.0 0.0 13.0 0.0
3449.004599164975 0.0 0.0 0.0 1.0 0.0 0.0 13.0 0.0
3450.001287131324 0.0 0.0 0.0 1.0 0.0 0.0 13.0 0.0
3451.0035012774156 0.0 0.0 0.0 1.0 0.0 0.0 13.0 0.0
3452.0197811591274 0.0 0.0 0.0 1.0 0.0 0.0 13.0 0.0
3453.0152165640684 0.0 0.0 0.0 1.0 0.0 0.0 13.0 0.0
3454.003317831107 0.0 0.0 0.0 1.0 0.0 0.0 13.0 0.0
3455.023109114674 0.0 0.0 0.0 1.0 0.0 0.0 13.0 0.0
3456.019326911363 0.0 0.0 0.0 1.0 0.0 0.0 13.0 0.0
3457.005446530427 0.0 0.0 0.0 1.0 0.0 0.0 13.0 0.0
3458.0122236572474 0.0 0.0 0.0 1.0 0.0 0.0 13.0 0.0
3459.016217182189 0.0 0.0 0.0 1.0 0.0 0.0 13.0 0.0
3460.012054495115 0.0 0.0 0.0 1.0 0.0 0.0 13.0 0.0
3461.0004106710503 0.0 0.0 0.0 1.0 0.0 0.0 13.0 0.0
3462.0051781639118 0.0 0.0 0.0 1.0 0.0 0.0 13.0 0.0
3463.001116590169 0.0 0.0 0.0 1.0 0.0 0.0 13.0 0.0
3464.030734546804 0.0 0.0 0.0 1.0 0.0 0.0 13.0 0.0
3465.022997747155 0.0 0.0 0.0 1.0 0.0 0.0 13.0 0.0
3466.019419808819 0.0 0.0 0.0 1.0 0.0 0.0 13.0 0.0
3467.030134194807 0.0 0.0 0.0 1.0 0.0 0.0 13.0 0.0
3468.0102087442415 0.0 0.0 0.0 1.0 0.0 0.0 13.0 0.0
3469.0132849076635 0.0 0.0 0.0 1.0 0.0 0.0 13.0 0.0
3470.01061099702 0.0 0.0 0.0 1.0 0.0 0.0 13.0 0.0
3471.045539747243 0.0 0.0 0.0 1.0 0.0 0.0 13.0 0.0
3472.020004229856 0.0 0.0 0.0 1.0 0.0 0.0 13.0 0.0
3473.045539747243 0.0 0.0 0.0 1.0 0.0 0.0 13.0 0.0
3474.010725989683 0.0 0.0 0.0 1.0 0.0 0.0 13.0 0.0
3475.0127950201754 0.0 0.0 0.0 1.0 0.0 0.0 13.0 0.0
3476.0023538206683 0.0 0.0 0.0 1.0 0.0 0.0 13.0 0.0
3477.009806612258 0.0 0.0 0.0 1.0 0.0 0.0 13.0 0.0
3478.0018182940858 0.0 0.0 0.0 1.0 0.0 0.0 13.0 0.0
3479.041041009981 0.0 0.0 0.0 1.0 0.0 0.0 13.0 0.0
3480.0110891970767 0.0 0.0 0.0 1.0 0.0 0.0 13.0 0.0
3481.0252874661096 0.0 0.0 0.0 1.0 0.0 0.0 13.0 0.0
3482.0060825461424 0.0 0.0 0.0 1.0 0.0 0.0 13.0 0.0
3483.045539747243 0.0 0.0 0.0 1.0 0.0 0.0 13.0 0.0
3484.0082953900264 0.0 0.0 0.0 1.0 0.0 0.0 13.0 0.0
3485.0097202410875 0.0 0.0 0.0 1.0 0.0 0.0 13.0 0.0
3486.0230052933666 0.0 0.0 0.0 1.0 0.0 0.0 13.0 0.0
3487.009968310667 0.0 0.0 0.0 1.0 0.0 0.0 13.0 0.0
3488.0061731810365 0.0 0.0 0.0 1.0 0.0 0.0 13.0 0.0
3489.0044829079343 0.0 0.0 0.0 1.0 0.0 0.0 13.0 0.0
3490.006644661902 0.0 0.0 0.0 1.0 0.0 0.0 13.0 0.0
3491.0119335190316 0.0 0.0 0.0 1.0 0.0 0.0 13.0 0.0
3492.0016467442983 0.0 0.0 0.0 1.0 0.0 0.0 13.0 0.0
3493.0140426349494 0.0 0.0 0.0 1.0 0.0 0.0 13.0 0.0
3494.0076305182433 0.0 0.0 0.0 1.0 0.0 0.0 13.0 0.0
3495.0102598634744 0.0 0.0 0.0 1.0 0.0 0.0 13.0 0.0
3496.00238066093 0.0 0.0 0.0 1.0 0.0 0.0 13.0 0.0
3497.011545620732 0.0 0.0 0.0 1.0 0.0 0.0 13.0 0.0
3498.0032341969504 0.0 0.0 0.0 1.0 0.0 0.0 13.0 0.0
3499.0198404940866 0.0 0.0 0.0 1.0 0.0 0.0 13.0 0.0
3500.0021006992756 0.0 0.0 0.0 1.0 0.0 0.0 13.0 0.0
3501.0036826896558 0.03750000000000001 0.0 0.0 0.9625 0.0 1.0 12.6375 0.0712962962962963
3502.0211786815976 0.7125 0.0 0.0 0.2874999999999999 0.0 1.0 11.9875 0.4046296296296296
3503.0016273855376 0.95 0.0 0.0 0.04999999999999998 0.0 1.0 12.0375 0.09382716049382717
3504.0247164664506 0.9875 0.0 0.0 0.012500000000000013 0.0 1.0 12.6375 0.024382716049382715
3505.045539747243 0.9875 0.0 0.0 0.012500000000000013 0.0 1.0 12.8875 0.024382716049382715
3506.0146373832954 0.9875 0.0 0.0 0.012500000000000013 0.0 1.0 12.9625 0.024382716049382715
3507.000944007461 0.9875 0.0 0.0 0.012500000000000013 0.0 1.0 12.9875 0.024382716049382715
3508.0171606193912 0.9875 0.0 0.0 0.012500000000000013 0.0 1.0 13.0 0.024382716049382715
3509.042232660943 0.9875 0.0 0.0 0.012500000000000013 0.0 1.0 13.0 0.024382716049382715
3510.0143477428633 0.9875 0.0 0.0 0.012500000000000013 0.0 1.0 13.0 0.024382716049382715
3511.0029546016635 0.9875 0.0 0.0 0.012500000000000013 0.0 1.0 13.0 0.024382716049382715
3512.0281435837364 0.9875 0.0 0.0 0.012500000000000013 0.0 1.0 13.0 0.024382716049382715
3513.0030391679893 0.9875 0.0 0.0 0.012500000000000013 0.0 1.0 13.0 0.024382716049382715
3514.012525577786 0.9875 0.0 0.0 0.012500000000000013 0.0 1.0 13.0 0.024382716049382715
3515.004649234845 1.0 0.0 0.0 0.0 0.0 1.0 13.0 0.0
3516.0002241226007 1.0 0.0 0.0 0.0 0.0 1.0 13.0 0.0
3517.0005537458624 1.0 0.0 0.0 0.0 0.0 1.0 13.0 0.0
3518.0052438311427 1.0 0.0 0.0 0.0 0.0 1.0 13.0 0.0
3519.045539747243 1.0 0.0 0.0 0.0 0.0 1.0 13.0 0.0
3520.015304667633 1.0 0.0 0.0 0.0 0.0 1.0 13.0 0.0
3521.013692425665 1.0 0.0 0.0 0.0 0.0 1.0 13.0 0.0
3522.045539747243 1.0 0.0 0.0 0.0 0.0 1.0 13.0 0.0
3523.045539747243 1.0 0.0 0.0 0.0 0.0 1.0 13.0 0.0
3524.004330233039 1.0 0.0 0.0 0.0 0.0 1.0 13.0 0.0
3525.002241788913 1.0 0.0 0.0 0.0 0.0 1.0 13.0 0.0
3526.0035650518244 1.0 0.0 0.0 0.0 0.0 1.0 13.0 0.0
3527.010593068957 1.0 0.0 0.0 0.0 0.0 1.0 13.0 0.0
3528.0147924737703 1.0 0.0 0.0 0.0 0.0 1.0 13.0 0.0
3529.0023656545495 1.0 0.0 0.0 0.0 0.0 1.0 13.0 0.0
3530.0012041581463 1.0 0.0 0.0 0.0 0.0 1.0 13.0 0.0
3531.0147435563836 1.0 0.0 0.0 0.0 0.0 1.0 13.0 0.0
3532.0135450171156 1.0 0.0 0.0 0.0 0.0 1.0 13.0 0.0
3533.0193386163696 1.0 0.0 0.0 0.0 0.0 1.0 13.0 0.0
3534.000855774423 1.0 0.0 0.0 0.0 0.0 1.0 13.0 0.0
3535.0023238975377 1.0 0.0 0.0 0.0 0.0 1.0 13.0 0.0
3536.0196384601163 1.0 0.0 0.0 0.0 0.0 1.0 13.0 0.0
3537.034206485098 1.0 0.0 0.0 0.0 0.0 1.0 13.0 0.0
3538.034214326077 1.0 0.0 0.0 0.0 0.0 1.0 13.0 0.0
3539.015312055352 1.0 0.0 0.0 0.0 0.0 1.0 13.0 0.0
3540.016040332086 1.0 0.0 0.0 0.0 0.0 1.0 13.0 0.0
3541.0240052692325 1.0 0.0 0.0 0.0 0.0 1.0 13.0 0.0
3542.0091426435324 1.0 0.0 0.0 0.0 0.0 1.0 13.0 0.0
3543.0001786367716 1.0 0.0 0.0 0.0 0.0 1.0 13.0 0.0
3544.0374757529335 1.0 0.0 0.0 0.0 0.0 1.0 13.0 0.0
3545.0151024685097 1.0 0.0 0.0 0.0 0.0 1.0 13.0 0.0
3546.029824999334 1.0 0.0 0.0 0.0 0.0 1.0 13.0 0.0
3547.0090350288538 1.0 0.0 0.0 0.0 0.0 1.0 13.0 0.0
3548.0081277385225 1.0 0.0 0.0 0.0 0.0 1.0 13.0 0.0
3549.004082581319 1.0 0.0 0.0 0.0 0.0 1.0 13.0 0.0
3550.017278425827 1.0 0.0 0.0 0.0 0.0 1.0 13.0 0.0
3551.043337181246 1.0 0.0 0.0 0.0 0.0 1.0 13.0 0.0
3552.0006930273676 1.0 0.0 0.0 0.0 0.0 1.0 13.0 0.0
3553.0063799834484 1.0 0.0 0.0 0.0 0.0 1.0 13.0 0.0
3554.0125019179723 1.0 0.0 0.0 0.0 0.0 1.0 13.0 0.0
3555.000129395983 1.0 0.0 0.0 0.0 0.0 1.0 13.0 0.0
3556.016888220923 1.0 0.0 0.0 0.0 0.0 1.0 13.0 0.0
3557.015511925736 1.0 0.0 0.0 0.0 0.0 1.0 13.0 0.0
3558.0221352694934 1.0 0.0 0.0 0.0 0.0 1.0 13.0 0.0
3559.013551400238 1.0 0.0 0.0 0.0 0.0 1.0 13.0 0.0
3560.0335911201264 1.0 0.0 0.0 0.0 0.0 1.0 13.0 0.0
3561.0060733744212 1.0 0.0 0.0 0.0 0.0 1.0 13.0 0.0
3562.0054130142157 1.0 0.0 0.0 0.0 0.0 1.0 13.0 0.0
3563.0049950141097 1.0 0.0 0.0 0.0 0.0 1.0 13.0 0.0
3564.0199471510086 1.0 0.0 0.0 0.0 0.0 1.0 13.0 0.0
3565.011873236624 1.0 0.0 0.0 0.0 0.0 1.0 13.0 0.0
3566.01654763373 1.0 0.0 0.0 0.0 0.0 1.0 13.0 0.0
3567.001703791921 1.0 0.0 0.0 0.0 0.0 1.0 13.0 0.0
3568.01734492905 1.0 0.0 0.0 0.0 0.0 1.0 13.0 0.0
3569.0107559844137 1.0 0.0 0.0 0.0 0.0 1.0 13.0 0.0
3570.0014291405096 1.0 0.0 0.0 0.0 0.0 1.0 13.0 0.0
3571.0086647659714 1.0 0.0 0.0 0.0 0.0 1.0 13.0 0.0
3572.0068088003236 1.0 0.0 0.0 0.0 0.0 1.0 13.0 0.0
3573.020176537233 1.0 0.0 0.0 0.0 0.0 1.0 13.0 0.0
3574.0008716455914 1.0 0.0 0.0 0.0 0.0 1.0 13.0 0.0
3575.005700974274 1.0 0.0 0.0 0.0 0.0 1.0 13.0 0.0
3576.0071448668787 1.0 0.0 0.0 0.0 0.0 1.0 13.0 0.0
3577.0363656081176 1.0 0.0 0.0 0.0 0.0 1.0 13.0 0.0
3578.022240105612 1.0 0.0 0.0 0.0 0.0 1.0 13.0 0.0
3579.0171791125763 1.0 0.0 0.0 0.0 0.0 1.0 13.0 0.0
3580.0115127078043 1.0 0.0 0.0 0.0 0.0 1.0 13.0 0.0
3581.005157885285 1.0 0.0 0.0 0.0 0.0 1.0 13.0 0.0
3582.025389452293 1.0 0.0 0.0 0.0 0.0 1.0 13.0 0.0
3583.0099360210543 1.0 0.0 0.0 0.0 0.0 1.0 13.0 0.0
3584.0452678850984 1.0 0.0 0.0 0.0 0.0 1.0 13.0 0.0
3585.0070663014762 1.0 0.0 0.0 0.0 0.0 1.0 13.0 0.0
3586.0278695718475 1.0 0.0 0.0 0.0 0.0 1.0 13.0 0.0
3587.020038708546 1.0 0.0 0.0 0.0 0.0 1.0 13.0 0.0
3588.031242922124 1.0 0.0 0.0 0.0 0.0 1.0 13.0 0.0
3589.0276291985238 1.0 0.0 0.0 0.0 0.0 1.0 13.0 0.0
3590.000351914961 1.0 0.0 0.0 0.0 0.0 1.0 13.0 0.0
3591.026751833317 1.0 0.0 0.0 0.0 0.0 1.0 13.0 0.0
3592.021472236673 1.0 0.0 0.0 0.0 0.0 1.0 13.0 0.0
3593.012039910952 1.0 0.0 0.0 0.0 0.0 1.0 13.0 0.0
3594.0129437588143 1.0 0.0 0.0 0.0 0.0 1.0 13.0 0.0
3595.0154619055875 1.0 0.0 0.0 0.0 0.0 1.0 13.0 0.0
3596.045539747243 1.0 0.0 0.0 0.0 0.0 1.0 13.0 0.0
3597.005021809137 1.0 0.0 0.0 0.0 0.0 1.0 13.0 0.0
3598.007564329387 1.0 0.0 0.0 0.0 0.0 1.0 13.0 0.0
3599.015236425977 1.0 0.0 0.0 0.0 0.0 1.0 13.0 0.0
3600.0307597263886 1.0 0.0 0.0 0.0 0.0 1.0 12.9125 0.0
3601.00905613988 1.0 0.0 0.0 0.0 0.0 1.0 12.275 0.0
3602.0072279276155 0.925 0.0 0.07500000000000002 0.0 0.0 1.0 11.45 0.13703703703703704
3603.000869108558 0.475 0.0 0.525 0.0 0.0 1.0 11.1375 0.4925925925925926
3604.019618303729 0.075 0.0 0.925 0.0 0.0 1.0 11.6875 0.13703703703703704
3605.0015420148175 0.02499999999999999 0.0 0.975 0.0 0.0 1.0 12.6125 0.04814814814814815
3606.045539747243 0.01250000000000002 0.0 0.9875 0.0 0.0 1.0 12.8875 0.024382716049382715
3607.0048418488427 0.0 0.0 1.0 0.0 0.0 1.0 12.9625 0.0
3608.045539747243 0.0 0.0 1.0 0.0 0.0 1.0 12.9875 0.0
3609.0021998663924 0.0 0.0 1.0 0.0 0.0 1.0 13.0 0.0
3610.0059432934427 0.0 0.0 1.0 0.0 0.0 1.0 13.0 0.0
3611.0233922753214 0.0 0.0 1.0 0.0 0.0 1.0 13.0 0.0
3612.0366049302907 0.0 0.0 1.0 0.0 0.0 1.0 13.0 0.0
3613.0179560956944 0.0 0.0 1.0 0.0 0.0 1.0 13.0 0.0
3614.003878087949 0.0 0.0 1.0 0.0 0.0 1.0 13.0 0.0
3615.006240358027 0.0 0.0 1.0 0.0 0.0 1.0 13.0 0.0
3616.0193303922906 0.0 0.0 1.0 0.0 0.0 1.0 13.0 0.0
3617.001215071639 0.0 0.0 1.0 0.0 0.0 1.0 13.0 0.0
3618.005172329257 0.0 0.0 1.0 0.0 0.0 1.0 13.0 0.0
3619.0157318131946 0.0 0.0 1.0 0.0 0.0 1.0 13.0 0.0
3620.035008475765 0.0 0.0 1.0 0.0 0.0 1.0 13.0 0.0
3621.0148966833003 0.0 0.0 1.0 0.0 0.0 1.0 13.0 0.0
3622.006514159391 0.0 0.0 1.0 0.0 0.0 1.0 13.0 0.0
3623.011005520433 0.0 0.0 1.0 0.0 0.0 1.0 13.0 0.0
3624.0145906623957 0.0 0.0 1.0 0.0 0.0 1.0 13.0 0.0
3625.0276625410243 0.0 0.0 1.0 0.0 0.0 1.0 13.0 0.0
3626.000957754119 0.0 0.0 1.0 0.0 0.0 1.0 13.0 0.0
3627.026489883558 0.0 0.0 1.0 0.0 0.0 1.0 13.0 0.0
3628.032709527528 0.0 0.0 1.0 0.0 0.0 1.0 13.0 0.0
3629.023119330856 0.0 0.0 1.0 0.0 0.0 1.0 13.0 0.0
3630.00761590355 0.0 0.0 1.0 0.0 0.0 1.0 13.0 0.0
3631.0088941004997 0.0 0.0 1.0 0.0 0.0 1.0 13.0 0.0
3632.002446863864 0.0 0.0 1.0 0.0 0.0 1.0 13.0 0.0
3633.0321433801405 0.0 0.0 1.0 0.0 0.0 1.0 13.0 0.0
3634.0210618632937 0.0 0.0 1.0 0.0 0.0 1.0 13.0 0.0
3635.0054205815 0.0 0.0 1.0 0.0 0.0 1.0 13.0 0.0
3636.002034515095 0.0 0.0 1.0 0.0 0.0 1.0 13.0 0.0
3637.0288653229427 0.0 0.0 1.0 0.0 0.0 1.0 13.0 0.0
3638.016882624654 0.0 0.0 1.0 0.0 0.0 1.0 13.0 0.0
3639.005763380627 0.0 0.0 1.0 0.0 0.0 1.0 13.0 0.0
3640.004715749047 0.0 0.0 1.0 0.0 0.0 1.0 13.0 0.0
3641.0295588530103 0.0 0.0 1.0 0.0 0.0 1.0 13.0 0.0
3642.0209178488167 0.0 0.0 1.0 0.0 0.0 1.0 13.0 0.0
3643.0099960768443 0.0 0.0 1.0 0.0 0.0 1.0 13.0 0.0
3644.04201345515 0.0 0.0 1.0 0.0 0.0 1.0 13.0 0.0
3645.0013318779997 0.0 0.0 1.0 0.0 0.0 1.0 13.0 0.0
3646.008517668886 0.0 0.0 1.0 0.0 0.0 1.0 13.0 0.0
3647.014386273424 0.0 0.0 1.0 0.0 0.0 1.0 13.0 0.0
3648.001816882885 0.0 0.0 1.0 0.0 0.0 1.0 13.0 0.0
3649.0189420163597 0.0 0.0 1.0 0.0 0.0 1.0 13.0 0.0
3650.008670272182 0.0 0.0 1.0 0.0 0.0 1.0 13.0 0.0
3651.027790767442 0.0 0.0 1.0 0.0 0.0 1.0 13.0 0.0
3652.011134841442 0.0 0.0 1.0 0.0 0.0 1.0 13.0 0.0
3653.0111803096206 0.0 0.0 1.0 0.0 0.0 1.0 13.0 0.0
3654.032645139372 0.0 0.0 1.0 0.0 0.0 1.0 13.0 0.0
3655.0028903624975 0.0 0.0 1.0 0.0 0.0 1.0 13.0 0.0
3656.011062253173 0.0 0.0 1.0 0.0 0.0 1.0 13.0 0.0
3657.02379115866 0.0 0.0 1.0 0.0 0.0 1.0 13.0 0.0
3658.027589168365 0.0 0.0 1.0 0.0 0.0 1.0 13.0 0.0
3659.0099339098747 0.0 0.0 1.0 0.0 0.0 1.0 13.0 0.0
3660.005236579861 0.0 0.0 1.0 0.0 0.0 1.0 13.0 0.0
3661.010523033274 0.0 0.0 1.0 0.0 0.0 1.0 13.0 0.0
3662.0285426119453 0.0 0.0 1.0 0.0 0.0 1.0 13.0 0.0
3663.0227240934023 0.0 0.0 1.0 0.0 0.0 1.0 13.0 0.0
3664.003941103138 0.0 0.0 1.0 0.0 0.0 1.0 13.0 0.0
3665.007183742098 0.0 0.0 1.0 0.0 0.0 1.0 13.0 0.0
3666.00646668001 0.0 0.0 1.0 0.0 0.0 1.0 13.0 0.0
3667.045539747243 0.0 0.0 1.0 0.0 0.0 1.0 13.0 0.0
3668.029147605383 0.0 0.0 1.0 0.0 0.0 1.0 13.0 0.0
3669.033335445142 0.0 0.0 1.0 0.0 0.0 1.0 13.0 0.0
3670.013154685178 0.0 0.0 1.0 0.0 0.0 1.0 13.0 0.0
3671.0076336398097 0.0 0.0 1.0 0.0 0.0 1.0 13.0 0.0
3672.0127084057285 0.0 0.0 1.0 0.0 0.0 1.0 13.0 0.0
3673.007878518013 0.0 0.0 1.0 0.0 0.0 1.0 13.0 0.0
3674.007031437753 0.0 0.0 1.0 0.0 0.0 1.0 13.0 0.0
3675.018473024681 0.0 0.0 1.0 0.0 0.0 1.0 13.0 0.0
3676.004128469202 0.0 0.0 1.0 0.0 0.0 1.0 13.0 0.0
3677.005620842412 0.0 0.0 1.0 0.0 0.0 1.0 13.0 0.0
3678.0124109816234 0.0 0.0 1.0 0.0 0.0 1.0 13.0 0.0
3679.0283522578893 0.0 0.0 1.0 0.0 0.0 1.0 13.0 0.0
3680.000767076017 0.0 0.0 1.0 0.0 0.0 1.0 13.0 0.0
3681.0172171660706 0.0 0.0 1.0 0.0 0.0 1.0 13.0 0.0
3682.0095512439398 0.0 0.0 1.0 0.0 0.0 1.0 13.0 0.0
3683.0117884419055 0.0 0.0 1.0 0.0 0.0 1.0 13.0 0.0
3684.0093766958435 0.0 0.0 1.0 0.0 0.0 1.0 13.0 0.0
3685.0014589162993 0.0 0.0 1.0 0.0 0.0 1.0 13.0 0.0
3686.002194661514 0.0 0.0 1.0 0.0 0.0 1.0 13.0 0.0
3687.005568044642 0.0 0.0 1.0 0.0 0.0 1.0 13.0 0.0
3688.0309710227016 0.0 0.0 1.0 0.0 0.0 1.0 13.0 0.0
3689.0337344892637 0.0 0.0 1.0 0.0 0.0 1.0 13.0 0.0
3690.0310453379134 0.0 0.0 1.0 0.0 0.0 1.0 13.0 0.0
3691.0335314701847 0.0 0.0 1.0 0.0 0.0 1.0 13.0 0.0
3692.0042292844396 0.0 0.0 1.0 0.0 0.0 1.0 13.0 0.0
3693.0224936100117 0.0 0.0 1.0 0.0 0.0 1.0 13.0 0.0
3694.004247506533 0.0 0.0 1.0 0.0 0.0 1.0 13.0 0.0
3695.0003636018214 0.0 0.0 1.0 0.0 0.0 1.0 13.0 0.0
3696.0287408869135 0.0 0.0 1.0 0.0 0.0 1.0 13.0 0.0
3697.0072521101633 0.0 0.0 1.0 0.0 0.0 1.0 13.0 0.0
3698.0392308817723 0.0 0.0 1.0 0.0 0.0 1.0 13.0 0.0
3699.0245345026783 0.0 0.0 0.95 0.049999999999999996 0.0 0.0 13.0 0.09382716049382717
3700.005504161519 0.0 0.0 0.15000000000000002 0.85 0.0 0.0 13.05 0.2518518518518518
3701.0135992892438 0.0 0.0 0.0 1.0 0.0 0.0 13.95 0.0
3702.007235625743 0.0 0.0 0.0 1.0 0.0 0.0 14.725 0.0
3703.0000589392384 0.0 0.0 0.0 1.0 0.0 0.0 14.975 0.0
3704.011050914818 0.0 0.0 0.0 1.0 0.0 0.0 14.575 0.0
3705.0013220772094 0.0 0.0 0.0 1.0 0.0 0.0 13.4375 0.0
3706.005958315556 0.0 0.0 0.0 1.0 0.0 0.0 12.35 0.0
3707.034028261776 0.0 0.0 0.0 1.0 0.0 0.0 12.0625 0.0
3708.0130739651845 0.0 0.0 0.0 1.0 0.0 0.0 12.025 0.0
3709.016721256087 0.0 0.0 0.0 1.0 0.0 0.0 12.0 0.0
3710.0070272596367 0.0 0.0 0.0 1.0 0.0 0.0 12.0 0.0
3711.0097750285595 0.0 0.0 0.0 1.0 0.0 0.0 12.0 0.0
3712.010222028681 0.0 0.0 0.0 1.0 0.0 0.0 12.0 0.0
3713.0002607064785 0.0 0.0 0.0 1.0 0.0 0.0 12.0 0.0
3714.0140492958 0.0 0.0 0.0 1.0 0.0 0.0 12.0 0.0
3715.0124026414337 0.0 0.0 0.0 1.0 0.0 0.0 12.0 0.0
3716.001253565789 0.0 0.0 0.0 1.0 0.0 0.0 12.0 0.0
3717.0000927685273 0.0 0.0 0.0 1.0 0.0 0.0 12.0 0.0
3718.0044544651155 0.0 0.0 0.0 1.0 0.0 0.0 12.0 0.0
3719.045539747243 0.0 0.0 0.0 1.0 0.0 0.0 12.0 0.0
3720.0006298511616 0.0 0.0 0.0 1.0 0.0 0.0 12.0 0.0
3721.006462783989 0.0 0.0 0.0 1.0 0.0 0.0 12.0 0.0
3722.0316266165682 0.0 0.0 0.0 1.0 0.0 0.0 12.0 0.0
3723.000815288314 0.0 0.0 0.0 1.0 0.0 0.0 12.0 0.0
3724.002526053284 0.0 0.0 0.0 1.0 0.0 0.0 12.0 0.0
3725.015697025167 0.0 0.0 0.0 1.0 0.0 0.0 12.0 0.0
3726.0024484511846 0.0 0.0 0.0 1.0 0.0 0.0 12.0 0.0
3727.0142836177884 0.0 0.0 0.0 1.0 0.0 0.0 12.0 0.0
3728.045539747243 0.0 0.0 0.0 1.0 0.0 0.0 12.0 0.0
3729.001480897297 0.0 0.0 0.0 1.0 0.0 0.0 12.0 0.0
3730.0045699111165 0.0 0.0 0.0 1.0 0.0 0.0 12.0 0.0
3731.0016253610247 0.0 0.0 0.0 1.0 0.0 0.0 12.0 0.0
3732.018799211743 0.0 0.0 0.0 1.0 0.0 0.0 12.0 0.0
3733.0048220037665 0.0 0.0 0.0 1.0 0.0 0.0 12.0 0.0
3734.0083943542877 0.0 0.0 0.0 1.0 0.0 0.0 12.0 0.0
3735.0095367213708 0.0 0.0 0.0 1.0 0.0 0.0 12.0 0.0
3736.009928020986 0.0 0.0 0.0 1.0 0.0 0.0 12.0 0.0
3737.0001062161487 0.0 0.0 0.0 1.0 0.0 0.0 12.0 0.0
3738.004900328611 0.0 0.0 0.0 1.0 0.0 0.0 12.0 0.0
3739.0031145332696 0.0 0.0 0.0 1.0 0.0 0.0 12.0 0.0
3740.000246124273 0.0 0.0 0.0 1.0 0.0 0.0 11.9875 0.0
3741.022565752728 0.0 0.0 0.0 1.0 0.0 0.0 11.4625 0.0
3742.0013204867255 0.0 0.0 0.0 1.0 0.0 0.0 10.675 0.0
3743.0055370139926 0.0 0.0 0.0 1.0 0.0 0.0 10.1125 0.0
3744.0060133181883 0.0 0.0 0.0 1.0 0.0 0.0 10.0125 0.0
3745.0041001003656 0.0 0.0 0.0 1.0 0.0 0.0 10.0 0.0
3746.003554337996 0.0 0.0 0.0 1.0 0.0 0.0 10.0 0.0
3747.0395949531166 0.0 0.0 0.0 1.0 0.0 0.0 10.0 0.0
3748.018799098437 0.0 0.0 0.0 1.0 0.0 0.0 10.0 0.0
3749.036901810849 0.0 0.0 0.0 1.0 0.0 0.0 10.0 0.0
3750.0340844051625 0.0 0.0 0.0 1.0 0.0 0.0 10.0 0.0
3751.012350733948 0.0 0.0 0.0 1.0 0.0 0.0 10.0 0.0
3752.008685539641 0.0 0.0 0.0 1.0 0.0 0.0 10.0 0.0
3753.0148823375425 0.0 0.0 0.0 1.0 0.0 0.0 10.0 0.0
3754.0107558293403 0.0 0.0 0.0 1.0 0.0 0.0 10.0 0.0
3755.045539747243 0.0 0.0 0.0 1.0 0.0 0.0 10.0 0.0
3756.0413526020507 0.0 0.0 0.0 1.0 0.0 0.0 10.0 0.0
3757.0008614159506 0.0 0.0 0.0 1.0 0.0 0.0 10.0 0.0
3758.0011935269667 0.0 0.0 0.0 1.0 0.0 0.0 10.0 0.0
3759.03536679527 0.0 0.0 0.0 1.0 0.0 0.0 10.0 0.0
3760.012865104105 0.0 0.0 0.0 1.0 0.0 0.0 10.0 0.0
3761.0215496412306 0.0 0.0 0.0 1.0 0.0 0.0 10.0 0.0
3762.0112605152895 0.0 0.0 0.0 1.0 0.0 0.0 10.0 0.0
3763.036287772947 0.0 0.0 0.0 1.0 0.0 0.0 10.0 0.0
3764.0004090471857 0.0 0.0 0.0 1.0 0.0 0.0 10.0 0.0
3765.024866633865 0.0 0.0 0.0 1.0 0.0 0.0 10.0 0.0
3766.00779273875 0.0 0.0 0.0 1.0 0.0 0.0 10.0 0.0
3767.0426296807627 0.0 0.0 0.0 1.0 0.0 0.0 10.0 0.0
3768.001943335023 0.0 0.0 0.0 1.0 0.0 0.0 10.0 0.0
3769.0218283232048 0.0 0.0 0.0 1.0 0.0 0.0 10.0 0.0
3770.0227795968926 0.0 0.0 0.0 1.0 0.0 0.0 10.0 0.0
3771.0032743329025 0.0 0.0 0.0 1.0 0.0 0.0 10.0 0.0
3772.0117293640446 0.0 0.0 0.0 1.0 0.0 0.0 10.0 0.0
3773.013151799378 0.0 0.0 0.0 1.0 0.0 0.0 10.0 0.0
3774.045539747243 0.0 0.0 0.0 1.0 0.0 0.0 10.0 0.0
3775.0023822462836 0.0 0.0 0.0 1.0 0.0 0.0 10.0 0.0
3776.0088191505247 0.0 0.0 0.0 1.0 0.0 0.0 10.0 0.0
3777.0000884055667 0.0 0.0 0.0 1.0 0.0 0.0 10.0 0.0
3778.010874763657 0.0 0.0 0.0 1.0 0.0 0.0 10.0 0.0
3779.016003799047 0.0 0.0 0.0 1.0 0.0 0.0 10.0 0.0
3780.018561539278 0.0 0.0 0.0 1.0 0.0 0.0 10.0 0.0
3781.0049844708324 0.0 0.0 0.0 1.0 0.0 0.0 10.0 0.0
3782.0017516940197 0.0 0.0 0.0 1.0 0.0 0.0 10.0 0.0
3783.013679297168 0.0 0.0 0.0 1.0 0.0 0.0 10.0 0.0
3784.025147563695 0.0 0.0 0.0 1.0 0.0 0.0 10.0 0.0
3785.009219659229 0.0 0.0 0.0 1.0 0.0 0.0 10.0 0.0
3786.0047617838236 0.0 0.0 0.0 1.0 0.0 0.0 10.0 0.0
3787.045539747243 0.0 0.0 0.0 1.0 0.0 0.0 10.0 0.0
3788.0268517678296 0.0 0.0 0.0 1.0 0.0 0.0 10.0 0.0
3789.0045876694326 0.0 0.0 0.0 1.0 0.0 0.0 10.0 0.0
3790.045539747243 0.0 0.0 0.0 1.0 0.0 0.0 10.0 0.0
3791.028682950099 0.0 0.0 0.0 1.0 0.0 0.0 10.0 0.0
3792.023591501373 0.0 0.0 0.0 1.0 0.0 0.0 10.0 0.0
3793.033520578421 0.0 0.0 0.0 1.0 0.0 0.0 10.0 0.0
3794.0004780763365 0.0 0.0 0.0 1.0 0.0 0.0 10.0 0.0
3795.044142449439 0.0 0.0 0.0 1.0 0.0 0.0 10.0 0.0
3796.0103144980385 0.0 0.0 0.0 1.0 0.0 0.0 10.0 0.0
3797.0200125399842 0.0 0.0 0.0 1.0 0.0 0.0 10.0 0.0
3798.021946579714 0.0 0.0 0.0 1.0 0.0 0.0 10.0 0.0
3799.045539747243 0.0 0.0 0.0 1.0 0.0 0.0 10.0 0.0
3800.008463636613 0.0 0.0 0.0 1.0 0.0 0.0 10.0 0.0
3801.0005961283896 0.0 0.0 0.0 1.0 0.0 0.0 10.0 0.0
3802.009843125886 0.0 0.0 0.0 1.0 0.0 0.0 10.0 0.0
3803.0011267978957 0.0 0.0 0.0 1.0 0.0 0.0 10.0 0.0
3804.0096171524533 0.0 0.0 0.0 1.0 0.0 0.0 10.0 0.0
3805.000030454974 0.0 0.0 0.0 1.0 0.0 0.0 10.0 0.0
3806.006579655682 0.0 0.0 0.0 1.0 0.0 0.0 10.0 0.0
3807.0036606420667 0.0 0.0 0.0 1.0 0.0 0.0 10.0 0.0
3808.0039734418506 0.0 0.0 0.0 1.0 0.0 0.0 10.0 0.0
3809.003171431302 0.0 0.0 0.0 1.0 0.0 0.0 10.0 0.0
3810.018616795695 0.0 0.0 0.0 1.0 0.0 0.0 10.0 0.0
3811.00127710845 0.0 0.0 0.0 1.0 0.0 0.0 10.0 0.0
3812.008291232469 0.0 0.0 0.0 1.0 0.0 0.0 10.0 0.0
3813.000367914324 0.0 0.0 0.0 1.0 0.0 0.0 10.0 0.0
3814.0252610982657 0.0 0.0 0.0 1.0 0.0 0.0 10.0 0.0
3815.038949782822 0.0 0.0 0.0 1.0 0.0 0.0 10.0 0.0
3816.021294497082 0.0 0.0 0.0 1.0 0.0 0.0 10.0 0.0
3817.015023983347 0.0 0.0 0.0 1.0 0.0 0.0 10.0 0.0
3818.004541947033 0.0 0.0 0.0 1.0 0.0 0.0 10.0 0.0
3819.0170870915786 0.0 0.0 0.0 1.0 0.0 0.0 10.0 0.0
3820.019261868987 0.0 0.0 0.0 1.0 0.0 0.0 10.0 0.0
3821.0095228911177 0.0 0.0 0.0 1.0 0.0 0.0 10.0 0.0
3822.0035473679372 0.0 0.0 0.0 1.0 0.0 0.0 10.0 0.0
3823.0173344822697 0.0 0.0 0.0 1.0 0.0 0.0 10.0 0.0
3824.0102976399126 0.0 0.0 0.0 1.0 0.0 0.0 10.0 0.0
3825.01729185588 0.0 0.0 0.0 1.0 0.0 0.0 10.0 0.0
3826.02008178733 0.0 0.0 0.0 1.0 0.0 0.0 10.0 0.0
3827.0070951521498 0.0 0.0 0.0 1.0 0.0 0.0 10.0 0.0
3828.001343630623 0.0 0.0 0.0 1.0 0.0 0.0 10.0 0.0
3829.0122813420526 0.0 0.0 0.0 1.0 0.0 0.0 10.0 0.0
3830.020574815666 0.0 0.0 0.0 1.0 0.0 0.0 10.0 0.0
3831.015112206378 0.0 0.0 0.0 1.0 0.0 0.0 10.0 0.0
3832.0018302721287 0.0 0.0 0.0 1.0 0.0 0.0 10.0 0.0
3833.0007386331195 0.0 0.0 0.0 1.0 0.0 0.0 10.0 0.0
3834.0303598253317 0.0 0.0 0.0 1.0 0.0 0.0 10.0 0.0
3835.004683249933 0.0 0.0 0.0 1.0 0.0 0.0 10.0 0.0
3836.000895609908 0.0 0.0 0.0 1.0 0.0 0.0 10.0 0.0
3837.0004720263237 0.0 0.0 0.0 1.0 0.0 0.0 10.0 0.0
3838.0210660054877 0.0 0.0 0.0 1.0 0.0 0.0 10.0 0.0
3839.008294726241 0.0 0.0 0.0 1.0 0.0 0.0 10.0 0.0
3840.0145147466974 0.0 0.0 0.0 1.0 0.0 0.0 10.0 0.0
3841.00278375733 0.0 0.0 0.0 1.0 0.0 0.0 10.0 0.0
3842.025614551265 0.0 0.0 0.0 1.0 0.0 0.0 10.0 0.0
3843.032615562424 0.0 0.0 0.0 1.0 0.0 0.0 10.0 0.0
3844.009166209148 0.0 0.0 0.0 1.0 0.0 0.0 10.0 0.0
3845.0085761671626 0.0 0.0 0.0 1.0 0.0 0.0 10.0 0.0
3846.004370168657 0.0 0.0 0.0 1.0 0.0 0.0 10.0 0.0
3847.0011888345894 0.0 0.0 0.0 1.0 0.0 0.0 10.0 0.0
3848.0024847632117 0.0 0.0 0.0 1.0 0.0 0.0 10.0 0.0
3849.011799565974 0.0 0.0 0.0 1.0 0.0 0.0 10.0 0.0
3850.045539747243 0.0 0.0 0.0 1.0 0.0 0.0 10.0 0.0
3851.0439212536858 0.0 0.0 0.0 1.0 0.0 0.0 10.0 0.0
3852.000293732871 0.0 0.0 0.0 1.0 0.0 0.0 10.0 0.0
3853.0244617597236 0.0 0.0 0.0 1.0 0.0 0.0 10.0 0.0
3854.0003086852316 0.0 0.0 0.0 1.0 0.0 0.0 10.0 0.0
3855.0160194891937 0.0 0.0 0.0 1.0 0.0 0.0 10.0 0.0
3856.001392042278 0.0 0.0 0.0 1.0 0.0 0.0 10.0 0.0
3857.0270120758737 0.0 0.0 0.0 1.0 0.0 0.0 10.0 0.0
3858.038671837268 0.0 0.0 0.0 1.0 0.0 0.0 10.0 0.0
3859.005511492094 0.0 0.0 0.0 1.0 0.0 0.0 10.0 0.0
3860.045539747243 0.0 0.0 0.0 1.0 0.0 0.0 10.0 0.0
3861.030172135912 0.0 0.0 0.0 1.0 0.0 0.0 10.0 0.0
3862.0227375877857 0.0 0.0 0.0 1.0 0.0 0.0 10.0 0.0
3863.0274024349187 0.0 0.0 0.0 1.0 0.0 0.0 10.0 0.0
3864.0033269746036 0.0 0.0 0.0 1.0 0.0 0.0 10.0 0.0
3865.0005754341596 0.0 0.0 0.0 1.0 0.0 0.0 10.0 0.0
3866.008297109768 0.0 0.0 0.0 1.0 0.0 0.0 10.0 0.0
3867.012282414825 0.0 0.0 0.0 1.0 0.0 0.0 9.8125 0.0
3868.0040070545892 0.0 0.0 0.0 1.0 0.0 0.0 8.95 0.0
3869.0267767839346 0.0 0.0 0.0 1.0 0.0 0.0 8.25 0.0
3870.004564327391 0.0 0.0 0.0 1.0 0.0 0.0 8.0625 0.0
3871.002577257434 0.0 0.0 0.0 1.0 0.0 0.0 8.05 0.0
3872.0325915578856 0.0 0.0 0.0 1.0 0.0 0.0 8.0125 0.0
3873.009353400203 0.0 0.0 0.0 1.0 0.0 0.0 8.0 0.0
3874.0389143126044 0.0 0.0 0.0 1.0 0.0 0.0 8.0 0.0
3875.005416219892 0.0 0.0 0.0 1.0 0.0 0.0 8.0 0.0
3876.0041693644357 0.0 0.0 0.0 1.0 0.0 0.0 8.0 0.0
3877.017362367917 0.0 0.0 0.0 1.0 0.0 0.0 8.0 0.0
3878.039478104735 0.0 0.0 0.0 1.0 0.0 0.0 8.0 0.0
3879.045539747243 0.0 0.0 0.0 1.0 0.0 0.0 8.0 0.0
3880.0098343712716 0.0 0.0 0.0 1.0 0.0 0.0 8.0 0.0
3881.045539747243 0.0 0.0 0.0 1.0 0.0 0.0 8.0 0.0
3882.0140858795253 0.0 0.0 0.0 1.0 0.0 0.0 8.0 0.0
3883.008901591913 0.0 0.0 0.0 1.0 0.0 0.0 8.0 0.0
3884.004472420927 0.0 0.0 0.0 1.0 0.0 0.0 8.0 0.0
3885.0177296478428 0.0 0.0 0.0 1.0 0.0 0.0 8.0 0.0
3886.00503604141 0.0 0.0 0.0 1.0 0.0 0.0 8.0 0.0
3887.0385751623544 0.0 0.0 0.0 1.0 0.0 0.0 8.0 0.0
3888.020280695099 0.0 0.0 0.0 1.0 0.0 0.0 8.0 0.0
3889.045539747243 0.0 0.0 0.0 1.0 0.0 0.0 8.0 0.0
3890.001018166202 0.0 0.0 0.0 1.0 0.0 0.0 8.0 0.0
3891.0176315770773 0.0 0.0 0.0 1.0 0.0 0.0 8.0 0.0
3892.008767533534 0.0 0.0 0.0 1.0 0.0 0.0 8.0 0.0
3893.015130598119 0.0 0.0 0.0 1.0 0.0 0.0 8.0 0.0
3894.010346481049 0.0 0.0 0.0 1.0 0.0 0.0 8.0 0.0
3895.0103501278068 0.0 0.0 0.0 1.0 0.0 0.0 8.0 0.0
3896.0020043196923 0.0 0.0 0.0 1.0 0.0 0.0 8.0 0.0
3897.0330541515505 0.0 0.0 0.0 1.0 0.0 0.0 8.0 0.0
3898.0083060744414 0.0 0.0 0.0 1.0 0.0 0.0 8.0 0.0
3899.0225251435018 0.0 0.0 0.0 1.0 0.0 0.0 8.0 0.0
3900.01489030781 0.0 0.0 0.0 1.0 0.0 0.0 8.0 0.0
3901.045539747243 0.0 0.0 0.0 1.0 0.0 0.0 8.0 0.0
3902.0156797285867 0.0 0.0 0.0 1.0 0.0 0.0 8.0 0.0
3903.0128975320895 0.0 0.0 0.0 1.0 0.0 0.0 8.0 0.0
3904.0409499683396 0.0 0.0 0.0 1.0 0.0 0.0 8.0 0.0
3905.011169463748 0.0 0.0 0.0 1.0 0.0 0.0 8.0 0.0
3906.0067197922967 0.0 0.0 0.0 1.0 0.0 0.0 8.0 0.0
3907.002906326295 0.0 0.0 0.0 1.0 0.0 0.0 8.0 0.0
3908.0112423052374 0.0 0.0 0.0 1.0 0.0 0.0 8.0 0.0
3909.019637575457 0.0 0.0 0.0 1.0 0.0 0.0 8.0 0.0
3910.0097566742993 0.0 0.0 0.0 1.0 0.0 0.0 8.0 0.0
3911.005673025767 0.0 0.0 0.0 1.0 0.0 0.0 8.0 0.0
3912.036903645679 0.0 0.0 0.0 1.0 0.0 0.0 8.0 0.0
3913.011005003541 0.0 0.0 0.0 1.0 0.0 0.0 8.0 0.0
3914.0005788659796 0.0 0.0 0.0 1.0 0.0 0.0 8.0 0.0
3915.0030794973313 0.0 0.0 0.0 1.0 0.0 0.0 8.0 0.0
3916.045539747243 0.0 0.0 0.0 1.0 0.0 0.0 8.0 0.0
3917.0321420432206 0.0 0.0 0.0 1.0 0.0 0.0 8.0 0.0
3918.017164425247 0.0 0.0 0.0 1.0 0.0 0.0 8.0 0.0
3919.0083526425833 0.0 0.0 0.0 1.0 0.0 0.0 8.0 0.0
3920.0212590208735 0.0 0.0 0.0 1.0 0.0 0.0 8.0 0.0
3921.005735520197 0.0 0.0 0.0 1.0 0.0 0.0 8.0 0.0
3922.002142768712 0.0 0.0 0.0 1.0 0.0 0.0 8.0 0.0
3923.0272410674456 0.0 0.0 0.0 1.0 0.0 0.0 8.0 0.0
3924.037898806327 0.0 0.0 0.0 1.0 0.0 0.0 8.0 0.0
3925.0051866430376 0.0 0.0 0.0 1.0 0.0 0.0 8.0 0.0
3926.027176955801 0.0 0.0 0.0 1.0 0.0 0.0 8.0 0.0
3927.019474600525 0.0 0.0 0.0 1.0 0.0 0.0 8.0 0.0
3928.0214257212488 0.0 0.0 0.0 1.0 0.0 0.0 8.0 0.0
3929.0441696417015 0.0 0.0 0.0 1.0 0.0 0.0 8.0 0.0
3930.0103365242844 0.0 0.0 0.0 1.0 0.0 0.0 8.0 0.0
3931.0046181312914 0.0 0.0 0.0 1.0 0.0 0.0 8.0 0.0
3932.0333962027303 0.0 0.0 0.0 1.0 0.0 0.0 8.0 0.0
3933.001669612142 0.0 0.0 0.0 1.0 0.0 0.0 8.0 0.0
3934.0003126271886 0.0 0.0 0.0 1.0 0.0 0.0 8.0 0.0
3935.006287140892 0.0 0.0 0.0 1.0 0.0 0.0 8.0 0.0
3936.0062722885 0.0 0.0 0.0 1.0 0.0 0.0 8.0 0.0
3937.014569460175 0.0 0.0 0.0 1.0 0.0 0.0 8.0 0.0
3938.0209565768655 0.0 0.0 0.0 1.0 0.0 0.0 8.0 0.0
3939.0248597923464 0.0 0.0 0.0 1.0 0.0 0.0 8.0 0.0
3940.019199516746 0.0 0.0 0.0 1.0 0.0 0.0 8.0 0.0
3941.007581212368 0.0 0.0 0.0 1.0 0.0 0.0 8.0 0.0
3942.0063106950774 0.0 0.0 0.0 1.0 0.0 0.0 8.0 0.0
3943.031345889375 0.0 0.0 0.0 1.0 0.0 0.0 8.0 0.0
3944.0018460535257 0.0 0.0 0.0 1.0 0.0 0.0 8.0 0.0
3945.005131042887 0.0 0.0 0.0 1.0 0.0 0.0 8.0 0.0
3946.017805820476 0.0 0.0 0.0 1.0 0.0 0.0 8.0 0.0
3947.0085609008092 0.0 0.0 0.0 1.0 0.0 0.0 8.0 0.0
3948.0232159721313 0.0 0.0 0.0 1.0 0.0 0.0 8.0 0.0
3949.0003829544657 0.0 0.0 0.0 1.0 0.0 0.0 8.0 0.0
3950.0087280957114 0.0 0.0 0.0 1.0 0.0 0.0 8.0 0.0
3951.002079950546 0.0 0.0 0.0 1.0 0.0 0.0 8.0 0.0
3952.0170059930447 0.0 0.0 0.0 1.0 0.0 0.0 8.0 0.0
3953.026768911805 0.0 0.0 0.0 1.0 0.0 0.0 8.0 0.0
3954.0386907680368 0.0 0.0 0.0 1.0 0.0 0.0 8.0 0.0
3955.0150437442057 0.0 0.0 0.0 1.0 0.0 0.0 8.0 0.0
3956.010989452162 0.0 0.0 0.0 1.0 0.0 0.0 8.0 0.0
3957.013730387852 0.0 0.0 0.0 1.0 0.0 0.0 8.0 0.0
3958.0296008250434 0.0 0.0 0.0 1.0 0.0 0.0 8.0 0.0
3959.0093535338196 0.0 0.0 0.0 1.0 0.0 0.0 8.0 0.0
3960.0011553770596 0.0 0.0 0.0 1.0 0.0 0.0 8.0 0.0
3961.0002603039998 0.0 0.0 0.0 1.0 0.0 0.0 8.0 0.0
3962.0169177255784 0.0 0.0 0.0 1.0 0.0 0.0 8.0 0.0
3963.0087532218326 0.0 0.0 0.0 1.0 0.0 0.0 8.0 0.0
3964.015691548021 0.0 0.0 0.0 1.0 0.0 0.0 8.0 0.0
3965.003397989015 0.0 0.0 0.0 1.0 0.0 0.0 8.0 0.0
3966.002784523905 0.0 0.0 0.0 1.0 0.0 0.0 8.0 0.0
3967.0090198939733 0.0 0.0 0.0 1.0 0.0 0.0 8.0 0.0
3968.0140984405734 0.0 0.0 0.0 1.0 0.0 0.0 8.0 0.0
3969.0214823616107 0.0 0.0 0.0 1.0 0.0 0.0 8.0 0.0
3970.001353574784 0.0 0.0 0.0 1.0 0.0 0.0 8.0 0.0
3971.0089318764717 0.0 0.0 0.0 1.0 0.0 0.0 8.0 0.0
3972.0104290539225 0.0 0.0 0.0 1.0 0.0 0.0 8.0 0.0
3973.026841080551 0.0 0.0 0.0 1.0 0.0 0.0 8.0 0.0
3974.0034133181334 0.0 0.0 0.0 1.0 0.0 0.0 8.0 0.0
3975.025357179295 0.0 0.0 0.0 1.0 0.0 0.0 8.0 0.0
3976.008419531436 0.0 0.0 0.0 1.0 0.0 0.0 8.0 0.0
3977.0077293809977 0.0 0.0 0.0 1.0 0.0 0.0 8.0 0.0
3978.0289137518853 0.0 0.0 0.0 1.0 0.0 0.0 8.0 0.0
3979.045539747243 0.0 0.0 0.0 1.0 0.0 0.0 8.0 0.0
3980.0040879979406 0.0 0.0 0.0 1.0 0.0 0.0 8.0 0.0
3981.042539390235 0.0 0.0 0.0 1.0 0.0 0.0 8.0 0.0
3982.0286968009127 0.0 0.0 0.0 1.0 0.0 0.0 8.0 0.0
3983.031965920797 0.0 0.0 0.0 1.0 0.0 0.0 8.0 0.0
3984.0023754845156 0.0 0.0 0.0 1.0 0.0 0.0 8.0 0.0
3985.007645503617 0.0 0.0 0.0 1.0 0.0 0.0 8.0 0.0
3986.0145094869313 0.0 0.0 0.0 1.0 0.0 0.0 8.0 0.0
3987.0025497317806 0.0 0.0 0.0 1.0 0.0 0.0 8.0 0.0
3988.005886377302 0.0 0.0 0.0 1.0 0.0 0.0 8.0 0.0
3989.045539747243 0.0 0.0 0.0 1.0 0.0 0.0 8.0 0.0
3990.0176042634175 0.0 0.0 0.0 1.0 0.0 0.0 8.0 0.0
3991.0060194728826 0.0 0.0 0.0 1.0 0.0 0.0 8.0 0.0
3992.002019657291 0.0 0.0 0.0 1.0 0.0 0.0 8.0 0.0
3993.0115234133305 0.0 0.0 0.0 1.0 0.0 0.0 8.0 0.0
3994.0158159840307 0.0 0.0 0.0 1.0 0.0 0.0 8.0 0.0
3995.0094821642597 0.0 0.0 0.0 1.0 0.0 0.0 8.0 0.0
3996.0233695487095 0.0 0.0 0.0 1.0 0.0 0.0 8.0 0.0
3997.001303535051 0.0 0.0 0.0 1.0 0.0 0.0 8.0 0.0
3998.013306070075 0.0 0.0 0.0 1.0 0.0 0.0 8.0 0.0
3999.0053609882157 0.0 0.0 0.0 1.0 0.0 0.0 8.0 0.0
4000.019735611841 0.0 0.0 0.0 1.0 0.0 0.0 8.0 0.0
4001.0048813465232 0.0 0.0 0.0 1.0 0.0 0.0 8.0 0.0
4002.003052916749 0.0 0.0 0.0 1.0 0.0 0.0 8.0 0.0
4003.0276331306563 0.0 0.0 0.0 1.0 0.0 0.0 8.0 0.0
4004.0262132249736 0.0 0.0 0.0 1.0 0.0 0.0 8.0 0.0
4005.0082243364814 0.0 0.0 0.0 1.0 0.0 0.0 8.0 0.0
4006.0092900693603 0.0 0.0 0.0 1.0 0.0 0.0 8.0 0.0
4007.016616140258 0.0 0.0 0.0 1.0 0.0 0.0 8.0 0.0
4008.02294570681 0.0 0.0 0.0 1.0 0.0 0.0 8.0 0.0
4009.0351875391725 0.0 0.0 0.0 1.0 0.0 0.0 8.0 0.0
4010.0224024459294 0.0 0.0 0.0 1.0 0.0 0.0 8.0 0.0
4011.0006312610126 0.0 0.0 0.0 1.0 0.0 0.0 8.0 0.0
4012.0324187204124 0.0 0.0 0.0 1.0 0.0 0.0 8.0 0.0
4013.010274278323 0.0 0.0 0.0 1.0 0.0 0.0 8.0 0.0
4014.000937596734 0.0 0.0 0.0 1.0 0.0 0.0 8.0 0.0
4015.0285260054934 0.0 0.0 0.0 1.0 0.0 0.0 8.0 0.0
4016.004843324498 0.0 0.0 0.0 1.0 0.0 0.0 8.0 0.0
4017.0019493773025 0.0 0.0 0.0 1.0 0.0 0.0 8.0 0.0
4018.003728083828 0.0 0.0 0.0 1.0 0.0 0.0 8.0 0.0
4019.0078788971427 0.0 0.0 0.0 1.0 0.0 0.0 8.0 0.0
4020.012535387157 0.0 0.0 0.0 1.0 0.0 0.0 8.0 0.0
4021.00419862188 0.0 0.0 0.0 1.0 0.0 0.0 8.0 0.0
4022.0095095399793 0.0 0.0 0.0 1.0 0.0 0.0 8.0 0.0
4023.0035736938103 0.0 0.0 0.0 1.0 0.0 0.0 8.0 0.0
4024.0013290143443 0.0 0.0 0.0 1.0 0.0 0.0 8.0 0.0
4025.0016992712367 0.0 0.0 0.0 1.0 0.0 0.0 8.0 0.0
4026.0158386040043 0.0 0.0 0.0 1.0 0.0 0.0 8.0 0.0
4027.016260413392 0.0 0.0 0.0 1.0 0.0 0.0 8.0 0.0
4028.008014472499 0.0 0.0 0.0 1.0 0.0 0.0 8.0 0.0
4029.0118708160803 0.0 0.0 0.0 1.0 0.0 0.0 8.0 0.0
4030.0146144952296 0.0 0.0 0.0 1.0 0.0 0.0 8.0 0.0
4031.0081285547703 0.0 0.0 0.0 1.0 0.0 0.0 8.0 0.0
4032.020589704757 0.0 0.0 0.0 1.0 0.0 0.0 8.0 0.0
4033.0093405811026 0.0 0.0 0.0 1.0 0.0 0.0 8.0 0.0
4034.00279301058 0.0 0.0 0.0 1.0 0.0 0.0 8.0 0.0
4035.006898697778 0.0 0.0 0.0 1.0 0.0 0.0 8.0 0.0
4036.0044989089356 0.0 0.0 0.0 1.0 0.0 0.0 8.0 0.0
4037.002104050218 0.0 0.0 0.0 1.0 0.0 0.0 8.0 0.0
4038.008511515366 0.0 0.0 0.0 1.0 0.0 0.0 8.0 0.0
4039.0097475646053 0.0 0.0 0.0 1.0 0.0 0.0 8.0 0.0
4040.0015904513434 0.0 0.0 0.0 1.0 0.0 0.0 8.0 0.0
4041.0187098462143 0.0 0.0 0.0 1.0 0.0 0.0 8.0 0.0
4042.0327695823607 0.0 0.0 0.0 1.0 0.0 0.0 8.0 0.0
4043.0080161999217 0.0 0.0 0.0 1.0 0.0 0.0 8.0 0.0
4044.004778324634 0.0 0.0 0.0 1.0 0.0 0.0 8.0 0.0
4045.0064034356724 0.0 0.0 0.0 1.0 0.0 0.0 8.0 0.0
4046.045539747243 0.0 0.0 0.0 1.0 0.0 0.0 8.0 0.0
4047.0019917877503 0.0 0.0 0.0 1.0 0.0 0.0 8.0 0.0
4048.0009097273796 0.0 0.0 0.0 1.0 0.0 0.0 8.0 0.0
4049.004740896172 0.0 0.0 0.0 1.0 0.0 0.0 8.0 0.0
4050.0196269510075 0.0 0.0 0.0 1.0 0.0 0.0 8.0 0.0
4051.025813996966 0.0 0.0 0.0 1.0 0.0 0.0 8.0 0.0
4052.0060834340925 0.0 0.0 0.0 1.0 0.0 0.0 8.0 0.0
4053.006060322125 0.0 0.0 0.0 1.0 0.0 0.0 8.0 0.0
4054.011005795277 0.0 0.0 0.0 1.0 0.0 0.0 8.0 0.0
4055.0181898874866 0.0 0.0 0.0 1.0 0.0 0.0 8.0 0.0
4056.0078362590284 0.0 0.0 0.0 1.0 0.0 0.0 8.0 0.0
4057.0256585060606 0.0 0.0 0.0 1.0 0.0 0.0 8.0 0.0
4058.0297822003117 0.0 0.0 0.0 1.0 0.0 0.0 8.0 0.0
4059.002811314736 0.0 0.0 0.0 1.0 0.0 0.0 8.0 0.0
4060.0110790474073 0.0 0.0 0.0 1.0 0.0 0.0 8.0 0.0
4061.0293661460173 0.0 0.0 0.0 1.0 0.0 0.0 8.0 0.0
4062.0059916246028 0.0 0.0 0.0 1.0 0.0 0.0 8.0 0.0
4063.0217603391707 0.0 0.0 0.0 1.0 0.0 0.0 8.0 0.0
4064.0031628194147 0.0 0.0 0.0 1.0 0.0 0.0 8.0 0.0
4065.0039795054736 0.0 0.0 0.0 1.0 0.0 0.0 8.0 0.0
4066.0034330059266 0.0 0.0 0.0 1.0 0.0 0.0 8.0 0.0
4067.0108762204404 0.0 0.0 0.0 1.0 0.0 0.0 8.0 0.0
4068.0009062753343 0.0 0.0 0.0 1.0 0.0 0.0 8.0 0.0
4069.000891179408 0.0 0.0 0.0 1.0 0.0 0.0 8.0 0.0
4070.000718417485 0.0 0.0 0.0 1.0 0.0 0.0 8.0 0.0
4071.019677412839 0.0 0.0 0.0 1.0 0.0 0.0 8.0 0.0
4072.0149918668412 0.0 0.0 0.0 1.0 0.0 0.0 8.0 0.0
4073.0091438315612 0.0 0.0 0.0 1.0 0.0 0.0 8.0 0.0
4074.0386730141718 0.0 0.0 0.0 1.0 0.0 0.0 8.0 0.0
4075.015710083369 0.0 0.0 0.0 1.0 0.0 0.0 8.0 0.0
4076.019428379418 0.0 0.0 0.0 1.0 0.0 0.0 8.0 0.0
4077.004117587012 0.0 0.0 0.0 1.0 0.0 0.0 8.0 0.0
4078.008809240026 0.0 0.0 0.0 1.0 0.0 0.0 8.0 0.0
4079.021883948558 0.0 0.0 0.0 1.0 0.0 0.0 8.0 0.0
4080.0005475687794 0.0 0.0 0.0 1.0 0.0 0.0 8.0 0.0
4081.0175987351295 0.0 0.0 0.0 1.0 0.0 0.0 8.0 0.0
4082.027887426693 0.0 0.0 0.0 1.0 0.0 0.0 8.0 0.0
4083.014189049312 0.0 0.0 0.0 1.0 0.0 0.0 8.0 0.0
4084.001962626203 0.0 0.0 0.0 1.0 0.0 0.0 8.0 0.0
4085.0044746683625 0.0 0.0 0.0 1.0 0.0 0.0 8.0 0.0
4086.006748385622 0.0 0.0 0.0 1.0 0.0 0.0 8.0 0.0
4087.012868372806 0.0 0.0 0.0 1.0 0.0 0.0 8.0 0.0
4088.015428053423 0.0 0.0 0.0 1.0 0.0 0.0 8.0 0.0
4089.0130699856127 0.0 0.0 0.0 1.0 0.0 0.0 8.0 0.0
4090.0054903062605 0.0 0.0 0.0 1.0 0.0 0.0 8.0 0.0
4091.0217071161387 0.0 0.0 0.0 1.0 0.0 0.0 8.0 0.0
4092.0071590422094 0.0 0.0 0.0 1.0 0.0 0.0 8.0 0.0
4093.0001838502117 0.0 0.0 0.0 1.0 0.0 0.0 8.0 0.0
4094.0125774449043 0.0 0.0 0.0 1.0 0.0 0.0 8.0 0.0
4095.008988766388 0.0 0.0 0.0 1.0 0.0 0.0 8.0 0.0
4096.010134064335 0.0 0.0 0.0 1.0 0.0 0.0 8.0 0.0
4097.019703297411 0.0 0.0 0.0 1.0 0.0 0.0 8.0 0.0
4098.001374398055 0.0 0.0 0.0 1.0 0.0 0.0 8.0 0.0
4099.020909483412 0.0 0.0 0.0 1.0 0.0 0.0 8.0 0.0
4100.008820653214 0.0 0.0 0.0 1.0 0.0 0.0 8.0 0.0
4101.017844199282 0.0 0.0 0.0 1.0 0.0 0.0 8.0 0.0
4102.007713616012 0.0 0.0 0.0 1.0 0.0 0.0 8.0 0.0
4103.004878130211 0.0 0.0 0.0 1.0 0.0 0.0 8.0 0.0
4104.02166816274 0.0 0.0 0.0 1.0 0.0 0.0 8.0 0.0
4105.000084387199 0.0 0.0 0.0 1.0 0.0 0.0 8.0 0.0
4106.005259340984 0.0 0.0 0.0 1.0 0.0 0.0 8.0 0.0
4107.020129383458 0.0 0.0 0.0 1.0 0.0 0.0 8.0 0.0
4108.001692161668 0.0 0.0 0.0 1.0 0.0 0.0 8.0 0.0
4109.007558620095 0.0 0.0 0.0 1.0 0.0 0.0 8.0 0.0
4110.02983569815 0.0 0.0 0.0 1.0 0.0 0.0 8.0 0.0
4111.022045154802 0.0 0.0 0.0 1.0 0.0 0.0 8.0 0.0
4112.0255847068875 0.0 0.0 0.0 1.0 0.0 0.0 8.0 0.0
4113.005076203298 0.0 0.0 0.0 1.0 0.0 0.0 8.0 0.0
4114.015814008742 0.0 0.0 0.0 1.0 0.0 0.0 8.0 0.0
4115.023043228133 0.0 0.0 0.0 1.0 0.0 0.0 8.0 0.0
4116.018681271508 0.0 0.0 0.0 1.0 0.0 0.0 8.0 0.0
4117.024238621628 0.0 0.0 0.0 1.0 0.0 0.0 8.0 0.0
4118.017603275574 0.0 0.0 0.0 1.0 0.0 0.0 8.0 0.0
4119.000393110436 0.0 0.0 0.0 1.0 0.0 0.0 8.0 0.0
4120.023849518676 0.0 0.0 0.0 1.0 0.0 0.0 8.0 0.0
4121.0124416436665 0.0 0.0 0.0 1.0 0.0 0.0 8.0 0.0
4122.00661648113 0.0 0.0 0.0 1.0 0.0 0.0 8.0 0.0
4123.00085540272 0.0 0.0 0.0 1.0 0.0 0.0 8.0 0.0
4124.014674776622 0.0 0.0 0.0 1.0 0.0 0.0 8.0 0.0
4125.016506477467 0.0 0.0 0.0 1.0 0.0 0.0 8.0 0.0
4126.035990794272 0.0 0.0 0.0 1.0 0.0 0.0 8.0 0.0
4127.001669350484 0.0 0.0 0.0 1.0 0.0 0.0 8.0 0.0
4128.012128240387 0.0 0.0 0.0 1.0 0.0 0.0 8.0 0.0
4129.0025348294575 0.0 0.0 0.0 1.0 0.0 0.0 8.0 0.0
4130.009182414649 0.0 0.0 0.0 1.0 0.0 0.0 8.0 0.0
4131.015064100404 0.0 0.0 0.0 1.0 0.0 0.0 8.0 0.0
4132.017629486094 0.0 0.0 0.0 1.0 0.0 0.0 8.0 0.0
4133.007842706433 0.0 0.0 0.0 1.0 0.0 0.0 8.0 0.0
4134.0385546322705 0.0 0.0 0.0 1.0 0.0 0.0 8.0 0.0
4135.000040601102 0.0 0.0 0.0 1.0 0.0 0.0 8.0 0.0
4136.007160262225 0.0 0.0 0.0 1.0 0.0 0.0 8.0 0.0
4137.001358937154 0.0 0.0 0.0 1.0 0.0 0.0 8.0 0.0
4138.0180099282525 0.0 0.0 0.0 1.0 0.0 0.0 8.0 0.0
4139.000980567309 0.0 0.0 0.0 1.0 0.0 0.0 8.0 0.0
4140.032024703522 0.0 0.0 0.0 1.0 0.0 0.0 8.0 0.0
4141.008268998678 0.0 0.0 0.0 1.0 0.0 0.0 8.0 0.0
4142.027285126034 0.0 0.0 0.0 1.0 0.0 0.0 8.0 0.0
4143.00489166737 0.0 0.0 0.0 1.0 0.0 0.0 8.0 0.0
4144.016284824701 0.0 0.0 0.0 1.0 0.0 0.0 8.0 0.0
4145.045539747243 0.0 0.0 0.0 1.0 0.0 0.0 8.0 0.0
4146.03200505504 0.0 0.0 0.0 1.0 0.0 0.0 8.0 0.0
4147.008811324512 0.0 0.0 0.0 1.0 0.0 0.0 8.0 0.0
4148.019820685082 0.0 0.0 0.0 1.0 0.0 0.0 8.0 0.0
4149.011856748453 0.0 0.0 0.0 1.0 0.0 0.0 8.0 0.0
4150.01239449767 0.0 0.0 0.0 1.0 0.0 0.0 8.0 0.0
4151.023511101924 0.0 0.0 0.0 1.0 0.0 0.0 8.0 0.0
4152.003614467874 0.0 0.0 0.0 1.0 0.0 0.0 8.0 0.0
4153.018032845367 0.0 0.0 0.0 1.0 0.0 0.0 8.0 0.0
4154.035635617687 0.0 0.0 0.0 1.0 0.0 0.0 8.0 0.0
4155.007989119691 0.0 0.0 0.0 1.0 0.0 0.0 8.0 0.0
4156.01861952535 0.0 0.0 0.0 1.0 0.0 0.0 8.0 0.0
4157.034393453136 0.0 0.0 0.0 1.0 0.0 0.0 8.0 0.0
4158.005034224134 0.0 0.0 0.0 1.0 0.0 0.0 8.0 0.0
4159.008445527525 0.0 0.0 0.0 1.0 0.0 0.0 8.0 0.0
4160.022899238024 0.0 0.0 0.0 1.0 0.0 0.0 8.0 0.0
4161.008515660029 0.0 0.0 0.0 1.0 0.0 0.0 8.0 0.0
4162.041032917838 0.0 0.0 0.0 1.0 0.0 0.0 8.0 0.0
4163.045539747243 0.0 0.0 0.0 1.0 0.0 0.0 8.0 0.0
4164.017204948111 0.0 0.0 0.0 1.0 0.0 0.0 8.0 0.0
4165.024353671939 0.0 0.0 0.0 1.0 0.0 0.0 8.0 0.0
4166.018345088863 0.0 0.0 0.0 1.0 0.0 0.0 8.0 0.0
4167.015301629812 0.0 0.0 0.0 1.0 0.0 0.0 8.0 0.0
4168.008908397726 0.0 0.0 0.0 1.0 0.0 0.0 8.0 0.0
4169.023269170391 0.0 0.0 0.0 1.0 0.0 0.0 8.0 0.0
4170.010599887765 0.0 0.0 0.0 1.0 0.0 0.0 8.0 0.0
4171.045539747243 0.0 0.0 0.0 1.0 0.0 0.0 8.0 0.0
4172.0094913206385 0.0 0.0 0.0 1.0 0.0 0.0 8.0 0.0
4173.006390164194 0.0 0.0 0.0 1.0 0.0 0.0 8.0 0.0
4174.019550579689 0.0 0.0 0.0 1.0 0.0 0.0 8.0 0.0
4175.022050175649 0.0 0.0 0.0 1.0 0.0 0.0 8.0 0.0
4176.0239236889865 0.0 0.0 0.0 1.0 0.0 0.0 8.0 0.0
4177.0024695374705 0.0 0.0 0.0 1.0 0.0 0.0 8.0 0.0
4178.017035430293 0.0 0.0 0.0 1.0 0.0 0.0 8.0 0.0
4179.045539747243 0.0 0.0 0.0 1.0 0.0 0.0 8.0 0.0
4180.013846704406 0.0 0.0 0.0 1.0 0.0 0.0 8.0 0.0
4181.002897701403 0.0 0.0 0.0 1.0 0.0 0.0 8.0 0.0
4182.009088316063 0.0 0.0 0.0 1.0 0.0 0.0 8.0 0.0
4183.024365774148 0.0 0.0 0.0 1.0 0.0 0.0 8.0 0.0
4184.045539747243 0.0 0.0 0.0 1.0 0.0 0.0 8.0 0.0
4185.023242766396 0.0 0.0 0.0 1.0 0.0 0.0 8.0 0.0
4186.037316628186 0.0 0.0 0.0 1.0 0.0 0.0 8.0 0.0
4187.005482641116 0.0 0.0 0.0 1.0 0.0 0.0 8.0 0.0
4188.0214525401825 0.0 0.0 0.0 1.0 0.0 0.0 8.0 0.0
4189.03046807446 0.0 0.0 0.0 1.0 0.0 0.0 8.0 0.0
4190.001609883115 0.0 0.0 0.0 1.0 0.0 0.0 8.0 0.0
4191.029357519817 0.0 0.0 0.0 1.0 0.0 0.0 8.0 0.0
4192.010429410448 0.0 0.0 0.0 1.0 0.0 0.0 8.0 0.0
4193.018479092585 0.0 0.0 0.0 1.0 0.0 0.0 8.0 0.0
4194.000056056745 0.0 0.0 0.0 1.0 0.0 0.0 8.0 0.0
4195.039842378027 0.0 0.0 0.0 1.0 0.0 0.0 8.0 0.0
4196.00947595009 0.0 0.0 0.0 1.0 0.0 0.0 8.0 0.0
4197.010223517952 0.0 0.0 0.0 1.0 0.0 0.0 8.0 0.0
4198.0105045258615 0.0 0.0 0.0 1.0 0.0 0.0 8.0 0.0
4199.0340653981075 0.0 0.0 0.0 1.0 0.0 0.0 8.0 0.0
4200.002690308306 0.0 0.0 0.0 1.0 0.0 0.0 8.0 0.0
4201.001826776824 0.0 0.0 0.0 1.0 0.0 0.0 8.0 0.0
4202.0014006598085 0.0 0.0 0.0 1.0 0.0 0.0 8.0 0.0
4203.001086820953 0.0 0.0 0.0 1.0 0.0 0.0 8.0 0.0
4204.045539747243 0.0 0.0 0.0 1.0 0.0 0.0 8.0 0.0
4205.005568099435 0.0 0.0 0.0 1.0 0.0 0.0 8.0 0.0
4206.02293136601 0.0 0.0 0.0 1.0 0.0 0.0 8.0 0.0
4207.020250912803 0.0 0.0 0.0 1.0 0.0 0.0 8.0 0.0
4208.014002683966 0.0 0.0 0.0 1.0 0.0 0.0 8.0 0.0
4209.009992716286 0.0 0.0 0.0 1.0 0.0 0.0 8.0 0.0
4210.011319660335 0.0 0.0 0.0 1.0 0.0 0.0 8.0 0.0
4211.003645620171 0.0 0.0 0.0 1.0 0.0 0.0 8.0 0.0
4212.038176901993 0.0 0.0 0.0 1.0 0.0 0.0 8.0 0.0
4213.03015434985 0.0 0.0 0.0 1.0 0.0 0.0 8.0 0.0
4214.001664888305 0.0 0.0 0.0 1.0 0.0 0.0 8.0 0.0
4215.0016175656065 0.0 0.0 0.0 1.0 0.0 0.0 8.0 0.0
4216.0007438212215 0.0 0.0 0.0 1.0 0.0 0.0 8.0 0.0
4217.012028608194 0.0 0.0 0.0 1.0 0.0 0.0 8.0 0.0
4218.0098786330755 0.0 0.0 0.0 1.0 0.0 0.0 8.0 0.0
4219.029021333191 0.0 0.0 0.0 1.0 0.0 0.0 8.0 0.0
4220.045539747243 0.0 0.0 0.0 1.0 0.0 0.0 8.0 0.0
4221.045539747243 0.0 0.0 0.0 1.0 0.0 0.0 8.0 0.0
4222.020596675633 0.0 0.0 0.0 1.0 0.0 0.0 8.0 0.0
4223.018751637995 0.0 0.0 0.0 1.0 0.0 0.0 8.0 0.0
4224.017415347992 0.0 0.0 0.0 1.0 0.0 0.0 8.0 0.0
4225.035969789593 0.0 0.0 0.0 1.0 0.0 0.0 8.0 0.0
4226.045539747243 0.0 0.0 0.0 1.0 0.0 0.0 8.0 0.0
4227.001138815135 0.0 0.0 0.0 1.0 0.0 0.0 8.0 0.0
4228.009282207452 0.0 0.0 0.0 1.0 0.0 0.0 8.0 0.0
4229.042331191986 0.0 0.0 0.0 1.0 0.0 0.0 8.0 0.0
4230.007777772139 0.0 0.0 0.0 1.0 0.0 0.0 8.0 0.0
4231.045539747243 0.0 0.0 0.0 1.0 0.0 0.0 8.0 0.0
4232.042388459697 0.0 0.0 0.0 1.0 0.0 0.0 8.0 0.0
4233.010616273217 0.0 0.0 0.0 1.0 0.0 0.0 8.0 0.0
4234.008161616349 0.0 0.0 0.0 1.0 0.0 0.0 8.0 0.0
4235.00659612708 0.0 0.0 0.0 1.0 0.0 0.0 8.0 0.0
4236.031252201874 0.0 0.0 0.0 1.0 0.0 0.0 8.0 0.0
4237.044731663313 0.0 0.0 0.0 1.0 0.0 0.0 8.0 0.0
4238.0244414977915 0.0 0.0 0.0 1.0 0.0 0.0 8.0 0.0
4239.011155637294 0.0 0.0 0.0 1.0 0.0 0.0 8.0 0.0
4240.005391286155 0.0 0.0 0.0 1.0 0.0 0.0 8.0 0.0
4241.041325209243 0.0 0.0 0.0 1.0 0.0 0.0 8.0 0.0
4242.011924321059 0.0 0.0 0.0 1.0 0.0 0.0 8.0 0.0
4243.031413754211 0.0 0.0 0.0 1.0 0.0 0.0 8.0 0.0
4244.006886066868 0.0 0.0 0.0 1.0 0.0 0.0 8.0 0.0
4245.013317891571 0.0 0.0 0.0 1.0 0.0 0.0 8.0 0.0
4246.010019185405 0.0 0.0 0.0 1.0 0.0 0.0 8.0 0.0
4247.0337749433875 0.0 0.0 0.0 1.0 0.0 0.0 8.0 0.0
4248.045539747243 0.0 0.0 0.0 1.0 0.0 0.0 8.0 0.0
4249.010906235392 0.0 0.0 0.0 1.0 0.0 0.0 8.0 0.0
4250.002128028751 0.0 0.0 0.0 1.0 0.0 0.0 8.0 0.0
4251.013825660657 0.0 0.0 0.0 1.0 0.0 0.0 8.0 0.0
4252.003703426468 0.0 0.0 0.0 1.0 0.0 0.0 8.0 0.0
4253.021712048258 0.0 0.0 0.0 1.0 0.0 0.0 8.0 0.0
4254.011309123728 0.0 0.0 0.0 1.0 0.0 0.0 8.0 0.0
4255.045539747243 0.0 0.0 0.0 1.0 0.0 0.0 8.0 0.0
4256.005604011079 0.0 0.0 0.0 1.0 0.0 0.0 8.0 0.0
4257.0004183531355 0.0 0.0 0.0 1.0 0.0 0.0 8.0 0.0
4258.009162709841 0.0 0.0 0.0 1.0 0.0 0.0 8.0 0.0
4259.011899160085 0.0 0.0 0.0 1.0 0.0 0.0 8.0 0.0
4260.019262897778 0.0 0.0 0.0 1.0 0.0 0.0 8.0 0.0
4261.016973197554 0.0 0.0 0.0 1.0 0.0 0.0 8.0 0.0
4262.002865186111 0.0 0.0 0.0 1.0 0.0 0.0 8.0 0.0
4263.000705031515 0.0 0.0 0.0 1.0 0.0 0.0 8.0 0.0
4264.045539747243 0.0 0.0 0.0 1.0 0.0 0.0 8.0 0.0
4265.003861262727 0.0 0.0 0.0 1.0 0.0 0.0 8.0 0.0
4266.014289197107 0.0 0.0 0.0 1.0 0.0 0.0 8.0 0.0
4267.019462652653 0.0 0.0 0.0 1.0 0.0 0.0 8.0 0.0
4268.0038509468695 0.0 0.0 0.0 1.0 0.0 0.0 8.0 0.0
4269.020931779489 0.0 0.0 0.0 1.0 0.0 0.0 8.0 0.0
4270.029741687288 0.0 0.0 0.0 1.0 0.0 0.0 8.0 0.0
4271.000342811318 0.0 0.0 0.0 1.0 0.0 0.0 8.0 0.0
4272.0147205791955 0.0 0.0 0.0 1.0 0.0 0.0 8.0 0.0
4273.033569737905 0.0 0.0 0.0 1.0 0.0 0.0 8.0 0.0
4274.012114887256 0.0 0.0 0.0 1.0 0.0 0.0 8.0 0.0
4275.007249452782 0.0 0.0 0.0 1.0 0.0 0.0 8.0 0.0
4276.019355926846 0.0 0.0 0.0 1.0 0.0 0.0 8.0 0.0
4277.041287927334 0.0 0.0 0.0 1.0 0.0 0.0 8.0 0.0
4278.013670633423 0.0 0.0 0.0 1.0 0.0 0.0 8.0 0.0
4279.0037855963465 0.0 0.0 0.0 1.0 0.0 0.0 8.0 0.0
4280.002668144959 0.0 0.0 0.0 1.0 0.0 0.0 8.0 0.0
4281.020343910452 0.0 0.0 0.0 1.0 0.0 0.0 8.0 0.0
4282.019083067561 0.0 0.0 0.0 1.0 0.0 0.0 8.0 0.0
4283.016892363709 0.0 0.0 0.0 1.0 0.0 0.0 8.0 0.0
4284.026423728869 0.0 0.0 0.0 1.0 0.0 0.0 8.0 0.0
4285.045539747243 0.0 0.0 0.0 1.0 0.0 0.0 8.0 0.0
4286.000127479514 0.0 0.0 0.0 1.0 0.0 0.0 8.0 0.0
4287.004950072121 0.0 0.0 0.0 1.0 0.0 0.0 8.0 0.0
4288.001705702353 0.0 0.0 0.0 1.0 0.0 0.0 8.0 0.0
4289.006543785233 0.0 0.0 0.0 1.0 0.0 0.0 8.0 0.0
4290.018364681323 0.0 0.0 0.0 1.0 0.0 0.0 8.0 0.0
4291.009000804557 0.0 0.0 0.0 1.0 0.0 0.0 8.0 0.0
4292.000329396643 0.0 0.0 0.0 1.0 0.0 0.0 8.0 0.0
4293.01192823699 0.0 0.0 0.0 1.0 0.0 0.0 8.0 0.0
4294.015208614474 0.0 0.0 0.0 1.0 0.0 0.0 8.0 0.0
4295.030191162507 0.0 0.0 0.0 1.0 0.0 0.0 8.0 0.0
4296.00176003639 0.0 0.0 0.0 1.0 0.0 0.0 8.0 0.0
4297.031197344276 0.0 0.0 0.0 1.0 0.0 0.0 8.0 0.0
4298.040929356492 0.0 0.0 0.0 1.0 0.0 0.0 8.0 0.0
4299.022340318552 0.0 0.0 0.0 1.0 0.0 0.0 8.0 0.0
4300.002752169657 0.0 0.0 0.0 1.0 0.0 0.0 8.0 0.0
4301.017981214588 0.0 0.0 0.0 1.0 0.0 0.0 8.0 0.0
4302.013786379409 0.0 0.0 0.0 1.0 0.0 0.0 8.0 0.0
4303.005346220565 0.0 0.0 0.0 1.0 0.0 0.0 8.0 0.0
4304.006199058471 0.0 0.0 0.0 1.0 0.0 0.0 8.0 0.0
4305.003904922328 0.0 0.0 0.0 1.0 0.0 0.0 8.0 0.0
4306.033902741194 0.0 0.0 0.0 1.0 0.0 0.0 8.0 0.0
4307.014354406774 0.0 0.0 0.0 1.0 0.0 0.0 8.0 0.0
4308.001229827013 0.0 0.0 0.0 1.0 0.0 0.0 8.0 0.0
4309.008721231745 0.0 0.0 0.0 1.0 0.0 0.0 8.0 0.0
4310.004315230931 0.0 0.0 0.0 1.0 0.0 0.0 8.0 0.0
4311.007572158694 0.0 0.0 0.0 1.0 0.0 0.0 8.0 0.0
4312.013391509748 0.0 0.0 0.0 1.0 0.0 0.0 8.0 0.0
4313.008190342233 0.0 0.0 0.0 1.0 0.0 0.0 8.0 0.0
4314.0216023589355 0.0 0.0 0.0 1.0 0.0 0.0 8.0 0.0
4315.045539747243 0.0 0.0 0.0 1.0 0.0 0.0 8.0 0.0
4316.012604344539 0.0 0.0 0.0 1.0 0.0 0.0 8.0 0.0
4317.007576969317 0.0 0.0 0.0 1.0 0.0 0.0 8.0 0.0
4318.00509384157 0.0 0.0 0.0 1.0 0.0 0.0 8.0 0.0
4319.006644647839 0.0 0.0 0.0 1.0 0.0 0.0 8.0 0.0
4320.036166837865 0.0 0.0 0.0 1.0 0.0 0.0 8.0 0.0
4321.0072574636915 0.0 0.0 0.0 1.0 0.0 0.0 8.0 0.0
4322.001026997646 0.0 0.0 0.0 1.0 0.0 0.0 8.0 0.0
4323.01312402594 0.0 0.0 0.0 1.0 0.0 0.0 8.0 0.0
4324.000540931863 0.0 0.0 0.0 1.0 0.0 0.0 8.0 0.0
4325.015054225307 0.0 0.0 0.0 1.0 0.0 0.0 8.0 0.0
4326.002225658561 0.0 0.0 0.0 1.0 0.0 0.0 8.0 0.0
4327.014204513215 0.0 0.0 0.0 1.0 0.0 0.0 8.0 0.0
4328.025462167066 0.0 0.0 0.0 1.0 0.0 0.0 8.0 0.0
4329.015985662405 0.0 0.0 0.0 1.0 0.0 0.0 8.0 0.0
4330.005768838657 0.0 0.0 0.0 1.0 0.0 0.0 8.0 0.0
4331.002438644571 0.0 0.0 0.0 1.0 0.0 0.0 8.0 0.0
4332.004595507057 0.0 0.0 0.0 1.0 0.0 0.0 8.0 0.0
4333.008044841466 0.0 0.0 0.0 1.0 0.0 0.0 8.0 0.0
4334.00798578659 0.0 0.0 0.0 1.0 0.0 0.0 8.0 0.0
4335.022149975931 0.0 0.0 0.0 1.0 0.0 0.0 8.0 0.0
4336.0033291442705 0.0 0.0 0.0 1.0 0.0 0.0 8.0 0.0
4337.023651700996 0.0 0.0 0.0 1.0 0.0 0.0 8.0 0.0
4338.045539747243 0.0 0.0 0.0 1.0 0.0 0.0 8.0 0.0
4339.00102690316 0.0 0.0 0.0 1.0 0.0 0.0 8.0 0.0
4340.020307809512 0.0 0.0 0.0 1.0 0.0 0.0 8.0 0.0
4341.010700210993 0.0 0.0 0.0 1.0 0.0 0.0 8.0 0.0
4342.008741663486 0.0 0.0 0.0 1.0 0.0 0.0 8.0 0.0
4343.00423010464 0.0 0.0 0.0 1.0 0.0 0.0 8.0 0.0
4344.0001722859915 0.0 0.0 0.0 1.0 0.0 0.0 8.0 0.0
4345.041538557473 0.0 0.0 0.0 1.0 0.0 0.0 8.0 0.0
4346.005787837032 0.0 0.0 0.0 1.0 0.0 0.0 8.0 0.0
4347.033009496897 0.0 0.0 0.0 1.0 0.0 0.0 8.0 0.0
4348.00924581195 0.0 0.0 0.0 1.0 0.0 0.0 8.0 0.0
4349.018841480636 0.0 0.0 0.0 1.0 0.0 0.0 8.0 0.0
4350.006337102956 0.0 0.0 0.0 1.0 0.0 0.0 8.0 0.0
4351.0075127087985 0.0 0.0 0.0 1.0 0.0 0.0 8.0 0.0
4352.045539747243 0.0 0.0 0.0 1.0 0.0 0.0 8.0 0.0
4353.003642554831 0.0 0.0 0.0 1.0 0.0 0.0 8.0 0.0
4354.007191609949 0.0 0.0 0.0 1.0 0.0 0.0 8.0 0.0
4355.0004138002005 0.0 0.0 0.0 1.0 0.0 0.0 8.0 0.0
4356.014889287409 0.0 0.0 0.0 1.0 0.0 0.0 8.0 0.0
4357.011762003968 0.0 0.0 0.0 1.0 0.0 0.0 8.0 0.0
4358.023042490721 0.0 0.0 0.0 1.0 0.0 0.0 8.0 0.0
4359.019772820692 0.0 0.0 0.0 1.0 0.0 0.0 8.0 0.0
4360.011623764685 0.0 0.0 0.0 1.0 0.0 0.0 8.0 0.0
4361.045539747243 0.0 0.0 0.0 1.0 0.0 0.0 8.0 0.0
4362.01802912982 0.0 0.0 0.0 1.0 0.0 0.0 8.0 0.0
4363.011408420889 0.0 0.0 0.0 1.0 0.0 0.0 8.0 0.0
4364.045539747243 0.0 0.0 0.0 1.0 0.0 0.0 8.0 0.0
4365.004155257309 0.0 0.0 0.0 1.0 0.0 0.0 8.0 0.0
4366.014726329836 0.0 0.0 0.0 1.0 0.0 0.0 8.0 0.0
4367.013052174234 0.0 0.0 0.0 1.0 0.0 0.0 8.0 0.0
4368.0120227044545 0.0 0.0 0.0 1.0 0.0 0.0 8.0 0.0
4369.002188015542 0.0 0.0 0.0 1.0 0.0 0.0 8.0 0.0
4370.012870511759 0.0 0.0 0.0 1.0 0.0 0.0 8.0 0.0
4371.002499944367 0.0 0.0 0.0 1.0 0.0 0.0 8.0 0.0
4372.001645157929 0.0 0.0 0.0 1.0 0.0 0.0 8.0 0.0
4373.004034021723 0.0 0.0 0.0 1.0 0.0 0.0 8.0 0.0
4374.002681827392 0.0 0.0 0.0 1.0 0.0 0.0 8.0 0.0
4375.006358991227 0.0 0.0 0.0 1.0 0.0 0.0 8.0 0.0
4376.020628639596 0.0 0.0 0.0 1.0 0.0 0.0 8.0 0.0
4377.008212455873 0.0 0.0 0.0 1.0 0.0 0.0 8.0 0.0
4378.009027909934 0.0 0.0 0.0 1.0 0.0 0.0 8.0 0.0
4379.008878343206 0.0 0.0 0.0 1.0 0.0 0.0 8.0 0.0
4380.000598469858 0.0 0.0 0.0 1.0 0.0 0.0 8.0 0.0
4381.017691633793 0.0 0.0 0.0 1.0 0.0 0.0 8.0 0.0
4382.007229208738 0.0 0.0 0.0 1.0 0.0 0.0 8.0 0.0
4383.045539747243 0.0 0.0 0.0 1.0 0.0 0.0 8.0 0.0
4384.004706928274 0.0 0.0 0.0 1.0 0.0 0.0 8.0 0.0
4385.013337063137 0.0 0.0 0.0 1.0 0.0 0.0 8.0 0.0
4386.005080826365 0.0 0.0 0.0 1.0 0.0 0.0 8.0 0.0
4387.009494933378 0.0 0.0 0.0 1.0 0.0 0.0 8.0 0.0
4388.001750116177 0.0 0.0 0.0 1.0 0.0 0.0 8.0 0.0
4389.001644536159 0.0 0.0 0.0 1.0 0.0 0.0 8.0 0.0
4390.011055307862 0.0 0.0 0.0 1.0 0.0 0.0 8.0 0.0
4391.044058312649 0.0 0.0 0.0 1.0 0.0 0.0 8.0 0.0
4392.008657283735 0.0 0.0 0.0 1.0 0.0 0.0 8.0 0.0
4393.021181493562 0.0 0.0 0.0 1.0 0.0 0.0 8.0 0.0
4394.019471346823 0.0 0.0 0.0 1.0 0.0 0.0 8.0 0.0
4395.019597717583 0.0 0.0 0.0 1.0 0.0 0.0 8.0 0.0
4396.0160811157075 0.0 0.0 0.0 1.0 0.0 0.0 8.0 0.0
4397.045539747243 0.0 0.0 0.0 1.0 0.0 0.0 8.0 0.0
4398.020093851654 0.0 0.0 0.0 1.0 0.0 0.0 8.0 0.0
4399.023807232333 0.0 0.0 0.0 1.0 0.0 0.0 8.0 0.0
4400.002785907565 0.0 0.0 0.0 1.0 0.0 0.0 8.0 0.0
4401.001560571066 0.0 0.0 0.0 1.0 0.0 0.0 8.0 0.0
4402.014095552903 0.0 0.0 0.0 1.0 0.0 0.0 8.0 0.0
4403.017502153611 0.0 0.0 0.0 1.0 0.0 0.0 8.0 0.0
4404.0003014907525 0.0 0.0 0.0 1.0 0.0 0.0 8.0 0.0
4405.004041316347 0.0 0.0 0.0 1.0 0.0 0.0 8.0 0.0
4406.003060412552 0.0 0.0 0.0 1.0 0.0 0.0 8.0 0.0
4407.013166019548 0.0 0.0 0.0 1.0 0.0 0.0 8.0 0.0
4408.007091090644 0.0 0.0 0.0 1.0 0.0 0.0 8.0 0.0
4409.002296090679 0.0 0.0 0.0 1.0 0.0 0.0 8.0 0.0
4410.020323643637 0.0 0.0 0.0 1.0 0.0 0.0 8.0 0.0
4411.004193721777 0.0 0.0 0.0 1.0 0.0 0.0 8.0 0.0
4412.00245001348 0.0 0.0 0.0 1.0 0.0 0.0 8.0 0.0
4413.031317740712 0.0 0.0 0.0 1.0 0.0 0.0 8.0 0.0
4414.036896413072 0.0 0.0 0.0 1.0 0.0 0.0 8.0 0.0
4415.002878766629 0.0 0.0 0.0 1.0 0.0 0.0 8.0 0.0
4416.0064555403405 0.0 0.0 0.0 1.0 0.0 0.0 8.0 0.0
4417.016363722977 0.0 0.0 0.0 1.0 0.0 0.0 8.0 0.0
4418.008159708456 0.0 0.0 0.0 1.0 0.0 0.0 8.0 0.0
4419.016925857095 0.0 0.0 0.0 1.0 0.0 0.0 8.0 0.0
4420.004492642159 0.0 0.0 0.0 1.0 0.0 0.0 8.0 0.0
4421.018810012776 0.0 0.0 0.0 1.0 0.0 0.0 8.0 0.0
4422.006012484537 0.0 0.0 0.0 1.0 0.0 0.0 8.0 0.0
4423.013092198834 0.0 0.0 0.0 1.0 0.0 0.0 8.0 0.0
4424.045539747243 0.0 0.0 0.0 1.0 0.0 0.0 8.0 0.0
4425.004051356307 0.0 0.0 0.0 1.0 0.0 0.0 8.0 0.0
4426.005540589113 0.0 0.0 0.0 1.0 0.0 0.0 8.0 0.0
4427.006157212629 0.0 0.0 0.0 1.0 0.0 0.0 8.0 0.0
4428.005001506904 0.0 0.0 0.0 1.0 0.0 0.0 8.0 0.0
4429.01648600354 0.0 0.0 0.0 1.0 0.0 0.0 8.0 0.0
4430.0108942041625 0.0 0.0 0.0 1.0 0.0 0.0 8.0 0.0
4431.033321801611 0.0 0.0 0.0 1.0 0.0 0.0 8.0 0.0
4432.019833709288 0.0 0.0 0.0 1.0 0.0 0.0 8.0 0.0
4433.02904290121 0.0 0.0 0.0 1.0 0.0 0.0 8.0 0.0
4434.015945382134 0.0 0.0 0.0 1.0 0.0 0.0 8.0 0.0
4435.030538606413 0.0 0.0 0.0 1.0 0.0 0.0 8.0 0.0
4436.037836322571 0.0 0.0 0.0 1.0 0.0 0.0 8.0 0.0
4437.045539747243 0.0 0.0 0.0 1.0 0.0 0.0 8.0 0.0
4438.003673268646 0.0 0.0 0.0 1.0 0.0 0.0 8.0 0.0
4439.0056668987245 0.0 0.0 0.0 1.0 0.0 0.0 8.0 0.0
4440.029523601597 0.0 0.0 0.0 1.0 0.0 0.0 8.0 0.0
4441.045539747243 0.0 0.0 0.0 1.0 0.0 0.0 8.0 0.0
4442.014677802121 0.0 0.0 0.0 1.0 0.0 0.0 8.0 0.0
4443.025061506422 0.0 0.0 0.0 1.0 0.0 0.0 8.0 0.0
4444.01510683572 0.0 0.0 0.0 1.0 0.0 0.0 8.0 0.0
4445.005991105412 0.0 0.0 0.0 1.0 0.0 0.0 8.0 0.0
4446.012491789147 0.0 0.0 0.0 1.0 0.0 0.0 8.0 0.0
4447.000439758696 0.0 0.0 0.0 1.0 0.0 0.0 8.0 0.0
4448.036750595531 0.0 0.0 0.0 1.0 0.0 0.0 8.0 0.0
4449.026942807306 0.0 0.0 0.0 1.0 0.0 0.0 8.0 0.0
4450.0094685568765 0.0 0.0 0.0 1.0 0.0 0.0 8.0 0.0
4451.0056401643305 0.0 0.0 0.0 1.0 0.0 0.0 8.0 0.0
4452.020298022708 0.0 0.0 0.0 1.0 0.0 0.0 8.0 0.0
4453.001508842381 0.0 0.0 0.0 1.0 0.0 0.0 8.0 0.0
4454.0008038634805 0.0 0.0 0.0 1.0 0.0 0.0 8.0 0.0
4455.018357403949 0.0 0.0 0.0 1.0 0.0 0.0 8.0 0.0
4456.005866791004 0.0 0.0 0.0 1.0 0.0 0.0 8.0 0.0
4457.008285034954 0.0 0.0 0.0 1.0 0.0 0.0 8.0 0.0
4458.01052599867 0.0 0.0 0.0 1.0 0.0 0.0 8.0 0.0
4459.003824249694 0.0 0.0 0.0 1.0 0.0 0.0 8.0 0.0
4460.003103930974 0.0 0.0 0.0 1.0 0.0 0.0 8.0 0.0
4461.018349327812 0.0 0.0 0.0 1.0 0.0 0.0 8.0 0.0
4462.003078899169 0.0 0.0 0.0 1.0 0.0 0.0 8.0 0.0
4463.005808305148 0.0 0.0 0.0 1.0 0.0 0.0 8.0 0.0
4464.0242251921945 0.0 0.0 0.0 1.0 0.0 0.0 8.0 0.0
4465.0148150603 0.0 0.0 0.0 1.0 0.0 0.0 8.0 0.0
4466.016410106183 0.0 0.0 0.0 1.0 0.0 0.0 8.0 0.0
4467.018488037444 0.0 0.0 0.0 1.0 0.0 0.0 8.0 0.0
4468.02646045071 0.0 0.0 0.0 1.0 0.0 0.0 8.0 0.0
4469.000701767358 0.0 0.0 0.0 1.0 0.0 0.0 8.0 0.0
4470.0074853796195 0.0 0.0 0.0 1.0 0.0 0.0 8.0 0.0
4471.014397805672 0.0 0.0 0.0 1.0 0.0 0.0 8.0 0.0
4472.045539747243 0.0 0.0 0.0 1.0 0.0 0.0 8.0 0.0
4473.006530556055 0.0 0.0 0.0 1.0 0.0 0.0 8.0 0.0
4474.018537369123 0.0 0.0 0.0 1.0 0.0 0.0 8.0 0.0
4475.015509761845 0.0 0.0 0.0 1.0 0.0 0.0 8.0 0.0
4476.00066105257 0.0 0.0 0.0 1.0 0.0 0.0 8.0 0.0
4477.010922375312 0.0 0.0 0.0 1.0 0.0 0.0 8.0 0.0
4478.013730940362 0.0 0.0 0.0 1.0 0.0 0.0 8.0 0.0
4479.000091916035 0.0 0.0 0.0 1.0 0.0 0.0 8.0 0.0
4480.000413402347 0.0 0.0 0.0 1.0 0.0 0.0 8.0 0.0
4481.012024990296 0.0 0.0 0.0 1.0 0.0 0.0 8.0 0.0
4482.011255289205 0.0 0.0 0.0 1.0 0.0 0.0 8.0 0.0
4483.041727373472 0.0 0.0 0.0 1.0 0.0 0.0 8.0 0.0
4484.035045729549 0.0 0.0 0.0 1.0 0.0 0.0 8.0 0.0
4485.019257362767 0.0 0.0 0.0 1.0 0.0 0.0 8.0 0.0
4486.004681419464 0.0 0.0 0.0 1.0 0.0 0.0 8.0 0.0
4487.007889428345 0.0 0.0 0.0 1.0 0.0 0.0 8.0 0.0
4488.0368576137935 0.0 0.0 0.0 1.0 0.0 0.0 8.0 0.0
4489.011827767479 0.0 0.0 0.0 1.0 0.0 0.0 8.0 0.0
4490.006559515079 0.0 0.0 0.0 1.0 0.0 0.0 8.0 0.0
4491.012282815732 0.0 0.0 0.0 1.0 0.0 0.0 8.0 0.0
4492.019631509766 0.0 0.0 0.0 1.0 0.0 0.0 8.0 0.0
4493.004953848934 0.0 0.0 0.0 1.0 0.0 0.0 8.0 0.0
4494.014597633599 0.0 0.0 0.0 1.0 0.0 0.0 8.0 0.0
4495.003062160638 0.0 0.0 0.0 1.0 0.0 0.0 8.0 0.0
4496.003747851269 0.0 0.0 0.0 1.0 0.0 0.0 8.0 0.0
4497.003768866531 0.0 0.0 0.0 1.0 0.0 0.0 8.0 0.0
4498.045539747243 0.0 0.0 0.0 1.0 0.0 0.0 8.0 0.0
4499.006285591988 0.0 0.0 0.0 1.0 0.0 0.0 8.0 0.0
4500.022484313931 0.0 0.0 0.0 1.0 0.0 0.0 8.0 0.0
4501.00039140688 0.0 0.0 0.0 1.0 0.0 0.0 8.0 0.0
4502.023134708013 0.0 0.0 0.0 1.0 0.0 0.0 8.0 0.0
4503.000540921029 0.0 0.0 0.0 1.0 0.0 0.0 8.0 0.0
4504.002556690957 0.0 0.0 0.0 1.0 0.0 0.0 8.0 0.0
4505.045539747243 0.0 0.0 0.0 1.0 0.0 0.0 8.0 0.0
4506.014023979929 0.0 0.0 0.0 1.0 0.0 0.0 8.0 0.0
4507.007209361338 0.0 0.0 0.0 1.0 0.0 0.0 8.0 0.0
4508.02563778277 0.0 0.0 0.0 1.0 0.0 0.0 8.0 0.0
4509.00202096931 0.0 0.0 0.0 1.0 0.0 0.0 8.0 0.0
4510.009823579829 0.0 0.0 0.0 1.0 0.0 0.0 8.0 0.0
4511.011631211677 0.0 0.0 0.0 1.0 0.0 0.0 8.0 0.0
4512.013140855875 0.0 0.0 0.0 1.0 0.0 0.0 8.0 0.0
4513.026011318351 0.0 0.0 0.0 1.0 0.0 0.0 8.0 0.0
4514.043786225578 0.0 0.0 0.0 1.0 0.0 0.0 8.0 0.0
4515.020340251785 0.0 0.0 0.0 1.0 0.0 0.0 8.0 0.0
4516.008813050661 0.0 0.0 0.0 1.0 0.0 0.0 8.0 0.0
4517.000810701646 0.0 0.0 0.0 1.0 0.0 0.0 8.0 0.0
4518.040174764508 0.0 0.0 0.0 1.0 0.0 0.0 8.0 0.0
4519.009598958373 0.0 0.0 0.0 1.0 0.0 0.0 8.0 0.0
4520.017991259734 0.0 0.0 0.0 1.0 0.0 0.0 8.0 0.0
4521.001459134553 0.0 0.0 0.0 1.0 0.0 0.0 8.0 0.0
4522.040566816443 0.0 0.0 0.0 1.0 0.0 0.0 8.0 0.0
4523.011582048708 0.0 0.0 0.0 1.0 0.0 0.0 8.0 0.0
4524.025534685085 0.0 0.0 0.0 1.0 0.0 0.0 8.0 0.0
4525.045539747243 0.0 0.0 0.0 1.0 0.0 0.0 8.0 0.0
4526.045539747243 0.0 0.0 0.0 1.0 0.0 0.0 8.0 0.0
4527.045539747243 0.0 0.0 0.0 1.0 0.0 0.0 8.0 0.0
4528.006165845716 0.0 0.0 0.0 1.0 0.0 0.0 8.0 0.0
4529.000605864214 0.0 0.0 0.0 1.0 0.0 0.0 8.0 0.0
4530.016502781582 0.0 0.0 0.0 1.0 0.0 0.0 8.0 0.0
4531.020115555195 0.0 0.0 0.0 1.0 0.0 0.0 8.0 0.0
4532.000312437885 0.0 0.0 0.0 1.0 0.0 0.0 8.0 0.0
4533.006219367599 0.0 0.0 0.0 1.0 0.0 0.0 8.0 0.0
4534.014182712455 0.0 0.0 0.0 1.0 0.0 0.0 8.0 0.0
4535.004635313486 0.0 0.0 0.0 1.0 0.0 0.0 8.0 0.0
4536.002636903952 0.0 0.0 0.0 1.0 0.0 0.0 8.0 0.0
4537.010661402864 0.0 0.0 0.0 1.0 0.0 0.0 8.0 0.0
4538.006932621976 0.0 0.0 0.0 1.0 0.0 0.0 8.0 0.0
4539.033390631414 0.0 0.0 0.0 1.0 0.0 0.0 8.0 0.0
4540.0204718988125 0.0 0.0 0.0 1.0 0.0 0.0 8.0 0.0
4541.012488073693 0.0 0.0 0.0 1.0 0.0 0.0 8.0 0.0
4542.005129197203 0.0 0.0 0.0 1.0 0.0 0.0 8.0 0.0
4543.011811701921 0.0 0.0 0.0 1.0 0.0 0.0 8.0 0.0
4544.045539747243 0.0 0.0 0.0 1.0 0.0 0.0 8.0 0.0
4545.001733267031 0.0 0.0 0.0 1.0 0.0 0.0 8.0 0.0
4546.015515676953 0.0 0.0 0.0 1.0 0.0 0.0 8.0 0.0
4547.005105488586 0.0 0.0 0.0 1.0 0.0 0.0 8.0 0.0
4548.000827609325 0.0 0.0 0.0 1.0 0.0 0.0 8.0 0.0
4549.005315502894 0.0 0.0 0.0 1.0 0.0 0.0 8.0 0.0
4550.016131477157 0.0 0.0 0.0 1.0 0.0 0.0 8.0 0.0
4551.00441588037 0.0 0.0 0.0 1.0 0.0 0.0 8.0 0.0
4552.004288967585 0.0 0.0 0.0 1.0 0.0 0.0 8.0 0.0
4553.001132016598 0.0 0.0 0.0 1.0 0.0 0.0 8.0 0.0
4554.032364424952 0.0 0.0 0.0 1.0 0.0 0.0 8.0 0.0
4555.007472033415 0.0 0.0 0.0 1.0 0.0 0.0 8.0 0.0
4556.013334845395 0.0 0.0 0.0 1.0 0.0 0.0 8.0 0.0
4557.045539747243 0.0 0.0 0.0 1.0 0.0 0.0 8.0 0.0
4558.015833690241 0.0 0.0 0.0 1.0 0.0 0.0 8.0 0.0
4559.045539747243 0.0 0.0 0.0 1.0 0.0 0.0 8.0 0.0
4560.004056894187 0.0 0.0 0.0 1.0 0.0 0.0 8.0 0.0
4561.0125675777845 0.0 0.0 0.0 1.0 0.0 0.0 8.0 0.0
4562.009012044834 0.0 0.0 0.0 1.0 0.0 0.0 8.0 0.0
4563.000707492188 0.0 0.0 0.0 1.0 0.0 0.0 8.0 0.0
4564.009410905645 0.0 0.0 0.0 1.0 0.0 0.0 8.0 0.0
4565.003933088275 0.0 0.0 0.0 1.0 0.0 0.0 8.0 0.0
4566.005882370658 0.0 0.0 0.0 1.0 0.0 0.0 8.0 0.0
4567.02161241819 0.0 0.0 0.0 1.0 0.0 0.0 8.0 0.0
4568.03551473124 0.0 0.0 0.0 1.0 0.0 0.0 8.0 0.0
4569.001209134353 0.0 0.0 0.0 1.0 0.0 0.0 8.0 0.0
4570.003559690537 0.0 0.0 0.0 1.0 0.0 0.0 8.0 0.0
4571.009250006419 0.0 0.0 0.0 1.0 0.0 0.0 8.0 0.0
4572.010953544176 0.0 0.0 0.0 1.0 0.0 0.0 8.0 0.0
4573.001925242179 0.0 0.0 0.0 1.0 0.0 0.0 8.0 0.0
4574.045539747243 0.0 0.0 0.0 1.0 0.0 0.0 8.0 0.0
4575.045539747243 0.0 0.0 0.0 1.0 0.0 0.0 8.0 0.0
4576.01169276437 0.0 0.0 0.0 1.0 0.0 0.0 8.0 0.0
4577.0095085122075 0.0 0.0 0.0 1.0 0.0 0.0 8.0 0.0
4578.0120024180305 0.0 0.0 0.0 1.0 0.0 0.0 8.0 0.0
4579.017430743416 0.0 0.0 0.0 1.0 0.0 0.0 8.0 0.0
4580.001845491169 0.0 0.0 0.0 1.0 0.0 0.0 8.0 0.0
4581.001625578459 0.0 0.0 0.0 1.0 0.0 0.0 8.0 0.0
4582.010133722819 0.0 0.0 0.0 1.0 0.0 0.0 8.0 0.0
4583.000598659772 0.0 0.0 0.0 1.0 0.0 0.0 8.0 0.0
4584.010031123636 0.0 0.0 0.0 1.0 0.0 0.0 8.0 0.0
4585.008891050632 0.0 0.0 0.0 1.0 0.0 0.0 8.0 0.0
4586.026432714033 0.0 0.0 0.0 1.0 0.0 0.0 8.0 0.0
4587.009051946397 0.0 0.0 0.0 1.0 0.0 0.0 8.0 0.0
4588.009163487114 0.0 0.0 0.0 1.0 0.0 0.0 8.0 0.0
4589.006661867318 0.0 0.0 0.0 1.0 0.0 0.0 8.0 0.0
4590.006800193681 0.0 0.0 0.0 1.0 0.0 0.0 8.0 0.0
4591.002434778749 0.0 0.0 0.0 1.0 0.0 0.0 8.0 0.0
4592.010333069738 0.0 0.0 0.0 1.0 0.0 0.0 8.0 0.0
4593.045539747243 0.0 0.0 0.0 1.0 0.0 0.0 8.0 0.0
4594.008433834245 0.0 0.0 0.0 1.0 0.0 0.0 8.0 0.0
4595.023933596371 0.0 0.0 0.0 1.0 0.0 0.0 8.0 0.0
4596.010154397284 0.0 0.0 0.0 1.0 0.0 0.0 8.0 0.0
4597.011779784973 0.0 0.0 0.0 1.0 0.0 0.0 8.0 0.0
4598.004191256723 0.0 0.0 0.0 1.0 0.0 0.0 8.0 0.0
4599.020487936713 0.0 0.0 0.0 1.0 0.0 0.0 8.0 0.0
4600.021664595854 0.0 0.0 0.0 1.0 0.0 0.0 8.0 0.0
#####################################################################
# End of data export. Simulation finished at: 2026-05-19T11:23+0000 #
#####################################################################
