#####################################################################
# Alchemist log file - simulation started at: 2026-05-19T09:38+0000 #
#####################################################################
#
# seed = 37.0, connection_range_percentage = 0.1, variability = 4.0, history_length = 1200, drones = 40
#
# The columns have the following meaning: 
# time wandering[mean] defending[mean] solving[mean] wait[mean] attacked[max] alarm[max] historySize[mean] disagreementRate 
0.0 NaN NaN NaN NaN 0.0 0.0 NaN 0.0
0.0 0.0 0.0 0.0 1.0 0.0 0.0 2.0 0.0
1.0256845144853124 0.0 0.0 0.0 1.0 0.0 0.0 2.475 0.0
2.026471505572715 0.0 0.0 0.0 1.0 0.0 0.0 2.95 0.0
3.0075504077606356 0.0 0.0 0.0 1.0 0.0 0.0 3.0 0.0
4.000670967605998 0.0 0.0 0.0 1.0 0.0 0.0 3.0 0.0
5.00789934516853 0.0 0.0 0.0 1.0 0.0 0.0 3.0 0.0
6.04265087455239 0.0 0.0 0.0 1.0 0.0 0.0 3.0 0.0
7.044985983321229 0.0 0.0 0.0 1.0 0.0 0.0 3.0 0.0
8.002558981620737 0.0 0.0 0.0 1.0 0.0 0.0 3.0 0.0
9.007245736768585 0.0 0.0 0.0 1.0 0.0 0.0 3.0 0.0
10.042065585767453 0.0 0.0 0.0 1.0 0.0 0.0 3.0 0.0
11.019410749055034 0.0 0.0 0.0 1.0 0.0 0.0 3.0 0.0
12.004076669868683 0.0 0.0 0.0 1.0 0.0 0.0 3.0 0.0
13.001983733474992 0.0 0.0 0.0 1.0 0.0 0.0 3.0 0.0
14.00431870519881 0.0 0.0 0.0 1.0 0.0 0.0 3.0 0.0
15.04498598332123 0.0 0.0 0.0 1.0 0.0 0.0 3.0 0.0
16.04498598332123 0.0 0.0 0.0 1.0 0.0 0.0 3.0 0.0
17.019290257063755 0.0 0.0 0.0 1.0 0.0 0.0 3.0 0.0
18.035928985260956 0.0 0.0 0.0 1.0 0.0 0.0 3.0 0.0
19.019203297951226 0.0 0.0 0.0 1.0 0.0 0.0 3.0 0.0
20.007734010948752 0.0 0.0 0.0 1.0 0.0 0.0 3.0 0.0
21.04498598332123 0.0 0.0 0.0 1.0 0.0 0.0 3.0 0.0
22.04498598332123 0.0 0.0 0.0 1.0 0.0 0.0 3.0 0.0
23.04498598332123 0.0 0.0 0.0 1.0 0.0 0.0 3.0 0.0
24.04498598332123 0.0 0.0 0.0 1.0 0.0 0.0 3.0 0.0
25.003430937765742 0.0 0.0 0.0 1.0 0.0 0.0 3.0 0.0
26.04498598332123 0.0 0.0 0.0 1.0 0.0 0.0 3.0 0.0
27.04498598332123 0.0 0.0 0.0 1.0 0.0 0.0 3.0 0.0
28.04498598332123 0.0 0.0 0.0 1.0 0.0 0.0 3.0 0.0
29.04498598332123 0.0 0.0 0.0 1.0 0.0 0.0 3.0 0.0
30.04498598332123 0.0 0.0 0.0 1.0 0.0 0.0 3.0 0.0
31.01163097676417 0.0 0.0 0.0 1.0 0.0 0.0 3.0 0.0
32.044985983321226 0.0 0.0 0.0 1.0 0.0 0.0 3.0 0.0
33.00355883898236 0.0 0.0 0.0 1.0 0.0 0.0 3.0 0.0
34.044985983321226 0.0 0.0 0.0 1.0 0.0 0.0 3.0 0.0
35.00149658635306 0.0 0.0 0.0 1.0 0.0 0.0 3.0 0.0
36.014391701973246 0.0 0.0 0.0 1.0 0.0 0.0 3.0 0.0
37.02042847629474 0.0 0.0 0.0 1.0 0.0 0.0 3.0 0.0
38.021266567087 0.0 0.0 0.0 1.0 0.0 0.0 3.0 0.0
39.02179133471494 0.0 0.0 0.0 1.0 0.0 0.0 3.0 0.0
40.04022163214371 0.0 0.0 0.0 1.0 0.0 0.0 3.0 0.0
41.0027616643516 0.0 0.0 0.0 1.0 0.0 0.0 3.0 0.0
42.044985983321226 0.0 0.0 0.0 1.0 0.0 0.0 3.0 0.0
43.044985983321226 0.0 0.0 0.0 1.0 0.0 0.0 3.0 0.0
44.044985983321226 0.0 0.0 0.0 1.0 0.0 0.0 3.0 0.0
45.0048201897412 0.0 0.0 0.0 1.0 0.0 0.0 3.0 0.0
46.032571845110816 0.0 0.0 0.0 1.0 0.0 0.0 3.0 0.0
47.015849345891915 0.0 0.0 0.0 1.0 0.0 0.0 3.0 0.0
48.017786530512154 0.0 0.0 0.0 1.0 0.0 0.0 3.0 0.0
49.044985983321226 0.0 0.0 0.0 1.0 0.0 0.0 3.0 0.0
50.044985983321226 0.0 0.0 0.0 1.0 0.0 0.0 3.0 0.0
51.011514384209306 0.0 0.0 0.0 1.0 0.0 0.0 3.0 0.0
52.03008276193688 0.0 0.0 0.0 1.0 0.0 0.0 3.0 0.0
53.00536915937153 0.0 0.0 0.0 1.0 0.0 0.0 3.0 0.0
54.0341619252549 0.0 0.0 0.0 1.0 0.0 0.0 3.0 0.0
55.000727866984846 0.0 0.0 0.0 1.0 0.0 0.0 3.0 0.0
56.039615876271036 0.0 0.0 0.0 1.0 0.0 0.0 3.0 0.0
57.01081334995683 0.0 0.0 0.0 1.0 0.0 0.0 3.0 0.0
58.023999979313956 0.0 0.0 0.0 1.0 0.0 0.0 3.0 0.0
59.025013023791566 0.0 0.0 0.0 1.0 0.0 0.0 3.0 0.0
60.01890882551758 0.0 0.0 0.0 1.0 0.0 0.0 3.0 0.0
61.00316820804767 0.0 0.0 0.0 1.0 0.0 0.0 3.0 0.0
62.044985983321226 0.0 0.0 0.0 1.0 0.0 0.0 3.0 0.0
63.00388010640314 0.0 0.0 0.0 1.0 0.0 0.0 3.0 0.0
64.02007566523841 0.0 0.0 0.0 1.0 0.0 0.0 3.0 0.0
65.03824260630324 0.0 0.0 0.0 1.0 0.0 0.0 3.0 0.0
66.04498598332123 0.0 0.0 0.0 1.0 0.0 0.0 3.0 0.0
67.04498598332123 0.0 0.0 0.0 1.0 0.0 0.0 3.0 0.0
68.04498598332123 0.0 0.0 0.0 1.0 0.0 0.0 3.0 0.0
69.03649856174937 0.0 0.0 0.0 1.0 0.0 0.0 3.0 0.0
70.02206708020242 0.0 0.0 0.0 1.0 0.0 0.0 3.0 0.0
71.04498598332123 0.0 0.0 0.0 1.0 0.0 0.0 3.0 0.0
72.04498598332123 0.0 0.0 0.0 1.0 0.0 0.0 3.0 0.0
73.01343327950066 0.0 0.0 0.0 1.0 0.0 0.0 3.0 0.0
74.00656215752478 0.0 0.0 0.0 1.0 0.0 0.0 3.0 0.0
75.01722243527715 0.0 0.0 0.0 1.0 0.0 0.0 3.0 0.0
76.03464493079203 0.0 0.0 0.0 1.0 0.0 0.0 3.0 0.0
77.02926755839819 0.0 0.0 0.0 1.0 0.0 0.0 3.0 0.0
78.04498598332123 0.0 0.0 0.0 1.0 0.0 0.0 3.0 0.0
79.04498598332123 0.0 0.0 0.0 1.0 0.0 0.0 3.0 0.0
80.04498598332123 0.0 0.0 0.0 1.0 0.0 0.0 3.0 0.0
81.0121516936953 0.0 0.0 0.0 1.0 0.0 0.0 3.0 0.0
82.04198535305721 0.0 0.0 0.0 1.0 0.0 0.0 3.0 0.0
83.02499131191283 0.0 0.0 0.0 1.0 0.0 0.0 3.0 0.0
84.04498598332123 0.0 0.0 0.0 1.0 0.0 0.0 3.0 0.0
85.00142406873421 0.0 0.0 0.0 1.0 0.0 0.0 3.0 0.0
86.023718874235 0.0 0.0 0.0 1.0 0.0 0.0 3.0 0.0
87.04073496897678 0.0 0.0 0.0 1.0 0.0 0.0 3.0 0.0
88.00931557931243 0.0 0.0 0.0 1.0 0.0 0.0 3.0 0.0
89.04498598332123 0.0 0.0 0.0 1.0 0.0 0.0 3.0 0.0
90.01282185138342 0.0 0.0 0.0 1.0 0.0 0.0 3.0 0.0
91.01888517464711 0.0 0.0 0.0 1.0 0.0 0.0 3.0 0.0
92.00118115262467 0.0 0.0 0.0 1.0 0.0 0.0 3.0 0.0
93.00816706380843 0.0 0.0 0.0 1.0 0.0 0.0 3.0 0.0
94.00080235334332 0.0 0.0 0.0 1.0 0.0 0.0 3.0 0.0
95.01979817834527 0.0 0.0 0.0 1.0 0.0 0.0 3.0 0.0
96.03043542160839 0.0 0.0 0.0 1.0 0.0 0.0 3.0 0.0
97.02774819045693 0.0 0.0 0.0 1.0 0.0 0.0 3.0 0.0
98.00136007915866 0.0 0.0 0.0 1.0 0.0 0.0 3.0 0.0
99.00235624978902 0.0 0.0 0.0 1.0 0.0 0.0 3.0 0.0
100.04498598332123 0.0 0.0 0.0 1.0 0.0 0.0 3.0 0.0
101.00430414657329 0.0 0.0 0.0 1.0 0.0 0.0 3.0 0.0
102.00577387942695 0.0 0.0 0.0 1.0 0.0 0.0 3.0 0.0
103.03344396124314 0.0 0.0 0.0 1.0 0.0 0.0 3.0 0.0
104.01145315903405 0.0 0.0 0.0 1.0 0.0 0.0 3.0 0.0
105.02353909858556 0.0 0.0 0.0 1.0 0.0 0.0 3.0 0.0
106.04498598332123 0.0 0.0 0.0 1.0 0.0 0.0 3.0 0.0
107.02378259858536 0.0 0.0 0.0 1.0 0.0 0.0 3.0 0.0
108.00911679701701 0.0 0.0 0.0 1.0 0.0 0.0 3.0 0.0
109.04498598332123 0.0 0.0 0.0 1.0 0.0 0.0 3.0 0.0
110.04498598332123 0.0 0.0 0.0 1.0 0.0 0.0 3.0 0.0
111.04498598332123 0.0 0.0 0.0 1.0 0.0 0.0 3.0 0.0
112.04498598332123 0.0 0.0 0.0 1.0 0.0 0.0 3.0 0.0
113.00719401455825 0.0 0.0 0.0 1.0 0.0 0.0 3.0 0.0
114.03926809958817 0.0 0.0 0.0 1.0 0.0 0.0 3.0 0.0
115.02777173522585 0.0 0.0 0.0 1.0 0.0 0.0 3.0 0.0
116.0228811334807 0.0 0.0 0.0 1.0 0.0 0.0 3.0 0.0
117.04498598332123 0.0 0.0 0.0 1.0 0.0 0.0 3.0 0.0
118.04498598332123 0.0 0.0 0.0 1.0 0.0 0.0 3.0 0.0
119.00899668359679 0.0 0.0 0.0 1.0 0.0 0.0 3.0 0.0
120.01476781933349 0.0 0.0 0.0 1.0 0.0 0.0 3.0 0.0
121.00215677775634 0.0 0.0 0.0 1.0 0.0 0.0 3.0 0.0
122.04498598332123 0.0 0.0 0.0 1.0 0.0 0.0 3.0 0.0
123.00133553619432 0.0 0.0 0.0 1.0 0.0 0.0 3.0 0.0
124.01825931218517 0.0 0.0 0.0 1.0 0.0 0.0 3.0 0.0
125.02174988133896 0.0 0.0 0.0 1.0 0.0 0.0 3.0 0.0
126.04498598332123 0.0 0.0 0.0 1.0 0.0 0.0 3.0 0.0
127.00600812067768 0.0 0.0 0.0 1.0 0.0 0.0 3.0 0.0
128.03857218849973 0.0 0.0 0.0 1.0 0.0 0.0 3.0 0.0
129.0011703988666 0.0 0.0 0.0 1.0 0.0 0.0 3.0 0.0
130.00697669666397 0.0 0.0 0.0 1.0 0.0 0.0 3.0 0.0
131.04498598332123 0.0 0.0 0.0 1.0 0.0 0.0 3.0 0.0
132.02512820442945 0.0 0.0 0.0 1.0 0.0 0.0 3.0 0.0
133.00567046024344 0.0 0.0 0.0 1.0 0.0 0.0 3.0 0.0
134.04498598332123 0.0 0.0 0.0 1.0 0.0 0.0 3.0 0.0
135.01851036536394 0.0 0.0 0.0 1.0 0.0 0.0 3.0 0.0
136.01130791225975 0.0 0.0 0.0 1.0 0.0 0.0 3.0 0.0
137.01333134568628 0.0 0.0 0.0 1.0 0.0 0.0 3.0 0.0
138.02163979150623 0.0 0.0 0.0 1.0 0.0 0.0 3.0 0.0
139.03735745940824 0.0 0.0 0.0 1.0 0.0 0.0 3.0 0.0
140.04498598332123 0.0 0.0 0.0 1.0 0.0 0.0 3.0 0.0
141.00806635710782 0.0 0.0 0.0 1.0 0.0 0.0 3.0 0.0
142.04498598332123 0.0 0.0 0.0 1.0 0.0 0.0 3.0 0.0
143.00950060476345 0.0 0.0 0.0 1.0 0.0 0.0 3.0 0.0
144.03241845210243 0.0 0.0 0.0 1.0 0.0 0.0 3.0 0.0
145.00921816369512 0.0 0.0 0.0 1.0 0.0 0.0 3.0 0.0
146.00593395365968 0.0 0.0 0.0 1.0 0.0 0.0 3.0 0.0
147.01767342140977 0.0 0.0 0.0 1.0 0.0 0.0 3.0 0.0
148.0098752711086 0.0 0.0 0.0 1.0 0.0 0.0 3.0 0.0
149.01076376009902 0.0 0.0 0.0 1.0 0.0 0.0 3.0 0.0
150.04498598332123 0.0 0.0 0.0 1.0 0.0 0.0 3.0 0.0
151.0155278489717 0.0 0.0 0.0 1.0 0.0 0.0 3.0 0.0
152.0159589109322 0.0 0.0 0.0 1.0 0.0 0.0 3.0 0.0
153.01089217805372 0.0 0.0 0.0 1.0 0.0 0.0 3.0 0.0
154.00096312078443 0.0 0.0 0.0 1.0 0.0 0.0 3.0 0.0
155.04498598332123 0.0 0.0 0.0 1.0 0.0 0.0 3.0 0.0
156.00730283859033 0.0 0.0 0.0 1.0 0.0 0.0 3.0 0.0
157.01348555198152 0.0 0.0 0.0 1.0 0.0 0.0 3.0 0.0
158.04498598332123 0.0 0.0 0.0 1.0 0.0 0.0 3.0 0.0
159.00961653763187 0.0 0.0 0.0 1.0 0.0 0.0 3.0 0.0
160.0009725109932 0.0 0.0 0.0 1.0 0.0 0.0 3.0 0.0
161.02775730573876 0.0 0.0 0.0 1.0 0.0 0.0 3.0 0.0
162.04498598332123 0.0 0.0 0.0 1.0 0.0 0.0 3.0 0.0
163.04498598332123 0.0 0.0 0.0 1.0 0.0 0.0 3.0 0.0
164.04498598332123 0.0 0.0 0.0 1.0 0.0 0.0 3.0 0.0
165.0243298894771 0.0 0.0 0.0 1.0 0.0 0.0 3.0 0.0
166.01121343977218 0.0 0.0 0.0 1.0 0.0 0.0 3.0 0.0
167.00246001101024 0.0 0.0 0.0 1.0 0.0 0.0 3.0 0.0
168.00050906432074 0.0 0.0 0.0 1.0 0.0 0.0 3.0 0.0
169.04498598332123 0.0 0.0 0.0 1.0 0.0 0.0 3.0 0.0
170.00188412688175 0.0 0.0 0.0 1.0 0.0 0.0 3.0 0.0
171.00569378775788 0.0 0.0 0.0 1.0 0.0 0.0 3.0 0.0
172.0145011950512 0.0 0.0 0.0 1.0 0.0 0.0 3.0 0.0
173.00312721794532 0.0 0.0 0.0 1.0 0.0 0.0 3.0 0.0
174.00583424574697 0.0 0.0 0.0 1.0 0.0 0.0 3.0 0.0
175.02894568457438 0.0 0.0 0.0 1.0 0.0 0.0 3.0 0.0
176.00394698756875 0.0 0.0 0.0 1.0 0.0 0.0 3.0 0.0
177.02279949861364 0.0 0.0 0.0 1.0 0.0 0.0 3.0 0.0
178.00025111948952 0.0 0.0 0.0 1.0 0.0 0.0 3.0 0.0
179.04498598332123 0.0 0.0 0.0 1.0 0.0 0.0 3.0 0.0
180.0266393839127 0.0 0.0 0.0 1.0 0.0 0.0 3.0 0.0
181.01222085450857 0.0 0.0 0.0 1.0 0.0 0.0 3.0 0.0
182.03258147849763 0.0 0.0 0.0 1.0 0.0 0.0 3.0 0.0
183.00566110108954 0.0 0.0 0.0 1.0 0.0 0.0 3.0 0.0
184.0225237033026 0.0 0.0 0.0 1.0 0.0 0.0 3.0 0.0
185.01853711765088 0.0 0.0 0.0 1.0 0.0 0.0 3.0 0.0
186.02427415319747 0.0 0.0 0.0 1.0 0.0 0.0 3.0 0.0
187.0216667556401 0.0 0.0 0.0 1.0 0.0 0.0 3.0 0.0
188.04498598332123 0.0 0.0 0.0 1.0 0.0 0.0 3.0 0.0
189.04498598332123 0.0 0.0 0.0 1.0 0.0 0.0 3.0 0.0
190.04498598332123 0.0 0.0 0.0 1.0 0.0 0.0 3.0 0.0
191.0046394235794 0.0 0.0 0.0 1.0 0.0 0.0 3.0 0.0
192.02507285902107 0.0 0.0 0.0 1.0 0.0 0.0 3.0 0.0
193.01741750331243 0.0 0.0 0.0 1.0 0.0 0.0 3.0 0.0
194.00610004275097 0.0 0.0 0.0 1.0 0.0 0.0 3.0 0.0
195.04498598332123 0.0 0.0 0.0 1.0 0.0 0.0 3.0 0.0
196.039311520776 0.0 0.0 0.0 1.0 0.0 0.0 3.0 0.0
197.00203209099374 0.0 0.0 0.0 1.0 0.0 0.0 3.0 0.0
198.0304150537975 0.0 0.0 0.0 1.0 0.0 0.0 3.0 0.0
199.00695334471806 0.0 0.0 0.0 1.0 0.0 0.0 3.0 0.0
200.00699026377478 0.0 0.0 0.0 1.0 0.0 0.0 3.0 0.0
201.04498598332123 0.0 0.0 0.0 1.0 0.0 0.0 3.0 0.0
202.03953102122142 0.0 0.0 0.0 1.0 0.0 0.0 3.0 0.0
203.00850721045182 0.0 0.0 0.0 1.0 0.0 0.0 3.0 0.0
204.01214541237155 0.0 0.0 0.0 1.0 0.0 0.0 3.0 0.0
205.00012417178627 0.0 0.0 0.0 1.0 0.0 0.0 3.0 0.0
206.01225627354108 0.0 0.0 0.0 1.0 0.0 0.0 3.0 0.0
207.0017411655596 0.0 0.0 0.0 1.0 0.0 0.0 3.0 0.0
208.02233388459854 0.0 0.0 0.0 1.0 0.0 0.0 3.0 0.0
209.02193974979738 0.0 0.0 0.0 1.0 0.0 0.0 3.0 0.0
210.0118246231874 0.0 0.0 0.0 1.0 0.0 0.0 3.0 0.0
211.04450320086053 0.0 0.0 0.0 1.0 0.0 0.0 3.0 0.0
212.0148580970796 0.0 0.0 0.0 1.0 0.0 0.0 3.0 0.0
213.003921696697 0.0 0.0 0.0 1.0 0.0 0.0 3.0 0.0
214.02715964241278 0.0 0.0 0.0 1.0 0.0 0.0 3.0 0.0
215.03856786804906 0.0 0.0 0.0 1.0 0.0 0.0 3.0 0.0
216.00554493084306 0.0 0.0 0.0 1.0 0.0 0.0 3.0 0.0
217.01556327459136 0.0 0.0 0.0 1.0 0.0 0.0 3.0 0.0
218.04497191288243 0.0 0.0 0.0 1.0 0.0 0.0 3.0 0.0
219.04498598332123 0.0 0.0 0.0 1.0 0.0 0.0 3.0 0.0
220.03379230906097 0.0 0.0 0.0 1.0 0.0 0.0 3.0 0.0
221.0040154402088 0.0 0.0 0.0 1.0 0.0 0.0 3.0 0.0
222.04498598332123 0.0 0.0 0.0 1.0 0.0 0.0 3.0 0.0
223.03512124220742 0.0 0.0 0.0 1.0 0.0 0.0 3.0 0.0
224.04498598332123 0.0 0.0 0.0 1.0 0.0 0.0 3.0 0.0
225.02448121266917 0.0 0.0 0.0 1.0 0.0 0.0 3.0 0.0
226.0123879418968 0.0 0.0 0.0 1.0 0.0 0.0 3.0 0.0
227.01496424110076 0.0 0.0 0.0 1.0 0.0 0.0 3.0 0.0
228.04498598332123 0.0 0.0 0.0 1.0 0.0 0.0 3.0 0.0
229.02436235695075 0.0 0.0 0.0 1.0 0.0 0.0 3.0 0.0
230.0387956363016 0.0 0.0 0.0 1.0 0.0 0.0 3.0 0.0
231.03912870577645 0.0 0.0 0.0 1.0 0.0 0.0 3.0 0.0
232.0321496620793 0.0 0.0 0.0 1.0 0.0 0.0 3.0 0.0
233.0358130535178 0.0 0.0 0.0 1.0 0.0 0.0 3.0 0.0
234.04498598332123 0.0 0.0 0.0 1.0 0.0 0.0 3.0 0.0
235.02834909122447 0.0 0.0 0.0 1.0 0.0 0.0 3.0 0.0
236.00584521538664 0.0 0.0 0.0 1.0 0.0 0.0 3.0 0.0
237.04498598332123 0.0 0.0 0.0 1.0 0.0 0.0 3.0 0.0
238.04498598332123 0.0 0.0 0.0 1.0 0.0 0.0 3.0 0.0
239.04498598332123 0.0 0.0 0.0 1.0 0.0 0.0 3.0 0.0
240.00251469781043 0.0 0.0 0.0 1.0 0.0 0.0 3.0 0.0
241.02704486698613 0.0 0.0 0.0 1.0 0.0 0.0 3.0 0.0
242.00076407654487 0.0 0.0 0.0 1.0 0.0 0.0 3.0 0.0
243.04498598332123 0.0 0.0 0.0 1.0 0.0 0.0 3.0 0.0
244.02615683289102 0.0 0.0 0.0 1.0 0.0 0.0 3.0 0.0
245.00111702120932 0.0 0.0 0.0 1.0 0.0 0.0 3.0 0.0
246.00672169319 0.0 0.0 0.0 1.0 0.0 0.0 3.0 0.0
247.00177731769412 0.0 0.0 0.0 1.0 0.0 0.0 3.0 0.0
248.02872394011922 0.0 0.0 0.0 1.0 0.0 0.0 3.0 0.0
249.00194329333064 0.0 0.0 0.0 1.0 0.0 0.0 3.0 0.0
250.0035697503742 0.0 0.0 0.0 1.0 0.0 0.0 3.0 0.0
251.01995116316346 0.0 0.0 0.0 1.0 0.0 0.0 3.0 0.0
252.0247776863228 0.0 0.0 0.0 1.0 0.0 0.0 3.0 0.0
253.00441309300805 0.0 0.0 0.0 1.0 0.0 0.0 3.0 0.0
254.01584387784214 0.0 0.0 0.0 1.0 0.0 0.0 3.0 0.0
255.00382235764297 0.0 0.0 0.0 1.0 0.0 0.0 3.0 0.0
256.0028061215952 0.0 0.0 0.0 1.0 0.0 0.0 3.0 0.0
257.01812812735136 0.0 0.0 0.0 1.0 0.0 0.0 3.0 0.0
258.0169528518207 0.0 0.0 0.0 1.0 0.0 0.0 3.0 0.0
259.01245797886304 0.0 0.0 0.0 1.0 0.0 0.0 3.0 0.0
260.0023166061078 0.0 0.0 0.0 1.0 0.0 0.0 3.0 0.0
261.0148583005224 0.0 0.0 0.0 1.0 0.0 0.0 3.0 0.0
262.0109028171152 0.0 0.0 0.0 1.0 0.0 0.0 3.0 0.0
263.03640774665337 0.0 0.0 0.0 1.0 0.0 0.0 3.0 0.0
264.01633697975865 0.0 0.0 0.0 1.0 0.0 0.0 3.0 0.0
265.037623366489 0.0 0.0 0.0 1.0 0.0 0.0 3.0 0.0
266.01212551115736 0.0 0.0 0.0 1.0 0.0 0.0 3.0 0.0
267.0019090653176 0.0 0.0 0.0 1.0 0.0 0.0 3.0 0.0
268.0449859833212 0.0 0.0 0.0 1.0 0.0 0.0 3.0 0.0
269.01819710571846 0.0 0.0 0.0 1.0 0.0 0.0 3.0 0.0
270.024264717987 0.0 0.0 0.0 1.0 0.0 0.0 3.0 0.0
271.0017954548229 0.0 0.0 0.0 1.0 0.0 0.0 3.0 0.0
272.0316800937835 0.0 0.0 0.0 1.0 0.0 0.0 3.0 0.0
273.0112489730239 0.0 0.0 0.0 1.0 0.0 0.0 3.0 0.0
274.01290179505395 0.0 0.0 0.0 1.0 0.0 0.0 3.0 0.0
275.0341141163461 0.0 0.0 0.0 1.0 0.0 0.0 3.0 0.0
276.0449859833212 0.0 0.0 0.0 1.0 0.0 0.0 3.0 0.0
277.01988121283654 0.0 0.0 0.0 1.0 0.0 0.0 3.0 0.0
278.0183697260638 0.0 0.0 0.0 1.0 0.0 0.0 3.0 0.0
279.014250797022 0.0 0.0 0.0 1.0 0.0 0.0 3.0 0.0
280.0140357346155 0.0 0.0 0.0 1.0 0.0 0.0 3.0 0.0
281.01864889884104 0.0 0.0 0.0 1.0 0.0 0.0 3.0 0.0
282.01634216503146 0.0 0.0 0.0 1.0 0.0 0.0 3.0 0.0
283.0244322903362 0.0 0.0 0.0 1.0 0.0 0.0 3.0 0.0
284.0197831320778 0.0 0.0 0.0 1.0 0.0 0.0 3.0 0.0
285.0192359266852 0.0 0.0 0.0 1.0 0.0 0.0 3.0 0.0
286.00944683036806 0.0 0.0 0.0 1.0 0.0 0.0 3.0 0.0
287.0010598384666 0.0 0.0 0.0 1.0 0.0 0.0 3.0 0.0
288.0205840491331 0.0 0.0 0.0 1.0 0.0 0.0 3.0 0.0
289.0067087362574 0.0 0.0 0.0 1.0 0.0 0.0 3.0 0.0
290.0449859833212 0.0 0.0 0.0 1.0 0.0 0.0 3.0 0.0
291.03381052262006 0.0 0.0 0.0 1.0 0.0 0.0 3.0 0.0
292.0366836062027 0.0 0.0 0.0 1.0 0.0 0.0 3.0 0.0
293.02833078807856 0.0 0.0 0.0 1.0 0.0 0.0 3.0 0.0
294.01052321574144 0.0 0.0 0.0 1.0 0.0 0.0 3.0 0.0
295.00496389657303 0.0 0.0 0.0 1.0 0.0 0.0 3.0 0.0
296.035973753502 0.0 0.0 0.0 1.0 0.0 0.0 3.0 0.0
297.0449859833212 0.0 0.0 0.0 1.0 0.0 0.0 3.0 0.0
298.0242051468045 0.0 0.0 0.0 1.0 0.0 0.0 3.0 0.0
299.0449859833212 0.0 0.0 0.0 1.0 0.0 0.0 3.0 0.0
300.00400262025806 0.0 0.0 0.0 1.0 0.0 0.0 3.0 0.0
301.0137603973107 0.0 0.0 0.0 1.0 0.0 0.0 3.0 0.0
302.00183502772444 0.0 0.0 0.0 1.0 0.0 0.0 3.0 0.0
303.00423215513945 0.0 0.0 0.0 1.0 0.0 0.0 3.0 0.0
304.0165643558412 0.0 0.0 0.0 1.0 0.0 0.0 3.0 0.0
305.0449859833212 0.0 0.0 0.0 1.0 0.0 0.0 3.0 0.0
306.0222734218301 0.0 0.0 0.0 1.0 0.0 0.0 3.0 0.0
307.03061879097356 0.0 0.0 0.0 1.0 0.0 0.0 3.0 0.0
308.0423482622889 0.0 0.0 0.0 1.0 0.0 0.0 3.0 0.0
309.0449859833212 0.0 0.0 0.0 1.0 0.0 0.0 3.0 0.0
310.00357517749063 0.0 0.0 0.0 1.0 0.0 0.0 3.0 0.0
311.003561195979 0.0 0.0 0.0 1.0 0.0 0.0 3.0 0.0
312.0205884957651 0.0 0.0 0.0 1.0 0.0 0.0 3.0 0.0
313.00425905103685 0.0 0.0 0.0 1.0 0.0 0.0 3.0 0.0
314.0042721471829 0.0 0.0 0.0 1.0 0.0 0.0 3.0 0.0
315.0129949341518 0.0 0.0 0.0 1.0 0.0 0.0 3.0 0.0
316.0003691173721 0.0 0.0 0.0 1.0 0.0 0.0 3.0 0.0
317.02958028233047 0.0 0.0 0.0 1.0 0.0 0.0 3.0 0.0
318.0061106090755 0.0 0.0 0.0 1.0 0.0 0.0 3.0 0.0
319.0181854374853 0.0 0.0 0.0 1.0 0.0 0.0 3.0 0.0
320.00382919369525 0.0 0.0 0.0 1.0 0.0 0.0 3.0 0.0
321.00161933000487 0.0 0.0 0.0 1.0 0.0 0.0 3.0 0.0
322.0449859833212 0.0 0.0 0.0 1.0 0.0 0.0 3.0 0.0
323.0239623920756 0.0 0.0 0.0 1.0 0.0 0.0 3.0 0.0
324.0174059374781 0.0 0.0 0.0 1.0 0.0 0.0 3.0 0.0
325.0449859833212 0.0 0.0 0.0 1.0 0.0 0.0 3.0 0.0
326.0267624147264 0.0 0.0 0.0 1.0 0.0 0.0 3.0 0.0
327.0449859833212 0.0 0.0 0.0 1.0 0.0 0.0 3.0 0.0
328.00945669136627 0.0 0.0 0.0 1.0 0.0 0.0 3.0 0.0
329.0043777300941 0.0 0.0 0.0 1.0 0.0 0.0 3.0 0.0
330.0352331691571 0.0 0.0 0.0 1.0 0.0 0.0 3.0 0.0
331.00196377066607 0.0 0.0 0.0 1.0 0.0 0.0 3.0 0.0
332.0024668486032 0.0 0.0 0.0 1.0 0.0 0.0 3.0 0.0
333.0138937638006 0.0 0.0 0.0 1.0 0.0 0.0 3.0 0.0
334.0229998367528 0.0 0.0 0.0 1.0 0.0 0.0 3.0 0.0
335.0449859833212 0.0 0.0 0.0 1.0 0.0 0.0 3.0 0.0
336.0449859833212 0.0 0.0 0.0 1.0 0.0 0.0 3.0 0.0
337.01008803855973 0.0 0.0 0.0 1.0 0.0 0.0 3.0 0.0
338.011150047739 0.0 0.0 0.0 1.0 0.0 0.0 3.0 0.0
339.0405038481517 0.0 0.0 0.0 1.0 0.0 0.0 3.0 0.0
340.01516901295884 0.0 0.0 0.0 1.0 0.0 0.0 3.0 0.0
341.0306694179849 0.0 0.0 0.0 1.0 0.0 0.0 3.0 0.0
342.0449859833212 0.0 0.0 0.0 1.0 0.0 0.0 3.0 0.0
343.0449859833212 0.0 0.0 0.0 1.0 0.0 0.0 3.0 0.0
344.0103462123501 0.0 0.0 0.0 1.0 0.0 0.0 3.0 0.0
345.03980026022305 0.0 0.0 0.0 1.0 0.0 0.0 3.0 0.0
346.0449859833212 0.0 0.0 0.0 1.0 0.0 0.0 3.0 0.0
347.00125028747345 0.0 0.0 0.0 1.0 0.0 0.0 3.0 0.0
348.0449859833212 0.0 0.0 0.0 1.0 0.0 0.0 3.0 0.0
349.0135208263122 0.0 0.0 0.0 1.0 0.0 0.0 3.0 0.0
350.0165550807979 0.0 0.0 0.0 1.0 0.0 0.0 3.0 0.0
351.0010333084765 0.0 0.0 0.0 1.0 0.0 0.0 3.0 0.0
352.0449859833212 0.0 0.0 0.0 1.0 0.0 0.0 3.0 0.0
353.0035374906729 0.0 0.0 0.0 1.0 0.0 0.0 3.0 0.0
354.0449859833212 0.0 0.0 0.0 1.0 0.0 0.0 3.0 0.0
355.02066416651303 0.0 0.0 0.0 1.0 0.0 0.0 3.0 0.0
356.0364000438149 0.0 0.0 0.0 1.0 0.0 0.0 3.0 0.0
357.0091360652506 0.0 0.0 0.0 1.0 0.0 0.0 3.0 0.0
358.0449859833212 0.0 0.0 0.0 1.0 0.0 0.0 3.0 0.0
359.0449859833212 0.0 0.0 0.0 1.0 0.0 0.0 3.0 0.0
360.01856039089125 0.0 0.0 0.0 1.0 0.0 0.0 3.0 0.0
361.0130868394821 0.0 0.0 0.0 1.0 0.0 0.0 3.0 0.0
362.0419261153968 0.0 0.0 0.0 1.0 0.0 0.0 3.0 0.0
363.02276707090635 0.0 0.0 0.0 1.0 0.0 0.0 3.0 0.0
364.0449859833212 0.0 0.0 0.0 1.0 0.0 0.0 3.0 0.0
365.0372915471874 0.0 0.0 0.0 1.0 0.0 0.0 3.0 0.0
366.0449859833212 0.0 0.0 0.0 1.0 0.0 0.0 3.0 0.0
367.0304192554868 0.0 0.0 0.0 1.0 0.0 0.0 3.0 0.0
368.0002194940413 0.0 0.0 0.0 1.0 0.0 0.0 3.0 0.0
369.0449859833212 0.0 0.0 0.0 1.0 0.0 0.0 3.0 0.0
370.02564392967196 0.0 0.0 0.0 1.0 0.0 0.0 3.0 0.0
371.01075403036975 0.0 0.0 0.0 1.0 0.0 0.0 3.0 0.0
372.0449859833212 0.0 0.0 0.0 1.0 0.0 0.0 3.0 0.0
373.0019460250266 0.0 0.0 0.0 1.0 0.0 0.0 3.0 0.0
374.0449859833212 0.0 0.0 0.0 1.0 0.0 0.0 3.0 0.0
375.0246447603627 0.0 0.0 0.0 1.0 0.0 0.0 3.0 0.0
376.0096556414089 0.0 0.0 0.0 1.0 0.0 0.0 3.0 0.0
377.0449859833212 0.0 0.0 0.0 1.0 0.0 0.0 3.0 0.0
378.02411089890717 0.0 0.0 0.0 1.0 0.0 0.0 3.0 0.0
379.0015289314373 0.0 0.0 0.0 1.0 0.0 0.0 3.0 0.0
380.0449859833212 0.0 0.0 0.0 1.0 0.0 0.0 3.0 0.0
381.0449859833212 0.0 0.0 0.0 1.0 0.0 0.0 3.0 0.0
382.0449859833212 0.0 0.0 0.0 1.0 0.0 0.0 3.0 0.0
383.0128097221363 0.0 0.0 0.0 1.0 0.0 0.0 3.0 0.0
384.0449859833212 0.0 0.0 0.0 1.0 0.0 0.0 3.0 0.0
385.0449859833212 0.0 0.0 0.0 1.0 0.0 0.0 3.0 0.0
386.01475518528184 0.0 0.0 0.0 1.0 0.0 0.0 3.0 0.0
387.0010520581491 0.0 0.0 0.0 1.0 0.0 0.0 3.0 0.0
388.0233895945529 0.0 0.0 0.0 1.0 0.0 0.0 3.0 0.0
389.0060901861263 0.0 0.0 0.0 1.0 0.0 0.0 3.0 0.0
390.0132927201804 0.0 0.0 0.0 1.0 0.0 0.0 3.0 0.0
391.0020241123988 0.0 0.0 0.0 1.0 0.0 0.0 3.0 0.0
392.0287045995534 0.0 0.0 0.0 1.0 0.0 0.0 3.0 0.0
393.02970799083477 0.0 0.0 0.0 1.0 0.0 0.0 3.0 0.0
394.0041621027164 0.0 0.0 0.0 1.0 0.0 0.0 3.0 0.0
395.0449859833212 0.0 0.0 0.0 1.0 0.0 0.0 3.0 0.0
396.01219991449557 0.0 0.0 0.0 1.0 0.0 0.0 3.0 0.0
397.0027503618729 0.0 0.0 0.0 1.0 0.0 0.0 3.0 0.0
398.030432340125 0.0 0.0 0.0 1.0 0.0 0.0 3.0 0.0
399.0228786532176 0.0 0.0 0.0 1.0 0.0 0.0 3.0 0.0
400.02832211848914 0.0 0.0 0.0 1.0 0.0 0.0 3.0 0.0
401.0223405133727 0.0 0.0 0.0 1.0 0.0 0.0 3.0 0.0
402.0127528467138 0.0 0.0 0.0 1.0 0.0 0.0 3.0 0.0
403.0394653702322 0.0 0.0 0.0 1.0 0.0 0.0 3.0 0.0
404.02008462831907 0.0 0.0 0.0 1.0 0.0 0.0 3.0 0.0
405.0041306888246 0.0 0.0 0.0 1.0 0.0 0.0 3.0 0.0
406.0449859833212 0.0 0.0 0.0 1.0 0.0 0.0 3.0 0.0
407.04105206596205 0.0 0.0 0.0 1.0 0.0 0.0 3.0 0.0
408.0449859833212 0.0 0.0 0.0 1.0 0.0 0.0 3.0 0.0
409.0449859833212 0.0 0.0 0.0 1.0 0.0 0.0 3.0 0.0
410.0377151715721 0.0 0.0 0.0 1.0 0.0 0.0 3.0 0.0
411.00506330171027 0.0 0.0 0.0 1.0 0.0 0.0 3.0 0.0
412.026699170872 0.0 0.0 0.0 1.0 0.0 0.0 3.0 0.0
413.0406477691564 0.0 0.0 0.0 1.0 0.0 0.0 3.0 0.0
414.00452789121266 0.0 0.0 0.0 1.0 0.0 0.0 3.0 0.0
415.0094127920272 0.0 0.0 0.0 1.0 0.0 0.0 3.0 0.0
416.0027546655636 0.0 0.0 0.0 1.0 0.0 0.0 3.0 0.0
417.01011227776064 0.0 0.0 0.0 1.0 0.0 0.0 3.0 0.0
418.0449859833212 0.0 0.0 0.0 1.0 0.0 0.0 3.0 0.0
419.0005366065319 0.0 0.0 0.0 1.0 0.0 0.0 3.0 0.0
420.0364269770018 0.0 0.0 0.0 1.0 0.0 0.0 3.0 0.0
421.007338011828 0.0 0.0 0.0 1.0 0.0 0.0 3.0 0.0
422.01275051017745 0.0 0.0 0.0 1.0 0.0 0.0 3.0 0.0
423.0113149442437 0.0 0.0 0.0 1.0 0.0 0.0 3.0 0.0
424.0007220872797 0.0 0.0 0.0 1.0 0.0 0.0 3.0 0.0
425.0118879672397 0.0 0.0 0.0 1.0 0.0 0.0 3.0 0.0
426.006378990919 0.0 0.0 0.0 1.0 0.0 0.0 3.0 0.0
427.0449859833212 0.0 0.0 0.0 1.0 0.0 0.0 3.0 0.0
428.0238349094873 0.0 0.0 0.0 1.0 0.0 0.0 3.0 0.0
429.02168197914153 0.0 0.0 0.0 1.0 0.0 0.0 3.0 0.0
430.00097909020576 0.0 0.0 0.0 1.0 0.0 0.0 3.0 0.0
431.02159434864365 0.0 0.0 0.0 1.0 0.0 0.0 3.0 0.0
432.0416511963933 0.0 0.0 0.0 1.0 0.0 0.0 3.0 0.0
433.0283866912267 0.0 0.0 0.0 1.0 0.0 0.0 3.0 0.0
434.0281265452311 0.0 0.0 0.0 1.0 0.0 0.0 3.0 0.0
435.0449859833212 0.0 0.0 0.0 1.0 0.0 0.0 3.0 0.0
436.0449859833212 0.0 0.0 0.0 1.0 0.0 0.0 3.0 0.0
437.01638779683714 0.0 0.0 0.0 1.0 0.0 0.0 3.0 0.0
438.002719833133 0.0 0.0 0.0 1.0 0.0 0.0 3.0 0.0
439.01183869351064 0.0 0.0 0.0 1.0 0.0 0.0 3.0 0.0
440.00145680499253 0.0 0.0 0.0 1.0 0.0 0.0 3.0 0.0
441.0031439697581 0.0 0.0 0.0 1.0 0.0 0.0 3.0 0.0
442.00268249788996 0.0 0.0 0.0 1.0 0.0 0.0 3.0 0.0
443.0077181379869 0.0 0.0 0.0 1.0 0.0 0.0 3.0 0.0
444.0094230205316 0.0 0.0 0.0 1.0 0.0 0.0 3.0 0.0
445.0027361809341 0.0 0.0 0.0 1.0 0.0 0.0 3.0 0.0
446.0449859833212 0.0 0.0 0.0 1.0 0.0 0.0 3.0 0.0
447.0449859833212 0.0 0.0 0.0 1.0 0.0 0.0 3.0 0.0
448.0449859833212 0.0 0.0 0.0 1.0 0.0 0.0 3.0 0.0
449.01537660895684 0.0 0.0 0.0 1.0 0.0 0.0 3.0 0.0
450.0361983573486 0.0 0.0 0.0 1.0 0.0 0.0 3.0 0.0
451.01311233512064 0.0 0.0 0.0 1.0 0.0 0.0 3.0 0.0
452.00385052846764 0.0 0.0 0.0 1.0 0.0 0.0 3.0 0.0
453.00277824470595 0.0 0.0 0.0 1.0 0.0 0.0 3.0 0.0
454.0449859833212 0.0 0.0 0.0 1.0 0.0 0.0 3.0 0.0
455.0124826610326 0.0 0.0 0.0 1.0 0.0 0.0 3.0 0.0
456.00295385445656 0.0 0.0 0.0 1.0 0.0 0.0 3.0 0.0
457.0449859833212 0.0 0.0 0.0 1.0 0.0 0.0 3.0 0.0
458.0047725606304 0.0 0.0 0.0 1.0 0.0 0.0 3.0 0.0
459.01205892307047 0.0 0.0 0.0 1.0 0.0 0.0 3.0 0.0
460.0072455142096 0.0 0.0 0.0 1.0 0.0 0.0 3.0 0.0
461.0040815849477 0.0 0.0 0.0 1.0 0.0 0.0 3.0 0.0
462.02936886101946 0.0 0.0 0.0 1.0 0.0 0.0 3.0 0.0
463.0449859833212 0.0 0.0 0.0 1.0 0.0 0.0 3.0 0.0
464.0152729638302 0.0 0.0 0.0 1.0 0.0 0.0 3.0 0.0
465.0449859833212 0.0 0.0 0.0 1.0 0.0 0.0 3.0 0.0
466.00413588033325 0.0 0.0 0.0 1.0 0.0 0.0 3.0 0.0
467.03323967857267 0.0 0.0 0.0 1.0 0.0 0.0 3.0 0.0
468.0112663055533 0.0 0.0 0.0 1.0 0.0 0.0 3.0 0.0
469.0449859833212 0.0 0.0 0.0 1.0 0.0 0.0 3.0 0.0
470.0270083094137 0.0 0.0 0.0 1.0 0.0 0.0 3.0 0.0
471.0164887717702 0.0 0.0 0.0 1.0 0.0 0.0 3.0 0.0
472.0449859833212 0.0 0.0 0.0 1.0 0.0 0.0 3.0 0.0
473.0131631396559 0.0 0.0 0.0 1.0 0.0 0.0 3.0 0.0
474.03711795444457 0.0 0.0 0.0 1.0 0.0 0.0 3.0 0.0
475.0449859833212 0.0 0.0 0.0 1.0 0.0 0.0 3.0 0.0
476.0159762149405 0.0 0.0 0.0 1.0 0.0 0.0 3.0 0.0
477.01750627781195 0.0 0.0 0.0 1.0 0.0 0.0 3.0 0.0
478.0012688287583 0.0 0.0 0.0 1.0 0.0 0.0 3.0 0.0
479.04378549814055 0.0 0.0 0.0 1.0 0.0 0.0 3.0 0.0
480.01763576654616 0.0 0.0 0.0 1.0 0.0 0.0 3.0 0.0
481.01197157195077 0.0 0.0 0.0 1.0 0.0 0.0 3.0 0.0
482.0437638584048 0.0 0.0 0.0 1.0 0.0 0.0 3.0 0.0
483.0390212368791 0.0 0.0 0.0 1.0 0.0 0.0 3.0 0.0
484.0449859833212 0.0 0.0 0.0 1.0 0.0 0.0 3.0 0.0
485.0218642776745 0.0 0.0 0.0 1.0 0.0 0.0 3.0 0.0
486.0449859833212 0.0 0.0 0.0 1.0 0.0 0.0 3.0 0.0
487.0449859833212 0.0 0.0 0.0 1.0 0.0 0.0 3.0 0.0
488.01264983661406 0.0 0.0 0.0 1.0 0.0 0.0 3.0 0.0
489.01735053095183 0.0 0.0 0.0 1.0 0.0 0.0 3.0 0.0
490.0211129706343 0.0 0.0 0.0 1.0 0.0 0.0 3.0 0.0
491.0449859833212 0.0 0.0 0.0 1.0 0.0 0.0 3.0 0.0
492.017908046977 0.0 0.0 0.0 1.0 0.0 0.0 3.0 0.0
493.016200729579 0.0 0.0 0.0 1.0 0.0 0.0 3.0 0.0
494.0069030894015 0.0 0.0 0.0 1.0 0.0 0.0 3.0 0.0
495.0449859833212 0.0 0.0 0.0 1.0 0.0 0.0 3.0 0.0
496.0124127836795 0.0 0.0 0.0 1.0 0.0 0.0 3.0 0.0
497.0211082960752 0.0 0.0 0.0 1.0 0.0 0.0 3.0 0.0
498.0081284611384 0.0 0.0 0.0 1.0 0.0 0.0 3.0 0.0
499.0000203474414 0.0 0.0 0.0 1.0 0.0 0.0 3.0 0.0
500.0449859833212 0.0 0.0 0.0 1.0 0.0 0.0 3.0 0.0
501.0449859833212 0.0 0.0 0.0 1.0 0.0 0.0 3.0 0.0
502.0449859833212 0.0 0.0 0.0 1.0 0.0 0.0 3.0 0.0
503.0449859833212 0.0 0.0 0.0 1.0 0.0 0.0 3.0 0.0
504.0449859833212 0.0 0.0 0.0 1.0 0.0 0.0 3.0 0.0
505.03252442887486 0.0 0.0 0.0 1.0 0.0 0.0 3.0 0.0
506.0401054599325 0.0 0.0 0.0 1.0 0.0 0.0 3.0 0.0
507.01295002918795 0.0 0.0 0.0 1.0 0.0 0.0 3.0 0.0
508.0166506931181 0.0 0.0 0.0 1.0 0.0 0.0 3.0 0.0
509.0439627604951 0.0 0.0 0.0 1.0 0.0 0.0 3.0 0.0
510.0449859833212 0.0 0.0 0.0 1.0 0.0 0.0 3.0 0.0
511.01834378153455 0.0 0.0 0.0 1.0 0.0 0.0 3.0 0.0
512.024579215263 0.0 0.0 0.0 1.0 0.0 0.0 3.0 0.0
513.0220684806364 0.0 0.0 0.0 1.0 0.0 0.0 3.0 0.0
514.0257390218342 0.0 0.0 0.0 1.0 0.0 0.0 3.0 0.0
515.0071638413662 0.0 0.0 0.0 1.0 0.0 0.0 3.0 0.0
516.0133129033096 0.0 0.0 0.0 1.0 0.0 0.0 3.0 0.0
517.0052827368088 0.0 0.0 0.0 1.0 0.0 0.0 3.0 0.0
518.0141865381722 0.0 0.0 0.0 1.0 0.0 0.0 3.0 0.0
519.0009266555548 0.0 0.0 0.0 1.0 0.0 0.0 3.0 0.0
520.0218008072385 0.0 0.0 0.0 1.0 0.0 0.0 3.0 0.0
521.0024603085282 0.0 0.0 0.0 1.0 0.0 0.0 3.0 0.0
522.008059123053 0.0 0.0 0.0 1.0 0.0 0.0 3.0 0.0
523.0085501958084 0.0 0.0 0.0 1.0 0.0 0.0 3.0 0.0
524.0151422668444 0.0 0.0 0.0 1.0 0.0 0.0 3.0 0.0
525.0074223631967 0.0 0.0 0.0 1.0 0.0 0.0 3.0 0.0
526.0254969762693 0.0 0.0 0.0 1.0 0.0 0.0 3.0 0.0
527.0092128458363 0.0 0.0 0.0 1.0 0.0 0.0 3.0 0.0
528.0040786588535 0.0 0.0 0.0 1.0 0.0 0.0 3.0 0.0
529.0199472878016 0.0 0.0 0.0 1.0 0.0 0.0 3.0 0.0
530.0393796988457 0.0 0.0 0.0 1.0 0.0 0.0 3.0 0.0
531.0424814877595 0.0 0.0 0.0 1.0 0.0 0.0 3.0 0.0
532.0039824992407 0.0 0.0 0.0 1.0 0.0 0.0 3.0 0.0
533.0142180031023 0.0 0.0 0.0 1.0 0.0 0.0 3.0 0.0
534.0135861423693 0.0 0.0 0.0 1.0 0.0 0.0 3.0 0.0
535.0212932130006 0.0 0.0 0.0 1.0 0.0 0.0 3.0 0.0
536.0443824818399 0.0 0.0 0.0 1.0 0.0 0.0 3.0 0.0
537.0217780592046 0.0 0.0 0.0 1.0 0.0 0.0 3.0 0.0
538.0449859833212 0.0 0.0 0.0 1.0 0.0 0.0 3.0 0.0
539.0234517123461 0.0 0.0 0.0 1.0 0.0 0.0 3.0 0.0
540.0221744794662 0.0 0.0 0.0 1.0 0.0 0.0 3.0 0.0
541.0011128410165 0.0 0.0 0.0 1.0 0.0 0.0 3.0 0.0
542.0416056937926 0.0 0.0 0.0 1.0 0.0 0.0 3.0 0.0
543.0257454976702 0.0 0.0 0.0 1.0 0.0 0.0 3.0 0.0
544.0160545881602 0.0 0.0 0.0 1.0 0.0 0.0 3.0 0.0
545.0032205881761 0.0 0.0 0.0 1.0 0.0 0.0 3.0 0.0
546.0449859833212 0.0 0.0 0.0 1.0 0.0 0.0 3.0 0.0
547.0041144905103 0.0 0.0 0.0 1.0 0.0 0.0 3.0 0.0
548.0110213322107 0.0 0.0 0.0 1.0 0.0 0.0 3.0 0.0
549.0204115291339 0.0 0.0 0.0 1.0 0.0 0.0 3.0 0.0
550.0146386073566 0.0 0.0 0.0 1.0 0.0 0.0 3.0 0.0
551.0270073105539 0.0 0.0 0.0 1.0 0.0 0.0 3.0 0.0
552.0172557623555 0.0 0.0 0.0 1.0 0.0 0.0 3.0 0.0
553.0449859833212 0.0 0.0 0.0 1.0 0.0 0.0 3.0 0.0
554.0047024592417 0.0 0.0 0.0 1.0 0.0 0.0 3.0 0.0
555.0449859833212 0.0 0.0 0.0 1.0 0.0 0.0 3.0 0.0
556.0136198450103 0.0 0.0 0.0 1.0 0.0 0.0 3.0 0.0
557.0112619568928 0.0 0.0 0.0 1.0 0.0 0.0 3.0 0.0
558.0191813590335 0.0 0.0 0.0 1.0 0.0 0.0 3.0 0.0
559.0449859833212 0.0 0.0 0.0 1.0 0.0 0.0 3.0 0.0
560.0002854030656 0.0 0.0 0.0 1.0 0.0 0.0 3.0 0.0
561.0374240219572 0.0 0.0 0.0 1.0 0.0 0.0 3.0 0.0
562.0433934371797 0.0 0.0 0.0 1.0 0.0 0.0 3.0 0.0
563.0438853624868 0.0 0.0 0.0 1.0 0.0 0.0 3.0 0.0
564.0240079102177 0.0 0.0 0.0 1.0 0.0 0.0 3.0 0.0
565.0020349771687 0.0 0.0 0.0 1.0 0.0 0.0 3.0 0.0
566.0449859833212 0.0 0.0 0.0 1.0 0.0 0.0 3.0 0.0
567.0449859833212 0.0 0.0 0.0 1.0 0.0 0.0 3.0 0.0
568.0105767972562 0.0 0.0 0.0 1.0 0.0 0.0 3.0 0.0
569.0134562495134 0.0 0.0 0.0 1.0 0.0 0.0 3.0 0.0
570.0135315703959 0.0 0.0 0.0 1.0 0.0 0.0 3.0 0.0
571.0262803994385 0.0 0.0 0.0 1.0 0.0 0.0 3.0 0.0
572.0449859833212 0.0 0.0 0.0 1.0 0.0 0.0 3.0 0.0
573.0449859833212 0.0 0.0 0.0 1.0 0.0 0.0 3.0 0.0
574.0344601906519 0.0 0.0 0.0 1.0 0.0 0.0 3.0 0.0
575.0090553528227 0.0 0.0 0.0 1.0 0.0 0.0 3.0 0.0
576.038912936602 0.0 0.0 0.0 1.0 0.0 0.0 3.0 0.0
577.0028823104583 0.0 0.0 0.0 1.0 0.0 0.0 3.0 0.0
578.0126174187085 0.0 0.0 0.0 1.0 0.0 0.0 3.0 0.0
579.0320024302054 0.0 0.0 0.0 1.0 0.0 0.0 3.0 0.0
580.0037766940461 0.0 0.0 0.0 1.0 0.0 0.0 3.0 0.0
581.0449859833212 0.0 0.0 0.0 1.0 0.0 0.0 3.0 0.0
582.0104515520813 0.0 0.0 0.0 1.0 0.0 0.0 3.0 0.0
583.002694862259 0.0 0.0 0.0 1.0 0.0 0.0 3.0 0.0
584.0075164163667 0.0 0.0 0.0 1.0 0.0 0.0 3.0 0.0
585.0046188825391 0.0 0.0 0.0 1.0 0.0 0.0 3.0 0.0
586.0085075887321 0.0 0.0 0.0 1.0 0.0 0.0 3.0 0.0
587.0165007560026 0.0 0.0 0.0 1.0 0.0 0.0 3.0 0.0
588.0247209761268 0.0 0.0 0.0 1.0 0.0 0.0 3.0 0.0
589.0123248998369 0.0 0.0 0.0 1.0 0.0 0.0 3.0 0.0
590.0449859833212 0.0 0.0 0.0 1.0 0.0 0.0 3.0 0.0
591.0449859833212 0.0 0.0 0.0 1.0 0.0 0.0 3.0 0.0
592.0203255584137 0.0 0.0 0.0 1.0 0.0 0.0 3.0 0.0
593.0175802213172 0.0 0.0 0.0 1.0 0.0 0.0 3.0 0.0
594.0167899769484 0.0 0.0 0.0 1.0 0.0 0.0 3.0 0.0
595.0449859833212 0.0 0.0 0.0 1.0 0.0 0.0 3.0 0.0
596.0025935072609 0.0 0.0 0.0 1.0 0.0 0.0 3.0 0.0
597.0299021386243 0.0 0.0 0.0 1.0 0.0 0.0 3.0 0.0
598.011496051427 0.0 0.0 0.0 1.0 0.0 0.0 3.0 0.0
599.04288738777 0.0 0.0 0.0 1.0 0.0 0.0 3.0 0.0
600.0065917383607 0.0 0.0 0.0 1.0 0.0 0.0 3.0 0.0
601.0449859833212 0.0 0.0 0.0 1.0 0.0 0.0 3.0 0.0
602.0052087220699 0.0 0.0 0.0 1.0 0.0 0.0 3.0 0.0
603.0001962825216 0.0 0.0 0.0 1.0 0.0 0.0 3.0 0.0
604.0013582846677 0.0 0.0 0.0 1.0 0.0 0.0 3.0 0.0
605.0253229712199 0.0 0.0 0.0 1.0 0.0 0.0 3.0 0.0
606.004235832204 0.0 0.0 0.0 1.0 0.0 0.0 3.0 0.0
607.0449859833212 0.0 0.0 0.0 1.0 0.0 0.0 3.0 0.0
608.0449859833212 0.0 0.0 0.0 1.0 0.0 0.0 3.0 0.0
609.0115174808898 0.0 0.0 0.0 1.0 0.0 0.0 3.0 0.0
610.0011516664235 0.0 0.0 0.0 1.0 0.0 0.0 3.0 0.0
611.0017586712913 0.0 0.0 0.0 1.0 0.0 0.0 3.0 0.0
612.0060858838899 0.0 0.0 0.0 1.0 0.0 0.0 3.0 0.0
613.0348170524212 0.0 0.0 0.0 1.0 0.0 0.0 3.0 0.0
614.0166451430015 0.0 0.0 0.0 1.0 0.0 0.0 3.0 0.0
615.0044321137806 0.0 0.0 0.0 1.0 0.0 0.0 3.0 0.0
616.0449859833212 0.0 0.0 0.0 1.0 0.0 0.0 3.0 0.0
617.0097113313944 0.0 0.0 0.0 1.0 0.0 0.0 3.0 0.0
618.0006733384429 0.0 0.0 0.0 1.0 0.0 0.0 3.0 0.0
619.0230352137144 0.0 0.0 0.0 1.0 0.0 0.0 3.0 0.0
620.0449859833212 0.0 0.0 0.0 1.0 0.0 0.0 3.0 0.0
621.0449859833212 0.0 0.0 0.0 1.0 0.0 0.0 3.0 0.0
622.0449859833212 0.0 0.0 0.0 1.0 0.0 0.0 3.0 0.0
623.0449859833212 0.0 0.0 0.0 1.0 0.0 0.0 3.0 0.0
624.0029412734683 0.0 0.0 0.0 1.0 0.0 0.0 3.0 0.0
625.0120943711382 0.0 0.0 0.0 1.0 0.0 0.0 3.0 0.0
626.0449859833212 0.0 0.0 0.0 1.0 0.0 0.0 3.0 0.0
627.0110777113695 0.0 0.0 0.0 1.0 0.0 0.0 3.0 0.0
628.0302855655514 0.0 0.0 0.0 1.0 0.0 0.0 3.0 0.0
629.0086835938907 0.0 0.0 0.0 1.0 0.0 0.0 3.0 0.0
630.0412289082066 0.0 0.0 0.0 1.0 0.0 0.0 3.0 0.0
631.0358182958267 0.0 0.0 0.0 1.0 0.0 0.0 3.0 0.0
632.0041690236632 0.0 0.0 0.0 1.0 0.0 0.0 3.0 0.0
633.0326921893103 0.0 0.0 0.0 1.0 0.0 0.0 3.0 0.0
634.0259021910383 0.0 0.0 0.0 1.0 0.0 0.0 3.0 0.0
635.0449859833212 0.0 0.0 0.0 1.0 0.0 0.0 3.0 0.0
636.0449859833212 0.0 0.0 0.0 1.0 0.0 0.0 3.0 0.0
637.0023386798372 0.0 0.0 0.0 1.0 0.0 0.0 3.0 0.0
638.0449859833212 0.0 0.0 0.0 1.0 0.0 0.0 3.0 0.0
639.0449859833212 0.0 0.0 0.0 1.0 0.0 0.0 3.0 0.0
640.0302272424491 0.0 0.0 0.0 1.0 0.0 0.0 3.0 0.0
641.0040042942126 0.0 0.0 0.0 1.0 0.0 0.0 3.0 0.0
642.0279035663216 0.0 0.0 0.0 1.0 0.0 0.0 3.0 0.0
643.0026425663477 0.0 0.0 0.0 1.0 0.0 0.0 3.0 0.0
644.0376841555905 0.0 0.0 0.0 1.0 0.0 0.0 3.0 0.0
645.0143160728876 0.0 0.0 0.0 1.0 0.0 0.0 3.0 0.0
646.0449859833212 0.0 0.0 0.0 1.0 0.0 0.0 3.0 0.0
647.0001400335235 0.0 0.0 0.0 1.0 0.0 0.0 3.0 0.0
648.0449859833212 0.0 0.0 0.0 1.0 0.0 0.0 3.0 0.0
649.0449859833212 0.0 0.0 0.0 1.0 0.0 0.0 3.0 0.0
650.024355712656 0.0 0.0 0.0 1.0 0.0 0.0 3.0 0.0
651.0004796153859 0.0 0.0 0.0 1.0 0.0 0.0 3.0 0.0
652.0114484282933 0.0 0.0 0.0 1.0 0.0 0.0 3.0 0.0
653.0012309210442 0.0 0.0 0.0 1.0 0.0 0.0 3.0 0.0
654.0068440110598 0.0 0.0 0.0 1.0 0.0 0.0 3.0 0.0
655.0225863104806 0.0 0.0 0.0 1.0 0.0 0.0 3.0 0.0
656.0449859833212 0.0 0.0 0.0 1.0 0.0 0.0 3.0 0.0
657.0139083183911 0.0 0.0 0.0 1.0 0.0 0.0 3.0 0.0
658.0449859833212 0.0 0.0 0.0 1.0 0.0 0.0 3.0 0.0
659.0449859833212 0.0 0.0 0.0 1.0 0.0 0.0 3.0 0.0
660.0325162586079 0.0 0.0 0.0 1.0 0.0 0.0 3.0 0.0
661.0383447821506 0.0 0.0 0.0 1.0 0.0 0.0 3.0 0.0
662.0031579634391 0.0 0.0 0.0 1.0 0.0 0.0 3.0 0.0
663.0094887601963 0.0 0.0 0.0 1.0 0.0 0.0 3.0 0.0
664.0024409248597 0.0 0.0 0.0 1.0 0.0 0.0 3.0 0.0
665.0072913623133 0.0 0.0 0.0 1.0 0.0 0.0 3.0 0.0
666.0331927145235 0.0 0.0 0.0 1.0 0.0 0.0 3.0 0.0
667.0345096100091 0.0 0.0 0.0 1.0 0.0 0.0 3.0 0.0
668.0449859833212 0.0 0.0 0.0 1.0 0.0 0.0 3.0 0.0
669.0113851219938 0.0 0.0 0.0 1.0 0.0 0.0 3.0 0.0
670.0028769418358 0.0 0.0 0.0 1.0 0.0 0.0 3.0 0.0
671.0380819708374 0.0 0.0 0.0 1.0 0.0 0.0 3.0 0.0
672.0073735408638 0.0 0.0 0.0 1.0 0.0 0.0 3.0 0.0
673.0393216508764 0.0 0.0 0.0 1.0 0.0 0.0 3.0 0.0
674.0015563509646 0.0 0.0 0.0 1.0 0.0 0.0 3.0 0.0
675.0065455132533 0.0 0.0 0.0 1.0 0.0 0.0 3.0 0.0
676.0042457802062 0.0 0.0 0.0 1.0 0.0 0.0 3.0 0.0
677.0087132964375 0.0 0.0 0.0 1.0 0.0 0.0 3.0 0.0
678.0449859833212 0.0 0.0 0.0 1.0 0.0 0.0 3.0 0.0
679.0431145125884 0.0 0.0 0.0 1.0 0.0 0.0 3.0 0.0
680.012700233322 0.0 0.0 0.0 1.0 0.0 0.0 3.0 0.0
681.0109179255622 0.0 0.0 0.0 1.0 0.0 0.0 3.0 0.0
682.0116031656268 0.0 0.0 0.0 1.0 0.0 0.0 3.0 0.0
683.030351870134 0.0 0.0 0.0 1.0 0.0 0.0 3.0 0.0
684.0008849287958 0.0 0.0 0.0 1.0 0.0 0.0 3.0 0.0
685.0449859833212 0.0 0.0 0.0 1.0 0.0 0.0 3.0 0.0
686.004261831319 0.0 0.0 0.0 1.0 0.0 0.0 3.0 0.0
687.0449859833212 0.0 0.0 0.0 1.0 0.0 0.0 3.0 0.0
688.0144030013861 0.0 0.0 0.0 1.0 0.0 0.0 3.0 0.0
689.0063592357543 0.0 0.0 0.0 1.0 0.0 0.0 3.0 0.0
690.036932341181 0.0 0.0 0.0 1.0 0.0 0.0 3.0 0.0
691.0356636011852 0.0 0.0 0.0 1.0 0.0 0.0 3.0 0.0
692.013787340649 0.0 0.0 0.0 1.0 0.0 0.0 3.0 0.0
693.0449859833212 0.0 0.0 0.0 1.0 0.0 0.0 3.0 0.0
694.0449859833212 0.0 0.0 0.0 1.0 0.0 0.0 3.0 0.0
695.0078393617254 0.0 0.0 0.0 1.0 0.0 0.0 3.0 0.0
696.0140194733185 0.0 0.0 0.0 1.0 0.0 0.0 3.0 0.0
697.0449859833212 0.0 0.0 0.0 1.0 0.0 0.0 3.0 0.0
698.0056202140199 0.0 0.0 0.0 1.0 0.0 0.0 3.0 0.0
699.0063850196073 0.0 0.0 0.0 1.0 0.0 0.0 3.0 0.0
700.0449859833212 0.0 0.0 0.0 1.0 0.0 0.0 3.0 0.0
701.0001423987172 0.0 0.0 0.0 1.0 0.0 0.0 3.0 0.0
702.0012003436874 0.0 0.0 0.0 1.0 0.0 0.0 3.0 0.0
703.0022440856399 0.0 0.0 0.0 1.0 0.0 0.0 3.0 0.0
704.0050434348534 0.0 0.0 0.0 1.0 0.0 0.0 3.0 0.0
705.0221580518069 0.0 0.0 0.0 1.0 0.0 0.0 3.0 0.0
706.0275493683874 0.0 0.0 0.0 1.0 0.0 0.0 3.0 0.0
707.0380752797122 0.0 0.0 0.0 1.0 0.0 0.0 3.0 0.0
708.0449859833212 0.0 0.0 0.0 1.0 0.0 0.0 3.0 0.0
709.0104221534845 0.0 0.0 0.0 1.0 0.0 0.0 3.0 0.0
710.0275239859068 0.0 0.0 0.0 1.0 0.0 0.0 3.0 0.0
711.0377403420426 0.0 0.0 0.0 1.0 0.0 0.0 3.0 0.0
712.0449859833212 0.0 0.0 0.0 1.0 0.0 0.0 3.0 0.0
713.0270976896907 0.0 0.0 0.0 1.0 0.0 0.0 3.0 0.0
714.0061780911739 0.0 0.0 0.0 1.0 0.0 0.0 3.0 0.0
715.0449859833212 0.0 0.0 0.0 1.0 0.0 0.0 3.0 0.0
716.0031033077049 0.0 0.0 0.0 1.0 0.0 0.0 3.0 0.0
717.0207458902152 0.0 0.0 0.0 1.0 0.0 0.0 3.0 0.0
718.0449859833212 0.0 0.0 0.0 1.0 0.0 0.0 3.0 0.0
719.0449859833212 0.0 0.0 0.0 1.0 0.0 0.0 3.0 0.0
720.0449859833212 0.0 0.0 0.0 1.0 0.0 0.0 3.0 0.0
721.0387577309841 0.0 0.0 0.0 1.0 0.0 0.0 3.0 0.0
722.0449859833212 0.0 0.0 0.0 1.0 0.0 0.0 3.0 0.0
723.0329484266138 0.0 0.0 0.0 1.0 0.0 0.0 3.0 0.0
724.0092838984624 0.0 0.0 0.0 1.0 0.0 0.0 3.0 0.0
725.0145118492146 0.0 0.0 0.0 1.0 0.0 0.0 3.0 0.0
726.0449859833212 0.0 0.0 0.0 1.0 0.0 0.0 3.0 0.0
727.0021826896166 0.0 0.0 0.0 1.0 0.0 0.0 3.0 0.0
728.0014048598579 0.0 0.0 0.0 1.0 0.0 0.0 3.0 0.0
729.0449859833212 0.0 0.0 0.0 1.0 0.0 0.0 3.0 0.0
730.0242229056117 0.0 0.0 0.0 1.0 0.0 0.0 3.0 0.0
731.0449859833212 0.0 0.0 0.0 1.0 0.0 0.0 3.0 0.0
732.0139343462579 0.0 0.0 0.0 1.0 0.0 0.0 3.0 0.0
733.0037003301836 0.0 0.0 0.0 1.0 0.0 0.0 3.0 0.0
734.00537511256 0.0 0.0 0.0 1.0 0.0 0.0 3.0 0.0
735.0141055854856 0.0 0.0 0.0 1.0 0.0 0.0 3.0 0.0
736.0094364215931 0.0 0.0 0.0 1.0 0.0 0.0 3.0 0.0
737.0101456368977 0.0 0.0 0.0 1.0 0.0 0.0 3.0 0.0
738.0332716568225 0.0 0.0 0.0 1.0 0.0 0.0 3.0 0.0
739.0449859833212 0.0 0.0 0.0 1.0 0.0 0.0 3.0 0.0
740.0007877867181 0.0 0.0 0.0 1.0 0.0 0.0 3.0 0.0
741.0117163409712 0.0 0.0 0.0 1.0 0.0 0.0 3.0 0.0
742.0026812781857 0.0 0.0 0.0 1.0 0.0 0.0 3.0 0.0
743.0118960922142 0.0 0.0 0.0 1.0 0.0 0.0 3.0 0.0
744.0093919026772 0.0 0.0 0.0 1.0 0.0 0.0 3.0 0.0
745.0261949632078 0.0 0.0 0.0 1.0 0.0 0.0 3.0 0.0
746.0064856471463 0.0 0.0 0.0 1.0 0.0 0.0 3.0 0.0
747.0449859833212 0.0 0.0 0.0 1.0 0.0 0.0 3.0 0.0
748.0449859833212 0.0 0.0 0.0 1.0 0.0 0.0 3.0 0.0
749.0449859833212 0.0 0.0 0.0 1.0 0.0 0.0 3.0 0.0
750.0275769728329 0.0 0.0 0.0 1.0 0.0 0.0 3.0 0.0
751.0140733796055 0.0 0.0 0.0 1.0 0.0 0.0 3.0 0.0
752.0005553420663 0.0 0.0 0.0 1.0 0.0 0.0 3.0 0.0
753.0047237294406 0.0 0.0 0.0 1.0 0.0 0.0 3.0 0.0
754.0449859833212 0.0 0.0 0.0 1.0 0.0 0.0 3.0 0.0
755.0053761721159 0.0 0.0 0.0 1.0 0.0 0.0 3.0 0.0
756.0005341830846 0.0 0.0 0.0 1.0 0.0 0.0 3.0 0.0
757.0206645792455 0.0 0.0 0.0 1.0 0.0 0.0 3.0 0.0
758.003039513483 0.0 0.0 0.0 1.0 0.0 0.0 3.0 0.0
759.0002581070785 0.0 0.0 0.0 1.0 0.0 0.0 3.0 0.0
760.0065567367782 0.0 0.0 0.0 1.0 0.0 0.0 3.0 0.0
761.0181843774166 0.0 0.0 0.0 1.0 0.0 0.0 3.0 0.0
762.0449859833212 0.0 0.0 0.0 1.0 0.0 0.0 3.0 0.0
763.022593367967 0.0 0.0 0.0 1.0 0.0 0.0 3.0 0.0
764.0258422696816 0.0 0.0 0.0 1.0 0.0 0.0 3.0 0.0
765.0449859833212 0.0 0.0 0.0 1.0 0.0 0.0 3.0 0.0
766.0449859833212 0.0 0.0 0.0 1.0 0.0 0.0 3.0 0.0
767.0138994575452 0.0 0.0 0.0 1.0 0.0 0.0 3.0 0.0
768.0127167206365 0.0 0.0 0.0 1.0 0.0 0.0 3.0 0.0
769.0031537745635 0.0 0.0 0.0 1.0 0.0 0.0 3.0 0.0
770.0025213886533 0.0 0.0 0.0 1.0 0.0 0.0 3.0 0.0
771.0199730592971 0.0 0.0 0.0 1.0 0.0 0.0 3.0 0.0
772.0097945389991 0.0 0.0 0.0 1.0 0.0 0.0 3.0 0.0
773.0009122752986 0.0 0.0 0.0 1.0 0.0 0.0 3.0 0.0
774.0012642831889 0.0 0.0 0.0 1.0 0.0 0.0 3.0 0.0
775.0354538929505 0.0 0.0 0.0 1.0 0.0 0.0 3.0 0.0
776.0449859833212 0.0 0.0 0.0 1.0 0.0 0.0 3.0 0.0
777.006263713167 0.0 0.0 0.0 1.0 0.0 0.0 3.0 0.0
778.0400038785467 0.0 0.0 0.0 1.0 0.0 0.0 3.0 0.0
779.0043806682507 0.0 0.0 0.0 1.0 0.0 0.0 3.0 0.0
780.0449859833212 0.0 0.0 0.0 1.0 0.0 0.0 3.0 0.0
781.0332229265526 0.0 0.0 0.0 1.0 0.0 0.0 3.0 0.0
782.0255813753963 0.0 0.0 0.0 1.0 0.0 0.0 3.0 0.0
783.006894288522 0.0 0.0 0.0 1.0 0.0 0.0 3.0 0.0
784.025787244431 0.0 0.0 0.0 1.0 0.0 0.0 3.0 0.0
785.0192574734458 0.0 0.0 0.0 1.0 0.0 0.0 3.0 0.0
786.0004695046827 0.0 0.0 0.0 1.0 0.0 0.0 3.0 0.0
787.0115533494102 0.0 0.0 0.0 1.0 0.0 0.0 3.0 0.0
788.0017299111553 0.0 0.0 0.0 1.0 0.0 0.0 3.0 0.0
789.0011699271369 0.0 0.0 0.0 1.0 0.0 0.0 3.0 0.0
790.0059636857802 0.0 0.0 0.0 1.0 0.0 0.0 3.0 0.0
791.0065396592656 0.0 0.0 0.0 1.0 0.0 0.0 3.0 0.0
792.0419783555689 0.0 0.0 0.0 1.0 0.0 0.0 3.0 0.0
793.0263360655784 0.0 0.0 0.0 1.0 0.0 0.0 3.0 0.0
794.0354408127655 0.0 0.0 0.0 1.0 0.0 0.0 3.0 0.0
795.0054022469659 0.0 0.0 0.0 1.0 0.0 0.0 3.0 0.0
796.0449859833212 0.0 0.0 0.0 1.0 0.0 0.0 3.0 0.0
797.0115657381424 0.0 0.0 0.0 1.0 0.0 0.0 3.0 0.0
798.0030219918605 0.0 0.0 0.0 1.0 0.0 0.0 3.0 0.0
799.043748229567 0.0 0.0 0.0 1.0 0.0 0.0 3.0 0.0
800.0323668734623 0.0 0.0 0.0 1.0 0.0 0.0 3.0 0.0
801.0449859833212 0.0 0.0 0.0 1.0 0.0 0.0 3.0 0.0
802.0283648056786 0.0 0.0 0.0 1.0 0.0 0.0 3.0 0.0
803.0068228515523 0.0 0.0 0.0 1.0 0.0 0.0 3.0 0.0
804.0449859833212 0.0 0.0 0.0 1.0 0.0 0.0 3.0 0.0
805.0219317652728 0.0 0.0 0.0 1.0 0.0 0.0 3.0 0.0
806.0030954997607 0.0 0.0 0.0 1.0 0.0 0.0 3.0 0.0
807.0449859833212 0.0 0.0 0.0 1.0 0.0 0.0 3.0 0.0
808.0449859833212 0.0 0.0 0.0 1.0 0.0 0.0 3.0 0.0
809.0099418310854 0.0 0.0 0.0 1.0 0.0 0.0 3.0 0.0
810.0449859833212 0.0 0.0 0.0 1.0 0.0 0.0 3.0 0.0
811.0106211959413 0.0 0.0 0.0 1.0 0.0 0.0 3.0 0.0
812.0229400273778 0.0 0.0 0.0 1.0 0.0 0.0 3.0 0.0
813.0071890815083 0.0 0.0 0.0 1.0 0.0 0.0 3.0 0.0
814.004246604752 0.0 0.0 0.0 1.0 0.0 0.0 3.0 0.0
815.0449859833212 0.0 0.0 0.0 1.0 0.0 0.0 3.0 0.0
816.0314989198943 0.0 0.0 0.0 1.0 0.0 0.0 3.0 0.0
817.0306969779825 0.0 0.0 0.0 1.0 0.0 0.0 3.0 0.0
818.035203047087 0.0 0.0 0.0 1.0 0.0 0.0 3.0 0.0
819.0051996703709 0.0 0.0 0.0 1.0 0.0 0.0 3.0 0.0
820.0091186710641 0.0 0.0 0.0 1.0 0.0 0.0 3.0 0.0
821.0245531143836 0.0 0.0 0.0 1.0 0.0 0.0 3.0 0.0
822.0068648256752 0.0 0.0 0.0 1.0 0.0 0.0 3.0 0.0
823.0449859833212 0.0 0.0 0.0 1.0 0.0 0.0 3.0 0.0
824.0449859833212 0.0 0.0 0.0 1.0 0.0 0.0 3.0 0.0
825.0269128784321 0.0 0.0 0.0 1.0 0.0 0.0 3.0 0.0
826.0431421141191 0.0 0.0 0.0 1.0 0.0 0.0 3.0 0.0
827.0076910456783 0.0 0.0 0.0 1.0 0.0 0.0 3.0 0.0
828.0174419493433 0.0 0.0 0.0 1.0 0.0 0.0 3.0 0.0
829.0062889276968 0.0 0.0 0.0 1.0 0.0 0.0 3.0 0.0
830.0449859833212 0.0 0.0 0.0 1.0 0.0 0.0 3.0 0.0
831.0103350002024 0.0 0.0 0.0 1.0 0.0 0.0 3.0 0.0
832.0449859833212 0.0 0.0 0.0 1.0 0.0 0.0 3.0 0.0
833.0206613340193 0.0 0.0 0.0 1.0 0.0 0.0 3.0 0.0
834.001236603976 0.0 0.0 0.0 1.0 0.0 0.0 3.0 0.0
835.0449859833212 0.0 0.0 0.0 1.0 0.0 0.0 3.0 0.0
836.0076540144964 0.0 0.0 0.0 1.0 0.0 0.0 3.0 0.0
837.0120367123593 0.0 0.0 0.0 1.0 0.0 0.0 3.0 0.0
838.0028068367152 0.0 0.0 0.0 1.0 0.0 0.0 3.0 0.0
839.0029877189686 0.0 0.0 0.0 1.0 0.0 0.0 3.0 0.0
840.0449859833212 0.0 0.0 0.0 1.0 0.0 0.0 3.0 0.0
841.0449859833212 0.0 0.0 0.0 1.0 0.0 0.0 3.0 0.0
842.0050862749122 0.0 0.0 0.0 1.0 0.0 0.0 3.0 0.0
843.0327509052053 0.0 0.0 0.0 1.0 0.0 0.0 3.0 0.0
844.0112476494352 0.0 0.0 0.0 1.0 0.0 0.0 3.0 0.0
845.0185339446007 0.0 0.0 0.0 1.0 0.0 0.0 3.0 0.0
846.0266089114805 0.0 0.0 0.0 1.0 0.0 0.0 3.0 0.0
847.0060820343934 0.0 0.0 0.0 1.0 0.0 0.0 3.0 0.0
848.0000606016498 0.0 0.0 0.0 1.0 0.0 0.0 3.0 0.0
849.0038886262676 0.0 0.0 0.0 1.0 0.0 0.0 3.0 0.0
850.0169142420117 0.0 0.0 0.0 1.0 0.0 0.0 3.0 0.0
851.0103863708136 0.0 0.0 0.0 1.0 0.0 0.0 3.0 0.0
852.0122194639235 0.0 0.0 0.0 1.0 0.0 0.0 3.0 0.0
853.0319914483655 0.0 0.0 0.0 1.0 0.0 0.0 3.0 0.0
854.0449859833212 0.0 0.0 0.0 1.0 0.0 0.0 3.0 0.0
855.0449859833212 0.0 0.0 0.0 1.0 0.0 0.0 3.0 0.0
856.0037845099166 0.0 0.0 0.0 1.0 0.0 0.0 3.0 0.0
857.004209105206 0.0 0.0 0.0 1.0 0.0 0.0 3.0 0.0
858.0064309416193 0.0 0.0 0.0 1.0 0.0 0.0 3.0 0.0
859.0449859833212 0.0 0.0 0.0 1.0 0.0 0.0 3.0 0.0
860.0449859833212 0.0 0.0 0.0 1.0 0.0 0.0 3.0 0.0
861.0279042561074 0.0 0.0 0.0 1.0 0.0 0.0 3.0 0.0
862.0045045861145 0.0 0.0 0.0 1.0 0.0 0.0 3.0 0.0
863.0390330406175 0.0 0.0 0.0 1.0 0.0 0.0 3.0 0.0
864.0397263139347 0.0 0.0 0.0 1.0 0.0 0.0 3.0 0.0
865.0394120366739 0.0 0.0 0.0 1.0 0.0 0.0 3.0 0.0
866.0449859833212 0.0 0.0 0.0 1.0 0.0 0.0 3.0 0.0
867.0069247438952 0.0 0.0 0.0 1.0 0.0 0.0 3.0 0.0
868.0056944066849 0.0 0.0 0.0 1.0 0.0 0.0 3.0 0.0
869.0220873053319 0.0 0.0 0.0 1.0 0.0 0.0 3.0 0.0
870.0449859833212 0.0 0.0 0.0 1.0 0.0 0.0 3.0 0.0
871.007975334278 0.0 0.0 0.0 1.0 0.0 0.0 3.0 0.0
872.0352755357784 0.0 0.0 0.0 1.0 0.0 0.0 3.0 0.0
873.0449859833212 0.0 0.0 0.0 1.0 0.0 0.0 3.0 0.0
874.0085309962632 0.0 0.0 0.0 1.0 0.0 0.0 3.0 0.0
875.001920973807 0.0 0.0 0.0 1.0 0.0 0.0 3.0 0.0
876.0067207015197 0.0 0.0 0.0 1.0 0.0 0.0 3.0 0.0
877.015641443884 0.0 0.0 0.0 1.0 0.0 0.0 3.0 0.0
878.0341163166333 0.0 0.0 0.0 1.0 0.0 0.0 3.0 0.0
879.0449859833212 0.0 0.0 0.0 1.0 0.0 0.0 3.0 0.0
880.007746084008 0.0 0.0 0.0 1.0 0.0 0.0 3.0 0.0
881.0449859833212 0.0 0.0 0.0 1.0 0.0 0.0 3.0 0.0
882.0449859833212 0.0 0.0 0.0 1.0 0.0 0.0 3.0 0.0
883.0078380440916 0.0 0.0 0.0 1.0 0.0 0.0 3.0 0.0
884.0011702486036 0.0 0.0 0.0 1.0 0.0 0.0 3.0 0.0
885.0209968034494 0.0 0.0 0.0 1.0 0.0 0.0 3.0 0.0
886.0015168218799 0.0 0.0 0.0 1.0 0.0 0.0 3.0 0.0
887.0030562202402 0.0 0.0 0.0 1.0 0.0 0.0 3.0 0.0
888.0150598984177 0.0 0.0 0.0 1.0 0.0 0.0 3.0 0.0
889.0221872713336 0.0 0.0 0.0 1.0 0.0 0.0 3.0 0.0
890.0084665214642 0.0 0.0 0.0 1.0 0.0 0.0 3.0 0.0
891.0029112370969 0.0 0.0 0.0 1.0 0.0 0.0 3.0 0.0
892.0268755278282 0.0 0.0 0.0 1.0 0.0 0.0 3.0 0.0
893.003502178091 0.0 0.0 0.0 1.0 0.0 0.0 3.0 0.0
894.024995610431 0.0 0.0 0.0 1.0 0.0 0.0 3.0 0.0
895.000075568152 0.0 0.0 0.0 1.0 0.0 0.0 3.0 0.0
896.0392281302372 0.0 0.0 0.0 1.0 0.0 0.0 3.0 0.0
897.0121244103251 0.0 0.0 0.0 1.0 0.0 0.0 3.0 0.0
898.0422673894847 0.0 0.0 0.0 1.0 0.0 0.0 3.0 0.0
899.0383225635126 0.0 0.0 0.0 1.0 0.0 0.0 3.0 0.0
900.0449859833212 0.0 0.0 0.0 1.0 0.0 0.0 3.0 0.0
901.0141129388603 0.0 0.0 0.0 1.0 0.0 0.0 3.0 0.0
902.019953309429 0.0 0.0 0.0 1.0 0.0 0.0 3.0 0.0
903.0349925509959 0.0 0.0 0.0 1.0 0.0 0.0 3.0 0.0
904.0435299802294 0.0 0.0 0.0 1.0 0.0 0.0 3.0 0.0
905.0173016729059 0.0 0.0 0.0 1.0 0.0 0.0 3.0 0.0
906.0235726389258 0.0 0.0 0.0 1.0 0.0 0.0 3.0 0.0
907.0137166875977 0.0 0.0 0.0 1.0 0.0 0.0 3.0 0.0
908.0066400224595 0.0 0.0 0.0 1.0 0.0 0.0 3.0 0.0
909.0407182829762 0.0 0.0 0.0 1.0 0.0 0.0 3.0 0.0
910.0449859833212 0.0 0.0 0.0 1.0 0.0 0.0 3.0 0.0
911.0027913270445 0.0 0.0 0.0 1.0 0.0 0.0 3.0 0.0
912.0142162447045 0.0 0.0 0.0 1.0 0.0 0.0 3.0 0.0
913.0449859833212 0.0 0.0 0.0 1.0 0.0 0.0 3.0 0.0
914.0449859833212 0.0 0.0 0.0 1.0 0.0 0.0 3.0 0.0
915.0045258534179 0.0 0.0 0.0 1.0 0.0 0.0 3.0 0.0
916.0136197418136 0.0 0.0 0.0 1.0 0.0 0.0 3.0 0.0
917.0165341681463 0.0 0.0 0.0 1.0 0.0 0.0 3.0 0.0
918.0449859833212 0.0 0.0 0.0 1.0 0.0 0.0 3.0 0.0
919.0449859833212 0.0 0.0 0.0 1.0 0.0 0.0 3.0 0.0
920.0063336206745 0.0 0.0 0.0 1.0 0.0 0.0 3.0 0.0
921.0328682216617 0.0 0.0 0.0 1.0 0.0 0.0 3.0 0.0
922.0122554469161 0.0 0.0 0.0 1.0 0.0 0.0 3.0 0.0
923.0045257392098 0.0 0.0 0.0 1.0 0.0 0.0 3.0 0.0
924.0240023652339 0.0 0.0 0.0 1.0 0.0 0.0 3.0 0.0
925.0449859833212 0.0 0.0 0.0 1.0 0.0 0.0 3.0 0.0
926.0057489419328 0.0 0.0 0.0 1.0 0.0 0.0 3.0 0.0
927.0097127907876 0.0 0.0 0.0 1.0 0.0 0.0 3.0 0.0
928.0076727107556 0.0 0.0 0.0 1.0 0.0 0.0 3.0 0.0
929.0089737784069 0.0 0.0 0.0 1.0 0.0 0.0 3.0 0.0
930.0449859833212 0.0 0.0 0.0 1.0 0.0 0.0 3.0 0.0
931.0449859833212 0.0 0.0 0.0 1.0 0.0 0.0 3.0 0.0
932.0413308150871 0.0 0.0 0.0 1.0 0.0 0.0 3.0 0.0
933.0101829177411 0.0 0.0 0.0 1.0 0.0 0.0 3.0 0.0
934.008733653965 0.0 0.0 0.0 1.0 0.0 0.0 3.0 0.0
935.0112340001334 0.0 0.0 0.0 1.0 0.0 0.0 3.0 0.0
936.025470777414 0.0 0.0 0.0 1.0 0.0 0.0 3.0 0.0
937.0263013538995 0.0 0.0 0.0 1.0 0.0 0.0 3.0 0.0
938.0449859833212 0.0 0.0 0.0 1.0 0.0 0.0 3.0 0.0
939.0075116615195 0.0 0.0 0.0 1.0 0.0 0.0 3.0 0.0
940.023447906542 0.0 0.0 0.0 1.0 0.0 0.0 3.0 0.0
941.0079139886531 0.0 0.0 0.0 1.0 0.0 0.0 3.0 0.0
942.0134852427943 0.0 0.0 0.0 1.0 0.0 0.0 3.0 0.0
943.0179768498516 0.0 0.0 0.0 1.0 0.0 0.0 3.0 0.0
944.0139538430502 0.0 0.0 0.0 1.0 0.0 0.0 3.0 0.0
945.0358957147546 0.0 0.0 0.0 1.0 0.0 0.0 3.0 0.0
946.031784752866 0.0 0.0 0.0 1.0 0.0 0.0 3.0 0.0
947.0070865910219 0.0 0.0 0.0 1.0 0.0 0.0 3.0 0.0
948.0128133893523 0.0 0.0 0.0 1.0 0.0 0.0 3.0 0.0
949.0248098784484 0.0 0.0 0.0 1.0 0.0 0.0 3.0 0.0
950.0235620283082 0.0 0.0 0.0 1.0 0.0 0.0 3.0 0.0
951.002076085246 0.0 0.0 0.0 1.0 0.0 0.0 3.0 0.0
952.0066853297948 0.0 0.0 0.0 1.0 0.0 0.0 3.0 0.0
953.0277018253852 0.0 0.0 0.0 1.0 0.0 0.0 3.0 0.0
954.0071912201762 0.0 0.0 0.0 1.0 0.0 0.0 3.0 0.0
955.0236904360472 0.0 0.0 0.0 1.0 0.0 0.0 3.0 0.0
956.0249351901128 0.0 0.0 0.0 1.0 0.0 0.0 3.0 0.0
957.0449859833212 0.0 0.0 0.0 1.0 0.0 0.0 3.0 0.0
958.0016181737719 0.0 0.0 0.0 1.0 0.0 0.0 3.0 0.0
959.0449859833212 0.0 0.0 0.0 1.0 0.0 0.0 3.0 0.0
960.0006122385364 0.0 0.0 0.0 1.0 0.0 0.0 3.0 0.0
961.0156128500403 0.0 0.0 0.0 1.0 0.0 0.0 3.0 0.0
962.0110209500319 0.0 0.0 0.0 1.0 0.0 0.0 3.0 0.0
963.0132298939129 0.0 0.0 0.0 1.0 0.0 0.0 3.0 0.0
964.0161764676234 0.0 0.0 0.0 1.0 0.0 0.0 3.0 0.0
965.0108046113642 0.0 0.0 0.0 1.0 0.0 0.0 3.0 0.0
966.0034876458484 0.0 0.0 0.0 1.0 0.0 0.0 3.0 0.0
967.0048060683198 0.0 0.0 0.0 1.0 0.0 0.0 3.0 0.0
968.0070913647771 0.0 0.0 0.0 1.0 0.0 0.0 3.0 0.0
969.0052290419727 0.0 0.0 0.0 1.0 0.0 0.0 3.0 0.0
970.0149506643811 0.0 0.0 0.0 1.0 0.0 0.0 3.0 0.0
971.0050938176694 0.0 0.0 0.0 1.0 0.0 0.0 3.0 0.0
972.0072750258265 0.0 0.0 0.0 1.0 0.0 0.0 3.0 0.0
973.0085349034707 0.0 0.0 0.0 1.0 0.0 0.0 3.0 0.0
974.0449859833212 0.0 0.0 0.0 1.0 0.0 0.0 3.0 0.0
975.018764971156 0.0 0.0 0.0 1.0 0.0 0.0 3.0 0.0
976.0449859833212 0.0 0.0 0.0 1.0 0.0 0.0 3.0 0.0
977.0189260194452 0.0 0.0 0.0 1.0 0.0 0.0 3.0 0.0
978.0449859833212 0.0 0.0 0.0 1.0 0.0 0.0 3.0 0.0
979.007349137081 0.0 0.0 0.0 1.0 0.0 0.0 3.0 0.0
980.0355792068708 0.0 0.0 0.0 1.0 0.0 0.0 3.0 0.0
981.0396808151397 0.0 0.0 0.0 1.0 0.0 0.0 3.0 0.0
982.0099064893719 0.0 0.0 0.0 1.0 0.0 0.0 3.0 0.0
983.0180295796216 0.0 0.0 0.0 1.0 0.0 0.0 3.0 0.0
984.0160007355194 0.0 0.0 0.0 1.0 0.0 0.0 3.0 0.0
985.0449859833212 0.0 0.0 0.0 1.0 0.0 0.0 3.0 0.0
986.0160136003648 0.0 0.0 0.0 1.0 0.0 0.0 3.0 0.0
987.0449859833212 0.0 0.0 0.0 1.0 0.0 0.0 3.0 0.0
988.0136116454971 0.0 0.0 0.0 1.0 0.0 0.0 3.0 0.0
989.0445731677224 0.0 0.0 0.0 1.0 0.0 0.0 3.0 0.0
990.0098964493066 0.0 0.0 0.0 1.0 0.0 0.0 3.0 0.0
991.0292078661333 0.0 0.0 0.0 1.0 0.0 0.0 3.0 0.0
992.0448220041425 0.0 0.0 0.0 1.0 0.0 0.0 3.0 0.0
993.0449859833212 0.0 0.0 0.0 1.0 0.0 0.0 3.0 0.0
994.0155190484116 0.0 0.0 0.0 1.0 0.0 0.0 3.0 0.0
995.0449859833212 0.0 0.0 0.0 1.0 0.0 0.0 3.0 0.0
996.0029238489952 0.0 0.0 0.0 1.0 0.0 0.0 3.0 0.0
997.0449859833212 0.0 0.0 0.0 1.0 0.0 0.0 3.0 0.0
998.0264854524495 0.0 0.0 0.0 1.0 0.0 0.0 3.0 0.0
999.031600857405 0.0 0.0 0.0 1.0 0.0 0.0 3.0 0.0
1000.0102396463442 0.0 0.0 0.0 1.0 0.0 0.0 3.0 0.0
1001.0067672257811 0.0 0.0 0.0 1.0 0.0 0.0 3.0 0.0
1002.0363686367094 0.0 0.0 0.0 1.0 0.0 0.0 3.0 0.0
1003.0158634785613 0.0 0.0 0.0 1.0 0.0 0.0 3.0 0.0
1004.0298919908489 0.0 0.0 0.0 1.0 0.0 0.0 3.0 0.0
1005.031223780341 0.0 0.0 0.0 1.0 0.0 0.0 3.0 0.0
1006.0153715165201 0.0 0.0 0.0 1.0 0.0 0.0 3.0 0.0
1007.0391469971529 0.0 0.0 0.0 1.0 0.0 0.0 3.0 0.0
1008.0449859833212 0.0 0.0 0.0 1.0 0.0 0.0 3.0 0.0
1009.0449859833212 0.0 0.0 0.0 1.0 0.0 0.0 3.0 0.0
1010.0048204333056 0.0 0.0 0.0 1.0 0.0 0.0 3.0 0.0
1011.0428632610233 0.0 0.0 0.0 1.0 0.0 0.0 3.0 0.0
1012.0037094410899 0.0 0.0 0.0 1.0 0.0 0.0 3.0 0.0
1013.0082938910947 0.0 0.0 0.0 1.0 0.0 0.0 3.0 0.0
1014.0122795698513 0.0 0.0 0.0 1.0 0.0 0.0 3.0 0.0
1015.0219263520273 0.0 0.0 0.0 1.0 0.0 0.0 3.0 0.0
1016.0207021710011 0.0 0.0 0.0 1.0 0.0 0.0 3.0 0.0
1017.0449859833212 0.0 0.0 0.0 1.0 0.0 0.0 3.0 0.0
1018.0092289993362 0.0 0.0 0.0 1.0 0.0 0.0 3.0 0.0
1019.0449859833212 0.0 0.0 0.0 1.0 0.0 0.0 3.0 0.0
1020.0230519114809 0.0 0.0 0.0 1.0 0.0 0.0 3.0 0.0
1021.0449859833212 0.0 0.0 0.0 1.0 0.0 0.0 3.0 0.0
1022.0449859833212 0.0 0.0 0.0 1.0 0.0 0.0 3.0 0.0
1023.0449859833212 0.0 0.0 0.0 1.0 0.0 0.0 3.0 0.0
1024.044985983321 0.0 0.0 0.0 1.0 0.0 0.0 3.0 0.0
1025.0001103663787 0.0 0.0 0.0 1.0 0.0 0.0 3.0 0.0
1026.0063686971287 0.0 0.0 0.0 1.0 0.0 0.0 3.0 0.0
1027.044985983321 0.0 0.0 0.0 1.0 0.0 0.0 3.0 0.0
1028.0244446010781 0.0 0.0 0.0 1.0 0.0 0.0 3.0 0.0
1029.0016089523372 0.0 0.0 0.0 1.0 0.0 0.0 3.0 0.0
1030.044985983321 0.0 0.0 0.0 1.0 0.0 0.0 3.0 0.0
1031.0048899792741 0.0 0.0 0.0 1.0 0.0 0.0 3.0 0.0
1032.0115720279464 0.0 0.0 0.0 1.0 0.0 0.0 3.0 0.0
1033.0079430403598 0.0 0.0 0.0 1.0 0.0 0.0 3.0 0.0
1034.0069419924127 0.0 0.0 0.0 1.0 0.0 0.0 3.0 0.0
1035.0084705929792 0.0 0.0 0.0 1.0 0.0 0.0 3.0 0.0
1036.0438571342197 0.0 0.0 0.0 1.0 0.0 0.0 3.0 0.0
1037.0183883138916 0.0 0.0 0.0 1.0 0.0 0.0 3.0 0.0
1038.044985983321 0.0 0.0 0.0 1.0 0.0 0.0 3.0 0.0
1039.044985983321 0.0 0.0 0.0 1.0 0.0 0.0 3.0 0.0
1040.044985983321 0.0 0.0 0.0 1.0 0.0 0.0 3.0 0.0
1041.0376305969112 0.0 0.0 0.0 1.0 0.0 0.0 3.0 0.0
1042.0102710644564 0.0 0.0 0.0 1.0 0.0 0.0 3.0 0.0
1043.0263053936144 0.0 0.0 0.0 1.0 0.0 0.0 3.0 0.0
1044.0079045444509 0.0 0.0 0.0 1.0 0.0 0.0 3.0 0.0
1045.0218062631316 0.0 0.0 0.0 1.0 0.0 0.0 3.0 0.0
1046.0307150163258 0.0 0.0 0.0 1.0 0.0 0.0 3.0 0.0
1047.0016247421281 0.0 0.0 0.0 1.0 0.0 0.0 3.0 0.0
1048.0246124508149 0.0 0.0 0.0 1.0 0.0 0.0 3.0 0.0
1049.044985983321 0.0 0.0 0.0 1.0 0.0 0.0 3.0 0.0
1050.031761075458 0.0 0.0 0.0 1.0 0.0 0.0 3.0 0.0
1051.044985983321 0.0 0.0 0.0 1.0 0.0 0.0 3.0 0.0
1052.0255695554938 0.0 0.0 0.0 1.0 0.0 0.0 3.0 0.0
1053.0066267151271 0.0 0.0 0.0 1.0 0.0 0.0 3.0 0.0
1054.0130057860547 0.0 0.0 0.0 1.0 0.0 0.0 3.0 0.0
1055.0106013749996 0.0 0.0 0.0 1.0 0.0 0.0 3.0 0.0
1056.044985983321 0.0 0.0 0.0 1.0 0.0 0.0 3.0 0.0
1057.0428060181741 0.0 0.0 0.0 1.0 0.0 0.0 3.0 0.0
1058.044985983321 0.0 0.0 0.0 1.0 0.0 0.0 3.0 0.0
1059.005468554016 0.0 0.0 0.0 1.0 0.0 0.0 3.0 0.0
1060.006771229114 0.0 0.0 0.0 1.0 0.0 0.0 3.0 0.0
1061.044985983321 0.0 0.0 0.0 1.0 0.0 0.0 3.0 0.0
1062.0103178132972 0.0 0.0 0.0 1.0 0.0 0.0 3.0 0.0
1063.011780040048 0.0 0.0 0.0 1.0 0.0 0.0 3.0 0.0
1064.009921111019 0.0 0.0 0.0 1.0 0.0 0.0 3.0 0.0
1065.0341206040746 0.0 0.0 0.0 1.0 0.0 0.0 3.0 0.0
1066.0317812493959 0.0 0.0 0.0 1.0 0.0 0.0 3.0 0.0
1067.044985983321 0.0 0.0 0.0 1.0 0.0 0.0 3.0 0.0
1068.0130648405977 0.0 0.0 0.0 1.0 0.0 0.0 3.0 0.0
1069.0241516863707 0.0 0.0 0.0 1.0 0.0 0.0 3.0 0.0
1070.021769680541 0.0 0.0 0.0 1.0 0.0 0.0 3.0 0.0
1071.0440084294503 0.0 0.0 0.0 1.0 0.0 0.0 3.0 0.0
1072.044985983321 0.0 0.0 0.0 1.0 0.0 0.0 3.0 0.0
1073.0384384708982 0.0 0.0 0.0 1.0 0.0 0.0 3.0 0.0
1074.0112815958132 0.0 0.0 0.0 1.0 0.0 0.0 3.0 0.0
1075.0073699455904 0.0 0.0 0.0 1.0 0.0 0.0 3.0 0.0
1076.0094356470656 0.0 0.0 0.0 1.0 0.0 0.0 3.0 0.0
1077.044985983321 0.0 0.0 0.0 1.0 0.0 0.0 3.0 0.0
1078.0116334692048 0.0 0.0 0.0 1.0 0.0 0.0 3.0 0.0
1079.0142797153355 0.0 0.0 0.0 1.0 0.0 0.0 3.0 0.0
1080.0322328422606 0.0 0.0 0.0 1.0 0.0 0.0 3.0 0.0
1081.044985983321 0.0 0.0 0.0 1.0 0.0 0.0 3.0 0.0
1082.0293415156898 0.0 0.0 0.0 1.0 0.0 0.0 3.0 0.0
1083.0022539471347 0.0 0.0 0.0 1.0 0.0 0.0 3.0 0.0
1084.0220963758366 0.0 0.0 0.0 1.0 0.0 0.0 3.0 0.0
1085.0212569604214 0.0 0.0 0.0 1.0 0.0 0.0 3.0 0.0
1086.044985983321 0.0 0.0 0.0 1.0 0.0 0.0 3.0 0.0
1087.0117975421424 0.0 0.0 0.0 1.0 0.0 0.0 3.0 0.0
1088.0080147748736 0.0 0.0 0.0 1.0 0.0 0.0 3.0 0.0
1089.0199931438922 0.0 0.0 0.0 1.0 0.0 0.0 3.0 0.0
1090.044985983321 0.0 0.0 0.0 1.0 0.0 0.0 3.0 0.0
1091.0412194312062 0.0 0.0 0.0 1.0 0.0 0.0 3.0 0.0
1092.0268572806553 0.0 0.0 0.0 1.0 0.0 0.0 3.0 0.0
1093.002466179348 0.0 0.0 0.0 1.0 0.0 0.0 3.0 0.0
1094.044985983321 0.0 0.0 0.0 1.0 0.0 0.0 3.0 0.0
1095.0172465397775 0.0 0.0 0.0 1.0 0.0 0.0 3.0 0.0
1096.044985983321 0.0 0.0 0.0 1.0 0.0 0.0 3.0 0.0
1097.0115440730158 0.0 0.0 0.0 1.0 0.0 0.0 3.0 0.0
1098.044985983321 0.0 0.0 0.0 1.0 0.0 0.0 3.0 0.0
1099.007186074285 0.0 0.0 0.0 1.0 0.0 0.0 3.0 0.0
1100.0 0.0 0.0 0.0 1.0 0.0 1.0 3.0 0.0
1101.012564160957 0.7 0.0 0.0 0.3 0.0 1.0 3.0 0.4097560975609756
1102.0009313992487 0.875 0.0 0.0 0.125 0.0 1.0 3.475 0.21341463414634146
1103.044985983321 0.95 0.0 0.0 0.04999999999999999 0.0 1.0 4.275 0.09268292682926829
1104.0414132840822 0.975 0.0 0.0 0.024999999999999994 0.0 1.0 4.875 0.0475609756097561
1105.0120814865993 1.0 0.0 0.0 0.0 0.0 1.0 4.95 0.0
1106.044985983321 1.0 0.0 0.0 0.0 0.0 1.0 5.0 0.0
1107.0279159168963 1.0 0.0 0.0 0.0 0.0 1.0 5.0 0.0
1108.044985983321 1.0 0.0 0.0 0.0 0.0 1.0 5.0 0.0
1109.0333517072386 1.0 0.0 0.0 0.0 0.0 1.0 5.0 0.0
1110.0238867633486 1.0 0.0 0.0 0.0 0.0 1.0 5.0 0.0
1111.0002558786523 1.0 0.0 0.0 0.0 0.0 1.0 5.0 0.0
1112.0010687311394 1.0 0.0 0.0 0.0 0.0 1.0 5.0 0.0
1113.0013952094191 1.0 0.0 0.0 0.0 0.0 1.0 5.0 0.0
1114.0088557452177 1.0 0.0 0.0 0.0 0.0 1.0 5.0 0.0
1115.019013958699 1.0 0.0 0.0 0.0 0.0 1.0 5.0 0.0
1116.0412085279957 1.0 0.0 0.0 0.0 0.0 1.0 5.0 0.0
1117.002401080291 1.0 0.0 0.0 0.0 0.0 1.0 5.0 0.0
1118.0079977298506 1.0 0.0 0.0 0.0 0.0 1.0 5.0 0.0
1119.044985983321 1.0 0.0 0.0 0.0 0.0 1.0 5.0 0.0
1120.044985983321 1.0 0.0 0.0 0.0 0.0 1.0 5.0 0.0
1121.044985983321 1.0 0.0 0.0 0.0 0.0 1.0 5.0 0.0
1122.0267152169185 1.0 0.0 0.0 0.0 0.0 1.0 5.0 0.0
1123.0064019965002 1.0 0.0 0.0 0.0 0.0 1.0 5.0 0.0
1124.032080871491 1.0 0.0 0.0 0.0 0.0 1.0 5.0 0.0
1125.012262612194 1.0 0.0 0.0 0.0 0.0 1.0 5.0 0.0
1126.0426766318064 1.0 0.0 0.0 0.0 0.0 1.0 5.0 0.0
1127.0405742931205 1.0 0.0 0.0 0.0 0.0 1.0 5.0 0.0
1128.0025979025863 1.0 0.0 0.0 0.0 0.0 1.0 5.0 0.0
1129.044985983321 1.0 0.0 0.0 0.0 0.0 1.0 5.0 0.0
1130.0265419358466 1.0 0.0 0.0 0.0 0.0 1.0 5.0 0.0
1131.0012849487025 1.0 0.0 0.0 0.0 0.0 1.0 5.0 0.0
1132.0357092744 1.0 0.0 0.0 0.0 0.0 1.0 5.0 0.0
1133.0152160543034 1.0 0.0 0.0 0.0 0.0 1.0 5.0 0.0
1134.004440715602 1.0 0.0 0.0 0.0 0.0 1.0 5.0 0.0
1135.0086724512619 1.0 0.0 0.0 0.0 0.0 1.0 5.0 0.0
1136.044985983321 1.0 0.0 0.0 0.0 0.0 1.0 5.0 0.0
1137.0126132649375 1.0 0.0 0.0 0.0 0.0 1.0 5.0 0.0
1138.0036053626688 1.0 0.0 0.0 0.0 0.0 1.0 5.0 0.0
1139.0008995224184 1.0 0.0 0.0 0.0 0.0 1.0 5.0 0.0
1140.0426874644013 1.0 0.0 0.0 0.0 0.0 1.0 5.0 0.0
1141.044985983321 1.0 0.0 0.0 0.0 0.0 1.0 5.0 0.0
1142.044985983321 1.0 0.0 0.0 0.0 0.0 1.0 5.0 0.0
1143.044985983321 1.0 0.0 0.0 0.0 0.0 1.0 5.0 0.0
1144.0018088498878 1.0 0.0 0.0 0.0 0.0 1.0 5.0 0.0
1145.0396842905286 1.0 0.0 0.0 0.0 0.0 1.0 5.0 0.0
1146.0022645518502 1.0 0.0 0.0 0.0 0.0 1.0 5.0 0.0
1147.0239098176662 1.0 0.0 0.0 0.0 0.0 1.0 5.0 0.0
1148.0012401278075 1.0 0.0 0.0 0.0 0.0 1.0 5.0 0.0
1149.032432277615 1.0 0.0 0.0 0.0 0.0 1.0 5.0 0.0
1150.017744333665 1.0 0.0 0.0 0.0 0.0 1.0 5.0 0.0
1151.044985983321 1.0 0.0 0.0 0.0 0.0 1.0 5.0 0.0
1152.0053692447218 1.0 0.0 0.0 0.0 0.0 1.0 5.0 0.0
1153.044985983321 1.0 0.0 0.0 0.0 0.0 1.0 5.0 0.0
1154.0132691080476 1.0 0.0 0.0 0.0 0.0 1.0 5.0 0.0
1155.0266729509437 1.0 0.0 0.0 0.0 0.0 1.0 5.0 0.0
1156.0097035548333 1.0 0.0 0.0 0.0 0.0 1.0 5.0 0.0
1157.044985983321 1.0 0.0 0.0 0.0 0.0 1.0 5.0 0.0
1158.012498725573 1.0 0.0 0.0 0.0 0.0 1.0 5.0 0.0
1159.044985983321 1.0 0.0 0.0 0.0 0.0 1.0 5.0 0.0
1160.015601955796 1.0 0.0 0.0 0.0 0.0 1.0 5.0 0.0
1161.0004770189419 1.0 0.0 0.0 0.0 0.0 1.0 5.0 0.0
1162.044985983321 1.0 0.0 0.0 0.0 0.0 1.0 5.0 0.0
1163.0317138248179 1.0 0.0 0.0 0.0 0.0 1.0 5.0 0.0
1164.044985983321 1.0 0.0 0.0 0.0 0.0 1.0 5.0 0.0
1165.0154255471 1.0 0.0 0.0 0.0 0.0 1.0 5.0 0.0
1166.044985983321 1.0 0.0 0.0 0.0 0.0 1.0 5.0 0.0
1167.0141330797287 1.0 0.0 0.0 0.0 0.0 1.0 5.0 0.0
1168.0326255113202 1.0 0.0 0.0 0.0 0.0 1.0 5.0 0.0
1169.044985983321 1.0 0.0 0.0 0.0 0.0 1.0 5.0 0.0
1170.044985983321 1.0 0.0 0.0 0.0 0.0 1.0 5.0 0.0
1171.036982521702 1.0 0.0 0.0 0.0 0.0 1.0 5.0 0.0
1172.044985983321 1.0 0.0 0.0 0.0 0.0 1.0 5.0 0.0
1173.044985983321 1.0 0.0 0.0 0.0 0.0 1.0 5.0 0.0
1174.0419093568653 1.0 0.0 0.0 0.0 0.0 1.0 5.0 0.0
1175.0094562289125 1.0 0.0 0.0 0.0 0.0 1.0 5.0 0.0
1176.044985983321 1.0 0.0 0.0 0.0 0.0 1.0 5.0 0.0
1177.0311078303612 1.0 0.0 0.0 0.0 0.0 1.0 5.0 0.0
1178.0094231376002 1.0 0.0 0.0 0.0 0.0 1.0 5.0 0.0
1179.0176795242437 1.0 0.0 0.0 0.0 0.0 1.0 5.0 0.0
1180.0151027845443 1.0 0.0 0.0 0.0 0.0 1.0 5.0 0.0
1181.0098621915267 1.0 0.0 0.0 0.0 0.0 1.0 5.0 0.0
1182.0052915251902 1.0 0.0 0.0 0.0 0.0 1.0 5.0 0.0
1183.0050998501695 1.0 0.0 0.0 0.0 0.0 1.0 5.0 0.0
1184.027250205674 1.0 0.0 0.0 0.0 0.0 1.0 5.0 0.0
1185.0120098544564 1.0 0.0 0.0 0.0 0.0 1.0 5.0 0.0
1186.0060736509333 1.0 0.0 0.0 0.0 0.0 1.0 5.0 0.0
1187.0297319682627 1.0 0.0 0.0 0.0 0.0 1.0 5.0 0.0
1188.0047846066932 1.0 0.0 0.0 0.0 0.0 1.0 5.0 0.0
1189.0294113641933 1.0 0.0 0.0 0.0 0.0 1.0 5.0 0.0
1190.0342478312655 1.0 0.0 0.0 0.0 0.0 1.0 5.0 0.0
1191.044985983321 1.0 0.0 0.0 0.0 0.0 1.0 5.0 0.0
1192.0246678306119 1.0 0.0 0.0 0.0 0.0 1.0 5.0 0.0
1193.044985983321 1.0 0.0 0.0 0.0 0.0 1.0 5.0 0.0
1194.0002508717569 1.0 0.0 0.0 0.0 0.0 1.0 5.0 0.0
1195.0171796000557 1.0 0.0 0.0 0.0 0.0 1.0 5.0 0.0
1196.0207706145727 1.0 0.0 0.0 0.0 0.0 1.0 5.0 0.0
1197.044985983321 1.0 0.0 0.0 0.0 0.0 1.0 5.0 0.0
1198.0278214867367 1.0 0.0 0.0 0.0 0.0 1.0 5.0 0.0
1199.0355881833357 1.0 0.0 0.0 0.0 0.0 1.0 5.0 0.0
1200.0 1.0 0.0 0.0 0.0 0.0 1.0 5.0 0.0
1201.0 0.75 0.0 0.25 0.0 0.0 1.0 5.0 0.36585365853658536
1202.0 0.29999999999999993 0.0 0.7 0.0 0.0 1.0 4.625 0.4097560975609756
1203.0 0.0 0.0 1.0 0.0 0.0 1.0 5.05 0.0
1204.0 0.0 0.0 1.0 0.0 0.0 1.0 5.825 0.0
1205.0 0.0 0.0 1.0 0.0 0.0 1.0 5.95 0.0
1206.0 0.0 0.0 1.0 0.0 0.0 1.0 6.0 0.0
1207.0 0.0 0.0 1.0 0.0 0.0 1.0 6.0 0.0
1208.0 0.0 0.0 1.0 0.0 0.0 1.0 6.0 0.0
1209.0 0.0 0.0 1.0 0.0 0.0 1.0 6.0 0.0
1210.0 0.0 0.0 1.0 0.0 0.0 1.0 6.0 0.0
1211.0 0.0 0.0 1.0 0.0 0.0 1.0 6.0 0.0
1212.0 0.0 0.0 1.0 0.0 0.0 1.0 6.0 0.0
1213.0 0.0 0.0 1.0 0.0 0.0 1.0 6.0 0.0
1214.0 0.0 0.0 1.0 0.0 0.0 1.0 6.0 0.0
1215.0 0.0 0.0 1.0 0.0 0.0 1.0 6.0 0.0
1216.0 0.0 0.0 1.0 0.0 0.0 1.0 6.0 0.0
1217.0 0.0 0.0 1.0 0.0 0.0 1.0 6.0 0.0
1218.0 0.0 0.0 1.0 0.0 0.0 1.0 6.0 0.0
1219.0 0.0 0.0 1.0 0.0 0.0 1.0 6.0 0.0
1220.0 0.0 0.0 1.0 0.0 0.0 1.0 6.0 0.0
1221.0 0.0 0.0 1.0 0.0 0.0 1.0 6.0 0.0
1222.0 0.0 0.0 1.0 0.0 0.0 1.0 6.0 0.0
1223.0 0.0 0.0 1.0 0.0 0.0 1.0 6.0 0.0
1224.0 0.0 0.0 1.0 0.0 0.0 1.0 6.0 0.0
1225.0 0.0 0.0 1.0 0.0 0.0 1.0 6.0 0.0
1226.0 0.0 0.0 1.0 0.0 0.0 1.0 6.0 0.0
1227.0 0.0 0.0 1.0 0.0 0.0 1.0 6.0 0.0
1228.0 0.0 0.0 1.0 0.0 0.0 1.0 6.0 0.0
1229.0 0.0 0.0 1.0 0.0 0.0 1.0 6.0 0.0
1230.0 0.0 0.0 1.0 0.0 0.0 1.0 6.0 0.0
1231.0 0.0 0.0 1.0 0.0 0.0 1.0 6.0 0.0
1232.0 0.0 0.0 1.0 0.0 0.0 1.0 6.0 0.0
1233.0 0.0 0.0 1.0 0.0 0.0 1.0 6.0 0.0
1234.0 0.0 0.0 1.0 0.0 0.0 1.0 6.0 0.0
1235.0 0.0 0.0 1.0 0.0 0.0 1.0 6.0 0.0
1236.0 0.0 0.0 1.0 0.0 0.0 1.0 6.0 0.0
1237.0 0.0 0.0 1.0 0.0 0.0 1.0 6.0 0.0
1238.0 0.0 0.0 1.0 0.0 0.0 1.0 6.0 0.0
1239.0 0.0 0.0 1.0 0.0 0.0 1.0 6.0 0.0
1240.0 0.0 0.0 1.0 0.0 0.0 1.0 6.0 0.0
1241.0 0.0 0.0 1.0 0.0 0.0 1.0 6.0 0.0
1242.0 0.0 0.0 1.0 0.0 0.0 1.0 6.0 0.0
1243.0 0.0 0.0 1.0 0.0 0.0 1.0 6.0 0.0
1244.0 0.0 0.0 1.0 0.0 0.0 1.0 6.0 0.0
1245.0 0.0 0.0 1.0 0.0 0.0 1.0 6.0 0.0
1246.0 0.0 0.0 1.0 0.0 0.0 1.0 6.0 0.0
1247.0 0.0 0.0 1.0 0.0 0.0 1.0 6.0 0.0
1248.0 0.0 0.0 1.0 0.0 0.0 1.0 6.0 0.0
1249.0 0.0 0.0 1.0 0.0 0.0 1.0 6.0 0.0
1250.0 0.0 0.0 1.0 0.0 0.0 1.0 6.0 0.0
1251.0 0.0 0.0 1.0 0.0 0.0 1.0 6.0 0.0
1252.0 0.0 0.0 1.0 0.0 0.0 1.0 6.0 0.0
1253.0 0.0 0.0 1.0 0.0 0.0 1.0 6.0 0.0
1254.0 0.0 0.0 1.0 0.0 0.0 1.0 6.0 0.0
1255.0 0.0 0.0 1.0 0.0 0.0 1.0 6.0 0.0
1256.0 0.0 0.0 1.0 0.0 0.0 1.0 6.0 0.0
1257.0 0.0 0.0 1.0 0.0 0.0 1.0 6.0 0.0
1258.0 0.0 0.0 1.0 0.0 0.0 1.0 6.0 0.0
1259.0 0.0 0.0 1.0 0.0 0.0 1.0 6.0 0.0
1260.0 0.0 0.0 1.0 0.0 0.0 1.0 6.0 0.0
1261.0 0.0 0.0 1.0 0.0 0.0 1.0 6.0 0.0
1262.0 0.0 0.0 1.0 0.0 0.0 1.0 6.0 0.0
1263.0 0.0 0.0 1.0 0.0 0.0 1.0 6.0 0.0
1264.0 0.0 0.0 1.0 0.0 0.0 1.0 6.0 0.0
1265.0 0.0 0.0 1.0 0.0 0.0 1.0 6.0 0.0
1266.0 0.0 0.0 1.0 0.0 0.0 1.0 6.0 0.0
1267.0 0.0 0.0 1.0 0.0 0.0 1.0 6.0 0.0
1268.0 0.0 0.0 1.0 0.0 0.0 1.0 6.0 0.0
1269.0 0.0 0.0 1.0 0.0 0.0 1.0 6.0 0.0
1270.0 0.0 0.0 1.0 0.0 0.0 1.0 6.0 0.0
1271.0 0.0 0.0 1.0 0.0 0.0 1.0 6.0 0.0
1272.0 0.0 0.0 1.0 0.0 0.0 1.0 6.0 0.0
1273.0 0.0 0.0 1.0 0.0 0.0 1.0 6.0 0.0
1274.0 0.0 0.0 1.0 0.0 0.0 1.0 6.0 0.0
1275.0 0.0 0.0 1.0 0.0 0.0 1.0 6.0 0.0
1276.0 0.0 0.0 1.0 0.0 0.0 1.0 6.0 0.0
1277.0 0.0 0.0 1.0 0.0 0.0 1.0 6.0 0.0
1278.0 0.0 0.0 1.0 0.0 0.0 1.0 6.0 0.0
1279.0 0.0 0.0 1.0 0.0 0.0 1.0 6.0 0.0
1280.0 0.0 0.0 1.0 0.0 0.0 1.0 6.0 0.0
1281.0 0.0 0.0 1.0 0.0 0.0 1.0 6.0 0.0
1282.0 0.0 0.0 1.0 0.0 0.0 1.0 6.0 0.0
1283.0 0.0 0.0 1.0 0.0 0.0 1.0 6.0 0.0
1284.0 0.0 0.0 1.0 0.0 0.0 1.0 6.0 0.0
1285.0 0.0 0.0 1.0 0.0 0.0 1.0 6.0 0.0
1286.0 0.0 0.0 0.25 0.75 0.0 0.0 6.0 0.36585365853658536
1287.0402887872046 0.0 0.0 0.024999999999999994 0.975 0.0 0.0 6.6 0.0475609756097561
1288.000536837691 0.0 0.0 0.024999999999999994 0.975 0.0 0.0 7.55 0.0475609756097561
1289.044985983321 0.0 0.0 0.0 1.0 0.0 0.0 7.9 0.0
1290.0195508176712 0.0 0.0 0.0 1.0 0.0 0.0 8.0 0.0
1291.038206533843 0.0 0.0 0.0 1.0 0.0 0.0 8.0 0.0
1292.0093079599133 0.0 0.0 0.0 1.0 0.0 0.0 8.0 0.0
1293.025143429388 0.0 0.0 0.0 1.0 0.0 0.0 8.0 0.0
1294.0188530509458 0.0 0.0 0.0 1.0 0.0 0.0 8.0 0.0
1295.0048588177287 0.0 0.0 0.0 1.0 0.0 0.0 8.0 0.0
1296.0031553417039 0.0 0.0 0.0 1.0 0.0 0.0 8.0 0.0
1297.0123334484522 0.0 0.0 0.0 1.0 0.0 0.0 8.0 0.0
1298.044985983321 0.0 0.0 0.0 1.0 0.0 0.0 8.0 0.0
1299.0115930951772 0.0 0.0 0.0 1.0 0.0 0.0 8.0 0.0
1300.013320334732 0.0 0.0 0.0 1.0 0.0 0.0 8.0 0.0
1301.0310813523154 0.0 0.0 0.0 1.0 0.0 0.0 8.0 0.0
1302.044985983321 0.0 0.0 0.0 1.0 0.0 0.0 8.0 0.0
1303.0203388164352 0.0 0.0 0.0 1.0 0.0 0.0 8.0 0.0
1304.0255912943112 0.0 0.0 0.0 1.0 0.0 0.0 8.0 0.0
1305.0228464295453 0.0 0.0 0.0 1.0 0.0 0.0 8.0 0.0
1306.010632299643 0.0 0.0 0.0 1.0 0.0 0.0 8.0 0.0
1307.0095280249743 0.0 0.0 0.0 1.0 0.0 0.0 8.0 0.0
1308.0197517722916 0.0 0.0 0.0 1.0 0.0 0.0 8.0 0.0
1309.0078434642044 0.0 0.0 0.0 1.0 0.0 0.0 8.0 0.0
1310.000607943504 0.0 0.0 0.0 1.0 0.0 0.0 8.0 0.0
1311.044985983321 0.0 0.0 0.0 1.0 0.0 0.0 8.0 0.0
1312.044985983321 0.0 0.0 0.0 1.0 0.0 0.0 8.0 0.0
1313.044985983321 0.0 0.0 0.0 1.0 0.0 0.0 8.0 0.0
1314.0043523983795 0.0 0.0 0.0 1.0 0.0 0.0 8.0 0.0
1315.011515284786 0.0 0.0 0.0 1.0 0.0 0.0 8.0 0.0
1316.0017065019608 0.0 0.0 0.0 1.0 0.0 0.0 8.0 0.0
1317.0317310380908 0.0 0.0 0.0 1.0 0.0 0.0 8.0 0.0
1318.0125227747476 0.0 0.0 0.0 1.0 0.0 0.0 8.0 0.0
1319.0330113625344 0.0 0.0 0.0 1.0 0.0 0.0 8.0 0.0
1320.0224592279435 0.0 0.0 0.0 1.0 0.0 0.0 8.0 0.0
1321.0280793646966 0.0 0.0 0.0 1.0 0.0 0.0 8.0 0.0
1322.0409979367146 0.0 0.0 0.0 1.0 0.0 0.0 8.0 0.0
1323.044985983321 0.0 0.0 0.0 1.0 0.0 0.0 8.0 0.0
1324.0099825263899 0.0 0.0 0.0 1.0 0.0 0.0 8.0 0.0
1325.0021143796478 0.0 0.0 0.0 1.0 0.0 0.0 8.0 0.0
1326.001902501538 0.0 0.0 0.0 1.0 0.0 0.0 8.0 0.0
1327.044985983321 0.0 0.0 0.0 1.0 0.0 0.0 8.0 0.0
1328.003454793411 0.0 0.0 0.0 1.0 0.0 0.0 8.0 0.0
1329.0008337966638 0.0 0.0 0.0 1.0 0.0 0.0 8.0 0.0
1330.014130877087 0.0 0.0 0.0 1.0 0.0 0.0 8.0 0.0
1331.00184324553 0.0 0.0 0.0 1.0 0.0 0.0 8.0 0.0
1332.044985983321 0.0 0.0 0.0 1.0 0.0 0.0 8.0 0.0
1333.0224633432586 0.0 0.0 0.0 1.0 0.0 0.0 8.0 0.0
1334.044985983321 0.0 0.0 0.0 1.0 0.0 0.0 8.0 0.0
1335.0043650972134 0.0 0.0 0.0 1.0 0.0 0.0 8.0 0.0
1336.0326096050721 0.0 0.0 0.0 1.0 0.0 0.0 8.0 0.0
1337.044985983321 0.0 0.0 0.0 1.0 0.0 0.0 8.0 0.0
1338.0013337847713 0.0 0.0 0.0 1.0 0.0 0.0 8.0 0.0
1339.020465690324 0.0 0.0 0.0 1.0 0.0 0.0 8.0 0.0
1340.0025546314764 0.0 0.0 0.0 1.0 0.0 0.0 8.0 0.0
1341.044985983321 0.0 0.0 0.0 1.0 0.0 0.0 8.0 0.0
1342.0072871441225 0.0 0.0 0.0 1.0 0.0 0.0 8.0 0.0
1343.0334292535183 0.0 0.0 0.0 1.0 0.0 0.0 8.0 0.0
1344.0191645346927 0.0 0.0 0.0 1.0 0.0 0.0 8.0 0.0
1345.044985983321 0.0 0.0 0.0 1.0 0.0 0.0 8.0 0.0
1346.044985983321 0.0 0.0 0.0 1.0 0.0 0.0 8.0 0.0
1347.0097112883118 0.0 0.0 0.0 1.0 0.0 0.0 8.0 0.0
1348.044985983321 0.0 0.0 0.0 1.0 0.0 0.0 8.0 0.0
1349.0085063887186 0.0 0.0 0.0 1.0 0.0 0.0 8.0 0.0
1350.0064361236366 0.0 0.0 0.0 1.0 0.0 0.0 8.0 0.0
1351.0168132972942 0.0 0.0 0.0 1.0 0.0 0.0 8.0 0.0
1352.044985983321 0.0 0.0 0.0 1.0 0.0 0.0 8.0 0.0
1353.0381382044138 0.0 0.0 0.0 1.0 0.0 0.0 8.0 0.0
1354.044985983321 0.0 0.0 0.0 1.0 0.0 0.0 8.0 0.0
1355.012837994777 0.0 0.0 0.0 1.0 0.0 0.0 8.0 0.0
1356.0011480319638 0.0 0.0 0.0 1.0 0.0 0.0 8.0 0.0
1357.044985983321 0.0 0.0 0.0 1.0 0.0 0.0 8.0 0.0
1358.0307617345757 0.0 0.0 0.0 1.0 0.0 0.0 8.0 0.0
1359.0310165028493 0.0 0.0 0.0 1.0 0.0 0.0 8.0 0.0
1360.0153238620092 0.0 0.0 0.0 1.0 0.0 0.0 8.0 0.0
1361.015092995604 0.0 0.0 0.0 1.0 0.0 0.0 8.0 0.0
1362.0080178516412 0.0 0.0 0.0 1.0 0.0 0.0 8.0 0.0
1363.0049252088022 0.0 0.0 0.0 1.0 0.0 0.0 8.0 0.0
1364.044985983321 0.0 0.0 0.0 1.0 0.0 0.0 8.0 0.0
1365.044985983321 0.0 0.0 0.0 1.0 0.0 0.0 8.0 0.0
1366.0225818207846 0.0 0.0 0.0 1.0 0.0 0.0 8.0 0.0
1367.009430158705 0.0 0.0 0.0 1.0 0.0 0.0 8.0 0.0
1368.0263855143291 0.0 0.0 0.0 1.0 0.0 0.0 8.0 0.0
1369.0272789041649 0.0 0.0 0.0 1.0 0.0 0.0 8.0 0.0
1370.044985983321 0.0 0.0 0.0 1.0 0.0 0.0 8.0 0.0
1371.018702040167 0.0 0.0 0.0 1.0 0.0 0.0 8.0 0.0
1372.018966613349 0.0 0.0 0.0 1.0 0.0 0.0 8.0 0.0
1373.0013311642995 0.0 0.0 0.0 1.0 0.0 0.0 8.0 0.0
1374.027013153773 0.0 0.0 0.0 1.0 0.0 0.0 8.0 0.0
1375.0019421286697 0.0 0.0 0.0 1.0 0.0 0.0 8.0 0.0
1376.044985983321 0.0 0.0 0.0 1.0 0.0 0.0 8.0 0.0
1377.0031271606908 0.0 0.0 0.0 1.0 0.0 0.0 8.0 0.0
1378.0094655652929 0.0 0.0 0.0 1.0 0.0 0.0 8.0 0.0
1379.01749780875 0.0 0.0 0.0 1.0 0.0 0.0 8.0 0.0
1380.044985983321 0.0 0.0 0.0 1.0 0.0 0.0 8.0 0.0
1381.0261415977648 0.0 0.0 0.0 1.0 0.0 0.0 8.0 0.0
1382.044985983321 0.0 0.0 0.0 1.0 0.0 0.0 8.0 0.0
1383.0213352454011 0.0 0.0 0.0 1.0 0.0 0.0 8.0 0.0
1384.008664636379 0.0 0.0 0.0 1.0 0.0 0.0 8.0 0.0
1385.0333148760044 0.0 0.0 0.0 1.0 0.0 0.0 8.0 0.0
1386.006590865956 0.0 0.0 0.0 1.0 0.0 0.0 8.0 0.0
1387.003864299596 0.0 0.0 0.0 1.0 0.0 0.0 8.0 0.0
1388.018004625079 0.0 0.0 0.0 1.0 0.0 0.0 8.0 0.0
1389.0107522301505 0.0 0.0 0.0 1.0 0.0 0.0 8.0 0.0
1390.0077268120997 0.0 0.0 0.0 1.0 0.0 0.0 8.0 0.0
1391.0330612131736 0.0 0.0 0.0 1.0 0.0 0.0 8.0 0.0
1392.0016185350567 0.0 0.0 0.0 1.0 0.0 0.0 8.0 0.0
1393.044985983321 0.0 0.0 0.0 1.0 0.0 0.0 8.0 0.0
1394.0331031129822 0.0 0.0 0.0 1.0 0.0 0.0 8.0 0.0
1395.044985983321 0.0 0.0 0.0 1.0 0.0 0.0 8.0 0.0
1396.0013831389265 0.0 0.0 0.0 1.0 0.0 0.0 8.0 0.0
1397.044985983321 0.0 0.0 0.0 1.0 0.0 0.0 8.0 0.0
1398.044985983321 0.0 0.0 0.0 1.0 0.0 0.0 8.0 0.0
1399.0178976017853 0.0 0.0 0.0 1.0 0.0 0.0 8.0 0.0
1400.03980344711 0.0 0.0 0.0 1.0 0.0 0.0 8.0 0.0
1401.0290190243445 0.0 0.0 0.0 1.0 0.0 0.0 8.0 0.0
1402.044985983321 0.0 0.0 0.0 1.0 0.0 0.0 8.0 0.0
1403.0165527481404 0.0 0.0 0.0 1.0 0.0 0.0 8.0 0.0
1404.0146709261376 0.0 0.0 0.0 1.0 0.0 0.0 8.0 0.0
1405.044985983321 0.0 0.0 0.0 1.0 0.0 0.0 8.0 0.0
1406.0424328638198 0.0 0.0 0.0 1.0 0.0 0.0 8.0 0.0
1407.044985983321 0.0 0.0 0.0 1.0 0.0 0.0 8.0 0.0
1408.044985983321 0.0 0.0 0.0 1.0 0.0 0.0 8.0 0.0
1409.0421344931353 0.0 0.0 0.0 1.0 0.0 0.0 8.0 0.0
1410.044985983321 0.0 0.0 0.0 1.0 0.0 0.0 8.0 0.0
1411.0138758504932 0.0 0.0 0.0 1.0 0.0 0.0 8.0 0.0
1412.044985983321 0.0 0.0 0.0 1.0 0.0 0.0 8.0 0.0
1413.044985983321 0.0 0.0 0.0 1.0 0.0 0.0 8.0 0.0
1414.0129369081546 0.0 0.0 0.0 1.0 0.0 0.0 8.0 0.0
1415.004645104484 0.0 0.0 0.0 1.0 0.0 0.0 8.0 0.0
1416.0293178281192 0.0 0.0 0.0 1.0 0.0 0.0 8.0 0.0
1417.0001872957484 0.0 0.0 0.0 1.0 0.0 0.0 8.0 0.0
1418.0092716013803 0.0 0.0 0.0 1.0 0.0 0.0 8.0 0.0
1419.0182721766148 0.0 0.0 0.0 1.0 0.0 0.0 8.0 0.0
1420.0200700312566 0.0 0.0 0.0 1.0 0.0 0.0 8.0 0.0
1421.0156592042727 0.0 0.0 0.0 1.0 0.0 0.0 8.0 0.0
1422.0059315599265 0.0 0.0 0.0 1.0 0.0 0.0 8.0 0.0
1423.003335261639 0.0 0.0 0.0 1.0 0.0 0.0 8.0 0.0
1424.0119301845377 0.0 0.0 0.0 1.0 0.0 0.0 8.0 0.0
1425.008405905262 0.0 0.0 0.0 1.0 0.0 0.0 8.0 0.0
1426.0099595295649 0.0 0.0 0.0 1.0 0.0 0.0 8.0 0.0
1427.0012254930618 0.0 0.0 0.0 1.0 0.0 0.0 8.0 0.0
1428.01059874091 0.0 0.0 0.0 1.0 0.0 0.0 8.0 0.0
1429.044985983321 0.0 0.0 0.0 1.0 0.0 0.0 8.0 0.0
1430.018566467456 0.0 0.0 0.0 1.0 0.0 0.0 8.0 0.0
1431.0345710583604 0.0 0.0 0.0 1.0 0.0 0.0 8.0 0.0
1432.044985983321 0.0 0.0 0.0 1.0 0.0 0.0 8.0 0.0
1433.0392296527664 0.0 0.0 0.0 1.0 0.0 0.0 8.0 0.0
1434.0062219256542 0.0 0.0 0.0 1.0 0.0 0.0 8.0 0.0
1435.000696537564 0.0 0.0 0.0 1.0 0.0 0.0 8.0 0.0
1436.044985983321 0.0 0.0 0.0 1.0 0.0 0.0 8.0 0.0
1437.0295154325997 0.0 0.0 0.0 1.0 0.0 0.0 8.0 0.0
1438.044985983321 0.0 0.0 0.0 1.0 0.0 0.0 8.0 0.0
1439.044985983321 0.0 0.0 0.0 1.0 0.0 0.0 8.0 0.0
1440.0076582055417 0.0 0.0 0.0 1.0 0.0 0.0 8.0 0.0
1441.0200030049525 0.0 0.0 0.0 1.0 0.0 0.0 8.0 0.0
1442.0167622382166 0.0 0.0 0.0 1.0 0.0 0.0 8.0 0.0
1443.0045028324107 0.0 0.0 0.0 1.0 0.0 0.0 8.0 0.0
1444.0007806699111 0.0 0.0 0.0 1.0 0.0 0.0 8.0 0.0
1445.044985983321 0.0 0.0 0.0 1.0 0.0 0.0 8.0 0.0
1446.044985983321 0.0 0.0 0.0 1.0 0.0 0.0 8.0 0.0
1447.0268605876267 0.0 0.0 0.0 1.0 0.0 0.0 8.0 0.0
1448.0049163236188 0.0 0.0 0.0 1.0 0.0 0.0 8.0 0.0
1449.0183875086193 0.0 0.0 0.0 1.0 0.0 0.0 8.0 0.0
1450.0193362186437 0.0 0.0 0.0 1.0 0.0 0.0 8.0 0.0
1451.0071300924028 0.0 0.0 0.0 1.0 0.0 0.0 8.0 0.0
1452.022636015264 0.0 0.0 0.0 1.0 0.0 0.0 8.0 0.0
1453.0411626705625 0.0 0.0 0.0 1.0 0.0 0.0 8.0 0.0
1454.0040499626718 0.0 0.0 0.0 1.0 0.0 0.0 8.0 0.0
1455.0325986078285 0.0 0.0 0.0 1.0 0.0 0.0 8.0 0.0
1456.044985983321 0.0 0.0 0.0 1.0 0.0 0.0 8.0 0.0
1457.0032989095985 0.0 0.0 0.0 1.0 0.0 0.0 8.0 0.0
1458.044985983321 0.0 0.0 0.0 1.0 0.0 0.0 8.0 0.0
1459.0260807344303 0.0 0.0 0.0 1.0 0.0 0.0 8.0 0.0
1460.0115011493936 0.0 0.0 0.0 1.0 0.0 0.0 8.0 0.0
1461.0133254873983 0.0 0.0 0.0 1.0 0.0 0.0 8.0 0.0
1462.029168394106 0.0 0.0 0.0 1.0 0.0 0.0 8.0 0.0
1463.0037997613902 0.0 0.0 0.0 1.0 0.0 0.0 8.0 0.0
1464.0239301201782 0.0 0.0 0.0 1.0 0.0 0.0 8.0 0.0
1465.009855336099 0.0 0.0 0.0 1.0 0.0 0.0 8.0 0.0
1466.02256174384 0.0 0.0 0.0 1.0 0.0 0.0 8.0 0.0
1467.019221732162 0.0 0.0 0.0 1.0 0.0 0.0 8.0 0.0
1468.0012087896914 0.0 0.0 0.0 1.0 0.0 0.0 8.0 0.0
1469.044985983321 0.0 0.0 0.0 1.0 0.0 0.0 8.0 0.0
1470.0383206668175 0.0 0.0 0.0 1.0 0.0 0.0 8.0 0.0
1471.031518715831 0.0 0.0 0.0 1.0 0.0 0.0 8.0 0.0
1472.0185814786298 0.0 0.0 0.0 1.0 0.0 0.0 8.0 0.0
1473.0047807000035 0.0 0.0 0.0 1.0 0.0 0.0 8.0 0.0
1474.0205453308756 0.0 0.0 0.0 1.0 0.0 0.0 8.0 0.0
1475.0084501781291 0.0 0.0 0.0 1.0 0.0 0.0 8.0 0.0
1476.044985983321 0.0 0.0 0.0 1.0 0.0 0.0 8.0 0.0
1477.0154713852405 0.0 0.0 0.0 1.0 0.0 0.0 8.0 0.0
1478.0013579784688 0.0 0.0 0.0 1.0 0.0 0.0 8.0 0.0
1479.0190842805207 0.0 0.0 0.0 1.0 0.0 0.0 8.0 0.0
1480.0001341369311 0.0 0.0 0.0 1.0 0.0 0.0 8.0 0.0
1481.007632252438 0.0 0.0 0.0 1.0 0.0 0.0 8.0 0.0
1482.044985983321 0.0 0.0 0.0 1.0 0.0 0.0 8.0 0.0
1483.006851608859 0.0 0.0 0.0 1.0 0.0 0.0 8.0 0.0
1484.027022257774 0.0 0.0 0.0 1.0 0.0 0.0 8.0 0.0
1485.0054176976607 0.0 0.0 0.0 1.0 0.0 0.0 8.0 0.0
1486.0232918266877 0.0 0.0 0.0 1.0 0.0 0.0 8.0 0.0
1487.0037051353772 0.0 0.0 0.0 1.0 0.0 0.0 8.0 0.0
1488.044985983321 0.0 0.0 0.0 1.0 0.0 0.0 8.0 0.0
1489.0086352231847 0.0 0.0 0.0 1.0 0.0 0.0 8.0 0.0
1490.0156089429763 0.0 0.0 0.0 1.0 0.0 0.0 8.0 0.0
1491.0171579520252 0.0 0.0 0.0 1.0 0.0 0.0 8.0 0.0
1492.0440542778306 0.0 0.0 0.0 1.0 0.0 0.0 8.0 0.0
1493.0173801315298 0.0 0.0 0.0 1.0 0.0 0.0 8.0 0.0
1494.042339343213 0.0 0.0 0.0 1.0 0.0 0.0 8.0 0.0
1495.044985983321 0.0 0.0 0.0 1.0 0.0 0.0 8.0 0.0
1496.044985983321 0.0 0.0 0.0 1.0 0.0 0.0 8.0 0.0
1497.044985983321 0.0 0.0 0.0 1.0 0.0 0.0 8.0 0.0
1498.0130685037993 0.0 0.0 0.0 1.0 0.0 0.0 8.0 0.0
1499.044985983321 0.0 0.0 0.0 1.0 0.0 0.0 8.0 0.0
1500.0104212052697 0.0 0.0 0.0 1.0 0.0 0.0 8.0 0.0
1501.0087714063322 0.0 0.0 0.0 1.0 0.0 0.0 8.0 0.0
1502.044985983321 0.0 0.0 0.0 1.0 0.0 0.0 8.0 0.0
1503.044985983321 0.0 0.0 0.0 1.0 0.0 0.0 8.0 0.0
1504.0125825146326 0.0 0.0 0.0 1.0 0.0 0.0 8.0 0.0
1505.0049450692266 0.0 0.0 0.0 1.0 0.0 0.0 8.0 0.0
1506.044985983321 0.0 0.0 0.0 1.0 0.0 0.0 8.0 0.0
1507.001369348444 0.0 0.0 0.0 1.0 0.0 0.0 8.0 0.0
1508.001910503321 0.0 0.0 0.0 1.0 0.0 0.0 8.0 0.0
1509.0008846946905 0.0 0.0 0.0 1.0 0.0 0.0 8.0 0.0
1510.018656615909 0.0 0.0 0.0 1.0 0.0 0.0 8.0 0.0
1511.044985983321 0.0 0.0 0.0 1.0 0.0 0.0 8.0 0.0
1512.044985983321 0.0 0.0 0.0 1.0 0.0 0.0 8.0 0.0
1513.044985983321 0.0 0.0 0.0 1.0 0.0 0.0 8.0 0.0
1514.044985983321 0.0 0.0 0.0 1.0 0.0 0.0 8.0 0.0
1515.0252225723193 0.0 0.0 0.0 1.0 0.0 0.0 8.0 0.0
1516.0017535139061 0.0 0.0 0.0 1.0 0.0 0.0 8.0 0.0
1517.044985983321 0.0 0.0 0.0 1.0 0.0 0.0 8.0 0.0
1518.044985983321 0.0 0.0 0.0 1.0 0.0 0.0 8.0 0.0
1519.044985983321 0.0 0.0 0.0 1.0 0.0 0.0 8.0 0.0
1520.044985983321 0.0 0.0 0.0 1.0 0.0 0.0 8.0 0.0
1521.044985983321 0.0 0.0 0.0 1.0 0.0 0.0 8.0 0.0
1522.044985983321 0.0 0.0 0.0 1.0 0.0 0.0 8.0 0.0
1523.044985983321 0.0 0.0 0.0 1.0 0.0 0.0 8.0 0.0
1524.0163835165724 0.0 0.0 0.0 1.0 0.0 0.0 8.0 0.0
1525.0007289143275 0.0 0.0 0.0 1.0 0.0 0.0 8.0 0.0
1526.044985983321 0.0 0.0 0.0 1.0 0.0 0.0 8.0 0.0
1527.044985983321 0.0 0.0 0.0 1.0 0.0 0.0 8.0 0.0
1528.0220092039656 0.0 0.0 0.0 1.0 0.0 0.0 8.0 0.0
1529.0080683717645 0.0 0.0 0.0 1.0 0.0 0.0 8.0 0.0
1530.0031741576815 0.0 0.0 0.0 1.0 0.0 0.0 8.0 0.0
1531.0309810020628 0.0 0.0 0.0 1.0 0.0 0.0 8.0 0.0
1532.0182955718444 0.0 0.0 0.0 1.0 0.0 0.0 8.0 0.0
1533.0124230559716 0.0 0.0 0.0 1.0 0.0 0.0 8.0 0.0
1534.044985983321 0.0 0.0 0.0 1.0 0.0 0.0 8.0 0.0
1535.044985983321 0.0 0.0 0.0 1.0 0.0 0.0 8.0 0.0
1536.0410314822757 0.0 0.0 0.0 1.0 0.0 0.0 8.0 0.0
1537.044985983321 0.0 0.0 0.0 1.0 0.0 0.0 8.0 0.0
1538.0427041824148 0.0 0.0 0.0 1.0 0.0 0.0 8.0 0.0
1539.0028876566219 0.0 0.0 0.0 1.0 0.0 0.0 8.0 0.0
1540.044985983321 0.0 0.0 0.0 1.0 0.0 0.0 8.0 0.0
1541.044985983321 0.0 0.0 0.0 1.0 0.0 0.0 8.0 0.0
1542.0241703985896 0.0 0.0 0.0 1.0 0.0 0.0 8.0 0.0
1543.044985983321 0.0 0.0 0.0 1.0 0.0 0.0 8.0 0.0
1544.0058358071049 0.0 0.0 0.0 1.0 0.0 0.0 8.0 0.0
1545.044985983321 0.0 0.0 0.0 1.0 0.0 0.0 8.0 0.0
1546.0170973992538 0.0 0.0 0.0 1.0 0.0 0.0 8.0 0.0
1547.007820299379 0.0 0.0 0.0 1.0 0.0 0.0 8.0 0.0
1548.017238433765 0.0 0.0 0.0 1.0 0.0 0.0 8.0 0.0
1549.0106103058256 0.0 0.0 0.0 1.0 0.0 0.0 8.0 0.0
1550.0155839482989 0.0 0.0 0.0 1.0 0.0 0.0 8.0 0.0
1551.0112608042161 0.0 0.0 0.0 1.0 0.0 0.0 8.0 0.0
1552.0132897585493 0.0 0.0 0.0 1.0 0.0 0.0 8.0 0.0
1553.0245589426884 0.0 0.0 0.0 1.0 0.0 0.0 8.0 0.0
1554.0345876872534 0.0 0.0 0.0 1.0 0.0 0.0 8.0 0.0
1555.0009778010099 0.0 0.0 0.0 1.0 0.0 0.0 8.0 0.0
1556.044985983321 0.0 0.0 0.0 1.0 0.0 0.0 8.0 0.0
1557.0309736044983 0.0 0.0 0.0 1.0 0.0 0.0 8.0 0.0
1558.0330758377709 0.0 0.0 0.0 1.0 0.0 0.0 8.0 0.0
1559.0386808418373 0.0 0.0 0.0 1.0 0.0 0.0 8.0 0.0
1560.0005091570495 0.0 0.0 0.0 1.0 0.0 0.0 8.0 0.0
1561.0279083695614 0.0 0.0 0.0 1.0 0.0 0.0 8.0 0.0
1562.010136422485 0.0 0.0 0.0 1.0 0.0 0.0 8.0 0.0
1563.0414178920391 0.0 0.0 0.0 1.0 0.0 0.0 8.0 0.0
1564.000402449674 0.0 0.0 0.0 1.0 0.0 0.0 8.0 0.0
1565.0412788923393 0.0 0.0 0.0 1.0 0.0 0.0 8.0 0.0
1566.0051892784222 0.0 0.0 0.0 1.0 0.0 0.0 8.0 0.0
1567.0282202241215 0.0 0.0 0.0 1.0 0.0 0.0 8.0 0.0
1568.044985983321 0.0 0.0 0.0 1.0 0.0 0.0 8.0 0.0
1569.008530149995 0.0 0.0 0.0 1.0 0.0 0.0 8.0 0.0
1570.0156792022876 0.0 0.0 0.0 1.0 0.0 0.0 8.0 0.0
1571.0235641822846 0.0 0.0 0.0 1.0 0.0 0.0 8.0 0.0
1572.0281042164036 0.0 0.0 0.0 1.0 0.0 0.0 8.0 0.0
1573.0229047626663 0.0 0.0 0.0 1.0 0.0 0.0 8.0 0.0
1574.0101164488747 0.0 0.0 0.0 1.0 0.0 0.0 8.0 0.0
1575.0204237095134 0.0 0.0 0.0 1.0 0.0 0.0 8.0 0.0
1576.003260052306 0.0 0.0 0.0 1.0 0.0 0.0 8.0 0.0
1577.044985983321 0.0 0.0 0.0 1.0 0.0 0.0 8.0 0.0
1578.0360370708763 0.0 0.0 0.0 1.0 0.0 0.0 8.0 0.0
1579.0448784153007 0.0 0.0 0.0 1.0 0.0 0.0 8.0 0.0
1580.00436169721 0.0 0.0 0.0 1.0 0.0 0.0 8.0 0.0
1581.008243558395 0.0 0.0 0.0 1.0 0.0 0.0 8.0 0.0
1582.0248225756343 0.0 0.0 0.0 1.0 0.0 0.0 8.0 0.0
1583.0104770554203 0.0 0.0 0.0 1.0 0.0 0.0 8.0 0.0
1584.00235821027 0.0 0.0 0.0 1.0 0.0 0.0 8.0 0.0
1585.0056998506525 0.0 0.0 0.0 1.0 0.0 0.0 8.0 0.0
1586.0290728537627 0.0 0.0 0.0 1.0 0.0 0.0 8.0 0.0
1587.0051822144803 0.0 0.0 0.0 1.0 0.0 0.0 8.0 0.0
1588.0161345391607 0.0 0.0 0.0 1.0 0.0 0.0 8.0 0.0
1589.044985983321 0.0 0.0 0.0 1.0 0.0 0.0 8.0 0.0
1590.018164523154 0.0 0.0 0.0 1.0 0.0 0.0 8.0 0.0
1591.044985983321 0.0 0.0 0.0 1.0 0.0 0.0 8.0 0.0
1592.044985983321 0.0 0.0 0.0 1.0 0.0 0.0 8.0 0.0
1593.0117333079927 0.0 0.0 0.0 1.0 0.0 0.0 8.0 0.0
1594.0319262108221 0.0 0.0 0.0 1.0 0.0 0.0 8.0 0.0
1595.0014453873416 0.0 0.0 0.0 1.0 0.0 0.0 8.0 0.0
1596.0037221042985 0.0 0.0 0.0 1.0 0.0 0.0 8.0 0.0
1597.0029343108781 0.0 0.0 0.0 1.0 0.0 0.0 8.0 0.0
1598.0005686829065 0.0 0.0 0.0 1.0 0.0 0.0 8.0 0.0
1599.0016808207483 0.0 0.0 0.0 1.0 0.0 0.0 8.0 0.0
1600.0233532608092 0.0 0.0 0.0 1.0 0.0 0.0 8.0 0.0
1601.0304893682019 0.0 0.0 0.0 1.0 0.0 0.0 8.0 0.0
1602.033771018757 0.0 0.0 0.0 1.0 0.0 0.0 8.0 0.0
1603.044985983321 0.0 0.0 0.0 1.0 0.0 0.0 8.0 0.0
1604.044985983321 0.0 0.0 0.0 1.0 0.0 0.0 8.0 0.0
1605.0138371533337 0.0 0.0 0.0 1.0 0.0 0.0 8.0 0.0
1606.044985983321 0.0 0.0 0.0 1.0 0.0 0.0 8.0 0.0
1607.0323952776523 0.0 0.0 0.0 1.0 0.0 0.0 8.0 0.0
1608.032209165073 0.0 0.0 0.0 1.0 0.0 0.0 8.0 0.0
1609.044985983321 0.0 0.0 0.0 1.0 0.0 0.0 8.0 0.0
1610.0438539018016 0.0 0.0 0.0 1.0 0.0 0.0 8.0 0.0
1611.005482814135 0.0 0.0 0.0 1.0 0.0 0.0 8.0 0.0
1612.0295339736847 0.0 0.0 0.0 1.0 0.0 0.0 8.0 0.0
1613.0227407645368 0.0 0.0 0.0 1.0 0.0 0.0 8.0 0.0
1614.0138906158584 0.0 0.0 0.0 1.0 0.0 0.0 8.0 0.0
1615.044985983321 0.0 0.0 0.0 1.0 0.0 0.0 8.0 0.0
1616.044985983321 0.0 0.0 0.0 1.0 0.0 0.0 8.0 0.0
1617.0145457584847 0.0 0.0 0.0 1.0 0.0 0.0 8.0 0.0
1618.0270409653713 0.0 0.0 0.0 1.0 0.0 0.0 8.0 0.0
1619.0147573971542 0.0 0.0 0.0 1.0 0.0 0.0 8.0 0.0
1620.044985983321 0.0 0.0 0.0 1.0 0.0 0.0 8.0 0.0
1621.044985983321 0.0 0.0 0.0 1.0 0.0 0.0 8.0 0.0
1622.0226544421892 0.0 0.0 0.0 1.0 0.0 0.0 8.0 0.0
1623.0292147060488 0.0 0.0 0.0 1.0 0.0 0.0 8.0 0.0
1624.0077710994613 0.0 0.0 0.0 1.0 0.0 0.0 8.0 0.0
1625.0380135842097 0.0 0.0 0.0 1.0 0.0 0.0 8.0 0.0
1626.044985983321 0.0 0.0 0.0 1.0 0.0 0.0 8.0 0.0
1627.044985983321 0.0 0.0 0.0 1.0 0.0 0.0 8.0 0.0
1628.0363914105951 0.0 0.0 0.0 1.0 0.0 0.0 8.0 0.0
1629.044985983321 0.0 0.0 0.0 1.0 0.0 0.0 8.0 0.0
1630.001336992405 0.0 0.0 0.0 1.0 0.0 0.0 8.0 0.0
1631.044985983321 0.0 0.0 0.0 1.0 0.0 0.0 8.0 0.0
1632.0323624673322 0.0 0.0 0.0 1.0 0.0 0.0 8.0 0.0
1633.0025004871413 0.0 0.0 0.0 1.0 0.0 0.0 8.0 0.0
1634.044985983321 0.0 0.0 0.0 1.0 0.0 0.0 8.0 0.0
1635.0063076184815 0.0 0.0 0.0 1.0 0.0 0.0 8.0 0.0
1636.023262056692 0.0 0.0 0.0 1.0 0.0 0.0 8.0 0.0
1637.0224755918075 0.0 0.0 0.0 1.0 0.0 0.0 8.0 0.0
1638.012354856121 0.0 0.0 0.0 1.0 0.0 0.0 8.0 0.0
1639.0071279824863 0.0 0.0 0.0 1.0 0.0 0.0 8.0 0.0
1640.0212720709746 0.0 0.0 0.0 1.0 0.0 0.0 8.0 0.0
1641.011482711461 0.0 0.0 0.0 1.0 0.0 0.0 8.0 0.0
1642.012924286781 0.0 0.0 0.0 1.0 0.0 0.0 8.0 0.0
1643.0159747694236 0.0 0.0 0.0 1.0 0.0 0.0 8.0 0.0
1644.0086033621812 0.0 0.0 0.0 1.0 0.0 0.0 8.0 0.0
1645.0060582421208 0.0 0.0 0.0 1.0 0.0 0.0 8.0 0.0
1646.044985983321 0.0 0.0 0.0 1.0 0.0 0.0 8.0 0.0
1647.0116280052991 0.0 0.0 0.0 1.0 0.0 0.0 8.0 0.0
1648.044985983321 0.0 0.0 0.0 1.0 0.0 0.0 8.0 0.0
1649.0445325459505 0.0 0.0 0.0 1.0 0.0 0.0 8.0 0.0
1650.0057068090307 0.0 0.0 0.0 1.0 0.0 0.0 8.0 0.0
1651.013131117426 0.0 0.0 0.0 1.0 0.0 0.0 8.0 0.0
1652.0012144580035 0.0 0.0 0.0 1.0 0.0 0.0 8.0 0.0
1653.0048677579828 0.0 0.0 0.0 1.0 0.0 0.0 8.0 0.0
1654.0080820569945 0.0 0.0 0.0 1.0 0.0 0.0 8.0 0.0
1655.044985983321 0.0 0.0 0.0 1.0 0.0 0.0 8.0 0.0
1656.0169459961212 0.0 0.0 0.0 1.0 0.0 0.0 8.0 0.0
1657.044985983321 0.0 0.0 0.0 1.0 0.0 0.0 8.0 0.0
1658.0046776355844 0.0 0.0 0.0 1.0 0.0 0.0 8.0 0.0
1659.044985983321 0.0 0.0 0.0 1.0 0.0 0.0 8.0 0.0
1660.0210642489653 0.0 0.0 0.0 1.0 0.0 0.0 8.0 0.0
1661.0247783095092 0.0 0.0 0.0 1.0 0.0 0.0 8.0 0.0
1662.0123147865513 0.0 0.0 0.0 1.0 0.0 0.0 8.0 0.0
1663.010643728566 0.0 0.0 0.0 1.0 0.0 0.0 8.0 0.0
1664.0033161028405 0.0 0.0 0.0 1.0 0.0 0.0 8.0 0.0
1665.0351233038716 0.0 0.0 0.0 1.0 0.0 0.0 8.0 0.0
1666.044985983321 0.0 0.0 0.0 1.0 0.0 0.0 8.0 0.0
1667.037229434865 0.0 0.0 0.0 1.0 0.0 0.0 8.0 0.0
1668.006232173773 0.0 0.0 0.0 1.0 0.0 0.0 8.0 0.0
1669.0014967815314 0.0 0.0 0.0 1.0 0.0 0.0 8.0 0.0
1670.044985983321 0.0 0.0 0.0 1.0 0.0 0.0 8.0 0.0
1671.0003097323706 0.0 0.0 0.0 1.0 0.0 0.0 8.0 0.0
1672.0124644437678 0.0 0.0 0.0 1.0 0.0 0.0 8.0 0.0
1673.0101209017039 0.0 0.0 0.0 1.0 0.0 0.0 8.0 0.0
1674.007165429279 0.0 0.0 0.0 1.0 0.0 0.0 8.0 0.0
1675.0082238725572 0.0 0.0 0.0 1.0 0.0 0.0 8.0 0.0
1676.0389687221439 0.0 0.0 0.0 1.0 0.0 0.0 8.0 0.0
1677.0037022248544 0.0 0.0 0.0 1.0 0.0 0.0 8.0 0.0
1678.0192996586102 0.0 0.0 0.0 1.0 0.0 0.0 8.0 0.0
1679.018640896739 0.0 0.0 0.0 1.0 0.0 0.0 8.0 0.0
1680.044985983321 0.0 0.0 0.0 1.0 0.0 0.0 8.0 0.0
1681.044985983321 0.0 0.0 0.0 1.0 0.0 0.0 8.0 0.0
1682.0211694294157 0.0 0.0 0.0 1.0 0.0 0.0 8.0 0.0
1683.044985983321 0.0 0.0 0.0 1.0 0.0 0.0 8.0 0.0
1684.044985983321 0.0 0.0 0.0 1.0 0.0 0.0 8.0 0.0
1685.0294633363776 0.0 0.0 0.0 1.0 0.0 0.0 8.0 0.0
1686.0292261956506 0.0 0.0 0.0 1.0 0.0 0.0 8.0 0.0
1687.0276842094074 0.0 0.0 0.0 1.0 0.0 0.0 8.0 0.0
1688.0206170379925 0.0 0.0 0.0 1.0 0.0 0.0 8.0 0.0
1689.044985983321 0.0 0.0 0.0 1.0 0.0 0.0 8.0 0.0
1690.044985983321 0.0 0.0 0.0 1.0 0.0 0.0 8.0 0.0
1691.044985983321 0.0 0.0 0.0 1.0 0.0 0.0 8.0 0.0
1692.0148315038987 0.0 0.0 0.0 1.0 0.0 0.0 8.0 0.0
1693.0109775060484 0.0 0.0 0.0 1.0 0.0 0.0 8.0 0.0
1694.0236630157015 0.0 0.0 0.0 1.0 0.0 0.0 8.0 0.0
1695.035143604054 0.0 0.0 0.0 1.0 0.0 0.0 8.0 0.0
1696.0086975922186 0.0 0.0 0.0 1.0 0.0 0.0 8.0 0.0
1697.044985983321 0.0 0.0 0.0 1.0 0.0 0.0 8.0 0.0
1698.044985983321 0.0 0.0 0.0 1.0 0.0 0.0 8.0 0.0
1699.044985983321 0.0 0.0 0.0 1.0 0.0 0.0 8.0 0.0
1700.0146315717345 0.0 0.0 0.0 1.0 0.0 0.0 8.0 0.0
1701.0274918088935 0.0 0.0 0.0 1.0 0.0 0.0 8.0 0.0
1702.0277522999872 0.0 0.0 0.0 1.0 0.0 0.0 8.0 0.0
1703.0051498379746 0.0 0.0 0.0 1.0 0.0 0.0 8.0 0.0
1704.0038826920936 0.0 0.0 0.0 1.0 0.0 0.0 8.0 0.0
1705.033860284991 0.0 0.0 0.0 1.0 0.0 0.0 8.0 0.0
1706.0449743625 0.0 0.0 0.0 1.0 0.0 0.0 8.0 0.0
1707.014687989665 0.0 0.0 0.0 1.0 0.0 0.0 8.0 0.0
1708.0210485795162 0.0 0.0 0.0 1.0 0.0 0.0 8.0 0.0
1709.0347522773072 0.0 0.0 0.0 1.0 0.0 0.0 8.0 0.0
1710.0105010042673 0.0 0.0 0.0 1.0 0.0 0.0 8.0 0.0
1711.0044307537037 0.0 0.0 0.0 1.0 0.0 0.0 8.0 0.0
1712.0321152649399 0.0 0.0 0.0 1.0 0.0 0.0 8.0 0.0
1713.0026345001158 0.0 0.0 0.0 1.0 0.0 0.0 8.0 0.0
1714.006737979273 0.0 0.0 0.0 1.0 0.0 0.0 8.0 0.0
1715.044985983321 0.0 0.0 0.0 1.0 0.0 0.0 8.0 0.0
1716.0062910724153 0.0 0.0 0.0 1.0 0.0 0.0 8.0 0.0
1717.044985983321 0.0 0.0 0.0 1.0 0.0 0.0 8.0 0.0
1718.0062855088215 0.0 0.0 0.0 1.0 0.0 0.0 8.0 0.0
1719.0002828135823 0.0 0.0 0.0 1.0 0.0 0.0 8.0 0.0
1720.0265743604268 0.0 0.0 0.0 1.0 0.0 0.0 8.0 0.0
1721.0167130260782 0.0 0.0 0.0 1.0 0.0 0.0 8.0 0.0
1722.0090057540551 0.0 0.0 0.0 1.0 0.0 0.0 8.0 0.0
1723.024800691242 0.0 0.0 0.0 1.0 0.0 0.0 8.0 0.0
1724.036920774238 0.0 0.0 0.0 1.0 0.0 0.0 8.0 0.0
1725.044985983321 0.0 0.0 0.0 1.0 0.0 0.0 8.0 0.0
1726.018601282074 0.0 0.0 0.0 1.0 0.0 0.0 8.0 0.0
1727.044985983321 0.0 0.0 0.0 1.0 0.0 0.0 8.0 0.0
1728.0374648620848 0.0 0.0 0.0 1.0 0.0 0.0 8.0 0.0
1729.000834008801 0.0 0.0 0.0 1.0 0.0 0.0 8.0 0.0
1730.044985983321 0.0 0.0 0.0 1.0 0.0 0.0 8.0 0.0
1731.044985983321 0.0 0.0 0.0 1.0 0.0 0.0 8.0 0.0
1732.0201596819725 0.0 0.0 0.0 1.0 0.0 0.0 8.0 0.0
1733.0202165994854 0.0 0.0 0.0 1.0 0.0 0.0 8.0 0.0
1734.037794217445 0.0 0.0 0.0 1.0 0.0 0.0 8.0 0.0
1735.0151162325249 0.0 0.0 0.0 1.0 0.0 0.0 8.0 0.0
1736.0061981435495 0.0 0.0 0.0 1.0 0.0 0.0 8.0 0.0
1737.0030909470595 0.0 0.0 0.0 1.0 0.0 0.0 8.0 0.0
1738.0066830050548 0.0 0.0 0.0 1.0 0.0 0.0 8.0 0.0
1739.0184742328875 0.0 0.0 0.0 1.0 0.0 0.0 8.0 0.0
1740.0158473864803 0.0 0.0 0.0 1.0 0.0 0.0 8.0 0.0
1741.0236729827684 0.0 0.0 0.0 1.0 0.0 0.0 8.0 0.0
1742.0260639353792 0.0 0.0 0.0 1.0 0.0 0.0 8.0 0.0
1743.044985983321 0.0 0.0 0.0 1.0 0.0 0.0 8.0 0.0
1744.0311067478226 0.0 0.0 0.0 1.0 0.0 0.0 8.0 0.0
1745.0089470053115 0.0 0.0 0.0 1.0 0.0 0.0 8.0 0.0
1746.0041466170255 0.0 0.0 0.0 1.0 0.0 0.0 8.0 0.0
1747.044985983321 0.0 0.0 0.0 1.0 0.0 0.0 8.0 0.0
1748.017485797371 0.0 0.0 0.0 1.0 0.0 0.0 8.0 0.0
1749.0039293058799 0.0 0.0 0.0 1.0 0.0 0.0 8.0 0.0
1750.0193224986224 0.0 0.0 0.0 1.0 0.0 0.0 8.0 0.0
1751.0146354416536 0.0 0.0 0.0 1.0 0.0 0.0 8.0 0.0
1752.0009918558997 0.0 0.0 0.0 1.0 0.0 0.0 8.0 0.0
1753.0235016744375 0.0 0.0 0.0 1.0 0.0 0.0 8.0 0.0
1754.0296611692982 0.0 0.0 0.0 1.0 0.0 0.0 8.0 0.0
1755.0179185592403 0.0 0.0 0.0 1.0 0.0 0.0 8.0 0.0
1756.0183287294587 0.0 0.0 0.0 1.0 0.0 0.0 8.0 0.0
1757.044985983321 0.0 0.0 0.0 1.0 0.0 0.0 8.0 0.0
1758.00766923225 0.0 0.0 0.0 1.0 0.0 0.0 8.0 0.0
1759.0184914018723 0.0 0.0 0.0 1.0 0.0 0.0 8.0 0.0
1760.044985983321 0.0 0.0 0.0 1.0 0.0 0.0 8.0 0.0
1761.044985983321 0.0 0.0 0.0 1.0 0.0 0.0 8.0 0.0
1762.044985983321 0.0 0.0 0.0 1.0 0.0 0.0 8.0 0.0
1763.0295649193029 0.0 0.0 0.0 1.0 0.0 0.0 8.0 0.0
1764.032731856226 0.0 0.0 0.0 1.0 0.0 0.0 8.0 0.0
1765.0101092525133 0.0 0.0 0.0 1.0 0.0 0.0 8.0 0.0
1766.044985983321 0.0 0.0 0.0 1.0 0.0 0.0 8.0 0.0
1767.0305533911978 0.0 0.0 0.0 1.0 0.0 0.0 8.0 0.0
1768.044985983321 0.0 0.0 0.0 1.0 0.0 0.0 8.0 0.0
1769.0001854245377 0.0 0.0 0.0 1.0 0.0 0.0 8.0 0.0
1770.0027379210085 0.0 0.0 0.0 1.0 0.0 0.0 8.0 0.0
1771.003830023197 0.0 0.0 0.0 1.0 0.0 0.0 8.0 0.0
1772.0107679925793 0.0 0.0 0.0 1.0 0.0 0.0 8.0 0.0
1773.044985983321 0.0 0.0 0.0 1.0 0.0 0.0 8.0 0.0
1774.008369570627 0.0 0.0 0.0 1.0 0.0 0.0 8.0 0.0
1775.0067162526936 0.0 0.0 0.0 1.0 0.0 0.0 8.0 0.0
1776.037749528088 0.0 0.0 0.0 1.0 0.0 0.0 8.0 0.0
1777.0383422552975 0.0 0.0 0.0 1.0 0.0 0.0 8.0 0.0
1778.042022169053 0.0 0.0 0.0 1.0 0.0 0.0 8.0 0.0
1779.0325868818904 0.0 0.0 0.0 1.0 0.0 0.0 8.0 0.0
1780.0281830954336 0.0 0.0 0.0 1.0 0.0 0.0 8.0 0.0
1781.0032739595597 0.0 0.0 0.0 1.0 0.0 0.0 8.0 0.0
1782.0247190950886 0.0 0.0 0.0 1.0 0.0 0.0 8.0 0.0
1783.0076859134713 0.0 0.0 0.0 1.0 0.0 0.0 8.0 0.0
1784.0033680219892 0.0 0.0 0.0 1.0 0.0 0.0 8.0 0.0
1785.0066017946986 0.0 0.0 0.0 1.0 0.0 0.0 8.0 0.0
1786.035024129589 0.0 0.0 0.0 1.0 0.0 0.0 8.0 0.0
1787.0036068175011 0.0 0.0 0.0 1.0 0.0 0.0 8.0 0.0
1788.0069583822906 0.0 0.0 0.0 1.0 0.0 0.0 8.0 0.0
1789.024673162921 0.0 0.0 0.0 1.0 0.0 0.0 8.0 0.0
1790.000572862087 0.0 0.0 0.0 1.0 0.0 0.0 8.0 0.0
1791.0127679079965 0.0 0.0 0.0 1.0 0.0 0.0 8.0 0.0
1792.033302865329 0.0 0.0 0.0 1.0 0.0 0.0 8.0 0.0
1793.0005384487474 0.0 0.0 0.0 1.0 0.0 0.0 8.0 0.0
1794.0323385301788 0.0 0.0 0.0 1.0 0.0 0.0 8.0 0.0
1795.0168586540044 0.0 0.0 0.0 1.0 0.0 0.0 8.0 0.0
1796.013177275784 0.0 0.0 0.0 1.0 0.0 0.0 8.0 0.0
1797.0048068115807 0.0 0.0 0.0 1.0 0.0 0.0 8.0 0.0
1798.039648224322 0.0 0.0 0.0 1.0 0.0 0.0 8.0 0.0
1799.0156678703158 0.0 0.0 0.0 1.0 0.0 0.0 8.0 0.0
1800.044985983321 0.0 0.0 0.0 1.0 0.0 0.0 8.0 0.0
1801.0007282291085 0.0 0.0 0.0 1.0 0.0 0.0 8.0 0.0
1802.0186405781785 0.0 0.0 0.0 1.0 0.0 0.0 8.0 0.0
1803.0043621218265 0.0 0.0 0.0 1.0 0.0 0.0 8.0 0.0
1804.0146863620714 0.0 0.0 0.0 1.0 0.0 0.0 8.0 0.0
1805.0178414676097 0.0 0.0 0.0 1.0 0.0 0.0 8.0 0.0
1806.044985983321 0.0 0.0 0.0 1.0 0.0 0.0 8.0 0.0
1807.0105307828235 0.0 0.0 0.0 1.0 0.0 0.0 8.0 0.0
1808.044985983321 0.0 0.0 0.0 1.0 0.0 0.0 8.0 0.0
1809.005574235151 0.0 0.0 0.0 1.0 0.0 0.0 8.0 0.0
1810.044985983321 0.0 0.0 0.0 1.0 0.0 0.0 8.0 0.0
1811.0031793534804 0.0 0.0 0.0 1.0 0.0 0.0 8.0 0.0
1812.0202340700594 0.0 0.0 0.0 1.0 0.0 0.0 8.0 0.0
1813.044985983321 0.0 0.0 0.0 1.0 0.0 0.0 8.0 0.0
1814.0049250445602 0.0 0.0 0.0 1.0 0.0 0.0 8.0 0.0
1815.0115616281726 0.0 0.0 0.0 1.0 0.0 0.0 8.0 0.0
1816.044985983321 0.0 0.0 0.0 1.0 0.0 0.0 8.0 0.0
1817.0098884117926 0.0 0.0 0.0 1.0 0.0 0.0 8.0 0.0
1818.044985983321 0.0 0.0 0.0 1.0 0.0 0.0 8.0 0.0
1819.010432646608 0.0 0.0 0.0 1.0 0.0 0.0 8.0 0.0
1820.0304503455147 0.0 0.0 0.0 1.0 0.0 0.0 8.0 0.0
1821.0050264971803 0.0 0.0 0.0 1.0 0.0 0.0 8.0 0.0
1822.0223227133558 0.0 0.0 0.0 1.0 0.0 0.0 8.0 0.0
1823.0402200072983 0.0 0.0 0.0 1.0 0.0 0.0 8.0 0.0
1824.0133812654417 0.0 0.0 0.0 1.0 0.0 0.0 8.0 0.0
1825.0419187167909 0.0 0.0 0.0 1.0 0.0 0.0 8.0 0.0
1826.0086632761281 0.0 0.0 0.0 1.0 0.0 0.0 8.0 0.0
1827.0379714726591 0.0 0.0 0.0 1.0 0.0 0.0 8.0 0.0
1828.0329571243296 0.0 0.0 0.0 1.0 0.0 0.0 8.0 0.0
1829.0247103558422 0.0 0.0 0.0 1.0 0.0 0.0 8.0 0.0
1830.044985983321 0.0 0.0 0.0 1.0 0.0 0.0 8.0 0.0
1831.044985983321 0.0 0.0 0.0 1.0 0.0 0.0 8.0 0.0
1832.002906344768 0.0 0.0 0.0 1.0 0.0 0.0 8.0 0.0
1833.044985983321 0.0 0.0 0.0 1.0 0.0 0.0 8.0 0.0
1834.0086564131147 0.0 0.0 0.0 1.0 0.0 0.0 8.0 0.0
1835.044985983321 0.0 0.0 0.0 1.0 0.0 0.0 8.0 0.0
1836.0167787092137 0.0 0.0 0.0 1.0 0.0 0.0 8.0 0.0
1837.0384239114965 0.0 0.0 0.0 1.0 0.0 0.0 8.0 0.0
1838.0433358129553 0.0 0.0 0.0 1.0 0.0 0.0 8.0 0.0
1839.001369586299 0.0 0.0 0.0 1.0 0.0 0.0 8.0 0.0
1840.009077256248 0.0 0.0 0.0 1.0 0.0 0.0 8.0 0.0
1841.044985983321 0.0 0.0 0.0 1.0 0.0 0.0 8.0 0.0
1842.044985983321 0.0 0.0 0.0 1.0 0.0 0.0 8.0 0.0
1843.044985983321 0.0 0.0 0.0 1.0 0.0 0.0 8.0 0.0
1844.0073791960103 0.0 0.0 0.0 1.0 0.0 0.0 8.0 0.0
1845.0112760592835 0.0 0.0 0.0 1.0 0.0 0.0 8.0 0.0
1846.044985983321 0.0 0.0 0.0 1.0 0.0 0.0 8.0 0.0
1847.044985983321 0.0 0.0 0.0 1.0 0.0 0.0 8.0 0.0
1848.0270486803527 0.0 0.0 0.0 1.0 0.0 0.0 8.0 0.0
1849.044985983321 0.0 0.0 0.0 1.0 0.0 0.0 8.0 0.0
1850.0287205416378 0.0 0.0 0.0 1.0 0.0 0.0 8.0 0.0
1851.0008476113383 0.0 0.0 0.0 1.0 0.0 0.0 8.0 0.0
1852.0226563140293 0.0 0.0 0.0 1.0 0.0 0.0 8.0 0.0
1853.0390977442812 0.0 0.0 0.0 1.0 0.0 0.0 8.0 0.0
1854.0030607694978 0.0 0.0 0.0 1.0 0.0 0.0 8.0 0.0
1855.044985983321 0.0 0.0 0.0 1.0 0.0 0.0 8.0 0.0
1856.044985983321 0.0 0.0 0.0 1.0 0.0 0.0 8.0 0.0
1857.0364943667498 0.0 0.0 0.0 1.0 0.0 0.0 8.0 0.0
1858.044985983321 0.0 0.0 0.0 1.0 0.0 0.0 8.0 0.0
1859.0097664173954 0.0 0.0 0.0 1.0 0.0 0.0 8.0 0.0
1860.044985983321 0.0 0.0 0.0 1.0 0.0 0.0 8.0 0.0
1861.007356135943 0.0 0.0 0.0 1.0 0.0 0.0 8.0 0.0
1862.0257175279503 0.0 0.0 0.0 1.0 0.0 0.0 8.0 0.0
1863.0322964417371 0.0 0.0 0.0 1.0 0.0 0.0 8.0 0.0
1864.0304013150571 0.0 0.0 0.0 1.0 0.0 0.0 8.0 0.0
1865.0082774309835 0.0 0.0 0.0 1.0 0.0 0.0 8.0 0.0
1866.0422428735521 0.0 0.0 0.0 1.0 0.0 0.0 8.0 0.0
1867.020761148891 0.0 0.0 0.0 1.0 0.0 0.0 8.0 0.0
1868.005226849905 0.0 0.0 0.0 1.0 0.0 0.0 8.0 0.0
1869.0020025611273 0.0 0.0 0.0 1.0 0.0 0.0 8.0 0.0
1870.0342382052168 0.0 0.0 0.0 1.0 0.0 0.0 8.0 0.0
1871.0173970445333 0.0 0.0 0.0 1.0 0.0 0.0 8.0 0.0
1872.0131669289867 0.0 0.0 0.0 1.0 0.0 0.0 8.0 0.0
1873.044985983321 0.0 0.0 0.0 1.0 0.0 0.0 8.0 0.0
1874.044985983321 0.0 0.0 0.0 1.0 0.0 0.0 8.0 0.0
1875.0133650103403 0.0 0.0 0.0 1.0 0.0 0.0 8.0 0.0
1876.002591358927 0.0 0.0 0.0 1.0 0.0 0.0 8.0 0.0
1877.044985983321 0.0 0.0 0.0 1.0 0.0 0.0 8.0 0.0
1878.0301952399705 0.0 0.0 0.0 1.0 0.0 0.0 8.0 0.0
1879.0002273229913 0.0 0.0 0.0 1.0 0.0 0.0 8.0 0.0
1880.000258567703 0.0 0.0 0.0 1.0 0.0 0.0 8.0 0.0
1881.0130532558937 0.0 0.0 0.0 1.0 0.0 0.0 8.0 0.0
1882.0209994324862 0.0 0.0 0.0 1.0 0.0 0.0 8.0 0.0
1883.0269156604536 0.0 0.0 0.0 1.0 0.0 0.0 8.0 0.0
1884.044985983321 0.0 0.0 0.0 1.0 0.0 0.0 8.0 0.0
1885.007962371372 0.0 0.0 0.0 1.0 0.0 0.0 8.0 0.0
1886.0391180539575 0.0 0.0 0.0 1.0 0.0 0.0 8.0 0.0
1887.044985983321 0.0 0.0 0.0 1.0 0.0 0.0 8.0 0.0
1888.0062614305925 0.0 0.0 0.0 1.0 0.0 0.0 8.0 0.0
1889.0101742609318 0.0 0.0 0.0 1.0 0.0 0.0 8.0 0.0
1890.0065755627245 0.0 0.0 0.0 1.0 0.0 0.0 8.0 0.0
1891.0074423235194 0.0 0.0 0.0 1.0 0.0 0.0 8.0 0.0
1892.0025631725084 0.0 0.0 0.0 1.0 0.0 0.0 8.0 0.0
1893.044985983321 0.0 0.0 0.0 1.0 0.0 0.0 8.0 0.0
1894.0015814029673 0.0 0.0 0.0 1.0 0.0 0.0 8.0 0.0
1895.0100839235029 0.0 0.0 0.0 1.0 0.0 0.0 8.0 0.0
1896.0130980167635 0.0 0.0 0.0 1.0 0.0 0.0 8.0 0.0
1897.0170267218132 0.0 0.0 0.0 1.0 0.0 0.0 8.0 0.0
1898.0426664583265 0.0 0.0 0.0 1.0 0.0 0.0 8.0 0.0
1899.0354942298734 0.0 0.0 0.0 1.0 0.0 0.0 8.0 0.0
1900.0147299520538 0.0 0.0 0.0 1.0 0.0 0.0 8.0 0.0
1901.0189136890779 0.0 0.0 0.0 1.0 0.0 0.0 8.0 0.0
1902.0370196441845 0.0 0.0 0.0 1.0 0.0 0.0 8.0 0.0
1903.0194947086773 0.0 0.0 0.0 1.0 0.0 0.0 8.0 0.0
1904.044985983321 0.0 0.0 0.0 1.0 0.0 0.0 8.0 0.0
1905.044985983321 0.0 0.0 0.0 1.0 0.0 0.0 8.0 0.0
1906.0063962829397 0.0 0.0 0.0 1.0 0.0 0.0 8.0 0.0
1907.0377774177764 0.0 0.0 0.0 1.0 0.0 0.0 8.0 0.0
1908.0029963525708 0.0 0.0 0.0 1.0 0.0 0.0 8.0 0.0
1909.0118270397725 0.0 0.0 0.0 1.0 0.0 0.0 8.0 0.0
1910.0022456982722 0.0 0.0 0.0 1.0 0.0 0.0 8.0 0.0
1911.0290707597699 0.0 0.0 0.0 1.0 0.0 0.0 8.0 0.0
1912.0187410961926 0.0 0.0 0.0 1.0 0.0 0.0 8.0 0.0
1913.0048862181136 0.0 0.0 0.0 1.0 0.0 0.0 8.0 0.0
1914.0044801255972 0.0 0.0 0.0 1.0 0.0 0.0 8.0 0.0
1915.0070696324926 0.0 0.0 0.0 1.0 0.0 0.0 8.0 0.0
1916.0056918738114 0.0 0.0 0.0 1.0 0.0 0.0 8.0 0.0
1917.0034484841167 0.0 0.0 0.0 1.0 0.0 0.0 8.0 0.0
1918.0027310259447 0.0 0.0 0.0 1.0 0.0 0.0 8.0 0.0
1919.044985983321 0.0 0.0 0.0 1.0 0.0 0.0 8.0 0.0
1920.0340581563037 0.0 0.0 0.0 1.0 0.0 0.0 8.0 0.0
1921.0099293585013 0.0 0.0 0.0 1.0 0.0 0.0 8.0 0.0
1922.022246484513 0.0 0.0 0.0 1.0 0.0 0.0 8.0 0.0
1923.0040161895279 0.0 0.0 0.0 1.0 0.0 0.0 8.0 0.0
1924.044985983321 0.0 0.0 0.0 1.0 0.0 0.0 8.0 0.0
1925.0040626701023 0.0 0.0 0.0 1.0 0.0 0.0 8.0 0.0
1926.0413606707082 0.0 0.0 0.0 1.0 0.0 0.0 8.0 0.0
1927.0088795365987 0.0 0.0 0.0 1.0 0.0 0.0 8.0 0.0
1928.0174530790384 0.0 0.0 0.0 1.0 0.0 0.0 8.0 0.0
1929.0053374990525 0.0 0.0 0.0 1.0 0.0 0.0 8.0 0.0
1930.007656639562 0.0 0.0 0.0 1.0 0.0 0.0 8.0 0.0
1931.03432735804 0.0 0.0 0.0 1.0 0.0 0.0 8.0 0.0
1932.0066576938405 0.0 0.0 0.0 1.0 0.0 0.0 8.0 0.0
1933.0078069556616 0.0 0.0 0.0 1.0 0.0 0.0 8.0 0.0
1934.044985983321 0.0 0.0 0.0 1.0 0.0 0.0 8.0 0.0
1935.044985983321 0.0 0.0 0.0 1.0 0.0 0.0 8.0 0.0
1936.0043575693917 0.0 0.0 0.0 1.0 0.0 0.0 8.0 0.0
1937.044985983321 0.0 0.0 0.0 1.0 0.0 0.0 8.0 0.0
1938.0199622124626 0.0 0.0 0.0 1.0 0.0 0.0 8.0 0.0
1939.0082056240435 0.0 0.0 0.0 1.0 0.0 0.0 8.0 0.0
1940.0335718205852 0.0 0.0 0.0 1.0 0.0 0.0 8.0 0.0
1941.0229210558216 0.0 0.0 0.0 1.0 0.0 0.0 8.0 0.0
1942.0061858138995 0.0 0.0 0.0 1.0 0.0 0.0 8.0 0.0
1943.0009188546264 0.0 0.0 0.0 1.0 0.0 0.0 8.0 0.0
1944.0051358203661 0.0 0.0 0.0 1.0 0.0 0.0 8.0 0.0
1945.0209166736227 0.0 0.0 0.0 1.0 0.0 0.0 8.0 0.0
1946.0198663179247 0.0 0.0 0.0 1.0 0.0 0.0 8.0 0.0
1947.0019474002756 0.0 0.0 0.0 1.0 0.0 0.0 8.0 0.0
1948.0027099863676 0.0 0.0 0.0 1.0 0.0 0.0 8.0 0.0
1949.0047452283602 0.0 0.0 0.0 1.0 0.0 0.0 8.0 0.0
1950.0035611748929 0.0 0.0 0.0 1.0 0.0 0.0 8.0 0.0
1951.0293938675775 0.0 0.0 0.0 1.0 0.0 0.0 8.0 0.0
1952.044985983321 0.0 0.0 0.0 1.0 0.0 0.0 8.0 0.0
1953.0053443645802 0.0 0.0 0.0 1.0 0.0 0.0 8.0 0.0
1954.0160699326823 0.0 0.0 0.0 1.0 0.0 0.0 8.0 0.0
1955.0326531016367 0.0 0.0 0.0 1.0 0.0 0.0 8.0 0.0
1956.017465239891 0.0 0.0 0.0 1.0 0.0 0.0 8.0 0.0
1957.0317175156483 0.0 0.0 0.0 1.0 0.0 0.0 8.0 0.0
1958.006203970414 0.0 0.0 0.0 1.0 0.0 0.0 8.0 0.0
1959.037240750561 0.0 0.0 0.0 1.0 0.0 0.0 8.0 0.0
1960.044985983321 0.0 0.0 0.0 1.0 0.0 0.0 8.0 0.0
1961.005319687141 0.0 0.0 0.0 1.0 0.0 0.0 8.0 0.0
1962.017159232931 0.0 0.0 0.0 1.0 0.0 0.0 8.0 0.0
1963.0109966592563 0.0 0.0 0.0 1.0 0.0 0.0 8.0 0.0
1964.004502846385 0.0 0.0 0.0 1.0 0.0 0.0 8.0 0.0
1965.000282928545 0.0 0.0 0.0 1.0 0.0 0.0 8.0 0.0
1966.044985983321 0.0 0.0 0.0 1.0 0.0 0.0 8.0 0.0
1967.0037549053418 0.0 0.0 0.0 1.0 0.0 0.0 8.0 0.0
1968.044985983321 0.0 0.0 0.0 1.0 0.0 0.0 8.0 0.0
1969.044985983321 0.0 0.0 0.0 1.0 0.0 0.0 8.0 0.0
1970.0141035266242 0.0 0.0 0.0 1.0 0.0 0.0 8.0 0.0
1971.0447108362375 0.0 0.0 0.0 1.0 0.0 0.0 8.0 0.0
1972.044985983321 0.0 0.0 0.0 1.0 0.0 0.0 8.0 0.0
1973.0109529058007 0.0 0.0 0.0 1.0 0.0 0.0 8.0 0.0
1974.0164847955598 0.0 0.0 0.0 1.0 0.0 0.0 8.0 0.0
1975.0354743042683 0.0 0.0 0.0 1.0 0.0 0.0 8.0 0.0
1976.0061514876884 0.0 0.0 0.0 1.0 0.0 0.0 8.0 0.0
1977.0076098004074 0.0 0.0 0.0 1.0 0.0 0.0 8.0 0.0
1978.0227713517718 0.0 0.0 0.0 1.0 0.0 0.0 8.0 0.0
1979.0218362246535 0.0 0.0 0.0 1.0 0.0 0.0 8.0 0.0
1980.0060400879256 0.0 0.0 0.0 1.0 0.0 0.0 8.0 0.0
1981.0047641814149 0.0 0.0 0.0 1.0 0.0 0.0 8.0 0.0
1982.0113383593775 0.0 0.0 0.0 1.0 0.0 0.0 8.0 0.0
1983.0005431724198 0.0 0.0 0.0 1.0 0.0 0.0 8.0 0.0
1984.044985983321 0.0 0.0 0.0 1.0 0.0 0.0 8.0 0.0
1985.023354084115 0.0 0.0 0.0 1.0 0.0 0.0 8.0 0.0
1986.044985983321 0.0 0.0 0.0 1.0 0.0 0.0 8.0 0.0
1987.0037760440152 0.0 0.0 0.0 1.0 0.0 0.0 8.0 0.0
1988.0304508485058 0.0 0.0 0.0 1.0 0.0 0.0 8.0 0.0
1989.012274742134 0.0 0.0 0.0 1.0 0.0 0.0 8.0 0.0
1990.0102861573855 0.0 0.0 0.0 1.0 0.0 0.0 8.0 0.0
1991.0332665598023 0.0 0.0 0.0 1.0 0.0 0.0 8.0 0.0
1992.0353975875696 0.0 0.0 0.0 1.0 0.0 0.0 8.0 0.0
1993.011945594876 0.0 0.0 0.0 1.0 0.0 0.0 8.0 0.0
1994.0127228859117 0.0 0.0 0.0 1.0 0.0 0.0 8.0 0.0
1995.0052305458646 0.0 0.0 0.0 1.0 0.0 0.0 8.0 0.0
1996.044985983321 0.0 0.0 0.0 1.0 0.0 0.0 8.0 0.0
1997.0046129909629 0.0 0.0 0.0 1.0 0.0 0.0 8.0 0.0
1998.044985983321 0.0 0.0 0.0 1.0 0.0 0.0 8.0 0.0
1999.004482981644 0.0 0.0 0.0 1.0 0.0 0.0 8.0 0.0
2000.0114408262712 0.0 0.0 0.0 1.0 0.0 0.0 8.0 0.0
2001.044985983321 0.0 0.0 0.0 1.0 0.0 0.0 8.0 0.0
2002.0144030289766 0.0 0.0 0.0 1.0 0.0 0.0 8.0 0.0
2003.044985983321 0.0 0.0 0.0 1.0 0.0 0.0 8.0 0.0
2004.014317130284 0.0 0.0 0.0 1.0 0.0 0.0 8.0 0.0
2005.0372785783263 0.0 0.0 0.0 1.0 0.0 0.0 8.0 0.0
2006.044985983321 0.0 0.0 0.0 1.0 0.0 0.0 8.0 0.0
2007.0304791858878 0.0 0.0 0.0 1.0 0.0 0.0 8.0 0.0
2008.007664870808 0.0 0.0 0.0 1.0 0.0 0.0 8.0 0.0
2009.009815089841 0.0 0.0 0.0 1.0 0.0 0.0 8.0 0.0
2010.044985983321 0.0 0.0 0.0 1.0 0.0 0.0 8.0 0.0
2011.0242015713281 0.0 0.0 0.0 1.0 0.0 0.0 8.0 0.0
2012.00665968696 0.0 0.0 0.0 1.0 0.0 0.0 8.0 0.0
2013.003877770537 0.0 0.0 0.0 1.0 0.0 0.0 8.0 0.0
2014.0316801432814 0.0 0.0 0.0 1.0 0.0 0.0 8.0 0.0
2015.005817681125 0.0 0.0 0.0 1.0 0.0 0.0 8.0 0.0
2016.0062137765763 0.0 0.0 0.0 1.0 0.0 0.0 8.0 0.0
2017.0312914802964 0.0 0.0 0.0 1.0 0.0 0.0 8.0 0.0
2018.044985983321 0.0 0.0 0.0 1.0 0.0 0.0 8.0 0.0
2019.0251126527844 0.0 0.0 0.0 1.0 0.0 0.0 8.0 0.0
2020.000012629328 0.0 0.0 0.0 1.0 0.0 0.0 8.0 0.0
2021.044985983321 0.0 0.0 0.0 1.0 0.0 0.0 8.0 0.0
2022.0359797314732 0.0 0.0 0.0 1.0 0.0 0.0 8.0 0.0
2023.0072914213333 0.0 0.0 0.0 1.0 0.0 0.0 8.0 0.0
2024.0012317371113 0.0 0.0 0.0 1.0 0.0 0.0 8.0 0.0
2025.0241496439917 0.0 0.0 0.0 1.0 0.0 0.0 8.0 0.0
2026.0014389954017 0.0 0.0 0.0 1.0 0.0 0.0 8.0 0.0
2027.012407677347 0.0 0.0 0.0 1.0 0.0 0.0 8.0 0.0
2028.0017991193147 0.0 0.0 0.0 1.0 0.0 0.0 8.0 0.0
2029.0014196767822 0.0 0.0 0.0 1.0 0.0 0.0 8.0 0.0
2030.0089485454223 0.0 0.0 0.0 1.0 0.0 0.0 8.0 0.0
2031.044985983321 0.0 0.0 0.0 1.0 0.0 0.0 8.0 0.0
2032.018030929409 0.0 0.0 0.0 1.0 0.0 0.0 8.0 0.0
2033.0047529626324 0.0 0.0 0.0 1.0 0.0 0.0 8.0 0.0
2034.0001143653105 0.0 0.0 0.0 1.0 0.0 0.0 8.0 0.0
2035.019751278874 0.0 0.0 0.0 1.0 0.0 0.0 8.0 0.0
2036.0318316320377 0.0 0.0 0.0 1.0 0.0 0.0 8.0 0.0
2037.044985983321 0.0 0.0 0.0 1.0 0.0 0.0 8.0 0.0
2038.0393075023264 0.0 0.0 0.0 1.0 0.0 0.0 8.0 0.0
2039.0021402818556 0.0 0.0 0.0 1.0 0.0 0.0 8.0 0.0
2040.0449240917999 0.0 0.0 0.0 1.0 0.0 0.0 8.0 0.0
2041.0270804645365 0.0 0.0 0.0 1.0 0.0 0.0 8.0 0.0
2042.0410549783385 0.0 0.0 0.0 1.0 0.0 0.0 8.0 0.0
2043.044985983321 0.0 0.0 0.0 1.0 0.0 0.0 8.0 0.0
2044.0107483480986 0.0 0.0 0.0 1.0 0.0 0.0 8.0 0.0
2045.0010248195356 0.0 0.0 0.0 1.0 0.0 0.0 8.0 0.0
2046.0366660156249 0.0 0.0 0.0 1.0 0.0 0.0 8.0 0.0
2047.0448712267655 0.0 0.0 0.0 1.0 0.0 0.0 8.0 0.0
2048.0254571321148 0.0 0.0 0.0 1.0 0.0 0.0 8.0 0.0
2049.012691812481 0.0 0.0 0.0 1.0 0.0 0.0 8.0 0.0
2050.011270954274 0.0 0.0 0.0 1.0 0.0 0.0 8.0 0.0
2051.033160359285 0.0 0.0 0.0 1.0 0.0 0.0 8.0 0.0
2052.0037089326197 0.0 0.0 0.0 1.0 0.0 0.0 8.0 0.0
2053.0077080464234 0.0 0.0 0.0 1.0 0.0 0.0 8.0 0.0
2054.036227926747 0.0 0.0 0.0 1.0 0.0 0.0 8.0 0.0
2055.000988235516 0.0 0.0 0.0 1.0 0.0 0.0 8.0 0.0
2056.044985983321 0.0 0.0 0.0 1.0 0.0 0.0 8.0 0.0
2057.0220144233244 0.0 0.0 0.0 1.0 0.0 0.0 8.0 0.0
2058.0173249689965 0.0 0.0 0.0 1.0 0.0 0.0 8.0 0.0
2059.044985983321 0.0 0.0 0.0 1.0 0.0 0.0 8.0 0.0
2060.0104205202338 0.0 0.0 0.0 1.0 0.0 0.0 8.0 0.0
2061.0018565321147 0.0 0.0 0.0 1.0 0.0 0.0 8.0 0.0
2062.0064747426422 0.0 0.0 0.0 1.0 0.0 0.0 8.0 0.0
2063.044985983321 0.0 0.0 0.0 1.0 0.0 0.0 8.0 0.0
2064.0011657609707 0.0 0.0 0.0 1.0 0.0 0.0 8.0 0.0
2065.034327541325 0.0 0.0 0.0 1.0 0.0 0.0 8.0 0.0
2066.044985983321 0.0 0.0 0.0 1.0 0.0 0.0 8.0 0.0
2067.023519943037 0.0 0.0 0.0 1.0 0.0 0.0 8.0 0.0
2068.012205451591 0.0 0.0 0.0 1.0 0.0 0.0 8.0 0.0
2069.036323875308 0.0 0.0 0.0 1.0 0.0 0.0 8.0 0.0
2070.0233671503674 0.0 0.0 0.0 1.0 0.0 0.0 8.0 0.0
2071.0070198198273 0.0 0.0 0.0 1.0 0.0 0.0 8.0 0.0
2072.044985983321 0.0 0.0 0.0 1.0 0.0 0.0 8.0 0.0
2073.0260167335573 0.0 0.0 0.0 1.0 0.0 0.0 8.0 0.0
2074.044377468964 0.0 0.0 0.0 1.0 0.0 0.0 8.0 0.0
2075.0186152308825 0.0 0.0 0.0 1.0 0.0 0.0 8.0 0.0
2076.0182488308405 0.0 0.0 0.0 1.0 0.0 0.0 8.0 0.0
2077.024376186137 0.0 0.0 0.0 1.0 0.0 0.0 8.0 0.0
2078.0256622905235 0.0 0.0 0.0 1.0 0.0 0.0 8.0 0.0
2079.0016871609537 0.0 0.0 0.0 1.0 0.0 0.0 8.0 0.0
2080.044985983321 0.0 0.0 0.0 1.0 0.0 0.0 8.0 0.0
2081.004756695882 0.0 0.0 0.0 1.0 0.0 0.0 8.0 0.0
2082.012234923992 0.0 0.0 0.0 1.0 0.0 0.0 8.0 0.0
2083.029116149106 0.0 0.0 0.0 1.0 0.0 0.0 8.0 0.0
2084.000427104214 0.0 0.0 0.0 1.0 0.0 0.0 8.0 0.0
2085.0291305009864 0.0 0.0 0.0 1.0 0.0 0.0 8.0 0.0
2086.044985983321 0.0 0.0 0.0 1.0 0.0 0.0 8.0 0.0
2087.044985983321 0.0 0.0 0.0 1.0 0.0 0.0 8.0 0.0
2088.0343412045654 0.0 0.0 0.0 1.0 0.0 0.0 8.0 0.0
2089.0272607527863 0.0 0.0 0.0 1.0 0.0 0.0 8.0 0.0
2090.0058991530573 0.0 0.0 0.0 1.0 0.0 0.0 8.0 0.0
2091.044985983321 0.0 0.0 0.0 1.0 0.0 0.0 8.0 0.0
2092.020585072478 0.0 0.0 0.0 1.0 0.0 0.0 8.0 0.0
2093.0136032837136 0.0 0.0 0.0 1.0 0.0 0.0 8.0 0.0
2094.044985983321 0.0 0.0 0.0 1.0 0.0 0.0 8.0 0.0
2095.0346057436523 0.0 0.0 0.0 1.0 0.0 0.0 8.0 0.0
2096.00807682808 0.0 0.0 0.0 1.0 0.0 0.0 8.0 0.0
2097.016296455658 0.0 0.0 0.0 1.0 0.0 0.0 8.0 0.0
2098.004235658716 0.0 0.0 0.0 1.0 0.0 0.0 8.0 0.0
2099.044602188119 0.0 0.0 0.0 1.0 0.0 0.0 8.0 0.0
2100.001931727154 0.0 0.0 0.0 1.0 0.0 0.0 8.0 0.0
2101.0126748030484 0.0 0.0 0.0 1.0 0.0 0.0 8.0 0.0
2102.0186769178113 0.0 0.0 0.0 1.0 0.0 0.0 8.0 0.0
2103.001284604116 0.0 0.0 0.0 1.0 0.0 0.0 8.0 0.0
2104.006604215523 0.0 0.0 0.0 1.0 0.0 0.0 8.0 0.0
2105.0135409306104 0.0 0.0 0.0 1.0 0.0 0.0 8.0 0.0
2106.014782431766 0.0 0.0 0.0 1.0 0.0 0.0 8.0 0.0
2107.000574692346 0.0 0.0 0.0 1.0 0.0 0.0 8.0 0.0
2108.044985983321 0.0 0.0 0.0 1.0 0.0 0.0 8.0 0.0
2109.044985983321 0.0 0.0 0.0 1.0 0.0 0.0 8.0 0.0
2110.0058851569265 0.0 0.0 0.0 1.0 0.0 0.0 8.0 0.0
2111.024465285493 0.0 0.0 0.0 1.0 0.0 0.0 8.0 0.0
2112.0166856808455 0.0 0.0 0.0 1.0 0.0 0.0 8.0 0.0
2113.0444326551487 0.0 0.0 0.0 1.0 0.0 0.0 8.0 0.0
2114.026352066271 0.0 0.0 0.0 1.0 0.0 0.0 8.0 0.0
2115.0060583124828 0.0 0.0 0.0 1.0 0.0 0.0 8.0 0.0
2116.009072737248 0.0 0.0 0.0 1.0 0.0 0.0 8.0 0.0
2117.0047793508784 0.0 0.0 0.0 1.0 0.0 0.0 8.0 0.0
2118.0171558024736 0.0 0.0 0.0 1.0 0.0 0.0 8.0 0.0
2119.0069433295553 0.0 0.0 0.0 1.0 0.0 0.0 8.0 0.0
2120.0001449225692 0.0 0.0 0.0 1.0 0.0 0.0 8.0 0.0
2121.0236412123463 0.0 0.0 0.0 1.0 0.0 0.0 8.0 0.0
2122.001779353972 0.0 0.0 0.0 1.0 0.0 0.0 8.0 0.0
2123.014144114611 0.0 0.0 0.0 1.0 0.0 0.0 8.0 0.0
2124.030722835098 0.0 0.0 0.0 1.0 0.0 0.0 8.0 0.0
2125.0307426887584 0.0 0.0 0.0 1.0 0.0 0.0 8.0 0.0
2126.006451835076 0.0 0.0 0.0 1.0 0.0 0.0 8.0 0.0
2127.044985983321 0.0 0.0 0.0 1.0 0.0 0.0 8.0 0.0
2128.044985983321 0.0 0.0 0.0 1.0 0.0 0.0 8.0 0.0
2129.005758529897 0.0 0.0 0.0 1.0 0.0 0.0 8.0 0.0
2130.0342363488153 0.0 0.0 0.0 1.0 0.0 0.0 8.0 0.0
2131.0005484048006 0.0 0.0 0.0 1.0 0.0 0.0 8.0 0.0
2132.008701934846 0.0 0.0 0.0 1.0 0.0 0.0 8.0 0.0
2133.0369192135627 0.0 0.0 0.0 1.0 0.0 0.0 8.0 0.0
2134.0113448032957 0.0 0.0 0.0 1.0 0.0 0.0 8.0 0.0
2135.044985983321 0.0 0.0 0.0 1.0 0.0 0.0 8.0 0.0
2136.044985983321 0.0 0.0 0.0 1.0 0.0 0.0 8.0 0.0
2137.042301416254 0.0 0.0 0.0 1.0 0.0 0.0 8.0 0.0
2138.0042263900714 0.0 0.0 0.0 1.0 0.0 0.0 8.0 0.0
2139.01724854334 0.0 0.0 0.0 1.0 0.0 0.0 8.0 0.0
2140.044985983321 0.0 0.0 0.0 1.0 0.0 0.0 8.0 0.0
2141.0207094838834 0.0 0.0 0.0 1.0 0.0 0.0 8.0 0.0
2142.0111680993728 0.0 0.0 0.0 1.0 0.0 0.0 8.0 0.0
2143.017622527769 0.0 0.0 0.0 1.0 0.0 0.0 8.0 0.0
2144.0399587415773 0.0 0.0 0.0 1.0 0.0 0.0 8.0 0.0
2145.0074493050543 0.0 0.0 0.0 1.0 0.0 0.0 8.0 0.0
2146.0069057754813 0.0 0.0 0.0 1.0 0.0 0.0 8.0 0.0
2147.044985983321 0.0 0.0 0.0 1.0 0.0 0.0 8.0 0.0
2148.044985983321 0.0 0.0 0.0 1.0 0.0 0.0 8.0 0.0
2149.0194093757905 0.0 0.0 0.0 1.0 0.0 0.0 8.0 0.0
2150.0039709528546 0.0 0.0 0.0 1.0 0.0 0.0 8.0 0.0
2151.005148902804 0.0 0.0 0.0 1.0 0.0 0.0 8.0 0.0
2152.0042550315907 0.0 0.0 0.0 1.0 0.0 0.0 8.0 0.0
2153.0238619485867 0.0 0.0 0.0 1.0 0.0 0.0 8.0 0.0
2154.004193779025 0.0 0.0 0.0 1.0 0.0 0.0 8.0 0.0
2155.0060221864587 0.0 0.0 0.0 1.0 0.0 0.0 8.0 0.0
2156.009023367392 0.0 0.0 0.0 1.0 0.0 0.0 8.0 0.0
2157.023107714354 0.0 0.0 0.0 1.0 0.0 0.0 8.0 0.0
2158.014413042876 0.0 0.0 0.0 1.0 0.0 0.0 8.0 0.0
2159.044985983321 0.0 0.0 0.0 1.0 0.0 0.0 8.0 0.0
2160.0297882401824 0.0 0.0 0.0 1.0 0.0 0.0 8.0 0.0
2161.0247099233447 0.0 0.0 0.0 1.0 0.0 0.0 8.0 0.0
2162.0094046254194 0.0 0.0 0.0 1.0 0.0 0.0 8.0 0.0
2163.026985777096 0.0 0.0 0.0 1.0 0.0 0.0 8.0 0.0
2164.005106272269 0.0 0.0 0.0 1.0 0.0 0.0 8.0 0.0
2165.0101030203255 0.0 0.0 0.0 1.0 0.0 0.0 8.0 0.0
2166.006309519826 0.0 0.0 0.0 1.0 0.0 0.0 8.0 0.0
2167.0037982595386 0.0 0.0 0.0 1.0 0.0 0.0 8.0 0.0
2168.0073960233553 0.0 0.0 0.0 1.0 0.0 0.0 8.0 0.0
2169.044985983321 0.0 0.0 0.0 1.0 0.0 0.0 8.0 0.0
2170.0239172754573 0.0 0.0 0.0 1.0 0.0 0.0 8.0 0.0
2171.006479866133 0.0 0.0 0.0 1.0 0.0 0.0 8.0 0.0
2172.005971803833 0.0 0.0 0.0 1.0 0.0 0.0 8.0 0.0
2173.0106139633344 0.0 0.0 0.0 1.0 0.0 0.0 8.0 0.0
2174.0405326700893 0.0 0.0 0.0 1.0 0.0 0.0 8.0 0.0
2175.0004966317483 0.0 0.0 0.0 1.0 0.0 0.0 8.0 0.0
2176.044985983321 0.0 0.0 0.0 1.0 0.0 0.0 8.0 0.0
2177.021016824729 0.0 0.0 0.0 1.0 0.0 0.0 8.0 0.0
2178.013039504174 0.0 0.0 0.0 1.0 0.0 0.0 8.0 0.0
2179.044985983321 0.0 0.0 0.0 1.0 0.0 0.0 8.0 0.0
2180.044985983321 0.0 0.0 0.0 1.0 0.0 0.0 8.0 0.0
2181.007947890164 0.0 0.0 0.0 1.0 0.0 0.0 8.0 0.0
2182.008975905527 0.0 0.0 0.0 1.0 0.0 0.0 8.0 0.0
2183.0291362838416 0.0 0.0 0.0 1.0 0.0 0.0 8.0 0.0
2184.0093971729098 0.0 0.0 0.0 1.0 0.0 0.0 8.0 0.0
2185.005370578781 0.0 0.0 0.0 1.0 0.0 0.0 8.0 0.0
2186.044985983321 0.0 0.0 0.0 1.0 0.0 0.0 8.0 0.0
2187.014776566827 0.0 0.0 0.0 1.0 0.0 0.0 8.0 0.0
2188.044985983321 0.0 0.0 0.0 1.0 0.0 0.0 8.0 0.0
2189.044985983321 0.0 0.0 0.0 1.0 0.0 0.0 8.0 0.0
2190.044985983321 0.0 0.0 0.0 1.0 0.0 0.0 8.0 0.0
2191.007351462561 0.0 0.0 0.0 1.0 0.0 0.0 8.0 0.0
2192.038613102601 0.0 0.0 0.0 1.0 0.0 0.0 8.0 0.0
2193.018960372372 0.0 0.0 0.0 1.0 0.0 0.0 8.0 0.0
2194.028071729769 0.0 0.0 0.0 1.0 0.0 0.0 8.0 0.0
2195.0352482201283 0.0 0.0 0.0 1.0 0.0 0.0 8.0 0.0
2196.044985983321 0.0 0.0 0.0 1.0 0.0 0.0 8.0 0.0
2197.0223844263132 0.0 0.0 0.0 1.0 0.0 0.0 8.0 0.0
2198.044985983321 0.0 0.0 0.0 1.0 0.0 0.0 8.0 0.0
2199.0106416883277 0.0 0.0 0.0 1.0 0.0 0.0 8.0 0.0
2200.027554185879 0.0 0.0 0.0 1.0 0.0 0.0 8.0 0.0
2201.012588013574 0.0 0.0 0.0 1.0 0.0 0.0 8.0 0.0
2202.0003073862526 0.0 0.0 0.0 1.0 0.0 0.0 8.0 0.0
2203.0279507514565 0.0 0.0 0.0 1.0 0.0 0.0 8.0 0.0
2204.044985983321 0.0 0.0 0.0 1.0 0.0 0.0 8.0 0.0
2205.044985983321 0.0 0.0 0.0 1.0 0.0 0.0 8.0 0.0
2206.017252844882 0.0 0.0 0.0 1.0 0.0 0.0 8.0 0.0
2207.0240614707614 0.0 0.0 0.0 1.0 0.0 0.0 8.0 0.0
2208.0098381993985 0.0 0.0 0.0 1.0 0.0 0.0 8.0 0.0
2209.044985983321 0.0 0.0 0.0 1.0 0.0 0.0 8.0 0.0
2210.044985983321 0.0 0.0 0.0 1.0 0.0 0.0 8.0 0.0
2211.0359837833184 0.0 0.0 0.0 1.0 0.0 0.0 8.0 0.0
2212.020003450551 0.0 0.0 0.0 1.0 0.0 0.0 8.0 0.0
2213.0020620422624 0.0 0.0 0.0 1.0 0.0 0.0 8.0 0.0
2214.044985983321 0.0 0.0 0.0 1.0 0.0 0.0 8.0 0.0
2215.044985983321 0.0 0.0 0.0 1.0 0.0 0.0 8.0 0.0
2216.016719017163 0.0 0.0 0.0 1.0 0.0 0.0 8.0 0.0
2217.044985983321 0.0 0.0 0.0 1.0 0.0 0.0 8.0 0.0
2218.044985983321 0.0 0.0 0.0 1.0 0.0 0.0 8.0 0.0
2219.0042539585274 0.0 0.0 0.0 1.0 0.0 0.0 8.0 0.0
2220.0425649459557 0.0 0.0 0.0 1.0 0.0 0.0 8.0 0.0
2221.009559979417 0.0 0.0 0.0 1.0 0.0 0.0 8.0 0.0
2222.020600580216 0.0 0.0 0.0 1.0 0.0 0.0 8.0 0.0
2223.0364346043625 0.0 0.0 0.0 1.0 0.0 0.0 8.0 0.0
2224.0000074931604 0.0 0.0 0.0 1.0 0.0 0.0 8.0 0.0
2225.044985983321 0.0 0.0 0.0 1.0 0.0 0.0 8.0 0.0
2226.015912362954 0.0 0.0 0.0 1.0 0.0 0.0 8.0 0.0
2227.014032858175 0.0 0.0 0.0 1.0 0.0 0.0 8.0 0.0
2228.0383891272836 0.0 0.0 0.0 1.0 0.0 0.0 8.0 0.0
2229.044985983321 0.0 0.0 0.0 1.0 0.0 0.0 8.0 0.0
2230.044985983321 0.0 0.0 0.0 1.0 0.0 0.0 8.0 0.0
2231.0012948794656 0.0 0.0 0.0 1.0 0.0 0.0 8.0 0.0
2232.0161044975775 0.0 0.0 0.0 1.0 0.0 0.0 8.0 0.0
2233.0300560312744 0.0 0.0 0.0 1.0 0.0 0.0 8.0 0.0
2234.0311584303527 0.0 0.0 0.0 1.0 0.0 0.0 8.0 0.0
2235.031099758828 0.0 0.0 0.0 1.0 0.0 0.0 8.0 0.0
2236.044985983321 0.0 0.0 0.0 1.0 0.0 0.0 8.0 0.0
2237.0022826926006 0.0 0.0 0.0 1.0 0.0 0.0 8.0 0.0
2238.0269561826126 0.0 0.0 0.0 1.0 0.0 0.0 8.0 0.0
2239.0225162552465 0.0 0.0 0.0 1.0 0.0 0.0 8.0 0.0
2240.031023215466 0.0 0.0 0.0 1.0 0.0 0.0 8.0 0.0
2241.044985983321 0.0 0.0 0.0 1.0 0.0 0.0 8.0 0.0
2242.012034736489 0.0 0.0 0.0 1.0 0.0 0.0 8.0 0.0
2243.0168697015706 0.0 0.0 0.0 1.0 0.0 0.0 8.0 0.0
2244.044985983321 0.0 0.0 0.0 1.0 0.0 0.0 8.0 0.0
2245.044985983321 0.0 0.0 0.0 1.0 0.0 0.0 8.0 0.0
2246.044985983321 0.0 0.0 0.0 1.0 0.0 0.0 8.0 0.0
2247.0385547874303 0.0 0.0 0.0 1.0 0.0 0.0 8.0 0.0
2248.0334440137012 0.0 0.0 0.0 1.0 0.0 0.0 8.0 0.0
2249.0171579367643 0.0 0.0 0.0 1.0 0.0 0.0 8.0 0.0
2250.035998700875 0.0 0.0 0.0 1.0 0.0 0.0 8.0 0.0
2251.0278481059986 0.0 0.0 0.0 1.0 0.0 0.0 8.0 0.0
2252.0042149509636 0.0 0.0 0.0 1.0 0.0 0.0 8.0 0.0
2253.004791499084 0.0 0.0 0.0 1.0 0.0 0.0 8.0 0.0
2254.0004338962945 0.0 0.0 0.0 1.0 0.0 0.0 8.0 0.0
2255.044985983321 0.0 0.0 0.0 1.0 0.0 0.0 8.0 0.0
2256.044985983321 0.0 0.0 0.0 1.0 0.0 0.0 8.0 0.0
2257.044985983321 0.0 0.0 0.0 1.0 0.0 0.0 8.0 0.0
2258.044985983321 0.0 0.0 0.0 1.0 0.0 0.0 8.0 0.0
2259.044985983321 0.0 0.0 0.0 1.0 0.0 0.0 8.0 0.0
2260.002401690964 0.0 0.0 0.0 1.0 0.0 0.0 8.0 0.0
2261.00849633518 0.0 0.0 0.0 1.0 0.0 0.0 8.0 0.0
2262.004656884934 0.0 0.0 0.0 1.0 0.0 0.0 8.0 0.0
2263.0059362332386 0.0 0.0 0.0 1.0 0.0 0.0 8.0 0.0
2264.0425438574293 0.0 0.0 0.0 1.0 0.0 0.0 8.0 0.0
2265.0070673346668 0.0 0.0 0.0 1.0 0.0 0.0 8.0 0.0
2266.0187700067763 0.0 0.0 0.0 1.0 0.0 0.0 8.0 0.0
2267.044985983321 0.0 0.0 0.0 1.0 0.0 0.0 8.0 0.0
2268.044985983321 0.0 0.0 0.0 1.0 0.0 0.0 8.0 0.0
2269.035810338541 0.0 0.0 0.0 1.0 0.0 0.0 8.0 0.0
2270.0338387548445 0.0 0.0 0.0 1.0 0.0 0.0 8.0 0.0
2271.0056425111866 0.0 0.0 0.0 1.0 0.0 0.0 8.0 0.0
2272.0040151545 0.0 0.0 0.0 1.0 0.0 0.0 8.0 0.0
2273.0030499989234 0.0 0.0 0.0 1.0 0.0 0.0 8.0 0.0
2274.027296473233 0.0 0.0 0.0 1.0 0.0 0.0 8.0 0.0
2275.044985983321 0.0 0.0 0.0 1.0 0.0 0.0 8.0 0.0
2276.005221859077 0.0 0.0 0.0 1.0 0.0 0.0 8.0 0.0
2277.02131839969 0.0 0.0 0.0 1.0 0.0 0.0 8.0 0.0
2278.00898335366 0.0 0.0 0.0 1.0 0.0 0.0 8.0 0.0
2279.000123687406 0.0 0.0 0.0 1.0 0.0 0.0 8.0 0.0
2280.044985983321 0.0 0.0 0.0 1.0 0.0 0.0 8.0 0.0
2281.009430506661 0.0 0.0 0.0 1.0 0.0 0.0 8.0 0.0
2282.005031880678 0.0 0.0 0.0 1.0 0.0 0.0 8.0 0.0
2283.035168081553 0.0 0.0 0.0 1.0 0.0 0.0 8.0 0.0
2284.0391010042435 0.0 0.0 0.0 1.0 0.0 0.0 8.0 0.0
2285.044985983321 0.0 0.0 0.0 1.0 0.0 0.0 8.0 0.0
2286.044985983321 0.0 0.0 0.0 1.0 0.0 0.0 8.0 0.0
2287.044985983321 0.0 0.0 0.0 1.0 0.0 0.0 8.0 0.0
2288.0057081013983 0.0 0.0 0.0 1.0 0.0 0.0 8.0 0.0
2289.0015070857216 0.0 0.0 0.0 1.0 0.0 0.0 8.0 0.0
2290.0050895378095 0.0 0.0 0.0 1.0 0.0 0.0 8.0 0.0
2291.044985983321 0.0 0.0 0.0 1.0 0.0 0.0 8.0 0.0
2292.009370905469 0.0 0.0 0.0 1.0 0.0 0.0 8.0 0.0
2293.0103634067027 0.0 0.0 0.0 1.0 0.0 0.0 8.0 0.0
2294.0007139204345 0.0 0.0 0.0 1.0 0.0 0.0 8.0 0.0
2295.020958408652 0.0 0.0 0.0 1.0 0.0 0.0 8.0 0.0
2296.011074980662 0.0 0.0 0.0 1.0 0.0 0.0 8.0 0.0
2297.044985983321 0.0 0.0 0.0 1.0 0.0 0.0 8.0 0.0
2298.012462226694 0.0 0.0 0.0 1.0 0.0 0.0 8.0 0.0
2299.023703288472 0.0 0.0 0.0 1.0 0.0 0.0 8.0 0.0
2300.044985983321 0.0 0.0 0.0 1.0 0.0 0.0 7.825 0.0
2301.000795405221 0.375 0.0 0.0 0.625 0.0 1.0 7.25 0.4573170731707317
2302.0084484418608 0.825 0.0 0.0 0.17499999999999996 0.0 1.0 6.975 0.2817073170731707
2303.0250902943753 0.975 0.0 0.0 0.024999999999999994 0.0 1.0 7.35 0.0475609756097561
2304.0191456998587 1.0 0.0 0.0 0.0 0.0 1.0 7.8 0.0
2305.0419665203262 1.0 0.0 0.0 0.0 0.0 1.0 7.9 0.0
2306.034104695718 1.0 0.0 0.0 0.0 0.0 1.0 7.95 0.0
2307.0101984272446 1.0 0.0 0.0 0.0 0.0 1.0 7.975 0.0
2308.0000392479933 1.0 0.0 0.0 0.0 0.0 1.0 8.0 0.0
2309.039239848821 1.0 0.0 0.0 0.0 0.0 1.0 8.0 0.0
2310.011720707235 1.0 0.0 0.0 0.0 0.0 1.0 8.0 0.0
2311.044985983321 1.0 0.0 0.0 0.0 0.0 1.0 8.0 0.0
2312.022154572504 1.0 0.0 0.0 0.0 0.0 1.0 8.0 0.0
2313.031603586332 1.0 0.0 0.0 0.0 0.0 1.0 8.0 0.0
2314.001245346793 1.0 0.0 0.0 0.0 0.0 1.0 8.0 0.0
2315.000065893292 1.0 0.0 0.0 0.0 0.0 1.0 8.0 0.0
2316.0166620810837 1.0 0.0 0.0 0.0 0.0 1.0 8.0 0.0
2317.00124887311 1.0 0.0 0.0 0.0 0.0 1.0 8.0 0.0
2318.026918679257 1.0 0.0 0.0 0.0 0.0 1.0 8.0 0.0
2319.0193958709183 1.0 0.0 0.0 0.0 0.0 1.0 8.0 0.0
2320.015930443311 1.0 0.0 0.0 0.0 0.0 1.0 8.0 0.0
2321.0079058182096 1.0 0.0 0.0 0.0 0.0 1.0 8.0 0.0
2322.019804785241 1.0 0.0 0.0 0.0 0.0 1.0 8.0 0.0
2323.0015948657224 1.0 0.0 0.0 0.0 0.0 1.0 8.0 0.0
2324.044985983321 1.0 0.0 0.0 0.0 0.0 1.0 8.0 0.0
2325.044985983321 1.0 0.0 0.0 0.0 0.0 1.0 8.0 0.0
2326.044985983321 1.0 0.0 0.0 0.0 0.0 1.0 8.0 0.0
2327.011944607359 1.0 0.0 0.0 0.0 0.0 1.0 8.0 0.0
2328.0323164691663 1.0 0.0 0.0 0.0 0.0 1.0 8.0 0.0
2329.0174321898016 1.0 0.0 0.0 0.0 0.0 1.0 8.0 0.0
2330.044985983321 1.0 0.0 0.0 0.0 0.0 1.0 8.0 0.0
2331.0110657787745 1.0 0.0 0.0 0.0 0.0 1.0 8.0 0.0
2332.044985983321 1.0 0.0 0.0 0.0 0.0 1.0 8.0 0.0
2333.0122119208577 1.0 0.0 0.0 0.0 0.0 1.0 8.0 0.0
2334.0413457882905 1.0 0.0 0.0 0.0 0.0 1.0 8.0 0.0
2335.044985983321 1.0 0.0 0.0 0.0 0.0 1.0 8.0 0.0
2336.0190859307836 1.0 0.0 0.0 0.0 0.0 1.0 8.0 0.0
2337.013435771842 1.0 0.0 0.0 0.0 0.0 1.0 8.0 0.0
2338.044985983321 1.0 0.0 0.0 0.0 0.0 1.0 8.0 0.0
2339.044985983321 1.0 0.0 0.0 0.0 0.0 1.0 8.0 0.0
2340.044985983321 1.0 0.0 0.0 0.0 0.0 1.0 8.0 0.0
2341.0124573758853 1.0 0.0 0.0 0.0 0.0 1.0 8.0 0.0
2342.0053554419383 1.0 0.0 0.0 0.0 0.0 1.0 8.0 0.0
2343.044985983321 1.0 0.0 0.0 0.0 0.0 1.0 8.0 0.0
2344.018667045875 1.0 0.0 0.0 0.0 0.0 1.0 8.0 0.0
2345.001007790892 1.0 0.0 0.0 0.0 0.0 1.0 8.0 0.0
2346.044985983321 1.0 0.0 0.0 0.0 0.0 1.0 8.0 0.0
2347.017253360698 1.0 0.0 0.0 0.0 0.0 1.0 8.0 0.0
2348.0154185807546 1.0 0.0 0.0 0.0 0.0 1.0 8.0 0.0
2349.034227361809 1.0 0.0 0.0 0.0 0.0 1.0 8.0 0.0
2350.0010973233484 1.0 0.0 0.0 0.0 0.0 1.0 8.0 0.0
2351.0031718807786 1.0 0.0 0.0 0.0 0.0 1.0 8.0 0.0
2352.044985983321 1.0 0.0 0.0 0.0 0.0 1.0 8.0 0.0
2353.009153027786 1.0 0.0 0.0 0.0 0.0 1.0 8.0 0.0
2354.021522464997 1.0 0.0 0.0 0.0 0.0 1.0 8.0 0.0
2355.0286419608856 1.0 0.0 0.0 0.0 0.0 1.0 8.0 0.0
2356.044985983321 1.0 0.0 0.0 0.0 0.0 1.0 8.0 0.0
2357.0251597480697 1.0 0.0 0.0 0.0 0.0 1.0 8.0 0.0
2358.0124275952116 1.0 0.0 0.0 0.0 0.0 1.0 8.0 0.0
2359.044985983321 1.0 0.0 0.0 0.0 0.0 1.0 8.0 0.0
2360.0072565254873 1.0 0.0 0.0 0.0 0.0 1.0 8.0 0.0
2361.0102335843626 1.0 0.0 0.0 0.0 0.0 1.0 8.0 0.0
2362.03102174716 1.0 0.0 0.0 0.0 0.0 1.0 8.0 0.0
2363.033401277078 1.0 0.0 0.0 0.0 0.0 1.0 8.0 0.0
2364.044985983321 1.0 0.0 0.0 0.0 0.0 1.0 8.0 0.0
2365.033226499288 1.0 0.0 0.0 0.0 0.0 1.0 8.0 0.0
2366.0124284922963 1.0 0.0 0.0 0.0 0.0 1.0 8.0 0.0
2367.0122217074495 1.0 0.0 0.0 0.0 0.0 1.0 8.0 0.0
2368.017037900688 1.0 0.0 0.0 0.0 0.0 1.0 8.0 0.0
2369.044985983321 1.0 0.0 0.0 0.0 0.0 1.0 8.0 0.0
2370.013022249633 1.0 0.0 0.0 0.0 0.0 1.0 8.0 0.0
2371.04131292952 1.0 0.0 0.0 0.0 0.0 1.0 8.0 0.0
2372.044985983321 1.0 0.0 0.0 0.0 0.0 1.0 8.0 0.0
2373.008927440027 1.0 0.0 0.0 0.0 0.0 1.0 8.0 0.0
2374.015124315658 1.0 0.0 0.0 0.0 0.0 1.0 8.0 0.0
2375.027328231089 1.0 0.0 0.0 0.0 0.0 1.0 8.0 0.0
2376.0419647806298 1.0 0.0 0.0 0.0 0.0 1.0 8.0 0.0
2377.0173944550215 1.0 0.0 0.0 0.0 0.0 1.0 8.0 0.0
2378.0015753787916 1.0 0.0 0.0 0.0 0.0 1.0 8.0 0.0
2379.0059214108696 1.0 0.0 0.0 0.0 0.0 1.0 8.0 0.0
2380.026293303723 1.0 0.0 0.0 0.0 0.0 1.0 8.0 0.0
2381.01492841901 1.0 0.0 0.0 0.0 0.0 1.0 8.0 0.0
2382.014825492011 1.0 0.0 0.0 0.0 0.0 1.0 8.0 0.0
2383.0070368038732 1.0 0.0 0.0 0.0 0.0 1.0 8.0 0.0
2384.044985983321 1.0 0.0 0.0 0.0 0.0 1.0 8.0 0.0
2385.0082603035626 1.0 0.0 0.0 0.0 0.0 1.0 8.0 0.0
2386.044985983321 1.0 0.0 0.0 0.0 0.0 1.0 8.0 0.0
2387.0143282905274 1.0 0.0 0.0 0.0 0.0 1.0 8.0 0.0
2388.0023191344126 1.0 0.0 0.0 0.0 0.0 1.0 8.0 0.0
2389.0276148578064 1.0 0.0 0.0 0.0 0.0 1.0 8.0 0.0
2390.019790267062 1.0 0.0 0.0 0.0 0.0 1.0 8.0 0.0
2391.006426143773 1.0 0.0 0.0 0.0 0.0 1.0 8.0 0.0
2392.0100777361527 1.0 0.0 0.0 0.0 0.0 1.0 8.0 0.0
2393.005689834152 1.0 0.0 0.0 0.0 0.0 1.0 8.0 0.0
2394.004489335458 1.0 0.0 0.0 0.0 0.0 1.0 8.0 0.0
2395.044985983321 1.0 0.0 0.0 0.0 0.0 1.0 8.0 0.0
2396.0010252968987 1.0 0.0 0.0 0.0 0.0 1.0 8.0 0.0
2397.029961189113 1.0 0.0 0.0 0.0 0.0 1.0 8.0 0.0
2398.0375507376907 1.0 0.0 0.0 0.0 0.0 1.0 8.0 0.0
2399.0324463431816 1.0 0.0 0.0 0.0 0.0 1.0 8.0 0.0
2400.0 1.0 0.0 0.0 0.0 1.0 1.0 8.0 0.0
2401.044985983321 1.0 0.0 0.0 0.0 1.0 1.0 7.9 0.0
2402.044985983321 0.85 0.024999999999999994 0.125 0.0 1.0 1.0 6.75 0.2548780487804878
2403.044985983321 0.325 0.04999999999999998 0.625 0.0 1.0 1.0 6.425 0.48902439024390243
2404.0422484100654 0.125 0.15 0.725 0.0 1.0 1.0 6.875 0.42560975609756097
2405.0023770788184 0.02499999999999999 0.525 0.45 0.0 1.0 1.0 7.275 0.5085365853658537
2406.030474845695 0.0 0.875 0.125 0.0 1.0 1.0 7.675 0.21341463414634146
2407.0087562854637 0.0 0.95 0.049999999999999975 0.0 1.0 1.0 7.825 0.09268292682926829
2408.0123000079884 0.0 1.0 0.0 0.0 1.0 1.0 7.95 0.0
2409.044985983321 0.0 1.0 0.0 0.0 1.0 1.0 8.0 0.0
2410.00361062056 0.0 1.0 0.0 0.0 1.0 1.0 8.0 0.0
2411.0055471585406 0.0 1.0 0.0 0.0 1.0 1.0 8.0 0.0
2412.041694459534 0.0 1.0 0.0 0.0 1.0 1.0 8.0 0.0
2413.044985983321 0.0 1.0 0.0 0.0 1.0 1.0 8.0 0.0
2414.0039933367957 0.0 1.0 0.0 0.0 1.0 1.0 8.0 0.0
2415.0006662699793 0.0 1.0 0.0 0.0 1.0 1.0 8.0 0.0
2416.0156595851354 0.0 1.0 0.0 0.0 1.0 1.0 8.0 0.0
2417.044985983321 0.0 1.0 0.0 0.0 1.0 1.0 8.0 0.0
2418.0116381567736 0.0 1.0 0.0 0.0 1.0 1.0 8.0 0.0
2419.0189245856263 0.0 1.0 0.0 0.0 1.0 1.0 8.0 0.0
2420.023707963788 0.0 1.0 0.0 0.0 1.0 1.0 8.0 0.0
2421.044985983321 0.0 1.0 0.0 0.0 1.0 1.0 8.0 0.0
2422.0029391315215 0.0 1.0 0.0 0.0 1.0 1.0 8.0 0.0
2423.009296316269 0.0 1.0 0.0 0.0 1.0 1.0 8.0 0.0
2424.013070488987 0.0 1.0 0.0 0.0 1.0 1.0 8.0 0.0
2425.0053422745964 0.0 1.0 0.0 0.0 1.0 1.0 8.0 0.0
2426.0166745265806 0.0 1.0 0.0 0.0 1.0 1.0 8.0 0.0
2427.0146914917277 0.0 1.0 0.0 0.0 1.0 1.0 8.0 0.0
2428.044985983321 0.0 1.0 0.0 0.0 1.0 1.0 8.0 0.0
2429.016793147973 0.0 1.0 0.0 0.0 1.0 1.0 8.0 0.0
2430.013727556193 0.0 1.0 0.0 0.0 1.0 1.0 8.0 0.0
2431.0075421210545 0.0 1.0 0.0 0.0 1.0 1.0 8.0 0.0
2432.0082777244434 0.0 1.0 0.0 0.0 1.0 1.0 8.0 0.0
2433.044985983321 0.0 1.0 0.0 0.0 1.0 1.0 8.0 0.0
2434.044985983321 0.0 1.0 0.0 0.0 1.0 1.0 8.0 0.0
2435.0105060553024 0.0 1.0 0.0 0.0 1.0 1.0 8.0 0.0
2436.0006378555713 0.0 1.0 0.0 0.0 1.0 1.0 8.0 0.0
2437.044985983321 0.0 1.0 0.0 0.0 1.0 1.0 8.0 0.0
2438.008406345487 0.0 1.0 0.0 0.0 1.0 1.0 8.0 0.0
2439.0176489664696 0.0 1.0 0.0 0.0 1.0 1.0 8.0 0.0
2440.03461695042 0.0 1.0 0.0 0.0 1.0 1.0 8.0 0.0
2441.005240254922 0.0 1.0 0.0 0.0 1.0 1.0 8.0 0.0
2442.044985983321 0.0 1.0 0.0 0.0 1.0 1.0 8.0 0.0
2443.0420078656393 0.0 1.0 0.0 0.0 1.0 1.0 8.0 0.0
2444.03776324671 0.0 1.0 0.0 0.0 1.0 1.0 8.0 0.0
2445.0442802495872 0.0 1.0 0.0 0.0 1.0 1.0 8.0 0.0
2446.0041452758906 0.0 1.0 0.0 0.0 1.0 1.0 8.0 0.0
2447.0183057295753 0.0 1.0 0.0 0.0 1.0 1.0 8.0 0.0
2448.0088314911886 0.0 1.0 0.0 0.0 1.0 1.0 8.0 0.0
2449.022493903214 0.0 1.0 0.0 0.0 1.0 1.0 8.0 0.0
2450.0223503814186 0.0 1.0 0.0 0.0 1.0 1.0 8.0 0.0
2451.035210225679 0.0 1.0 0.0 0.0 1.0 1.0 8.0 0.0
2452.044985983321 0.0 1.0 0.0 0.0 1.0 1.0 8.0 0.0
2453.033547060903 0.0 1.0 0.0 0.0 1.0 1.0 8.0 0.0
2454.0272379567496 0.0 1.0 0.0 0.0 1.0 1.0 8.0 0.0
2455.044985983321 0.0 1.0 0.0 0.0 1.0 1.0 8.0 0.0
2456.020779687817 0.0 1.0 0.0 0.0 1.0 1.0 8.0 0.0
2457.044985983321 0.0 1.0 0.0 0.0 1.0 1.0 8.0 0.0
2458.044985983321 0.0 1.0 0.0 0.0 1.0 1.0 8.0 0.0
2459.007090423935 0.0 1.0 0.0 0.0 1.0 1.0 8.0 0.0
2460.010058164166 0.0 1.0 0.0 0.0 1.0 1.0 8.0 0.0
2461.0302261568368 0.0 1.0 0.0 0.0 1.0 1.0 8.0 0.0
2462.0393476598942 0.0 1.0 0.0 0.0 1.0 1.0 8.0 0.0
2463.0039318099407 0.0 1.0 0.0 0.0 1.0 1.0 8.0 0.0
2464.044985983321 0.0 1.0 0.0 0.0 1.0 1.0 8.0 0.0
2465.010253683791 0.0 1.0 0.0 0.0 1.0 1.0 8.0 0.0
2466.0434428656727 0.0 1.0 0.0 0.0 1.0 1.0 8.0 0.0
2467.0041395983894 0.0 1.0 0.0 0.0 1.0 1.0 8.0 0.0
2468.044985983321 0.0 1.0 0.0 0.0 1.0 1.0 8.0 0.0
2469.044985983321 0.0 1.0 0.0 0.0 1.0 1.0 8.0 0.0
2470.0037742594186 0.0 1.0 0.0 0.0 1.0 1.0 8.0 0.0
2471.044985983321 0.0 1.0 0.0 0.0 1.0 1.0 8.0 0.0
2472.044985983321 0.0 1.0 0.0 0.0 1.0 1.0 8.0 0.0
2473.0231844757855 0.0 1.0 0.0 0.0 1.0 1.0 8.0 0.0
2474.044985983321 0.0 1.0 0.0 0.0 1.0 1.0 8.0 0.0
2475.0064534147477 0.0 1.0 0.0 0.0 1.0 1.0 8.0 0.0
2476.0007275551247 0.0 1.0 0.0 0.0 1.0 1.0 8.0 0.0
2477.01700157763 0.0 1.0 0.0 0.0 1.0 1.0 8.0 0.0
2478.027009100786 0.0 1.0 0.0 0.0 1.0 1.0 8.0 0.0
2479.044985983321 0.0 1.0 0.0 0.0 1.0 1.0 8.0 0.0
2480.0048088836893 0.0 1.0 0.0 0.0 1.0 1.0 8.0 0.0
2481.013500747615 0.0 1.0 0.0 0.0 1.0 1.0 8.0 0.0
2482.0182173193593 0.0 1.0 0.0 0.0 1.0 1.0 8.0 0.0
2483.0117687325633 0.0 1.0 0.0 0.0 1.0 1.0 8.0 0.0
2484.0071403153215 0.0 1.0 0.0 0.0 1.0 1.0 8.0 0.0
2485.003577600033 0.0 1.0 0.0 0.0 1.0 1.0 7.95 0.0
2486.044985983321 0.0 1.0 0.0 0.0 1.0 1.0 7.45 0.0
2487.0199653372097 0.0 1.0 0.0 0.0 1.0 1.0 6.5 0.0
2488.044985983321 0.0 1.0 0.0 0.0 1.0 1.0 6.125 0.0
2489.0143895507167 0.0 1.0 0.0 0.0 1.0 1.0 6.1 0.0
2490.044985983321 0.0 0.675 0.0 0.325 0.0 1.0 6.0 0.42804878048780487
2491.044985983321 0.3 0.04999999999999999 0.0 0.65 0.0 1.0 6.25 0.47317073170731705
2492.029799619532 0.9 0.024999999999999994 0.0 0.07500000000000002 0.0 1.0 7.15 0.17926829268292682
2493.011727683374 0.975 0.0 0.0 0.024999999999999994 0.0 1.0 8.1 0.0475609756097561
2494.0373037307577 1.0 0.0 0.0 0.0 0.0 1.0 8.875 0.0
2495.044985983321 1.0 0.0 0.0 0.0 0.0 1.0 8.925 0.0
2496.044985983321 1.0 0.0 0.0 0.0 0.0 1.0 9.0 0.0
2497.044985983321 1.0 0.0 0.0 0.0 0.0 1.0 9.0 0.0
2498.032627100346 1.0 0.0 0.0 0.0 0.0 1.0 9.0 0.0
2499.011537221734 1.0 0.0 0.0 0.0 0.0 1.0 9.0 0.0
2500.0380730853444 1.0 0.0 0.0 0.0 0.0 1.0 9.0 0.0
2501.044985983321 1.0 0.0 0.0 0.0 0.0 1.0 9.0 0.0
2502.0357519309746 1.0 0.0 0.0 0.0 0.0 1.0 9.0 0.0
2503.0183543120424 1.0 0.0 0.0 0.0 0.0 1.0 9.0 0.0
2504.010852004764 1.0 0.0 0.0 0.0 0.0 1.0 9.0 0.0
2505.037951275447 1.0 0.0 0.0 0.0 0.0 1.0 9.0 0.0
2506.038477156724 1.0 0.0 0.0 0.0 0.0 1.0 9.0 0.0
2507.015875610361 1.0 0.0 0.0 0.0 0.0 1.0 9.0 0.0
2508.044985983321 1.0 0.0 0.0 0.0 0.0 1.0 9.0 0.0
2509.0085470132003 1.0 0.0 0.0 0.0 0.0 1.0 9.0 0.0
2510.007711556758 1.0 0.0 0.0 0.0 0.0 1.0 9.0 0.0
2511.002621319074 1.0 0.0 0.0 0.0 0.0 1.0 9.0 0.0
2512.0009147863134 1.0 0.0 0.0 0.0 0.0 1.0 9.0 0.0
2513.0280020802625 1.0 0.0 0.0 0.0 0.0 1.0 9.0 0.0
2514.002778804628 1.0 0.0 0.0 0.0 0.0 1.0 9.0 0.0
2515.0162569606605 1.0 0.0 0.0 0.0 0.0 1.0 9.0 0.0
2516.022658652924 1.0 0.0 0.0 0.0 0.0 1.0 9.0 0.0
2517.044985983321 1.0 0.0 0.0 0.0 0.0 1.0 9.0 0.0
2518.0339309200863 1.0 0.0 0.0 0.0 0.0 1.0 9.0 0.0
2519.0220362776795 1.0 0.0 0.0 0.0 0.0 1.0 9.0 0.0
2520.044985983321 1.0 0.0 0.0 0.0 0.0 1.0 9.0 0.0
2521.044985983321 1.0 0.0 0.0 0.0 0.0 1.0 9.0 0.0
2522.0328030997675 1.0 0.0 0.0 0.0 0.0 1.0 9.0 0.0
2523.029473186218 1.0 0.0 0.0 0.0 0.0 1.0 9.0 0.0
2524.028530011521 1.0 0.0 0.0 0.0 0.0 1.0 9.0 0.0
2525.006758815318 1.0 0.0 0.0 0.0 0.0 1.0 9.0 0.0
2526.024685629232 1.0 0.0 0.0 0.0 0.0 1.0 9.0 0.0
2527.0292449987182 1.0 0.0 0.0 0.0 0.0 1.0 9.0 0.0
2528.014478549775 1.0 0.0 0.0 0.0 0.0 1.0 9.0 0.0
2529.0089427958696 1.0 0.0 0.0 0.0 0.0 1.0 9.0 0.0
2530.009072491386 1.0 0.0 0.0 0.0 0.0 1.0 9.0 0.0
2531.0125608667317 1.0 0.0 0.0 0.0 0.0 1.0 9.0 0.0
2532.044985983321 1.0 0.0 0.0 0.0 0.0 1.0 9.0 0.0
2533.0159005143832 1.0 0.0 0.0 0.0 0.0 1.0 9.0 0.0
2534.0008895215774 1.0 0.0 0.0 0.0 0.0 1.0 9.0 0.0
2535.023192616025 1.0 0.0 0.0 0.0 0.0 1.0 9.0 0.0
2536.0108684172196 0.925 0.0 0.07500000000000001 0.0 0.0 1.0 9.0 0.1353658536585366
2537.0222874276938 0.42499999999999993 0.0 0.575 0.0 0.0 1.0 9.075 0.4768292682926829
2538.020099965986 0.049999999999999996 0.0 0.95 0.0 0.0 1.0 9.6 0.09268292682926829
2539.0014342528025 0.0 0.0 1.0 0.0 0.0 1.0 10.5 0.0
2540.0217687585937 0.0 0.0 1.0 0.0 0.0 1.0 10.95 0.0
2541.031740505627 0.0 0.0 1.0 0.0 0.0 1.0 11.0 0.0
2542.0329378819724 0.0 0.0 1.0 0.0 0.0 1.0 11.0 0.0
2543.044985983321 0.0 0.0 1.0 0.0 0.0 1.0 11.0 0.0
2544.044985983321 0.0 0.0 1.0 0.0 0.0 1.0 11.0 0.0
2545.000052633775 0.0 0.0 1.0 0.0 0.0 1.0 11.0 0.0
2546.044985983321 0.0 0.0 1.0 0.0 0.0 1.0 11.0 0.0
2547.018649954829 0.0 0.0 1.0 0.0 0.0 1.0 11.0 0.0
2548.0011078844254 0.0 0.0 1.0 0.0 0.0 1.0 11.0 0.0
2549.044985983321 0.0 0.0 1.0 0.0 0.0 1.0 11.0 0.0
2550.013912113688 0.0 0.0 1.0 0.0 0.0 1.0 11.0 0.0
2551.021123376866 0.0 0.0 1.0 0.0 0.0 1.0 11.0 0.0
2552.028985613705 0.0 0.0 1.0 0.0 0.0 1.0 11.0 0.0
2553.044985983321 0.0 0.0 1.0 0.0 0.0 1.0 11.0 0.0
2554.0019281073955 0.0 0.0 1.0 0.0 0.0 1.0 11.0 0.0
2555.005087493356 0.0 0.0 1.0 0.0 0.0 1.0 11.0 0.0
2556.010465715373 0.0 0.0 1.0 0.0 0.0 1.0 11.0 0.0
2557.0105691370936 0.0 0.0 1.0 0.0 0.0 1.0 11.0 0.0
2558.0219862872946 0.0 0.0 1.0 0.0 0.0 1.0 11.0 0.0
2559.012896752024 0.0 0.0 1.0 0.0 0.0 1.0 11.0 0.0
2560.024355007824 0.0 0.0 1.0 0.0 0.0 1.0 11.0 0.0
2561.0019649928768 0.0 0.0 1.0 0.0 0.0 1.0 11.0 0.0
2562.0215283734606 0.0 0.0 1.0 0.0 0.0 1.0 11.0 0.0
2563.0189405524 0.0 0.0 1.0 0.0 0.0 1.0 11.0 0.0
2564.0313751948906 0.0 0.0 1.0 0.0 0.0 1.0 11.0 0.0
2565.044985983321 0.0 0.0 1.0 0.0 0.0 1.0 11.0 0.0
2566.0071226359773 0.0 0.0 1.0 0.0 0.0 1.0 11.0 0.0
2567.0035400782594 0.0 0.0 1.0 0.0 0.0 1.0 11.0 0.0
2568.0145607817835 0.0 0.0 1.0 0.0 0.0 1.0 11.0 0.0
2569.0294526319312 0.0 0.0 1.0 0.0 0.0 1.0 11.0 0.0
2570.0041729105797 0.0 0.0 1.0 0.0 0.0 1.0 11.0 0.0
2571.0324917100297 0.0 0.0 1.0 0.0 0.0 1.0 11.0 0.0
2572.0285611043764 0.0 0.0 1.0 0.0 0.0 1.0 11.0 0.0
2573.044985983321 0.0 0.0 1.0 0.0 0.0 1.0 11.0 0.0
2574.0029141542577 0.0 0.0 1.0 0.0 0.0 1.0 11.0 0.0
2575.044985983321 0.0 0.0 1.0 0.0 0.0 1.0 11.0 0.0
2576.040951764928 0.0 0.0 1.0 0.0 0.0 1.0 11.0 0.0
2577.0064829342655 0.0 0.0 1.0 0.0 0.0 1.0 11.0 0.0
2578.044985983321 0.0 0.0 1.0 0.0 0.0 1.0 11.0 0.0
2579.012343741363 0.0 0.0 1.0 0.0 0.0 1.0 11.0 0.0
2580.012023171368 0.0 0.0 1.0 0.0 0.0 1.0 11.0 0.0
2581.040127440145 0.0 0.0 1.0 0.0 0.0 1.0 11.0 0.0
2582.002884218107 0.0 0.0 1.0 0.0 0.0 1.0 11.0 0.0
2583.002368614991 0.0 0.0 1.0 0.0 0.0 1.0 11.0 0.0
2584.044985983321 0.0 0.0 1.0 0.0 0.0 1.0 11.0 0.0
2585.0032352212884 0.0 0.0 1.0 0.0 0.0 1.0 11.0 0.0
2586.0048974590704 0.0 0.0 1.0 0.0 0.0 1.0 11.0 0.0
2587.044985983321 0.0 0.0 1.0 0.0 0.0 1.0 11.0 0.0
2588.011592300145 0.0 0.0 1.0 0.0 0.0 1.0 11.0 0.0
2589.044985983321 0.0 0.0 1.0 0.0 0.0 1.0 11.0 0.0
2590.0389407560774 0.0 0.0 1.0 0.0 0.0 1.0 11.0 0.0
2591.044985983321 0.0 0.0 1.0 0.0 0.0 1.0 11.0 0.0
2592.044985983321 0.0 0.0 1.0 0.0 0.0 1.0 11.0 0.0
2593.0034621086083 0.0 0.0 1.0 0.0 0.0 1.0 11.0 0.0
2594.0202226432425 0.0 0.0 1.0 0.0 0.0 1.0 11.0 0.0
2595.044985983321 0.0 0.0 1.0 0.0 0.0 1.0 11.0 0.0
2596.0031885942035 0.0 0.0 1.0 0.0 0.0 1.0 11.0 0.0
2597.0056632295127 0.0 0.0 1.0 0.0 0.0 1.0 11.0 0.0
2598.0044762848306 0.0 0.0 1.0 0.0 0.0 1.0 11.0 0.0
2599.0112486723096 0.0 0.0 1.0 0.0 0.0 1.0 11.0 0.0
2600.011666865572 0.0 0.0 1.0 0.0 0.0 1.0 11.0 0.0
2601.044985983321 0.0 0.0 1.0 0.0 0.0 1.0 11.0 0.0
2602.044985983321 0.0 0.0 1.0 0.0 0.0 1.0 11.0 0.0
2603.0425124217027 0.0 0.0 1.0 0.0 0.0 1.0 11.0 0.0
2604.0111873177934 0.0 0.0 1.0 0.0 0.0 1.0 11.0 0.0
2605.002945747224 0.0 0.0 1.0 0.0 0.0 1.0 11.0 0.0
2606.032194944781 0.0 0.0 1.0 0.0 0.0 1.0 11.0 0.0
2607.002951500608 0.0 0.0 1.0 0.0 0.0 1.0 11.0 0.0
2608.0138290970267 0.0 0.0 1.0 0.0 0.0 1.0 11.0 0.0
2609.0159793743533 0.0 0.0 1.0 0.0 0.0 1.0 11.0 0.0
2610.0021149902996 0.0 0.0 1.0 0.0 0.0 1.0 11.0 0.0
2611.044985983321 0.0 0.0 1.0 0.0 0.0 1.0 11.0 0.0
2612.012756882346 0.0 0.0 1.0 0.0 0.0 1.0 11.0 0.0
2613.0004414007844 0.0 0.0 1.0 0.0 0.0 1.0 11.0 0.0
2614.024848493408 0.0 0.0 1.0 0.0 0.0 1.0 11.0 0.0
2615.004004907601 0.0 0.0 1.0 0.0 0.0 1.0 11.0 0.0
2616.0171786879505 0.0 0.0 1.0 0.0 0.0 1.0 11.0 0.0
2617.0149434922405 0.0 0.0 1.0 0.0 0.0 1.0 11.0 0.0
2618.0024659452647 0.0 0.0 1.0 0.0 0.0 1.0 11.0 0.0
2619.012890683816 0.0 0.0 1.0 0.0 0.0 1.0 11.0 0.0
2620.006147964311 0.0 0.0 1.0 0.0 0.0 1.0 11.0 0.0
2621.0000648322043 0.0 0.0 1.0 0.0 0.0 1.0 11.0 0.0
2622.0152205687928 0.0 0.0 1.0 0.0 0.0 1.0 11.0 0.0
2623.0143007057577 0.0 0.0 1.0 0.0 0.0 1.0 11.0 0.0
2624.019245111395 0.0 0.0 1.0 0.0 0.0 1.0 11.0 0.0
2625.018460857768 0.0 0.0 1.0 0.0 0.0 1.0 11.0 0.0
2626.0318745556106 0.0 0.0 1.0 0.0 0.0 1.0 11.0 0.0
2627.0018202698298 0.0 0.0 1.0 0.0 0.0 1.0 11.0 0.0
2628.044985983321 0.0 0.0 1.0 0.0 0.0 1.0 11.0 0.0
2629.0257404302124 0.0 0.0 1.0 0.0 0.0 1.0 11.0 0.0
2630.044985983321 0.0 0.0 0.675 0.325 0.0 0.0 11.0 0.42804878048780487
2631.039557097369 0.0 0.0 0.04999999999999999 0.95 0.0 0.0 11.275 0.09268292682926829
2632.033083619124 0.0 0.0 0.02499999999999999 0.975 0.0 0.0 12.225 0.0475609756097561
2633.03444404063 0.0 0.0 0.0 1.0 0.0 0.0 12.85 0.0
2634.021227282479 0.0 0.0 0.0 1.0 0.0 0.0 13.0 0.0
2635.042444859088 0.0 0.0 0.0 1.0 0.0 0.0 13.0 0.0
2636.009000277119 0.0 0.0 0.0 1.0 0.0 0.0 13.0 0.0
2637.044985983321 0.0 0.0 0.0 1.0 0.0 0.0 13.0 0.0
2638.0114316859376 0.0 0.0 0.0 1.0 0.0 0.0 13.0 0.0
2639.011521134978 0.0 0.0 0.0 1.0 0.0 0.0 13.0 0.0
2640.044985983321 0.0 0.0 0.0 1.0 0.0 0.0 13.0 0.0
2641.044985983321 0.0 0.0 0.0 1.0 0.0 0.0 13.0 0.0
2642.044985983321 0.0 0.0 0.0 1.0 0.0 0.0 13.0 0.0
2643.009697563052 0.0 0.0 0.0 1.0 0.0 0.0 13.0 0.0
2644.044985983321 0.0 0.0 0.0 1.0 0.0 0.0 13.0 0.0
2645.0196639683268 0.0 0.0 0.0 1.0 0.0 0.0 13.0 0.0
2646.044985983321 0.0 0.0 0.0 1.0 0.0 0.0 13.0 0.0
2647.044985983321 0.0 0.0 0.0 1.0 0.0 0.0 13.0 0.0
2648.0112537975797 0.0 0.0 0.0 1.0 0.0 0.0 13.0 0.0
2649.0178482042434 0.0 0.0 0.0 1.0 0.0 0.0 13.0 0.0
2650.0123181392923 0.0 0.0 0.0 1.0 0.0 0.0 13.0 0.0
2651.042132144676 0.0 0.0 0.0 1.0 0.0 0.0 13.0 0.0
2652.044985983321 0.0 0.0 0.0 1.0 0.0 0.0 13.0 0.0
2653.02227448045 0.0 0.0 0.0 1.0 0.0 0.0 13.0 0.0
2654.0260722225444 0.0 0.0 0.0 1.0 0.0 0.0 13.0 0.0
2655.020886878849 0.0 0.0 0.0 1.0 0.0 0.0 13.0 0.0
2656.0017427547587 0.0 0.0 0.0 1.0 0.0 0.0 13.0 0.0
2657.044985983321 0.0 0.0 0.0 1.0 0.0 0.0 13.0 0.0
2658.0273398938843 0.0 0.0 0.0 1.0 0.0 0.0 13.0 0.0
2659.044985983321 0.0 0.0 0.0 1.0 0.0 0.0 13.0 0.0
2660.0409937756276 0.0 0.0 0.0 1.0 0.0 0.0 13.0 0.0
2661.002619833412 0.0 0.0 0.0 1.0 0.0 0.0 13.0 0.0
2662.019845937457 0.0 0.0 0.0 1.0 0.0 0.0 13.0 0.0
2663.000109940281 0.0 0.0 0.0 1.0 0.0 0.0 13.0 0.0
2664.0394524050084 0.0 0.0 0.0 1.0 0.0 0.0 13.0 0.0
2665.044985983321 0.0 0.0 0.0 1.0 0.0 0.0 13.0 0.0
2666.0200041265352 0.0 0.0 0.0 1.0 0.0 0.0 13.0 0.0
2667.028425249412 0.0 0.0 0.0 1.0 0.0 0.0 13.0 0.0
2668.044029927833 0.0 0.0 0.0 1.0 0.0 0.0 13.0 0.0
2669.044985983321 0.0 0.0 0.0 1.0 0.0 0.0 13.0 0.0
2670.006655884235 0.0 0.0 0.0 1.0 0.0 0.0 13.0 0.0
2671.0032529179307 0.0 0.0 0.0 1.0 0.0 0.0 13.0 0.0
2672.044985983321 0.0 0.0 0.0 1.0 0.0 0.0 13.0 0.0
2673.044985983321 0.0 0.0 0.0 1.0 0.0 0.0 13.0 0.0
2674.0362124672315 0.0 0.0 0.0 1.0 0.0 0.0 13.0 0.0
2675.044985983321 0.0 0.0 0.0 1.0 0.0 0.0 13.0 0.0
2676.0174385201267 0.0 0.0 0.0 1.0 0.0 0.0 13.0 0.0
2677.026705620903 0.0 0.0 0.0 1.0 0.0 0.0 13.0 0.0
2678.044985983321 0.0 0.0 0.0 1.0 0.0 0.0 13.0 0.0
2679.0033648221283 0.0 0.0 0.0 1.0 0.0 0.0 13.0 0.0
2680.044985983321 0.0 0.0 0.0 1.0 0.0 0.0 13.0 0.0
2681.0040556058943 0.0 0.0 0.0 1.0 0.0 0.0 13.0 0.0
2682.0381467372235 0.0 0.0 0.0 1.0 0.0 0.0 13.0 0.0
2683.0183368692888 0.0 0.0 0.0 1.0 0.0 0.0 13.0 0.0
2684.0098561101936 0.0 0.0 0.0 1.0 0.0 0.0 13.0 0.0
2685.0420271660737 0.0 0.0 0.0 1.0 0.0 0.0 13.0 0.0
2686.0076373888473 0.0 0.0 0.0 1.0 0.0 0.0 13.0 0.0
2687.0225233094 0.0 0.0 0.0 1.0 0.0 0.0 13.0 0.0
2688.0061907643258 0.0 0.0 0.0 1.0 0.0 0.0 13.0 0.0
2689.044985983321 0.0 0.0 0.0 1.0 0.0 0.0 13.0 0.0
2690.0076953025964 0.0 0.0 0.0 1.0 0.0 0.0 13.0 0.0
2691.028371656352 0.0 0.0 0.0 1.0 0.0 0.0 13.0 0.0
2692.014008464852 0.0 0.0 0.0 1.0 0.0 0.0 13.0 0.0
2693.044985983321 0.0 0.0 0.0 1.0 0.0 0.0 13.0 0.0
2694.007584618468 0.0 0.0 0.0 1.0 0.0 0.0 13.0 0.0
2695.0120278655822 0.0 0.0 0.0 1.0 0.0 0.0 13.0 0.0
2696.018913741445 0.0 0.0 0.0 1.0 0.0 0.0 13.0 0.0
2697.0372540896124 0.0 0.0 0.0 1.0 0.0 0.0 13.0 0.0
2698.044985983321 0.0 0.0 0.0 1.0 0.0 0.0 13.0 0.0
2699.01872391307 0.0 0.0 0.0 1.0 0.0 0.0 13.0 0.0
2700.006140392457 0.0 0.0 0.0 1.0 0.0 0.0 13.0 0.0
2701.009958012305 0.0 0.0 0.0 1.0 0.0 0.0 13.0 0.0
2702.044985983321 0.0 0.0 0.0 1.0 0.0 0.0 13.0 0.0
2703.044985983321 0.0 0.0 0.0 1.0 0.0 0.0 13.0 0.0
2704.044985983321 0.0 0.0 0.0 1.0 0.0 0.0 13.0 0.0
2705.044985983321 0.0 0.0 0.0 1.0 0.0 0.0 13.0 0.0
2706.01925479288 0.0 0.0 0.0 1.0 0.0 0.0 13.0 0.0
2707.0106651088777 0.0 0.0 0.0 1.0 0.0 0.0 13.0 0.0
2708.0052958594156 0.0 0.0 0.0 1.0 0.0 0.0 13.0 0.0
2709.0228061546923 0.0 0.0 0.0 1.0 0.0 0.0 13.0 0.0
2710.0037497685043 0.0 0.0 0.0 1.0 0.0 0.0 13.0 0.0
2711.007108032197 0.0 0.0 0.0 1.0 0.0 0.0 13.0 0.0
2712.0364727073325 0.0 0.0 0.0 1.0 0.0 0.0 13.0 0.0
2713.0340395234 0.0 0.0 0.0 1.0 0.0 0.0 13.0 0.0
2714.04347736171 0.0 0.0 0.0 1.0 0.0 0.0 13.0 0.0
2715.0382817661944 0.0 0.0 0.0 1.0 0.0 0.0 13.0 0.0
2716.0393515668047 0.0 0.0 0.0 1.0 0.0 0.0 13.0 0.0
2717.0198313593637 0.0 0.0 0.0 1.0 0.0 0.0 13.0 0.0
2718.0440297933633 0.0 0.0 0.0 1.0 0.0 0.0 13.0 0.0
2719.0336828089753 0.0 0.0 0.0 1.0 0.0 0.0 13.0 0.0
2720.017888463703 0.0 0.0 0.0 1.0 0.0 0.0 13.0 0.0
2721.0005859491907 0.0 0.0 0.0 1.0 0.0 0.0 13.0 0.0
2722.015919896191 0.0 0.0 0.0 1.0 0.0 0.0 13.0 0.0
2723.002861633676 0.0 0.0 0.0 1.0 0.0 0.0 13.0 0.0
2724.013897354152 0.0 0.0 0.0 1.0 0.0 0.0 13.0 0.0
2725.006575669713 0.0 0.0 0.0 1.0 0.0 0.0 13.0 0.0
2726.022952904513 0.0 0.0 0.0 1.0 0.0 0.0 13.0 0.0
2727.0140056352184 0.0 0.0 0.0 1.0 0.0 0.0 13.0 0.0
2728.044985983321 0.0 0.0 0.0 1.0 0.0 0.0 13.0 0.0
2729.0233959758934 0.0 0.0 0.0 1.0 0.0 0.0 13.0 0.0
2730.02191613074 0.0 0.0 0.0 1.0 0.0 0.0 13.0 0.0
2731.0002498407216 0.0 0.0 0.0 1.0 0.0 0.0 13.0 0.0
2732.0362456753833 0.0 0.0 0.0 1.0 0.0 0.0 13.0 0.0
2733.044985983321 0.0 0.0 0.0 1.0 0.0 0.0 13.0 0.0
2734.0159561061923 0.0 0.0 0.0 1.0 0.0 0.0 13.0 0.0
2735.0054880776283 0.0 0.0 0.0 1.0 0.0 0.0 13.0 0.0
2736.018219684921 0.0 0.0 0.0 1.0 0.0 0.0 13.0 0.0
2737.027031818831 0.0 0.0 0.0 1.0 0.0 0.0 13.0 0.0
2738.044985983321 0.0 0.0 0.0 1.0 0.0 0.0 13.0 0.0
2739.044985983321 0.0 0.0 0.0 1.0 0.0 0.0 13.0 0.0
2740.0212383702647 0.0 0.0 0.0 1.0 0.0 0.0 13.0 0.0
2741.0202689878083 0.0 0.0 0.0 1.0 0.0 0.0 13.0 0.0
2742.026602754075 0.0 0.0 0.0 1.0 0.0 0.0 13.0 0.0
2743.0053772144906 0.0 0.0 0.0 1.0 0.0 0.0 13.0 0.0
2744.0346263483552 0.0 0.0 0.0 1.0 0.0 0.0 13.0 0.0
2745.022909478303 0.0 0.0 0.0 1.0 0.0 0.0 13.0 0.0
2746.044985983321 0.0 0.0 0.0 1.0 0.0 0.0 13.0 0.0
2747.044985983321 0.0 0.0 0.0 1.0 0.0 0.0 13.0 0.0
2748.044985983321 0.0 0.0 0.0 1.0 0.0 0.0 13.0 0.0
2749.044985983321 0.0 0.0 0.0 1.0 0.0 0.0 13.0 0.0
2750.044985983321 0.0 0.0 0.0 1.0 0.0 0.0 13.0 0.0
2751.044985983321 0.0 0.0 0.0 1.0 0.0 0.0 13.0 0.0
2752.0029325143905 0.0 0.0 0.0 1.0 0.0 0.0 13.0 0.0
2753.008751843458 0.0 0.0 0.0 1.0 0.0 0.0 13.0 0.0
2754.0155070319934 0.0 0.0 0.0 1.0 0.0 0.0 13.0 0.0
2755.008171236834 0.0 0.0 0.0 1.0 0.0 0.0 13.0 0.0
2756.0214894785563 0.0 0.0 0.0 1.0 0.0 0.0 13.0 0.0
2757.0068776722105 0.0 0.0 0.0 1.0 0.0 0.0 13.0 0.0
2758.0150079105006 0.0 0.0 0.0 1.0 0.0 0.0 13.0 0.0
2759.028364734965 0.0 0.0 0.0 1.0 0.0 0.0 13.0 0.0
2760.013221918015 0.0 0.0 0.0 1.0 0.0 0.0 13.0 0.0
2761.0081778097106 0.0 0.0 0.0 1.0 0.0 0.0 13.0 0.0
2762.0140390813444 0.0 0.0 0.0 1.0 0.0 0.0 13.0 0.0
2763.0132823527724 0.0 0.0 0.0 1.0 0.0 0.0 13.0 0.0
2764.0208846114488 0.0 0.0 0.0 1.0 0.0 0.0 13.0 0.0
2765.0295495293963 0.0 0.0 0.0 1.0 0.0 0.0 13.0 0.0
2766.044985983321 0.0 0.0 0.0 1.0 0.0 0.0 13.0 0.0
2767.044985983321 0.0 0.0 0.0 1.0 0.0 0.0 13.0 0.0
2768.026261873652 0.0 0.0 0.0 1.0 0.0 0.0 13.0 0.0
2769.0017091701993 0.0 0.0 0.0 1.0 0.0 0.0 13.0 0.0
2770.0001333860846 0.0 0.0 0.0 1.0 0.0 0.0 13.0 0.0
2771.044985983321 0.0 0.0 0.0 1.0 0.0 0.0 13.0 0.0
2772.0041818245227 0.0 0.0 0.0 1.0 0.0 0.0 13.0 0.0
2773.044985983321 0.0 0.0 0.0 1.0 0.0 0.0 13.0 0.0
2774.0071077707053 0.0 0.0 0.0 1.0 0.0 0.0 13.0 0.0
2775.044985983321 0.0 0.0 0.0 1.0 0.0 0.0 13.0 0.0
2776.044591746623 0.0 0.0 0.0 1.0 0.0 0.0 13.0 0.0
2777.036191455423 0.0 0.0 0.0 1.0 0.0 0.0 13.0 0.0
2778.044985983321 0.0 0.0 0.0 1.0 0.0 0.0 13.0 0.0
2779.039168408815 0.0 0.0 0.0 1.0 0.0 0.0 13.0 0.0
2780.0260555633645 0.0 0.0 0.0 1.0 0.0 0.0 13.0 0.0
2781.0027714290436 0.0 0.0 0.0 1.0 0.0 0.0 13.0 0.0
2782.044985983321 0.0 0.0 0.0 1.0 0.0 0.0 13.0 0.0
2783.0291657076446 0.0 0.0 0.0 1.0 0.0 0.0 13.0 0.0
2784.0059621857085 0.0 0.0 0.0 1.0 0.0 0.0 13.0 0.0
2785.017067905266 0.0 0.0 0.0 1.0 0.0 0.0 13.0 0.0
2786.023529415088 0.0 0.0 0.0 1.0 0.0 0.0 13.0 0.0
2787.0312634367033 0.0 0.0 0.0 1.0 0.0 0.0 13.0 0.0
2788.044985983321 0.0 0.0 0.0 1.0 0.0 0.0 13.0 0.0
2789.044985983321 0.0 0.0 0.0 1.0 0.0 0.0 13.0 0.0
2790.030329830257 0.0 0.0 0.0 1.0 0.0 0.0 13.0 0.0
2791.0212792817288 0.0 0.0 0.0 1.0 0.0 0.0 13.0 0.0
2792.008280152406 0.0 0.0 0.0 1.0 0.0 0.0 13.0 0.0
2793.0087893392783 0.0 0.0 0.0 1.0 0.0 0.0 13.0 0.0
2794.0116758815325 0.0 0.0 0.0 1.0 0.0 0.0 13.0 0.0
2795.0111865153062 0.0 0.0 0.0 1.0 0.0 0.0 13.0 0.0
2796.025008101654 0.0 0.0 0.0 1.0 0.0 0.0 13.0 0.0
2797.000759045433 0.0 0.0 0.0 1.0 0.0 0.0 13.0 0.0
2798.0080493029377 0.0 0.0 0.0 1.0 0.0 0.0 13.0 0.0
2799.0364407826 0.0 0.0 0.0 1.0 0.0 0.0 13.0 0.0
2800.001269399634 0.0 0.0 0.0 1.0 0.0 0.0 13.0 0.0
2801.037431046044 0.0 0.0 0.0 1.0 0.0 0.0 13.0 0.0
2802.014468316677 0.0 0.0 0.0 1.0 0.0 0.0 13.0 0.0
2803.005557560074 0.0 0.0 0.0 1.0 0.0 0.0 13.0 0.0
2804.035368471287 0.0 0.0 0.0 1.0 0.0 0.0 13.0 0.0
2805.008537503657 0.0 0.0 0.0 1.0 0.0 0.0 13.0 0.0
2806.04238789332 0.0 0.0 0.0 1.0 0.0 0.0 13.0 0.0
2807.0028574587127 0.0 0.0 0.0 1.0 0.0 0.0 13.0 0.0
2808.0359636651438 0.0 0.0 0.0 1.0 0.0 0.0 13.0 0.0
2809.044985983321 0.0 0.0 0.0 1.0 0.0 0.0 13.0 0.0
2810.044985983321 0.0 0.0 0.0 1.0 0.0 0.0 13.0 0.0
2811.018314755677 0.0 0.0 0.0 1.0 0.0 0.0 13.0 0.0
2812.0299486214694 0.0 0.0 0.0 1.0 0.0 0.0 13.0 0.0
2813.035894807487 0.0 0.0 0.0 1.0 0.0 0.0 13.0 0.0
2814.044985983321 0.0 0.0 0.0 1.0 0.0 0.0 13.0 0.0
2815.044985983321 0.0 0.0 0.0 1.0 0.0 0.0 13.0 0.0
2816.044985983321 0.0 0.0 0.0 1.0 0.0 0.0 13.0 0.0
2817.044985983321 0.0 0.0 0.0 1.0 0.0 0.0 13.0 0.0
2818.0054063045914 0.0 0.0 0.0 1.0 0.0 0.0 13.0 0.0
2819.006042849099 0.0 0.0 0.0 1.0 0.0 0.0 13.0 0.0
2820.00193470332 0.0 0.0 0.0 1.0 0.0 0.0 13.0 0.0
2821.00087977061 0.0 0.0 0.0 1.0 0.0 0.0 13.0 0.0
2822.044985983321 0.0 0.0 0.0 1.0 0.0 0.0 13.0 0.0
2823.0089935728656 0.0 0.0 0.0 1.0 0.0 0.0 13.0 0.0
2824.0293192028053 0.0 0.0 0.0 1.0 0.0 0.0 13.0 0.0
2825.044985983321 0.0 0.0 0.0 1.0 0.0 0.0 13.0 0.0
2826.0031419956385 0.0 0.0 0.0 1.0 0.0 0.0 13.0 0.0
2827.028039789042 0.0 0.0 0.0 1.0 0.0 0.0 13.0 0.0
2828.011196406913 0.0 0.0 0.0 1.0 0.0 0.0 13.0 0.0
2829.0319445837767 0.0 0.0 0.0 1.0 0.0 0.0 13.0 0.0
2830.005658985799 0.0 0.0 0.0 1.0 0.0 0.0 13.0 0.0
2831.0108641372294 0.0 0.0 0.0 1.0 0.0 0.0 13.0 0.0
2832.036425426267 0.0 0.0 0.0 1.0 0.0 0.0 13.0 0.0
2833.0118083425596 0.0 0.0 0.0 1.0 0.0 0.0 13.0 0.0
2834.044985983321 0.0 0.0 0.0 1.0 0.0 0.0 13.0 0.0
2835.044985983321 0.0 0.0 0.0 1.0 0.0 0.0 13.0 0.0
2836.012147063703 0.0 0.0 0.0 1.0 0.0 0.0 13.0 0.0
2837.0105339224315 0.0 0.0 0.0 1.0 0.0 0.0 13.0 0.0
2838.0175692733837 0.0 0.0 0.0 1.0 0.0 0.0 13.0 0.0
2839.044985983321 0.0 0.0 0.0 1.0 0.0 0.0 13.0 0.0
2840.044985983321 0.0 0.0 0.0 1.0 0.0 0.0 13.0 0.0
2841.0133694416445 0.0 0.0 0.0 1.0 0.0 0.0 13.0 0.0
2842.00228623276 0.0 0.0 0.0 1.0 0.0 0.0 13.0 0.0
2843.0427504566583 0.0 0.0 0.0 1.0 0.0 0.0 13.0 0.0
2844.0165432688686 0.0 0.0 0.0 1.0 0.0 0.0 13.0 0.0
2845.0118741729557 0.0 0.0 0.0 1.0 0.0 0.0 13.0 0.0
2846.044985983321 0.0 0.0 0.0 1.0 0.0 0.0 13.0 0.0
2847.0228291101653 0.0 0.0 0.0 1.0 0.0 0.0 13.0 0.0
2848.0181582474706 0.0 0.0 0.0 1.0 0.0 0.0 13.0 0.0
2849.008135886438 0.0 0.0 0.0 1.0 0.0 0.0 13.0 0.0
2850.044985983321 0.0 0.0 0.0 1.0 0.0 0.0 13.0 0.0
2851.0004796381636 0.0 0.0 0.0 1.0 0.0 0.0 13.0 0.0
2852.0235067478607 0.0 0.0 0.0 1.0 0.0 0.0 13.0 0.0
2853.022425480547 0.0 0.0 0.0 1.0 0.0 0.0 13.0 0.0
2854.0024110716013 0.0 0.0 0.0 1.0 0.0 0.0 13.0 0.0
2855.023604773877 0.0 0.0 0.0 1.0 0.0 0.0 13.0 0.0
2856.02539103241 0.0 0.0 0.0 1.0 0.0 0.0 13.0 0.0
2857.017480083517 0.0 0.0 0.0 1.0 0.0 0.0 13.0 0.0
2858.0037545382916 0.0 0.0 0.0 1.0 0.0 0.0 13.0 0.0
2859.0231293305196 0.0 0.0 0.0 1.0 0.0 0.0 13.0 0.0
2860.0216381087366 0.0 0.0 0.0 1.0 0.0 0.0 13.0 0.0
2861.008856937613 0.0 0.0 0.0 1.0 0.0 0.0 13.0 0.0
2862.044985983321 0.0 0.0 0.0 1.0 0.0 0.0 13.0 0.0
2863.0060776841815 0.0 0.0 0.0 1.0 0.0 0.0 13.0 0.0
2864.044985983321 0.0 0.0 0.0 1.0 0.0 0.0 13.0 0.0
2865.044985983321 0.0 0.0 0.0 1.0 0.0 0.0 13.0 0.0
2866.044985983321 0.0 0.0 0.0 1.0 0.0 0.0 13.0 0.0
2867.00408086735 0.0 0.0 0.0 1.0 0.0 0.0 13.0 0.0
2868.003795872911 0.0 0.0 0.0 1.0 0.0 0.0 13.0 0.0
2869.014062653241 0.0 0.0 0.0 1.0 0.0 0.0 13.0 0.0
2870.044985983321 0.0 0.0 0.0 1.0 0.0 0.0 13.0 0.0
2871.0025932009794 0.0 0.0 0.0 1.0 0.0 0.0 13.0 0.0
2872.0010456823006 0.0 0.0 0.0 1.0 0.0 0.0 13.0 0.0
2873.044985983321 0.0 0.0 0.0 1.0 0.0 0.0 13.0 0.0
2874.022153150465 0.0 0.0 0.0 1.0 0.0 0.0 13.0 0.0
2875.020837637994 0.0 0.0 0.0 1.0 0.0 0.0 13.0 0.0
2876.044985983321 0.0 0.0 0.0 1.0 0.0 0.0 13.0 0.0
2877.042602902189 0.0 0.0 0.0 1.0 0.0 0.0 13.0 0.0
2878.0104349252338 0.0 0.0 0.0 1.0 0.0 0.0 13.0 0.0
2879.00877214887 0.0 0.0 0.0 1.0 0.0 0.0 13.0 0.0
2880.044985983321 0.0 0.0 0.0 1.0 0.0 0.0 13.0 0.0
2881.009156355593 0.0 0.0 0.0 1.0 0.0 0.0 13.0 0.0
2882.028011873462 0.0 0.0 0.0 1.0 0.0 0.0 13.0 0.0
2883.004725413042 0.0 0.0 0.0 1.0 0.0 0.0 13.0 0.0
2884.02934665141 0.0 0.0 0.0 1.0 0.0 0.0 13.0 0.0
2885.044985983321 0.0 0.0 0.0 1.0 0.0 0.0 13.0 0.0
2886.018854514163 0.0 0.0 0.0 1.0 0.0 0.0 13.0 0.0
2887.0368798652926 0.0 0.0 0.0 1.0 0.0 0.0 13.0 0.0
2888.044985983321 0.0 0.0 0.0 1.0 0.0 0.0 13.0 0.0
2889.044985983321 0.0 0.0 0.0 1.0 0.0 0.0 13.0 0.0
2890.044985983321 0.0 0.0 0.0 1.0 0.0 0.0 13.0 0.0
2891.000477144388 0.0 0.0 0.0 1.0 0.0 0.0 13.0 0.0
2892.0026619700798 0.0 0.0 0.0 1.0 0.0 0.0 13.0 0.0
2893.0102359529083 0.0 0.0 0.0 1.0 0.0 0.0 13.0 0.0
2894.044985983321 0.0 0.0 0.0 1.0 0.0 0.0 13.0 0.0
2895.044985983321 0.0 0.0 0.0 1.0 0.0 0.0 13.0 0.0
2896.037389068121 0.0 0.0 0.0 1.0 0.0 0.0 13.0 0.0
2897.044985983321 0.0 0.0 0.0 1.0 0.0 0.0 13.0 0.0
2898.001721904565 0.0 0.0 0.0 1.0 0.0 0.0 13.0 0.0
2899.044985983321 0.0 0.0 0.0 1.0 0.0 0.0 13.0 0.0
2900.0111154416622 0.0 0.0 0.0 1.0 0.0 0.0 13.0 0.0
2901.006806610055 0.0 0.0 0.0 1.0 0.0 0.0 13.0 0.0
2902.009017820212 0.0 0.0 0.0 1.0 0.0 0.0 13.0 0.0
2903.01728181273 0.0 0.0 0.0 1.0 0.0 0.0 13.0 0.0
2904.0131498877654 0.0 0.0 0.0 1.0 0.0 0.0 13.0 0.0
2905.0192184164794 0.0 0.0 0.0 1.0 0.0 0.0 13.0 0.0
2906.0057424945153 0.0 0.0 0.0 1.0 0.0 0.0 13.0 0.0
2907.0187881205643 0.0 0.0 0.0 1.0 0.0 0.0 13.0 0.0
2908.004386669876 0.0 0.0 0.0 1.0 0.0 0.0 13.0 0.0
2909.044985983321 0.0 0.0 0.0 1.0 0.0 0.0 13.0 0.0
2910.028746569834 0.0 0.0 0.0 1.0 0.0 0.0 13.0 0.0
2911.044985983321 0.0 0.0 0.0 1.0 0.0 0.0 13.0 0.0
2912.0006800215215 0.0 0.0 0.0 1.0 0.0 0.0 13.0 0.0
2913.0276529821886 0.0 0.0 0.0 1.0 0.0 0.0 13.0 0.0
2914.0061229674307 0.0 0.0 0.0 1.0 0.0 0.0 13.0 0.0
2915.0346685981635 0.0 0.0 0.0 1.0 0.0 0.0 13.0 0.0
2916.0307973576387 0.0 0.0 0.0 1.0 0.0 0.0 13.0 0.0
2917.0110634350567 0.0 0.0 0.0 1.0 0.0 0.0 13.0 0.0
2918.0015860526537 0.0 0.0 0.0 1.0 0.0 0.0 13.0 0.0
2919.044985983321 0.0 0.0 0.0 1.0 0.0 0.0 13.0 0.0
2920.044985983321 0.0 0.0 0.0 1.0 0.0 0.0 13.0 0.0
2921.0171999395675 0.0 0.0 0.0 1.0 0.0 0.0 13.0 0.0
2922.029555879545 0.0 0.0 0.0 1.0 0.0 0.0 13.0 0.0
2923.0073754980094 0.0 0.0 0.0 1.0 0.0 0.0 13.0 0.0
2924.044985983321 0.0 0.0 0.0 1.0 0.0 0.0 13.0 0.0
2925.0419197681963 0.0 0.0 0.0 1.0 0.0 0.0 13.0 0.0
2926.02437520487 0.0 0.0 0.0 1.0 0.0 0.0 13.0 0.0
2927.012399373093 0.0 0.0 0.0 1.0 0.0 0.0 13.0 0.0
2928.031776521325 0.0 0.0 0.0 1.0 0.0 0.0 13.0 0.0
2929.015769382893 0.0 0.0 0.0 1.0 0.0 0.0 13.0 0.0
2930.044985983321 0.0 0.0 0.0 1.0 0.0 0.0 13.0 0.0
2931.034873036015 0.0 0.0 0.0 1.0 0.0 0.0 13.0 0.0
2932.0140071742717 0.0 0.0 0.0 1.0 0.0 0.0 13.0 0.0
2933.044985983321 0.0 0.0 0.0 1.0 0.0 0.0 13.0 0.0
2934.044985983321 0.0 0.0 0.0 1.0 0.0 0.0 13.0 0.0
2935.0017353108656 0.0 0.0 0.0 1.0 0.0 0.0 13.0 0.0
2936.044985983321 0.0 0.0 0.0 1.0 0.0 0.0 13.0 0.0
2937.0081145117683 0.0 0.0 0.0 1.0 0.0 0.0 13.0 0.0
2938.0012458522147 0.0 0.0 0.0 1.0 0.0 0.0 13.0 0.0
2939.0006249192134 0.0 0.0 0.0 1.0 0.0 0.0 13.0 0.0
2940.007733446647 0.0 0.0 0.0 1.0 0.0 0.0 13.0 0.0
2941.034168796938 0.0 0.0 0.0 1.0 0.0 0.0 13.0 0.0
2942.004780973577 0.0 0.0 0.0 1.0 0.0 0.0 13.0 0.0
2943.044985983321 0.0 0.0 0.0 1.0 0.0 0.0 13.0 0.0
2944.0440395380792 0.0 0.0 0.0 1.0 0.0 0.0 13.0 0.0
2945.0014335943615 0.0 0.0 0.0 1.0 0.0 0.0 13.0 0.0
2946.0111184806233 0.0 0.0 0.0 1.0 0.0 0.0 13.0 0.0
2947.001840066816 0.0 0.0 0.0 1.0 0.0 0.0 13.0 0.0
2948.0325732493943 0.0 0.0 0.0 1.0 0.0 0.0 13.0 0.0
2949.0165936832955 0.0 0.0 0.0 1.0 0.0 0.0 13.0 0.0
2950.0247228015205 0.0 0.0 0.0 1.0 0.0 0.0 13.0 0.0
2951.0167373891622 0.0 0.0 0.0 1.0 0.0 0.0 13.0 0.0
2952.000825817806 0.0 0.0 0.0 1.0 0.0 0.0 13.0 0.0
2953.044985983321 0.0 0.0 0.0 1.0 0.0 0.0 13.0 0.0
2954.021163350297 0.0 0.0 0.0 1.0 0.0 0.0 13.0 0.0
2955.044985983321 0.0 0.0 0.0 1.0 0.0 0.0 13.0 0.0
2956.007029105638 0.0 0.0 0.0 1.0 0.0 0.0 13.0 0.0
2957.044985983321 0.0 0.0 0.0 1.0 0.0 0.0 13.0 0.0
2958.0059777907304 0.0 0.0 0.0 1.0 0.0 0.0 13.0 0.0
2959.0148801558103 0.0 0.0 0.0 1.0 0.0 0.0 13.0 0.0
2960.0118124377927 0.0 0.0 0.0 1.0 0.0 0.0 13.0 0.0
2961.018532192103 0.0 0.0 0.0 1.0 0.0 0.0 13.0 0.0
2962.044985983321 0.0 0.0 0.0 1.0 0.0 0.0 13.0 0.0
2963.0160444541816 0.0 0.0 0.0 1.0 0.0 0.0 13.0 0.0
2964.000760069671 0.0 0.0 0.0 1.0 0.0 0.0 13.0 0.0
2965.0164554937187 0.0 0.0 0.0 1.0 0.0 0.0 13.0 0.0
2966.0227955835494 0.0 0.0 0.0 1.0 0.0 0.0 13.0 0.0
2967.025170247405 0.0 0.0 0.0 1.0 0.0 0.0 13.0 0.0
2968.016663435894 0.0 0.0 0.0 1.0 0.0 0.0 13.0 0.0
2969.0018016886415 0.0 0.0 0.0 1.0 0.0 0.0 13.0 0.0
2970.0015350221834 0.0 0.0 0.0 1.0 0.0 0.0 13.0 0.0
2971.044985983321 0.0 0.0 0.0 1.0 0.0 0.0 13.0 0.0
2972.0044086170074 0.0 0.0 0.0 1.0 0.0 0.0 13.0 0.0
2973.0124931603373 0.0 0.0 0.0 1.0 0.0 0.0 13.0 0.0
2974.0024838155314 0.0 0.0 0.0 1.0 0.0 0.0 13.0 0.0
2975.014448216506 0.0 0.0 0.0 1.0 0.0 0.0 13.0 0.0
2976.018586989796 0.0 0.0 0.0 1.0 0.0 0.0 13.0 0.0
2977.044985983321 0.0 0.0 0.0 1.0 0.0 0.0 13.0 0.0
2978.044985983321 0.0 0.0 0.0 1.0 0.0 0.0 13.0 0.0
2979.0420283269586 0.0 0.0 0.0 1.0 0.0 0.0 13.0 0.0
2980.027308816111 0.0 0.0 0.0 1.0 0.0 0.0 13.0 0.0
2981.02827454585 0.0 0.0 0.0 1.0 0.0 0.0 13.0 0.0
2982.018377440077 0.0 0.0 0.0 1.0 0.0 0.0 13.0 0.0
2983.0250470407223 0.0 0.0 0.0 1.0 0.0 0.0 13.0 0.0
2984.0052539769736 0.0 0.0 0.0 1.0 0.0 0.0 13.0 0.0
2985.032937823247 0.0 0.0 0.0 1.0 0.0 0.0 13.0 0.0
2986.0422255177054 0.0 0.0 0.0 1.0 0.0 0.0 13.0 0.0
2987.014093739115 0.0 0.0 0.0 1.0 0.0 0.0 13.0 0.0
2988.0239819758044 0.0 0.0 0.0 1.0 0.0 0.0 13.0 0.0
2989.0097044643435 0.0 0.0 0.0 1.0 0.0 0.0 13.0 0.0
2990.0438933686887 0.0 0.0 0.0 1.0 0.0 0.0 13.0 0.0
2991.044985983321 0.0 0.0 0.0 1.0 0.0 0.0 13.0 0.0
2992.0004243307058 0.0 0.0 0.0 1.0 0.0 0.0 13.0 0.0
2993.01238792844 0.0 0.0 0.0 1.0 0.0 0.0 13.0 0.0
2994.044985983321 0.0 0.0 0.0 1.0 0.0 0.0 13.0 0.0
2995.0001194742795 0.0 0.0 0.0 1.0 0.0 0.0 13.0 0.0
2996.0185045969583 0.0 0.0 0.0 1.0 0.0 0.0 13.0 0.0
2997.003841411514 0.0 0.0 0.0 1.0 0.0 0.0 13.0 0.0
2998.0071164236265 0.0 0.0 0.0 1.0 0.0 0.0 13.0 0.0
2999.0013921589716 0.0 0.0 0.0 1.0 0.0 0.0 13.0 0.0
3000.025319424178 0.0 0.0 0.0 1.0 0.0 0.0 13.0 0.0
3001.0362234972386 0.0 0.0 0.0 1.0 0.0 0.0 13.0 0.0
3002.0088692496756 0.0 0.0 0.0 1.0 0.0 0.0 13.0 0.0
3003.044985983321 0.0 0.0 0.0 1.0 0.0 0.0 13.0 0.0
3004.0226482264716 0.0 0.0 0.0 1.0 0.0 0.0 13.0 0.0
3005.0365039257085 0.0 0.0 0.0 1.0 0.0 0.0 13.0 0.0
3006.044985983321 0.0 0.0 0.0 1.0 0.0 0.0 13.0 0.0
3007.0083324016537 0.0 0.0 0.0 1.0 0.0 0.0 13.0 0.0
3008.001090041384 0.0 0.0 0.0 1.0 0.0 0.0 13.0 0.0
3009.0114033660752 0.0 0.0 0.0 1.0 0.0 0.0 13.0 0.0
3010.0026245969743 0.0 0.0 0.0 1.0 0.0 0.0 13.0 0.0
3011.026455952021 0.0 0.0 0.0 1.0 0.0 0.0 13.0 0.0
3012.005243638915 0.0 0.0 0.0 1.0 0.0 0.0 13.0 0.0
3013.009691502109 0.0 0.0 0.0 1.0 0.0 0.0 13.0 0.0
3014.0389472501743 0.0 0.0 0.0 1.0 0.0 0.0 13.0 0.0
3015.0093504813062 0.0 0.0 0.0 1.0 0.0 0.0 13.0 0.0
3016.044985983321 0.0 0.0 0.0 1.0 0.0 0.0 13.0 0.0
3017.044985983321 0.0 0.0 0.0 1.0 0.0 0.0 13.0 0.0
3018.044985983321 0.0 0.0 0.0 1.0 0.0 0.0 13.0 0.0
3019.044291093972 0.0 0.0 0.0 1.0 0.0 0.0 13.0 0.0
3020.044985983321 0.0 0.0 0.0 1.0 0.0 0.0 13.0 0.0
3021.0148941273264 0.0 0.0 0.0 1.0 0.0 0.0 13.0 0.0
3022.011541435333 0.0 0.0 0.0 1.0 0.0 0.0 13.0 0.0
3023.044985983321 0.0 0.0 0.0 1.0 0.0 0.0 13.0 0.0
3024.0082327135037 0.0 0.0 0.0 1.0 0.0 0.0 13.0 0.0
3025.0308011904044 0.0 0.0 0.0 1.0 0.0 0.0 13.0 0.0
3026.0170397153697 0.0 0.0 0.0 1.0 0.0 0.0 13.0 0.0
3027.000691301238 0.0 0.0 0.0 1.0 0.0 0.0 13.0 0.0
3028.015769074316 0.0 0.0 0.0 1.0 0.0 0.0 13.0 0.0
3029.044985983321 0.0 0.0 0.0 1.0 0.0 0.0 13.0 0.0
3030.044985983321 0.0 0.0 0.0 1.0 0.0 0.0 13.0 0.0
3031.0184925079525 0.0 0.0 0.0 1.0 0.0 0.0 13.0 0.0
3032.044985983321 0.0 0.0 0.0 1.0 0.0 0.0 13.0 0.0
3033.044985983321 0.0 0.0 0.0 1.0 0.0 0.0 13.0 0.0
3034.044985983321 0.0 0.0 0.0 1.0 0.0 0.0 13.0 0.0
3035.005140051337 0.0 0.0 0.0 1.0 0.0 0.0 13.0 0.0
3036.0056384226855 0.0 0.0 0.0 1.0 0.0 0.0 13.0 0.0
3037.044985983321 0.0 0.0 0.0 1.0 0.0 0.0 13.0 0.0
3038.042359898685 0.0 0.0 0.0 1.0 0.0 0.0 13.0 0.0
3039.0205148136556 0.0 0.0 0.0 1.0 0.0 0.0 13.0 0.0
3040.0060142039015 0.0 0.0 0.0 1.0 0.0 0.0 13.0 0.0
3041.044985983321 0.0 0.0 0.0 1.0 0.0 0.0 13.0 0.0
3042.044985983321 0.0 0.0 0.0 1.0 0.0 0.0 13.0 0.0
3043.044985983321 0.0 0.0 0.0 1.0 0.0 0.0 13.0 0.0
3044.0234866345677 0.0 0.0 0.0 1.0 0.0 0.0 13.0 0.0
3045.044985983321 0.0 0.0 0.0 1.0 0.0 0.0 13.0 0.0
3046.0148331799296 0.0 0.0 0.0 1.0 0.0 0.0 13.0 0.0
3047.004332379288 0.0 0.0 0.0 1.0 0.0 0.0 13.0 0.0
3048.0216242620418 0.0 0.0 0.0 1.0 0.0 0.0 13.0 0.0
3049.013621082418 0.0 0.0 0.0 1.0 0.0 0.0 13.0 0.0
3050.0050087828126 0.0 0.0 0.0 1.0 0.0 0.0 13.0 0.0
3051.021012925037 0.0 0.0 0.0 1.0 0.0 0.0 13.0 0.0
3052.022802898011 0.0 0.0 0.0 1.0 0.0 0.0 13.0 0.0
3053.0222873823013 0.0 0.0 0.0 1.0 0.0 0.0 13.0 0.0
3054.022833386468 0.0 0.0 0.0 1.0 0.0 0.0 13.0 0.0
3055.0275647644257 0.0 0.0 0.0 1.0 0.0 0.0 13.0 0.0
3056.044985983321 0.0 0.0 0.0 1.0 0.0 0.0 13.0 0.0
3057.0014102511545 0.0 0.0 0.0 1.0 0.0 0.0 13.0 0.0
3058.0032280480477 0.0 0.0 0.0 1.0 0.0 0.0 13.0 0.0
3059.0025070815955 0.0 0.0 0.0 1.0 0.0 0.0 13.0 0.0
3060.0031671232273 0.0 0.0 0.0 1.0 0.0 0.0 13.0 0.0
3061.006532708401 0.0 0.0 0.0 1.0 0.0 0.0 13.0 0.0
3062.0109392966533 0.0 0.0 0.0 1.0 0.0 0.0 13.0 0.0
3063.0028586379485 0.0 0.0 0.0 1.0 0.0 0.0 13.0 0.0
3064.019342237437 0.0 0.0 0.0 1.0 0.0 0.0 13.0 0.0
3065.026156637319 0.0 0.0 0.0 1.0 0.0 0.0 13.0 0.0
3066.006539426304 0.0 0.0 0.0 1.0 0.0 0.0 13.0 0.0
3067.017878725546 0.0 0.0 0.0 1.0 0.0 0.0 13.0 0.0
3068.0359499546084 0.0 0.0 0.0 1.0 0.0 0.0 13.0 0.0
3069.010683506218 0.0 0.0 0.0 1.0 0.0 0.0 13.0 0.0
3070.0259723725662 0.0 0.0 0.0 1.0 0.0 0.0 13.0 0.0
3071.0391527901284 0.0 0.0 0.0 1.0 0.0 0.0 13.0 0.0
3072.044985983321 0.0 0.0 0.0 1.0 0.0 0.0 13.0 0.0
3073.044985983321 0.0 0.0 0.0 1.0 0.0 0.0 13.0 0.0
3074.044985983321 0.0 0.0 0.0 1.0 0.0 0.0 13.0 0.0
3075.0092100687175 0.0 0.0 0.0 1.0 0.0 0.0 13.0 0.0
3076.012212870472 0.0 0.0 0.0 1.0 0.0 0.0 13.0 0.0
3077.0080251894215 0.0 0.0 0.0 1.0 0.0 0.0 13.0 0.0
3078.044985983321 0.0 0.0 0.0 1.0 0.0 0.0 13.0 0.0
3079.0225721463553 0.0 0.0 0.0 1.0 0.0 0.0 13.0 0.0
3080.006857933066 0.0 0.0 0.0 1.0 0.0 0.0 13.0 0.0
3081.030210453213 0.0 0.0 0.0 1.0 0.0 0.0 13.0 0.0
3082.044985983321 0.0 0.0 0.0 1.0 0.0 0.0 13.0 0.0
3083.0154091650306 0.0 0.0 0.0 1.0 0.0 0.0 13.0 0.0
3084.044985983321 0.0 0.0 0.0 1.0 0.0 0.0 13.0 0.0
3085.007981591326 0.0 0.0 0.0 1.0 0.0 0.0 13.0 0.0
3086.0092230896557 0.0 0.0 0.0 1.0 0.0 0.0 13.0 0.0
3087.0207751638104 0.0 0.0 0.0 1.0 0.0 0.0 13.0 0.0
3088.044985983321 0.0 0.0 0.0 1.0 0.0 0.0 13.0 0.0
3089.0338110679986 0.0 0.0 0.0 1.0 0.0 0.0 13.0 0.0
3090.007496041291 0.0 0.0 0.0 1.0 0.0 0.0 13.0 0.0
3091.0427607881024 0.0 0.0 0.0 1.0 0.0 0.0 13.0 0.0
3092.016608956278 0.0 0.0 0.0 1.0 0.0 0.0 13.0 0.0
3093.010300558008 0.0 0.0 0.0 1.0 0.0 0.0 13.0 0.0
3094.044985983321 0.0 0.0 0.0 1.0 0.0 0.0 13.0 0.0
3095.044985983321 0.0 0.0 0.0 1.0 0.0 0.0 13.0 0.0
3096.0041630239225 0.0 0.0 0.0 1.0 0.0 0.0 13.0 0.0
3097.0203414292873 0.0 0.0 0.0 1.0 0.0 0.0 13.0 0.0
3098.0364148921644 0.0 0.0 0.0 1.0 0.0 0.0 13.0 0.0
3099.0356694328675 0.0 0.0 0.0 1.0 0.0 0.0 13.0 0.0
3100.0033966674 0.0 0.0 0.0 1.0 0.0 0.0 13.0 0.0
3101.03885379348 0.0 0.0 0.0 1.0 0.0 0.0 13.0 0.0
3102.044985983321 0.0 0.0 0.0 1.0 0.0 0.0 13.0 0.0
3103.0353010478266 0.0 0.0 0.0 1.0 0.0 0.0 13.0 0.0
3104.0024889326696 0.0 0.0 0.0 1.0 0.0 0.0 13.0 0.0
3105.0269151594907 0.0 0.0 0.0 1.0 0.0 0.0 13.0 0.0
3106.013966395063 0.0 0.0 0.0 1.0 0.0 0.0 13.0 0.0
3107.0176422848426 0.0 0.0 0.0 1.0 0.0 0.0 13.0 0.0
3108.0178966063577 0.0 0.0 0.0 1.0 0.0 0.0 13.0 0.0
3109.0300091113395 0.0 0.0 0.0 1.0 0.0 0.0 13.0 0.0
3110.00836655615 0.0 0.0 0.0 1.0 0.0 0.0 13.0 0.0
3111.020958849667 0.0 0.0 0.0 1.0 0.0 0.0 13.0 0.0
3112.044985983321 0.0 0.0 0.0 1.0 0.0 0.0 13.0 0.0
3113.0081646628305 0.0 0.0 0.0 1.0 0.0 0.0 13.0 0.0
3114.0023754392587 0.0 0.0 0.0 1.0 0.0 0.0 13.0 0.0
3115.004417251189 0.0 0.0 0.0 1.0 0.0 0.0 13.0 0.0
3116.0086492698583 0.0 0.0 0.0 1.0 0.0 0.0 13.0 0.0
3117.0355616611355 0.0 0.0 0.0 1.0 0.0 0.0 13.0 0.0
3118.044985983321 0.0 0.0 0.0 1.0 0.0 0.0 13.0 0.0
3119.01188974042 0.0 0.0 0.0 1.0 0.0 0.0 13.0 0.0
3120.006535553837 0.0 0.0 0.0 1.0 0.0 0.0 13.0 0.0
3121.0175218223503 0.0 0.0 0.0 1.0 0.0 0.0 13.0 0.0
3122.022922739586 0.0 0.0 0.0 1.0 0.0 0.0 13.0 0.0
3123.023753881611 0.0 0.0 0.0 1.0 0.0 0.0 13.0 0.0
3124.035615821577 0.0 0.0 0.0 1.0 0.0 0.0 13.0 0.0
3125.0283379987727 0.0 0.0 0.0 1.0 0.0 0.0 13.0 0.0
3126.008748703851 0.0 0.0 0.0 1.0 0.0 0.0 13.0 0.0
3127.006855803303 0.0 0.0 0.0 1.0 0.0 0.0 13.0 0.0
3128.044985983321 0.0 0.0 0.0 1.0 0.0 0.0 13.0 0.0
3129.044985983321 0.0 0.0 0.0 1.0 0.0 0.0 13.0 0.0
3130.0033494919753 0.0 0.0 0.0 1.0 0.0 0.0 13.0 0.0
3131.035703864294 0.0 0.0 0.0 1.0 0.0 0.0 13.0 0.0
3132.0023730130843 0.0 0.0 0.0 1.0 0.0 0.0 13.0 0.0
3133.044985983321 0.0 0.0 0.0 1.0 0.0 0.0 13.0 0.0
3134.044985983321 0.0 0.0 0.0 1.0 0.0 0.0 13.0 0.0
3135.044985983321 0.0 0.0 0.0 1.0 0.0 0.0 13.0 0.0
3136.0239082945823 0.0 0.0 0.0 1.0 0.0 0.0 13.0 0.0
3137.0081729268327 0.0 0.0 0.0 1.0 0.0 0.0 13.0 0.0
3138.0211234138847 0.0 0.0 0.0 1.0 0.0 0.0 13.0 0.0
3139.044985983321 0.0 0.0 0.0 1.0 0.0 0.0 13.0 0.0
3140.02836695869 0.0 0.0 0.0 1.0 0.0 0.0 13.0 0.0
3141.0035862215827 0.0 0.0 0.0 1.0 0.0 0.0 13.0 0.0
3142.033834549246 0.0 0.0 0.0 1.0 0.0 0.0 13.0 0.0
3143.0145291770555 0.0 0.0 0.0 1.0 0.0 0.0 13.0 0.0
3144.0279124074027 0.0 0.0 0.0 1.0 0.0 0.0 13.0 0.0
3145.0060649400416 0.0 0.0 0.0 1.0 0.0 0.0 13.0 0.0
3146.001415951974 0.0 0.0 0.0 1.0 0.0 0.0 13.0 0.0
3147.0095323698915 0.0 0.0 0.0 1.0 0.0 0.0 13.0 0.0
3148.044985983321 0.0 0.0 0.0 1.0 0.0 0.0 13.0 0.0
3149.044985983321 0.0 0.0 0.0 1.0 0.0 0.0 13.0 0.0
3150.020050895981 0.0 0.0 0.0 1.0 0.0 0.0 13.0 0.0
3151.0234283943814 0.0 0.0 0.0 1.0 0.0 0.0 13.0 0.0
3152.032936530127 0.0 0.0 0.0 1.0 0.0 0.0 13.0 0.0
3153.044985983321 0.0 0.0 0.0 1.0 0.0 0.0 13.0 0.0
3154.0110643103444 0.0 0.0 0.0 1.0 0.0 0.0 13.0 0.0
3155.0185966652475 0.0 0.0 0.0 1.0 0.0 0.0 13.0 0.0
3156.0321463174932 0.0 0.0 0.0 1.0 0.0 0.0 13.0 0.0
3157.012753732463 0.0 0.0 0.0 1.0 0.0 0.0 13.0 0.0
3158.0040645885992 0.0 0.0 0.0 1.0 0.0 0.0 13.0 0.0
3159.011660730057 0.0 0.0 0.0 1.0 0.0 0.0 13.0 0.0
3160.027697261042 0.0 0.0 0.0 1.0 0.0 0.0 13.0 0.0
3161.044985983321 0.0 0.0 0.0 1.0 0.0 0.0 13.0 0.0
3162.044985983321 0.0 0.0 0.0 1.0 0.0 0.0 13.0 0.0
3163.038539999544 0.0 0.0 0.0 1.0 0.0 0.0 13.0 0.0
3164.0204103354135 0.0 0.0 0.0 1.0 0.0 0.0 13.0 0.0
3165.003715872897 0.0 0.0 0.0 1.0 0.0 0.0 13.0 0.0
3166.0133360145214 0.0 0.0 0.0 1.0 0.0 0.0 13.0 0.0
3167.0273693466293 0.0 0.0 0.0 1.0 0.0 0.0 13.0 0.0
3168.044985983321 0.0 0.0 0.0 1.0 0.0 0.0 13.0 0.0
3169.0230093849764 0.0 0.0 0.0 1.0 0.0 0.0 13.0 0.0
3170.0011152642746 0.0 0.0 0.0 1.0 0.0 0.0 13.0 0.0
3171.035684802818 0.0 0.0 0.0 1.0 0.0 0.0 13.0 0.0
3172.041646947874 0.0 0.0 0.0 1.0 0.0 0.0 13.0 0.0
3173.0359242056074 0.0 0.0 0.0 1.0 0.0 0.0 13.0 0.0
3174.0057053800897 0.0 0.0 0.0 1.0 0.0 0.0 13.0 0.0
3175.044985983321 0.0 0.0 0.0 1.0 0.0 0.0 13.0 0.0
3176.0282994198637 0.0 0.0 0.0 1.0 0.0 0.0 13.0 0.0
3177.021755384673 0.0 0.0 0.0 1.0 0.0 0.0 13.0 0.0
3178.002768994104 0.0 0.0 0.0 1.0 0.0 0.0 13.0 0.0
3179.016226110524 0.0 0.0 0.0 1.0 0.0 0.0 13.0 0.0
3180.0223067845036 0.0 0.0 0.0 1.0 0.0 0.0 13.0 0.0
3181.027887340379 0.0 0.0 0.0 1.0 0.0 0.0 13.0 0.0
3182.013306682916 0.0 0.0 0.0 1.0 0.0 0.0 13.0 0.0
3183.0248264725146 0.0 0.0 0.0 1.0 0.0 0.0 13.0 0.0
3184.0389506109427 0.0 0.0 0.0 1.0 0.0 0.0 13.0 0.0
3185.0370566598244 0.0 0.0 0.0 1.0 0.0 0.0 13.0 0.0
3186.008704107687 0.0 0.0 0.0 1.0 0.0 0.0 13.0 0.0
3187.003432748544 0.0 0.0 0.0 1.0 0.0 0.0 13.0 0.0
3188.0054303626857 0.0 0.0 0.0 1.0 0.0 0.0 13.0 0.0
3189.0271156411054 0.0 0.0 0.0 1.0 0.0 0.0 13.0 0.0
3190.0055385578967 0.0 0.0 0.0 1.0 0.0 0.0 13.0 0.0
3191.039497802085 0.0 0.0 0.0 1.0 0.0 0.0 13.0 0.0
3192.044985983321 0.0 0.0 0.0 1.0 0.0 0.0 13.0 0.0
3193.027302751184 0.0 0.0 0.0 1.0 0.0 0.0 13.0 0.0
3194.044985983321 0.0 0.0 0.0 1.0 0.0 0.0 13.0 0.0
3195.0315776164944 0.0 0.0 0.0 1.0 0.0 0.0 13.0 0.0
3196.044985983321 0.0 0.0 0.0 1.0 0.0 0.0 13.0 0.0
3197.0065684435885 0.0 0.0 0.0 1.0 0.0 0.0 13.0 0.0
3198.044985983321 0.0 0.0 0.0 1.0 0.0 0.0 13.0 0.0
3199.0048620410016 0.0 0.0 0.0 1.0 0.0 0.0 13.0 0.0
3200.044985983321 0.0 0.0 0.0 1.0 0.0 0.0 13.0 0.0
3201.0169461507476 0.0 0.0 0.0 1.0 0.0 0.0 13.0 0.0
3202.003935016479 0.0 0.0 0.0 1.0 0.0 0.0 13.0 0.0
3203.00643666745 0.0 0.0 0.0 1.0 0.0 0.0 13.0 0.0
3204.024673599534 0.0 0.0 0.0 1.0 0.0 0.0 13.0 0.0
3205.012878814082 0.0 0.0 0.0 1.0 0.0 0.0 13.0 0.0
3206.0188466302775 0.0 0.0 0.0 1.0 0.0 0.0 13.0 0.0
3207.0026914463583 0.0 0.0 0.0 1.0 0.0 0.0 13.0 0.0
3208.0280145488077 0.0 0.0 0.0 1.0 0.0 0.0 13.0 0.0
3209.025968784722 0.0 0.0 0.0 1.0 0.0 0.0 13.0 0.0
3210.0276193867735 0.0 0.0 0.0 1.0 0.0 0.0 13.0 0.0
3211.0243700577544 0.0 0.0 0.0 1.0 0.0 0.0 13.0 0.0
3212.044985983321 0.0 0.0 0.0 1.0 0.0 0.0 13.0 0.0
3213.023428821564 0.0 0.0 0.0 1.0 0.0 0.0 13.0 0.0
3214.0126355569046 0.0 0.0 0.0 1.0 0.0 0.0 13.0 0.0
3215.023238898717 0.0 0.0 0.0 1.0 0.0 0.0 13.0 0.0
3216.044985983321 0.0 0.0 0.0 1.0 0.0 0.0 13.0 0.0
3217.0187135854735 0.0 0.0 0.0 1.0 0.0 0.0 13.0 0.0
3218.0391925553527 0.0 0.0 0.0 1.0 0.0 0.0 13.0 0.0
3219.031094489225 0.0 0.0 0.0 1.0 0.0 0.0 13.0 0.0
3220.0145549532813 0.0 0.0 0.0 1.0 0.0 0.0 13.0 0.0
3221.001628599199 0.0 0.0 0.0 1.0 0.0 0.0 13.0 0.0
3222.0184681598357 0.0 0.0 0.0 1.0 0.0 0.0 13.0 0.0
3223.019237787866 0.0 0.0 0.0 1.0 0.0 0.0 13.0 0.0
3224.001919075317 0.0 0.0 0.0 1.0 0.0 0.0 13.0 0.0
3225.0241639788496 0.0 0.0 0.0 1.0 0.0 0.0 13.0 0.0
3226.008572764814 0.0 0.0 0.0 1.0 0.0 0.0 13.0 0.0
3227.0287482090284 0.0 0.0 0.0 1.0 0.0 0.0 13.0 0.0
3228.0279854335668 0.0 0.0 0.0 1.0 0.0 0.0 13.0 0.0
3229.0126083876203 0.0 0.0 0.0 1.0 0.0 0.0 13.0 0.0
3230.015042509757 0.0 0.0 0.0 1.0 0.0 0.0 13.0 0.0
3231.0199631425335 0.0 0.0 0.0 1.0 0.0 0.0 13.0 0.0
3232.0057320302635 0.0 0.0 0.0 1.0 0.0 0.0 13.0 0.0
3233.036802528333 0.0 0.0 0.0 1.0 0.0 0.0 13.0 0.0
3234.0037113137687 0.0 0.0 0.0 1.0 0.0 0.0 13.0 0.0
3235.015958992413 0.0 0.0 0.0 1.0 0.0 0.0 13.0 0.0
3236.011778992141 0.0 0.0 0.0 1.0 0.0 0.0 13.0 0.0
3237.0112366812928 0.0 0.0 0.0 1.0 0.0 0.0 13.0 0.0
3238.008723700745 0.0 0.0 0.0 1.0 0.0 0.0 13.0 0.0
3239.0199053462043 0.0 0.0 0.0 1.0 0.0 0.0 13.0 0.0
3240.027668208912 0.0 0.0 0.0 1.0 0.0 0.0 13.0 0.0
3241.0437069661175 0.0 0.0 0.0 1.0 0.0 0.0 13.0 0.0
3242.044985983321 0.0 0.0 0.0 1.0 0.0 0.0 13.0 0.0
3243.044985983321 0.0 0.0 0.0 1.0 0.0 0.0 13.0 0.0
3244.044985983321 0.0 0.0 0.0 1.0 0.0 0.0 13.0 0.0
3245.036970846741 0.0 0.0 0.0 1.0 0.0 0.0 13.0 0.0
3246.000893224077 0.0 0.0 0.0 1.0 0.0 0.0 13.0 0.0
3247.010424075441 0.0 0.0 0.0 1.0 0.0 0.0 13.0 0.0
3248.02297220237 0.0 0.0 0.0 1.0 0.0 0.0 13.0 0.0
3249.012328760427 0.0 0.0 0.0 1.0 0.0 0.0 13.0 0.0
3250.0359049123053 0.0 0.0 0.0 1.0 0.0 0.0 13.0 0.0
3251.007240666995 0.0 0.0 0.0 1.0 0.0 0.0 13.0 0.0
3252.0173963554894 0.0 0.0 0.0 1.0 0.0 0.0 13.0 0.0
3253.0082542985388 0.0 0.0 0.0 1.0 0.0 0.0 13.0 0.0
3254.0061241561148 0.0 0.0 0.0 1.0 0.0 0.0 13.0 0.0
3255.004089481557 0.0 0.0 0.0 1.0 0.0 0.0 13.0 0.0
3256.01678203651 0.0 0.0 0.0 1.0 0.0 0.0 13.0 0.0
3257.0164599268737 0.0 0.0 0.0 1.0 0.0 0.0 13.0 0.0
3258.0255247097803 0.0 0.0 0.0 1.0 0.0 0.0 13.0 0.0
3259.025410282905 0.0 0.0 0.0 1.0 0.0 0.0 13.0 0.0
3260.004481855894 0.0 0.0 0.0 1.0 0.0 0.0 13.0 0.0
3261.010426347108 0.0 0.0 0.0 1.0 0.0 0.0 13.0 0.0
3262.0360315331936 0.0 0.0 0.0 1.0 0.0 0.0 13.0 0.0
3263.0328997384295 0.0 0.0 0.0 1.0 0.0 0.0 13.0 0.0
3264.0405286461787 0.0 0.0 0.0 1.0 0.0 0.0 13.0 0.0
3265.006771279396 0.0 0.0 0.0 1.0 0.0 0.0 13.0 0.0
3266.0242835769454 0.0 0.0 0.0 1.0 0.0 0.0 13.0 0.0
3267.044985983321 0.0 0.0 0.0 1.0 0.0 0.0 13.0 0.0
3268.017973803365 0.0 0.0 0.0 1.0 0.0 0.0 13.0 0.0
3269.0031231792486 0.0 0.0 0.0 1.0 0.0 0.0 13.0 0.0
3270.028728332061 0.0 0.0 0.0 1.0 0.0 0.0 13.0 0.0
3271.001722228211 0.0 0.0 0.0 1.0 0.0 0.0 13.0 0.0
3272.0082262833407 0.0 0.0 0.0 1.0 0.0 0.0 13.0 0.0
3273.01363616222 0.0 0.0 0.0 1.0 0.0 0.0 13.0 0.0
3274.0082668410896 0.0 0.0 0.0 1.0 0.0 0.0 13.0 0.0
3275.011382140127 0.0 0.0 0.0 1.0 0.0 0.0 13.0 0.0
3276.0098642108937 0.0 0.0 0.0 1.0 0.0 0.0 13.0 0.0
3277.044985983321 0.0 0.0 0.0 1.0 0.0 0.0 13.0 0.0
3278.001236112262 0.0 0.0 0.0 1.0 0.0 0.0 13.0 0.0
3279.0316771120606 0.0 0.0 0.0 1.0 0.0 0.0 13.0 0.0
3280.01465943128 0.0 0.0 0.0 1.0 0.0 0.0 13.0 0.0
3281.002644322946 0.0 0.0 0.0 1.0 0.0 0.0 13.0 0.0
3282.000842922362 0.0 0.0 0.0 1.0 0.0 0.0 13.0 0.0
3283.044985983321 0.0 0.0 0.0 1.0 0.0 0.0 13.0 0.0
3284.0057324414806 0.0 0.0 0.0 1.0 0.0 0.0 13.0 0.0
3285.0367348428335 0.0 0.0 0.0 1.0 0.0 0.0 13.0 0.0
3286.044985983321 0.0 0.0 0.0 1.0 0.0 0.0 13.0 0.0
3287.044985983321 0.0 0.0 0.0 1.0 0.0 0.0 13.0 0.0
3288.0172893073895 0.0 0.0 0.0 1.0 0.0 0.0 13.0 0.0
3289.0105228006037 0.0 0.0 0.0 1.0 0.0 0.0 13.0 0.0
3290.0076332368594 0.0 0.0 0.0 1.0 0.0 0.0 13.0 0.0
3291.0416907469225 0.0 0.0 0.0 1.0 0.0 0.0 13.0 0.0
3292.0003700830903 0.0 0.0 0.0 1.0 0.0 0.0 13.0 0.0
3293.012550905125 0.0 0.0 0.0 1.0 0.0 0.0 13.0 0.0
3294.0080028410116 0.0 0.0 0.0 1.0 0.0 0.0 13.0 0.0
3295.0439337799717 0.0 0.0 0.0 1.0 0.0 0.0 13.0 0.0
3296.002777215777 0.0 0.0 0.0 1.0 0.0 0.0 13.0 0.0
3297.0079541587556 0.0 0.0 0.0 1.0 0.0 0.0 13.0 0.0
3298.044985983321 0.0 0.0 0.0 1.0 0.0 0.0 13.0 0.0
3299.0041715099806 0.0 0.0 0.0 1.0 0.0 0.0 13.0 0.0
3300.005978975726 0.0 0.0 0.0 1.0 0.0 0.0 13.0 0.0
3301.0323000714297 0.0 0.0 0.0 1.0 0.0 0.0 13.0 0.0
3302.0099950978256 0.0 0.0 0.0 1.0 0.0 0.0 13.0 0.0
3303.00848713459 0.0 0.0 0.0 1.0 0.0 0.0 13.0 0.0
3304.018888040317 0.0 0.0 0.0 1.0 0.0 0.0 13.0 0.0
3305.0018778153726 0.0 0.0 0.0 1.0 0.0 0.0 13.0 0.0
3306.0347635382986 0.0 0.0 0.0 1.0 0.0 0.0 13.0 0.0
3307.0045397314784 0.0 0.0 0.0 1.0 0.0 0.0 13.0 0.0
3308.044985983321 0.0 0.0 0.0 1.0 0.0 0.0 13.0 0.0
3309.001462208742 0.0 0.0 0.0 1.0 0.0 0.0 13.0 0.0
3310.0183519017546 0.0 0.0 0.0 1.0 0.0 0.0 13.0 0.0
3311.044985983321 0.0 0.0 0.0 1.0 0.0 0.0 13.0 0.0
3312.014904070664 0.0 0.0 0.0 1.0 0.0 0.0 13.0 0.0
3313.037731794736 0.0 0.0 0.0 1.0 0.0 0.0 13.0 0.0
3314.00968096734 0.0 0.0 0.0 1.0 0.0 0.0 13.0 0.0
3315.0051040679127 0.0 0.0 0.0 1.0 0.0 0.0 13.0 0.0
3316.044985983321 0.0 0.0 0.0 1.0 0.0 0.0 13.0 0.0
3317.044985983321 0.0 0.0 0.0 1.0 0.0 0.0 13.0 0.0
3318.036423000876 0.0 0.0 0.0 1.0 0.0 0.0 13.0 0.0
3319.012137887574 0.0 0.0 0.0 1.0 0.0 0.0 13.0 0.0
3320.020285068864 0.0 0.0 0.0 1.0 0.0 0.0 13.0 0.0
3321.01099854101 0.0 0.0 0.0 1.0 0.0 0.0 13.0 0.0
3322.044985983321 0.0 0.0 0.0 1.0 0.0 0.0 13.0 0.0
3323.026588489487 0.0 0.0 0.0 1.0 0.0 0.0 13.0 0.0
3324.0381681063695 0.0 0.0 0.0 1.0 0.0 0.0 13.0 0.0
3325.0092584741606 0.0 0.0 0.0 1.0 0.0 0.0 13.0 0.0
3326.0092104409005 0.0 0.0 0.0 1.0 0.0 0.0 13.0 0.0
3327.0025952461547 0.0 0.0 0.0 1.0 0.0 0.0 13.0 0.0
3328.007228799604 0.0 0.0 0.0 1.0 0.0 0.0 13.0 0.0
3329.010158754609 0.0 0.0 0.0 1.0 0.0 0.0 13.0 0.0
3330.044985983321 0.0 0.0 0.0 1.0 0.0 0.0 13.0 0.0
3331.0054754776625 0.0 0.0 0.0 1.0 0.0 0.0 13.0 0.0
3332.03237103759 0.0 0.0 0.0 1.0 0.0 0.0 13.0 0.0
3333.044985983321 0.0 0.0 0.0 1.0 0.0 0.0 13.0 0.0
3334.0131181665975 0.0 0.0 0.0 1.0 0.0 0.0 13.0 0.0
3335.007248137828 0.0 0.0 0.0 1.0 0.0 0.0 13.0 0.0
3336.0131935451523 0.0 0.0 0.0 1.0 0.0 0.0 13.0 0.0
3337.044985983321 0.0 0.0 0.0 1.0 0.0 0.0 13.0 0.0
3338.0078014252995 0.0 0.0 0.0 1.0 0.0 0.0 13.0 0.0
3339.0191519068094 0.0 0.0 0.0 1.0 0.0 0.0 13.0 0.0
3340.0225057502594 0.0 0.0 0.0 1.0 0.0 0.0 13.0 0.0
3341.044985983321 0.0 0.0 0.0 1.0 0.0 0.0 13.0 0.0
3342.044105633429 0.0 0.0 0.0 1.0 0.0 0.0 13.0 0.0
3343.0296953526554 0.0 0.0 0.0 1.0 0.0 0.0 13.0 0.0
3344.038632121181 0.0 0.0 0.0 1.0 0.0 0.0 13.0 0.0
3345.025516414713 0.0 0.0 0.0 1.0 0.0 0.0 13.0 0.0
3346.003249652295 0.0 0.0 0.0 1.0 0.0 0.0 13.0 0.0
3347.0278642938833 0.0 0.0 0.0 1.0 0.0 0.0 13.0 0.0
3348.0241227483752 0.0 0.0 0.0 1.0 0.0 0.0 13.0 0.0
3349.0371803066855 0.0 0.0 0.0 1.0 0.0 0.0 13.0 0.0
3350.006578244986 0.0 0.0 0.0 1.0 0.0 0.0 13.0 0.0
3351.042923393199 0.0 0.0 0.0 1.0 0.0 0.0 13.0 0.0
3352.001341703127 0.0 0.0 0.0 1.0 0.0 0.0 13.0 0.0
3353.0098927166127 0.0 0.0 0.0 1.0 0.0 0.0 13.0 0.0
3354.0068511264617 0.0 0.0 0.0 1.0 0.0 0.0 13.0 0.0
3355.020543753481 0.0 0.0 0.0 1.0 0.0 0.0 13.0 0.0
3356.0208271155143 0.0 0.0 0.0 1.0 0.0 0.0 13.0 0.0
3357.002135897922 0.0 0.0 0.0 1.0 0.0 0.0 13.0 0.0
3358.0248702143854 0.0 0.0 0.0 1.0 0.0 0.0 13.0 0.0
3359.011103325644 0.0 0.0 0.0 1.0 0.0 0.0 13.0 0.0
3360.044985983321 0.0 0.0 0.0 1.0 0.0 0.0 13.0 0.0
3361.044985983321 0.0 0.0 0.0 1.0 0.0 0.0 13.0 0.0
3362.044985983321 0.0 0.0 0.0 1.0 0.0 0.0 13.0 0.0
3363.044985983321 0.0 0.0 0.0 1.0 0.0 0.0 13.0 0.0
3364.044070604499 0.0 0.0 0.0 1.0 0.0 0.0 13.0 0.0
3365.044985983321 0.0 0.0 0.0 1.0 0.0 0.0 13.0 0.0
3366.0308514827034 0.0 0.0 0.0 1.0 0.0 0.0 13.0 0.0
3367.021783935191 0.0 0.0 0.0 1.0 0.0 0.0 13.0 0.0
3368.032838283636 0.0 0.0 0.0 1.0 0.0 0.0 13.0 0.0
3369.044985983321 0.0 0.0 0.0 1.0 0.0 0.0 13.0 0.0
3370.039266084151 0.0 0.0 0.0 1.0 0.0 0.0 13.0 0.0
3371.042793871038 0.0 0.0 0.0 1.0 0.0 0.0 13.0 0.0
3372.0029678939736 0.0 0.0 0.0 1.0 0.0 0.0 13.0 0.0
3373.0418273774303 0.0 0.0 0.0 1.0 0.0 0.0 13.0 0.0
3374.026825318952 0.0 0.0 0.0 1.0 0.0 0.0 13.0 0.0
3375.044985983321 0.0 0.0 0.0 1.0 0.0 0.0 13.0 0.0
3376.010734472838 0.0 0.0 0.0 1.0 0.0 0.0 13.0 0.0
3377.0176107702578 0.0 0.0 0.0 1.0 0.0 0.0 13.0 0.0
3378.0431732618204 0.0 0.0 0.0 1.0 0.0 0.0 13.0 0.0
3379.0254936110928 0.0 0.0 0.0 1.0 0.0 0.0 13.0 0.0
3380.044985983321 0.0 0.0 0.0 1.0 0.0 0.0 13.0 0.0
3381.0021093755945 0.0 0.0 0.0 1.0 0.0 0.0 13.0 0.0
3382.0125470319526 0.0 0.0 0.0 1.0 0.0 0.0 13.0 0.0
3383.0282452480646 0.0 0.0 0.0 1.0 0.0 0.0 13.0 0.0
3384.044985983321 0.0 0.0 0.0 1.0 0.0 0.0 13.0 0.0
3385.044985983321 0.0 0.0 0.0 1.0 0.0 0.0 13.0 0.0
3386.0079607702796 0.0 0.0 0.0 1.0 0.0 0.0 13.0 0.0
3387.0017991146096 0.0 0.0 0.0 1.0 0.0 0.0 13.0 0.0
3388.023884482663 0.0 0.0 0.0 1.0 0.0 0.0 13.0 0.0
3389.00697187883 0.0 0.0 0.0 1.0 0.0 0.0 13.0 0.0
3390.044985983321 0.0 0.0 0.0 1.0 0.0 0.0 13.0 0.0
3391.044985983321 0.0 0.0 0.0 1.0 0.0 0.0 13.0 0.0
3392.0369468703816 0.0 0.0 0.0 1.0 0.0 0.0 13.0 0.0
3393.00331408214 0.0 0.0 0.0 1.0 0.0 0.0 13.0 0.0
3394.0029073133196 0.0 0.0 0.0 1.0 0.0 0.0 13.0 0.0
3395.044985983321 0.0 0.0 0.0 1.0 0.0 0.0 13.0 0.0
3396.004154856299 0.0 0.0 0.0 1.0 0.0 0.0 13.0 0.0
3397.002527651935 0.0 0.0 0.0 1.0 0.0 0.0 13.0 0.0
3398.000792073617 0.0 0.0 0.0 1.0 0.0 0.0 13.0 0.0
3399.019246617028 0.0 0.0 0.0 1.0 0.0 0.0 13.0 0.0
3400.011131109436 0.0 0.0 0.0 1.0 0.0 0.0 13.0 0.0
3401.0022866745535 0.0 0.0 0.0 1.0 0.0 0.0 13.0 0.0
3402.020562187898 0.0 0.0 0.0 1.0 0.0 0.0 13.0 0.0
3403.044985983321 0.0 0.0 0.0 1.0 0.0 0.0 13.0 0.0
3404.021523966567 0.0 0.0 0.0 1.0 0.0 0.0 13.0 0.0
3405.004497116803 0.0 0.0 0.0 1.0 0.0 0.0 13.0 0.0
3406.017837487982 0.0 0.0 0.0 1.0 0.0 0.0 13.0 0.0
3407.0265567921288 0.0 0.0 0.0 1.0 0.0 0.0 13.0 0.0
3408.0005094525222 0.0 0.0 0.0 1.0 0.0 0.0 13.0 0.0
3409.044985983321 0.0 0.0 0.0 1.0 0.0 0.0 13.0 0.0
3410.0193398768247 0.0 0.0 0.0 1.0 0.0 0.0 13.0 0.0
3411.0140246513133 0.0 0.0 0.0 1.0 0.0 0.0 13.0 0.0
3412.0004950291377 0.0 0.0 0.0 1.0 0.0 0.0 13.0 0.0
3413.011974529854 0.0 0.0 0.0 1.0 0.0 0.0 13.0 0.0
3414.0111189655895 0.0 0.0 0.0 1.0 0.0 0.0 13.0 0.0
3415.0240303443184 0.0 0.0 0.0 1.0 0.0 0.0 13.0 0.0
3416.044985983321 0.0 0.0 0.0 1.0 0.0 0.0 13.0 0.0
3417.0191641971974 0.0 0.0 0.0 1.0 0.0 0.0 13.0 0.0
3418.044985983321 0.0 0.0 0.0 1.0 0.0 0.0 13.0 0.0
3419.044985983321 0.0 0.0 0.0 1.0 0.0 0.0 13.0 0.0
3420.0109778158 0.0 0.0 0.0 1.0 0.0 0.0 13.0 0.0
3421.044985983321 0.0 0.0 0.0 1.0 0.0 0.0 13.0 0.0
3422.0279226239104 0.0 0.0 0.0 1.0 0.0 0.0 13.0 0.0
3423.007271675401 0.0 0.0 0.0 1.0 0.0 0.0 13.0 0.0
3424.044985983321 0.0 0.0 0.0 1.0 0.0 0.0 13.0 0.0
3425.0146462499474 0.0 0.0 0.0 1.0 0.0 0.0 13.0 0.0
3426.044985983321 0.0 0.0 0.0 1.0 0.0 0.0 13.0 0.0
3427.044985983321 0.0 0.0 0.0 1.0 0.0 0.0 13.0 0.0
3428.0365884385665 0.0 0.0 0.0 1.0 0.0 0.0 13.0 0.0
3429.01968557012 0.0 0.0 0.0 1.0 0.0 0.0 13.0 0.0
3430.014818313137 0.0 0.0 0.0 1.0 0.0 0.0 13.0 0.0
3431.0006378626535 0.0 0.0 0.0 1.0 0.0 0.0 13.0 0.0
3432.004806856725 0.0 0.0 0.0 1.0 0.0 0.0 13.0 0.0
3433.0070489275577 0.0 0.0 0.0 1.0 0.0 0.0 13.0 0.0
3434.0034238895532 0.0 0.0 0.0 1.0 0.0 0.0 13.0 0.0
3435.01564654517 0.0 0.0 0.0 1.0 0.0 0.0 13.0 0.0
3436.0025357580616 0.0 0.0 0.0 1.0 0.0 0.0 13.0 0.0
3437.003742665793 0.0 0.0 0.0 1.0 0.0 0.0 13.0 0.0
3438.031130244517 0.0 0.0 0.0 1.0 0.0 0.0 13.0 0.0
3439.026463504749 0.0 0.0 0.0 1.0 0.0 0.0 13.0 0.0
3440.0266062631586 0.0 0.0 0.0 1.0 0.0 0.0 13.0 0.0
3441.019915042137 0.0 0.0 0.0 1.0 0.0 0.0 13.0 0.0
3442.044985983321 0.0 0.0 0.0 1.0 0.0 0.0 13.0 0.0
3443.018618140261 0.0 0.0 0.0 1.0 0.0 0.0 13.0 0.0
3444.040091225276 0.0 0.0 0.0 1.0 0.0 0.0 13.0 0.0
3445.0035760390833 0.0 0.0 0.0 1.0 0.0 0.0 13.0 0.0
3446.005762940241 0.0 0.0 0.0 1.0 0.0 0.0 13.0 0.0
3447.0014492576197 0.0 0.0 0.0 1.0 0.0 0.0 13.0 0.0
3448.044985983321 0.0 0.0 0.0 1.0 0.0 0.0 13.0 0.0
3449.0142785125827 0.0 0.0 0.0 1.0 0.0 0.0 13.0 0.0
3450.004343084934 0.0 0.0 0.0 1.0 0.0 0.0 13.0 0.0
3451.0216737377145 0.0 0.0 0.0 1.0 0.0 0.0 13.0 0.0
3452.044985983321 0.0 0.0 0.0 1.0 0.0 0.0 13.0 0.0
3453.0327063544432 0.0 0.0 0.0 1.0 0.0 0.0 13.0 0.0
3454.044985983321 0.0 0.0 0.0 1.0 0.0 0.0 13.0 0.0
3455.044985983321 0.0 0.0 0.0 1.0 0.0 0.0 13.0 0.0
3456.044985983321 0.0 0.0 0.0 1.0 0.0 0.0 13.0 0.0
3457.0341341303647 0.0 0.0 0.0 1.0 0.0 0.0 13.0 0.0
3458.004746208574 0.0 0.0 0.0 1.0 0.0 0.0 13.0 0.0
3459.035243048354 0.0 0.0 0.0 1.0 0.0 0.0 13.0 0.0
3460.0222799061216 0.0 0.0 0.0 1.0 0.0 0.0 13.0 0.0
3461.008053938784 0.0 0.0 0.0 1.0 0.0 0.0 13.0 0.0
3462.0237782007825 0.0 0.0 0.0 1.0 0.0 0.0 13.0 0.0
3463.044985983321 0.0 0.0 0.0 1.0 0.0 0.0 13.0 0.0
3464.044985983321 0.0 0.0 0.0 1.0 0.0 0.0 13.0 0.0
3465.0194956910777 0.0 0.0 0.0 1.0 0.0 0.0 13.0 0.0
3466.0033003845056 0.0 0.0 0.0 1.0 0.0 0.0 13.0 0.0
3467.004702072396 0.0 0.0 0.0 1.0 0.0 0.0 13.0 0.0
3468.0184334337205 0.0 0.0 0.0 1.0 0.0 0.0 13.0 0.0
3469.00856278241 0.0 0.0 0.0 1.0 0.0 0.0 13.0 0.0
3470.044985983321 0.0 0.0 0.0 1.0 0.0 0.0 13.0 0.0
3471.0025573540834 0.0 0.0 0.0 1.0 0.0 0.0 13.0 0.0
3472.027365380019 0.0 0.0 0.0 1.0 0.0 0.0 13.0 0.0
3473.0273790622587 0.0 0.0 0.0 1.0 0.0 0.0 13.0 0.0
3474.044985983321 0.0 0.0 0.0 1.0 0.0 0.0 13.0 0.0
3475.0340052115807 0.0 0.0 0.0 1.0 0.0 0.0 13.0 0.0
3476.0219912502025 0.0 0.0 0.0 1.0 0.0 0.0 13.0 0.0
3477.008226191998 0.0 0.0 0.0 1.0 0.0 0.0 13.0 0.0
3478.0027151670633 0.0 0.0 0.0 1.0 0.0 0.0 13.0 0.0
3479.0151746256106 0.0 0.0 0.0 1.0 0.0 0.0 13.0 0.0
3480.0157260196 0.0 0.0 0.0 1.0 0.0 0.0 13.0 0.0
3481.012471734636 0.0 0.0 0.0 1.0 0.0 0.0 13.0 0.0
3482.0199854336206 0.0 0.0 0.0 1.0 0.0 0.0 13.0 0.0
3483.016356784922 0.0 0.0 0.0 1.0 0.0 0.0 13.0 0.0
3484.0184634992747 0.0 0.0 0.0 1.0 0.0 0.0 13.0 0.0
3485.013523169824 0.0 0.0 0.0 1.0 0.0 0.0 13.0 0.0
3486.044985983321 0.0 0.0 0.0 1.0 0.0 0.0 13.0 0.0
3487.010555003703 0.0 0.0 0.0 1.0 0.0 0.0 13.0 0.0
3488.013051229171 0.0 0.0 0.0 1.0 0.0 0.0 13.0 0.0
3489.010329301393 0.0 0.0 0.0 1.0 0.0 0.0 13.0 0.0
3490.0094493781157 0.0 0.0 0.0 1.0 0.0 0.0 13.0 0.0
3491.044985983321 0.0 0.0 0.0 1.0 0.0 0.0 13.0 0.0
3492.0352378001808 0.0 0.0 0.0 1.0 0.0 0.0 13.0 0.0
3493.0069590520307 0.0 0.0 0.0 1.0 0.0 0.0 13.0 0.0
3494.0369433638684 0.0 0.0 0.0 1.0 0.0 0.0 13.0 0.0
3495.0386610275345 0.0 0.0 0.0 1.0 0.0 0.0 13.0 0.0
3496.0051718029035 0.0 0.0 0.0 1.0 0.0 0.0 13.0 0.0
3497.0062299473725 0.0 0.0 0.0 1.0 0.0 0.0 13.0 0.0
3498.044985983321 0.0 0.0 0.0 1.0 0.0 0.0 13.0 0.0
3499.0064486769875 0.0 0.0 0.0 1.0 0.0 0.0 13.0 0.0
3500.0004577631476 0.0 0.0 0.0 1.0 0.0 0.0 13.0 0.0
3501.012334971919 0.049999999999999975 0.0 0.0 0.95 0.0 1.0 12.625 0.09268292682926829
3502.035342299509 0.775 0.0 0.0 0.225 0.0 1.0 12.025 0.3402439024390244
3503.029125202151 1.0 0.0 0.0 0.0 0.0 1.0 11.875 0.0
3504.0151920307326 1.0 0.0 0.0 0.0 0.0 1.0 12.65 0.0
3505.0059105727387 1.0 0.0 0.0 0.0 0.0 1.0 13.0 0.0
3506.011761581316 1.0 0.0 0.0 0.0 0.0 1.0 13.0 0.0
3507.014584653675 1.0 0.0 0.0 0.0 0.0 1.0 13.0 0.0
3508.025878637677 1.0 0.0 0.0 0.0 0.0 1.0 13.0 0.0
3509.044985983321 1.0 0.0 0.0 0.0 0.0 1.0 13.0 0.0
3510.018588367313 1.0 0.0 0.0 0.0 0.0 1.0 13.0 0.0
3511.0367676895703 1.0 0.0 0.0 0.0 0.0 1.0 13.0 0.0
3512.0055674367413 1.0 0.0 0.0 0.0 0.0 1.0 13.0 0.0
3513.043158636062 1.0 0.0 0.0 0.0 0.0 1.0 13.0 0.0
3514.0347083331794 1.0 0.0 0.0 0.0 0.0 1.0 13.0 0.0
3515.006833478688 1.0 0.0 0.0 0.0 0.0 1.0 13.0 0.0
3516.032649985044 1.0 0.0 0.0 0.0 0.0 1.0 13.0 0.0
3517.003435620255 1.0 0.0 0.0 0.0 0.0 1.0 13.0 0.0
3518.010467938661 1.0 0.0 0.0 0.0 0.0 1.0 13.0 0.0
3519.012954862149 1.0 0.0 0.0 0.0 0.0 1.0 13.0 0.0
3520.044985983321 1.0 0.0 0.0 0.0 0.0 1.0 13.0 0.0
3521.023946796908 1.0 0.0 0.0 0.0 0.0 1.0 13.0 0.0
3522.000973665529 1.0 0.0 0.0 0.0 0.0 1.0 13.0 0.0
3523.044985983321 1.0 0.0 0.0 0.0 0.0 1.0 13.0 0.0
3524.044985983321 1.0 0.0 0.0 0.0 0.0 1.0 13.0 0.0
3525.0077087400273 1.0 0.0 0.0 0.0 0.0 1.0 13.0 0.0
3526.017781153038 1.0 0.0 0.0 0.0 0.0 1.0 13.0 0.0
3527.0058544118547 1.0 0.0 0.0 0.0 0.0 1.0 13.0 0.0
3528.041277824553 1.0 0.0 0.0 0.0 0.0 1.0 13.0 0.0
3529.005029103462 1.0 0.0 0.0 0.0 0.0 1.0 13.0 0.0
3530.03084463438 1.0 0.0 0.0 0.0 0.0 1.0 13.0 0.0
3531.032673343108 1.0 0.0 0.0 0.0 0.0 1.0 13.0 0.0
3532.0216570783937 1.0 0.0 0.0 0.0 0.0 1.0 13.0 0.0
3533.0390275966624 1.0 0.0 0.0 0.0 0.0 1.0 13.0 0.0
3534.035178986932 1.0 0.0 0.0 0.0 0.0 1.0 13.0 0.0
3535.003880339591 1.0 0.0 0.0 0.0 0.0 1.0 13.0 0.0
3536.0319721391315 1.0 0.0 0.0 0.0 0.0 1.0 13.0 0.0
3537.0219015769962 1.0 0.0 0.0 0.0 0.0 1.0 13.0 0.0
3538.0000874769744 1.0 0.0 0.0 0.0 0.0 1.0 13.0 0.0
3539.017625352862 1.0 0.0 0.0 0.0 0.0 1.0 13.0 0.0
3540.044985983321 1.0 0.0 0.0 0.0 0.0 1.0 13.0 0.0
3541.002272229709 1.0 0.0 0.0 0.0 0.0 1.0 13.0 0.0
3542.0271649160018 1.0 0.0 0.0 0.0 0.0 1.0 13.0 0.0
3543.0444563322458 1.0 0.0 0.0 0.0 0.0 1.0 13.0 0.0
3544.044985983321 1.0 0.0 0.0 0.0 0.0 1.0 13.0 0.0
3545.018896058157 1.0 0.0 0.0 0.0 0.0 1.0 13.0 0.0
3546.002079459451 1.0 0.0 0.0 0.0 0.0 1.0 13.0 0.0
3547.003103157025 1.0 0.0 0.0 0.0 0.0 1.0 13.0 0.0
3548.014334441106 1.0 0.0 0.0 0.0 0.0 1.0 13.0 0.0
3549.026310104328 1.0 0.0 0.0 0.0 0.0 1.0 13.0 0.0
3550.001798818121 1.0 0.0 0.0 0.0 0.0 1.0 13.0 0.0
3551.044985983321 1.0 0.0 0.0 0.0 0.0 1.0 13.0 0.0
3552.004727506664 1.0 0.0 0.0 0.0 0.0 1.0 13.0 0.0
3553.021561302761 1.0 0.0 0.0 0.0 0.0 1.0 13.0 0.0
3554.044985983321 1.0 0.0 0.0 0.0 0.0 1.0 13.0 0.0
3555.032937300684 1.0 0.0 0.0 0.0 0.0 1.0 13.0 0.0
3556.044985983321 1.0 0.0 0.0 0.0 0.0 1.0 13.0 0.0
3557.0426225284587 1.0 0.0 0.0 0.0 0.0 1.0 13.0 0.0
3558.0082178518237 1.0 0.0 0.0 0.0 0.0 1.0 13.0 0.0
3559.028907297248 1.0 0.0 0.0 0.0 0.0 1.0 13.0 0.0
3560.028320575873 1.0 0.0 0.0 0.0 0.0 1.0 13.0 0.0
3561.0444836270626 1.0 0.0 0.0 0.0 0.0 1.0 13.0 0.0
3562.044985983321 1.0 0.0 0.0 0.0 0.0 1.0 13.0 0.0
3563.010489025961 1.0 0.0 0.0 0.0 0.0 1.0 13.0 0.0
3564.0265625811517 1.0 0.0 0.0 0.0 0.0 1.0 13.0 0.0
3565.0121538393537 1.0 0.0 0.0 0.0 0.0 1.0 13.0 0.0
3566.044985983321 1.0 0.0 0.0 0.0 0.0 1.0 13.0 0.0
3567.044985983321 1.0 0.0 0.0 0.0 0.0 1.0 13.0 0.0
3568.044985983321 1.0 0.0 0.0 0.0 0.0 1.0 13.0 0.0
3569.019821516658 1.0 0.0 0.0 0.0 0.0 1.0 13.0 0.0
3570.0189274928302 1.0 0.0 0.0 0.0 0.0 1.0 13.0 0.0
3571.044985983321 1.0 0.0 0.0 0.0 0.0 1.0 13.0 0.0
3572.0225301398646 1.0 0.0 0.0 0.0 0.0 1.0 13.0 0.0
3573.004083157585 1.0 0.0 0.0 0.0 0.0 1.0 13.0 0.0
3574.0048293698956 1.0 0.0 0.0 0.0 0.0 1.0 13.0 0.0
3575.00091076584 1.0 0.0 0.0 0.0 0.0 1.0 13.0 0.0
3576.004015088943 1.0 0.0 0.0 0.0 0.0 1.0 13.0 0.0
3577.006118337574 1.0 0.0 0.0 0.0 0.0 1.0 13.0 0.0
3578.044985983321 1.0 0.0 0.0 0.0 0.0 1.0 13.0 0.0
3579.0002045832234 1.0 0.0 0.0 0.0 0.0 1.0 13.0 0.0
3580.010599947279 1.0 0.0 0.0 0.0 0.0 1.0 13.0 0.0
3581.026733191923 1.0 0.0 0.0 0.0 0.0 1.0 13.0 0.0
3582.0291710750453 1.0 0.0 0.0 0.0 0.0 1.0 13.0 0.0
3583.0078228581215 1.0 0.0 0.0 0.0 0.0 1.0 13.0 0.0
3584.030888150124 1.0 0.0 0.0 0.0 0.0 1.0 13.0 0.0
3585.044985983321 1.0 0.0 0.0 0.0 0.0 1.0 13.0 0.0
3586.004119591482 1.0 0.0 0.0 0.0 0.0 1.0 13.0 0.0
3587.0039496624204 1.0 0.0 0.0 0.0 0.0 1.0 13.0 0.0
3588.044985983321 1.0 0.0 0.0 0.0 0.0 1.0 13.0 0.0
3589.0139473378663 1.0 0.0 0.0 0.0 0.0 1.0 13.0 0.0
3590.032884739134 1.0 0.0 0.0 0.0 0.0 1.0 13.0 0.0
3591.014847946029 1.0 0.0 0.0 0.0 0.0 1.0 13.0 0.0
3592.0065875320533 1.0 0.0 0.0 0.0 0.0 1.0 13.0 0.0
3593.044985983321 1.0 0.0 0.0 0.0 0.0 1.0 13.0 0.0
3594.044985983321 1.0 0.0 0.0 0.0 0.0 1.0 13.0 0.0
3595.0101138248856 1.0 0.0 0.0 0.0 0.0 1.0 13.0 0.0
3596.0105365778395 1.0 0.0 0.0 0.0 0.0 1.0 13.0 0.0
3597.0232453504227 1.0 0.0 0.0 0.0 0.0 1.0 13.0 0.0
3598.044985983321 1.0 0.0 0.0 0.0 0.0 1.0 13.0 0.0
3599.00802451452 1.0 0.0 0.0 0.0 0.0 1.0 13.0 0.0
3600.027171801458 1.0 0.0 0.0 0.0 0.0 1.0 13.0 0.0
3601.005745682029 1.0 0.0 0.0 0.0 0.0 1.0 12.75 0.0
3602.001572063279 0.525 0.0 0.4749999999999999 0.0 0.0 1.0 12.2 0.4865853658536585
3603.044985983321 0.175 0.0 0.825 0.0 0.0 1.0 12.35 0.2817073170731707
3604.0096250123047 0.20000000000000004 0.0 0.8 0.0 0.0 1.0 12.2 0.3121951219512195
3605.0225847352135 0.04999999999999998 0.0 0.95 0.0 0.0 1.0 12.075 0.09268292682926829
3606.0052275400917 0.0 0.0 1.0 0.0 0.0 1.0 12.75 0.0
3607.044985983321 0.0 0.0 1.0 0.0 0.0 1.0 12.975 0.0
3608.019327417269 0.0 0.0 1.0 0.0 0.0 1.0 13.0 0.0
3609.016387462297 0.0 0.0 1.0 0.0 0.0 1.0 13.0 0.0
3610.030645977782 0.0 0.0 1.0 0.0 0.0 1.0 13.0 0.0
3611.044985983321 0.0 0.0 1.0 0.0 0.0 1.0 13.0 0.0
3612.044985983321 0.0 0.0 1.0 0.0 0.0 1.0 13.0 0.0
3613.009273440729 0.0 0.0 1.0 0.0 0.0 1.0 13.0 0.0
3614.0129220796134 0.0 0.0 1.0 0.0 0.0 1.0 13.0 0.0
3615.0094233681016 0.0 0.0 1.0 0.0 0.0 1.0 13.0 0.0
3616.0385410240983 0.0 0.0 1.0 0.0 0.0 1.0 13.0 0.0
3617.020957105567 0.0 0.0 1.0 0.0 0.0 1.0 13.0 0.0
3618.044985983321 0.0 0.0 1.0 0.0 0.0 1.0 13.0 0.0
3619.044985983321 0.0 0.0 1.0 0.0 0.0 1.0 13.0 0.0
3620.0272953037347 0.0 0.0 1.0 0.0 0.0 1.0 13.0 0.0
3621.044985983321 0.0 0.0 1.0 0.0 0.0 1.0 13.0 0.0
3622.0073639379757 0.0 0.0 1.0 0.0 0.0 1.0 13.0 0.0
3623.019735385811 0.0 0.0 1.0 0.0 0.0 1.0 13.0 0.0
3624.0130765129056 0.0 0.0 1.0 0.0 0.0 1.0 13.0 0.0
3625.021732687643 0.0 0.0 1.0 0.0 0.0 1.0 13.0 0.0
3626.022086038497 0.0 0.0 1.0 0.0 0.0 1.0 13.0 0.0
3627.0206306269683 0.0 0.0 1.0 0.0 0.0 1.0 13.0 0.0
3628.044985983321 0.0 0.0 1.0 0.0 0.0 1.0 13.0 0.0
3629.044985983321 0.0 0.0 1.0 0.0 0.0 1.0 13.0 0.0
3630.044985983321 0.0 0.0 1.0 0.0 0.0 1.0 13.0 0.0
3631.004836469353 0.0 0.0 1.0 0.0 0.0 1.0 13.0 0.0
3632.021678195838 0.0 0.0 1.0 0.0 0.0 1.0 13.0 0.0
3633.002360233382 0.0 0.0 1.0 0.0 0.0 1.0 13.0 0.0
3634.0185767801086 0.0 0.0 1.0 0.0 0.0 1.0 13.0 0.0
3635.0365814944557 0.0 0.0 1.0 0.0 0.0 1.0 13.0 0.0
3636.016017124223 0.0 0.0 1.0 0.0 0.0 1.0 13.0 0.0
3637.00198508612 0.0 0.0 1.0 0.0 0.0 1.0 13.0 0.0
3638.0373898334838 0.0 0.0 1.0 0.0 0.0 1.0 13.0 0.0
3639.044985983321 0.0 0.0 1.0 0.0 0.0 1.0 13.0 0.0
3640.027156284468 0.0 0.0 1.0 0.0 0.0 1.0 13.0 0.0
3641.0113890184093 0.0 0.0 1.0 0.0 0.0 1.0 13.0 0.0
3642.0041097465305 0.0 0.0 1.0 0.0 0.0 1.0 13.0 0.0
3643.044985983321 0.0 0.0 1.0 0.0 0.0 1.0 13.0 0.0
3644.001568844424 0.0 0.0 1.0 0.0 0.0 1.0 13.0 0.0
3645.0140865134363 0.0 0.0 1.0 0.0 0.0 1.0 13.0 0.0
3646.044985983321 0.0 0.0 1.0 0.0 0.0 1.0 13.0 0.0
3647.044985983321 0.0 0.0 1.0 0.0 0.0 1.0 13.0 0.0
3648.0395780166928 0.0 0.0 1.0 0.0 0.0 1.0 13.0 0.0
3649.032202729082 0.0 0.0 1.0 0.0 0.0 1.0 13.0 0.0
3650.0239829930033 0.0 0.0 1.0 0.0 0.0 1.0 13.0 0.0
3651.038821776716 0.0 0.0 1.0 0.0 0.0 1.0 13.0 0.0
3652.044985983321 0.0 0.0 1.0 0.0 0.0 1.0 13.0 0.0
3653.044985983321 0.0 0.0 1.0 0.0 0.0 1.0 13.0 0.0
3654.026628214754 0.0 0.0 1.0 0.0 0.0 1.0 13.0 0.0
3655.044985983321 0.0 0.0 1.0 0.0 0.0 1.0 13.0 0.0
3656.020886368715 0.0 0.0 1.0 0.0 0.0 1.0 13.0 0.0
3657.041424043399 0.0 0.0 1.0 0.0 0.0 1.0 13.0 0.0
3658.0191560151493 0.0 0.0 1.0 0.0 0.0 1.0 13.0 0.0
3659.028866229359 0.0 0.0 1.0 0.0 0.0 1.0 13.0 0.0
3660.0030399171983 0.0 0.0 1.0 0.0 0.0 1.0 13.0 0.0
3661.044985983321 0.0 0.0 1.0 0.0 0.0 1.0 13.0 0.0
3662.002616680305 0.0 0.0 1.0 0.0 0.0 1.0 13.0 0.0
3663.044985983321 0.0 0.0 1.0 0.0 0.0 1.0 13.0 0.0
3664.0284350136835 0.0 0.0 1.0 0.0 0.0 1.0 13.0 0.0
3665.0028974533147 0.0 0.0 1.0 0.0 0.0 1.0 13.0 0.0
3666.0379979102063 0.0 0.0 1.0 0.0 0.0 1.0 13.0 0.0
3667.018996290442 0.0 0.0 1.0 0.0 0.0 1.0 13.0 0.0
3668.0403221856004 0.0 0.0 1.0 0.0 0.0 1.0 13.0 0.0
3669.0142991470616 0.0 0.0 1.0 0.0 0.0 1.0 13.0 0.0
3670.0080833057054 0.0 0.0 1.0 0.0 0.0 1.0 13.0 0.0
3671.008696080609 0.0 0.0 1.0 0.0 0.0 1.0 13.0 0.0
3672.030345729845 0.0 0.0 1.0 0.0 0.0 1.0 13.0 0.0
3673.0103649465455 0.0 0.0 1.0 0.0 0.0 1.0 13.0 0.0
3674.044985983321 0.0 0.0 1.0 0.0 0.0 1.0 13.0 0.0
3675.01307597689 0.0 0.0 0.95 0.049999999999999996 0.0 0.0 13.0 0.09268292682926829
3676.011309529299 0.0 0.0 0.225 0.775 0.0 0.0 13.025 0.3402439024390244
3677.044985983321 0.0 0.0 0.024999999999999988 0.975 0.0 0.0 13.625 0.0475609756097561
3678.003536292218 0.0 0.0 0.024999999999999988 0.975 0.0 0.0 14.525 0.0475609756097561
3679.0136321880345 0.0 0.0 0.024999999999999988 0.975 0.0 0.0 14.775 0.0475609756097561
3680.0011110989944 0.0 0.0 0.0 1.0 0.0 0.0 14.9 0.0
3681.004053946914 0.0 0.0 0.0 1.0 0.0 0.0 15.0 0.0
3682.0448093987843 0.0 0.0 0.0 1.0 0.0 0.0 15.0 0.0
3683.0342159774664 0.0 0.0 0.0 1.0 0.0 0.0 15.0 0.0
3684.0079556666033 0.0 0.0 0.0 1.0 0.0 0.0 15.0 0.0
3685.0085036022483 0.0 0.0 0.0 1.0 0.0 0.0 15.0 0.0
3686.010033445961 0.0 0.0 0.0 1.0 0.0 0.0 15.0 0.0
3687.0094285058976 0.0 0.0 0.0 1.0 0.0 0.0 15.0 0.0
3688.0154714149585 0.0 0.0 0.0 1.0 0.0 0.0 15.0 0.0
3689.0011252768713 0.0 0.0 0.0 1.0 0.0 0.0 15.0 0.0
3690.0099119032193 0.0 0.0 0.0 1.0 0.0 0.0 14.825 0.0
3691.002414896238 0.0 0.0 0.0 1.0 0.0 0.0 13.975 0.0
3692.0102005895765 0.0 0.0 0.0 1.0 0.0 0.0 13.025 0.0
3693.044985983321 0.0 0.0 0.0 1.0 0.0 0.0 12.15 0.0
3694.0016944206695 0.0 0.0 0.0 1.0 0.0 0.0 12.025 0.0
3695.002289878776 0.0 0.0 0.0 1.0 0.0 0.0 12.025 0.0
3696.021973962731 0.0 0.0 0.0 1.0 0.0 0.0 12.025 0.0
3697.044985983321 0.0 0.0 0.0 1.0 0.0 0.0 12.025 0.0
3698.001994332857 0.0 0.0 0.0 1.0 0.0 0.0 12.025 0.0
3699.044985983321 0.0 0.0 0.0 1.0 0.0 0.0 12.0 0.0
3700.0228284346517 0.0 0.0 0.0 1.0 0.0 0.0 12.0 0.0
3701.044985983321 0.0 0.0 0.0 1.0 0.0 0.0 12.0 0.0
3702.024859392024 0.0 0.0 0.0 1.0 0.0 0.0 12.0 0.0
3703.0176589668185 0.0 0.0 0.0 1.0 0.0 0.0 12.0 0.0
3704.0038211029973 0.0 0.0 0.0 1.0 0.0 0.0 12.0 0.0
3705.0090535942973 0.0 0.0 0.0 1.0 0.0 0.0 12.0 0.0
3706.044985983321 0.0 0.0 0.0 1.0 0.0 0.0 12.0 0.0
3707.044985983321 0.0 0.0 0.0 1.0 0.0 0.0 12.0 0.0
3708.0088655432583 0.0 0.0 0.0 1.0 0.0 0.0 12.0 0.0
3709.003952873322 0.0 0.0 0.0 1.0 0.0 0.0 12.0 0.0
3710.044985983321 0.0 0.0 0.0 1.0 0.0 0.0 12.0 0.0
3711.0109381449042 0.0 0.0 0.0 1.0 0.0 0.0 12.0 0.0
3712.044985983321 0.0 0.0 0.0 1.0 0.0 0.0 12.0 0.0
3713.0210681571534 0.0 0.0 0.0 1.0 0.0 0.0 12.0 0.0
3714.0070661382747 0.0 0.0 0.0 1.0 0.0 0.0 12.0 0.0
3715.044985983321 0.0 0.0 0.0 1.0 0.0 0.0 12.0 0.0
3716.0061620970155 0.0 0.0 0.0 1.0 0.0 0.0 12.0 0.0
3717.0062145577435 0.0 0.0 0.0 1.0 0.0 0.0 12.0 0.0
3718.0156421857673 0.0 0.0 0.0 1.0 0.0 0.0 12.0 0.0
3719.005818383615 0.0 0.0 0.0 1.0 0.0 0.0 12.0 0.0
3720.0205852806794 0.0 0.0 0.0 1.0 0.0 0.0 12.0 0.0
3721.013391625183 0.0 0.0 0.0 1.0 0.0 0.0 12.0 0.0
3722.0049452344792 0.0 0.0 0.0 1.0 0.0 0.0 12.0 0.0
3723.0100288765907 0.0 0.0 0.0 1.0 0.0 0.0 12.0 0.0
3724.043163602026 0.0 0.0 0.0 1.0 0.0 0.0 12.0 0.0
3725.0120917814897 0.0 0.0 0.0 1.0 0.0 0.0 12.0 0.0
3726.0020400929393 0.0 0.0 0.0 1.0 0.0 0.0 12.0 0.0
3727.0354095494986 0.0 0.0 0.0 1.0 0.0 0.0 12.0 0.0
3728.013921192293 0.0 0.0 0.0 1.0 0.0 0.0 12.0 0.0
3729.0144144544647 0.0 0.0 0.0 1.0 0.0 0.0 12.0 0.0
3730.0300132370176 0.0 0.0 0.0 1.0 0.0 0.0 12.0 0.0
3731.0042804813493 0.0 0.0 0.0 1.0 0.0 0.0 12.0 0.0
3732.0143772857646 0.0 0.0 0.0 1.0 0.0 0.0 12.0 0.0
3733.044985983321 0.0 0.0 0.0 1.0 0.0 0.0 12.0 0.0
3734.044985983321 0.0 0.0 0.0 1.0 0.0 0.0 12.0 0.0
3735.044985983321 0.0 0.0 0.0 1.0 0.0 0.0 12.0 0.0
3736.044985983321 0.0 0.0 0.0 1.0 0.0 0.0 11.6 0.0
3737.021010127281 0.0 0.0 0.0 1.0 0.0 0.0 10.9 0.0
3738.044985983321 0.0 0.0 0.0 1.0 0.0 0.0 10.3 0.0
3739.044985983321 0.0 0.0 0.0 1.0 0.0 0.0 10.1 0.0
3740.044985983321 0.0 0.0 0.0 1.0 0.0 0.0 10.1 0.0
3741.044985983321 0.0 0.0 0.0 1.0 0.0 0.0 10.075 0.0
3742.0288682914934 0.0 0.0 0.0 1.0 0.0 0.0 10.05 0.0
3743.0117450143994 0.0 0.0 0.0 1.0 0.0 0.0 10.05 0.0
3744.010553330867 0.0 0.0 0.0 1.0 0.0 0.0 10.05 0.0
3745.044985983321 0.0 0.0 0.0 1.0 0.0 0.0 10.0 0.0
3746.014990552868 0.0 0.0 0.0 1.0 0.0 0.0 10.0 0.0
3747.037745622083 0.0 0.0 0.0 1.0 0.0 0.0 10.0 0.0
3748.0082275515592 0.0 0.0 0.0 1.0 0.0 0.0 10.0 0.0
3749.044150812038 0.0 0.0 0.0 1.0 0.0 0.0 10.0 0.0
3750.0089419162 0.0 0.0 0.0 1.0 0.0 0.0 10.0 0.0
3751.01162410871 0.0 0.0 0.0 1.0 0.0 0.0 10.0 0.0
3752.005920642959 0.0 0.0 0.0 1.0 0.0 0.0 10.0 0.0
3753.003010138907 0.0 0.0 0.0 1.0 0.0 0.0 10.0 0.0
3754.016457972483 0.0 0.0 0.0 1.0 0.0 0.0 10.0 0.0
3755.044985983321 0.0 0.0 0.0 1.0 0.0 0.0 10.0 0.0
3756.044985983321 0.0 0.0 0.0 1.0 0.0 0.0 10.0 0.0
3757.017534798643 0.0 0.0 0.0 1.0 0.0 0.0 10.0 0.0
3758.016451489227 0.0 0.0 0.0 1.0 0.0 0.0 10.0 0.0
3759.004626261132 0.0 0.0 0.0 1.0 0.0 0.0 10.0 0.0
3760.0408066369123 0.0 0.0 0.0 1.0 0.0 0.0 10.0 0.0
3761.015365411071 0.0 0.0 0.0 1.0 0.0 0.0 10.0 0.0
3762.0171724826246 0.0 0.0 0.0 1.0 0.0 0.0 10.0 0.0
3763.0015616572928 0.0 0.0 0.0 1.0 0.0 0.0 10.0 0.0
3764.0423291026927 0.0 0.0 0.0 1.0 0.0 0.0 10.0 0.0
3765.0294362106215 0.0 0.0 0.0 1.0 0.0 0.0 10.0 0.0
3766.0254436150267 0.0 0.0 0.0 1.0 0.0 0.0 10.0 0.0
3767.0381649159854 0.0 0.0 0.0 1.0 0.0 0.0 10.0 0.0
3768.0073774117623 0.0 0.0 0.0 1.0 0.0 0.0 10.0 0.0
3769.031661092602 0.0 0.0 0.0 1.0 0.0 0.0 10.0 0.0
3770.0101681495935 0.0 0.0 0.0 1.0 0.0 0.0 10.0 0.0
3771.013390950507 0.0 0.0 0.0 1.0 0.0 0.0 10.0 0.0
3772.008731797951 0.0 0.0 0.0 1.0 0.0 0.0 10.0 0.0
3773.0003517677624 0.0 0.0 0.0 1.0 0.0 0.0 10.0 0.0
3774.0367586146717 0.0 0.0 0.0 1.0 0.0 0.0 10.0 0.0
3775.0283019089143 0.0 0.0 0.0 1.0 0.0 0.0 10.0 0.0
3776.030018748336 0.0 0.0 0.0 1.0 0.0 0.0 10.0 0.0
3777.003155651697 0.0 0.0 0.0 1.0 0.0 0.0 10.0 0.0
3778.000913755927 0.0 0.0 0.0 1.0 0.0 0.0 10.0 0.0
3779.0006178962944 0.0 0.0 0.0 1.0 0.0 0.0 10.0 0.0
3780.0158985000994 0.0 0.0 0.0 1.0 0.0 0.0 10.0 0.0
3781.044985983321 0.0 0.0 0.0 1.0 0.0 0.0 10.0 0.0
3782.004846375825 0.0 0.0 0.0 1.0 0.0 0.0 10.0 0.0
3783.0157200057674 0.0 0.0 0.0 1.0 0.0 0.0 10.0 0.0
3784.0409598376664 0.0 0.0 0.0 1.0 0.0 0.0 10.0 0.0
3785.004326352547 0.0 0.0 0.0 1.0 0.0 0.0 10.0 0.0
3786.032024192222 0.0 0.0 0.0 1.0 0.0 0.0 10.0 0.0
3787.044985983321 0.0 0.0 0.0 1.0 0.0 0.0 10.0 0.0
3788.0335921787296 0.0 0.0 0.0 1.0 0.0 0.0 10.0 0.0
3789.0136960186833 0.0 0.0 0.0 1.0 0.0 0.0 10.0 0.0
3790.0353789019423 0.0 0.0 0.0 1.0 0.0 0.0 10.0 0.0
3791.005852606371 0.0 0.0 0.0 1.0 0.0 0.0 10.0 0.0
3792.0072683491303 0.0 0.0 0.0 1.0 0.0 0.0 10.0 0.0
3793.0257103141066 0.0 0.0 0.0 1.0 0.0 0.0 10.0 0.0
3794.023551852333 0.0 0.0 0.0 1.0 0.0 0.0 10.0 0.0
3795.00786648971 0.0 0.0 0.0 1.0 0.0 0.0 10.0 0.0
3796.0216307513633 0.0 0.0 0.0 1.0 0.0 0.0 10.0 0.0
3797.0140626206885 0.0 0.0 0.0 1.0 0.0 0.0 10.0 0.0
3798.0023877460944 0.0 0.0 0.0 1.0 0.0 0.0 10.0 0.0
3799.040476870949 0.0 0.0 0.0 1.0 0.0 0.0 10.0 0.0
3800.01865041999 0.0 0.0 0.0 1.0 0.0 0.0 10.0 0.0
3801.011394433022 0.0 0.0 0.0 1.0 0.0 0.0 10.0 0.0
3802.006384980965 0.0 0.0 0.0 1.0 0.0 0.0 10.0 0.0
3803.025543740868 0.0 0.0 0.0 1.0 0.0 0.0 10.0 0.0
3804.012791102555 0.0 0.0 0.0 1.0 0.0 0.0 10.0 0.0
3805.0065889031653 0.0 0.0 0.0 1.0 0.0 0.0 10.0 0.0
3806.004052116837 0.0 0.0 0.0 1.0 0.0 0.0 10.0 0.0
3807.0142075806043 0.0 0.0 0.0 1.0 0.0 0.0 10.0 0.0
3808.017326982185 0.0 0.0 0.0 1.0 0.0 0.0 10.0 0.0
3809.003417589174 0.0 0.0 0.0 1.0 0.0 0.0 10.0 0.0
3810.0262808009293 0.0 0.0 0.0 1.0 0.0 0.0 10.0 0.0
3811.01410232831 0.0 0.0 0.0 1.0 0.0 0.0 10.0 0.0
3812.0000866358496 0.0 0.0 0.0 1.0 0.0 0.0 10.0 0.0
3813.001636280204 0.0 0.0 0.0 1.0 0.0 0.0 10.0 0.0
3814.044985983321 0.0 0.0 0.0 1.0 0.0 0.0 10.0 0.0
3815.0176676621804 0.0 0.0 0.0 1.0 0.0 0.0 10.0 0.0
3816.044985983321 0.0 0.0 0.0 1.0 0.0 0.0 10.0 0.0
3817.0007851944365 0.0 0.0 0.0 1.0 0.0 0.0 10.0 0.0
3818.0113413733397 0.0 0.0 0.0 1.0 0.0 0.0 10.0 0.0
3819.0213378386616 0.0 0.0 0.0 1.0 0.0 0.0 10.0 0.0
3820.001845413606 0.0 0.0 0.0 1.0 0.0 0.0 10.0 0.0
3821.0006603210672 0.0 0.0 0.0 1.0 0.0 0.0 10.0 0.0
3822.044985983321 0.0 0.0 0.0 1.0 0.0 0.0 10.0 0.0
3823.025400231123 0.0 0.0 0.0 1.0 0.0 0.0 10.0 0.0
3824.035831572124 0.0 0.0 0.0 1.0 0.0 0.0 10.0 0.0
3825.0155642300433 0.0 0.0 0.0 1.0 0.0 0.0 10.0 0.0
3826.0212330938066 0.0 0.0 0.0 1.0 0.0 0.0 10.0 0.0
3827.044985983321 0.0 0.0 0.0 1.0 0.0 0.0 10.0 0.0
3828.0291217213266 0.0 0.0 0.0 1.0 0.0 0.0 10.0 0.0
3829.0059441491408 0.0 0.0 0.0 1.0 0.0 0.0 10.0 0.0
3830.0089164086153 0.0 0.0 0.0 1.0 0.0 0.0 9.85 0.0
3831.044985983321 0.0 0.0 0.0 1.0 0.0 0.0 9.275 0.0
3832.003611844278 0.0 0.0 0.0 1.0 0.0 0.0 8.325 0.0
3833.011030864622 0.0 0.0 0.0 1.0 0.0 0.0 8.125 0.0
3834.044985983321 0.0 0.0 0.0 1.0 0.0 0.0 8.05 0.0
3835.011521330803 0.0 0.0 0.0 1.0 0.0 0.0 8.05 0.0
3836.044985983321 0.0 0.0 0.0 1.0 0.0 0.0 8.05 0.0
3837.0121177583655 0.0 0.0 0.0 1.0 0.0 0.0 8.05 0.0
3838.044985983321 0.0 0.0 0.0 1.0 0.0 0.0 8.05 0.0
3839.0254524917736 0.0 0.0 0.0 1.0 0.0 0.0 8.05 0.0
3840.0406309411146 0.0 0.0 0.0 1.0 0.0 0.0 8.0 0.0
3841.032468045047 0.0 0.0 0.0 1.0 0.0 0.0 8.0 0.0
3842.044985983321 0.0 0.0 0.0 1.0 0.0 0.0 8.0 0.0
3843.0023385873474 0.0 0.0 0.0 1.0 0.0 0.0 8.0 0.0
3844.044985983321 0.0 0.0 0.0 1.0 0.0 0.0 8.0 0.0
3845.0330771811273 0.0 0.0 0.0 1.0 0.0 0.0 8.0 0.0
3846.044985983321 0.0 0.0 0.0 1.0 0.0 0.0 8.0 0.0
3847.0143580383738 0.0 0.0 0.0 1.0 0.0 0.0 8.0 0.0
3848.021276125003 0.0 0.0 0.0 1.0 0.0 0.0 8.0 0.0
3849.0423804258207 0.0 0.0 0.0 1.0 0.0 0.0 8.0 0.0
3850.0050635497814 0.0 0.0 0.0 1.0 0.0 0.0 8.0 0.0
3851.044985983321 0.0 0.0 0.0 1.0 0.0 0.0 8.0 0.0
3852.030996993774 0.0 0.0 0.0 1.0 0.0 0.0 8.0 0.0
3853.0403744422592 0.0 0.0 0.0 1.0 0.0 0.0 8.0 0.0
3854.044985983321 0.0 0.0 0.0 1.0 0.0 0.0 8.0 0.0
3855.044985983321 0.0 0.0 0.0 1.0 0.0 0.0 8.0 0.0
3856.0313629669345 0.0 0.0 0.0 1.0 0.0 0.0 8.0 0.0
3857.044985983321 0.0 0.0 0.0 1.0 0.0 0.0 8.0 0.0
3858.044985983321 0.0 0.0 0.0 1.0 0.0 0.0 8.0 0.0
3859.044985983321 0.0 0.0 0.0 1.0 0.0 0.0 8.0 0.0
3860.044985983321 0.0 0.0 0.0 1.0 0.0 0.0 8.0 0.0
3861.044985983321 0.0 0.0 0.0 1.0 0.0 0.0 8.0 0.0
3862.0396957637718 0.0 0.0 0.0 1.0 0.0 0.0 8.0 0.0
3863.044985983321 0.0 0.0 0.0 1.0 0.0 0.0 8.0 0.0
3864.0031670423314 0.0 0.0 0.0 1.0 0.0 0.0 8.0 0.0
3865.0234753247914 0.0 0.0 0.0 1.0 0.0 0.0 8.0 0.0
3866.0287508001206 0.0 0.0 0.0 1.0 0.0 0.0 8.0 0.0
3867.044985983321 0.0 0.0 0.0 1.0 0.0 0.0 8.0 0.0
3868.044985983321 0.0 0.0 0.0 1.0 0.0 0.0 8.0 0.0
3869.0136602937077 0.0 0.0 0.0 1.0 0.0 0.0 8.0 0.0
3870.044985983321 0.0 0.0 0.0 1.0 0.0 0.0 8.0 0.0
3871.0283040779027 0.0 0.0 0.0 1.0 0.0 0.0 8.0 0.0
3872.0070167209155 0.0 0.0 0.0 1.0 0.0 0.0 8.0 0.0
3873.020356259817 0.0 0.0 0.0 1.0 0.0 0.0 8.0 0.0
3874.0105105339926 0.0 0.0 0.0 1.0 0.0 0.0 8.0 0.0
3875.013537805679 0.0 0.0 0.0 1.0 0.0 0.0 8.0 0.0
3876.044985983321 0.0 0.0 0.0 1.0 0.0 0.0 8.0 0.0
3877.0153435806765 0.0 0.0 0.0 1.0 0.0 0.0 8.0 0.0
3878.0159502625243 0.0 0.0 0.0 1.0 0.0 0.0 8.0 0.0
3879.0055628750915 0.0 0.0 0.0 1.0 0.0 0.0 8.0 0.0
3880.040204399378 0.0 0.0 0.0 1.0 0.0 0.0 8.0 0.0
3881.044985983321 0.0 0.0 0.0 1.0 0.0 0.0 8.0 0.0
3882.014118149996 0.0 0.0 0.0 1.0 0.0 0.0 8.0 0.0
3883.03402190608 0.0 0.0 0.0 1.0 0.0 0.0 8.0 0.0
3884.025534359843 0.0 0.0 0.0 1.0 0.0 0.0 8.0 0.0
3885.0103277493 0.0 0.0 0.0 1.0 0.0 0.0 8.0 0.0
3886.044985983321 0.0 0.0 0.0 1.0 0.0 0.0 8.0 0.0
3887.003946372937 0.0 0.0 0.0 1.0 0.0 0.0 8.0 0.0
3888.017809592181 0.0 0.0 0.0 1.0 0.0 0.0 8.0 0.0
3889.0021715149023 0.0 0.0 0.0 1.0 0.0 0.0 8.0 0.0
3890.044985983321 0.0 0.0 0.0 1.0 0.0 0.0 8.0 0.0
3891.0128334681103 0.0 0.0 0.0 1.0 0.0 0.0 8.0 0.0
3892.012585519152 0.0 0.0 0.0 1.0 0.0 0.0 8.0 0.0
3893.0086616626245 0.0 0.0 0.0 1.0 0.0 0.0 8.0 0.0
3894.023270130145 0.0 0.0 0.0 1.0 0.0 0.0 8.0 0.0
3895.0404032572233 0.0 0.0 0.0 1.0 0.0 0.0 8.0 0.0
3896.024427797336 0.0 0.0 0.0 1.0 0.0 0.0 8.0 0.0
3897.0249226766 0.0 0.0 0.0 1.0 0.0 0.0 8.0 0.0
3898.0059435949024 0.0 0.0 0.0 1.0 0.0 0.0 8.0 0.0
3899.0403967180077 0.0 0.0 0.0 1.0 0.0 0.0 8.0 0.0
3900.0187716507025 0.0 0.0 0.0 1.0 0.0 0.0 8.0 0.0
3901.044985983321 0.0 0.0 0.0 1.0 0.0 0.0 8.0 0.0
3902.034769329993 0.0 0.0 0.0 1.0 0.0 0.0 8.0 0.0
3903.0366157640583 0.0 0.0 0.0 1.0 0.0 0.0 8.0 0.0
3904.044985983321 0.0 0.0 0.0 1.0 0.0 0.0 8.0 0.0
3905.0091574024527 0.0 0.0 0.0 1.0 0.0 0.0 8.0 0.0
3906.044985983321 0.0 0.0 0.0 1.0 0.0 0.0 8.0 0.0
3907.0192108901488 0.0 0.0 0.0 1.0 0.0 0.0 8.0 0.0
3908.0251199070276 0.0 0.0 0.0 1.0 0.0 0.0 8.0 0.0
3909.044985983321 0.0 0.0 0.0 1.0 0.0 0.0 8.0 0.0
3910.01074803689 0.0 0.0 0.0 1.0 0.0 0.0 8.0 0.0
3911.029767437138 0.0 0.0 0.0 1.0 0.0 0.0 8.0 0.0
3912.0124522667643 0.0 0.0 0.0 1.0 0.0 0.0 8.0 0.0
3913.0206037466705 0.0 0.0 0.0 1.0 0.0 0.0 8.0 0.0
3914.00573701097 0.0 0.0 0.0 1.0 0.0 0.0 8.0 0.0
3915.044985983321 0.0 0.0 0.0 1.0 0.0 0.0 8.0 0.0
3916.010255793995 0.0 0.0 0.0 1.0 0.0 0.0 8.0 0.0
3917.044985983321 0.0 0.0 0.0 1.0 0.0 0.0 8.0 0.0
3918.0188355433797 0.0 0.0 0.0 1.0 0.0 0.0 8.0 0.0
3919.0205409600217 0.0 0.0 0.0 1.0 0.0 0.0 8.0 0.0
3920.0384420477467 0.0 0.0 0.0 1.0 0.0 0.0 8.0 0.0
3921.044985983321 0.0 0.0 0.0 1.0 0.0 0.0 8.0 0.0
3922.006794053978 0.0 0.0 0.0 1.0 0.0 0.0 8.0 0.0
3923.044985983321 0.0 0.0 0.0 1.0 0.0 0.0 8.0 0.0
3924.0006524621895 0.0 0.0 0.0 1.0 0.0 0.0 8.0 0.0
3925.0118174484523 0.0 0.0 0.0 1.0 0.0 0.0 8.0 0.0
3926.002819299867 0.0 0.0 0.0 1.0 0.0 0.0 8.0 0.0
3927.005522046241 0.0 0.0 0.0 1.0 0.0 0.0 8.0 0.0
3928.00622144983 0.0 0.0 0.0 1.0 0.0 0.0 8.0 0.0
3929.0022450820734 0.0 0.0 0.0 1.0 0.0 0.0 8.0 0.0
3930.0135086902205 0.0 0.0 0.0 1.0 0.0 0.0 8.0 0.0
3931.01795483 0.0 0.0 0.0 1.0 0.0 0.0 8.0 0.0
3932.0333445781494 0.0 0.0 0.0 1.0 0.0 0.0 8.0 0.0
3933.0148741162457 0.0 0.0 0.0 1.0 0.0 0.0 8.0 0.0
3934.0271336729675 0.0 0.0 0.0 1.0 0.0 0.0 8.0 0.0
3935.0022935573684 0.0 0.0 0.0 1.0 0.0 0.0 8.0 0.0
3936.0193348283597 0.0 0.0 0.0 1.0 0.0 0.0 8.0 0.0
3937.01587860633 0.0 0.0 0.0 1.0 0.0 0.0 8.0 0.0
3938.0339572584135 0.0 0.0 0.0 1.0 0.0 0.0 8.0 0.0
3939.044985983321 0.0 0.0 0.0 1.0 0.0 0.0 8.0 0.0
3940.0002727260116 0.0 0.0 0.0 1.0 0.0 0.0 8.0 0.0
3941.0259236114375 0.0 0.0 0.0 1.0 0.0 0.0 8.0 0.0
3942.044985983321 0.0 0.0 0.0 1.0 0.0 0.0 8.0 0.0
3943.044985983321 0.0 0.0 0.0 1.0 0.0 0.0 8.0 0.0
3944.0391391996445 0.0 0.0 0.0 1.0 0.0 0.0 8.0 0.0
3945.004234367738 0.0 0.0 0.0 1.0 0.0 0.0 8.0 0.0
3946.022838753133 0.0 0.0 0.0 1.0 0.0 0.0 8.0 0.0
3947.043985383098 0.0 0.0 0.0 1.0 0.0 0.0 8.0 0.0
3948.0071791500736 0.0 0.0 0.0 1.0 0.0 0.0 8.0 0.0
3949.044985983321 0.0 0.0 0.0 1.0 0.0 0.0 8.0 0.0
3950.023727077446 0.0 0.0 0.0 1.0 0.0 0.0 8.0 0.0
3951.044985983321 0.0 0.0 0.0 1.0 0.0 0.0 8.0 0.0
3952.001762976444 0.0 0.0 0.0 1.0 0.0 0.0 8.0 0.0
3953.0134018710987 0.0 0.0 0.0 1.0 0.0 0.0 8.0 0.0
3954.044985983321 0.0 0.0 0.0 1.0 0.0 0.0 8.0 0.0
3955.0354038474893 0.0 0.0 0.0 1.0 0.0 0.0 8.0 0.0
3956.044985983321 0.0 0.0 0.0 1.0 0.0 0.0 8.0 0.0
3957.0100773555323 0.0 0.0 0.0 1.0 0.0 0.0 8.0 0.0
3958.0161096201555 0.0 0.0 0.0 1.0 0.0 0.0 8.0 0.0
3959.0052404543057 0.0 0.0 0.0 1.0 0.0 0.0 8.0 0.0
3960.044985983321 0.0 0.0 0.0 1.0 0.0 0.0 8.0 0.0
3961.0073045857857 0.0 0.0 0.0 1.0 0.0 0.0 8.0 0.0
3962.044985983321 0.0 0.0 0.0 1.0 0.0 0.0 8.0 0.0
3963.026107044715 0.0 0.0 0.0 1.0 0.0 0.0 8.0 0.0
3964.001247292239 0.0 0.0 0.0 1.0 0.0 0.0 8.0 0.0
3965.0006970240106 0.0 0.0 0.0 1.0 0.0 0.0 8.0 0.0
3966.0216154911095 0.0 0.0 0.0 1.0 0.0 0.0 8.0 0.0
3967.038136475018 0.0 0.0 0.0 1.0 0.0 0.0 8.0 0.0
3968.044985983321 0.0 0.0 0.0 1.0 0.0 0.0 8.0 0.0
3969.028961023741 0.0 0.0 0.0 1.0 0.0 0.0 8.0 0.0
3970.044985983321 0.0 0.0 0.0 1.0 0.0 0.0 8.0 0.0
3971.044985983321 0.0 0.0 0.0 1.0 0.0 0.0 8.0 0.0
3972.0038024133446 0.0 0.0 0.0 1.0 0.0 0.0 8.0 0.0
3973.018381826159 0.0 0.0 0.0 1.0 0.0 0.0 8.0 0.0
3974.044985983321 0.0 0.0 0.0 1.0 0.0 0.0 8.0 0.0
3975.012360179481 0.0 0.0 0.0 1.0 0.0 0.0 8.0 0.0
3976.044985983321 0.0 0.0 0.0 1.0 0.0 0.0 8.0 0.0
3977.005385496557 0.0 0.0 0.0 1.0 0.0 0.0 8.0 0.0
3978.044985983321 0.0 0.0 0.0 1.0 0.0 0.0 8.0 0.0
3979.044985983321 0.0 0.0 0.0 1.0 0.0 0.0 8.0 0.0
3980.0115501588766 0.0 0.0 0.0 1.0 0.0 0.0 8.0 0.0
3981.044985983321 0.0 0.0 0.0 1.0 0.0 0.0 8.0 0.0
3982.0332505368883 0.0 0.0 0.0 1.0 0.0 0.0 8.0 0.0
3983.044985983321 0.0 0.0 0.0 1.0 0.0 0.0 8.0 0.0
3984.044985983321 0.0 0.0 0.0 1.0 0.0 0.0 8.0 0.0
3985.0075110384873 0.0 0.0 0.0 1.0 0.0 0.0 8.0 0.0
3986.007038046827 0.0 0.0 0.0 1.0 0.0 0.0 8.0 0.0
3987.02032041145 0.0 0.0 0.0 1.0 0.0 0.0 8.0 0.0
3988.0148363268895 0.0 0.0 0.0 1.0 0.0 0.0 8.0 0.0
3989.0147653683975 0.0 0.0 0.0 1.0 0.0 0.0 8.0 0.0
3990.0060889914375 0.0 0.0 0.0 1.0 0.0 0.0 8.0 0.0
3991.007053951528 0.0 0.0 0.0 1.0 0.0 0.0 8.0 0.0
3992.020723890694 0.0 0.0 0.0 1.0 0.0 0.0 8.0 0.0
3993.0287097824444 0.0 0.0 0.0 1.0 0.0 0.0 8.0 0.0
3994.038027140824 0.0 0.0 0.0 1.0 0.0 0.0 8.0 0.0
3995.0292938208604 0.0 0.0 0.0 1.0 0.0 0.0 8.0 0.0
3996.044985983321 0.0 0.0 0.0 1.0 0.0 0.0 8.0 0.0
3997.0183005745776 0.0 0.0 0.0 1.0 0.0 0.0 8.0 0.0
3998.02090287155 0.0 0.0 0.0 1.0 0.0 0.0 8.0 0.0
3999.022808357505 0.0 0.0 0.0 1.0 0.0 0.0 8.0 0.0
4000.044985983321 0.0 0.0 0.0 1.0 0.0 0.0 8.0 0.0
4001.0413283240073 0.0 0.0 0.0 1.0 0.0 0.0 8.0 0.0
4002.001760644338 0.0 0.0 0.0 1.0 0.0 0.0 8.0 0.0
4003.026681600486 0.0 0.0 0.0 1.0 0.0 0.0 8.0 0.0
4004.0334434569722 0.0 0.0 0.0 1.0 0.0 0.0 8.0 0.0
4005.0001327141335 0.0 0.0 0.0 1.0 0.0 0.0 8.0 0.0
4006.004940359835 0.0 0.0 0.0 1.0 0.0 0.0 8.0 0.0
4007.0137336103894 0.0 0.0 0.0 1.0 0.0 0.0 8.0 0.0
4008.044985983321 0.0 0.0 0.0 1.0 0.0 0.0 8.0 0.0
4009.0174246877978 0.0 0.0 0.0 1.0 0.0 0.0 8.0 0.0
4010.025942336232 0.0 0.0 0.0 1.0 0.0 0.0 8.0 0.0
4011.0317080218556 0.0 0.0 0.0 1.0 0.0 0.0 8.0 0.0
4012.02070906607 0.0 0.0 0.0 1.0 0.0 0.0 8.0 0.0
4013.0217738327087 0.0 0.0 0.0 1.0 0.0 0.0 8.0 0.0
4014.0233058747804 0.0 0.0 0.0 1.0 0.0 0.0 8.0 0.0
4015.044985983321 0.0 0.0 0.0 1.0 0.0 0.0 8.0 0.0
4016.044985983321 0.0 0.0 0.0 1.0 0.0 0.0 8.0 0.0
4017.021017824243 0.0 0.0 0.0 1.0 0.0 0.0 8.0 0.0
4018.0291140341023 0.0 0.0 0.0 1.0 0.0 0.0 8.0 0.0
4019.044985983321 0.0 0.0 0.0 1.0 0.0 0.0 8.0 0.0
4020.024408106764 0.0 0.0 0.0 1.0 0.0 0.0 8.0 0.0
4021.0085028707354 0.0 0.0 0.0 1.0 0.0 0.0 8.0 0.0
4022.044985983321 0.0 0.0 0.0 1.0 0.0 0.0 8.0 0.0
4023.044985983321 0.0 0.0 0.0 1.0 0.0 0.0 8.0 0.0
4024.0183009305993 0.0 0.0 0.0 1.0 0.0 0.0 8.0 0.0
4025.0019725186808 0.0 0.0 0.0 1.0 0.0 0.0 8.0 0.0
4026.003514766555 0.0 0.0 0.0 1.0 0.0 0.0 8.0 0.0
4027.0174833246074 0.0 0.0 0.0 1.0 0.0 0.0 8.0 0.0
4028.005951012637 0.0 0.0 0.0 1.0 0.0 0.0 8.0 0.0
4029.044985983321 0.0 0.0 0.0 1.0 0.0 0.0 8.0 0.0
4030.002300235205 0.0 0.0 0.0 1.0 0.0 0.0 8.0 0.0
4031.000103901831 0.0 0.0 0.0 1.0 0.0 0.0 8.0 0.0
4032.040128920364 0.0 0.0 0.0 1.0 0.0 0.0 8.0 0.0
4033.0040716444523 0.0 0.0 0.0 1.0 0.0 0.0 8.0 0.0
4034.0192334867775 0.0 0.0 0.0 1.0 0.0 0.0 8.0 0.0
4035.013009880532 0.0 0.0 0.0 1.0 0.0 0.0 8.0 0.0
4036.001663787905 0.0 0.0 0.0 1.0 0.0 0.0 8.0 0.0
4037.0250976837124 0.0 0.0 0.0 1.0 0.0 0.0 8.0 0.0
4038.0166079902106 0.0 0.0 0.0 1.0 0.0 0.0 8.0 0.0
4039.0011835638998 0.0 0.0 0.0 1.0 0.0 0.0 8.0 0.0
4040.013480335776 0.0 0.0 0.0 1.0 0.0 0.0 8.0 0.0
4041.0101847127407 0.0 0.0 0.0 1.0 0.0 0.0 8.0 0.0
4042.044985983321 0.0 0.0 0.0 1.0 0.0 0.0 8.0 0.0
4043.030971246578 0.0 0.0 0.0 1.0 0.0 0.0 8.0 0.0
4044.0286106141516 0.0 0.0 0.0 1.0 0.0 0.0 8.0 0.0
4045.0218271284425 0.0 0.0 0.0 1.0 0.0 0.0 8.0 0.0
4046.044985983321 0.0 0.0 0.0 1.0 0.0 0.0 8.0 0.0
4047.044985983321 0.0 0.0 0.0 1.0 0.0 0.0 8.0 0.0
4048.0214150192583 0.0 0.0 0.0 1.0 0.0 0.0 8.0 0.0
4049.044985983321 0.0 0.0 0.0 1.0 0.0 0.0 8.0 0.0
4050.018679017472 0.0 0.0 0.0 1.0 0.0 0.0 8.0 0.0
4051.0106924170673 0.0 0.0 0.0 1.0 0.0 0.0 8.0 0.0
4052.044985983321 0.0 0.0 0.0 1.0 0.0 0.0 8.0 0.0
4053.010622874514 0.0 0.0 0.0 1.0 0.0 0.0 8.0 0.0
4054.0115377555503 0.0 0.0 0.0 1.0 0.0 0.0 8.0 0.0
4055.044985983321 0.0 0.0 0.0 1.0 0.0 0.0 8.0 0.0
4056.0080705649766 0.0 0.0 0.0 1.0 0.0 0.0 8.0 0.0
4057.044985983321 0.0 0.0 0.0 1.0 0.0 0.0 8.0 0.0
4058.0082482684106 0.0 0.0 0.0 1.0 0.0 0.0 8.0 0.0
4059.020243657161 0.0 0.0 0.0 1.0 0.0 0.0 8.0 0.0
4060.001506058571 0.0 0.0 0.0 1.0 0.0 0.0 8.0 0.0
4061.004665659311 0.0 0.0 0.0 1.0 0.0 0.0 8.0 0.0
4062.0003224741795 0.0 0.0 0.0 1.0 0.0 0.0 8.0 0.0
4063.0389961491856 0.0 0.0 0.0 1.0 0.0 0.0 8.0 0.0
4064.037870460723 0.0 0.0 0.0 1.0 0.0 0.0 8.0 0.0
4065.0343328537147 0.0 0.0 0.0 1.0 0.0 0.0 8.0 0.0
4066.03829401292 0.0 0.0 0.0 1.0 0.0 0.0 8.0 0.0
4067.0230229442786 0.0 0.0 0.0 1.0 0.0 0.0 8.0 0.0
4068.044985983321 0.0 0.0 0.0 1.0 0.0 0.0 8.0 0.0
4069.0077438401495 0.0 0.0 0.0 1.0 0.0 0.0 8.0 0.0
4070.044985983321 0.0 0.0 0.0 1.0 0.0 0.0 8.0 0.0
4071.044985983321 0.0 0.0 0.0 1.0 0.0 0.0 8.0 0.0
4072.044985983321 0.0 0.0 0.0 1.0 0.0 0.0 8.0 0.0
4073.002227505924 0.0 0.0 0.0 1.0 0.0 0.0 8.0 0.0
4074.044985983321 0.0 0.0 0.0 1.0 0.0 0.0 8.0 0.0
4075.007815725822 0.0 0.0 0.0 1.0 0.0 0.0 8.0 0.0
4076.0216503225956 0.0 0.0 0.0 1.0 0.0 0.0 8.0 0.0
4077.0406690823324 0.0 0.0 0.0 1.0 0.0 0.0 8.0 0.0
4078.0066758446956 0.0 0.0 0.0 1.0 0.0 0.0 8.0 0.0
4079.019834319872 0.0 0.0 0.0 1.0 0.0 0.0 8.0 0.0
4080.0062257393315 0.0 0.0 0.0 1.0 0.0 0.0 8.0 0.0
4081.044985983321 0.0 0.0 0.0 1.0 0.0 0.0 8.0 0.0
4082.037572874049 0.0 0.0 0.0 1.0 0.0 0.0 8.0 0.0
4083.0015406514817 0.0 0.0 0.0 1.0 0.0 0.0 8.0 0.0
4084.044985983321 0.0 0.0 0.0 1.0 0.0 0.0 8.0 0.0
4085.022995186567 0.0 0.0 0.0 1.0 0.0 0.0 8.0 0.0
4086.0045543125093 0.0 0.0 0.0 1.0 0.0 0.0 8.0 0.0
4087.0411521285528 0.0 0.0 0.0 1.0 0.0 0.0 8.0 0.0
4088.0088385818794 0.0 0.0 0.0 1.0 0.0 0.0 8.0 0.0
4089.0272174019965 0.0 0.0 0.0 1.0 0.0 0.0 8.0 0.0
4090.0267190250133 0.0 0.0 0.0 1.0 0.0 0.0 8.0 0.0
4091.0026778830884 0.0 0.0 0.0 1.0 0.0 0.0 8.0 0.0
4092.0271772581477 0.0 0.0 0.0 1.0 0.0 0.0 8.0 0.0
4093.0093041061837 0.0 0.0 0.0 1.0 0.0 0.0 8.0 0.0
4094.042892756679 0.0 0.0 0.0 1.0 0.0 0.0 8.0 0.0
4095.044985983321 0.0 0.0 0.0 1.0 0.0 0.0 8.0 0.0
4096.00795029869 0.0 0.0 0.0 1.0 0.0 0.0 8.0 0.0
4097.044985983321 0.0 0.0 0.0 1.0 0.0 0.0 8.0 0.0
4098.006589369643 0.0 0.0 0.0 1.0 0.0 0.0 8.0 0.0
4099.022309643885 0.0 0.0 0.0 1.0 0.0 0.0 8.0 0.0
4100.013798364512 0.0 0.0 0.0 1.0 0.0 0.0 8.0 0.0
4101.022862088645 0.0 0.0 0.0 1.0 0.0 0.0 8.0 0.0
4102.027058016143 0.0 0.0 0.0 1.0 0.0 0.0 8.0 0.0
4103.014798448531 0.0 0.0 0.0 1.0 0.0 0.0 8.0 0.0
4104.044985983321 0.0 0.0 0.0 1.0 0.0 0.0 8.0 0.0
4105.01578974393 0.0 0.0 0.0 1.0 0.0 0.0 8.0 0.0
4106.036380938973 0.0 0.0 0.0 1.0 0.0 0.0 8.0 0.0
4107.044985983321 0.0 0.0 0.0 1.0 0.0 0.0 8.0 0.0
4108.013797729721 0.0 0.0 0.0 1.0 0.0 0.0 8.0 0.0
4109.044985983321 0.0 0.0 0.0 1.0 0.0 0.0 8.0 0.0
4110.002880219738 0.0 0.0 0.0 1.0 0.0 0.0 8.0 0.0
4111.032030822689 0.0 0.0 0.0 1.0 0.0 0.0 8.0 0.0
4112.017578605255 0.0 0.0 0.0 1.0 0.0 0.0 8.0 0.0
4113.026033572478 0.0 0.0 0.0 1.0 0.0 0.0 8.0 0.0
4114.044985983321 0.0 0.0 0.0 1.0 0.0 0.0 8.0 0.0
4115.044985983321 0.0 0.0 0.0 1.0 0.0 0.0 8.0 0.0
4116.006275328507 0.0 0.0 0.0 1.0 0.0 0.0 8.0 0.0
4117.014397083365 0.0 0.0 0.0 1.0 0.0 0.0 8.0 0.0
4118.007913545182 0.0 0.0 0.0 1.0 0.0 0.0 8.0 0.0
4119.039183717219 0.0 0.0 0.0 1.0 0.0 0.0 8.0 0.0
4120.0020671162365 0.0 0.0 0.0 1.0 0.0 0.0 8.0 0.0
4121.004421713212 0.0 0.0 0.0 1.0 0.0 0.0 8.0 0.0
4122.044985983321 0.0 0.0 0.0 1.0 0.0 0.0 8.0 0.0
4123.023164393172 0.0 0.0 0.0 1.0 0.0 0.0 8.0 0.0
4124.011563661002 0.0 0.0 0.0 1.0 0.0 0.0 8.0 0.0
4125.002184512024 0.0 0.0 0.0 1.0 0.0 0.0 8.0 0.0
4126.018507669927 0.0 0.0 0.0 1.0 0.0 0.0 8.0 0.0
4127.013103535342 0.0 0.0 0.0 1.0 0.0 0.0 8.0 0.0
4128.007536882599 0.0 0.0 0.0 1.0 0.0 0.0 8.0 0.0
4129.000911634636 0.0 0.0 0.0 1.0 0.0 0.0 8.0 0.0
4130.012460204052 0.0 0.0 0.0 1.0 0.0 0.0 8.0 0.0
4131.01962707375 0.0 0.0 0.0 1.0 0.0 0.0 8.0 0.0
4132.006031704092 0.0 0.0 0.0 1.0 0.0 0.0 8.0 0.0
4133.0066330719965 0.0 0.0 0.0 1.0 0.0 0.0 8.0 0.0
4134.008734720314 0.0 0.0 0.0 1.0 0.0 0.0 8.0 0.0
4135.000440259172 0.0 0.0 0.0 1.0 0.0 0.0 8.0 0.0
4136.011980241019 0.0 0.0 0.0 1.0 0.0 0.0 8.0 0.0
4137.037134026238 0.0 0.0 0.0 1.0 0.0 0.0 8.0 0.0
4138.044985983321 0.0 0.0 0.0 1.0 0.0 0.0 8.0 0.0
4139.007102671862 0.0 0.0 0.0 1.0 0.0 0.0 8.0 0.0
4140.005137254162 0.0 0.0 0.0 1.0 0.0 0.0 8.0 0.0
4141.004103919106 0.0 0.0 0.0 1.0 0.0 0.0 8.0 0.0
4142.025506514649 0.0 0.0 0.0 1.0 0.0 0.0 8.0 0.0
4143.024986682031 0.0 0.0 0.0 1.0 0.0 0.0 8.0 0.0
4144.025479088703 0.0 0.0 0.0 1.0 0.0 0.0 8.0 0.0
4145.044985983321 0.0 0.0 0.0 1.0 0.0 0.0 8.0 0.0
4146.010314353694 0.0 0.0 0.0 1.0 0.0 0.0 8.0 0.0
4147.020122641612 0.0 0.0 0.0 1.0 0.0 0.0 8.0 0.0
4148.0113698610585 0.0 0.0 0.0 1.0 0.0 0.0 8.0 0.0
4149.044985983321 0.0 0.0 0.0 1.0 0.0 0.0 8.0 0.0
4150.044985983321 0.0 0.0 0.0 1.0 0.0 0.0 8.0 0.0
4151.011829209227 0.0 0.0 0.0 1.0 0.0 0.0 8.0 0.0
4152.044985983321 0.0 0.0 0.0 1.0 0.0 0.0 8.0 0.0
4153.0074635662995 0.0 0.0 0.0 1.0 0.0 0.0 8.0 0.0
4154.044985983321 0.0 0.0 0.0 1.0 0.0 0.0 8.0 0.0
4155.002435548555 0.0 0.0 0.0 1.0 0.0 0.0 8.0 0.0
4156.007159737404 0.0 0.0 0.0 1.0 0.0 0.0 8.0 0.0
4157.044985983321 0.0 0.0 0.0 1.0 0.0 0.0 8.0 0.0
4158.006676133502 0.0 0.0 0.0 1.0 0.0 0.0 8.0 0.0
4159.0019163954785 0.0 0.0 0.0 1.0 0.0 0.0 8.0 0.0
4160.044041431167 0.0 0.0 0.0 1.0 0.0 0.0 8.0 0.0
4161.042454439858 0.0 0.0 0.0 1.0 0.0 0.0 8.0 0.0
4162.002751296443 0.0 0.0 0.0 1.0 0.0 0.0 8.0 0.0
4163.033390450712 0.0 0.0 0.0 1.0 0.0 0.0 8.0 0.0
4164.010345885519 0.0 0.0 0.0 1.0 0.0 0.0 8.0 0.0
4165.044985983321 0.0 0.0 0.0 1.0 0.0 0.0 8.0 0.0
4166.005049696793 0.0 0.0 0.0 1.0 0.0 0.0 8.0 0.0
4167.027632705244 0.0 0.0 0.0 1.0 0.0 0.0 8.0 0.0
4168.040183446509 0.0 0.0 0.0 1.0 0.0 0.0 8.0 0.0
4169.027168208565 0.0 0.0 0.0 1.0 0.0 0.0 8.0 0.0
4170.035830329847 0.0 0.0 0.0 1.0 0.0 0.0 8.0 0.0
4171.024064931545 0.0 0.0 0.0 1.0 0.0 0.0 8.0 0.0
4172.035353986298 0.0 0.0 0.0 1.0 0.0 0.0 8.0 0.0
4173.005437573965 0.0 0.0 0.0 1.0 0.0 0.0 8.0 0.0
4174.024051955257 0.0 0.0 0.0 1.0 0.0 0.0 8.0 0.0
4175.038496253069 0.0 0.0 0.0 1.0 0.0 0.0 8.0 0.0
4176.018858431071 0.0 0.0 0.0 1.0 0.0 0.0 8.0 0.0
4177.010512538076 0.0 0.0 0.0 1.0 0.0 0.0 8.0 0.0
4178.014848552681 0.0 0.0 0.0 1.0 0.0 0.0 8.0 0.0
4179.02604313162 0.0 0.0 0.0 1.0 0.0 0.0 8.0 0.0
4180.022916558527 0.0 0.0 0.0 1.0 0.0 0.0 8.0 0.0
4181.032030449187 0.0 0.0 0.0 1.0 0.0 0.0 8.0 0.0
4182.007937700277 0.0 0.0 0.0 1.0 0.0 0.0 8.0 0.0
4183.011797701016 0.0 0.0 0.0 1.0 0.0 0.0 8.0 0.0
4184.044985983321 0.0 0.0 0.0 1.0 0.0 0.0 8.0 0.0
4185.018098323406 0.0 0.0 0.0 1.0 0.0 0.0 8.0 0.0
4186.006368141755 0.0 0.0 0.0 1.0 0.0 0.0 8.0 0.0
4187.015774515336 0.0 0.0 0.0 1.0 0.0 0.0 8.0 0.0
4188.044985983321 0.0 0.0 0.0 1.0 0.0 0.0 8.0 0.0
4189.0350712009085 0.0 0.0 0.0 1.0 0.0 0.0 8.0 0.0
4190.038478472835 0.0 0.0 0.0 1.0 0.0 0.0 8.0 0.0
4191.02482366611 0.0 0.0 0.0 1.0 0.0 0.0 8.0 0.0
4192.0022362746 0.0 0.0 0.0 1.0 0.0 0.0 8.0 0.0
4193.044985983321 0.0 0.0 0.0 1.0 0.0 0.0 8.0 0.0
4194.030736553908 0.0 0.0 0.0 1.0 0.0 0.0 8.0 0.0
4195.014133171812 0.0 0.0 0.0 1.0 0.0 0.0 8.0 0.0
4196.00630482211 0.0 0.0 0.0 1.0 0.0 0.0 8.0 0.0
4197.006248923174 0.0 0.0 0.0 1.0 0.0 0.0 8.0 0.0
4198.034946748302 0.0 0.0 0.0 1.0 0.0 0.0 8.0 0.0
4199.026085007677 0.0 0.0 0.0 1.0 0.0 0.0 8.0 0.0
4200.010425499906 0.0 0.0 0.0 1.0 0.0 0.0 8.0 0.0
4201.001936857952 0.0 0.0 0.0 1.0 0.0 0.0 8.0 0.0
4202.017997900112 0.0 0.0 0.0 1.0 0.0 0.0 8.0 0.0
4203.0010606604565 0.0 0.0 0.0 1.0 0.0 0.0 8.0 0.0
4204.008718634155 0.0 0.0 0.0 1.0 0.0 0.0 8.0 0.0
4205.024370306349 0.0 0.0 0.0 1.0 0.0 0.0 8.0 0.0
4206.014296494115 0.0 0.0 0.0 1.0 0.0 0.0 8.0 0.0
4207.002951748026 0.0 0.0 0.0 1.0 0.0 0.0 8.0 0.0
4208.025940447176 0.0 0.0 0.0 1.0 0.0 0.0 8.0 0.0
4209.039281642211 0.0 0.0 0.0 1.0 0.0 0.0 8.0 0.0
4210.0199171714285 0.0 0.0 0.0 1.0 0.0 0.0 8.0 0.0
4211.044985983321 0.0 0.0 0.0 1.0 0.0 0.0 8.0 0.0
4212.044985983321 0.0 0.0 0.0 1.0 0.0 0.0 8.0 0.0
4213.013926928185 0.0 0.0 0.0 1.0 0.0 0.0 8.0 0.0
4214.003347309055 0.0 0.0 0.0 1.0 0.0 0.0 8.0 0.0
4215.026891506571 0.0 0.0 0.0 1.0 0.0 0.0 8.0 0.0
4216.044985983321 0.0 0.0 0.0 1.0 0.0 0.0 8.0 0.0
4217.044985983321 0.0 0.0 0.0 1.0 0.0 0.0 8.0 0.0
4218.044985983321 0.0 0.0 0.0 1.0 0.0 0.0 8.0 0.0
4219.006282925596 0.0 0.0 0.0 1.0 0.0 0.0 8.0 0.0
4220.003704028229 0.0 0.0 0.0 1.0 0.0 0.0 8.0 0.0
4221.014106562929 0.0 0.0 0.0 1.0 0.0 0.0 8.0 0.0
4222.0335046152795 0.0 0.0 0.0 1.0 0.0 0.0 8.0 0.0
4223.002686810561 0.0 0.0 0.0 1.0 0.0 0.0 8.0 0.0
4224.018438218471 0.0 0.0 0.0 1.0 0.0 0.0 8.0 0.0
4225.044985983321 0.0 0.0 0.0 1.0 0.0 0.0 8.0 0.0
4226.020284090397 0.0 0.0 0.0 1.0 0.0 0.0 8.0 0.0
4227.036159276275 0.0 0.0 0.0 1.0 0.0 0.0 8.0 0.0
4228.044985983321 0.0 0.0 0.0 1.0 0.0 0.0 8.0 0.0
4229.01059879598 0.0 0.0 0.0 1.0 0.0 0.0 8.0 0.0
4230.027882150912 0.0 0.0 0.0 1.0 0.0 0.0 8.0 0.0
4231.008480689264 0.0 0.0 0.0 1.0 0.0 0.0 8.0 0.0
4232.007594628185 0.0 0.0 0.0 1.0 0.0 0.0 8.0 0.0
4233.004071567608 0.0 0.0 0.0 1.0 0.0 0.0 8.0 0.0
4234.004450449305 0.0 0.0 0.0 1.0 0.0 0.0 8.0 0.0
4235.044985983321 0.0 0.0 0.0 1.0 0.0 0.0 8.0 0.0
4236.015185251103 0.0 0.0 0.0 1.0 0.0 0.0 8.0 0.0
4237.002098410976 0.0 0.0 0.0 1.0 0.0 0.0 8.0 0.0
4238.044985983321 0.0 0.0 0.0 1.0 0.0 0.0 8.0 0.0
4239.0164787479425 0.0 0.0 0.0 1.0 0.0 0.0 8.0 0.0
4240.008546797442 0.0 0.0 0.0 1.0 0.0 0.0 8.0 0.0
4241.00680740935 0.0 0.0 0.0 1.0 0.0 0.0 8.0 0.0
4242.0217338548155 0.0 0.0 0.0 1.0 0.0 0.0 8.0 0.0
4243.003425193981 0.0 0.0 0.0 1.0 0.0 0.0 8.0 0.0
4244.044985983321 0.0 0.0 0.0 1.0 0.0 0.0 8.0 0.0
4245.016659491403 0.0 0.0 0.0 1.0 0.0 0.0 8.0 0.0
4246.044985983321 0.0 0.0 0.0 1.0 0.0 0.0 8.0 0.0
4247.044985983321 0.0 0.0 0.0 1.0 0.0 0.0 8.0 0.0
4248.011098538004 0.0 0.0 0.0 1.0 0.0 0.0 8.0 0.0
4249.044985983321 0.0 0.0 0.0 1.0 0.0 0.0 8.0 0.0
4250.002208112983 0.0 0.0 0.0 1.0 0.0 0.0 8.0 0.0
4251.038406294881 0.0 0.0 0.0 1.0 0.0 0.0 8.0 0.0
4252.003509234996 0.0 0.0 0.0 1.0 0.0 0.0 8.0 0.0
4253.013756722072 0.0 0.0 0.0 1.0 0.0 0.0 8.0 0.0
4254.044985983321 0.0 0.0 0.0 1.0 0.0 0.0 8.0 0.0
4255.008626431315 0.0 0.0 0.0 1.0 0.0 0.0 8.0 0.0
4256.012989334441 0.0 0.0 0.0 1.0 0.0 0.0 8.0 0.0
4257.012952694552 0.0 0.0 0.0 1.0 0.0 0.0 8.0 0.0
4258.010302374795 0.0 0.0 0.0 1.0 0.0 0.0 8.0 0.0
4259.003686643333 0.0 0.0 0.0 1.0 0.0 0.0 8.0 0.0
4260.008215365447 0.0 0.0 0.0 1.0 0.0 0.0 8.0 0.0
4261.03042786977 0.0 0.0 0.0 1.0 0.0 0.0 8.0 0.0
4262.015431399533 0.0 0.0 0.0 1.0 0.0 0.0 8.0 0.0
4263.0277586617585 0.0 0.0 0.0 1.0 0.0 0.0 8.0 0.0
4264.044985983321 0.0 0.0 0.0 1.0 0.0 0.0 8.0 0.0
4265.044985983321 0.0 0.0 0.0 1.0 0.0 0.0 8.0 0.0
4266.044985983321 0.0 0.0 0.0 1.0 0.0 0.0 8.0 0.0
4267.021967663224 0.0 0.0 0.0 1.0 0.0 0.0 8.0 0.0
4268.021820387239 0.0 0.0 0.0 1.0 0.0 0.0 8.0 0.0
4269.006176518365 0.0 0.0 0.0 1.0 0.0 0.0 8.0 0.0
4270.044985983321 0.0 0.0 0.0 1.0 0.0 0.0 8.0 0.0
4271.027325094826 0.0 0.0 0.0 1.0 0.0 0.0 8.0 0.0
4272.044985983321 0.0 0.0 0.0 1.0 0.0 0.0 8.0 0.0
4273.0044588550245 0.0 0.0 0.0 1.0 0.0 0.0 8.0 0.0
4274.001129583197 0.0 0.0 0.0 1.0 0.0 0.0 8.0 0.0
4275.036269154468 0.0 0.0 0.0 1.0 0.0 0.0 8.0 0.0
4276.018851163613 0.0 0.0 0.0 1.0 0.0 0.0 8.0 0.0
4277.020133422055 0.0 0.0 0.0 1.0 0.0 0.0 8.0 0.0
4278.012193638627 0.0 0.0 0.0 1.0 0.0 0.0 8.0 0.0
4279.01932969971 0.0 0.0 0.0 1.0 0.0 0.0 8.0 0.0
4280.033444100702 0.0 0.0 0.0 1.0 0.0 0.0 8.0 0.0
4281.039393867758 0.0 0.0 0.0 1.0 0.0 0.0 8.0 0.0
4282.00113759892 0.0 0.0 0.0 1.0 0.0 0.0 8.0 0.0
4283.000960381064 0.0 0.0 0.0 1.0 0.0 0.0 8.0 0.0
4284.02076443752 0.0 0.0 0.0 1.0 0.0 0.0 8.0 0.0
4285.00721214715 0.0 0.0 0.0 1.0 0.0 0.0 8.0 0.0
4286.044985983321 0.0 0.0 0.0 1.0 0.0 0.0 8.0 0.0
4287.032666408245 0.0 0.0 0.0 1.0 0.0 0.0 8.0 0.0
4288.0268455774785 0.0 0.0 0.0 1.0 0.0 0.0 8.0 0.0
4289.005372181874 0.0 0.0 0.0 1.0 0.0 0.0 8.0 0.0
4290.039385156739 0.0 0.0 0.0 1.0 0.0 0.0 8.0 0.0
4291.016261555583 0.0 0.0 0.0 1.0 0.0 0.0 8.0 0.0
4292.007072121432 0.0 0.0 0.0 1.0 0.0 0.0 8.0 0.0
4293.044985983321 0.0 0.0 0.0 1.0 0.0 0.0 8.0 0.0
4294.012770820606 0.0 0.0 0.0 1.0 0.0 0.0 8.0 0.0
4295.000931071134 0.0 0.0 0.0 1.0 0.0 0.0 8.0 0.0
4296.021466448822 0.0 0.0 0.0 1.0 0.0 0.0 8.0 0.0
4297.020515082631 0.0 0.0 0.0 1.0 0.0 0.0 8.0 0.0
4298.033449895837 0.0 0.0 0.0 1.0 0.0 0.0 8.0 0.0
4299.044985983321 0.0 0.0 0.0 1.0 0.0 0.0 8.0 0.0
4300.041779469062 0.0 0.0 0.0 1.0 0.0 0.0 8.0 0.0
4301.026376002038 0.0 0.0 0.0 1.0 0.0 0.0 8.0 0.0
4302.010213061978 0.0 0.0 0.0 1.0 0.0 0.0 8.0 0.0
4303.025154022901 0.0 0.0 0.0 1.0 0.0 0.0 8.0 0.0
4304.021858958403 0.0 0.0 0.0 1.0 0.0 0.0 8.0 0.0
4305.016991818822 0.0 0.0 0.0 1.0 0.0 0.0 8.0 0.0
4306.044985983321 0.0 0.0 0.0 1.0 0.0 0.0 8.0 0.0
4307.042010114904 0.0 0.0 0.0 1.0 0.0 0.0 8.0 0.0
4308.044985983321 0.0 0.0 0.0 1.0 0.0 0.0 8.0 0.0
4309.04167516815 0.0 0.0 0.0 1.0 0.0 0.0 8.0 0.0
4310.031448214166 0.0 0.0 0.0 1.0 0.0 0.0 8.0 0.0
4311.044985983321 0.0 0.0 0.0 1.0 0.0 0.0 8.0 0.0
4312.044985983321 0.0 0.0 0.0 1.0 0.0 0.0 8.0 0.0
4313.002429704473 0.0 0.0 0.0 1.0 0.0 0.0 8.0 0.0
4314.031126335076 0.0 0.0 0.0 1.0 0.0 0.0 8.0 0.0
4315.01525722872 0.0 0.0 0.0 1.0 0.0 0.0 8.0 0.0
4316.007385499874 0.0 0.0 0.0 1.0 0.0 0.0 8.0 0.0
4317.009297879454 0.0 0.0 0.0 1.0 0.0 0.0 8.0 0.0
4318.003027896289 0.0 0.0 0.0 1.0 0.0 0.0 8.0 0.0
4319.009451042319 0.0 0.0 0.0 1.0 0.0 0.0 8.0 0.0
4320.0142727544935 0.0 0.0 0.0 1.0 0.0 0.0 8.0 0.0
4321.005647786446 0.0 0.0 0.0 1.0 0.0 0.0 8.0 0.0
4322.003923578964 0.0 0.0 0.0 1.0 0.0 0.0 8.0 0.0
4323.009299926624 0.0 0.0 0.0 1.0 0.0 0.0 8.0 0.0
4324.020231400828 0.0 0.0 0.0 1.0 0.0 0.0 8.0 0.0
4325.019657552643 0.0 0.0 0.0 1.0 0.0 0.0 8.0 0.0
4326.018371036589 0.0 0.0 0.0 1.0 0.0 0.0 8.0 0.0
4327.044985983321 0.0 0.0 0.0 1.0 0.0 0.0 8.0 0.0
4328.000561742574 0.0 0.0 0.0 1.0 0.0 0.0 8.0 0.0
4329.044985983321 0.0 0.0 0.0 1.0 0.0 0.0 8.0 0.0
4330.044985983321 0.0 0.0 0.0 1.0 0.0 0.0 8.0 0.0
4331.001948751621 0.0 0.0 0.0 1.0 0.0 0.0 8.0 0.0
4332.044985983321 0.0 0.0 0.0 1.0 0.0 0.0 8.0 0.0
4333.021601216445 0.0 0.0 0.0 1.0 0.0 0.0 8.0 0.0
4334.026982750949 0.0 0.0 0.0 1.0 0.0 0.0 8.0 0.0
4335.014367853645 0.0 0.0 0.0 1.0 0.0 0.0 8.0 0.0
4336.012025946556 0.0 0.0 0.0 1.0 0.0 0.0 8.0 0.0
4337.044985983321 0.0 0.0 0.0 1.0 0.0 0.0 8.0 0.0
4338.011303836633 0.0 0.0 0.0 1.0 0.0 0.0 8.0 0.0
4339.019173413825 0.0 0.0 0.0 1.0 0.0 0.0 8.0 0.0
4340.0042442547665 0.0 0.0 0.0 1.0 0.0 0.0 8.0 0.0
4341.001211628275 0.0 0.0 0.0 1.0 0.0 0.0 8.0 0.0
4342.038063918235 0.0 0.0 0.0 1.0 0.0 0.0 8.0 0.0
4343.044985983321 0.0 0.0 0.0 1.0 0.0 0.0 8.0 0.0
4344.028779920602 0.0 0.0 0.0 1.0 0.0 0.0 8.0 0.0
4345.040360434429 0.0 0.0 0.0 1.0 0.0 0.0 8.0 0.0
4346.004442613934 0.0 0.0 0.0 1.0 0.0 0.0 8.0 0.0
4347.026290067761 0.0 0.0 0.0 1.0 0.0 0.0 8.0 0.0
4348.042103060611 0.0 0.0 0.0 1.0 0.0 0.0 8.0 0.0
4349.044985983321 0.0 0.0 0.0 1.0 0.0 0.0 8.0 0.0
4350.01787744887 0.0 0.0 0.0 1.0 0.0 0.0 8.0 0.0
4351.001143904285 0.0 0.0 0.0 1.0 0.0 0.0 8.0 0.0
4352.005984134092 0.0 0.0 0.0 1.0 0.0 0.0 8.0 0.0
4353.044985983321 0.0 0.0 0.0 1.0 0.0 0.0 8.0 0.0
4354.0379710540665 0.0 0.0 0.0 1.0 0.0 0.0 8.0 0.0
4355.030835041632 0.0 0.0 0.0 1.0 0.0 0.0 8.0 0.0
4356.009859544418 0.0 0.0 0.0 1.0 0.0 0.0 8.0 0.0
4357.000435003598 0.0 0.0 0.0 1.0 0.0 0.0 8.0 0.0
4358.029717506708 0.0 0.0 0.0 1.0 0.0 0.0 8.0 0.0
4359.001999131174 0.0 0.0 0.0 1.0 0.0 0.0 8.0 0.0
4360.044985983321 0.0 0.0 0.0 1.0 0.0 0.0 8.0 0.0
4361.044985983321 0.0 0.0 0.0 1.0 0.0 0.0 8.0 0.0
4362.0289737876055 0.0 0.0 0.0 1.0 0.0 0.0 8.0 0.0
4363.001592407007 0.0 0.0 0.0 1.0 0.0 0.0 8.0 0.0
4364.011284817775 0.0 0.0 0.0 1.0 0.0 0.0 8.0 0.0
4365.005825717648 0.0 0.0 0.0 1.0 0.0 0.0 8.0 0.0
4366.004037038957 0.0 0.0 0.0 1.0 0.0 0.0 8.0 0.0
4367.044588395034 0.0 0.0 0.0 1.0 0.0 0.0 8.0 0.0
4368.019085199618 0.0 0.0 0.0 1.0 0.0 0.0 8.0 0.0
4369.037035884849 0.0 0.0 0.0 1.0 0.0 0.0 8.0 0.0
4370.035180274194 0.0 0.0 0.0 1.0 0.0 0.0 8.0 0.0
4371.019172121868 0.0 0.0 0.0 1.0 0.0 0.0 8.0 0.0
4372.044985983321 0.0 0.0 0.0 1.0 0.0 0.0 8.0 0.0
4373.044985983321 0.0 0.0 0.0 1.0 0.0 0.0 8.0 0.0
4374.018401043791 0.0 0.0 0.0 1.0 0.0 0.0 8.0 0.0
4375.0259690939365 0.0 0.0 0.0 1.0 0.0 0.0 8.0 0.0
4376.003603841006 0.0 0.0 0.0 1.0 0.0 0.0 8.0 0.0
4377.015965181459 0.0 0.0 0.0 1.0 0.0 0.0 8.0 0.0
4378.001842067759 0.0 0.0 0.0 1.0 0.0 0.0 8.0 0.0
4379.008195896394 0.0 0.0 0.0 1.0 0.0 0.0 8.0 0.0
4380.0143697119565 0.0 0.0 0.0 1.0 0.0 0.0 8.0 0.0
4381.02609073752 0.0 0.0 0.0 1.0 0.0 0.0 8.0 0.0
4382.044985983321 0.0 0.0 0.0 1.0 0.0 0.0 8.0 0.0
4383.016111335994 0.0 0.0 0.0 1.0 0.0 0.0 8.0 0.0
4384.003689852071 0.0 0.0 0.0 1.0 0.0 0.0 8.0 0.0
4385.027492640487 0.0 0.0 0.0 1.0 0.0 0.0 8.0 0.0
4386.010402939258 0.0 0.0 0.0 1.0 0.0 0.0 8.0 0.0
4387.029568311253 0.0 0.0 0.0 1.0 0.0 0.0 8.0 0.0
4388.013239247515 0.0 0.0 0.0 1.0 0.0 0.0 8.0 0.0
4389.02677744718 0.0 0.0 0.0 1.0 0.0 0.0 8.0 0.0
4390.001884302913 0.0 0.0 0.0 1.0 0.0 0.0 8.0 0.0
4391.038633243308 0.0 0.0 0.0 1.0 0.0 0.0 8.0 0.0
4392.003326112932 0.0 0.0 0.0 1.0 0.0 0.0 8.0 0.0
4393.009552929268 0.0 0.0 0.0 1.0 0.0 0.0 8.0 0.0
4394.0101084984 0.0 0.0 0.0 1.0 0.0 0.0 8.0 0.0
4395.044985983321 0.0 0.0 0.0 1.0 0.0 0.0 8.0 0.0
4396.00843273048 0.0 0.0 0.0 1.0 0.0 0.0 8.0 0.0
4397.044985983321 0.0 0.0 0.0 1.0 0.0 0.0 8.0 0.0
4398.001277212266 0.0 0.0 0.0 1.0 0.0 0.0 8.0 0.0
4399.001933583253 0.0 0.0 0.0 1.0 0.0 0.0 8.0 0.0
4400.041517939579 0.0 0.0 0.0 1.0 0.0 0.0 8.0 0.0
4401.015698900246 0.0 0.0 0.0 1.0 0.0 0.0 8.0 0.0
4402.020016944862 0.0 0.0 0.0 1.0 0.0 0.0 8.0 0.0
4403.0118951861 0.0 0.0 0.0 1.0 0.0 0.0 8.0 0.0
4404.044985983321 0.0 0.0 0.0 1.0 0.0 0.0 8.0 0.0
4405.023877138352 0.0 0.0 0.0 1.0 0.0 0.0 8.0 0.0
4406.014292924089 0.0 0.0 0.0 1.0 0.0 0.0 8.0 0.0
4407.044985983321 0.0 0.0 0.0 1.0 0.0 0.0 8.0 0.0
4408.044985983321 0.0 0.0 0.0 1.0 0.0 0.0 8.0 0.0
4409.013596120873 0.0 0.0 0.0 1.0 0.0 0.0 8.0 0.0
4410.033966017062 0.0 0.0 0.0 1.0 0.0 0.0 8.0 0.0
4411.006741668298 0.0 0.0 0.0 1.0 0.0 0.0 8.0 0.0
4412.029435486749 0.0 0.0 0.0 1.0 0.0 0.0 8.0 0.0
4413.044985983321 0.0 0.0 0.0 1.0 0.0 0.0 8.0 0.0
4414.0000171013535 0.0 0.0 0.0 1.0 0.0 0.0 8.0 0.0
4415.00693801947 0.0 0.0 0.0 1.0 0.0 0.0 8.0 0.0
4416.00740910336 0.0 0.0 0.0 1.0 0.0 0.0 8.0 0.0
4417.006503076142 0.0 0.0 0.0 1.0 0.0 0.0 8.0 0.0
4418.044985983321 0.0 0.0 0.0 1.0 0.0 0.0 8.0 0.0
4419.042273752073 0.0 0.0 0.0 1.0 0.0 0.0 8.0 0.0
4420.005531837337 0.0 0.0 0.0 1.0 0.0 0.0 8.0 0.0
4421.01638052159 0.0 0.0 0.0 1.0 0.0 0.0 8.0 0.0
4422.0001970512285 0.0 0.0 0.0 1.0 0.0 0.0 8.0 0.0
4423.015750354461 0.0 0.0 0.0 1.0 0.0 0.0 8.0 0.0
4424.0228844629355 0.0 0.0 0.0 1.0 0.0 0.0 8.0 0.0
4425.013196274399 0.0 0.0 0.0 1.0 0.0 0.0 8.0 0.0
4426.013475921703 0.0 0.0 0.0 1.0 0.0 0.0 8.0 0.0
4427.012673076294 0.0 0.0 0.0 1.0 0.0 0.0 8.0 0.0
4428.03295512279 0.0 0.0 0.0 1.0 0.0 0.0 8.0 0.0
4429.044985983321 0.0 0.0 0.0 1.0 0.0 0.0 8.0 0.0
4430.044985983321 0.0 0.0 0.0 1.0 0.0 0.0 8.0 0.0
4431.044985983321 0.0 0.0 0.0 1.0 0.0 0.0 8.0 0.0
4432.018720389001 0.0 0.0 0.0 1.0 0.0 0.0 8.0 0.0
4433.026924959179 0.0 0.0 0.0 1.0 0.0 0.0 8.0 0.0
4434.001608099962 0.0 0.0 0.0 1.0 0.0 0.0 8.0 0.0
4435.010752086769 0.0 0.0 0.0 1.0 0.0 0.0 8.0 0.0
4436.014635738641 0.0 0.0 0.0 1.0 0.0 0.0 8.0 0.0
4437.024232666934 0.0 0.0 0.0 1.0 0.0 0.0 8.0 0.0
4438.043962078442 0.0 0.0 0.0 1.0 0.0 0.0 8.0 0.0
4439.02833154552 0.0 0.0 0.0 1.0 0.0 0.0 8.0 0.0
4440.031144834513 0.0 0.0 0.0 1.0 0.0 0.0 8.0 0.0
4441.008742456301 0.0 0.0 0.0 1.0 0.0 0.0 8.0 0.0
4442.017219318147 0.0 0.0 0.0 1.0 0.0 0.0 8.0 0.0
4443.044985983321 0.0 0.0 0.0 1.0 0.0 0.0 8.0 0.0
4444.009464183819 0.0 0.0 0.0 1.0 0.0 0.0 8.0 0.0
4445.001832760172 0.0 0.0 0.0 1.0 0.0 0.0 8.0 0.0
4446.001929698162 0.0 0.0 0.0 1.0 0.0 0.0 8.0 0.0
4447.044985983321 0.0 0.0 0.0 1.0 0.0 0.0 8.0 0.0
4448.044985983321 0.0 0.0 0.0 1.0 0.0 0.0 8.0 0.0
4449.040765649886 0.0 0.0 0.0 1.0 0.0 0.0 8.0 0.0
4450.0156267624625 0.0 0.0 0.0 1.0 0.0 0.0 8.0 0.0
4451.025388454606 0.0 0.0 0.0 1.0 0.0 0.0 8.0 0.0
4452.0176375468845 0.0 0.0 0.0 1.0 0.0 0.0 8.0 0.0
4453.0283105723665 0.0 0.0 0.0 1.0 0.0 0.0 8.0 0.0
4454.014857667237 0.0 0.0 0.0 1.0 0.0 0.0 8.0 0.0
4455.0068048637795 0.0 0.0 0.0 1.0 0.0 0.0 8.0 0.0
4456.0237384710545 0.0 0.0 0.0 1.0 0.0 0.0 8.0 0.0
4457.013483523178 0.0 0.0 0.0 1.0 0.0 0.0 8.0 0.0
4458.033626728152 0.0 0.0 0.0 1.0 0.0 0.0 8.0 0.0
4459.0005015046045 0.0 0.0 0.0 1.0 0.0 0.0 8.0 0.0
4460.013199745769 0.0 0.0 0.0 1.0 0.0 0.0 8.0 0.0
4461.016588565871 0.0 0.0 0.0 1.0 0.0 0.0 8.0 0.0
4462.044985983321 0.0 0.0 0.0 1.0 0.0 0.0 8.0 0.0
4463.011894703643 0.0 0.0 0.0 1.0 0.0 0.0 8.0 0.0
4464.004025700607 0.0 0.0 0.0 1.0 0.0 0.0 8.0 0.0
4465.0382763195985 0.0 0.0 0.0 1.0 0.0 0.0 8.0 0.0
4466.034288966517 0.0 0.0 0.0 1.0 0.0 0.0 8.0 0.0
4467.004267031478 0.0 0.0 0.0 1.0 0.0 0.0 8.0 0.0
4468.007458136028 0.0 0.0 0.0 1.0 0.0 0.0 8.0 0.0
4469.031904265351 0.0 0.0 0.0 1.0 0.0 0.0 8.0 0.0
4470.00932267837 0.0 0.0 0.0 1.0 0.0 0.0 8.0 0.0
4471.017889889216 0.0 0.0 0.0 1.0 0.0 0.0 8.0 0.0
4472.044985983321 0.0 0.0 0.0 1.0 0.0 0.0 8.0 0.0
4473.044985983321 0.0 0.0 0.0 1.0 0.0 0.0 8.0 0.0
4474.002408784301 0.0 0.0 0.0 1.0 0.0 0.0 8.0 0.0
4475.00737373249 0.0 0.0 0.0 1.0 0.0 0.0 8.0 0.0
4476.005280507228 0.0 0.0 0.0 1.0 0.0 0.0 8.0 0.0
4477.017473223838 0.0 0.0 0.0 1.0 0.0 0.0 8.0 0.0
4478.002259114766 0.0 0.0 0.0 1.0 0.0 0.0 8.0 0.0
4479.026203115266 0.0 0.0 0.0 1.0 0.0 0.0 8.0 0.0
4480.044985983321 0.0 0.0 0.0 1.0 0.0 0.0 8.0 0.0
4481.044985983321 0.0 0.0 0.0 1.0 0.0 0.0 8.0 0.0
4482.002059526785 0.0 0.0 0.0 1.0 0.0 0.0 8.0 0.0
4483.044985983321 0.0 0.0 0.0 1.0 0.0 0.0 8.0 0.0
4484.014360500193 0.0 0.0 0.0 1.0 0.0 0.0 8.0 0.0
4485.044985983321 0.0 0.0 0.0 1.0 0.0 0.0 8.0 0.0
4486.000638171137 0.0 0.0 0.0 1.0 0.0 0.0 8.0 0.0
4487.015261837403 0.0 0.0 0.0 1.0 0.0 0.0 8.0 0.0
4488.044985983321 0.0 0.0 0.0 1.0 0.0 0.0 8.0 0.0
4489.025568013337 0.0 0.0 0.0 1.0 0.0 0.0 8.0 0.0
4490.001555755056 0.0 0.0 0.0 1.0 0.0 0.0 8.0 0.0
4491.018958583784 0.0 0.0 0.0 1.0 0.0 0.0 8.0 0.0
4492.030061376744 0.0 0.0 0.0 1.0 0.0 0.0 8.0 0.0
4493.0366647363835 0.0 0.0 0.0 1.0 0.0 0.0 8.0 0.0
4494.016749141077 0.0 0.0 0.0 1.0 0.0 0.0 8.0 0.0
4495.044985983321 0.0 0.0 0.0 1.0 0.0 0.0 8.0 0.0
4496.044985983321 0.0 0.0 0.0 1.0 0.0 0.0 8.0 0.0
4497.012800971135 0.0 0.0 0.0 1.0 0.0 0.0 8.0 0.0
4498.044985983321 0.0 0.0 0.0 1.0 0.0 0.0 8.0 0.0
4499.008117846947 0.0 0.0 0.0 1.0 0.0 0.0 8.0 0.0
4500.001021829374 0.0 0.0 0.0 1.0 0.0 0.0 8.0 0.0
4501.01894762351 0.0 0.0 0.0 1.0 0.0 0.0 8.0 0.0
4502.001389635269 0.0 0.0 0.0 1.0 0.0 0.0 8.0 0.0
4503.026595810393 0.0 0.0 0.0 1.0 0.0 0.0 8.0 0.0
4504.039287403787 0.0 0.0 0.0 1.0 0.0 0.0 8.0 0.0
4505.005444497676 0.0 0.0 0.0 1.0 0.0 0.0 8.0 0.0
4506.0149800590825 0.0 0.0 0.0 1.0 0.0 0.0 8.0 0.0
4507.044985983321 0.0 0.0 0.0 1.0 0.0 0.0 8.0 0.0
4508.0314996864345 0.0 0.0 0.0 1.0 0.0 0.0 8.0 0.0
4509.026639228707 0.0 0.0 0.0 1.0 0.0 0.0 8.0 0.0
4510.016237249541 0.0 0.0 0.0 1.0 0.0 0.0 8.0 0.0
4511.005490168051 0.0 0.0 0.0 1.0 0.0 0.0 8.0 0.0
4512.008710275496 0.0 0.0 0.0 1.0 0.0 0.0 8.0 0.0
4513.007853596644 0.0 0.0 0.0 1.0 0.0 0.0 8.0 0.0
4514.044985983321 0.0 0.0 0.0 1.0 0.0 0.0 8.0 0.0
4515.004223991293 0.0 0.0 0.0 1.0 0.0 0.0 8.0 0.0
4516.007119992782 0.0 0.0 0.0 1.0 0.0 0.0 8.0 0.0
4517.000003296788 0.0 0.0 0.0 1.0 0.0 0.0 8.0 0.0
4518.029736093798 0.0 0.0 0.0 1.0 0.0 0.0 8.0 0.0
4519.003649416322 0.0 0.0 0.0 1.0 0.0 0.0 8.0 0.0
4520.044985983321 0.0 0.0 0.0 1.0 0.0 0.0 8.0 0.0
4521.009184112079 0.0 0.0 0.0 1.0 0.0 0.0 8.0 0.0
4522.002808368535 0.0 0.0 0.0 1.0 0.0 0.0 8.0 0.0
4523.017742084207 0.0 0.0 0.0 1.0 0.0 0.0 8.0 0.0
4524.0069402644485 0.0 0.0 0.0 1.0 0.0 0.0 8.0 0.0
4525.038456012176 0.0 0.0 0.0 1.0 0.0 0.0 8.0 0.0
4526.044985983321 0.0 0.0 0.0 1.0 0.0 0.0 8.0 0.0
4527.017368948352 0.0 0.0 0.0 1.0 0.0 0.0 8.0 0.0
4528.0356099851 0.0 0.0 0.0 1.0 0.0 0.0 8.0 0.0
4529.000384035182 0.0 0.0 0.0 1.0 0.0 0.0 8.0 0.0
4530.02626681285 0.0 0.0 0.0 1.0 0.0 0.0 8.0 0.0
4531.012497834075 0.0 0.0 0.0 1.0 0.0 0.0 8.0 0.0
4532.004677136156 0.0 0.0 0.0 1.0 0.0 0.0 8.0 0.0
4533.044985983321 0.0 0.0 0.0 1.0 0.0 0.0 8.0 0.0
4534.017731474975 0.0 0.0 0.0 1.0 0.0 0.0 8.0 0.0
4535.001360741628 0.0 0.0 0.0 1.0 0.0 0.0 8.0 0.0
4536.010786344829 0.0 0.0 0.0 1.0 0.0 0.0 8.0 0.0
4537.021675360735 0.0 0.0 0.0 1.0 0.0 0.0 8.0 0.0
4538.044985983321 0.0 0.0 0.0 1.0 0.0 0.0 8.0 0.0
4539.044985983321 0.0 0.0 0.0 1.0 0.0 0.0 8.0 0.0
4540.0158420754915 0.0 0.0 0.0 1.0 0.0 0.0 8.0 0.0
4541.022701088644 0.0 0.0 0.0 1.0 0.0 0.0 8.0 0.0
4542.031831571635 0.0 0.0 0.0 1.0 0.0 0.0 8.0 0.0
4543.026993874836 0.0 0.0 0.0 1.0 0.0 0.0 8.0 0.0
4544.001339237125 0.0 0.0 0.0 1.0 0.0 0.0 8.0 0.0
4545.000119246615 0.0 0.0 0.0 1.0 0.0 0.0 8.0 0.0
4546.034916204747 0.0 0.0 0.0 1.0 0.0 0.0 8.0 0.0
4547.021786882286 0.0 0.0 0.0 1.0 0.0 0.0 8.0 0.0
4548.042628564748 0.0 0.0 0.0 1.0 0.0 0.0 8.0 0.0
4549.026904400661 0.0 0.0 0.0 1.0 0.0 0.0 8.0 0.0
4550.036430403075 0.0 0.0 0.0 1.0 0.0 0.0 8.0 0.0
4551.005118564649 0.0 0.0 0.0 1.0 0.0 0.0 8.0 0.0
4552.028924547237 0.0 0.0 0.0 1.0 0.0 0.0 8.0 0.0
4553.006416378221 0.0 0.0 0.0 1.0 0.0 0.0 8.0 0.0
4554.003972090434 0.0 0.0 0.0 1.0 0.0 0.0 8.0 0.0
4555.044985983321 0.0 0.0 0.0 1.0 0.0 0.0 8.0 0.0
4556.016552054269 0.0 0.0 0.0 1.0 0.0 0.0 8.0 0.0
4557.000042707652 0.0 0.0 0.0 1.0 0.0 0.0 8.0 0.0
4558.0061531276115 0.0 0.0 0.0 1.0 0.0 0.0 8.0 0.0
4559.029682933389 0.0 0.0 0.0 1.0 0.0 0.0 8.0 0.0
4560.044985983321 0.0 0.0 0.0 1.0 0.0 0.0 8.0 0.0
4561.044985983321 0.0 0.0 0.0 1.0 0.0 0.0 8.0 0.0
4562.044985983321 0.0 0.0 0.0 1.0 0.0 0.0 8.0 0.0
4563.010400315265 0.0 0.0 0.0 1.0 0.0 0.0 8.0 0.0
4564.037016052537 0.0 0.0 0.0 1.0 0.0 0.0 8.0 0.0
4565.018120929461 0.0 0.0 0.0 1.0 0.0 0.0 8.0 0.0
4566.000875051274 0.0 0.0 0.0 1.0 0.0 0.0 8.0 0.0
4567.013052978727 0.0 0.0 0.0 1.0 0.0 0.0 8.0 0.0
4568.0089311069505 0.0 0.0 0.0 1.0 0.0 0.0 8.0 0.0
4569.006370134383 0.0 0.0 0.0 1.0 0.0 0.0 8.0 0.0
4570.034417347094 0.0 0.0 0.0 1.0 0.0 0.0 8.0 0.0
4571.000924035125 0.0 0.0 0.0 1.0 0.0 0.0 8.0 0.0
4572.004123553219 0.0 0.0 0.0 1.0 0.0 0.0 8.0 0.0
4573.011129170793 0.0 0.0 0.0 1.0 0.0 0.0 8.0 0.0
4574.029303806594 0.0 0.0 0.0 1.0 0.0 0.0 8.0 0.0
4575.044985983321 0.0 0.0 0.0 1.0 0.0 0.0 8.0 0.0
4576.044985983321 0.0 0.0 0.0 1.0 0.0 0.0 8.0 0.0
4577.001071167579 0.0 0.0 0.0 1.0 0.0 0.0 8.0 0.0
4578.03766447562 0.0 0.0 0.0 1.0 0.0 0.0 8.0 0.0
4579.015986979056 0.0 0.0 0.0 1.0 0.0 0.0 8.0 0.0
4580.018540189597 0.0 0.0 0.0 1.0 0.0 0.0 8.0 0.0
4581.044985983321 0.0 0.0 0.0 1.0 0.0 0.0 8.0 0.0
4582.01233530428 0.0 0.0 0.0 1.0 0.0 0.0 8.0 0.0
4583.044985983321 0.0 0.0 0.0 1.0 0.0 0.0 8.0 0.0
4584.0194657122665 0.0 0.0 0.0 1.0 0.0 0.0 8.0 0.0
4585.010734306694 0.0 0.0 0.0 1.0 0.0 0.0 8.0 0.0
4586.0045272806055 0.0 0.0 0.0 1.0 0.0 0.0 8.0 0.0
4587.002448423822 0.0 0.0 0.0 1.0 0.0 0.0 8.0 0.0
4588.022391000275 0.0 0.0 0.0 1.0 0.0 0.0 8.0 0.0
4589.016864901746 0.0 0.0 0.0 1.0 0.0 0.0 8.0 0.0
4590.013440541594 0.0 0.0 0.0 1.0 0.0 0.0 8.0 0.0
4591.002440412362 0.0 0.0 0.0 1.0 0.0 0.0 8.0 0.0
4592.044985983321 0.0 0.0 0.0 1.0 0.0 0.0 8.0 0.0
4593.004875540974 0.0 0.0 0.0 1.0 0.0 0.0 8.0 0.0
4594.0007920434555 0.0 0.0 0.0 1.0 0.0 0.0 8.0 0.0
4595.018602944906 0.0 0.0 0.0 1.0 0.0 0.0 8.0 0.0
4596.044985983321 0.0 0.0 0.0 1.0 0.0 0.0 8.0 0.0
4597.044985983321 0.0 0.0 0.0 1.0 0.0 0.0 8.0 0.0
4598.044985983321 0.0 0.0 0.0 1.0 0.0 0.0 8.0 0.0
4599.009638209141 0.0 0.0 0.0 1.0 0.0 0.0 8.0 0.0
4600.011805613094 0.0 0.0 0.0 1.0 0.0 0.0 8.0 0.0
#####################################################################
# End of data export. Simulation finished at: 2026-05-19T09:39+0000 #
#####################################################################
