#####################################################################
# Alchemist log file - simulation started at: 2026-05-19T10:37+0000 #
#####################################################################
#
# seed = 52.0, connection_range_percentage = 0.1, variability = 4.0, history_length = 6000, drones = 80
#
# The columns have the following meaning: 
# time wandering[mean] defending[mean] solving[mean] wait[mean] attacked[max] alarm[max] historySize[mean] disagreementRate 
0.0 NaN NaN NaN NaN 0.0 0.0 NaN 0.0
0.0 0.0 0.0 0.0 1.0 0.0 0.0 2.0 0.0
1.0020102761447445 0.0 0.0 0.0 1.0 0.0 0.0 2.375 0.0
2.0007634148919715 0.0 0.0 0.0 1.0 0.0 0.0 2.9 0.0
3.0020102761447447 0.0 0.0 0.0 1.0 0.0 0.0 2.9875 0.0
4.002010276144745 0.0 0.0 0.0 1.0 0.0 0.0 3.0 0.0
5.002010276144745 0.0 0.0 0.0 1.0 0.0 0.0 3.0 0.0
6.002010276144745 0.0 0.0 0.0 1.0 0.0 0.0 3.0 0.0
7.002010276144745 0.0 0.0 0.0 1.0 0.0 0.0 3.0 0.0
8.002010276144745 0.0 0.0 0.0 1.0 0.0 0.0 3.0 0.0
9.002010276144745 0.0 0.0 0.0 1.0 0.0 0.0 3.0 0.0
10.002010276144745 0.0 0.0 0.0 1.0 0.0 0.0 3.0 0.0
11.002010276144745 0.0 0.0 0.0 1.0 0.0 0.0 3.0 0.0
12.002010276144745 0.0 0.0 0.0 1.0 0.0 0.0 3.0 0.0
13.002010276144745 0.0 0.0 0.0 1.0 0.0 0.0 3.0 0.0
14.002010276144745 0.0 0.0 0.0 1.0 0.0 0.0 3.0 0.0
15.002010276144745 0.0 0.0 0.0 1.0 0.0 0.0 3.0 0.0
16.002010276144745 0.0 0.0 0.0 1.0 0.0 0.0 3.0 0.0
17.002010276144745 0.0 0.0 0.0 1.0 0.0 0.0 3.0 0.0
18.002010276144745 0.0 0.0 0.0 1.0 0.0 0.0 3.0 0.0
19.000843269106717 0.0 0.0 0.0 1.0 0.0 0.0 3.0 0.0
20.00106772050256 0.0 0.0 0.0 1.0 0.0 0.0 3.0 0.0
21.002010276144745 0.0 0.0 0.0 1.0 0.0 0.0 3.0 0.0
22.002010276144745 0.0 0.0 0.0 1.0 0.0 0.0 3.0 0.0
23.002010276144745 0.0 0.0 0.0 1.0 0.0 0.0 3.0 0.0
24.002010276144745 0.0 0.0 0.0 1.0 0.0 0.0 3.0 0.0
25.002010276144745 0.0 0.0 0.0 1.0 0.0 0.0 3.0 0.0
26.002010276144745 0.0 0.0 0.0 1.0 0.0 0.0 3.0 0.0
27.002010276144745 0.0 0.0 0.0 1.0 0.0 0.0 3.0 0.0
28.002010276144745 0.0 0.0 0.0 1.0 0.0 0.0 3.0 0.0
29.002010276144745 0.0 0.0 0.0 1.0 0.0 0.0 3.0 0.0
30.002010276144745 0.0 0.0 0.0 1.0 0.0 0.0 3.0 0.0
31.002010276144745 0.0 0.0 0.0 1.0 0.0 0.0 3.0 0.0
32.002010276144745 0.0 0.0 0.0 1.0 0.0 0.0 3.0 0.0
33.002010276144745 0.0 0.0 0.0 1.0 0.0 0.0 3.0 0.0
34.002010276144745 0.0 0.0 0.0 1.0 0.0 0.0 3.0 0.0
35.002010276144745 0.0 0.0 0.0 1.0 0.0 0.0 3.0 0.0
36.002010276144745 0.0 0.0 0.0 1.0 0.0 0.0 3.0 0.0
37.002010276144745 0.0 0.0 0.0 1.0 0.0 0.0 3.0 0.0
38.002010276144745 0.0 0.0 0.0 1.0 0.0 0.0 3.0 0.0
39.002010276144745 0.0 0.0 0.0 1.0 0.0 0.0 3.0 0.0
40.00182252418945 0.0 0.0 0.0 1.0 0.0 0.0 3.0 0.0
41.002010276144745 0.0 0.0 0.0 1.0 0.0 0.0 3.0 0.0
42.002010276144745 0.0 0.0 0.0 1.0 0.0 0.0 3.0 0.0
43.002010276144745 0.0 0.0 0.0 1.0 0.0 0.0 3.0 0.0
44.002010276144745 0.0 0.0 0.0 1.0 0.0 0.0 3.0 0.0
45.002010276144745 0.0 0.0 0.0 1.0 0.0 0.0 3.0 0.0
46.002010276144745 0.0 0.0 0.0 1.0 0.0 0.0 3.0 0.0
47.002010276144745 0.0 0.0 0.0 1.0 0.0 0.0 3.0 0.0
48.002010276144745 0.0 0.0 0.0 1.0 0.0 0.0 3.0 0.0
49.002010276144745 0.0 0.0 0.0 1.0 0.0 0.0 3.0 0.0
50.002010276144745 0.0 0.0 0.0 1.0 0.0 0.0 3.0 0.0
51.002010276144745 0.0 0.0 0.0 1.0 0.0 0.0 3.0 0.0
52.002010276144745 0.0 0.0 0.0 1.0 0.0 0.0 3.0 0.0
53.002010276144745 0.0 0.0 0.0 1.0 0.0 0.0 3.0 0.0
54.002010276144745 0.0 0.0 0.0 1.0 0.0 0.0 3.0 0.0
55.002010276144745 0.0 0.0 0.0 1.0 0.0 0.0 3.0 0.0
56.002010276144745 0.0 0.0 0.0 1.0 0.0 0.0 3.0 0.0
57.002010276144745 0.0 0.0 0.0 1.0 0.0 0.0 3.0 0.0
58.002010276144745 0.0 0.0 0.0 1.0 0.0 0.0 3.0 0.0
59.002010276144745 0.0 0.0 0.0 1.0 0.0 0.0 3.0 0.0
60.002010276144745 0.0 0.0 0.0 1.0 0.0 0.0 3.0 0.0
61.002010276144745 0.0 0.0 0.0 1.0 0.0 0.0 3.0 0.0
62.002010276144745 0.0 0.0 0.0 1.0 0.0 0.0 3.0 0.0
63.002010276144745 0.0 0.0 0.0 1.0 0.0 0.0 3.0 0.0
64.00201027614474 0.0 0.0 0.0 1.0 0.0 0.0 3.0 0.0
65.00201027614474 0.0 0.0 0.0 1.0 0.0 0.0 3.0 0.0
66.00201027614474 0.0 0.0 0.0 1.0 0.0 0.0 3.0 0.0
67.00201027614474 0.0 0.0 0.0 1.0 0.0 0.0 3.0 0.0
68.00201027614474 0.0 0.0 0.0 1.0 0.0 0.0 3.0 0.0
69.00201027614474 0.0 0.0 0.0 1.0 0.0 0.0 3.0 0.0
70.00201027614474 0.0 0.0 0.0 1.0 0.0 0.0 3.0 0.0
71.00201027614474 0.0 0.0 0.0 1.0 0.0 0.0 3.0 0.0
72.00192186324637 0.0 0.0 0.0 1.0 0.0 0.0 3.0 0.0
73.00034685109863 0.0 0.0 0.0 1.0 0.0 0.0 3.0 0.0
74.00020502354725 0.0 0.0 0.0 1.0 0.0 0.0 3.0 0.0
75.00201027614474 0.0 0.0 0.0 1.0 0.0 0.0 3.0 0.0
76.00201027614474 0.0 0.0 0.0 1.0 0.0 0.0 3.0 0.0
77.00201027614474 0.0 0.0 0.0 1.0 0.0 0.0 3.0 0.0
78.00201027614474 0.0 0.0 0.0 1.0 0.0 0.0 3.0 0.0
79.00201027614474 0.0 0.0 0.0 1.0 0.0 0.0 3.0 0.0
80.00201027614474 0.0 0.0 0.0 1.0 0.0 0.0 3.0 0.0
81.00201027614474 0.0 0.0 0.0 1.0 0.0 0.0 3.0 0.0
82.00088757243533 0.0 0.0 0.0 1.0 0.0 0.0 3.0 0.0
83.00201027614474 0.0 0.0 0.0 1.0 0.0 0.0 3.0 0.0
84.00201027614474 0.0 0.0 0.0 1.0 0.0 0.0 3.0 0.0
85.00201027614474 0.0 0.0 0.0 1.0 0.0 0.0 3.0 0.0
86.00201027614474 0.0 0.0 0.0 1.0 0.0 0.0 3.0 0.0
87.00201027614474 0.0 0.0 0.0 1.0 0.0 0.0 3.0 0.0
88.00201027614474 0.0 0.0 0.0 1.0 0.0 0.0 3.0 0.0
89.00201027614474 0.0 0.0 0.0 1.0 0.0 0.0 3.0 0.0
90.00201027614474 0.0 0.0 0.0 1.0 0.0 0.0 3.0 0.0
91.00201027614474 0.0 0.0 0.0 1.0 0.0 0.0 3.0 0.0
92.00201027614474 0.0 0.0 0.0 1.0 0.0 0.0 3.0 0.0
93.00201027614474 0.0 0.0 0.0 1.0 0.0 0.0 3.0 0.0
94.00201027614474 0.0 0.0 0.0 1.0 0.0 0.0 3.0 0.0
95.00201027614474 0.0 0.0 0.0 1.0 0.0 0.0 3.0 0.0
96.00201027614474 0.0 0.0 0.0 1.0 0.0 0.0 3.0 0.0
97.00201027614474 0.0 0.0 0.0 1.0 0.0 0.0 3.0 0.0
98.00201027614474 0.0 0.0 0.0 1.0 0.0 0.0 3.0 0.0
99.00149600416975 0.0 0.0 0.0 1.0 0.0 0.0 3.0 0.0
100.00201027614474 0.0 0.0 0.0 1.0 0.0 0.0 3.0 0.0
101.00201027614474 0.0 0.0 0.0 1.0 0.0 0.0 3.0 0.0
102.00201027614474 0.0 0.0 0.0 1.0 0.0 0.0 3.0 0.0
103.00201027614474 0.0 0.0 0.0 1.0 0.0 0.0 3.0 0.0
104.00201027614474 0.0 0.0 0.0 1.0 0.0 0.0 3.0 0.0
105.00201027614474 0.0 0.0 0.0 1.0 0.0 0.0 3.0 0.0
106.00201027614474 0.0 0.0 0.0 1.0 0.0 0.0 3.0 0.0
107.00201027614474 0.0 0.0 0.0 1.0 0.0 0.0 3.0 0.0
108.00201027614474 0.0 0.0 0.0 1.0 0.0 0.0 3.0 0.0
109.00201027614474 0.0 0.0 0.0 1.0 0.0 0.0 3.0 0.0
110.00067830868221 0.0 0.0 0.0 1.0 0.0 0.0 3.0 0.0
111.00201027614474 0.0 0.0 0.0 1.0 0.0 0.0 3.0 0.0
112.00201027614474 0.0 0.0 0.0 1.0 0.0 0.0 3.0 0.0
113.00201027614474 0.0 0.0 0.0 1.0 0.0 0.0 3.0 0.0
114.00201027614474 0.0 0.0 0.0 1.0 0.0 0.0 3.0 0.0
115.00173092110315 0.0 0.0 0.0 1.0 0.0 0.0 3.0 0.0
116.00201027614474 0.0 0.0 0.0 1.0 0.0 0.0 3.0 0.0
117.00043763712725 0.0 0.0 0.0 1.0 0.0 0.0 3.0 0.0
118.00201027614474 0.0 0.0 0.0 1.0 0.0 0.0 3.0 0.0
119.00201027614474 0.0 0.0 0.0 1.0 0.0 0.0 3.0 0.0
120.0014108773567 0.0 0.0 0.0 1.0 0.0 0.0 3.0 0.0
121.00201027614474 0.0 0.0 0.0 1.0 0.0 0.0 3.0 0.0
122.00201027614474 0.0 0.0 0.0 1.0 0.0 0.0 3.0 0.0
123.00201027614474 0.0 0.0 0.0 1.0 0.0 0.0 3.0 0.0
124.00201027614474 0.0 0.0 0.0 1.0 0.0 0.0 3.0 0.0
125.00201027614474 0.0 0.0 0.0 1.0 0.0 0.0 3.0 0.0
126.00201027614474 0.0 0.0 0.0 1.0 0.0 0.0 3.0 0.0
127.00201027614474 0.0 0.0 0.0 1.0 0.0 0.0 3.0 0.0
128.00201027614474 0.0 0.0 0.0 1.0 0.0 0.0 3.0 0.0
129.00201027614474 0.0 0.0 0.0 1.0 0.0 0.0 3.0 0.0
130.00201027614474 0.0 0.0 0.0 1.0 0.0 0.0 3.0 0.0
131.00169608224596 0.0 0.0 0.0 1.0 0.0 0.0 3.0 0.0
132.00201027614474 0.0 0.0 0.0 1.0 0.0 0.0 3.0 0.0
133.00201027614474 0.0 0.0 0.0 1.0 0.0 0.0 3.0 0.0
134.0019213127037 0.0 0.0 0.0 1.0 0.0 0.0 3.0 0.0
135.00201027614474 0.0 0.0 0.0 1.0 0.0 0.0 3.0 0.0
136.00201027614474 0.0 0.0 0.0 1.0 0.0 0.0 3.0 0.0
137.00201027614474 0.0 0.0 0.0 1.0 0.0 0.0 3.0 0.0
138.00201027614474 0.0 0.0 0.0 1.0 0.0 0.0 3.0 0.0
139.00201027614474 0.0 0.0 0.0 1.0 0.0 0.0 3.0 0.0
140.00201027614474 0.0 0.0 0.0 1.0 0.0 0.0 3.0 0.0
141.00201027614474 0.0 0.0 0.0 1.0 0.0 0.0 3.0 0.0
142.00201027614474 0.0 0.0 0.0 1.0 0.0 0.0 3.0 0.0
143.00201027614474 0.0 0.0 0.0 1.0 0.0 0.0 3.0 0.0
144.00201027614474 0.0 0.0 0.0 1.0 0.0 0.0 3.0 0.0
145.00201027614474 0.0 0.0 0.0 1.0 0.0 0.0 3.0 0.0
146.00062199342506 0.0 0.0 0.0 1.0 0.0 0.0 3.0 0.0
147.00201027614474 0.0 0.0 0.0 1.0 0.0 0.0 3.0 0.0
148.00201027614474 0.0 0.0 0.0 1.0 0.0 0.0 3.0 0.0
149.00201027614474 0.0 0.0 0.0 1.0 0.0 0.0 3.0 0.0
150.00201027614474 0.0 0.0 0.0 1.0 0.0 0.0 3.0 0.0
151.00201027614474 0.0 0.0 0.0 1.0 0.0 0.0 3.0 0.0
152.00201027614474 0.0 0.0 0.0 1.0 0.0 0.0 3.0 0.0
153.00201027614474 0.0 0.0 0.0 1.0 0.0 0.0 3.0 0.0
154.00201027614474 0.0 0.0 0.0 1.0 0.0 0.0 3.0 0.0
155.00201027614474 0.0 0.0 0.0 1.0 0.0 0.0 3.0 0.0
156.00201027614474 0.0 0.0 0.0 1.0 0.0 0.0 3.0 0.0
157.00201027614474 0.0 0.0 0.0 1.0 0.0 0.0 3.0 0.0
158.00201027614474 0.0 0.0 0.0 1.0 0.0 0.0 3.0 0.0
159.00143761056896 0.0 0.0 0.0 1.0 0.0 0.0 3.0 0.0
160.00201027614474 0.0 0.0 0.0 1.0 0.0 0.0 3.0 0.0
161.00201027614474 0.0 0.0 0.0 1.0 0.0 0.0 3.0 0.0
162.00201027614474 0.0 0.0 0.0 1.0 0.0 0.0 3.0 0.0
163.00201027614474 0.0 0.0 0.0 1.0 0.0 0.0 3.0 0.0
164.00201027614474 0.0 0.0 0.0 1.0 0.0 0.0 3.0 0.0
165.00201027614474 0.0 0.0 0.0 1.0 0.0 0.0 3.0 0.0
166.00201027614474 0.0 0.0 0.0 1.0 0.0 0.0 3.0 0.0
167.00201027614474 0.0 0.0 0.0 1.0 0.0 0.0 3.0 0.0
168.00201027614474 0.0 0.0 0.0 1.0 0.0 0.0 3.0 0.0
169.00201027614474 0.0 0.0 0.0 1.0 0.0 0.0 3.0 0.0
170.00201027614474 0.0 0.0 0.0 1.0 0.0 0.0 3.0 0.0
171.00201027614474 0.0 0.0 0.0 1.0 0.0 0.0 3.0 0.0
172.00201027614474 0.0 0.0 0.0 1.0 0.0 0.0 3.0 0.0
173.0002832378915 0.0 0.0 0.0 1.0 0.0 0.0 3.0 0.0
174.00201027614474 0.0 0.0 0.0 1.0 0.0 0.0 3.0 0.0
175.00109210243343 0.0 0.0 0.0 1.0 0.0 0.0 3.0 0.0
176.00201027614474 0.0 0.0 0.0 1.0 0.0 0.0 3.0 0.0
177.00201027614474 0.0 0.0 0.0 1.0 0.0 0.0 3.0 0.0
178.00201027614474 0.0 0.0 0.0 1.0 0.0 0.0 3.0 0.0
179.00201027614474 0.0 0.0 0.0 1.0 0.0 0.0 3.0 0.0
180.00201027614474 0.0 0.0 0.0 1.0 0.0 0.0 3.0 0.0
181.00201027614474 0.0 0.0 0.0 1.0 0.0 0.0 3.0 0.0
182.00201027614474 0.0 0.0 0.0 1.0 0.0 0.0 3.0 0.0
183.00201027614474 0.0 0.0 0.0 1.0 0.0 0.0 3.0 0.0
184.00201027614474 0.0 0.0 0.0 1.0 0.0 0.0 3.0 0.0
185.00201027614474 0.0 0.0 0.0 1.0 0.0 0.0 3.0 0.0
186.00201027614474 0.0 0.0 0.0 1.0 0.0 0.0 3.0 0.0
187.00201027614474 0.0 0.0 0.0 1.0 0.0 0.0 3.0 0.0
188.00201027614474 0.0 0.0 0.0 1.0 0.0 0.0 3.0 0.0
189.00201027614474 0.0 0.0 0.0 1.0 0.0 0.0 3.0 0.0
190.00201027614474 0.0 0.0 0.0 1.0 0.0 0.0 3.0 0.0
191.00201027614474 0.0 0.0 0.0 1.0 0.0 0.0 3.0 0.0
192.00201027614474 0.0 0.0 0.0 1.0 0.0 0.0 3.0 0.0
193.00201027614474 0.0 0.0 0.0 1.0 0.0 0.0 3.0 0.0
194.00201027614474 0.0 0.0 0.0 1.0 0.0 0.0 3.0 0.0
195.00201027614474 0.0 0.0 0.0 1.0 0.0 0.0 3.0 0.0
196.00201027614474 0.0 0.0 0.0 1.0 0.0 0.0 3.0 0.0
197.00201027614474 0.0 0.0 0.0 1.0 0.0 0.0 3.0 0.0
198.00201027614474 0.0 0.0 0.0 1.0 0.0 0.0 3.0 0.0
199.00201027614474 0.0 0.0 0.0 1.0 0.0 0.0 3.0 0.0
200.00201027614474 0.0 0.0 0.0 1.0 0.0 0.0 3.0 0.0
201.00201027614474 0.0 0.0 0.0 1.0 0.0 0.0 3.0 0.0
202.00201027614474 0.0 0.0 0.0 1.0 0.0 0.0 3.0 0.0
203.00201027614474 0.0 0.0 0.0 1.0 0.0 0.0 3.0 0.0
204.00201027614474 0.0 0.0 0.0 1.0 0.0 0.0 3.0 0.0
205.00201027614474 0.0 0.0 0.0 1.0 0.0 0.0 3.0 0.0
206.00201027614474 0.0 0.0 0.0 1.0 0.0 0.0 3.0 0.0
207.00201027614474 0.0 0.0 0.0 1.0 0.0 0.0 3.0 0.0
208.00201027614474 0.0 0.0 0.0 1.0 0.0 0.0 3.0 0.0
209.00201027614474 0.0 0.0 0.0 1.0 0.0 0.0 3.0 0.0
210.00201027614474 0.0 0.0 0.0 1.0 0.0 0.0 3.0 0.0
211.00201027614474 0.0 0.0 0.0 1.0 0.0 0.0 3.0 0.0
212.00201027614474 0.0 0.0 0.0 1.0 0.0 0.0 3.0 0.0
213.00201027614474 0.0 0.0 0.0 1.0 0.0 0.0 3.0 0.0
214.00201027614474 0.0 0.0 0.0 1.0 0.0 0.0 3.0 0.0
215.00201027614474 0.0 0.0 0.0 1.0 0.0 0.0 3.0 0.0
216.00044389393673 0.0 0.0 0.0 1.0 0.0 0.0 3.0 0.0
217.00201027614474 0.0 0.0 0.0 1.0 0.0 0.0 3.0 0.0
218.00201027614474 0.0 0.0 0.0 1.0 0.0 0.0 3.0 0.0
219.00201027614474 0.0 0.0 0.0 1.0 0.0 0.0 3.0 0.0
220.00201027614474 0.0 0.0 0.0 1.0 0.0 0.0 3.0 0.0
221.00201027614474 0.0 0.0 0.0 1.0 0.0 0.0 3.0 0.0
222.00201027614474 0.0 0.0 0.0 1.0 0.0 0.0 3.0 0.0
223.00201027614474 0.0 0.0 0.0 1.0 0.0 0.0 3.0 0.0
224.00201027614474 0.0 0.0 0.0 1.0 0.0 0.0 3.0 0.0
225.00201027614474 0.0 0.0 0.0 1.0 0.0 0.0 3.0 0.0
226.00201027614474 0.0 0.0 0.0 1.0 0.0 0.0 3.0 0.0
227.00201027614474 0.0 0.0 0.0 1.0 0.0 0.0 3.0 0.0
228.00201027614474 0.0 0.0 0.0 1.0 0.0 0.0 3.0 0.0
229.00201027614474 0.0 0.0 0.0 1.0 0.0 0.0 3.0 0.0
230.00201027614474 0.0 0.0 0.0 1.0 0.0 0.0 3.0 0.0
231.00201027614474 0.0 0.0 0.0 1.0 0.0 0.0 3.0 0.0
232.00004851264467 0.0 0.0 0.0 1.0 0.0 0.0 3.0 0.0
233.00201027614474 0.0 0.0 0.0 1.0 0.0 0.0 3.0 0.0
234.00201027614474 0.0 0.0 0.0 1.0 0.0 0.0 3.0 0.0
235.00201027614474 0.0 0.0 0.0 1.0 0.0 0.0 3.0 0.0
236.00201027614474 0.0 0.0 0.0 1.0 0.0 0.0 3.0 0.0
237.00201027614474 0.0 0.0 0.0 1.0 0.0 0.0 3.0 0.0
238.00201027614474 0.0 0.0 0.0 1.0 0.0 0.0 3.0 0.0
239.00201027614474 0.0 0.0 0.0 1.0 0.0 0.0 3.0 0.0
240.00201027614474 0.0 0.0 0.0 1.0 0.0 0.0 3.0 0.0
241.00201027614474 0.0 0.0 0.0 1.0 0.0 0.0 3.0 0.0
242.00093979143315 0.0 0.0 0.0 1.0 0.0 0.0 3.0 0.0
243.00201027614474 0.0 0.0 0.0 1.0 0.0 0.0 3.0 0.0
244.00201027614474 0.0 0.0 0.0 1.0 0.0 0.0 3.0 0.0
245.00201027614474 0.0 0.0 0.0 1.0 0.0 0.0 3.0 0.0
246.00201027614474 0.0 0.0 0.0 1.0 0.0 0.0 3.0 0.0
247.00201027614474 0.0 0.0 0.0 1.0 0.0 0.0 3.0 0.0
248.00201027614474 0.0 0.0 0.0 1.0 0.0 0.0 3.0 0.0
249.00201027614474 0.0 0.0 0.0 1.0 0.0 0.0 3.0 0.0
250.00201027614474 0.0 0.0 0.0 1.0 0.0 0.0 3.0 0.0
251.0001586363793 0.0 0.0 0.0 1.0 0.0 0.0 3.0 0.0
252.00201027614474 0.0 0.0 0.0 1.0 0.0 0.0 3.0 0.0
253.00201027614474 0.0 0.0 0.0 1.0 0.0 0.0 3.0 0.0
254.00201027614474 0.0 0.0 0.0 1.0 0.0 0.0 3.0 0.0
255.00201027614474 0.0 0.0 0.0 1.0 0.0 0.0 3.0 0.0
256.00201027614474 0.0 0.0 0.0 1.0 0.0 0.0 3.0 0.0
257.0006884926888 0.0 0.0 0.0 1.0 0.0 0.0 3.0 0.0
258.00201027614474 0.0 0.0 0.0 1.0 0.0 0.0 3.0 0.0
259.00201027614474 0.0 0.0 0.0 1.0 0.0 0.0 3.0 0.0
260.00201027614474 0.0 0.0 0.0 1.0 0.0 0.0 3.0 0.0
261.00201027614474 0.0 0.0 0.0 1.0 0.0 0.0 3.0 0.0
262.00201027614474 0.0 0.0 0.0 1.0 0.0 0.0 3.0 0.0
263.00201027614474 0.0 0.0 0.0 1.0 0.0 0.0 3.0 0.0
264.00201027614474 0.0 0.0 0.0 1.0 0.0 0.0 3.0 0.0
265.00201027614474 0.0 0.0 0.0 1.0 0.0 0.0 3.0 0.0
266.00201027614474 0.0 0.0 0.0 1.0 0.0 0.0 3.0 0.0
267.00201027614474 0.0 0.0 0.0 1.0 0.0 0.0 3.0 0.0
268.00201027614474 0.0 0.0 0.0 1.0 0.0 0.0 3.0 0.0
269.00201027614474 0.0 0.0 0.0 1.0 0.0 0.0 3.0 0.0
270.00201027614474 0.0 0.0 0.0 1.0 0.0 0.0 3.0 0.0
271.00201027614474 0.0 0.0 0.0 1.0 0.0 0.0 3.0 0.0
272.00201027614474 0.0 0.0 0.0 1.0 0.0 0.0 3.0 0.0
273.00201027614474 0.0 0.0 0.0 1.0 0.0 0.0 3.0 0.0
274.00201027614474 0.0 0.0 0.0 1.0 0.0 0.0 3.0 0.0
275.00201027614474 0.0 0.0 0.0 1.0 0.0 0.0 3.0 0.0
276.00201027614474 0.0 0.0 0.0 1.0 0.0 0.0 3.0 0.0
277.00201027614474 0.0 0.0 0.0 1.0 0.0 0.0 3.0 0.0
278.0002248814732 0.0 0.0 0.0 1.0 0.0 0.0 3.0 0.0
279.00030281468685 0.0 0.0 0.0 1.0 0.0 0.0 3.0 0.0
280.00201027614474 0.0 0.0 0.0 1.0 0.0 0.0 3.0 0.0
281.00201027614474 0.0 0.0 0.0 1.0 0.0 0.0 3.0 0.0
282.00187633070993 0.0 0.0 0.0 1.0 0.0 0.0 3.0 0.0
283.00201027614474 0.0 0.0 0.0 1.0 0.0 0.0 3.0 0.0
284.00201027614474 0.0 0.0 0.0 1.0 0.0 0.0 3.0 0.0
285.00201027614474 0.0 0.0 0.0 1.0 0.0 0.0 3.0 0.0
286.00201027614474 0.0 0.0 0.0 1.0 0.0 0.0 3.0 0.0
287.00201027614474 0.0 0.0 0.0 1.0 0.0 0.0 3.0 0.0
288.00201027614474 0.0 0.0 0.0 1.0 0.0 0.0 3.0 0.0
289.00201027614474 0.0 0.0 0.0 1.0 0.0 0.0 3.0 0.0
290.00201027614474 0.0 0.0 0.0 1.0 0.0 0.0 3.0 0.0
291.00201027614474 0.0 0.0 0.0 1.0 0.0 0.0 3.0 0.0
292.00151956589417 0.0 0.0 0.0 1.0 0.0 0.0 3.0 0.0
293.00201027614474 0.0 0.0 0.0 1.0 0.0 0.0 3.0 0.0
294.00201027614474 0.0 0.0 0.0 1.0 0.0 0.0 3.0 0.0
295.00201027614474 0.0 0.0 0.0 1.0 0.0 0.0 3.0 0.0
296.00201027614474 0.0 0.0 0.0 1.0 0.0 0.0 3.0 0.0
297.00201027614474 0.0 0.0 0.0 1.0 0.0 0.0 3.0 0.0
298.00201027614474 0.0 0.0 0.0 1.0 0.0 0.0 3.0 0.0
299.0003116987478 0.0 0.0 0.0 1.0 0.0 0.0 3.0 0.0
300.00201027614474 0.0 0.0 0.0 1.0 0.0 0.0 3.0 0.0
301.00201027614474 0.0 0.0 0.0 1.0 0.0 0.0 3.0 0.0
302.00201027614474 0.0 0.0 0.0 1.0 0.0 0.0 3.0 0.0
303.00201027614474 0.0 0.0 0.0 1.0 0.0 0.0 3.0 0.0
304.00201027614474 0.0 0.0 0.0 1.0 0.0 0.0 3.0 0.0
305.00201027614474 0.0 0.0 0.0 1.0 0.0 0.0 3.0 0.0
306.00201027614474 0.0 0.0 0.0 1.0 0.0 0.0 3.0 0.0
307.00201027614474 0.0 0.0 0.0 1.0 0.0 0.0 3.0 0.0
308.00201027614474 0.0 0.0 0.0 1.0 0.0 0.0 3.0 0.0
309.00201027614474 0.0 0.0 0.0 1.0 0.0 0.0 3.0 0.0
310.00201027614474 0.0 0.0 0.0 1.0 0.0 0.0 3.0 0.0
311.00201027614474 0.0 0.0 0.0 1.0 0.0 0.0 3.0 0.0
312.00201027614474 0.0 0.0 0.0 1.0 0.0 0.0 3.0 0.0
313.00201027614474 0.0 0.0 0.0 1.0 0.0 0.0 3.0 0.0
314.00201027614474 0.0 0.0 0.0 1.0 0.0 0.0 3.0 0.0
315.00201027614474 0.0 0.0 0.0 1.0 0.0 0.0 3.0 0.0
316.00201027614474 0.0 0.0 0.0 1.0 0.0 0.0 3.0 0.0
317.00201027614474 0.0 0.0 0.0 1.0 0.0 0.0 3.0 0.0
318.0003921944887 0.0 0.0 0.0 1.0 0.0 0.0 3.0 0.0
319.00201027614474 0.0 0.0 0.0 1.0 0.0 0.0 3.0 0.0
320.00201027614474 0.0 0.0 0.0 1.0 0.0 0.0 3.0 0.0
321.00201027614474 0.0 0.0 0.0 1.0 0.0 0.0 3.0 0.0
322.00103823549074 0.0 0.0 0.0 1.0 0.0 0.0 3.0 0.0
323.00201027614474 0.0 0.0 0.0 1.0 0.0 0.0 3.0 0.0
324.00201027614474 0.0 0.0 0.0 1.0 0.0 0.0 3.0 0.0
325.00159956066784 0.0 0.0 0.0 1.0 0.0 0.0 3.0 0.0
326.00201027614474 0.0 0.0 0.0 1.0 0.0 0.0 3.0 0.0
327.00201027614474 0.0 0.0 0.0 1.0 0.0 0.0 3.0 0.0
328.00201027614474 0.0 0.0 0.0 1.0 0.0 0.0 3.0 0.0
329.00201027614474 0.0 0.0 0.0 1.0 0.0 0.0 3.0 0.0
330.00201027614474 0.0 0.0 0.0 1.0 0.0 0.0 3.0 0.0
331.00081363710285 0.0 0.0 0.0 1.0 0.0 0.0 3.0 0.0
332.00201027614474 0.0 0.0 0.0 1.0 0.0 0.0 3.0 0.0
333.00201027614474 0.0 0.0 0.0 1.0 0.0 0.0 3.0 0.0
334.00201027614474 0.0 0.0 0.0 1.0 0.0 0.0 3.0 0.0
335.00201027614474 0.0 0.0 0.0 1.0 0.0 0.0 3.0 0.0
336.00167432091723 0.0 0.0 0.0 1.0 0.0 0.0 3.0 0.0
337.00201027614474 0.0 0.0 0.0 1.0 0.0 0.0 3.0 0.0
338.00201027614474 0.0 0.0 0.0 1.0 0.0 0.0 3.0 0.0
339.00201027614474 0.0 0.0 0.0 1.0 0.0 0.0 3.0 0.0
340.00201027614474 0.0 0.0 0.0 1.0 0.0 0.0 3.0 0.0
341.0015961867323 0.0 0.0 0.0 1.0 0.0 0.0 3.0 0.0
342.00201027614474 0.0 0.0 0.0 1.0 0.0 0.0 3.0 0.0
343.00201027614474 0.0 0.0 0.0 1.0 0.0 0.0 3.0 0.0
344.00201027614474 0.0 0.0 0.0 1.0 0.0 0.0 3.0 0.0
345.00081678852234 0.0 0.0 0.0 1.0 0.0 0.0 3.0 0.0
346.00201027614474 0.0 0.0 0.0 1.0 0.0 0.0 3.0 0.0
347.00201027614474 0.0 0.0 0.0 1.0 0.0 0.0 3.0 0.0
348.00201027614474 0.0 0.0 0.0 1.0 0.0 0.0 3.0 0.0
349.00034857962237 0.0 0.0 0.0 1.0 0.0 0.0 3.0 0.0
350.00115435024594 0.0 0.0 0.0 1.0 0.0 0.0 3.0 0.0
351.00201027614474 0.0 0.0 0.0 1.0 0.0 0.0 3.0 0.0
352.00201027614474 0.0 0.0 0.0 1.0 0.0 0.0 3.0 0.0
353.0013342043107 0.0 0.0 0.0 1.0 0.0 0.0 3.0 0.0
354.00201027614474 0.0 0.0 0.0 1.0 0.0 0.0 3.0 0.0
355.00201027614474 0.0 0.0 0.0 1.0 0.0 0.0 3.0 0.0
356.00201027614474 0.0 0.0 0.0 1.0 0.0 0.0 3.0 0.0
357.00201027614474 0.0 0.0 0.0 1.0 0.0 0.0 3.0 0.0
358.00201027614474 0.0 0.0 0.0 1.0 0.0 0.0 3.0 0.0
359.00201027614474 0.0 0.0 0.0 1.0 0.0 0.0 3.0 0.0
360.00201027614474 0.0 0.0 0.0 1.0 0.0 0.0 3.0 0.0
361.00201027614474 0.0 0.0 0.0 1.0 0.0 0.0 3.0 0.0
362.00201027614474 0.0 0.0 0.0 1.0 0.0 0.0 3.0 0.0
363.00201027614474 0.0 0.0 0.0 1.0 0.0 0.0 3.0 0.0
364.00201027614474 0.0 0.0 0.0 1.0 0.0 0.0 3.0 0.0
365.00201027614474 0.0 0.0 0.0 1.0 0.0 0.0 3.0 0.0
366.00201027614474 0.0 0.0 0.0 1.0 0.0 0.0 3.0 0.0
367.00201027614474 0.0 0.0 0.0 1.0 0.0 0.0 3.0 0.0
368.00201027614474 0.0 0.0 0.0 1.0 0.0 0.0 3.0 0.0
369.00201027614474 0.0 0.0 0.0 1.0 0.0 0.0 3.0 0.0
370.00201027614474 0.0 0.0 0.0 1.0 0.0 0.0 3.0 0.0
371.00201027614474 0.0 0.0 0.0 1.0 0.0 0.0 3.0 0.0
372.00201027614474 0.0 0.0 0.0 1.0 0.0 0.0 3.0 0.0
373.00201027614474 0.0 0.0 0.0 1.0 0.0 0.0 3.0 0.0
374.00201027614474 0.0 0.0 0.0 1.0 0.0 0.0 3.0 0.0
375.00201027614474 0.0 0.0 0.0 1.0 0.0 0.0 3.0 0.0
376.00201027614474 0.0 0.0 0.0 1.0 0.0 0.0 3.0 0.0
377.00201027614474 0.0 0.0 0.0 1.0 0.0 0.0 3.0 0.0
378.00201027614474 0.0 0.0 0.0 1.0 0.0 0.0 3.0 0.0
379.00201027614474 0.0 0.0 0.0 1.0 0.0 0.0 3.0 0.0
380.00201027614474 0.0 0.0 0.0 1.0 0.0 0.0 3.0 0.0
381.00201027614474 0.0 0.0 0.0 1.0 0.0 0.0 3.0 0.0
382.00201027614474 0.0 0.0 0.0 1.0 0.0 0.0 3.0 0.0
383.00201027614474 0.0 0.0 0.0 1.0 0.0 0.0 3.0 0.0
384.00201027614474 0.0 0.0 0.0 1.0 0.0 0.0 3.0 0.0
385.00201027614474 0.0 0.0 0.0 1.0 0.0 0.0 3.0 0.0
386.00201027614474 0.0 0.0 0.0 1.0 0.0 0.0 3.0 0.0
387.00201027614474 0.0 0.0 0.0 1.0 0.0 0.0 3.0 0.0
388.00201027614474 0.0 0.0 0.0 1.0 0.0 0.0 3.0 0.0
389.00201027614474 0.0 0.0 0.0 1.0 0.0 0.0 3.0 0.0
390.00026679219053 0.0 0.0 0.0 1.0 0.0 0.0 3.0 0.0
391.00201027614474 0.0 0.0 0.0 1.0 0.0 0.0 3.0 0.0
392.00201027614474 0.0 0.0 0.0 1.0 0.0 0.0 3.0 0.0
393.00201027614474 0.0 0.0 0.0 1.0 0.0 0.0 3.0 0.0
394.00201027614474 0.0 0.0 0.0 1.0 0.0 0.0 3.0 0.0
395.00201027614474 0.0 0.0 0.0 1.0 0.0 0.0 3.0 0.0
396.00201027614474 0.0 0.0 0.0 1.0 0.0 0.0 3.0 0.0
397.00201027614474 0.0 0.0 0.0 1.0 0.0 0.0 3.0 0.0
398.0005135348317 0.0 0.0 0.0 1.0 0.0 0.0 3.0 0.0
399.00164484927143 0.0 0.0 0.0 1.0 0.0 0.0 3.0 0.0
400.00201027614474 0.0 0.0 0.0 1.0 0.0 0.0 3.0 0.0
401.00201027614474 0.0 0.0 0.0 1.0 0.0 0.0 3.0 0.0
402.00028181426586 0.0 0.0 0.0 1.0 0.0 0.0 3.0 0.0
403.00201027614474 0.0 0.0 0.0 1.0 0.0 0.0 3.0 0.0
404.00134755146325 0.0 0.0 0.0 1.0 0.0 0.0 3.0 0.0
405.0004881182965 0.0 0.0 0.0 1.0 0.0 0.0 3.0 0.0
406.00201027614474 0.0 0.0 0.0 1.0 0.0 0.0 3.0 0.0
407.00201027614474 0.0 0.0 0.0 1.0 0.0 0.0 3.0 0.0
408.00201027614474 0.0 0.0 0.0 1.0 0.0 0.0 3.0 0.0
409.00201027614474 0.0 0.0 0.0 1.0 0.0 0.0 3.0 0.0
410.00201027614474 0.0 0.0 0.0 1.0 0.0 0.0 3.0 0.0
411.00201027614474 0.0 0.0 0.0 1.0 0.0 0.0 3.0 0.0
412.00201027614474 0.0 0.0 0.0 1.0 0.0 0.0 3.0 0.0
413.00201027614474 0.0 0.0 0.0 1.0 0.0 0.0 3.0 0.0
414.00045918358495 0.0 0.0 0.0 1.0 0.0 0.0 3.0 0.0
415.00201027614474 0.0 0.0 0.0 1.0 0.0 0.0 3.0 0.0
416.00201027614474 0.0 0.0 0.0 1.0 0.0 0.0 3.0 0.0
417.00201027614474 0.0 0.0 0.0 1.0 0.0 0.0 3.0 0.0
418.00201027614474 0.0 0.0 0.0 1.0 0.0 0.0 3.0 0.0
419.00201027614474 0.0 0.0 0.0 1.0 0.0 0.0 3.0 0.0
420.00201027614474 0.0 0.0 0.0 1.0 0.0 0.0 3.0 0.0
421.00201027614474 0.0 0.0 0.0 1.0 0.0 0.0 3.0 0.0
422.00201027614474 0.0 0.0 0.0 1.0 0.0 0.0 3.0 0.0
423.00201027614474 0.0 0.0 0.0 1.0 0.0 0.0 3.0 0.0
424.0003354255748 0.0 0.0 0.0 1.0 0.0 0.0 3.0 0.0
425.00201027614474 0.0 0.0 0.0 1.0 0.0 0.0 3.0 0.0
426.00201027614474 0.0 0.0 0.0 1.0 0.0 0.0 3.0 0.0
427.00201027614474 0.0 0.0 0.0 1.0 0.0 0.0 3.0 0.0
428.00201027614474 0.0 0.0 0.0 1.0 0.0 0.0 3.0 0.0
429.00201027614474 0.0 0.0 0.0 1.0 0.0 0.0 3.0 0.0
430.00201027614474 0.0 0.0 0.0 1.0 0.0 0.0 3.0 0.0
431.00201027614474 0.0 0.0 0.0 1.0 0.0 0.0 3.0 0.0
432.00201027614474 0.0 0.0 0.0 1.0 0.0 0.0 3.0 0.0
433.00201027614474 0.0 0.0 0.0 1.0 0.0 0.0 3.0 0.0
434.00201027614474 0.0 0.0 0.0 1.0 0.0 0.0 3.0 0.0
435.00201027614474 0.0 0.0 0.0 1.0 0.0 0.0 3.0 0.0
436.00201027614474 0.0 0.0 0.0 1.0 0.0 0.0 3.0 0.0
437.00201027614474 0.0 0.0 0.0 1.0 0.0 0.0 3.0 0.0
438.00201027614474 0.0 0.0 0.0 1.0 0.0 0.0 3.0 0.0
439.00201027614474 0.0 0.0 0.0 1.0 0.0 0.0 3.0 0.0
440.00201027614474 0.0 0.0 0.0 1.0 0.0 0.0 3.0 0.0
441.00201027614474 0.0 0.0 0.0 1.0 0.0 0.0 3.0 0.0
442.00134391742495 0.0 0.0 0.0 1.0 0.0 0.0 3.0 0.0
443.0003052294897 0.0 0.0 0.0 1.0 0.0 0.0 3.0 0.0
444.00201027614474 0.0 0.0 0.0 1.0 0.0 0.0 3.0 0.0
445.00201027614474 0.0 0.0 0.0 1.0 0.0 0.0 3.0 0.0
446.00201027614474 0.0 0.0 0.0 1.0 0.0 0.0 3.0 0.0
447.00201027614474 0.0 0.0 0.0 1.0 0.0 0.0 3.0 0.0
448.00201027614474 0.0 0.0 0.0 1.0 0.0 0.0 3.0 0.0
449.00201027614474 0.0 0.0 0.0 1.0 0.0 0.0 3.0 0.0
450.00201027614474 0.0 0.0 0.0 1.0 0.0 0.0 3.0 0.0
451.00201027614474 0.0 0.0 0.0 1.0 0.0 0.0 3.0 0.0
452.00080144155993 0.0 0.0 0.0 1.0 0.0 0.0 3.0 0.0
453.00201027614474 0.0 0.0 0.0 1.0 0.0 0.0 3.0 0.0
454.00201027614474 0.0 0.0 0.0 1.0 0.0 0.0 3.0 0.0
455.00201027614474 0.0 0.0 0.0 1.0 0.0 0.0 3.0 0.0
456.00201027614474 0.0 0.0 0.0 1.0 0.0 0.0 3.0 0.0
457.00201027614474 0.0 0.0 0.0 1.0 0.0 0.0 3.0 0.0
458.00201027614474 0.0 0.0 0.0 1.0 0.0 0.0 3.0 0.0
459.0015801584647 0.0 0.0 0.0 1.0 0.0 0.0 3.0 0.0
460.000459876096 0.0 0.0 0.0 1.0 0.0 0.0 3.0 0.0
461.00201027614474 0.0 0.0 0.0 1.0 0.0 0.0 3.0 0.0
462.00201027614474 0.0 0.0 0.0 1.0 0.0 0.0 3.0 0.0
463.00201027614474 0.0 0.0 0.0 1.0 0.0 0.0 3.0 0.0
464.00201027614474 0.0 0.0 0.0 1.0 0.0 0.0 3.0 0.0
465.00201027614474 0.0 0.0 0.0 1.0 0.0 0.0 3.0 0.0
466.00201027614474 0.0 0.0 0.0 1.0 0.0 0.0 3.0 0.0
467.00201027614474 0.0 0.0 0.0 1.0 0.0 0.0 3.0 0.0
468.00201027614474 0.0 0.0 0.0 1.0 0.0 0.0 3.0 0.0
469.00201027614474 0.0 0.0 0.0 1.0 0.0 0.0 3.0 0.0
470.00144998221316 0.0 0.0 0.0 1.0 0.0 0.0 3.0 0.0
471.00201027614474 0.0 0.0 0.0 1.0 0.0 0.0 3.0 0.0
472.00201027614474 0.0 0.0 0.0 1.0 0.0 0.0 3.0 0.0
473.00201027614474 0.0 0.0 0.0 1.0 0.0 0.0 3.0 0.0
474.00201027614474 0.0 0.0 0.0 1.0 0.0 0.0 3.0 0.0
475.00201027614474 0.0 0.0 0.0 1.0 0.0 0.0 3.0 0.0
476.00201027614474 0.0 0.0 0.0 1.0 0.0 0.0 3.0 0.0
477.00201027614474 0.0 0.0 0.0 1.0 0.0 0.0 3.0 0.0
478.00201027614474 0.0 0.0 0.0 1.0 0.0 0.0 3.0 0.0
479.00201027614474 0.0 0.0 0.0 1.0 0.0 0.0 3.0 0.0
480.00201027614474 0.0 0.0 0.0 1.0 0.0 0.0 3.0 0.0
481.00201027614474 0.0 0.0 0.0 1.0 0.0 0.0 3.0 0.0
482.00201027614474 0.0 0.0 0.0 1.0 0.0 0.0 3.0 0.0
483.00201027614474 0.0 0.0 0.0 1.0 0.0 0.0 3.0 0.0
484.00201027614474 0.0 0.0 0.0 1.0 0.0 0.0 3.0 0.0
485.00201027614474 0.0 0.0 0.0 1.0 0.0 0.0 3.0 0.0
486.00201027614474 0.0 0.0 0.0 1.0 0.0 0.0 3.0 0.0
487.0013380748424 0.0 0.0 0.0 1.0 0.0 0.0 3.0 0.0
488.00201027614474 0.0 0.0 0.0 1.0 0.0 0.0 3.0 0.0
489.00201027614474 0.0 0.0 0.0 1.0 0.0 0.0 3.0 0.0
490.00201027614474 0.0 0.0 0.0 1.0 0.0 0.0 3.0 0.0
491.00201027614474 0.0 0.0 0.0 1.0 0.0 0.0 3.0 0.0
492.0010831203934 0.0 0.0 0.0 1.0 0.0 0.0 3.0 0.0
493.00201027614474 0.0 0.0 0.0 1.0 0.0 0.0 3.0 0.0
494.00201027614474 0.0 0.0 0.0 1.0 0.0 0.0 3.0 0.0
495.00201027614474 0.0 0.0 0.0 1.0 0.0 0.0 3.0 0.0
496.00201027614474 0.0 0.0 0.0 1.0 0.0 0.0 3.0 0.0
497.00201027614474 0.0 0.0 0.0 1.0 0.0 0.0 3.0 0.0
498.00201027614474 0.0 0.0 0.0 1.0 0.0 0.0 3.0 0.0
499.00184679421847 0.0 0.0 0.0 1.0 0.0 0.0 3.0 0.0
500.00201027614474 0.0 0.0 0.0 1.0 0.0 0.0 3.0 0.0
501.00201027614474 0.0 0.0 0.0 1.0 0.0 0.0 3.0 0.0
502.00201027614474 0.0 0.0 0.0 1.0 0.0 0.0 3.0 0.0
503.00201027614474 0.0 0.0 0.0 1.0 0.0 0.0 3.0 0.0
504.00137373058834 0.0 0.0 0.0 1.0 0.0 0.0 3.0 0.0
505.00201027614474 0.0 0.0 0.0 1.0 0.0 0.0 3.0 0.0
506.00201027614474 0.0 0.0 0.0 1.0 0.0 0.0 3.0 0.0
507.00201027614474 0.0 0.0 0.0 1.0 0.0 0.0 3.0 0.0
508.00201027614474 0.0 0.0 0.0 1.0 0.0 0.0 3.0 0.0
509.00201027614474 0.0 0.0 0.0 1.0 0.0 0.0 3.0 0.0
510.00201027614474 0.0 0.0 0.0 1.0 0.0 0.0 3.0 0.0
511.00201027614474 0.0 0.0 0.0 1.0 0.0 0.0 3.0 0.0
512.0020102761448 0.0 0.0 0.0 1.0 0.0 0.0 3.0 0.0
513.0020102761448 0.0 0.0 0.0 1.0 0.0 0.0 3.0 0.0
514.0020102761448 0.0 0.0 0.0 1.0 0.0 0.0 3.0 0.0
515.0020102761448 0.0 0.0 0.0 1.0 0.0 0.0 3.0 0.0
516.0020102761448 0.0 0.0 0.0 1.0 0.0 0.0 3.0 0.0
517.0020102761448 0.0 0.0 0.0 1.0 0.0 0.0 3.0 0.0
518.00066109401 0.0 0.0 0.0 1.0 0.0 0.0 3.0 0.0
519.0020102761448 0.0 0.0 0.0 1.0 0.0 0.0 3.0 0.0
520.0020102761448 0.0 0.0 0.0 1.0 0.0 0.0 3.0 0.0
521.0020102761448 0.0 0.0 0.0 1.0 0.0 0.0 3.0 0.0
522.0020102761448 0.0 0.0 0.0 1.0 0.0 0.0 3.0 0.0
523.0020102761448 0.0 0.0 0.0 1.0 0.0 0.0 3.0 0.0
524.0020102761448 0.0 0.0 0.0 1.0 0.0 0.0 3.0 0.0
525.0009295972396 0.0 0.0 0.0 1.0 0.0 0.0 3.0 0.0
526.0020102761448 0.0 0.0 0.0 1.0 0.0 0.0 3.0 0.0
527.0020102761448 0.0 0.0 0.0 1.0 0.0 0.0 3.0 0.0
528.0020102761448 0.0 0.0 0.0 1.0 0.0 0.0 3.0 0.0
529.0020102761448 0.0 0.0 0.0 1.0 0.0 0.0 3.0 0.0
530.0020102761448 0.0 0.0 0.0 1.0 0.0 0.0 3.0 0.0
531.0020102761448 0.0 0.0 0.0 1.0 0.0 0.0 3.0 0.0
532.0020102761448 0.0 0.0 0.0 1.0 0.0 0.0 3.0 0.0
533.0020102761448 0.0 0.0 0.0 1.0 0.0 0.0 3.0 0.0
534.0020102761448 0.0 0.0 0.0 1.0 0.0 0.0 3.0 0.0
535.0020102761448 0.0 0.0 0.0 1.0 0.0 0.0 3.0 0.0
536.0020102761448 0.0 0.0 0.0 1.0 0.0 0.0 3.0 0.0
537.0020102761448 0.0 0.0 0.0 1.0 0.0 0.0 3.0 0.0
538.0020102761448 0.0 0.0 0.0 1.0 0.0 0.0 3.0 0.0
539.0020102761448 0.0 0.0 0.0 1.0 0.0 0.0 3.0 0.0
540.0020102761448 0.0 0.0 0.0 1.0 0.0 0.0 3.0 0.0
541.0020102761448 0.0 0.0 0.0 1.0 0.0 0.0 3.0 0.0
542.0020102761448 0.0 0.0 0.0 1.0 0.0 0.0 3.0 0.0
543.0020102761448 0.0 0.0 0.0 1.0 0.0 0.0 3.0 0.0
544.0020102761448 0.0 0.0 0.0 1.0 0.0 0.0 3.0 0.0
545.0020102761448 0.0 0.0 0.0 1.0 0.0 0.0 3.0 0.0
546.0020102761448 0.0 0.0 0.0 1.0 0.0 0.0 3.0 0.0
547.0020102761448 0.0 0.0 0.0 1.0 0.0 0.0 3.0 0.0
548.0020102761448 0.0 0.0 0.0 1.0 0.0 0.0 3.0 0.0
549.0020102761448 0.0 0.0 0.0 1.0 0.0 0.0 3.0 0.0
550.000855386192 0.0 0.0 0.0 1.0 0.0 0.0 3.0 0.0
551.0020102761448 0.0 0.0 0.0 1.0 0.0 0.0 3.0 0.0
552.0020102761448 0.0 0.0 0.0 1.0 0.0 0.0 3.0 0.0
553.0020102761448 0.0 0.0 0.0 1.0 0.0 0.0 3.0 0.0
554.0020102761448 0.0 0.0 0.0 1.0 0.0 0.0 3.0 0.0
555.0020102761448 0.0 0.0 0.0 1.0 0.0 0.0 3.0 0.0
556.0020102761448 0.0 0.0 0.0 1.0 0.0 0.0 3.0 0.0
557.0020102761448 0.0 0.0 0.0 1.0 0.0 0.0 3.0 0.0
558.0000617257535 0.0 0.0 0.0 1.0 0.0 0.0 3.0 0.0
559.0020102761448 0.0 0.0 0.0 1.0 0.0 0.0 3.0 0.0
560.0020102761448 0.0 0.0 0.0 1.0 0.0 0.0 3.0 0.0
561.0020102761448 0.0 0.0 0.0 1.0 0.0 0.0 3.0 0.0
562.0020102761448 0.0 0.0 0.0 1.0 0.0 0.0 3.0 0.0
563.0020102761448 0.0 0.0 0.0 1.0 0.0 0.0 3.0 0.0
564.0020102761448 0.0 0.0 0.0 1.0 0.0 0.0 3.0 0.0
565.0020102761448 0.0 0.0 0.0 1.0 0.0 0.0 3.0 0.0
566.0020102761448 0.0 0.0 0.0 1.0 0.0 0.0 3.0 0.0
567.0020102761448 0.0 0.0 0.0 1.0 0.0 0.0 3.0 0.0
568.0020102761448 0.0 0.0 0.0 1.0 0.0 0.0 3.0 0.0
569.0020102761448 0.0 0.0 0.0 1.0 0.0 0.0 3.0 0.0
570.0020102761448 0.0 0.0 0.0 1.0 0.0 0.0 3.0 0.0
571.0020102761448 0.0 0.0 0.0 1.0 0.0 0.0 3.0 0.0
572.0020102761448 0.0 0.0 0.0 1.0 0.0 0.0 3.0 0.0
573.0020102761448 0.0 0.0 0.0 1.0 0.0 0.0 3.0 0.0
574.0015379911347 0.0 0.0 0.0 1.0 0.0 0.0 3.0 0.0
575.0020102761448 0.0 0.0 0.0 1.0 0.0 0.0 3.0 0.0
576.0020102761448 0.0 0.0 0.0 1.0 0.0 0.0 3.0 0.0
577.0020102761448 0.0 0.0 0.0 1.0 0.0 0.0 3.0 0.0
578.0020102761448 0.0 0.0 0.0 1.0 0.0 0.0 3.0 0.0
579.0017672920999 0.0 0.0 0.0 1.0 0.0 0.0 3.0 0.0
580.0020102761448 0.0 0.0 0.0 1.0 0.0 0.0 3.0 0.0
581.0020102761448 0.0 0.0 0.0 1.0 0.0 0.0 3.0 0.0
582.0020102761448 0.0 0.0 0.0 1.0 0.0 0.0 3.0 0.0
583.0020102761448 0.0 0.0 0.0 1.0 0.0 0.0 3.0 0.0
584.0020102761448 0.0 0.0 0.0 1.0 0.0 0.0 3.0 0.0
585.0020102761448 0.0 0.0 0.0 1.0 0.0 0.0 3.0 0.0
586.0020102761448 0.0 0.0 0.0 1.0 0.0 0.0 3.0 0.0
587.0020102761448 0.0 0.0 0.0 1.0 0.0 0.0 3.0 0.0
588.0020102761448 0.0 0.0 0.0 1.0 0.0 0.0 3.0 0.0
589.0020102761448 0.0 0.0 0.0 1.0 0.0 0.0 3.0 0.0
590.0020102761448 0.0 0.0 0.0 1.0 0.0 0.0 3.0 0.0
591.0020102761448 0.0 0.0 0.0 1.0 0.0 0.0 3.0 0.0
592.0020102761448 0.0 0.0 0.0 1.0 0.0 0.0 3.0 0.0
593.0020102761448 0.0 0.0 0.0 1.0 0.0 0.0 3.0 0.0
594.0020102761448 0.0 0.0 0.0 1.0 0.0 0.0 3.0 0.0
595.0020102761448 0.0 0.0 0.0 1.0 0.0 0.0 3.0 0.0
596.0020102761448 0.0 0.0 0.0 1.0 0.0 0.0 3.0 0.0
597.001946973856 0.0 0.0 0.0 1.0 0.0 0.0 3.0 0.0
598.0020102761448 0.0 0.0 0.0 1.0 0.0 0.0 3.0 0.0
599.0020102761448 0.0 0.0 0.0 1.0 0.0 0.0 3.0 0.0
600.0020102761448 0.0 0.0 0.0 1.0 0.0 0.0 3.0 0.0
601.0020102761448 0.0 0.0 0.0 1.0 0.0 0.0 3.0 0.0
602.0006553914561 0.0 0.0 0.0 1.0 0.0 0.0 3.0 0.0
603.0020102761448 0.0 0.0 0.0 1.0 0.0 0.0 3.0 0.0
604.0020102761448 0.0 0.0 0.0 1.0 0.0 0.0 3.0 0.0
605.0019377669765 0.0 0.0 0.0 1.0 0.0 0.0 3.0 0.0
606.0020102761448 0.0 0.0 0.0 1.0 0.0 0.0 3.0 0.0
607.0020102761448 0.0 0.0 0.0 1.0 0.0 0.0 3.0 0.0
608.0020102761448 0.0 0.0 0.0 1.0 0.0 0.0 3.0 0.0
609.0020102761448 0.0 0.0 0.0 1.0 0.0 0.0 3.0 0.0
610.0020102761448 0.0 0.0 0.0 1.0 0.0 0.0 3.0 0.0
611.0020102761448 0.0 0.0 0.0 1.0 0.0 0.0 3.0 0.0
612.0020102761448 0.0 0.0 0.0 1.0 0.0 0.0 3.0 0.0
613.0020102761448 0.0 0.0 0.0 1.0 0.0 0.0 3.0 0.0
614.0020102761448 0.0 0.0 0.0 1.0 0.0 0.0 3.0 0.0
615.0020102761448 0.0 0.0 0.0 1.0 0.0 0.0 3.0 0.0
616.0006916296493 0.0 0.0 0.0 1.0 0.0 0.0 3.0 0.0
617.0020102761448 0.0 0.0 0.0 1.0 0.0 0.0 3.0 0.0
618.0000308253301 0.0 0.0 0.0 1.0 0.0 0.0 3.0 0.0
619.0020102761448 0.0 0.0 0.0 1.0 0.0 0.0 3.0 0.0
620.0020102761448 0.0 0.0 0.0 1.0 0.0 0.0 3.0 0.0
621.0010077575546 0.0 0.0 0.0 1.0 0.0 0.0 3.0 0.0
622.00096082353 0.0 0.0 0.0 1.0 0.0 0.0 3.0 0.0
623.0020102761448 0.0 0.0 0.0 1.0 0.0 0.0 3.0 0.0
624.0020102761448 0.0 0.0 0.0 1.0 0.0 0.0 3.0 0.0
625.0020102761448 0.0 0.0 0.0 1.0 0.0 0.0 3.0 0.0
626.0000320501618 0.0 0.0 0.0 1.0 0.0 0.0 3.0 0.0
627.0020102761448 0.0 0.0 0.0 1.0 0.0 0.0 3.0 0.0
628.0014692642022 0.0 0.0 0.0 1.0 0.0 0.0 3.0 0.0
629.0020102761448 0.0 0.0 0.0 1.0 0.0 0.0 3.0 0.0
630.0020102761448 0.0 0.0 0.0 1.0 0.0 0.0 3.0 0.0
631.0019643751896 0.0 0.0 0.0 1.0 0.0 0.0 3.0 0.0
632.0010115450726 0.0 0.0 0.0 1.0 0.0 0.0 3.0 0.0
633.0020102761448 0.0 0.0 0.0 1.0 0.0 0.0 3.0 0.0
634.0020102761448 0.0 0.0 0.0 1.0 0.0 0.0 3.0 0.0
635.0020102761448 0.0 0.0 0.0 1.0 0.0 0.0 3.0 0.0
636.0020102761448 0.0 0.0 0.0 1.0 0.0 0.0 3.0 0.0
637.0020102761448 0.0 0.0 0.0 1.0 0.0 0.0 3.0 0.0
638.0020102761448 0.0 0.0 0.0 1.0 0.0 0.0 3.0 0.0
639.0020102761448 0.0 0.0 0.0 1.0 0.0 0.0 3.0 0.0
640.0001469004847 0.0 0.0 0.0 1.0 0.0 0.0 3.0 0.0
641.0020102761448 0.0 0.0 0.0 1.0 0.0 0.0 3.0 0.0
642.0020102761448 0.0 0.0 0.0 1.0 0.0 0.0 3.0 0.0
643.0020102761448 0.0 0.0 0.0 1.0 0.0 0.0 3.0 0.0
644.0020102761448 0.0 0.0 0.0 1.0 0.0 0.0 3.0 0.0
645.0020102761448 0.0 0.0 0.0 1.0 0.0 0.0 3.0 0.0
646.0020102761448 0.0 0.0 0.0 1.0 0.0 0.0 3.0 0.0
647.0020102761448 0.0 0.0 0.0 1.0 0.0 0.0 3.0 0.0
648.0020102761448 0.0 0.0 0.0 1.0 0.0 0.0 3.0 0.0
649.0020102761448 0.0 0.0 0.0 1.0 0.0 0.0 3.0 0.0
650.0020102761448 0.0 0.0 0.0 1.0 0.0 0.0 3.0 0.0
651.0020102761448 0.0 0.0 0.0 1.0 0.0 0.0 3.0 0.0
652.0020102761448 0.0 0.0 0.0 1.0 0.0 0.0 3.0 0.0
653.0020102761448 0.0 0.0 0.0 1.0 0.0 0.0 3.0 0.0
654.0020102761448 0.0 0.0 0.0 1.0 0.0 0.0 3.0 0.0
655.0020102761448 0.0 0.0 0.0 1.0 0.0 0.0 3.0 0.0
656.0020102761448 0.0 0.0 0.0 1.0 0.0 0.0 3.0 0.0
657.0020102761448 0.0 0.0 0.0 1.0 0.0 0.0 3.0 0.0
658.0020102761448 0.0 0.0 0.0 1.0 0.0 0.0 3.0 0.0
659.0020102761448 0.0 0.0 0.0 1.0 0.0 0.0 3.0 0.0
660.0020102761448 0.0 0.0 0.0 1.0 0.0 0.0 3.0 0.0
661.0020102761448 0.0 0.0 0.0 1.0 0.0 0.0 3.0 0.0
662.0020102761448 0.0 0.0 0.0 1.0 0.0 0.0 3.0 0.0
663.0020102761448 0.0 0.0 0.0 1.0 0.0 0.0 3.0 0.0
664.0020102761448 0.0 0.0 0.0 1.0 0.0 0.0 3.0 0.0
665.0020102761448 0.0 0.0 0.0 1.0 0.0 0.0 3.0 0.0
666.0020102761448 0.0 0.0 0.0 1.0 0.0 0.0 3.0 0.0
667.0020102761448 0.0 0.0 0.0 1.0 0.0 0.0 3.0 0.0
668.0020102761448 0.0 0.0 0.0 1.0 0.0 0.0 3.0 0.0
669.0020102761448 0.0 0.0 0.0 1.0 0.0 0.0 3.0 0.0
670.0020102761448 0.0 0.0 0.0 1.0 0.0 0.0 3.0 0.0
671.0020102761448 0.0 0.0 0.0 1.0 0.0 0.0 3.0 0.0
672.001829072312 0.0 0.0 0.0 1.0 0.0 0.0 3.0 0.0
673.0020102761448 0.0 0.0 0.0 1.0 0.0 0.0 3.0 0.0
674.0020102761448 0.0 0.0 0.0 1.0 0.0 0.0 3.0 0.0
675.0020102761448 0.0 0.0 0.0 1.0 0.0 0.0 3.0 0.0
676.0020102761448 0.0 0.0 0.0 1.0 0.0 0.0 3.0 0.0
677.0020102761448 0.0 0.0 0.0 1.0 0.0 0.0 3.0 0.0
678.0020102761448 0.0 0.0 0.0 1.0 0.0 0.0 3.0 0.0
679.0007007670865 0.0 0.0 0.0 1.0 0.0 0.0 3.0 0.0
680.0020102761448 0.0 0.0 0.0 1.0 0.0 0.0 3.0 0.0
681.0020102761448 0.0 0.0 0.0 1.0 0.0 0.0 3.0 0.0
682.0005604420611 0.0 0.0 0.0 1.0 0.0 0.0 3.0 0.0
683.0020102761448 0.0 0.0 0.0 1.0 0.0 0.0 3.0 0.0
684.0020102761448 0.0 0.0 0.0 1.0 0.0 0.0 3.0 0.0
685.0020102761448 0.0 0.0 0.0 1.0 0.0 0.0 3.0 0.0
686.0020102761448 0.0 0.0 0.0 1.0 0.0 0.0 3.0 0.0
687.0020102761448 0.0 0.0 0.0 1.0 0.0 0.0 3.0 0.0
688.0020102761448 0.0 0.0 0.0 1.0 0.0 0.0 3.0 0.0
689.0000525566244 0.0 0.0 0.0 1.0 0.0 0.0 3.0 0.0
690.0002873674964 0.0 0.0 0.0 1.0 0.0 0.0 3.0 0.0
691.0020102761448 0.0 0.0 0.0 1.0 0.0 0.0 3.0 0.0
692.0020102761448 0.0 0.0 0.0 1.0 0.0 0.0 3.0 0.0
693.0020102761448 0.0 0.0 0.0 1.0 0.0 0.0 3.0 0.0
694.0020102761448 0.0 0.0 0.0 1.0 0.0 0.0 3.0 0.0
695.0020102761448 0.0 0.0 0.0 1.0 0.0 0.0 3.0 0.0
696.0020102761448 0.0 0.0 0.0 1.0 0.0 0.0 3.0 0.0
697.0020102761448 0.0 0.0 0.0 1.0 0.0 0.0 3.0 0.0
698.0020102761448 0.0 0.0 0.0 1.0 0.0 0.0 3.0 0.0
699.0020102761448 0.0 0.0 0.0 1.0 0.0 0.0 3.0 0.0
700.0020102761448 0.0 0.0 0.0 1.0 0.0 0.0 3.0 0.0
701.0020102761448 0.0 0.0 0.0 1.0 0.0 0.0 3.0 0.0
702.0020102761448 0.0 0.0 0.0 1.0 0.0 0.0 3.0 0.0
703.0020102761448 0.0 0.0 0.0 1.0 0.0 0.0 3.0 0.0
704.0020102761448 0.0 0.0 0.0 1.0 0.0 0.0 3.0 0.0
705.0020102761448 0.0 0.0 0.0 1.0 0.0 0.0 3.0 0.0
706.0002853492921 0.0 0.0 0.0 1.0 0.0 0.0 3.0 0.0
707.0020102761448 0.0 0.0 0.0 1.0 0.0 0.0 3.0 0.0
708.0020102761448 0.0 0.0 0.0 1.0 0.0 0.0 3.0 0.0
709.0020102761448 0.0 0.0 0.0 1.0 0.0 0.0 3.0 0.0
710.0020102761448 0.0 0.0 0.0 1.0 0.0 0.0 3.0 0.0
711.0020102761448 0.0 0.0 0.0 1.0 0.0 0.0 3.0 0.0
712.0020102761448 0.0 0.0 0.0 1.0 0.0 0.0 3.0 0.0
713.0020102761448 0.0 0.0 0.0 1.0 0.0 0.0 3.0 0.0
714.0020102761448 0.0 0.0 0.0 1.0 0.0 0.0 3.0 0.0
715.0020102761448 0.0 0.0 0.0 1.0 0.0 0.0 3.0 0.0
716.0020102761448 0.0 0.0 0.0 1.0 0.0 0.0 3.0 0.0
717.0020102761448 0.0 0.0 0.0 1.0 0.0 0.0 3.0 0.0
718.0020102761448 0.0 0.0 0.0 1.0 0.0 0.0 3.0 0.0
719.0020102761448 0.0 0.0 0.0 1.0 0.0 0.0 3.0 0.0
720.0020102761448 0.0 0.0 0.0 1.0 0.0 0.0 3.0 0.0
721.0020102761448 0.0 0.0 0.0 1.0 0.0 0.0 3.0 0.0
722.0020102761448 0.0 0.0 0.0 1.0 0.0 0.0 3.0 0.0
723.0020102761448 0.0 0.0 0.0 1.0 0.0 0.0 3.0 0.0
724.0020102761448 0.0 0.0 0.0 1.0 0.0 0.0 3.0 0.0
725.0007422315498 0.0 0.0 0.0 1.0 0.0 0.0 3.0 0.0
726.0020102761448 0.0 0.0 0.0 1.0 0.0 0.0 3.0 0.0
727.0020102761448 0.0 0.0 0.0 1.0 0.0 0.0 3.0 0.0
728.0020102761448 0.0 0.0 0.0 1.0 0.0 0.0 3.0 0.0
729.0006574899179 0.0 0.0 0.0 1.0 0.0 0.0 3.0 0.0
730.0020102761448 0.0 0.0 0.0 1.0 0.0 0.0 3.0 0.0
731.0020102761448 0.0 0.0 0.0 1.0 0.0 0.0 3.0 0.0
732.0020102761448 0.0 0.0 0.0 1.0 0.0 0.0 3.0 0.0
733.0020102761448 0.0 0.0 0.0 1.0 0.0 0.0 3.0 0.0
734.0020102761448 0.0 0.0 0.0 1.0 0.0 0.0 3.0 0.0
735.0020102761448 0.0 0.0 0.0 1.0 0.0 0.0 3.0 0.0
736.0020102761448 0.0 0.0 0.0 1.0 0.0 0.0 3.0 0.0
737.0020102761448 0.0 0.0 0.0 1.0 0.0 0.0 3.0 0.0
738.001887681455 0.0 0.0 0.0 1.0 0.0 0.0 3.0 0.0
739.0020102761448 0.0 0.0 0.0 1.0 0.0 0.0 3.0 0.0
740.0020102761448 0.0 0.0 0.0 1.0 0.0 0.0 3.0 0.0
741.0020102761448 0.0 0.0 0.0 1.0 0.0 0.0 3.0 0.0
742.0020102761448 0.0 0.0 0.0 1.0 0.0 0.0 3.0 0.0
743.0020102761448 0.0 0.0 0.0 1.0 0.0 0.0 3.0 0.0
744.0020102761448 0.0 0.0 0.0 1.0 0.0 0.0 3.0 0.0
745.0020102761448 0.0 0.0 0.0 1.0 0.0 0.0 3.0 0.0
746.0020102761448 0.0 0.0 0.0 1.0 0.0 0.0 3.0 0.0
747.0020102761448 0.0 0.0 0.0 1.0 0.0 0.0 3.0 0.0
748.0020102761448 0.0 0.0 0.0 1.0 0.0 0.0 3.0 0.0
749.0020102761448 0.0 0.0 0.0 1.0 0.0 0.0 3.0 0.0
750.0020102761448 0.0 0.0 0.0 1.0 0.0 0.0 3.0 0.0
751.0019830293314 0.0 0.0 0.0 1.0 0.0 0.0 3.0 0.0
752.0020102761448 0.0 0.0 0.0 1.0 0.0 0.0 3.0 0.0
753.0020102761448 0.0 0.0 0.0 1.0 0.0 0.0 3.0 0.0
754.0020102761448 0.0 0.0 0.0 1.0 0.0 0.0 3.0 0.0
755.0013950165405 0.0 0.0 0.0 1.0 0.0 0.0 3.0 0.0
756.0020102761448 0.0 0.0 0.0 1.0 0.0 0.0 3.0 0.0
757.0020102761448 0.0 0.0 0.0 1.0 0.0 0.0 3.0 0.0
758.0020102761448 0.0 0.0 0.0 1.0 0.0 0.0 3.0 0.0
759.0020102761448 0.0 0.0 0.0 1.0 0.0 0.0 3.0 0.0
760.0020102761448 0.0 0.0 0.0 1.0 0.0 0.0 3.0 0.0
761.0020102761448 0.0 0.0 0.0 1.0 0.0 0.0 3.0 0.0
762.0020102761448 0.0 0.0 0.0 1.0 0.0 0.0 3.0 0.0
763.0020102761448 0.0 0.0 0.0 1.0 0.0 0.0 3.0 0.0
764.0020102761448 0.0 0.0 0.0 1.0 0.0 0.0 3.0 0.0
765.0020102761448 0.0 0.0 0.0 1.0 0.0 0.0 3.0 0.0
766.0020102761448 0.0 0.0 0.0 1.0 0.0 0.0 3.0 0.0
767.0020102761448 0.0 0.0 0.0 1.0 0.0 0.0 3.0 0.0
768.0000672958465 0.0 0.0 0.0 1.0 0.0 0.0 3.0 0.0
769.0020102761448 0.0 0.0 0.0 1.0 0.0 0.0 3.0 0.0
770.0020102761448 0.0 0.0 0.0 1.0 0.0 0.0 3.0 0.0
771.0020102761448 0.0 0.0 0.0 1.0 0.0 0.0 3.0 0.0
772.0020102761448 0.0 0.0 0.0 1.0 0.0 0.0 3.0 0.0
773.0020102761448 0.0 0.0 0.0 1.0 0.0 0.0 3.0 0.0
774.0020102761448 0.0 0.0 0.0 1.0 0.0 0.0 3.0 0.0
775.0020102761448 0.0 0.0 0.0 1.0 0.0 0.0 3.0 0.0
776.0020102761448 0.0 0.0 0.0 1.0 0.0 0.0 3.0 0.0
777.0020102761448 0.0 0.0 0.0 1.0 0.0 0.0 3.0 0.0
778.0020102761448 0.0 0.0 0.0 1.0 0.0 0.0 3.0 0.0
779.0007145770352 0.0 0.0 0.0 1.0 0.0 0.0 3.0 0.0
780.0020102761448 0.0 0.0 0.0 1.0 0.0 0.0 3.0 0.0
781.0020102761448 0.0 0.0 0.0 1.0 0.0 0.0 3.0 0.0
782.0020102761448 0.0 0.0 0.0 1.0 0.0 0.0 3.0 0.0
783.0020102761448 0.0 0.0 0.0 1.0 0.0 0.0 3.0 0.0
784.0020102761448 0.0 0.0 0.0 1.0 0.0 0.0 3.0 0.0
785.0020102761448 0.0 0.0 0.0 1.0 0.0 0.0 3.0 0.0
786.0015116647668 0.0 0.0 0.0 1.0 0.0 0.0 3.0 0.0
787.0020102761448 0.0 0.0 0.0 1.0 0.0 0.0 3.0 0.0
788.0020102761448 0.0 0.0 0.0 1.0 0.0 0.0 3.0 0.0
789.0020102761448 0.0 0.0 0.0 1.0 0.0 0.0 3.0 0.0
790.0020102761448 0.0 0.0 0.0 1.0 0.0 0.0 3.0 0.0
791.0020102761448 0.0 0.0 0.0 1.0 0.0 0.0 3.0 0.0
792.0020102761448 0.0 0.0 0.0 1.0 0.0 0.0 3.0 0.0
793.0020102761448 0.0 0.0 0.0 1.0 0.0 0.0 3.0 0.0
794.0020102761448 0.0 0.0 0.0 1.0 0.0 0.0 3.0 0.0
795.0020102761448 0.0 0.0 0.0 1.0 0.0 0.0 3.0 0.0
796.0020102761448 0.0 0.0 0.0 1.0 0.0 0.0 3.0 0.0
797.0020102761448 0.0 0.0 0.0 1.0 0.0 0.0 3.0 0.0
798.0020102761448 0.0 0.0 0.0 1.0 0.0 0.0 3.0 0.0
799.0020102761448 0.0 0.0 0.0 1.0 0.0 0.0 3.0 0.0
800.0020102761448 0.0 0.0 0.0 1.0 0.0 0.0 3.0 0.0
801.0001562947493 0.0 0.0 0.0 1.0 0.0 0.0 3.0 0.0
802.0020102761448 0.0 0.0 0.0 1.0 0.0 0.0 3.0 0.0
803.0006758022614 0.0 0.0 0.0 1.0 0.0 0.0 3.0 0.0
804.0020102761448 0.0 0.0 0.0 1.0 0.0 0.0 3.0 0.0
805.0020102761448 0.0 0.0 0.0 1.0 0.0 0.0 3.0 0.0
806.0020102761448 0.0 0.0 0.0 1.0 0.0 0.0 3.0 0.0
807.0020102761448 0.0 0.0 0.0 1.0 0.0 0.0 3.0 0.0
808.0020102761448 0.0 0.0 0.0 1.0 0.0 0.0 3.0 0.0
809.0020102761448 0.0 0.0 0.0 1.0 0.0 0.0 3.0 0.0
810.0015277410844 0.0 0.0 0.0 1.0 0.0 0.0 3.0 0.0
811.0020102761448 0.0 0.0 0.0 1.0 0.0 0.0 3.0 0.0
812.0020102761448 0.0 0.0 0.0 1.0 0.0 0.0 3.0 0.0
813.001721046275 0.0 0.0 0.0 1.0 0.0 0.0 3.0 0.0
814.0020102761448 0.0 0.0 0.0 1.0 0.0 0.0 3.0 0.0
815.0010966974424 0.0 0.0 0.0 1.0 0.0 0.0 3.0 0.0
816.0020102761448 0.0 0.0 0.0 1.0 0.0 0.0 3.0 0.0
817.0020102761448 0.0 0.0 0.0 1.0 0.0 0.0 3.0 0.0
818.0020102761448 0.0 0.0 0.0 1.0 0.0 0.0 3.0 0.0
819.0016205597416 0.0 0.0 0.0 1.0 0.0 0.0 3.0 0.0
820.0020102761448 0.0 0.0 0.0 1.0 0.0 0.0 3.0 0.0
821.0017516275472 0.0 0.0 0.0 1.0 0.0 0.0 3.0 0.0
822.0020102761448 0.0 0.0 0.0 1.0 0.0 0.0 3.0 0.0
823.0020102761448 0.0 0.0 0.0 1.0 0.0 0.0 3.0 0.0
824.0016300991598 0.0 0.0 0.0 1.0 0.0 0.0 3.0 0.0
825.0020102761448 0.0 0.0 0.0 1.0 0.0 0.0 3.0 0.0
826.0020102761448 0.0 0.0 0.0 1.0 0.0 0.0 3.0 0.0
827.0020102761448 0.0 0.0 0.0 1.0 0.0 0.0 3.0 0.0
828.0020102761448 0.0 0.0 0.0 1.0 0.0 0.0 3.0 0.0
829.0020102761448 0.0 0.0 0.0 1.0 0.0 0.0 3.0 0.0
830.0020102761448 0.0 0.0 0.0 1.0 0.0 0.0 3.0 0.0
831.0020102761448 0.0 0.0 0.0 1.0 0.0 0.0 3.0 0.0
832.0020102761448 0.0 0.0 0.0 1.0 0.0 0.0 3.0 0.0
833.0009502258631 0.0 0.0 0.0 1.0 0.0 0.0 3.0 0.0
834.0020102761448 0.0 0.0 0.0 1.0 0.0 0.0 3.0 0.0
835.0020102761448 0.0 0.0 0.0 1.0 0.0 0.0 3.0 0.0
836.0020102761448 0.0 0.0 0.0 1.0 0.0 0.0 3.0 0.0
837.0020102761448 0.0 0.0 0.0 1.0 0.0 0.0 3.0 0.0
838.0020102761448 0.0 0.0 0.0 1.0 0.0 0.0 3.0 0.0
839.0020102761448 0.0 0.0 0.0 1.0 0.0 0.0 3.0 0.0
840.0020102761448 0.0 0.0 0.0 1.0 0.0 0.0 3.0 0.0
841.0020102761448 0.0 0.0 0.0 1.0 0.0 0.0 3.0 0.0
842.0020102761448 0.0 0.0 0.0 1.0 0.0 0.0 3.0 0.0
843.0020102761448 0.0 0.0 0.0 1.0 0.0 0.0 3.0 0.0
844.0020102761448 0.0 0.0 0.0 1.0 0.0 0.0 3.0 0.0
845.0020102761448 0.0 0.0 0.0 1.0 0.0 0.0 3.0 0.0
846.0020102761448 0.0 0.0 0.0 1.0 0.0 0.0 3.0 0.0
847.0020102761448 0.0 0.0 0.0 1.0 0.0 0.0 3.0 0.0
848.000025855792 0.0 0.0 0.0 1.0 0.0 0.0 3.0 0.0
849.0020102761448 0.0 0.0 0.0 1.0 0.0 0.0 3.0 0.0
850.0020102761448 0.0 0.0 0.0 1.0 0.0 0.0 3.0 0.0
851.0020102761448 0.0 0.0 0.0 1.0 0.0 0.0 3.0 0.0
852.0020102761448 0.0 0.0 0.0 1.0 0.0 0.0 3.0 0.0
853.0020102761448 0.0 0.0 0.0 1.0 0.0 0.0 3.0 0.0
854.0020102761448 0.0 0.0 0.0 1.0 0.0 0.0 3.0 0.0
855.0020102761448 0.0 0.0 0.0 1.0 0.0 0.0 3.0 0.0
856.0020102761448 0.0 0.0 0.0 1.0 0.0 0.0 3.0 0.0
857.0020102761448 0.0 0.0 0.0 1.0 0.0 0.0 3.0 0.0
858.0020102761448 0.0 0.0 0.0 1.0 0.0 0.0 3.0 0.0
859.0020102761448 0.0 0.0 0.0 1.0 0.0 0.0 3.0 0.0
860.0020102761448 0.0 0.0 0.0 1.0 0.0 0.0 3.0 0.0
861.0020102761448 0.0 0.0 0.0 1.0 0.0 0.0 3.0 0.0
862.0020102761448 0.0 0.0 0.0 1.0 0.0 0.0 3.0 0.0
863.0020102761448 0.0 0.0 0.0 1.0 0.0 0.0 3.0 0.0
864.0020102761448 0.0 0.0 0.0 1.0 0.0 0.0 3.0 0.0
865.0020102761448 0.0 0.0 0.0 1.0 0.0 0.0 3.0 0.0
866.0020102761448 0.0 0.0 0.0 1.0 0.0 0.0 3.0 0.0
867.0020102761448 0.0 0.0 0.0 1.0 0.0 0.0 3.0 0.0
868.00139535093 0.0 0.0 0.0 1.0 0.0 0.0 3.0 0.0
869.0020102761448 0.0 0.0 0.0 1.0 0.0 0.0 3.0 0.0
870.0020102761448 0.0 0.0 0.0 1.0 0.0 0.0 3.0 0.0
871.0020102761448 0.0 0.0 0.0 1.0 0.0 0.0 3.0 0.0
872.0007991531877 0.0 0.0 0.0 1.0 0.0 0.0 3.0 0.0
873.0020102761448 0.0 0.0 0.0 1.0 0.0 0.0 3.0 0.0
874.0020102761448 0.0 0.0 0.0 1.0 0.0 0.0 3.0 0.0
875.0020102761448 0.0 0.0 0.0 1.0 0.0 0.0 3.0 0.0
876.0020102761448 0.0 0.0 0.0 1.0 0.0 0.0 3.0 0.0
877.0020102761448 0.0 0.0 0.0 1.0 0.0 0.0 3.0 0.0
878.0020102761448 0.0 0.0 0.0 1.0 0.0 0.0 3.0 0.0
879.0020102761448 0.0 0.0 0.0 1.0 0.0 0.0 3.0 0.0
880.0020102761448 0.0 0.0 0.0 1.0 0.0 0.0 3.0 0.0
881.0020102761448 0.0 0.0 0.0 1.0 0.0 0.0 3.0 0.0
882.0020102761448 0.0 0.0 0.0 1.0 0.0 0.0 3.0 0.0
883.0020102761448 0.0 0.0 0.0 1.0 0.0 0.0 3.0 0.0
884.0020102761448 0.0 0.0 0.0 1.0 0.0 0.0 3.0 0.0
885.0020102761448 0.0 0.0 0.0 1.0 0.0 0.0 3.0 0.0
886.0020102761448 0.0 0.0 0.0 1.0 0.0 0.0 3.0 0.0
887.0020102761448 0.0 0.0 0.0 1.0 0.0 0.0 3.0 0.0
888.0020102761448 0.0 0.0 0.0 1.0 0.0 0.0 3.0 0.0
889.0020102761448 0.0 0.0 0.0 1.0 0.0 0.0 3.0 0.0
890.0020102761448 0.0 0.0 0.0 1.0 0.0 0.0 3.0 0.0
891.0020102761448 0.0 0.0 0.0 1.0 0.0 0.0 3.0 0.0
892.0020102761448 0.0 0.0 0.0 1.0 0.0 0.0 3.0 0.0
893.0020102761448 0.0 0.0 0.0 1.0 0.0 0.0 3.0 0.0
894.0020102761448 0.0 0.0 0.0 1.0 0.0 0.0 3.0 0.0
895.0020102761448 0.0 0.0 0.0 1.0 0.0 0.0 3.0 0.0
896.0020102761448 0.0 0.0 0.0 1.0 0.0 0.0 3.0 0.0
897.0020102761448 0.0 0.0 0.0 1.0 0.0 0.0 3.0 0.0
898.0020102761448 0.0 0.0 0.0 1.0 0.0 0.0 3.0 0.0
899.0020102761448 0.0 0.0 0.0 1.0 0.0 0.0 3.0 0.0
900.0020102761448 0.0 0.0 0.0 1.0 0.0 0.0 3.0 0.0
901.0017611093889 0.0 0.0 0.0 1.0 0.0 0.0 3.0 0.0
902.0020102761448 0.0 0.0 0.0 1.0 0.0 0.0 3.0 0.0
903.0020102761448 0.0 0.0 0.0 1.0 0.0 0.0 3.0 0.0
904.0020102761448 0.0 0.0 0.0 1.0 0.0 0.0 3.0 0.0
905.0020102761448 0.0 0.0 0.0 1.0 0.0 0.0 3.0 0.0
906.0020102761448 0.0 0.0 0.0 1.0 0.0 0.0 3.0 0.0
907.0020102761448 0.0 0.0 0.0 1.0 0.0 0.0 3.0 0.0
908.0020102761448 0.0 0.0 0.0 1.0 0.0 0.0 3.0 0.0
909.0020102761448 0.0 0.0 0.0 1.0 0.0 0.0 3.0 0.0
910.0020102761448 0.0 0.0 0.0 1.0 0.0 0.0 3.0 0.0
911.0020102761448 0.0 0.0 0.0 1.0 0.0 0.0 3.0 0.0
912.0000758983646 0.0 0.0 0.0 1.0 0.0 0.0 3.0 0.0
913.0015729853885 0.0 0.0 0.0 1.0 0.0 0.0 3.0 0.0
914.0020102761448 0.0 0.0 0.0 1.0 0.0 0.0 3.0 0.0
915.0003455920994 0.0 0.0 0.0 1.0 0.0 0.0 3.0 0.0
916.0020102761448 0.0 0.0 0.0 1.0 0.0 0.0 3.0 0.0
917.0020102761448 0.0 0.0 0.0 1.0 0.0 0.0 3.0 0.0
918.0020102761448 0.0 0.0 0.0 1.0 0.0 0.0 3.0 0.0
919.0018206667334 0.0 0.0 0.0 1.0 0.0 0.0 3.0 0.0
920.0020102761448 0.0 0.0 0.0 1.0 0.0 0.0 3.0 0.0
921.0020102761448 0.0 0.0 0.0 1.0 0.0 0.0 3.0 0.0
922.0020102761448 0.0 0.0 0.0 1.0 0.0 0.0 3.0 0.0
923.0020102761448 0.0 0.0 0.0 1.0 0.0 0.0 3.0 0.0
924.0020102761448 0.0 0.0 0.0 1.0 0.0 0.0 3.0 0.0
925.0020102761448 0.0 0.0 0.0 1.0 0.0 0.0 3.0 0.0
926.0020102761448 0.0 0.0 0.0 1.0 0.0 0.0 3.0 0.0
927.0020102761448 0.0 0.0 0.0 1.0 0.0 0.0 3.0 0.0
928.0009152012078 0.0 0.0 0.0 1.0 0.0 0.0 3.0 0.0
929.0020102761448 0.0 0.0 0.0 1.0 0.0 0.0 3.0 0.0
930.0020102761448 0.0 0.0 0.0 1.0 0.0 0.0 3.0 0.0
931.0020102761448 0.0 0.0 0.0 1.0 0.0 0.0 3.0 0.0
932.0020102761448 0.0 0.0 0.0 1.0 0.0 0.0 3.0 0.0
933.0020102761448 0.0 0.0 0.0 1.0 0.0 0.0 3.0 0.0
934.0020102761448 0.0 0.0 0.0 1.0 0.0 0.0 3.0 0.0
935.0020102761448 0.0 0.0 0.0 1.0 0.0 0.0 3.0 0.0
936.0020102761448 0.0 0.0 0.0 1.0 0.0 0.0 3.0 0.0
937.0017266309075 0.0 0.0 0.0 1.0 0.0 0.0 3.0 0.0
938.0020102761448 0.0 0.0 0.0 1.0 0.0 0.0 3.0 0.0
939.0018343862032 0.0 0.0 0.0 1.0 0.0 0.0 3.0 0.0
940.0020102761448 0.0 0.0 0.0 1.0 0.0 0.0 3.0 0.0
941.0020102761448 0.0 0.0 0.0 1.0 0.0 0.0 3.0 0.0
942.0006717848888 0.0 0.0 0.0 1.0 0.0 0.0 3.0 0.0
943.0020102761448 0.0 0.0 0.0 1.0 0.0 0.0 3.0 0.0
944.0005022738276 0.0 0.0 0.0 1.0 0.0 0.0 3.0 0.0
945.0020102761448 0.0 0.0 0.0 1.0 0.0 0.0 3.0 0.0
946.0020102761448 0.0 0.0 0.0 1.0 0.0 0.0 3.0 0.0
947.0020102761448 0.0 0.0 0.0 1.0 0.0 0.0 3.0 0.0
948.0020102761448 0.0 0.0 0.0 1.0 0.0 0.0 3.0 0.0
949.0020102761448 0.0 0.0 0.0 1.0 0.0 0.0 3.0 0.0
950.0020102761448 0.0 0.0 0.0 1.0 0.0 0.0 3.0 0.0
951.0020102761448 0.0 0.0 0.0 1.0 0.0 0.0 3.0 0.0
952.0020102761448 0.0 0.0 0.0 1.0 0.0 0.0 3.0 0.0
953.0020102761448 0.0 0.0 0.0 1.0 0.0 0.0 3.0 0.0
954.0020102761448 0.0 0.0 0.0 1.0 0.0 0.0 3.0 0.0
955.0020102761448 0.0 0.0 0.0 1.0 0.0 0.0 3.0 0.0
956.0020102761448 0.0 0.0 0.0 1.0 0.0 0.0 3.0 0.0
957.0020102761448 0.0 0.0 0.0 1.0 0.0 0.0 3.0 0.0
958.0020102761448 0.0 0.0 0.0 1.0 0.0 0.0 3.0 0.0
959.0020102761448 0.0 0.0 0.0 1.0 0.0 0.0 3.0 0.0
960.0000557583963 0.0 0.0 0.0 1.0 0.0 0.0 3.0 0.0
961.0020102761448 0.0 0.0 0.0 1.0 0.0 0.0 3.0 0.0
962.0020102761448 0.0 0.0 0.0 1.0 0.0 0.0 3.0 0.0
963.0020102761448 0.0 0.0 0.0 1.0 0.0 0.0 3.0 0.0
964.0020102761448 0.0 0.0 0.0 1.0 0.0 0.0 3.0 0.0
965.0020102761448 0.0 0.0 0.0 1.0 0.0 0.0 3.0 0.0
966.0020102761448 0.0 0.0 0.0 1.0 0.0 0.0 3.0 0.0
967.0020102761448 0.0 0.0 0.0 1.0 0.0 0.0 3.0 0.0
968.0020102761448 0.0 0.0 0.0 1.0 0.0 0.0 3.0 0.0
969.0020102761448 0.0 0.0 0.0 1.0 0.0 0.0 3.0 0.0
970.0020102761448 0.0 0.0 0.0 1.0 0.0 0.0 3.0 0.0
971.0020102761448 0.0 0.0 0.0 1.0 0.0 0.0 3.0 0.0
972.0020102761448 0.0 0.0 0.0 1.0 0.0 0.0 3.0 0.0
973.0001399448319 0.0 0.0 0.0 1.0 0.0 0.0 3.0 0.0
974.0020102761448 0.0 0.0 0.0 1.0 0.0 0.0 3.0 0.0
975.0020102761448 0.0 0.0 0.0 1.0 0.0 0.0 3.0 0.0
976.0020102761448 0.0 0.0 0.0 1.0 0.0 0.0 3.0 0.0
977.0020102761448 0.0 0.0 0.0 1.0 0.0 0.0 3.0 0.0
978.0020102761448 0.0 0.0 0.0 1.0 0.0 0.0 3.0 0.0
979.0020102761448 0.0 0.0 0.0 1.0 0.0 0.0 3.0 0.0
980.0020102761448 0.0 0.0 0.0 1.0 0.0 0.0 3.0 0.0
981.0020102761448 0.0 0.0 0.0 1.0 0.0 0.0 3.0 0.0
982.0020102761448 0.0 0.0 0.0 1.0 0.0 0.0 3.0 0.0
983.0020102761448 0.0 0.0 0.0 1.0 0.0 0.0 3.0 0.0
984.0020102761448 0.0 0.0 0.0 1.0 0.0 0.0 3.0 0.0
985.0020102761448 0.0 0.0 0.0 1.0 0.0 0.0 3.0 0.0
986.0020102761448 0.0 0.0 0.0 1.0 0.0 0.0 3.0 0.0
987.0020102761448 0.0 0.0 0.0 1.0 0.0 0.0 3.0 0.0
988.0020102761448 0.0 0.0 0.0 1.0 0.0 0.0 3.0 0.0
989.0020102761448 0.0 0.0 0.0 1.0 0.0 0.0 3.0 0.0
990.0008669615883 0.0 0.0 0.0 1.0 0.0 0.0 3.0 0.0
991.0020102761448 0.0 0.0 0.0 1.0 0.0 0.0 3.0 0.0
992.0020102761448 0.0 0.0 0.0 1.0 0.0 0.0 3.0 0.0
993.0020102761448 0.0 0.0 0.0 1.0 0.0 0.0 3.0 0.0
994.0020102761448 0.0 0.0 0.0 1.0 0.0 0.0 3.0 0.0
995.0016628648398 0.0 0.0 0.0 1.0 0.0 0.0 3.0 0.0
996.0018202081803 0.0 0.0 0.0 1.0 0.0 0.0 3.0 0.0
997.0020102761448 0.0 0.0 0.0 1.0 0.0 0.0 3.0 0.0
998.0020102761448 0.0 0.0 0.0 1.0 0.0 0.0 3.0 0.0
999.000976572871 0.0 0.0 0.0 1.0 0.0 0.0 3.0 0.0
1000.000022445282 0.0 0.0 0.0 1.0 0.0 0.0 3.0 0.0
1001.0020102761448 0.0 0.0 0.0 1.0 0.0 0.0 3.0 0.0
1002.0020102761448 0.0 0.0 0.0 1.0 0.0 0.0 3.0 0.0
1003.0020102761448 0.0 0.0 0.0 1.0 0.0 0.0 3.0 0.0
1004.0020102761448 0.0 0.0 0.0 1.0 0.0 0.0 3.0 0.0
1005.0020102761448 0.0 0.0 0.0 1.0 0.0 0.0 3.0 0.0
1006.0009545449471 0.0 0.0 0.0 1.0 0.0 0.0 3.0 0.0
1007.0020102761448 0.0 0.0 0.0 1.0 0.0 0.0 3.0 0.0
1008.0020102761448 0.0 0.0 0.0 1.0 0.0 0.0 3.0 0.0
1009.0020102761448 0.0 0.0 0.0 1.0 0.0 0.0 3.0 0.0
1010.0020102761448 0.0 0.0 0.0 1.0 0.0 0.0 3.0 0.0
1011.0011033094869 0.0 0.0 0.0 1.0 0.0 0.0 3.0 0.0
1012.0020102761448 0.0 0.0 0.0 1.0 0.0 0.0 3.0 0.0
1013.0020102761448 0.0 0.0 0.0 1.0 0.0 0.0 3.0 0.0
1014.0020102761448 0.0 0.0 0.0 1.0 0.0 0.0 3.0 0.0
1015.0020102761448 0.0 0.0 0.0 1.0 0.0 0.0 3.0 0.0
1016.0020102761448 0.0 0.0 0.0 1.0 0.0 0.0 3.0 0.0
1017.0020102761448 0.0 0.0 0.0 1.0 0.0 0.0 3.0 0.0
1018.0020102761448 0.0 0.0 0.0 1.0 0.0 0.0 3.0 0.0
1019.0020102761448 0.0 0.0 0.0 1.0 0.0 0.0 3.0 0.0
1020.0020102761448 0.0 0.0 0.0 1.0 0.0 0.0 3.0 0.0
1021.0020102761448 0.0 0.0 0.0 1.0 0.0 0.0 3.0 0.0
1022.0020102761448 0.0 0.0 0.0 1.0 0.0 0.0 3.0 0.0
1023.0020102761448 0.0 0.0 0.0 1.0 0.0 0.0 3.0 0.0
1024.0020102761448 0.0 0.0 0.0 1.0 0.0 0.0 3.0 0.0
1025.0020102761448 0.0 0.0 0.0 1.0 0.0 0.0 3.0 0.0
1026.0020102761448 0.0 0.0 0.0 1.0 0.0 0.0 3.0 0.0
1027.0020102761448 0.0 0.0 0.0 1.0 0.0 0.0 3.0 0.0
1028.0020102761448 0.0 0.0 0.0 1.0 0.0 0.0 3.0 0.0
1029.0020102761448 0.0 0.0 0.0 1.0 0.0 0.0 3.0 0.0
1030.0020102761448 0.0 0.0 0.0 1.0 0.0 0.0 3.0 0.0
1031.0020102761448 0.0 0.0 0.0 1.0 0.0 0.0 3.0 0.0
1032.0020102761448 0.0 0.0 0.0 1.0 0.0 0.0 3.0 0.0
1033.0020102761448 0.0 0.0 0.0 1.0 0.0 0.0 3.0 0.0
1034.0020102761448 0.0 0.0 0.0 1.0 0.0 0.0 3.0 0.0
1035.0020102761448 0.0 0.0 0.0 1.0 0.0 0.0 3.0 0.0
1036.0020102761448 0.0 0.0 0.0 1.0 0.0 0.0 3.0 0.0
1037.0020102761448 0.0 0.0 0.0 1.0 0.0 0.0 3.0 0.0
1038.0020102761448 0.0 0.0 0.0 1.0 0.0 0.0 3.0 0.0
1039.0020102761448 0.0 0.0 0.0 1.0 0.0 0.0 3.0 0.0
1040.0020102761448 0.0 0.0 0.0 1.0 0.0 0.0 3.0 0.0
1041.0020102761448 0.0 0.0 0.0 1.0 0.0 0.0 3.0 0.0
1042.0020102761448 0.0 0.0 0.0 1.0 0.0 0.0 3.0 0.0
1043.0020102761448 0.0 0.0 0.0 1.0 0.0 0.0 3.0 0.0
1044.0020102761448 0.0 0.0 0.0 1.0 0.0 0.0 3.0 0.0
1045.0020102761448 0.0 0.0 0.0 1.0 0.0 0.0 3.0 0.0
1046.0020102761448 0.0 0.0 0.0 1.0 0.0 0.0 3.0 0.0
1047.0020102761448 0.0 0.0 0.0 1.0 0.0 0.0 3.0 0.0
1048.0020102761448 0.0 0.0 0.0 1.0 0.0 0.0 3.0 0.0
1049.0020102761448 0.0 0.0 0.0 1.0 0.0 0.0 3.0 0.0
1050.0020102761448 0.0 0.0 0.0 1.0 0.0 0.0 3.0 0.0
1051.0020102761448 0.0 0.0 0.0 1.0 0.0 0.0 3.0 0.0
1052.0020102761448 0.0 0.0 0.0 1.0 0.0 0.0 3.0 0.0
1053.0020102761448 0.0 0.0 0.0 1.0 0.0 0.0 3.0 0.0
1054.0020102761448 0.0 0.0 0.0 1.0 0.0 0.0 3.0 0.0
1055.0020102761448 0.0 0.0 0.0 1.0 0.0 0.0 3.0 0.0
1056.0020102761448 0.0 0.0 0.0 1.0 0.0 0.0 3.0 0.0
1057.0020102761448 0.0 0.0 0.0 1.0 0.0 0.0 3.0 0.0
1058.0020102761448 0.0 0.0 0.0 1.0 0.0 0.0 3.0 0.0
1059.0020102761448 0.0 0.0 0.0 1.0 0.0 0.0 3.0 0.0
1060.0020102761448 0.0 0.0 0.0 1.0 0.0 0.0 3.0 0.0
1061.0020102761448 0.0 0.0 0.0 1.0 0.0 0.0 3.0 0.0
1062.0020102761448 0.0 0.0 0.0 1.0 0.0 0.0 3.0 0.0
1063.0020102761448 0.0 0.0 0.0 1.0 0.0 0.0 3.0 0.0
1064.0020102761448 0.0 0.0 0.0 1.0 0.0 0.0 3.0 0.0
1065.0016698867278 0.0 0.0 0.0 1.0 0.0 0.0 3.0 0.0
1066.0020102761448 0.0 0.0 0.0 1.0 0.0 0.0 3.0 0.0
1067.0020102761448 0.0 0.0 0.0 1.0 0.0 0.0 3.0 0.0
1068.0020102761448 0.0 0.0 0.0 1.0 0.0 0.0 3.0 0.0
1069.0020102761448 0.0 0.0 0.0 1.0 0.0 0.0 3.0 0.0
1070.0018439878427 0.0 0.0 0.0 1.0 0.0 0.0 3.0 0.0
1071.0020102761448 0.0 0.0 0.0 1.0 0.0 0.0 3.0 0.0
1072.0020102761448 0.0 0.0 0.0 1.0 0.0 0.0 3.0 0.0
1073.000587466224 0.0 0.0 0.0 1.0 0.0 0.0 3.0 0.0
1074.0020102761448 0.0 0.0 0.0 1.0 0.0 0.0 3.0 0.0
1075.0020102761448 0.0 0.0 0.0 1.0 0.0 0.0 3.0 0.0
1076.0020102761448 0.0 0.0 0.0 1.0 0.0 0.0 3.0 0.0
1077.000057051522 0.0 0.0 0.0 1.0 0.0 0.0 3.0 0.0
1078.0020102761448 0.0 0.0 0.0 1.0 0.0 0.0 3.0 0.0
1079.0020102761448 0.0 0.0 0.0 1.0 0.0 0.0 3.0 0.0
1080.0020102761448 0.0 0.0 0.0 1.0 0.0 0.0 3.0 0.0
1081.0020102761448 0.0 0.0 0.0 1.0 0.0 0.0 3.0 0.0
1082.0020102761448 0.0 0.0 0.0 1.0 0.0 0.0 3.0 0.0
1083.0020102761448 0.0 0.0 0.0 1.0 0.0 0.0 3.0 0.0
1084.0020102761448 0.0 0.0 0.0 1.0 0.0 0.0 3.0 0.0
1085.0011583660005 0.0 0.0 0.0 1.0 0.0 0.0 3.0 0.0
1086.0020102761448 0.0 0.0 0.0 1.0 0.0 0.0 3.0 0.0
1087.0020102761448 0.0 0.0 0.0 1.0 0.0 0.0 3.0 0.0
1088.0020102761448 0.0 0.0 0.0 1.0 0.0 0.0 3.0 0.0
1089.0020102761448 0.0 0.0 0.0 1.0 0.0 0.0 3.0 0.0
1090.0003526103128 0.0 0.0 0.0 1.0 0.0 0.0 3.0 0.0
1091.0020102761448 0.0 0.0 0.0 1.0 0.0 0.0 3.0 0.0
1092.0020102761448 0.0 0.0 0.0 1.0 0.0 0.0 3.0 0.0
1093.00030752055 0.0 0.0 0.0 1.0 0.0 0.0 3.0 0.0
1094.0016828783546 0.0 0.0 0.0 1.0 0.0 0.0 3.0 0.0
1095.0020102761448 0.0 0.0 0.0 1.0 0.0 0.0 3.0 0.0
1096.0020102761448 0.0 0.0 0.0 1.0 0.0 0.0 3.0 0.0
1097.0020102761448 0.0 0.0 0.0 1.0 0.0 0.0 3.0 0.0
1098.0020102761448 0.0 0.0 0.0 1.0 0.0 0.0 3.0 0.0
1099.0020102761448 0.0 0.0 0.0 1.0 0.0 0.0 3.0 0.0
1100.0 0.0 0.0 0.0 1.0 0.0 1.0 3.0 0.0
1101.0020102761448 0.85 0.0 0.0 0.15000000000000005 0.0 1.0 3.0375 0.2518518518518518
1102.0020102761448 0.9875 0.0 0.0 0.012499999999999995 0.0 1.0 3.7375 0.024382716049382715
1103.0020102761448 0.9875 0.0 0.0 0.012499999999999995 0.0 1.0 4.625 0.024382716049382715
1104.0020102761448 0.9875 0.0 0.0 0.012499999999999995 0.0 1.0 4.9 0.024382716049382715
1105.0020102761448 1.0 0.0 0.0 0.0 0.0 1.0 4.95 0.0
1106.0020102761448 1.0 0.0 0.0 0.0 0.0 1.0 5.0 0.0
1107.0020102761448 1.0 0.0 0.0 0.0 0.0 1.0 5.0 0.0
1108.0020102761448 1.0 0.0 0.0 0.0 0.0 1.0 5.0 0.0
1109.0020102761448 1.0 0.0 0.0 0.0 0.0 1.0 5.0 0.0
1110.0007677673996 1.0 0.0 0.0 0.0 0.0 1.0 5.0 0.0
1111.0020102761448 1.0 0.0 0.0 0.0 0.0 1.0 5.0 0.0
1112.0020102761448 1.0 0.0 0.0 0.0 0.0 1.0 5.0 0.0
1113.0020102761448 1.0 0.0 0.0 0.0 0.0 1.0 5.0 0.0
1114.0020102761448 1.0 0.0 0.0 0.0 0.0 1.0 5.0 0.0
1115.0020102761448 1.0 0.0 0.0 0.0 0.0 1.0 5.0 0.0
1116.0020102761448 1.0 0.0 0.0 0.0 0.0 1.0 5.0 0.0
1117.0020102761448 1.0 0.0 0.0 0.0 0.0 1.0 5.0 0.0
1118.000315453184 1.0 0.0 0.0 0.0 0.0 1.0 5.0 0.0
1119.0020102761448 1.0 0.0 0.0 0.0 0.0 1.0 5.0 0.0
1120.0020102761448 1.0 0.0 0.0 0.0 0.0 1.0 5.0 0.0
1121.0020102761448 1.0 0.0 0.0 0.0 0.0 1.0 5.0 0.0
1122.0020102761448 1.0 0.0 0.0 0.0 0.0 1.0 5.0 0.0
1123.0020102761448 1.0 0.0 0.0 0.0 0.0 1.0 5.0 0.0
1124.0020102761448 1.0 0.0 0.0 0.0 0.0 1.0 5.0 0.0
1125.0020102761448 1.0 0.0 0.0 0.0 0.0 1.0 5.0 0.0
1126.0020102761448 1.0 0.0 0.0 0.0 0.0 1.0 5.0 0.0
1127.0007856404059 1.0 0.0 0.0 0.0 0.0 1.0 5.0 0.0
1128.0020102761448 1.0 0.0 0.0 0.0 0.0 1.0 5.0 0.0
1129.0020102761448 1.0 0.0 0.0 0.0 0.0 1.0 5.0 0.0
1130.0020102761448 1.0 0.0 0.0 0.0 0.0 1.0 5.0 0.0
1131.0020102761448 1.0 0.0 0.0 0.0 0.0 1.0 5.0 0.0
1132.0020102761448 1.0 0.0 0.0 0.0 0.0 1.0 5.0 0.0
1133.0020102761448 1.0 0.0 0.0 0.0 0.0 1.0 5.0 0.0
1134.0020102761448 1.0 0.0 0.0 0.0 0.0 1.0 5.0 0.0
1135.0020102761448 1.0 0.0 0.0 0.0 0.0 1.0 5.0 0.0
1136.0020102761448 1.0 0.0 0.0 0.0 0.0 1.0 5.0 0.0
1137.0020102761448 1.0 0.0 0.0 0.0 0.0 1.0 5.0 0.0
1138.0008574256415 1.0 0.0 0.0 0.0 0.0 1.0 5.0 0.0
1139.0020102761448 1.0 0.0 0.0 0.0 0.0 1.0 5.0 0.0
1140.0020102761448 1.0 0.0 0.0 0.0 0.0 1.0 5.0 0.0
1141.0020102761448 1.0 0.0 0.0 0.0 0.0 1.0 5.0 0.0
1142.0020102761448 1.0 0.0 0.0 0.0 0.0 1.0 5.0 0.0
1143.0020102761448 1.0 0.0 0.0 0.0 0.0 1.0 5.0 0.0
1144.0020102761448 1.0 0.0 0.0 0.0 0.0 1.0 5.0 0.0
1145.0020102761448 1.0 0.0 0.0 0.0 0.0 1.0 5.0 0.0
1146.0020102761448 1.0 0.0 0.0 0.0 0.0 1.0 5.0 0.0
1147.0020102761448 1.0 0.0 0.0 0.0 0.0 1.0 5.0 0.0
1148.0020102761448 1.0 0.0 0.0 0.0 0.0 1.0 5.0 0.0
1149.0015009073595 1.0 0.0 0.0 0.0 0.0 1.0 5.0 0.0
1150.0020102761448 1.0 0.0 0.0 0.0 0.0 1.0 5.0 0.0
1151.0020102761448 1.0 0.0 0.0 0.0 0.0 1.0 5.0 0.0
1152.0020102761448 1.0 0.0 0.0 0.0 0.0 1.0 5.0 0.0
1153.0020102761448 1.0 0.0 0.0 0.0 0.0 1.0 5.0 0.0
1154.0020102761448 1.0 0.0 0.0 0.0 0.0 1.0 5.0 0.0
1155.0020102761448 1.0 0.0 0.0 0.0 0.0 1.0 5.0 0.0
1156.0020102761448 1.0 0.0 0.0 0.0 0.0 1.0 5.0 0.0
1157.0010278902905 1.0 0.0 0.0 0.0 0.0 1.0 5.0 0.0
1158.0020102761448 1.0 0.0 0.0 0.0 0.0 1.0 5.0 0.0
1159.0020102761448 1.0 0.0 0.0 0.0 0.0 1.0 5.0 0.0
1160.0020102761448 1.0 0.0 0.0 0.0 0.0 1.0 5.0 0.0
1161.0020102761448 1.0 0.0 0.0 0.0 0.0 1.0 5.0 0.0
1162.0020102761448 1.0 0.0 0.0 0.0 0.0 1.0 5.0 0.0
1163.0020102761448 1.0 0.0 0.0 0.0 0.0 1.0 5.0 0.0
1164.0020102761448 1.0 0.0 0.0 0.0 0.0 1.0 5.0 0.0
1165.0005078566728 1.0 0.0 0.0 0.0 0.0 1.0 5.0 0.0
1166.0020102761448 1.0 0.0 0.0 0.0 0.0 1.0 5.0 0.0
1167.0020102761448 1.0 0.0 0.0 0.0 0.0 1.0 5.0 0.0
1168.0020102761448 1.0 0.0 0.0 0.0 0.0 1.0 5.0 0.0
1169.0005180887474 1.0 0.0 0.0 0.0 0.0 1.0 5.0 0.0
1170.0020102761448 1.0 0.0 0.0 0.0 0.0 1.0 5.0 0.0
1171.0020102761448 1.0 0.0 0.0 0.0 0.0 1.0 5.0 0.0
1172.0020102761448 1.0 0.0 0.0 0.0 0.0 1.0 5.0 0.0
1173.0004631479812 1.0 0.0 0.0 0.0 0.0 1.0 5.0 0.0
1174.0020102761448 1.0 0.0 0.0 0.0 0.0 1.0 5.0 0.0
1175.0020102761448 1.0 0.0 0.0 0.0 0.0 1.0 5.0 0.0
1176.0020102761448 1.0 0.0 0.0 0.0 0.0 1.0 5.0 0.0
1177.0020102761448 1.0 0.0 0.0 0.0 0.0 1.0 5.0 0.0
1178.0020102761448 1.0 0.0 0.0 0.0 0.0 1.0 5.0 0.0
1179.0020102761448 1.0 0.0 0.0 0.0 0.0 1.0 5.0 0.0
1180.0020102761448 1.0 0.0 0.0 0.0 0.0 1.0 5.0 0.0
1181.0020102761448 1.0 0.0 0.0 0.0 0.0 1.0 5.0 0.0
1182.0020102761448 1.0 0.0 0.0 0.0 0.0 1.0 5.0 0.0
1183.0020102761448 1.0 0.0 0.0 0.0 0.0 1.0 5.0 0.0
1184.0020102761448 1.0 0.0 0.0 0.0 0.0 1.0 5.0 0.0
1185.0020102761448 1.0 0.0 0.0 0.0 0.0 1.0 5.0 0.0
1186.0020102761448 1.0 0.0 0.0 0.0 0.0 1.0 5.0 0.0
1187.0020102761448 1.0 0.0 0.0 0.0 0.0 1.0 5.0 0.0
1188.0020102761448 1.0 0.0 0.0 0.0 0.0 1.0 5.0 0.0
1189.0020102761448 1.0 0.0 0.0 0.0 0.0 1.0 5.0 0.0
1190.0020102761448 1.0 0.0 0.0 0.0 0.0 1.0 5.0 0.0
1191.0020102761448 1.0 0.0 0.0 0.0 0.0 1.0 5.0 0.0
1192.0020102761448 1.0 0.0 0.0 0.0 0.0 1.0 5.0 0.0
1193.0020102761448 1.0 0.0 0.0 0.0 0.0 1.0 5.0 0.0
1194.0020102761448 1.0 0.0 0.0 0.0 0.0 1.0 5.0 0.0
1195.0020102761448 1.0 0.0 0.0 0.0 0.0 1.0 5.0 0.0
1196.0020102761448 1.0 0.0 0.0 0.0 0.0 1.0 5.0 0.0
1197.0020102761448 1.0 0.0 0.0 0.0 0.0 1.0 5.0 0.0
1198.0020102761448 1.0 0.0 0.0 0.0 0.0 1.0 5.0 0.0
1199.0020102761448 1.0 0.0 0.0 0.0 0.0 1.0 5.0 0.0
1200.0 1.0 0.0 0.0 0.0 0.0 1.0 5.0 0.0
1201.0 0.925 0.0 0.07500000000000001 0.0 0.0 1.0 5.0 0.13703703703703704
1202.0 0.4 0.0 0.6 0.0 0.0 1.0 5.075 0.4740740740740741
1203.0 0.0625 0.0 0.9375 0.0 0.0 1.0 5.4625 0.11574074074074074
1204.0 0.0125 0.0 0.9875 0.0 0.0 1.0 6.4375 0.024382716049382715
1205.0 0.0 0.0 1.0 0.0 0.0 1.0 6.9 0.0
1206.0 0.0 0.0 1.0 0.0 0.0 1.0 6.975 0.0
1207.0 0.0 0.0 1.0 0.0 0.0 1.0 6.9875 0.0
1208.0 0.0 0.0 1.0 0.0 0.0 1.0 7.0 0.0
1209.0 0.0 0.0 1.0 0.0 0.0 1.0 7.0 0.0
1210.0 0.0 0.0 1.0 0.0 0.0 1.0 7.0 0.0
1211.0 0.0 0.0 1.0 0.0 0.0 1.0 7.0 0.0
1212.0 0.0 0.0 1.0 0.0 0.0 1.0 7.0 0.0
1213.0 0.0 0.0 1.0 0.0 0.0 1.0 7.0 0.0
1214.0 0.0 0.0 1.0 0.0 0.0 1.0 7.0 0.0
1215.0 0.0 0.0 1.0 0.0 0.0 1.0 7.0 0.0
1216.0 0.0 0.0 1.0 0.0 0.0 1.0 7.0 0.0
1217.0 0.0 0.0 1.0 0.0 0.0 1.0 7.0 0.0
1218.0 0.0 0.0 1.0 0.0 0.0 1.0 7.0 0.0
1219.0 0.0 0.0 1.0 0.0 0.0 1.0 7.0 0.0
1220.0 0.0 0.0 1.0 0.0 0.0 1.0 7.0 0.0
1221.0 0.0 0.0 1.0 0.0 0.0 1.0 7.0 0.0
1222.0 0.0 0.0 1.0 0.0 0.0 1.0 7.0 0.0
1223.0 0.0 0.0 1.0 0.0 0.0 1.0 7.0 0.0
1224.0 0.0 0.0 1.0 0.0 0.0 1.0 7.0 0.0
1225.0 0.0 0.0 1.0 0.0 0.0 1.0 7.0 0.0
1226.0 0.0 0.0 1.0 0.0 0.0 1.0 7.0 0.0
1227.0 0.0 0.0 1.0 0.0 0.0 1.0 7.0 0.0
1228.0 0.0 0.0 1.0 0.0 0.0 1.0 7.0 0.0
1229.0 0.0 0.0 1.0 0.0 0.0 1.0 7.0 0.0
1230.0 0.0 0.0 1.0 0.0 0.0 1.0 7.0 0.0
1231.0 0.0 0.0 1.0 0.0 0.0 1.0 7.0 0.0
1232.0 0.0 0.0 1.0 0.0 0.0 1.0 7.0 0.0
1233.0 0.0 0.0 1.0 0.0 0.0 1.0 7.0 0.0
1234.0 0.0 0.0 1.0 0.0 0.0 1.0 7.0 0.0
1235.0 0.0 0.0 1.0 0.0 0.0 1.0 7.0 0.0
1236.0 0.0 0.0 1.0 0.0 0.0 1.0 7.0 0.0
1237.0 0.0 0.0 1.0 0.0 0.0 1.0 7.0 0.0
1238.0 0.0 0.0 1.0 0.0 0.0 1.0 7.0 0.0
1239.0 0.0 0.0 1.0 0.0 0.0 1.0 7.0 0.0
1240.0 0.0 0.0 1.0 0.0 0.0 1.0 7.0 0.0
1241.0 0.0 0.0 1.0 0.0 0.0 1.0 7.0 0.0
1242.0 0.0 0.0 1.0 0.0 0.0 1.0 7.0 0.0
1243.0 0.0 0.0 1.0 0.0 0.0 1.0 7.0 0.0
1244.0 0.0 0.0 1.0 0.0 0.0 1.0 7.0 0.0
1245.0 0.0 0.0 1.0 0.0 0.0 1.0 7.0 0.0
1246.0 0.0 0.0 1.0 0.0 0.0 1.0 7.0 0.0
1247.0 0.0 0.0 1.0 0.0 0.0 1.0 7.0 0.0
1248.0 0.0 0.0 1.0 0.0 0.0 1.0 7.0 0.0
1249.0 0.0 0.0 1.0 0.0 0.0 1.0 7.0 0.0
1250.0 0.0 0.0 1.0 0.0 0.0 1.0 7.0 0.0
1251.0 0.0 0.0 1.0 0.0 0.0 1.0 7.0 0.0
1252.0 0.0 0.0 1.0 0.0 0.0 1.0 7.0 0.0
1253.0 0.0 0.0 1.0 0.0 0.0 1.0 7.0 0.0
1254.0 0.0 0.0 1.0 0.0 0.0 1.0 7.0 0.0
1255.0 0.0 0.0 1.0 0.0 0.0 1.0 7.0 0.0
1256.0 0.0 0.0 1.0 0.0 0.0 1.0 7.0 0.0
1257.0 0.0 0.0 1.0 0.0 0.0 1.0 7.0 0.0
1258.0 0.0 0.0 1.0 0.0 0.0 1.0 7.0 0.0
1259.0 0.0 0.0 1.0 0.0 0.0 1.0 7.0 0.0
1260.0 0.0 0.0 1.0 0.0 0.0 1.0 7.0 0.0
1261.0 0.0 0.0 1.0 0.0 0.0 1.0 7.0 0.0
1262.0 0.0 0.0 1.0 0.0 0.0 1.0 7.0 0.0
1263.0 0.0 0.0 1.0 0.0 0.0 1.0 7.0 0.0
1264.0 0.0 0.0 1.0 0.0 0.0 1.0 7.0 0.0
1265.0 0.0 0.0 1.0 0.0 0.0 1.0 7.0 0.0
1266.0 0.0 0.0 1.0 0.0 0.0 1.0 7.0 0.0
1267.0 0.0 0.0 1.0 0.0 0.0 1.0 7.0 0.0
1268.0 0.0 0.0 1.0 0.0 0.0 1.0 7.0 0.0
1269.0 0.0 0.0 1.0 0.0 0.0 1.0 7.0 0.0
1270.0 0.0 0.0 1.0 0.0 0.0 1.0 7.0 0.0
1271.0 0.0 0.0 1.0 0.0 0.0 1.0 7.0 0.0
1272.0 0.0 0.0 1.0 0.0 0.0 1.0 7.0 0.0
1273.0 0.0 0.0 1.0 0.0 0.0 1.0 7.0 0.0
1274.0 0.0 0.0 1.0 0.0 0.0 1.0 7.0 0.0
1275.0 0.0 0.0 1.0 0.0 0.0 1.0 7.0 0.0
1276.0 0.0 0.0 1.0 0.0 0.0 1.0 7.0 0.0
1277.0 0.0 0.0 1.0 0.0 0.0 1.0 7.0 0.0
1278.0 0.0 0.0 1.0 0.0 0.0 1.0 7.0 0.0
1279.0 0.0 0.0 1.0 0.0 0.0 1.0 7.0 0.0
1280.0 0.0 0.0 1.0 0.0 0.0 1.0 7.0 0.0
1281.0 0.0 0.0 1.0 0.0 0.0 1.0 7.0 0.0
1282.0 0.0 0.0 1.0 0.0 0.0 1.0 7.0 0.0
1283.0 0.0 0.0 1.0 0.0 0.0 1.0 7.0 0.0
1284.0 0.0 0.0 1.0 0.0 0.0 1.0 7.0 0.0
1285.0 0.0 0.0 1.0 0.0 0.0 1.0 7.0 0.0
1286.0 0.0 0.0 1.0 0.0 0.0 1.0 7.0 0.0
1287.0 0.0 0.0 1.0 0.0 0.0 1.0 7.0 0.0
1288.0 0.0 0.0 1.0 0.0 0.0 1.0 7.0 0.0
1289.0 0.0 0.0 1.0 0.0 0.0 1.0 7.0 0.0
1290.0 0.0 0.0 1.0 0.0 0.0 1.0 7.0 0.0
1291.0 0.0 0.0 1.0 0.0 0.0 1.0 7.0 0.0
1292.0 0.0 0.0 1.0 0.0 0.0 1.0 7.0 0.0
1293.0 0.0 0.0 1.0 0.0 0.0 1.0 7.0 0.0
1294.0 0.0 0.0 1.0 0.0 0.0 1.0 7.0 0.0
1295.0 0.0 0.0 1.0 0.0 0.0 1.0 7.0 0.0
1296.0 0.0 0.0 1.0 0.0 0.0 1.0 7.0 0.0
1297.0 0.0 0.0 1.0 0.0 0.0 1.0 7.0 0.0
1298.0 0.0 0.0 1.0 0.0 0.0 1.0 7.0 0.0
1299.0 0.0 0.0 1.0 0.0 0.0 1.0 7.0 0.0
1300.0 0.0 0.0 1.0 0.0 0.0 1.0 7.0 0.0
1301.0 0.0 0.0 1.0 0.0 0.0 1.0 7.0 0.0
1302.0 0.0 0.0 1.0 0.0 0.0 1.0 7.0 0.0
1303.0 0.0 0.0 1.0 0.0 0.0 1.0 7.0 0.0
1304.0 0.0 0.0 1.0 0.0 0.0 1.0 7.0 0.0
1305.0 0.0 0.0 1.0 0.0 0.0 1.0 7.0 0.0
1306.0 0.0 0.0 0.2625 0.7375 0.0 0.0 7.05 0.3824074074074074
1307.0020102761448 0.0 0.0 0.024999999999999994 0.975 0.0 0.0 7.6125 0.04814814814814815
1308.0020102761448 0.0 0.0 0.012500000000000018 0.9875 0.0 0.0 8.625 0.024382716049382715
1309.0020102761448 0.0 0.0 0.0 1.0 0.0 0.0 8.8625 0.0
1310.0020102761448 0.0 0.0 0.0 1.0 0.0 0.0 8.9875 0.0
1311.0020102761448 0.0 0.0 0.0 1.0 0.0 0.0 8.9875 0.0
1312.0020102761448 0.0 0.0 0.0 1.0 0.0 0.0 8.9875 0.0
1313.0020102761448 0.0 0.0 0.0 1.0 0.0 0.0 9.0 0.0
1314.0020102761448 0.0 0.0 0.0 1.0 0.0 0.0 9.0 0.0
1315.0020102761448 0.0 0.0 0.0 1.0 0.0 0.0 9.0 0.0
1316.0016460918437 0.0 0.0 0.0 1.0 0.0 0.0 9.0 0.0
1317.0020102761448 0.0 0.0 0.0 1.0 0.0 0.0 9.0 0.0
1318.0020102761448 0.0 0.0 0.0 1.0 0.0 0.0 9.0 0.0
1319.0020102761448 0.0 0.0 0.0 1.0 0.0 0.0 9.0 0.0
1320.0020102761448 0.0 0.0 0.0 1.0 0.0 0.0 9.0 0.0
1321.0020102761448 0.0 0.0 0.0 1.0 0.0 0.0 9.0 0.0
1322.0020102761448 0.0 0.0 0.0 1.0 0.0 0.0 9.0 0.0
1323.00159855516 0.0 0.0 0.0 1.0 0.0 0.0 9.0 0.0
1324.0020102761448 0.0 0.0 0.0 1.0 0.0 0.0 9.0 0.0
1325.0020102761448 0.0 0.0 0.0 1.0 0.0 0.0 9.0 0.0
1326.0020102761448 0.0 0.0 0.0 1.0 0.0 0.0 9.0 0.0
1327.0005077944318 0.0 0.0 0.0 1.0 0.0 0.0 9.0 0.0
1328.0020102761448 0.0 0.0 0.0 1.0 0.0 0.0 9.0 0.0
1329.0020102761448 0.0 0.0 0.0 1.0 0.0 0.0 9.0 0.0
1330.0020102761448 0.0 0.0 0.0 1.0 0.0 0.0 9.0 0.0
1331.0020102761448 0.0 0.0 0.0 1.0 0.0 0.0 9.0 0.0
1332.0020102761448 0.0 0.0 0.0 1.0 0.0 0.0 9.0 0.0
1333.0006407219753 0.0 0.0 0.0 1.0 0.0 0.0 9.0 0.0
1334.0020102761448 0.0 0.0 0.0 1.0 0.0 0.0 9.0 0.0
1335.0020102761448 0.0 0.0 0.0 1.0 0.0 0.0 9.0 0.0
1336.0020102761448 0.0 0.0 0.0 1.0 0.0 0.0 9.0 0.0
1337.0020102761448 0.0 0.0 0.0 1.0 0.0 0.0 9.0 0.0
1338.0011416073412 0.0 0.0 0.0 1.0 0.0 0.0 9.0 0.0
1339.0020102761448 0.0 0.0 0.0 1.0 0.0 0.0 9.0 0.0
1340.0020102761448 0.0 0.0 0.0 1.0 0.0 0.0 9.0 0.0
1341.0018163420773 0.0 0.0 0.0 1.0 0.0 0.0 9.0 0.0
1342.0020102761448 0.0 0.0 0.0 1.0 0.0 0.0 9.0 0.0
1343.0020102761448 0.0 0.0 0.0 1.0 0.0 0.0 9.0 0.0
1344.0020102761448 0.0 0.0 0.0 1.0 0.0 0.0 9.0 0.0
1345.0020102761448 0.0 0.0 0.0 1.0 0.0 0.0 9.0 0.0
1346.0020102761448 0.0 0.0 0.0 1.0 0.0 0.0 9.0 0.0
1347.0020102761448 0.0 0.0 0.0 1.0 0.0 0.0 9.0 0.0
1348.0020102761448 0.0 0.0 0.0 1.0 0.0 0.0 9.0 0.0
1349.0020102761448 0.0 0.0 0.0 1.0 0.0 0.0 9.0 0.0
1350.0020102761448 0.0 0.0 0.0 1.0 0.0 0.0 9.0 0.0
1351.0020102761448 0.0 0.0 0.0 1.0 0.0 0.0 9.0 0.0
1352.0020102761448 0.0 0.0 0.0 1.0 0.0 0.0 9.0 0.0
1353.0020102761448 0.0 0.0 0.0 1.0 0.0 0.0 9.0 0.0
1354.0020102761448 0.0 0.0 0.0 1.0 0.0 0.0 9.0 0.0
1355.0020102761448 0.0 0.0 0.0 1.0 0.0 0.0 9.0 0.0
1356.0020102761448 0.0 0.0 0.0 1.0 0.0 0.0 9.0 0.0
1357.0020102761448 0.0 0.0 0.0 1.0 0.0 0.0 9.0 0.0
1358.0020102761448 0.0 0.0 0.0 1.0 0.0 0.0 9.0 0.0
1359.0020102761448 0.0 0.0 0.0 1.0 0.0 0.0 9.0 0.0
1360.0020102761448 0.0 0.0 0.0 1.0 0.0 0.0 9.0 0.0
1361.0020102761448 0.0 0.0 0.0 1.0 0.0 0.0 9.0 0.0
1362.0020102761448 0.0 0.0 0.0 1.0 0.0 0.0 9.0 0.0
1363.0007852979797 0.0 0.0 0.0 1.0 0.0 0.0 9.0 0.0
1364.0020102761448 0.0 0.0 0.0 1.0 0.0 0.0 9.0 0.0
1365.0020102761448 0.0 0.0 0.0 1.0 0.0 0.0 9.0 0.0
1366.0020102761448 0.0 0.0 0.0 1.0 0.0 0.0 9.0 0.0
1367.0020102761448 0.0 0.0 0.0 1.0 0.0 0.0 9.0 0.0
1368.0020102761448 0.0 0.0 0.0 1.0 0.0 0.0 9.0 0.0
1369.0020102761448 0.0 0.0 0.0 1.0 0.0 0.0 9.0 0.0
1370.0020102761448 0.0 0.0 0.0 1.0 0.0 0.0 9.0 0.0
1371.0020102761448 0.0 0.0 0.0 1.0 0.0 0.0 9.0 0.0
1372.0010049061812 0.0 0.0 0.0 1.0 0.0 0.0 9.0 0.0
1373.0020102761448 0.0 0.0 0.0 1.0 0.0 0.0 9.0 0.0
1374.0020102761448 0.0 0.0 0.0 1.0 0.0 0.0 9.0 0.0
1375.0020102761448 0.0 0.0 0.0 1.0 0.0 0.0 9.0 0.0
1376.0020102761448 0.0 0.0 0.0 1.0 0.0 0.0 9.0 0.0
1377.0020102761448 0.0 0.0 0.0 1.0 0.0 0.0 9.0 0.0
1378.0020102761448 0.0 0.0 0.0 1.0 0.0 0.0 9.0 0.0
1379.0020102761448 0.0 0.0 0.0 1.0 0.0 0.0 9.0 0.0
1380.0020102761448 0.0 0.0 0.0 1.0 0.0 0.0 9.0 0.0
1381.0020102761448 0.0 0.0 0.0 1.0 0.0 0.0 9.0 0.0
1382.0020102761448 0.0 0.0 0.0 1.0 0.0 0.0 9.0 0.0
1383.0020102761448 0.0 0.0 0.0 1.0 0.0 0.0 9.0 0.0
1384.0020102761448 0.0 0.0 0.0 1.0 0.0 0.0 9.0 0.0
1385.0016500034428 0.0 0.0 0.0 1.0 0.0 0.0 9.0 0.0
1386.0020102761448 0.0 0.0 0.0 1.0 0.0 0.0 9.0 0.0
1387.0020102761448 0.0 0.0 0.0 1.0 0.0 0.0 9.0 0.0
1388.0020102761448 0.0 0.0 0.0 1.0 0.0 0.0 9.0 0.0
1389.0020102761448 0.0 0.0 0.0 1.0 0.0 0.0 9.0 0.0
1390.0020102761448 0.0 0.0 0.0 1.0 0.0 0.0 9.0 0.0
1391.0020102761448 0.0 0.0 0.0 1.0 0.0 0.0 9.0 0.0
1392.0006186402431 0.0 0.0 0.0 1.0 0.0 0.0 9.0 0.0
1393.0020102761448 0.0 0.0 0.0 1.0 0.0 0.0 9.0 0.0
1394.0020102761448 0.0 0.0 0.0 1.0 0.0 0.0 9.0 0.0
1395.0020102761448 0.0 0.0 0.0 1.0 0.0 0.0 9.0 0.0
1396.0020102761448 0.0 0.0 0.0 1.0 0.0 0.0 9.0 0.0
1397.0020102761448 0.0 0.0 0.0 1.0 0.0 0.0 9.0 0.0
1398.0020102761448 0.0 0.0 0.0 1.0 0.0 0.0 9.0 0.0
1399.0020102761448 0.0 0.0 0.0 1.0 0.0 0.0 9.0 0.0
1400.0020102761448 0.0 0.0 0.0 1.0 0.0 0.0 9.0 0.0
1401.0020102761448 0.0 0.0 0.0 1.0 0.0 0.0 9.0 0.0
1402.0020102761448 0.0 0.0 0.0 1.0 0.0 0.0 9.0 0.0
1403.0020102761448 0.0 0.0 0.0 1.0 0.0 0.0 9.0 0.0
1404.0020102761448 0.0 0.0 0.0 1.0 0.0 0.0 9.0 0.0
1405.0020102761448 0.0 0.0 0.0 1.0 0.0 0.0 9.0 0.0
1406.0020102761448 0.0 0.0 0.0 1.0 0.0 0.0 9.0 0.0
1407.0020102761448 0.0 0.0 0.0 1.0 0.0 0.0 9.0 0.0
1408.0003020248082 0.0 0.0 0.0 1.0 0.0 0.0 9.0 0.0
1409.0020102761448 0.0 0.0 0.0 1.0 0.0 0.0 9.0 0.0
1410.0020102761448 0.0 0.0 0.0 1.0 0.0 0.0 9.0 0.0
1411.0020102761448 0.0 0.0 0.0 1.0 0.0 0.0 9.0 0.0
1412.0011418003282 0.0 0.0 0.0 1.0 0.0 0.0 9.0 0.0
1413.0020102761448 0.0 0.0 0.0 1.0 0.0 0.0 9.0 0.0
1414.0020102761448 0.0 0.0 0.0 1.0 0.0 0.0 9.0 0.0
1415.0020102761448 0.0 0.0 0.0 1.0 0.0 0.0 9.0 0.0
1416.0020102761448 0.0 0.0 0.0 1.0 0.0 0.0 9.0 0.0
1417.0020102761448 0.0 0.0 0.0 1.0 0.0 0.0 9.0 0.0
1418.0020102761448 0.0 0.0 0.0 1.0 0.0 0.0 9.0 0.0
1419.0020102761448 0.0 0.0 0.0 1.0 0.0 0.0 9.0 0.0
1420.0020102761448 0.0 0.0 0.0 1.0 0.0 0.0 9.0 0.0
1421.0020102761448 0.0 0.0 0.0 1.0 0.0 0.0 9.0 0.0
1422.0020102761448 0.0 0.0 0.0 1.0 0.0 0.0 9.0 0.0
1423.0020102761448 0.0 0.0 0.0 1.0 0.0 0.0 9.0 0.0
1424.0020102761448 0.0 0.0 0.0 1.0 0.0 0.0 9.0 0.0
1425.0020102761448 0.0 0.0 0.0 1.0 0.0 0.0 9.0 0.0
1426.0020102761448 0.0 0.0 0.0 1.0 0.0 0.0 9.0 0.0
1427.0020102761448 0.0 0.0 0.0 1.0 0.0 0.0 9.0 0.0
1428.0020102761448 0.0 0.0 0.0 1.0 0.0 0.0 9.0 0.0
1429.0020102761448 0.0 0.0 0.0 1.0 0.0 0.0 9.0 0.0
1430.0020102761448 0.0 0.0 0.0 1.0 0.0 0.0 9.0 0.0
1431.0020102761448 0.0 0.0 0.0 1.0 0.0 0.0 9.0 0.0
1432.0020102761448 0.0 0.0 0.0 1.0 0.0 0.0 9.0 0.0
1433.0020102761448 0.0 0.0 0.0 1.0 0.0 0.0 9.0 0.0
1434.0005277467194 0.0 0.0 0.0 1.0 0.0 0.0 9.0 0.0
1435.0020102761448 0.0 0.0 0.0 1.0 0.0 0.0 9.0 0.0
1436.0020102761448 0.0 0.0 0.0 1.0 0.0 0.0 9.0 0.0
1437.0020102761448 0.0 0.0 0.0 1.0 0.0 0.0 9.0 0.0
1438.0020102761448 0.0 0.0 0.0 1.0 0.0 0.0 9.0 0.0
1439.0020102761448 0.0 0.0 0.0 1.0 0.0 0.0 9.0 0.0
1440.0020102761448 0.0 0.0 0.0 1.0 0.0 0.0 9.0 0.0
1441.0020102761448 0.0 0.0 0.0 1.0 0.0 0.0 9.0 0.0
1442.0020102761448 0.0 0.0 0.0 1.0 0.0 0.0 9.0 0.0
1443.0020102761448 0.0 0.0 0.0 1.0 0.0 0.0 9.0 0.0
1444.0020102761448 0.0 0.0 0.0 1.0 0.0 0.0 9.0 0.0
1445.0020102761448 0.0 0.0 0.0 1.0 0.0 0.0 9.0 0.0
1446.0020102761448 0.0 0.0 0.0 1.0 0.0 0.0 9.0 0.0
1447.0020102761448 0.0 0.0 0.0 1.0 0.0 0.0 9.0 0.0
1448.0020102761448 0.0 0.0 0.0 1.0 0.0 0.0 9.0 0.0
1449.0020102761448 0.0 0.0 0.0 1.0 0.0 0.0 9.0 0.0
1450.0020102761448 0.0 0.0 0.0 1.0 0.0 0.0 9.0 0.0
1451.0020102761448 0.0 0.0 0.0 1.0 0.0 0.0 9.0 0.0
1452.0020102761448 0.0 0.0 0.0 1.0 0.0 0.0 9.0 0.0
1453.0020102761448 0.0 0.0 0.0 1.0 0.0 0.0 9.0 0.0
1454.0020102761448 0.0 0.0 0.0 1.0 0.0 0.0 9.0 0.0
1455.0020102761448 0.0 0.0 0.0 1.0 0.0 0.0 9.0 0.0
1456.0015508606366 0.0 0.0 0.0 1.0 0.0 0.0 9.0 0.0
1457.0020102761448 0.0 0.0 0.0 1.0 0.0 0.0 9.0 0.0
1458.0020102761448 0.0 0.0 0.0 1.0 0.0 0.0 9.0 0.0
1459.0020102761448 0.0 0.0 0.0 1.0 0.0 0.0 9.0 0.0
1460.0020102761448 0.0 0.0 0.0 1.0 0.0 0.0 9.0 0.0
1461.0020102761448 0.0 0.0 0.0 1.0 0.0 0.0 9.0 0.0
1462.0020102761448 0.0 0.0 0.0 1.0 0.0 0.0 9.0 0.0
1463.0020102761448 0.0 0.0 0.0 1.0 0.0 0.0 9.0 0.0
1464.0020102761448 0.0 0.0 0.0 1.0 0.0 0.0 9.0 0.0
1465.0020102761448 0.0 0.0 0.0 1.0 0.0 0.0 9.0 0.0
1466.0020102761448 0.0 0.0 0.0 1.0 0.0 0.0 9.0 0.0
1467.0020102761448 0.0 0.0 0.0 1.0 0.0 0.0 9.0 0.0
1468.0020102761448 0.0 0.0 0.0 1.0 0.0 0.0 9.0 0.0
1469.0020102761448 0.0 0.0 0.0 1.0 0.0 0.0 9.0 0.0
1470.0020102761448 0.0 0.0 0.0 1.0 0.0 0.0 9.0 0.0
1471.0020102761448 0.0 0.0 0.0 1.0 0.0 0.0 9.0 0.0
1472.0020102761448 0.0 0.0 0.0 1.0 0.0 0.0 9.0 0.0
1473.0020102761448 0.0 0.0 0.0 1.0 0.0 0.0 9.0 0.0
1474.0020102761448 0.0 0.0 0.0 1.0 0.0 0.0 9.0 0.0
1475.0020102761448 0.0 0.0 0.0 1.0 0.0 0.0 9.0 0.0
1476.0020102761448 0.0 0.0 0.0 1.0 0.0 0.0 9.0 0.0
1477.0020102761448 0.0 0.0 0.0 1.0 0.0 0.0 9.0 0.0
1478.0020102761448 0.0 0.0 0.0 1.0 0.0 0.0 9.0 0.0
1479.0020102761448 0.0 0.0 0.0 1.0 0.0 0.0 9.0 0.0
1480.0020102761448 0.0 0.0 0.0 1.0 0.0 0.0 9.0 0.0
1481.0020102761448 0.0 0.0 0.0 1.0 0.0 0.0 9.0 0.0
1482.0020102761448 0.0 0.0 0.0 1.0 0.0 0.0 9.0 0.0
1483.00072379081 0.0 0.0 0.0 1.0 0.0 0.0 9.0 0.0
1484.0020102761448 0.0 0.0 0.0 1.0 0.0 0.0 9.0 0.0
1485.0020102761448 0.0 0.0 0.0 1.0 0.0 0.0 9.0 0.0
1486.0020102761448 0.0 0.0 0.0 1.0 0.0 0.0 9.0 0.0
1487.0020102761448 0.0 0.0 0.0 1.0 0.0 0.0 9.0 0.0
1488.0020102761448 0.0 0.0 0.0 1.0 0.0 0.0 9.0 0.0
1489.0020102761448 0.0 0.0 0.0 1.0 0.0 0.0 9.0 0.0
1490.0020102761448 0.0 0.0 0.0 1.0 0.0 0.0 9.0 0.0
1491.0020102761448 0.0 0.0 0.0 1.0 0.0 0.0 9.0 0.0
1492.0020102761448 0.0 0.0 0.0 1.0 0.0 0.0 9.0 0.0
1493.0020102761448 0.0 0.0 0.0 1.0 0.0 0.0 9.0 0.0
1494.0020102761448 0.0 0.0 0.0 1.0 0.0 0.0 9.0 0.0
1495.0020102761448 0.0 0.0 0.0 1.0 0.0 0.0 9.0 0.0
1496.0020102761448 0.0 0.0 0.0 1.0 0.0 0.0 9.0 0.0
1497.0020102761448 0.0 0.0 0.0 1.0 0.0 0.0 9.0 0.0
1498.0020102761448 0.0 0.0 0.0 1.0 0.0 0.0 9.0 0.0
1499.0020102761448 0.0 0.0 0.0 1.0 0.0 0.0 9.0 0.0
1500.0020102761448 0.0 0.0 0.0 1.0 0.0 0.0 9.0 0.0
1501.0020102761448 0.0 0.0 0.0 1.0 0.0 0.0 9.0 0.0
1502.0020102761448 0.0 0.0 0.0 1.0 0.0 0.0 9.0 0.0
1503.0008079418426 0.0 0.0 0.0 1.0 0.0 0.0 9.0 0.0
1504.0020102761448 0.0 0.0 0.0 1.0 0.0 0.0 9.0 0.0
1505.0020102761448 0.0 0.0 0.0 1.0 0.0 0.0 9.0 0.0
1506.0013016467565 0.0 0.0 0.0 1.0 0.0 0.0 9.0 0.0
1507.0010955301132 0.0 0.0 0.0 1.0 0.0 0.0 9.0 0.0
1508.0019758761857 0.0 0.0 0.0 1.0 0.0 0.0 9.0 0.0
1509.0020102761448 0.0 0.0 0.0 1.0 0.0 0.0 9.0 0.0
1510.0020102761448 0.0 0.0 0.0 1.0 0.0 0.0 9.0 0.0
1511.0003057512492 0.0 0.0 0.0 1.0 0.0 0.0 9.0 0.0
1512.0020102761448 0.0 0.0 0.0 1.0 0.0 0.0 9.0 0.0
1513.0020102761448 0.0 0.0 0.0 1.0 0.0 0.0 9.0 0.0
1514.0020102761448 0.0 0.0 0.0 1.0 0.0 0.0 9.0 0.0
1515.0019877779534 0.0 0.0 0.0 1.0 0.0 0.0 9.0 0.0
1516.0020102761448 0.0 0.0 0.0 1.0 0.0 0.0 9.0 0.0
1517.0020102761448 0.0 0.0 0.0 1.0 0.0 0.0 9.0 0.0
1518.0020102761448 0.0 0.0 0.0 1.0 0.0 0.0 9.0 0.0
1519.0020102761448 0.0 0.0 0.0 1.0 0.0 0.0 9.0 0.0
1520.0020102761448 0.0 0.0 0.0 1.0 0.0 0.0 9.0 0.0
1521.0020102761448 0.0 0.0 0.0 1.0 0.0 0.0 9.0 0.0
1522.0020102761448 0.0 0.0 0.0 1.0 0.0 0.0 9.0 0.0
1523.0020102761448 0.0 0.0 0.0 1.0 0.0 0.0 9.0 0.0
1524.0020102761448 0.0 0.0 0.0 1.0 0.0 0.0 9.0 0.0
1525.0020102761448 0.0 0.0 0.0 1.0 0.0 0.0 9.0 0.0
1526.0020102761448 0.0 0.0 0.0 1.0 0.0 0.0 9.0 0.0
1527.0020102761448 0.0 0.0 0.0 1.0 0.0 0.0 9.0 0.0
1528.0020102761448 0.0 0.0 0.0 1.0 0.0 0.0 9.0 0.0
1529.0016420774425 0.0 0.0 0.0 1.0 0.0 0.0 9.0 0.0
1530.0020102761448 0.0 0.0 0.0 1.0 0.0 0.0 9.0 0.0
1531.0017181054682 0.0 0.0 0.0 1.0 0.0 0.0 9.0 0.0
1532.0020102761448 0.0 0.0 0.0 1.0 0.0 0.0 9.0 0.0
1533.0020102761448 0.0 0.0 0.0 1.0 0.0 0.0 9.0 0.0
1534.0020102761448 0.0 0.0 0.0 1.0 0.0 0.0 9.0 0.0
1535.0020102761448 0.0 0.0 0.0 1.0 0.0 0.0 9.0 0.0
1536.0020102761448 0.0 0.0 0.0 1.0 0.0 0.0 9.0 0.0
1537.0020102761448 0.0 0.0 0.0 1.0 0.0 0.0 9.0 0.0
1538.0020102761448 0.0 0.0 0.0 1.0 0.0 0.0 9.0 0.0
1539.0020102761448 0.0 0.0 0.0 1.0 0.0 0.0 9.0 0.0
1540.0020102761448 0.0 0.0 0.0 1.0 0.0 0.0 9.0 0.0
1541.0001447410943 0.0 0.0 0.0 1.0 0.0 0.0 9.0 0.0
1542.0020102761448 0.0 0.0 0.0 1.0 0.0 0.0 9.0 0.0
1543.0020102761448 0.0 0.0 0.0 1.0 0.0 0.0 9.0 0.0
1544.0020102761448 0.0 0.0 0.0 1.0 0.0 0.0 9.0 0.0
1545.0020102761448 0.0 0.0 0.0 1.0 0.0 0.0 9.0 0.0
1546.0020102761448 0.0 0.0 0.0 1.0 0.0 0.0 9.0 0.0
1547.0020102761448 0.0 0.0 0.0 1.0 0.0 0.0 9.0 0.0
1548.0020102761448 0.0 0.0 0.0 1.0 0.0 0.0 9.0 0.0
1549.0020102761448 0.0 0.0 0.0 1.0 0.0 0.0 9.0 0.0
1550.0018727880465 0.0 0.0 0.0 1.0 0.0 0.0 9.0 0.0
1551.0020102761448 0.0 0.0 0.0 1.0 0.0 0.0 9.0 0.0
1552.0020102761448 0.0 0.0 0.0 1.0 0.0 0.0 9.0 0.0
1553.0020102761448 0.0 0.0 0.0 1.0 0.0 0.0 9.0 0.0
1554.0020102761448 0.0 0.0 0.0 1.0 0.0 0.0 9.0 0.0
1555.0020102761448 0.0 0.0 0.0 1.0 0.0 0.0 9.0 0.0
1556.0020102761448 0.0 0.0 0.0 1.0 0.0 0.0 9.0 0.0
1557.0020102761448 0.0 0.0 0.0 1.0 0.0 0.0 9.0 0.0
1558.0020102761448 0.0 0.0 0.0 1.0 0.0 0.0 9.0 0.0
1559.0020102761448 0.0 0.0 0.0 1.0 0.0 0.0 9.0 0.0
1560.0020102761448 0.0 0.0 0.0 1.0 0.0 0.0 9.0 0.0
1561.0020102761448 0.0 0.0 0.0 1.0 0.0 0.0 9.0 0.0
1562.0020102761448 0.0 0.0 0.0 1.0 0.0 0.0 9.0 0.0
1563.0020102761448 0.0 0.0 0.0 1.0 0.0 0.0 9.0 0.0
1564.0020102761448 0.0 0.0 0.0 1.0 0.0 0.0 9.0 0.0
1565.0020102761448 0.0 0.0 0.0 1.0 0.0 0.0 9.0 0.0
1566.0020102761448 0.0 0.0 0.0 1.0 0.0 0.0 9.0 0.0
1567.0020102761448 0.0 0.0 0.0 1.0 0.0 0.0 9.0 0.0
1568.0020102761448 0.0 0.0 0.0 1.0 0.0 0.0 9.0 0.0
1569.0020102761448 0.0 0.0 0.0 1.0 0.0 0.0 9.0 0.0
1570.0020102761448 0.0 0.0 0.0 1.0 0.0 0.0 9.0 0.0
1571.0020102761448 0.0 0.0 0.0 1.0 0.0 0.0 9.0 0.0
1572.0020102761448 0.0 0.0 0.0 1.0 0.0 0.0 9.0 0.0
1573.0020102761448 0.0 0.0 0.0 1.0 0.0 0.0 9.0 0.0
1574.0020102761448 0.0 0.0 0.0 1.0 0.0 0.0 9.0 0.0
1575.0020102761448 0.0 0.0 0.0 1.0 0.0 0.0 9.0 0.0
1576.0020102761448 0.0 0.0 0.0 1.0 0.0 0.0 9.0 0.0
1577.0020102761448 0.0 0.0 0.0 1.0 0.0 0.0 9.0 0.0
1578.001278497223 0.0 0.0 0.0 1.0 0.0 0.0 9.0 0.0
1579.0020102761448 0.0 0.0 0.0 1.0 0.0 0.0 9.0 0.0
1580.0020102761448 0.0 0.0 0.0 1.0 0.0 0.0 9.0 0.0
1581.0020102761448 0.0 0.0 0.0 1.0 0.0 0.0 9.0 0.0
1582.0020102761448 0.0 0.0 0.0 1.0 0.0 0.0 9.0 0.0
1583.0020102761448 0.0 0.0 0.0 1.0 0.0 0.0 9.0 0.0
1584.0020102761448 0.0 0.0 0.0 1.0 0.0 0.0 9.0 0.0
1585.0020102761448 0.0 0.0 0.0 1.0 0.0 0.0 9.0 0.0
1586.0020102761448 0.0 0.0 0.0 1.0 0.0 0.0 9.0 0.0
1587.0020102761448 0.0 0.0 0.0 1.0 0.0 0.0 9.0 0.0
1588.0020102761448 0.0 0.0 0.0 1.0 0.0 0.0 9.0 0.0
1589.0020102761448 0.0 0.0 0.0 1.0 0.0 0.0 9.0 0.0
1590.0020102761448 0.0 0.0 0.0 1.0 0.0 0.0 9.0 0.0
1591.0020102761448 0.0 0.0 0.0 1.0 0.0 0.0 9.0 0.0
1592.0020102761448 0.0 0.0 0.0 1.0 0.0 0.0 9.0 0.0
1593.0020102761448 0.0 0.0 0.0 1.0 0.0 0.0 9.0 0.0
1594.0008929512762 0.0 0.0 0.0 1.0 0.0 0.0 9.0 0.0
1595.0020102761448 0.0 0.0 0.0 1.0 0.0 0.0 9.0 0.0
1596.0020102761448 0.0 0.0 0.0 1.0 0.0 0.0 9.0 0.0
1597.0020102761448 0.0 0.0 0.0 1.0 0.0 0.0 9.0 0.0
1598.0020102761448 0.0 0.0 0.0 1.0 0.0 0.0 9.0 0.0
1599.0020102761448 0.0 0.0 0.0 1.0 0.0 0.0 9.0 0.0
1600.0020102761448 0.0 0.0 0.0 1.0 0.0 0.0 9.0 0.0
1601.0020102761448 0.0 0.0 0.0 1.0 0.0 0.0 9.0 0.0
1602.0020102761448 0.0 0.0 0.0 1.0 0.0 0.0 9.0 0.0
1603.0020102761448 0.0 0.0 0.0 1.0 0.0 0.0 9.0 0.0
1604.0020102761448 0.0 0.0 0.0 1.0 0.0 0.0 9.0 0.0
1605.0020102761448 0.0 0.0 0.0 1.0 0.0 0.0 9.0 0.0
1606.0020102761448 0.0 0.0 0.0 1.0 0.0 0.0 9.0 0.0
1607.0020102761448 0.0 0.0 0.0 1.0 0.0 0.0 9.0 0.0
1608.0020102761448 0.0 0.0 0.0 1.0 0.0 0.0 9.0 0.0
1609.0020102761448 0.0 0.0 0.0 1.0 0.0 0.0 9.0 0.0
1610.0020102761448 0.0 0.0 0.0 1.0 0.0 0.0 9.0 0.0
1611.001820763525 0.0 0.0 0.0 1.0 0.0 0.0 9.0 0.0
1612.0008388690715 0.0 0.0 0.0 1.0 0.0 0.0 9.0 0.0
1613.0020102761448 0.0 0.0 0.0 1.0 0.0 0.0 9.0 0.0
1614.0020102761448 0.0 0.0 0.0 1.0 0.0 0.0 9.0 0.0
1615.0020102761448 0.0 0.0 0.0 1.0 0.0 0.0 9.0 0.0
1616.0020102761448 0.0 0.0 0.0 1.0 0.0 0.0 9.0 0.0
1617.0019598521978 0.0 0.0 0.0 1.0 0.0 0.0 9.0 0.0
1618.0020102761448 0.0 0.0 0.0 1.0 0.0 0.0 9.0 0.0
1619.0020102761448 0.0 0.0 0.0 1.0 0.0 0.0 9.0 0.0
1620.0020102761448 0.0 0.0 0.0 1.0 0.0 0.0 9.0 0.0
1621.0020102761448 0.0 0.0 0.0 1.0 0.0 0.0 9.0 0.0
1622.0020102761448 0.0 0.0 0.0 1.0 0.0 0.0 9.0 0.0
1623.0012979970145 0.0 0.0 0.0 1.0 0.0 0.0 9.0 0.0
1624.002005231773 0.0 0.0 0.0 1.0 0.0 0.0 9.0 0.0
1625.0005413958045 0.0 0.0 0.0 1.0 0.0 0.0 9.0 0.0
1626.0020102761448 0.0 0.0 0.0 1.0 0.0 0.0 9.0 0.0
1627.0020102761448 0.0 0.0 0.0 1.0 0.0 0.0 9.0 0.0
1628.0020102761448 0.0 0.0 0.0 1.0 0.0 0.0 9.0 0.0
1629.0020102761448 0.0 0.0 0.0 1.0 0.0 0.0 9.0 0.0
1630.0020102761448 0.0 0.0 0.0 1.0 0.0 0.0 9.0 0.0
1631.0020102761448 0.0 0.0 0.0 1.0 0.0 0.0 9.0 0.0
1632.0020102761448 0.0 0.0 0.0 1.0 0.0 0.0 9.0 0.0
1633.0017179949502 0.0 0.0 0.0 1.0 0.0 0.0 9.0 0.0
1634.0020102761448 0.0 0.0 0.0 1.0 0.0 0.0 9.0 0.0
1635.0020102761448 0.0 0.0 0.0 1.0 0.0 0.0 9.0 0.0
1636.0018854294894 0.0 0.0 0.0 1.0 0.0 0.0 9.0 0.0
1637.0020102761448 0.0 0.0 0.0 1.0 0.0 0.0 9.0 0.0
1638.0020102761448 0.0 0.0 0.0 1.0 0.0 0.0 9.0 0.0
1639.0020102761448 0.0 0.0 0.0 1.0 0.0 0.0 9.0 0.0
1640.0020102761448 0.0 0.0 0.0 1.0 0.0 0.0 9.0 0.0
1641.0020102761448 0.0 0.0 0.0 1.0 0.0 0.0 9.0 0.0
1642.0019718913409 0.0 0.0 0.0 1.0 0.0 0.0 9.0 0.0
1643.0020102761448 0.0 0.0 0.0 1.0 0.0 0.0 9.0 0.0
1644.0020102761448 0.0 0.0 0.0 1.0 0.0 0.0 9.0 0.0
1645.0020102761448 0.0 0.0 0.0 1.0 0.0 0.0 9.0 0.0
1646.0020102761448 0.0 0.0 0.0 1.0 0.0 0.0 9.0 0.0
1647.0020102761448 0.0 0.0 0.0 1.0 0.0 0.0 9.0 0.0
1648.0020102761448 0.0 0.0 0.0 1.0 0.0 0.0 9.0 0.0
1649.0001191817234 0.0 0.0 0.0 1.0 0.0 0.0 9.0 0.0
1650.0020102761448 0.0 0.0 0.0 1.0 0.0 0.0 9.0 0.0
1651.0020102761448 0.0 0.0 0.0 1.0 0.0 0.0 9.0 0.0
1652.0020102761448 0.0 0.0 0.0 1.0 0.0 0.0 9.0 0.0
1653.0020102761448 0.0 0.0 0.0 1.0 0.0 0.0 9.0 0.0
1654.0020102761448 0.0 0.0 0.0 1.0 0.0 0.0 9.0 0.0
1655.0002243489873 0.0 0.0 0.0 1.0 0.0 0.0 9.0 0.0
1656.0015522307178 0.0 0.0 0.0 1.0 0.0 0.0 9.0 0.0
1657.0020102761448 0.0 0.0 0.0 1.0 0.0 0.0 9.0 0.0
1658.0020102761448 0.0 0.0 0.0 1.0 0.0 0.0 9.0 0.0
1659.0020102761448 0.0 0.0 0.0 1.0 0.0 0.0 9.0 0.0
1660.0020102761448 0.0 0.0 0.0 1.0 0.0 0.0 9.0 0.0
1661.0020102761448 0.0 0.0 0.0 1.0 0.0 0.0 9.0 0.0
1662.0006173037325 0.0 0.0 0.0 1.0 0.0 0.0 9.0 0.0
1663.001054075032 0.0 0.0 0.0 1.0 0.0 0.0 9.0 0.0
1664.0020102761448 0.0 0.0 0.0 1.0 0.0 0.0 9.0 0.0
1665.0020102761448 0.0 0.0 0.0 1.0 0.0 0.0 9.0 0.0
1666.0020102761448 0.0 0.0 0.0 1.0 0.0 0.0 9.0 0.0
1667.0020102761448 0.0 0.0 0.0 1.0 0.0 0.0 9.0 0.0
1668.0020102761448 0.0 0.0 0.0 1.0 0.0 0.0 9.0 0.0
1669.0020102761448 0.0 0.0 0.0 1.0 0.0 0.0 9.0 0.0
1670.0000003988152 0.0 0.0 0.0 1.0 0.0 0.0 9.0 0.0
1671.0020102761448 0.0 0.0 0.0 1.0 0.0 0.0 9.0 0.0
1672.0011028094893 0.0 0.0 0.0 1.0 0.0 0.0 9.0 0.0
1673.0020102761448 0.0 0.0 0.0 1.0 0.0 0.0 9.0 0.0
1674.0020102761448 0.0 0.0 0.0 1.0 0.0 0.0 9.0 0.0
1675.0012337828675 0.0 0.0 0.0 1.0 0.0 0.0 9.0 0.0
1676.0015571463211 0.0 0.0 0.0 1.0 0.0 0.0 9.0 0.0
1677.0020102761448 0.0 0.0 0.0 1.0 0.0 0.0 9.0 0.0
1678.0020102761448 0.0 0.0 0.0 1.0 0.0 0.0 9.0 0.0
1679.0020102761448 0.0 0.0 0.0 1.0 0.0 0.0 9.0 0.0
1680.0020102761448 0.0 0.0 0.0 1.0 0.0 0.0 9.0 0.0
1681.0020102761448 0.0 0.0 0.0 1.0 0.0 0.0 9.0 0.0
1682.0020102761448 0.0 0.0 0.0 1.0 0.0 0.0 9.0 0.0
1683.0020102761448 0.0 0.0 0.0 1.0 0.0 0.0 9.0 0.0
1684.0020102761448 0.0 0.0 0.0 1.0 0.0 0.0 9.0 0.0
1685.0020102761448 0.0 0.0 0.0 1.0 0.0 0.0 9.0 0.0
1686.0020102761448 0.0 0.0 0.0 1.0 0.0 0.0 9.0 0.0
1687.0020102761448 0.0 0.0 0.0 1.0 0.0 0.0 9.0 0.0
1688.0020102761448 0.0 0.0 0.0 1.0 0.0 0.0 9.0 0.0
1689.0020102761448 0.0 0.0 0.0 1.0 0.0 0.0 9.0 0.0
1690.000131575423 0.0 0.0 0.0 1.0 0.0 0.0 9.0 0.0
1691.0020102761448 0.0 0.0 0.0 1.0 0.0 0.0 9.0 0.0
1692.0020102761448 0.0 0.0 0.0 1.0 0.0 0.0 9.0 0.0
1693.0020102761448 0.0 0.0 0.0 1.0 0.0 0.0 9.0 0.0
1694.0008453860078 0.0 0.0 0.0 1.0 0.0 0.0 9.0 0.0
1695.0020102761448 0.0 0.0 0.0 1.0 0.0 0.0 9.0 0.0
1696.0020102761448 0.0 0.0 0.0 1.0 0.0 0.0 9.0 0.0
1697.0020102761448 0.0 0.0 0.0 1.0 0.0 0.0 9.0 0.0
1698.0020102761448 0.0 0.0 0.0 1.0 0.0 0.0 9.0 0.0
1699.0020102761448 0.0 0.0 0.0 1.0 0.0 0.0 9.0 0.0
1700.0020102761448 0.0 0.0 0.0 1.0 0.0 0.0 9.0 0.0
1701.0020102761448 0.0 0.0 0.0 1.0 0.0 0.0 9.0 0.0
1702.0020102761448 0.0 0.0 0.0 1.0 0.0 0.0 9.0 0.0
1703.0020102761448 0.0 0.0 0.0 1.0 0.0 0.0 9.0 0.0
1704.0020102761448 0.0 0.0 0.0 1.0 0.0 0.0 9.0 0.0
1705.0011230971802 0.0 0.0 0.0 1.0 0.0 0.0 9.0 0.0
1706.0020102761448 0.0 0.0 0.0 1.0 0.0 0.0 9.0 0.0
1707.0020102761448 0.0 0.0 0.0 1.0 0.0 0.0 9.0 0.0
1708.0006585740844 0.0 0.0 0.0 1.0 0.0 0.0 9.0 0.0
1709.0016696258822 0.0 0.0 0.0 1.0 0.0 0.0 9.0 0.0
1710.0020102761448 0.0 0.0 0.0 1.0 0.0 0.0 9.0 0.0
1711.0020102761448 0.0 0.0 0.0 1.0 0.0 0.0 9.0 0.0
1712.0020102761448 0.0 0.0 0.0 1.0 0.0 0.0 9.0 0.0
1713.0020102761448 0.0 0.0 0.0 1.0 0.0 0.0 9.0 0.0
1714.0002807522983 0.0 0.0 0.0 1.0 0.0 0.0 9.0 0.0
1715.0020102761448 0.0 0.0 0.0 1.0 0.0 0.0 9.0 0.0
1716.0009665981484 0.0 0.0 0.0 1.0 0.0 0.0 9.0 0.0
1717.0020102761448 0.0 0.0 0.0 1.0 0.0 0.0 9.0 0.0
1718.0001927758635 0.0 0.0 0.0 1.0 0.0 0.0 9.0 0.0
1719.0020102761448 0.0 0.0 0.0 1.0 0.0 0.0 9.0 0.0
1720.0020102761448 0.0 0.0 0.0 1.0 0.0 0.0 9.0 0.0
1721.0020102761448 0.0 0.0 0.0 1.0 0.0 0.0 9.0 0.0
1722.0020102761448 0.0 0.0 0.0 1.0 0.0 0.0 9.0 0.0
1723.0020102761448 0.0 0.0 0.0 1.0 0.0 0.0 9.0 0.0
1724.0020102761448 0.0 0.0 0.0 1.0 0.0 0.0 9.0 0.0
1725.0020102761448 0.0 0.0 0.0 1.0 0.0 0.0 9.0 0.0
1726.0020102761448 0.0 0.0 0.0 1.0 0.0 0.0 9.0 0.0
1727.0018911539914 0.0 0.0 0.0 1.0 0.0 0.0 9.0 0.0
1728.0020102761448 0.0 0.0 0.0 1.0 0.0 0.0 9.0 0.0
1729.0020102761448 0.0 0.0 0.0 1.0 0.0 0.0 9.0 0.0
1730.0011072865193 0.0 0.0 0.0 1.0 0.0 0.0 9.0 0.0
1731.0020102761448 0.0 0.0 0.0 1.0 0.0 0.0 9.0 0.0
1732.0020102761448 0.0 0.0 0.0 1.0 0.0 0.0 9.0 0.0
1733.0020102761448 0.0 0.0 0.0 1.0 0.0 0.0 9.0 0.0
1734.0020102761448 0.0 0.0 0.0 1.0 0.0 0.0 9.0 0.0
1735.0020102761448 0.0 0.0 0.0 1.0 0.0 0.0 9.0 0.0
1736.0020102761448 0.0 0.0 0.0 1.0 0.0 0.0 9.0 0.0
1737.0020102761448 0.0 0.0 0.0 1.0 0.0 0.0 9.0 0.0
1738.0020102761448 0.0 0.0 0.0 1.0 0.0 0.0 9.0 0.0
1739.0020102761448 0.0 0.0 0.0 1.0 0.0 0.0 9.0 0.0
1740.0020102761448 0.0 0.0 0.0 1.0 0.0 0.0 9.0 0.0
1741.0020102761448 0.0 0.0 0.0 1.0 0.0 0.0 9.0 0.0
1742.0020102761448 0.0 0.0 0.0 1.0 0.0 0.0 9.0 0.0
1743.0020102761448 0.0 0.0 0.0 1.0 0.0 0.0 9.0 0.0
1744.0020102761448 0.0 0.0 0.0 1.0 0.0 0.0 9.0 0.0
1745.0020102761448 0.0 0.0 0.0 1.0 0.0 0.0 9.0 0.0
1746.0020102761448 0.0 0.0 0.0 1.0 0.0 0.0 9.0 0.0
1747.0007561290736 0.0 0.0 0.0 1.0 0.0 0.0 9.0 0.0
1748.0020102761448 0.0 0.0 0.0 1.0 0.0 0.0 9.0 0.0
1749.0020102761448 0.0 0.0 0.0 1.0 0.0 0.0 9.0 0.0
1750.0020102761448 0.0 0.0 0.0 1.0 0.0 0.0 9.0 0.0
1751.0020102761448 0.0 0.0 0.0 1.0 0.0 0.0 9.0 0.0
1752.0020102761448 0.0 0.0 0.0 1.0 0.0 0.0 9.0 0.0
1753.0003973599644 0.0 0.0 0.0 1.0 0.0 0.0 9.0 0.0
1754.0020102761448 0.0 0.0 0.0 1.0 0.0 0.0 9.0 0.0
1755.0020102761448 0.0 0.0 0.0 1.0 0.0 0.0 9.0 0.0
1756.0020102761448 0.0 0.0 0.0 1.0 0.0 0.0 9.0 0.0
1757.0020102761448 0.0 0.0 0.0 1.0 0.0 0.0 9.0 0.0
1758.0020102761448 0.0 0.0 0.0 1.0 0.0 0.0 9.0 0.0
1759.0020102761448 0.0 0.0 0.0 1.0 0.0 0.0 9.0 0.0
1760.0020102761448 0.0 0.0 0.0 1.0 0.0 0.0 9.0 0.0
1761.0020102761448 0.0 0.0 0.0 1.0 0.0 0.0 9.0 0.0
1762.0020102761448 0.0 0.0 0.0 1.0 0.0 0.0 9.0 0.0
1763.0018580347748 0.0 0.0 0.0 1.0 0.0 0.0 9.0 0.0
1764.0020102761448 0.0 0.0 0.0 1.0 0.0 0.0 9.0 0.0
1765.0020102761448 0.0 0.0 0.0 1.0 0.0 0.0 9.0 0.0
1766.0006940632256 0.0 0.0 0.0 1.0 0.0 0.0 9.0 0.0
1767.0020102761448 0.0 0.0 0.0 1.0 0.0 0.0 9.0 0.0
1768.0013296791622 0.0 0.0 0.0 1.0 0.0 0.0 9.0 0.0
1769.0020102761448 0.0 0.0 0.0 1.0 0.0 0.0 9.0 0.0
1770.0020102761448 0.0 0.0 0.0 1.0 0.0 0.0 9.0 0.0
1771.0020102761448 0.0 0.0 0.0 1.0 0.0 0.0 9.0 0.0
1772.0020102761448 0.0 0.0 0.0 1.0 0.0 0.0 9.0 0.0
1773.0020102761448 0.0 0.0 0.0 1.0 0.0 0.0 9.0 0.0
1774.0020102761448 0.0 0.0 0.0 1.0 0.0 0.0 9.0 0.0
1775.0020102761448 0.0 0.0 0.0 1.0 0.0 0.0 9.0 0.0
1776.0020102761448 0.0 0.0 0.0 1.0 0.0 0.0 9.0 0.0
1777.0020102761448 0.0 0.0 0.0 1.0 0.0 0.0 9.0 0.0
1778.0020102761448 0.0 0.0 0.0 1.0 0.0 0.0 9.0 0.0
1779.0020102761448 0.0 0.0 0.0 1.0 0.0 0.0 9.0 0.0
1780.0020102761448 0.0 0.0 0.0 1.0 0.0 0.0 9.0 0.0
1781.0020102761448 0.0 0.0 0.0 1.0 0.0 0.0 9.0 0.0
1782.0020102761448 0.0 0.0 0.0 1.0 0.0 0.0 9.0 0.0
1783.0020102761448 0.0 0.0 0.0 1.0 0.0 0.0 9.0 0.0
1784.0020102761448 0.0 0.0 0.0 1.0 0.0 0.0 9.0 0.0
1785.0020102761448 0.0 0.0 0.0 1.0 0.0 0.0 9.0 0.0
1786.0020102761448 0.0 0.0 0.0 1.0 0.0 0.0 9.0 0.0
1787.0020102761448 0.0 0.0 0.0 1.0 0.0 0.0 9.0 0.0
1788.0020102761448 0.0 0.0 0.0 1.0 0.0 0.0 9.0 0.0
1789.0020102761448 0.0 0.0 0.0 1.0 0.0 0.0 9.0 0.0
1790.0020102761448 0.0 0.0 0.0 1.0 0.0 0.0 9.0 0.0
1791.0020102761448 0.0 0.0 0.0 1.0 0.0 0.0 9.0 0.0
1792.0020102761448 0.0 0.0 0.0 1.0 0.0 0.0 9.0 0.0
1793.0020102761448 0.0 0.0 0.0 1.0 0.0 0.0 9.0 0.0
1794.0020102761448 0.0 0.0 0.0 1.0 0.0 0.0 9.0 0.0
1795.0020102761448 0.0 0.0 0.0 1.0 0.0 0.0 9.0 0.0
1796.0020102761448 0.0 0.0 0.0 1.0 0.0 0.0 9.0 0.0
1797.0020102761448 0.0 0.0 0.0 1.0 0.0 0.0 9.0 0.0
1798.0020102761448 0.0 0.0 0.0 1.0 0.0 0.0 9.0 0.0
1799.0020102761448 0.0 0.0 0.0 1.0 0.0 0.0 9.0 0.0
1800.0020102761448 0.0 0.0 0.0 1.0 0.0 0.0 9.0 0.0
1801.0020102761448 0.0 0.0 0.0 1.0 0.0 0.0 9.0 0.0
1802.0020102761448 0.0 0.0 0.0 1.0 0.0 0.0 9.0 0.0
1803.0020102761448 0.0 0.0 0.0 1.0 0.0 0.0 9.0 0.0
1804.0020102761448 0.0 0.0 0.0 1.0 0.0 0.0 9.0 0.0
1805.0020102761448 0.0 0.0 0.0 1.0 0.0 0.0 9.0 0.0
1806.0020102761448 0.0 0.0 0.0 1.0 0.0 0.0 9.0 0.0
1807.0020102761448 0.0 0.0 0.0 1.0 0.0 0.0 9.0 0.0
1808.0020102761448 0.0 0.0 0.0 1.0 0.0 0.0 9.0 0.0
1809.0011804739452 0.0 0.0 0.0 1.0 0.0 0.0 9.0 0.0
1810.0020102761448 0.0 0.0 0.0 1.0 0.0 0.0 9.0 0.0
1811.0020102761448 0.0 0.0 0.0 1.0 0.0 0.0 9.0 0.0
1812.0020102761448 0.0 0.0 0.0 1.0 0.0 0.0 9.0 0.0
1813.0020102761448 0.0 0.0 0.0 1.0 0.0 0.0 9.0 0.0
1814.0010142755184 0.0 0.0 0.0 1.0 0.0 0.0 9.0 0.0
1815.0020102761448 0.0 0.0 0.0 1.0 0.0 0.0 9.0 0.0
1816.0001324256843 0.0 0.0 0.0 1.0 0.0 0.0 9.0 0.0
1817.0020102761448 0.0 0.0 0.0 1.0 0.0 0.0 9.0 0.0
1818.0020102761448 0.0 0.0 0.0 1.0 0.0 0.0 9.0 0.0
1819.0020102761448 0.0 0.0 0.0 1.0 0.0 0.0 9.0 0.0
1820.0020102761448 0.0 0.0 0.0 1.0 0.0 0.0 9.0 0.0
1821.0020102761448 0.0 0.0 0.0 1.0 0.0 0.0 9.0 0.0
1822.0020102761448 0.0 0.0 0.0 1.0 0.0 0.0 9.0 0.0
1823.0020102761448 0.0 0.0 0.0 1.0 0.0 0.0 9.0 0.0
1824.0020102761448 0.0 0.0 0.0 1.0 0.0 0.0 9.0 0.0
1825.0020102761448 0.0 0.0 0.0 1.0 0.0 0.0 9.0 0.0
1826.0020102761448 0.0 0.0 0.0 1.0 0.0 0.0 9.0 0.0
1827.0020102761448 0.0 0.0 0.0 1.0 0.0 0.0 9.0 0.0
1828.0020102761448 0.0 0.0 0.0 1.0 0.0 0.0 9.0 0.0
1829.0020102761448 0.0 0.0 0.0 1.0 0.0 0.0 9.0 0.0
1830.0020102761448 0.0 0.0 0.0 1.0 0.0 0.0 9.0 0.0
1831.0020102761448 0.0 0.0 0.0 1.0 0.0 0.0 9.0 0.0
1832.0008690165362 0.0 0.0 0.0 1.0 0.0 0.0 9.0 0.0
1833.0020102761448 0.0 0.0 0.0 1.0 0.0 0.0 9.0 0.0
1834.0020102761448 0.0 0.0 0.0 1.0 0.0 0.0 9.0 0.0
1835.0012705666668 0.0 0.0 0.0 1.0 0.0 0.0 9.0 0.0
1836.0020102761448 0.0 0.0 0.0 1.0 0.0 0.0 9.0 0.0
1837.0020102761448 0.0 0.0 0.0 1.0 0.0 0.0 9.0 0.0
1838.0020102761448 0.0 0.0 0.0 1.0 0.0 0.0 9.0 0.0
1839.0020102761448 0.0 0.0 0.0 1.0 0.0 0.0 9.0 0.0
1840.000110829617 0.0 0.0 0.0 1.0 0.0 0.0 9.0 0.0
1841.0020102761448 0.0 0.0 0.0 1.0 0.0 0.0 9.0 0.0
1842.0020102761448 0.0 0.0 0.0 1.0 0.0 0.0 9.0 0.0
1843.0020102761448 0.0 0.0 0.0 1.0 0.0 0.0 9.0 0.0
1844.0020102761448 0.0 0.0 0.0 1.0 0.0 0.0 9.0 0.0
1845.0020102761448 0.0 0.0 0.0 1.0 0.0 0.0 9.0 0.0
1846.0020102761448 0.0 0.0 0.0 1.0 0.0 0.0 9.0 0.0
1847.0020102761448 0.0 0.0 0.0 1.0 0.0 0.0 9.0 0.0
1848.0020102761448 0.0 0.0 0.0 1.0 0.0 0.0 9.0 0.0
1849.0020102761448 0.0 0.0 0.0 1.0 0.0 0.0 9.0 0.0
1850.0020102761448 0.0 0.0 0.0 1.0 0.0 0.0 9.0 0.0
1851.0020102761448 0.0 0.0 0.0 1.0 0.0 0.0 9.0 0.0
1852.0020102761448 0.0 0.0 0.0 1.0 0.0 0.0 9.0 0.0
1853.0020102761448 0.0 0.0 0.0 1.0 0.0 0.0 9.0 0.0
1854.0020102761448 0.0 0.0 0.0 1.0 0.0 0.0 9.0 0.0
1855.0020102761448 0.0 0.0 0.0 1.0 0.0 0.0 9.0 0.0
1856.0020102761448 0.0 0.0 0.0 1.0 0.0 0.0 9.0 0.0
1857.0020102761448 0.0 0.0 0.0 1.0 0.0 0.0 9.0 0.0
1858.0020102761448 0.0 0.0 0.0 1.0 0.0 0.0 9.0 0.0
1859.0020102761448 0.0 0.0 0.0 1.0 0.0 0.0 9.0 0.0
1860.0020102761448 0.0 0.0 0.0 1.0 0.0 0.0 9.0 0.0
1861.0020102761448 0.0 0.0 0.0 1.0 0.0 0.0 9.0 0.0
1862.0020102761448 0.0 0.0 0.0 1.0 0.0 0.0 9.0 0.0
1863.0020102761448 0.0 0.0 0.0 1.0 0.0 0.0 9.0 0.0
1864.0020102761448 0.0 0.0 0.0 1.0 0.0 0.0 9.0 0.0
1865.0020102761448 0.0 0.0 0.0 1.0 0.0 0.0 9.0 0.0
1866.0020102761448 0.0 0.0 0.0 1.0 0.0 0.0 9.0 0.0
1867.0020102761448 0.0 0.0 0.0 1.0 0.0 0.0 9.0 0.0
1868.0020102761448 0.0 0.0 0.0 1.0 0.0 0.0 9.0 0.0
1869.0016903553162 0.0 0.0 0.0 1.0 0.0 0.0 9.0 0.0
1870.0020102761448 0.0 0.0 0.0 1.0 0.0 0.0 9.0 0.0
1871.0020102761448 0.0 0.0 0.0 1.0 0.0 0.0 9.0 0.0
1872.0020102761448 0.0 0.0 0.0 1.0 0.0 0.0 9.0 0.0
1873.0020102761448 0.0 0.0 0.0 1.0 0.0 0.0 9.0 0.0
1874.0020102761448 0.0 0.0 0.0 1.0 0.0 0.0 9.0 0.0
1875.0020102761448 0.0 0.0 0.0 1.0 0.0 0.0 9.0 0.0
1876.0020102761448 0.0 0.0 0.0 1.0 0.0 0.0 9.0 0.0
1877.0020102761448 0.0 0.0 0.0 1.0 0.0 0.0 9.0 0.0
1878.0020102761448 0.0 0.0 0.0 1.0 0.0 0.0 9.0 0.0
1879.0011487688562 0.0 0.0 0.0 1.0 0.0 0.0 9.0 0.0
1880.0020102761448 0.0 0.0 0.0 1.0 0.0 0.0 9.0 0.0
1881.0020102761448 0.0 0.0 0.0 1.0 0.0 0.0 9.0 0.0
1882.0020102761448 0.0 0.0 0.0 1.0 0.0 0.0 9.0 0.0
1883.0020102761448 0.0 0.0 0.0 1.0 0.0 0.0 9.0 0.0
1884.0020102761448 0.0 0.0 0.0 1.0 0.0 0.0 9.0 0.0
1885.0007068184345 0.0 0.0 0.0 1.0 0.0 0.0 9.0 0.0
1886.0020102761448 0.0 0.0 0.0 1.0 0.0 0.0 9.0 0.0
1887.0019770562658 0.0 0.0 0.0 1.0 0.0 0.0 9.0 0.0
1888.0020102761448 0.0 0.0 0.0 1.0 0.0 0.0 9.0 0.0
1889.0020102761448 0.0 0.0 0.0 1.0 0.0 0.0 9.0 0.0
1890.0020102761448 0.0 0.0 0.0 1.0 0.0 0.0 9.0 0.0
1891.0020102761448 0.0 0.0 0.0 1.0 0.0 0.0 9.0 0.0
1892.0020102761448 0.0 0.0 0.0 1.0 0.0 0.0 9.0 0.0
1893.00120356541 0.0 0.0 0.0 1.0 0.0 0.0 9.0 0.0
1894.0020102761448 0.0 0.0 0.0 1.0 0.0 0.0 9.0 0.0
1895.0020102761448 0.0 0.0 0.0 1.0 0.0 0.0 9.0 0.0
1896.0020102761448 0.0 0.0 0.0 1.0 0.0 0.0 9.0 0.0
1897.0020102761448 0.0 0.0 0.0 1.0 0.0 0.0 9.0 0.0
1898.0020102761448 0.0 0.0 0.0 1.0 0.0 0.0 9.0 0.0
1899.0020102761448 0.0 0.0 0.0 1.0 0.0 0.0 9.0 0.0
1900.0020102761448 0.0 0.0 0.0 1.0 0.0 0.0 9.0 0.0
1901.0020102761448 0.0 0.0 0.0 1.0 0.0 0.0 9.0 0.0
1902.0020102761448 0.0 0.0 0.0 1.0 0.0 0.0 9.0 0.0
1903.0020102761448 0.0 0.0 0.0 1.0 0.0 0.0 9.0 0.0
1904.0020102761448 0.0 0.0 0.0 1.0 0.0 0.0 9.0 0.0
1905.0020102761448 0.0 0.0 0.0 1.0 0.0 0.0 9.0 0.0
1906.0020102761448 0.0 0.0 0.0 1.0 0.0 0.0 9.0 0.0
1907.0020102761448 0.0 0.0 0.0 1.0 0.0 0.0 9.0 0.0
1908.0020102761448 0.0 0.0 0.0 1.0 0.0 0.0 9.0 0.0
1909.0020102761448 0.0 0.0 0.0 1.0 0.0 0.0 9.0 0.0
1910.0020102761448 0.0 0.0 0.0 1.0 0.0 0.0 9.0 0.0
1911.0020102761448 0.0 0.0 0.0 1.0 0.0 0.0 9.0 0.0
1912.0006314188086 0.0 0.0 0.0 1.0 0.0 0.0 9.0 0.0
1913.0020102761448 0.0 0.0 0.0 1.0 0.0 0.0 9.0 0.0
1914.0020102761448 0.0 0.0 0.0 1.0 0.0 0.0 9.0 0.0
1915.0020102761448 0.0 0.0 0.0 1.0 0.0 0.0 9.0 0.0
1916.0003819990498 0.0 0.0 0.0 1.0 0.0 0.0 9.0 0.0
1917.0020102761448 0.0 0.0 0.0 1.0 0.0 0.0 9.0 0.0
1918.0001461239717 0.0 0.0 0.0 1.0 0.0 0.0 9.0 0.0
1919.0020102761448 0.0 0.0 0.0 1.0 0.0 0.0 9.0 0.0
1920.0020102761448 0.0 0.0 0.0 1.0 0.0 0.0 9.0 0.0
1921.0020102761448 0.0 0.0 0.0 1.0 0.0 0.0 9.0 0.0
1922.0020102761448 0.0 0.0 0.0 1.0 0.0 0.0 9.0 0.0
1923.0020102761448 0.0 0.0 0.0 1.0 0.0 0.0 9.0 0.0
1924.0020102761448 0.0 0.0 0.0 1.0 0.0 0.0 9.0 0.0
1925.0020102761448 0.0 0.0 0.0 1.0 0.0 0.0 9.0 0.0
1926.0020102761448 0.0 0.0 0.0 1.0 0.0 0.0 9.0 0.0
1927.0020102761448 0.0 0.0 0.0 1.0 0.0 0.0 9.0 0.0
1928.000699481579 0.0 0.0 0.0 1.0 0.0 0.0 9.0 0.0
1929.0000994557981 0.0 0.0 0.0 1.0 0.0 0.0 9.0 0.0
1930.0020102761448 0.0 0.0 0.0 1.0 0.0 0.0 9.0 0.0
1931.0020102761448 0.0 0.0 0.0 1.0 0.0 0.0 9.0 0.0
1932.0020102761448 0.0 0.0 0.0 1.0 0.0 0.0 9.0 0.0
1933.0020102761448 0.0 0.0 0.0 1.0 0.0 0.0 9.0 0.0
1934.0020102761448 0.0 0.0 0.0 1.0 0.0 0.0 9.0 0.0
1935.0020102761448 0.0 0.0 0.0 1.0 0.0 0.0 9.0 0.0
1936.0013889962288 0.0 0.0 0.0 1.0 0.0 0.0 9.0 0.0
1937.0020102761448 0.0 0.0 0.0 1.0 0.0 0.0 9.0 0.0
1938.0020102761448 0.0 0.0 0.0 1.0 0.0 0.0 9.0 0.0
1939.0020102761448 0.0 0.0 0.0 1.0 0.0 0.0 9.0 0.0
1940.0020102761448 0.0 0.0 0.0 1.0 0.0 0.0 9.0 0.0
1941.0020102761448 0.0 0.0 0.0 1.0 0.0 0.0 9.0 0.0
1942.0020102761448 0.0 0.0 0.0 1.0 0.0 0.0 9.0 0.0
1943.0020102761448 0.0 0.0 0.0 1.0 0.0 0.0 9.0 0.0
1944.0020102761448 0.0 0.0 0.0 1.0 0.0 0.0 9.0 0.0
1945.0020102761448 0.0 0.0 0.0 1.0 0.0 0.0 9.0 0.0
1946.0020102761448 0.0 0.0 0.0 1.0 0.0 0.0 9.0 0.0
1947.0020102761448 0.0 0.0 0.0 1.0 0.0 0.0 9.0 0.0
1948.0020102761448 0.0 0.0 0.0 1.0 0.0 0.0 9.0 0.0
1949.0020102761448 0.0 0.0 0.0 1.0 0.0 0.0 9.0 0.0
1950.0009937429984 0.0 0.0 0.0 1.0 0.0 0.0 9.0 0.0
1951.0020102761448 0.0 0.0 0.0 1.0 0.0 0.0 9.0 0.0
1952.0001220938364 0.0 0.0 0.0 1.0 0.0 0.0 9.0 0.0
1953.0020102761448 0.0 0.0 0.0 1.0 0.0 0.0 9.0 0.0
1954.0020102761448 0.0 0.0 0.0 1.0 0.0 0.0 9.0 0.0
1955.0020102761448 0.0 0.0 0.0 1.0 0.0 0.0 9.0 0.0
1956.001619261006 0.0 0.0 0.0 1.0 0.0 0.0 9.0 0.0
1957.0020102761448 0.0 0.0 0.0 1.0 0.0 0.0 9.0 0.0
1958.0020102761448 0.0 0.0 0.0 1.0 0.0 0.0 9.0 0.0
1959.0002939612557 0.0 0.0 0.0 1.0 0.0 0.0 9.0 0.0
1960.0020102761448 0.0 0.0 0.0 1.0 0.0 0.0 9.0 0.0
1961.0020076278201 0.0 0.0 0.0 1.0 0.0 0.0 9.0 0.0
1962.0007403554882 0.0 0.0 0.0 1.0 0.0 0.0 9.0 0.0
1963.0009606901376 0.0 0.0 0.0 1.0 0.0 0.0 9.0 0.0
1964.0020102761448 0.0 0.0 0.0 1.0 0.0 0.0 9.0 0.0
1965.0020102761448 0.0 0.0 0.0 1.0 0.0 0.0 9.0 0.0
1966.0020102761448 0.0 0.0 0.0 1.0 0.0 0.0 9.0 0.0
1967.0020102761448 0.0 0.0 0.0 1.0 0.0 0.0 9.0 0.0
1968.0020102761448 0.0 0.0 0.0 1.0 0.0 0.0 9.0 0.0
1969.0020102761448 0.0 0.0 0.0 1.0 0.0 0.0 9.0 0.0
1970.0020102761448 0.0 0.0 0.0 1.0 0.0 0.0 9.0 0.0
1971.0020102761448 0.0 0.0 0.0 1.0 0.0 0.0 9.0 0.0
1972.0020102761448 0.0 0.0 0.0 1.0 0.0 0.0 9.0 0.0
1973.0001753818658 0.0 0.0 0.0 1.0 0.0 0.0 9.0 0.0
1974.0020102761448 0.0 0.0 0.0 1.0 0.0 0.0 9.0 0.0
1975.0020102761448 0.0 0.0 0.0 1.0 0.0 0.0 9.0 0.0
1976.0020102761448 0.0 0.0 0.0 1.0 0.0 0.0 9.0 0.0
1977.0020102761448 0.0 0.0 0.0 1.0 0.0 0.0 9.0 0.0
1978.0020102761448 0.0 0.0 0.0 1.0 0.0 0.0 9.0 0.0
1979.0020102761448 0.0 0.0 0.0 1.0 0.0 0.0 9.0 0.0
1980.0020102761448 0.0 0.0 0.0 1.0 0.0 0.0 9.0 0.0
1981.0020102761448 0.0 0.0 0.0 1.0 0.0 0.0 9.0 0.0
1982.0009375676248 0.0 0.0 0.0 1.0 0.0 0.0 9.0 0.0
1983.0020102761448 0.0 0.0 0.0 1.0 0.0 0.0 9.0 0.0
1984.0007670453251 0.0 0.0 0.0 1.0 0.0 0.0 9.0 0.0
1985.0020102761448 0.0 0.0 0.0 1.0 0.0 0.0 9.0 0.0
1986.000235058979 0.0 0.0 0.0 1.0 0.0 0.0 9.0 0.0
1987.0020102761448 0.0 0.0 0.0 1.0 0.0 0.0 9.0 0.0
1988.0020102761448 0.0 0.0 0.0 1.0 0.0 0.0 9.0 0.0
1989.0020102761448 0.0 0.0 0.0 1.0 0.0 0.0 9.0 0.0
1990.001245439679 0.0 0.0 0.0 1.0 0.0 0.0 9.0 0.0
1991.0020102761448 0.0 0.0 0.0 1.0 0.0 0.0 9.0 0.0
1992.0020102761448 0.0 0.0 0.0 1.0 0.0 0.0 9.0 0.0
1993.0020102761448 0.0 0.0 0.0 1.0 0.0 0.0 9.0 0.0
1994.0020102761448 0.0 0.0 0.0 1.0 0.0 0.0 9.0 0.0
1995.0020102761448 0.0 0.0 0.0 1.0 0.0 0.0 9.0 0.0
1996.0020102761448 0.0 0.0 0.0 1.0 0.0 0.0 9.0 0.0
1997.0020102761448 0.0 0.0 0.0 1.0 0.0 0.0 9.0 0.0
1998.0020102761448 0.0 0.0 0.0 1.0 0.0 0.0 9.0 0.0
1999.0020102761448 0.0 0.0 0.0 1.0 0.0 0.0 9.0 0.0
2000.0020102761448 0.0 0.0 0.0 1.0 0.0 0.0 9.0 0.0
2001.0020102761448 0.0 0.0 0.0 1.0 0.0 0.0 9.0 0.0
2002.0020102761448 0.0 0.0 0.0 1.0 0.0 0.0 9.0 0.0
2003.0020102761448 0.0 0.0 0.0 1.0 0.0 0.0 9.0 0.0
2004.0015226388775 0.0 0.0 0.0 1.0 0.0 0.0 9.0 0.0
2005.0020102761448 0.0 0.0 0.0 1.0 0.0 0.0 9.0 0.0
2006.0020102761448 0.0 0.0 0.0 1.0 0.0 0.0 9.0 0.0
2007.0020102761448 0.0 0.0 0.0 1.0 0.0 0.0 9.0 0.0
2008.0020102761448 0.0 0.0 0.0 1.0 0.0 0.0 9.0 0.0
2009.0020102761448 0.0 0.0 0.0 1.0 0.0 0.0 9.0 0.0
2010.0020102761448 0.0 0.0 0.0 1.0 0.0 0.0 9.0 0.0
2011.000285820047 0.0 0.0 0.0 1.0 0.0 0.0 9.0 0.0
2012.0020102761448 0.0 0.0 0.0 1.0 0.0 0.0 9.0 0.0
2013.0020102761448 0.0 0.0 0.0 1.0 0.0 0.0 9.0 0.0
2014.0020102761448 0.0 0.0 0.0 1.0 0.0 0.0 9.0 0.0
2015.0020102761448 0.0 0.0 0.0 1.0 0.0 0.0 9.0 0.0
2016.0020102761448 0.0 0.0 0.0 1.0 0.0 0.0 9.0 0.0
2017.0020102761448 0.0 0.0 0.0 1.0 0.0 0.0 9.0 0.0
2018.0020102761448 0.0 0.0 0.0 1.0 0.0 0.0 9.0 0.0
2019.0020102761448 0.0 0.0 0.0 1.0 0.0 0.0 9.0 0.0
2020.0020102761448 0.0 0.0 0.0 1.0 0.0 0.0 9.0 0.0
2021.0020102761448 0.0 0.0 0.0 1.0 0.0 0.0 9.0 0.0
2022.0020102761448 0.0 0.0 0.0 1.0 0.0 0.0 9.0 0.0
2023.0020102761448 0.0 0.0 0.0 1.0 0.0 0.0 9.0 0.0
2024.0013843871477 0.0 0.0 0.0 1.0 0.0 0.0 9.0 0.0
2025.0020102761448 0.0 0.0 0.0 1.0 0.0 0.0 9.0 0.0
2026.0020102761448 0.0 0.0 0.0 1.0 0.0 0.0 9.0 0.0
2027.0020102761448 0.0 0.0 0.0 1.0 0.0 0.0 9.0 0.0
2028.0020102761448 0.0 0.0 0.0 1.0 0.0 0.0 9.0 0.0
2029.0020102761448 0.0 0.0 0.0 1.0 0.0 0.0 9.0 0.0
2030.0020102761448 0.0 0.0 0.0 1.0 0.0 0.0 9.0 0.0
2031.0020102761448 0.0 0.0 0.0 1.0 0.0 0.0 9.0 0.0
2032.0020102761448 0.0 0.0 0.0 1.0 0.0 0.0 9.0 0.0
2033.0020102761448 0.0 0.0 0.0 1.0 0.0 0.0 9.0 0.0
2034.0016231762754 0.0 0.0 0.0 1.0 0.0 0.0 9.0 0.0
2035.0020102761448 0.0 0.0 0.0 1.0 0.0 0.0 9.0 0.0
2036.0020102761448 0.0 0.0 0.0 1.0 0.0 0.0 9.0 0.0
2037.0020102761448 0.0 0.0 0.0 1.0 0.0 0.0 9.0 0.0
2038.0020102761448 0.0 0.0 0.0 1.0 0.0 0.0 9.0 0.0
2039.0020102761448 0.0 0.0 0.0 1.0 0.0 0.0 9.0 0.0
2040.0020102761448 0.0 0.0 0.0 1.0 0.0 0.0 9.0 0.0
2041.0020102761448 0.0 0.0 0.0 1.0 0.0 0.0 9.0 0.0
2042.0014789727925 0.0 0.0 0.0 1.0 0.0 0.0 9.0 0.0
2043.0020102761448 0.0 0.0 0.0 1.0 0.0 0.0 9.0 0.0
2044.0020102761448 0.0 0.0 0.0 1.0 0.0 0.0 9.0 0.0
2045.0020102761448 0.0 0.0 0.0 1.0 0.0 0.0 9.0 0.0
2046.0001836584931 0.0 0.0 0.0 1.0 0.0 0.0 9.0 0.0
2047.0010553346433 0.0 0.0 0.0 1.0 0.0 0.0 9.0 0.0
2048.0020102761446 0.0 0.0 0.0 1.0 0.0 0.0 9.0 0.0
2049.0020102761446 0.0 0.0 0.0 1.0 0.0 0.0 9.0 0.0
2050.0020102761446 0.0 0.0 0.0 1.0 0.0 0.0 9.0 0.0
2051.0020102761446 0.0 0.0 0.0 1.0 0.0 0.0 9.0 0.0
2052.0020102761446 0.0 0.0 0.0 1.0 0.0 0.0 9.0 0.0
2053.0020102761446 0.0 0.0 0.0 1.0 0.0 0.0 9.0 0.0
2054.0020102761446 0.0 0.0 0.0 1.0 0.0 0.0 9.0 0.0
2055.0020102761446 0.0 0.0 0.0 1.0 0.0 0.0 9.0 0.0
2056.0020102761446 0.0 0.0 0.0 1.0 0.0 0.0 9.0 0.0
2057.0020102761446 0.0 0.0 0.0 1.0 0.0 0.0 9.0 0.0
2058.0020102761446 0.0 0.0 0.0 1.0 0.0 0.0 9.0 0.0
2059.0020102761446 0.0 0.0 0.0 1.0 0.0 0.0 9.0 0.0
2060.0020102761446 0.0 0.0 0.0 1.0 0.0 0.0 9.0 0.0
2061.0020102761446 0.0 0.0 0.0 1.0 0.0 0.0 9.0 0.0
2062.0020102761446 0.0 0.0 0.0 1.0 0.0 0.0 9.0 0.0
2063.0020102761446 0.0 0.0 0.0 1.0 0.0 0.0 9.0 0.0
2064.0020102761446 0.0 0.0 0.0 1.0 0.0 0.0 9.0 0.0
2065.0009850245915 0.0 0.0 0.0 1.0 0.0 0.0 9.0 0.0
2066.000451188385 0.0 0.0 0.0 1.0 0.0 0.0 9.0 0.0
2067.0020102761446 0.0 0.0 0.0 1.0 0.0 0.0 9.0 0.0
2068.0020102761446 0.0 0.0 0.0 1.0 0.0 0.0 9.0 0.0
2069.0020102761446 0.0 0.0 0.0 1.0 0.0 0.0 9.0 0.0
2070.000645824566 0.0 0.0 0.0 1.0 0.0 0.0 9.0 0.0
2071.0020102761446 0.0 0.0 0.0 1.0 0.0 0.0 9.0 0.0
2072.0020102761446 0.0 0.0 0.0 1.0 0.0 0.0 9.0 0.0
2073.0020102761446 0.0 0.0 0.0 1.0 0.0 0.0 9.0 0.0
2074.0020102761446 0.0 0.0 0.0 1.0 0.0 0.0 9.0 0.0
2075.000431177384 0.0 0.0 0.0 1.0 0.0 0.0 9.0 0.0
2076.0020102761446 0.0 0.0 0.0 1.0 0.0 0.0 9.0 0.0
2077.0020102761446 0.0 0.0 0.0 1.0 0.0 0.0 9.0 0.0
2078.0020102761446 0.0 0.0 0.0 1.0 0.0 0.0 9.0 0.0
2079.0020102761446 0.0 0.0 0.0 1.0 0.0 0.0 9.0 0.0
2080.0020102761446 0.0 0.0 0.0 1.0 0.0 0.0 9.0 0.0
2081.0020102761446 0.0 0.0 0.0 1.0 0.0 0.0 9.0 0.0
2082.0020102761446 0.0 0.0 0.0 1.0 0.0 0.0 9.0 0.0
2083.0020102761446 0.0 0.0 0.0 1.0 0.0 0.0 9.0 0.0
2084.0020102761446 0.0 0.0 0.0 1.0 0.0 0.0 9.0 0.0
2085.0020102761446 0.0 0.0 0.0 1.0 0.0 0.0 9.0 0.0
2086.0020102761446 0.0 0.0 0.0 1.0 0.0 0.0 9.0 0.0
2087.0020102761446 0.0 0.0 0.0 1.0 0.0 0.0 9.0 0.0
2088.0004296512707 0.0 0.0 0.0 1.0 0.0 0.0 9.0 0.0
2089.0020102761446 0.0 0.0 0.0 1.0 0.0 0.0 9.0 0.0
2090.0020102761446 0.0 0.0 0.0 1.0 0.0 0.0 9.0 0.0
2091.0020102761446 0.0 0.0 0.0 1.0 0.0 0.0 9.0 0.0
2092.0005884363027 0.0 0.0 0.0 1.0 0.0 0.0 9.0 0.0
2093.0016442961687 0.0 0.0 0.0 1.0 0.0 0.0 9.0 0.0
2094.0020102761446 0.0 0.0 0.0 1.0 0.0 0.0 9.0 0.0
2095.0020102761446 0.0 0.0 0.0 1.0 0.0 0.0 9.0 0.0
2096.0020102761446 0.0 0.0 0.0 1.0 0.0 0.0 9.0 0.0
2097.0001768647876 0.0 0.0 0.0 1.0 0.0 0.0 9.0 0.0
2098.0014701035802 0.0 0.0 0.0 1.0 0.0 0.0 9.0 0.0
2099.0020102761446 0.0 0.0 0.0 1.0 0.0 0.0 9.0 0.0
2100.0020102761446 0.0 0.0 0.0 1.0 0.0 0.0 9.0 0.0
2101.0020102761446 0.0 0.0 0.0 1.0 0.0 0.0 9.0 0.0
2102.0010599034663 0.0 0.0 0.0 1.0 0.0 0.0 9.0 0.0
2103.0020102761446 0.0 0.0 0.0 1.0 0.0 0.0 9.0 0.0
2104.0020102761446 0.0 0.0 0.0 1.0 0.0 0.0 9.0 0.0
2105.0020102761446 0.0 0.0 0.0 1.0 0.0 0.0 9.0 0.0
2106.0020102761446 0.0 0.0 0.0 1.0 0.0 0.0 9.0 0.0
2107.0020102761446 0.0 0.0 0.0 1.0 0.0 0.0 9.0 0.0
2108.0020102761446 0.0 0.0 0.0 1.0 0.0 0.0 9.0 0.0
2109.001503863564 0.0 0.0 0.0 1.0 0.0 0.0 9.0 0.0
2110.0020102761446 0.0 0.0 0.0 1.0 0.0 0.0 9.0 0.0
2111.0020102761446 0.0 0.0 0.0 1.0 0.0 0.0 9.0 0.0
2112.0020102761446 0.0 0.0 0.0 1.0 0.0 0.0 9.0 0.0
2113.0020102761446 0.0 0.0 0.0 1.0 0.0 0.0 9.0 0.0
2114.0020102761446 0.0 0.0 0.0 1.0 0.0 0.0 9.0 0.0
2115.0020102761446 0.0 0.0 0.0 1.0 0.0 0.0 9.0 0.0
2116.0020102761446 0.0 0.0 0.0 1.0 0.0 0.0 9.0 0.0
2117.0016616864805 0.0 0.0 0.0 1.0 0.0 0.0 9.0 0.0
2118.0020102761446 0.0 0.0 0.0 1.0 0.0 0.0 9.0 0.0
2119.0020102761446 0.0 0.0 0.0 1.0 0.0 0.0 9.0 0.0
2120.0020102761446 0.0 0.0 0.0 1.0 0.0 0.0 9.0 0.0
2121.0020102761446 0.0 0.0 0.0 1.0 0.0 0.0 9.0 0.0
2122.0001513829166 0.0 0.0 0.0 1.0 0.0 0.0 9.0 0.0
2123.0020102761446 0.0 0.0 0.0 1.0 0.0 0.0 9.0 0.0
2124.0020102761446 0.0 0.0 0.0 1.0 0.0 0.0 9.0 0.0
2125.0020102761446 0.0 0.0 0.0 1.0 0.0 0.0 9.0 0.0
2126.0020102761446 0.0 0.0 0.0 1.0 0.0 0.0 9.0 0.0
2127.0020102761446 0.0 0.0 0.0 1.0 0.0 0.0 9.0 0.0
2128.0012521803233 0.0 0.0 0.0 1.0 0.0 0.0 9.0 0.0
2129.0020102761446 0.0 0.0 0.0 1.0 0.0 0.0 9.0 0.0
2130.0020102761446 0.0 0.0 0.0 1.0 0.0 0.0 9.0 0.0
2131.0020102761446 0.0 0.0 0.0 1.0 0.0 0.0 9.0 0.0
2132.0014434540285 0.0 0.0 0.0 1.0 0.0 0.0 9.0 0.0
2133.0020102761446 0.0 0.0 0.0 1.0 0.0 0.0 9.0 0.0
2134.0020102761446 0.0 0.0 0.0 1.0 0.0 0.0 9.0 0.0
2135.0012813787444 0.0 0.0 0.0 1.0 0.0 0.0 9.0 0.0
2136.0020102761446 0.0 0.0 0.0 1.0 0.0 0.0 9.0 0.0
2137.0020102761446 0.0 0.0 0.0 1.0 0.0 0.0 9.0 0.0
2138.0020102761446 0.0 0.0 0.0 1.0 0.0 0.0 9.0 0.0
2139.0020102761446 0.0 0.0 0.0 1.0 0.0 0.0 9.0 0.0
2140.0020102761446 0.0 0.0 0.0 1.0 0.0 0.0 9.0 0.0
2141.0020102761446 0.0 0.0 0.0 1.0 0.0 0.0 9.0 0.0
2142.0020102761446 0.0 0.0 0.0 1.0 0.0 0.0 9.0 0.0
2143.0020102761446 0.0 0.0 0.0 1.0 0.0 0.0 9.0 0.0
2144.0014018671377 0.0 0.0 0.0 1.0 0.0 0.0 9.0 0.0
2145.0020102761446 0.0 0.0 0.0 1.0 0.0 0.0 9.0 0.0
2146.0020102761446 0.0 0.0 0.0 1.0 0.0 0.0 9.0 0.0
2147.0020102761446 0.0 0.0 0.0 1.0 0.0 0.0 9.0 0.0
2148.0020102761446 0.0 0.0 0.0 1.0 0.0 0.0 9.0 0.0
2149.0020102761446 0.0 0.0 0.0 1.0 0.0 0.0 9.0 0.0
2150.0020102761446 0.0 0.0 0.0 1.0 0.0 0.0 9.0 0.0
2151.0020102761446 0.0 0.0 0.0 1.0 0.0 0.0 9.0 0.0
2152.0020102761446 0.0 0.0 0.0 1.0 0.0 0.0 9.0 0.0
2153.0020102761446 0.0 0.0 0.0 1.0 0.0 0.0 9.0 0.0
2154.0020102761446 0.0 0.0 0.0 1.0 0.0 0.0 9.0 0.0
2155.0016201225917 0.0 0.0 0.0 1.0 0.0 0.0 9.0 0.0
2156.0020102761446 0.0 0.0 0.0 1.0 0.0 0.0 9.0 0.0
2157.0020102761446 0.0 0.0 0.0 1.0 0.0 0.0 9.0 0.0
2158.000824610516 0.0 0.0 0.0 1.0 0.0 0.0 9.0 0.0
2159.001583049397 0.0 0.0 0.0 1.0 0.0 0.0 9.0 0.0
2160.000330803107 0.0 0.0 0.0 1.0 0.0 0.0 9.0 0.0
2161.000502866894 0.0 0.0 0.0 1.0 0.0 0.0 9.0 0.0
2162.001413311557 0.0 0.0 0.0 1.0 0.0 0.0 9.0 0.0
2163.0020102761446 0.0 0.0 0.0 1.0 0.0 0.0 9.0 0.0
2164.0020102761446 0.0 0.0 0.0 1.0 0.0 0.0 9.0 0.0
2165.0020102761446 0.0 0.0 0.0 1.0 0.0 0.0 9.0 0.0
2166.0020102761446 0.0 0.0 0.0 1.0 0.0 0.0 9.0 0.0
2167.0020102761446 0.0 0.0 0.0 1.0 0.0 0.0 9.0 0.0
2168.001556262438 0.0 0.0 0.0 1.0 0.0 0.0 9.0 0.0
2169.000789157178 0.0 0.0 0.0 1.0 0.0 0.0 9.0 0.0
2170.0020102761446 0.0 0.0 0.0 1.0 0.0 0.0 9.0 0.0
2171.0020102761446 0.0 0.0 0.0 1.0 0.0 0.0 9.0 0.0
2172.0020102761446 0.0 0.0 0.0 1.0 0.0 0.0 9.0 0.0
2173.0020102761446 0.0 0.0 0.0 1.0 0.0 0.0 9.0 0.0
2174.0020102761446 0.0 0.0 0.0 1.0 0.0 0.0 9.0 0.0
2175.0020102761446 0.0 0.0 0.0 1.0 0.0 0.0 9.0 0.0
2176.0020102761446 0.0 0.0 0.0 1.0 0.0 0.0 9.0 0.0
2177.0020102761446 0.0 0.0 0.0 1.0 0.0 0.0 9.0 0.0
2178.0020102761446 0.0 0.0 0.0 1.0 0.0 0.0 9.0 0.0
2179.0020102761446 0.0 0.0 0.0 1.0 0.0 0.0 9.0 0.0
2180.0020102761446 0.0 0.0 0.0 1.0 0.0 0.0 9.0 0.0
2181.0020102761446 0.0 0.0 0.0 1.0 0.0 0.0 9.0 0.0
2182.0020102761446 0.0 0.0 0.0 1.0 0.0 0.0 9.0 0.0
2183.0020102761446 0.0 0.0 0.0 1.0 0.0 0.0 9.0 0.0
2184.0020102761446 0.0 0.0 0.0 1.0 0.0 0.0 9.0 0.0
2185.0020102761446 0.0 0.0 0.0 1.0 0.0 0.0 9.0 0.0
2186.0020102761446 0.0 0.0 0.0 1.0 0.0 0.0 9.0 0.0
2187.0020102761446 0.0 0.0 0.0 1.0 0.0 0.0 9.0 0.0
2188.0020102761446 0.0 0.0 0.0 1.0 0.0 0.0 9.0 0.0
2189.0020102761446 0.0 0.0 0.0 1.0 0.0 0.0 9.0 0.0
2190.0020102761446 0.0 0.0 0.0 1.0 0.0 0.0 9.0 0.0
2191.0020102761446 0.0 0.0 0.0 1.0 0.0 0.0 9.0 0.0
2192.000849406202 0.0 0.0 0.0 1.0 0.0 0.0 9.0 0.0
2193.0020102761446 0.0 0.0 0.0 1.0 0.0 0.0 9.0 0.0
2194.0020102761446 0.0 0.0 0.0 1.0 0.0 0.0 9.0 0.0
2195.0019276964886 0.0 0.0 0.0 1.0 0.0 0.0 9.0 0.0
2196.0020102761446 0.0 0.0 0.0 1.0 0.0 0.0 9.0 0.0
2197.0020102761446 0.0 0.0 0.0 1.0 0.0 0.0 9.0 0.0
2198.0020102761446 0.0 0.0 0.0 1.0 0.0 0.0 9.0 0.0
2199.0020102761446 0.0 0.0 0.0 1.0 0.0 0.0 9.0 0.0
2200.0020102761446 0.0 0.0 0.0 1.0 0.0 0.0 9.0 0.0
2201.0020102761446 0.0 0.0 0.0 1.0 0.0 0.0 9.0 0.0
2202.0020102761446 0.0 0.0 0.0 1.0 0.0 0.0 9.0 0.0
2203.0013598439036 0.0 0.0 0.0 1.0 0.0 0.0 9.0 0.0
2204.0020102761446 0.0 0.0 0.0 1.0 0.0 0.0 9.0 0.0
2205.0020102761446 0.0 0.0 0.0 1.0 0.0 0.0 9.0 0.0
2206.0020102761446 0.0 0.0 0.0 1.0 0.0 0.0 9.0 0.0
2207.0020102761446 0.0 0.0 0.0 1.0 0.0 0.0 9.0 0.0
2208.0020102761446 0.0 0.0 0.0 1.0 0.0 0.0 9.0 0.0
2209.0020102761446 0.0 0.0 0.0 1.0 0.0 0.0 9.0 0.0
2210.0020102761446 0.0 0.0 0.0 1.0 0.0 0.0 9.0 0.0
2211.0020102761446 0.0 0.0 0.0 1.0 0.0 0.0 9.0 0.0
2212.0020102761446 0.0 0.0 0.0 1.0 0.0 0.0 9.0 0.0
2213.0020102761446 0.0 0.0 0.0 1.0 0.0 0.0 9.0 0.0
2214.0020102761446 0.0 0.0 0.0 1.0 0.0 0.0 9.0 0.0
2215.0020102761446 0.0 0.0 0.0 1.0 0.0 0.0 9.0 0.0
2216.0020102761446 0.0 0.0 0.0 1.0 0.0 0.0 9.0 0.0
2217.0020102761446 0.0 0.0 0.0 1.0 0.0 0.0 9.0 0.0
2218.0020102761446 0.0 0.0 0.0 1.0 0.0 0.0 9.0 0.0
2219.0020102761446 0.0 0.0 0.0 1.0 0.0 0.0 9.0 0.0
2220.0020102761446 0.0 0.0 0.0 1.0 0.0 0.0 9.0 0.0
2221.0020102761446 0.0 0.0 0.0 1.0 0.0 0.0 9.0 0.0
2222.0020102761446 0.0 0.0 0.0 1.0 0.0 0.0 9.0 0.0
2223.0020102761446 0.0 0.0 0.0 1.0 0.0 0.0 9.0 0.0
2224.0020102761446 0.0 0.0 0.0 1.0 0.0 0.0 9.0 0.0
2225.0011132511972 0.0 0.0 0.0 1.0 0.0 0.0 9.0 0.0
2226.0020102761446 0.0 0.0 0.0 1.0 0.0 0.0 9.0 0.0
2227.0020102761446 0.0 0.0 0.0 1.0 0.0 0.0 9.0 0.0
2228.0020102761446 0.0 0.0 0.0 1.0 0.0 0.0 9.0 0.0
2229.0020102761446 0.0 0.0 0.0 1.0 0.0 0.0 9.0 0.0
2230.0020102761446 0.0 0.0 0.0 1.0 0.0 0.0 9.0 0.0
2231.0020102761446 0.0 0.0 0.0 1.0 0.0 0.0 9.0 0.0
2232.0020102761446 0.0 0.0 0.0 1.0 0.0 0.0 9.0 0.0
2233.0020102761446 0.0 0.0 0.0 1.0 0.0 0.0 9.0 0.0
2234.0020102761446 0.0 0.0 0.0 1.0 0.0 0.0 9.0 0.0
2235.0020102761446 0.0 0.0 0.0 1.0 0.0 0.0 9.0 0.0
2236.0020102761446 0.0 0.0 0.0 1.0 0.0 0.0 9.0 0.0
2237.0020102761446 0.0 0.0 0.0 1.0 0.0 0.0 9.0 0.0
2238.0020102761446 0.0 0.0 0.0 1.0 0.0 0.0 9.0 0.0
2239.0020102761446 0.0 0.0 0.0 1.0 0.0 0.0 9.0 0.0
2240.0006324505453 0.0 0.0 0.0 1.0 0.0 0.0 9.0 0.0
2241.0020102761446 0.0 0.0 0.0 1.0 0.0 0.0 9.0 0.0
2242.0013530735355 0.0 0.0 0.0 1.0 0.0 0.0 9.0 0.0
2243.0020102761446 0.0 0.0 0.0 1.0 0.0 0.0 9.0 0.0
2244.0020102761446 0.0 0.0 0.0 1.0 0.0 0.0 9.0 0.0
2245.000134393828 0.0 0.0 0.0 1.0 0.0 0.0 9.0 0.0
2246.0020102761446 0.0 0.0 0.0 1.0 0.0 0.0 9.0 0.0
2247.0020102761446 0.0 0.0 0.0 1.0 0.0 0.0 9.0 0.0
2248.0020102761446 0.0 0.0 0.0 1.0 0.0 0.0 9.0 0.0
2249.0020102761446 0.0 0.0 0.0 1.0 0.0 0.0 9.0 0.0
2250.0020102761446 0.0 0.0 0.0 1.0 0.0 0.0 9.0 0.0
2251.0020102761446 0.0 0.0 0.0 1.0 0.0 0.0 9.0 0.0
2252.0020102761446 0.0 0.0 0.0 1.0 0.0 0.0 9.0 0.0
2253.0020102761446 0.0 0.0 0.0 1.0 0.0 0.0 9.0 0.0
2254.0020102761446 0.0 0.0 0.0 1.0 0.0 0.0 9.0 0.0
2255.0020102761446 0.0 0.0 0.0 1.0 0.0 0.0 9.0 0.0
2256.0020102761446 0.0 0.0 0.0 1.0 0.0 0.0 9.0 0.0
2257.0020102761446 0.0 0.0 0.0 1.0 0.0 0.0 9.0 0.0
2258.00073806777 0.0 0.0 0.0 1.0 0.0 0.0 9.0 0.0
2259.0020102761446 0.0 0.0 0.0 1.0 0.0 0.0 9.0 0.0
2260.0020102761446 0.0 0.0 0.0 1.0 0.0 0.0 9.0 0.0
2261.0020102761446 0.0 0.0 0.0 1.0 0.0 0.0 9.0 0.0
2262.0020102761446 0.0 0.0 0.0 1.0 0.0 0.0 9.0 0.0
2263.0020102761446 0.0 0.0 0.0 1.0 0.0 0.0 9.0 0.0
2264.0020102761446 0.0 0.0 0.0 1.0 0.0 0.0 9.0 0.0
2265.0020102761446 0.0 0.0 0.0 1.0 0.0 0.0 9.0 0.0
2266.0020102761446 0.0 0.0 0.0 1.0 0.0 0.0 9.0 0.0
2267.0020102761446 0.0 0.0 0.0 1.0 0.0 0.0 9.0 0.0
2268.0003711552513 0.0 0.0 0.0 1.0 0.0 0.0 9.0 0.0
2269.0020102761446 0.0 0.0 0.0 1.0 0.0 0.0 9.0 0.0
2270.0020102761446 0.0 0.0 0.0 1.0 0.0 0.0 9.0 0.0
2271.0020102761446 0.0 0.0 0.0 1.0 0.0 0.0 9.0 0.0
2272.0020102761446 0.0 0.0 0.0 1.0 0.0 0.0 9.0 0.0
2273.0020102761446 0.0 0.0 0.0 1.0 0.0 0.0 9.0 0.0
2274.0020102761446 0.0 0.0 0.0 1.0 0.0 0.0 9.0 0.0
2275.0020102761446 0.0 0.0 0.0 1.0 0.0 0.0 9.0 0.0
2276.0020102761446 0.0 0.0 0.0 1.0 0.0 0.0 9.0 0.0
2277.0020102761446 0.0 0.0 0.0 1.0 0.0 0.0 9.0 0.0
2278.0020102761446 0.0 0.0 0.0 1.0 0.0 0.0 9.0 0.0
2279.0020102761446 0.0 0.0 0.0 1.0 0.0 0.0 9.0 0.0
2280.000795230616 0.0 0.0 0.0 1.0 0.0 0.0 9.0 0.0
2281.0013546745413 0.0 0.0 0.0 1.0 0.0 0.0 9.0 0.0
2282.0020102761446 0.0 0.0 0.0 1.0 0.0 0.0 9.0 0.0
2283.0020102761446 0.0 0.0 0.0 1.0 0.0 0.0 9.0 0.0
2284.0020102761446 0.0 0.0 0.0 1.0 0.0 0.0 9.0 0.0
2285.000178674987 0.0 0.0 0.0 1.0 0.0 0.0 9.0 0.0
2286.0020102761446 0.0 0.0 0.0 1.0 0.0 0.0 9.0 0.0
2287.0020102761446 0.0 0.0 0.0 1.0 0.0 0.0 9.0 0.0
2288.0020102761446 0.0 0.0 0.0 1.0 0.0 0.0 9.0 0.0
2289.0010114370966 0.0 0.0 0.0 1.0 0.0 0.0 9.0 0.0
2290.0020102761446 0.0 0.0 0.0 1.0 0.0 0.0 9.0 0.0
2291.0020102761446 0.0 0.0 0.0 1.0 0.0 0.0 9.0 0.0
2292.0020102761446 0.0 0.0 0.0 1.0 0.0 0.0 9.0 0.0
2293.0020102761446 0.0 0.0 0.0 1.0 0.0 0.0 9.0 0.0
2294.0020102761446 0.0 0.0 0.0 1.0 0.0 0.0 9.0 0.0
2295.0020102761446 0.0 0.0 0.0 1.0 0.0 0.0 9.0 0.0
2296.0020102761446 0.0 0.0 0.0 1.0 0.0 0.0 9.0 0.0
2297.0020102761446 0.0 0.0 0.0 1.0 0.0 0.0 9.0 0.0
2298.0020102761446 0.0 0.0 0.0 1.0 0.0 0.0 9.0 0.0
2299.0020102761446 0.0 0.0 0.0 1.0 0.0 0.0 9.0 0.0
2300.0020102761446 0.0 0.0 0.0 1.0 0.0 0.0 9.0 0.0
2301.0020102761446 0.425 0.0 0.0 0.575 0.0 1.0 9.0 0.48271604938271606
2302.0020102761446 0.8875 0.0 0.0 0.11249999999999998 0.0 1.0 9.3125 0.19722222222222222
2303.0020102761446 0.975 0.0 0.0 0.024999999999999988 0.0 1.0 10.025 0.04814814814814815
2304.0020102761446 0.9875 0.0 0.0 0.012500000000000018 0.0 1.0 10.75 0.024382716049382715
2305.0020102761446 0.9875 0.0 0.0 0.012500000000000018 0.0 1.0 10.925 0.024382716049382715
2306.0020102761446 0.9875 0.0 0.0 0.012500000000000018 0.0 1.0 10.95 0.024382716049382715
2307.0020102761446 1.0 0.0 0.0 0.0 0.0 1.0 10.975 0.0
2308.0020102761446 1.0 0.0 0.0 0.0 0.0 1.0 11.0 0.0
2309.0020102761446 1.0 0.0 0.0 0.0 0.0 1.0 11.0 0.0
2310.0020102761446 1.0 0.0 0.0 0.0 0.0 1.0 11.0 0.0
2311.0020102761446 1.0 0.0 0.0 0.0 0.0 1.0 11.0 0.0
2312.0020102761446 1.0 0.0 0.0 0.0 0.0 1.0 11.0 0.0
2313.0020102761446 1.0 0.0 0.0 0.0 0.0 1.0 11.0 0.0
2314.0020102761446 1.0 0.0 0.0 0.0 0.0 1.0 11.0 0.0
2315.0020102761446 1.0 0.0 0.0 0.0 0.0 1.0 11.0 0.0
2316.0020102761446 1.0 0.0 0.0 0.0 0.0 1.0 11.0 0.0
2317.0020102761446 1.0 0.0 0.0 0.0 0.0 1.0 11.0 0.0
2318.0020102761446 1.0 0.0 0.0 0.0 0.0 1.0 11.0 0.0
2319.0020102761446 1.0 0.0 0.0 0.0 0.0 1.0 11.0 0.0
2320.0020102761446 1.0 0.0 0.0 0.0 0.0 1.0 11.0 0.0
2321.0020102761446 1.0 0.0 0.0 0.0 0.0 1.0 11.0 0.0
2322.0011889633447 1.0 0.0 0.0 0.0 0.0 1.0 11.0 0.0
2323.001806752188 1.0 0.0 0.0 0.0 0.0 1.0 11.0 0.0
2324.0020102761446 1.0 0.0 0.0 0.0 0.0 1.0 11.0 0.0
2325.0020102761446 1.0 0.0 0.0 0.0 0.0 1.0 11.0 0.0
2326.0020102761446 1.0 0.0 0.0 0.0 0.0 1.0 11.0 0.0
2327.0008382216647 1.0 0.0 0.0 0.0 0.0 1.0 11.0 0.0
2328.0020102761446 1.0 0.0 0.0 0.0 0.0 1.0 11.0 0.0
2329.0020102761446 1.0 0.0 0.0 0.0 0.0 1.0 11.0 0.0
2330.0020102761446 1.0 0.0 0.0 0.0 0.0 1.0 11.0 0.0
2331.0020102761446 1.0 0.0 0.0 0.0 0.0 1.0 11.0 0.0
2332.0020102761446 1.0 0.0 0.0 0.0 0.0 1.0 11.0 0.0
2333.0020102761446 1.0 0.0 0.0 0.0 0.0 1.0 11.0 0.0
2334.0020102761446 1.0 0.0 0.0 0.0 0.0 1.0 11.0 0.0
2335.0020102761446 1.0 0.0 0.0 0.0 0.0 1.0 11.0 0.0
2336.0003753864135 1.0 0.0 0.0 0.0 0.0 1.0 11.0 0.0
2337.0020102761446 1.0 0.0 0.0 0.0 0.0 1.0 11.0 0.0
2338.0020102761446 1.0 0.0 0.0 0.0 0.0 1.0 11.0 0.0
2339.0020102761446 1.0 0.0 0.0 0.0 0.0 1.0 11.0 0.0
2340.0020102761446 1.0 0.0 0.0 0.0 0.0 1.0 11.0 0.0
2341.0020102761446 1.0 0.0 0.0 0.0 0.0 1.0 11.0 0.0
2342.0020102761446 1.0 0.0 0.0 0.0 0.0 1.0 11.0 0.0
2343.0020102761446 1.0 0.0 0.0 0.0 0.0 1.0 11.0 0.0
2344.0020102761446 1.0 0.0 0.0 0.0 0.0 1.0 11.0 0.0
2345.0020102761446 1.0 0.0 0.0 0.0 0.0 1.0 11.0 0.0
2346.0020102761446 1.0 0.0 0.0 0.0 0.0 1.0 11.0 0.0
2347.0020102761446 1.0 0.0 0.0 0.0 0.0 1.0 11.0 0.0
2348.0020102761446 1.0 0.0 0.0 0.0 0.0 1.0 11.0 0.0
2349.0020102761446 1.0 0.0 0.0 0.0 0.0 1.0 11.0 0.0
2350.0020102761446 1.0 0.0 0.0 0.0 0.0 1.0 11.0 0.0
2351.0020102761446 1.0 0.0 0.0 0.0 0.0 1.0 11.0 0.0
2352.0020102761446 1.0 0.0 0.0 0.0 0.0 1.0 11.0 0.0
2353.0020102761446 1.0 0.0 0.0 0.0 0.0 1.0 11.0 0.0
2354.0020102761446 1.0 0.0 0.0 0.0 0.0 1.0 11.0 0.0
2355.0020102761446 1.0 0.0 0.0 0.0 0.0 1.0 11.0 0.0
2356.0020102761446 1.0 0.0 0.0 0.0 0.0 1.0 11.0 0.0
2357.0020102761446 1.0 0.0 0.0 0.0 0.0 1.0 11.0 0.0
2358.0020102761446 1.0 0.0 0.0 0.0 0.0 1.0 11.0 0.0
2359.0020102761446 1.0 0.0 0.0 0.0 0.0 1.0 11.0 0.0
2360.0020102761446 1.0 0.0 0.0 0.0 0.0 1.0 11.0 0.0
2361.0020102761446 1.0 0.0 0.0 0.0 0.0 1.0 11.0 0.0
2362.0020102761446 1.0 0.0 0.0 0.0 0.0 1.0 11.0 0.0
2363.0020102761446 1.0 0.0 0.0 0.0 0.0 1.0 11.0 0.0
2364.0020102761446 1.0 0.0 0.0 0.0 0.0 1.0 11.0 0.0
2365.0020102761446 1.0 0.0 0.0 0.0 0.0 1.0 11.0 0.0
2366.0020102761446 1.0 0.0 0.0 0.0 0.0 1.0 11.0 0.0
2367.0020102761446 1.0 0.0 0.0 0.0 0.0 1.0 11.0 0.0
2368.0020102761446 1.0 0.0 0.0 0.0 0.0 1.0 11.0 0.0
2369.0020102761446 1.0 0.0 0.0 0.0 0.0 1.0 11.0 0.0
2370.0020102761446 1.0 0.0 0.0 0.0 0.0 1.0 11.0 0.0
2371.0020102761446 1.0 0.0 0.0 0.0 0.0 1.0 11.0 0.0
2372.0020102761446 1.0 0.0 0.0 0.0 0.0 1.0 11.0 0.0
2373.0020102761446 1.0 0.0 0.0 0.0 0.0 1.0 11.0 0.0
2374.0020102761446 1.0 0.0 0.0 0.0 0.0 1.0 11.0 0.0
2375.0020102761446 1.0 0.0 0.0 0.0 0.0 1.0 11.0 0.0
2376.0020102761446 1.0 0.0 0.0 0.0 0.0 1.0 11.0 0.0
2377.0020102761446 1.0 0.0 0.0 0.0 0.0 1.0 11.0 0.0
2378.0020102761446 1.0 0.0 0.0 0.0 0.0 1.0 11.0 0.0
2379.0020102761446 1.0 0.0 0.0 0.0 0.0 1.0 11.0 0.0
2380.0020102761446 1.0 0.0 0.0 0.0 0.0 1.0 11.0 0.0
2381.0020102761446 1.0 0.0 0.0 0.0 0.0 1.0 11.0 0.0
2382.0019942416925 1.0 0.0 0.0 0.0 0.0 1.0 11.0 0.0
2383.0020102761446 1.0 0.0 0.0 0.0 0.0 1.0 11.0 0.0
2384.0020102761446 1.0 0.0 0.0 0.0 0.0 1.0 11.0 0.0
2385.0020102761446 1.0 0.0 0.0 0.0 0.0 1.0 11.0 0.0
2386.0020102761446 1.0 0.0 0.0 0.0 0.0 1.0 11.0 0.0
2387.0020102761446 1.0 0.0 0.0 0.0 0.0 1.0 11.0 0.0
2388.0004224550935 1.0 0.0 0.0 0.0 0.0 1.0 11.0 0.0
2389.0020102761446 1.0 0.0 0.0 0.0 0.0 1.0 11.0 0.0
2390.0020102761446 1.0 0.0 0.0 0.0 0.0 1.0 11.0 0.0
2391.0020102761446 1.0 0.0 0.0 0.0 0.0 1.0 11.0 0.0
2392.0020102761446 1.0 0.0 0.0 0.0 0.0 1.0 11.0 0.0
2393.0020102761446 1.0 0.0 0.0 0.0 0.0 1.0 11.0 0.0
2394.0020102761446 1.0 0.0 0.0 0.0 0.0 1.0 11.0 0.0
2395.001032843784 1.0 0.0 0.0 0.0 0.0 1.0 11.0 0.0
2396.0020102761446 1.0 0.0 0.0 0.0 0.0 1.0 11.0 0.0
2397.0020102761446 1.0 0.0 0.0 0.0 0.0 1.0 11.0 0.0
2398.0020102761446 1.0 0.0 0.0 0.0 0.0 1.0 11.0 0.0
2399.0020102761446 1.0 0.0 0.0 0.0 0.0 1.0 11.0 0.0
2400.0 1.0 0.0 0.0 0.0 1.0 1.0 11.0 0.0
2401.0020102761446 0.5375 0.425 0.03749999999999999 0.0 1.0 1.0 11.0 0.5225308641975308
2402.0020102761446 0.13750000000000004 0.825 0.037500000000000006 0.0 1.0 1.0 11.3625 0.2953703703703704
2403.0020102761446 0.02499999999999999 0.9625 0.012500000000000002 0.0 1.0 1.0 12.0625 0.07191358024691358
2404.0020102761446 0.0 1.0 0.0 0.0 1.0 1.0 12.8125 0.0
2405.0020102761446 0.0 1.0 0.0 0.0 1.0 1.0 12.9875 0.0
2406.0020102761446 0.0 1.0 0.0 0.0 1.0 1.0 12.9875 0.0
2407.0020102761446 0.0 1.0 0.0 0.0 1.0 1.0 12.9875 0.0
2408.0020102761446 0.0 1.0 0.0 0.0 1.0 1.0 13.0 0.0
2409.0020102761446 0.0 1.0 0.0 0.0 1.0 1.0 13.0 0.0
2410.0020102761446 0.0 1.0 0.0 0.0 1.0 1.0 13.0 0.0
2411.0012029690342 0.0 1.0 0.0 0.0 1.0 1.0 13.0 0.0
2412.0020102761446 0.0 1.0 0.0 0.0 1.0 1.0 13.0 0.0
2413.0020102761446 0.0 1.0 0.0 0.0 1.0 1.0 13.0 0.0
2414.0020102761446 0.0 1.0 0.0 0.0 1.0 1.0 13.0 0.0
2415.0020102761446 0.0 1.0 0.0 0.0 1.0 1.0 13.0 0.0
2416.0020102761446 0.0 1.0 0.0 0.0 1.0 1.0 13.0 0.0
2417.0005015962456 0.0 1.0 0.0 0.0 1.0 1.0 13.0 0.0
2418.0020102761446 0.0 1.0 0.0 0.0 1.0 1.0 13.0 0.0
2419.0020102761446 0.0 1.0 0.0 0.0 1.0 1.0 13.0 0.0
2420.0020102761446 0.0 1.0 0.0 0.0 1.0 1.0 13.0 0.0
2421.0020102761446 0.0 1.0 0.0 0.0 1.0 1.0 13.0 0.0
2422.0020102761446 0.0 1.0 0.0 0.0 1.0 1.0 13.0 0.0
2423.0020102761446 0.0 1.0 0.0 0.0 1.0 1.0 13.0 0.0
2424.0020102761446 0.0 1.0 0.0 0.0 1.0 1.0 13.0 0.0
2425.0020102761446 0.0 1.0 0.0 0.0 1.0 1.0 13.0 0.0
2426.0020102761446 0.0 1.0 0.0 0.0 1.0 1.0 13.0 0.0
2427.0020102761446 0.0 1.0 0.0 0.0 1.0 1.0 13.0 0.0
2428.0020102761446 0.0 1.0 0.0 0.0 1.0 1.0 13.0 0.0
2429.0020102761446 0.0 1.0 0.0 0.0 1.0 1.0 13.0 0.0
2430.0020102761446 0.0 1.0 0.0 0.0 1.0 1.0 13.0 0.0
2431.0020102761446 0.0 1.0 0.0 0.0 1.0 1.0 13.0 0.0
2432.0020102761446 0.0 1.0 0.0 0.0 1.0 1.0 13.0 0.0
2433.0020102761446 0.0 1.0 0.0 0.0 1.0 1.0 13.0 0.0
2434.0020102761446 0.0 1.0 0.0 0.0 1.0 1.0 13.0 0.0
2435.0020102761446 0.0 1.0 0.0 0.0 1.0 1.0 13.0 0.0
2436.0020102761446 0.0 1.0 0.0 0.0 1.0 1.0 13.0 0.0
2437.0020102761446 0.0 1.0 0.0 0.0 1.0 1.0 13.0 0.0
2438.0020102761446 0.0 1.0 0.0 0.0 1.0 1.0 13.0 0.0
2439.0020102761446 0.0 1.0 0.0 0.0 1.0 1.0 13.0 0.0
2440.0015120284456 0.0 1.0 0.0 0.0 1.0 1.0 13.0 0.0
2441.0009541595427 0.0 1.0 0.0 0.0 1.0 1.0 13.0 0.0
2442.0020102761446 0.0 1.0 0.0 0.0 1.0 1.0 13.0 0.0
2443.0020102761446 0.0 1.0 0.0 0.0 1.0 1.0 13.0 0.0
2444.0020102761446 0.0 1.0 0.0 0.0 1.0 1.0 13.0 0.0
2445.000623764921 0.0 1.0 0.0 0.0 1.0 1.0 13.0 0.0
2446.0020102761446 0.0 1.0 0.0 0.0 1.0 1.0 13.0 0.0
2447.0020102761446 0.0 1.0 0.0 0.0 1.0 1.0 13.0 0.0
2448.0020102761446 0.0 1.0 0.0 0.0 1.0 1.0 13.0 0.0
2449.000713698984 0.0 1.0 0.0 0.0 1.0 1.0 13.0 0.0
2450.001666893563 0.0 1.0 0.0 0.0 1.0 1.0 13.0 0.0
2451.0020102761446 0.0 1.0 0.0 0.0 1.0 1.0 13.0 0.0
2452.0020102761446 0.0 1.0 0.0 0.0 1.0 1.0 13.0 0.0
2453.0020102761446 0.0 1.0 0.0 0.0 1.0 1.0 13.0 0.0
2454.0020102761446 0.0 1.0 0.0 0.0 1.0 1.0 13.0 0.0
2455.0020102761446 0.0 1.0 0.0 0.0 1.0 1.0 13.0 0.0
2456.0011954468896 0.0 1.0 0.0 0.0 1.0 1.0 13.0 0.0
2457.0020102761446 0.0 1.0 0.0 0.0 1.0 1.0 13.0 0.0
2458.0001269769346 0.0 1.0 0.0 0.0 1.0 1.0 13.0 0.0
2459.0020102761446 0.0 1.0 0.0 0.0 1.0 1.0 13.0 0.0
2460.0020102761446 0.0 1.0 0.0 0.0 1.0 1.0 13.0 0.0
2461.0018861646267 0.0 1.0 0.0 0.0 1.0 1.0 13.0 0.0
2462.0020102761446 0.0 1.0 0.0 0.0 1.0 1.0 13.0 0.0
2463.0020102761446 0.0 1.0 0.0 0.0 1.0 1.0 13.0 0.0
2464.0020102761446 0.0 1.0 0.0 0.0 1.0 1.0 13.0 0.0
2465.0020102761446 0.0 1.0 0.0 0.0 1.0 1.0 13.0 0.0
2466.0020102761446 0.0 1.0 0.0 0.0 1.0 1.0 13.0 0.0
2467.0020102761446 0.0 1.0 0.0 0.0 1.0 1.0 13.0 0.0
2468.0020102761446 0.0 1.0 0.0 0.0 1.0 1.0 13.0 0.0
2469.0020102761446 0.0 1.0 0.0 0.0 1.0 1.0 13.0 0.0
2470.0020102761446 0.0 1.0 0.0 0.0 1.0 1.0 13.0 0.0
2471.0020102761446 0.0 1.0 0.0 0.0 1.0 1.0 13.0 0.0
2472.0020102761446 0.0 1.0 0.0 0.0 1.0 1.0 13.0 0.0
2473.0020102761446 0.0 1.0 0.0 0.0 1.0 1.0 13.0 0.0
2474.0020102761446 0.0 1.0 0.0 0.0 1.0 1.0 13.0 0.0
2475.0020102761446 0.0 1.0 0.0 0.0 1.0 1.0 13.0 0.0
2476.0020102761446 0.0 1.0 0.0 0.0 1.0 1.0 13.0 0.0
2477.0020102761446 0.0 1.0 0.0 0.0 1.0 1.0 13.0 0.0
2478.0020102761446 0.0 1.0 0.0 0.0 1.0 1.0 13.0 0.0
2479.0020102761446 0.0 1.0 0.0 0.0 1.0 1.0 13.0 0.0
2480.0020102761446 0.0 1.0 0.0 0.0 1.0 1.0 13.0 0.0
2481.0020102761446 0.0 1.0 0.0 0.0 1.0 1.0 13.0 0.0
2482.0020102761446 0.0 1.0 0.0 0.0 1.0 1.0 13.0 0.0
2483.0020102761446 0.0 1.0 0.0 0.0 1.0 1.0 13.0 0.0
2484.0020102761446 0.0 1.0 0.0 0.0 1.0 1.0 13.0 0.0
2485.0020102761446 0.0 1.0 0.0 0.0 1.0 1.0 13.0 0.0
2486.0020102761446 0.0 1.0 0.0 0.0 1.0 1.0 13.0 0.0
2487.0020102761446 0.0 1.0 0.0 0.0 1.0 1.0 13.0 0.0
2488.0020102761446 0.0 1.0 0.0 0.0 1.0 1.0 13.0 0.0
2489.0020102761446 0.0 1.0 0.0 0.0 1.0 1.0 13.0 0.0
2490.0016699454122 0.0 1.0 0.0 0.0 1.0 1.0 13.0 0.0
2491.0001356041407 0.0 1.0 0.0 0.0 1.0 1.0 13.0 0.0
2492.0000697535315 0.0 1.0 0.0 0.0 1.0 1.0 13.0 0.0
2493.0020102761446 0.0 1.0 0.0 0.0 1.0 1.0 13.0 0.0
2494.0020102761446 0.0 0.9625 0.0 0.037500000000000006 0.0 1.0 13.0 0.0712962962962963
2495.0020102761446 0.21250000000000002 0.1875 0.0 0.6 0.0 1.0 13.05 0.5527777777777778
2496.0020102761446 0.8375 0.02499999999999999 0.0 0.13749999999999993 0.0 1.0 13.7625 0.2756172839506173
2497.0020102761446 0.22499999999999998 0.0 0.75 0.024999999999999988 0.0 1.0 14.8125 0.3814814814814815
2498.0020102761446 0.02499999999999999 0.0 0.9625 0.012500000000000018 0.0 1.0 15.8125 0.07191358024691358
2499.0020102761446 0.012499999999999994 0.0 0.975 0.012500000000000018 0.0 1.0 16.5875 0.04845679012345679
2500.0009291223273 0.012499999999999994 0.0 0.975 0.012500000000000018 0.0 1.0 16.9 0.04845679012345679
2501.0020102761446 0.012499999999999994 0.0 0.975 0.012500000000000018 0.0 1.0 16.9125 0.04845679012345679
2502.0000543413266 0.012499999999999994 0.0 0.975 0.012500000000000018 0.0 1.0 16.9125 0.04845679012345679
2503.0020102761446 0.0 0.0 0.9875 0.012500000000000018 0.0 1.0 16.9375 0.024382716049382715
2504.0020102761446 0.0 0.0 0.9875 0.012500000000000018 0.0 1.0 16.95 0.024382716049382715
2505.0020102761446 0.0 0.0 0.9875 0.012500000000000018 0.0 1.0 16.95 0.024382716049382715
2506.0020102761446 0.0 0.0 0.9875 0.012500000000000018 0.0 1.0 16.95 0.024382716049382715
2507.0020102761446 0.0 0.0 0.9875 0.012500000000000018 0.0 1.0 16.95 0.024382716049382715
2508.0020102761446 0.0 0.0 0.9875 0.012500000000000018 0.0 1.0 16.95 0.024382716049382715
2509.0020102761446 0.0 0.0 0.9875 0.012500000000000018 0.0 1.0 16.95 0.024382716049382715
2510.0020102761446 0.0 0.0 1.0 0.0 0.0 1.0 17.0 0.0
2511.0020102761446 0.0 0.0 1.0 0.0 0.0 1.0 17.0 0.0
2512.0020102761446 0.0 0.0 1.0 0.0 0.0 1.0 17.0 0.0
2513.0020102761446 0.0 0.0 1.0 0.0 0.0 1.0 17.0 0.0
2514.0020102761446 0.0 0.0 1.0 0.0 0.0 1.0 17.0 0.0
2515.0020102761446 0.0 0.0 1.0 0.0 0.0 1.0 17.0 0.0
2516.0020102761446 0.0 0.0 1.0 0.0 0.0 1.0 17.0 0.0
2517.0020102761446 0.0 0.0 1.0 0.0 0.0 1.0 17.0 0.0
2518.0020102761446 0.0 0.0 1.0 0.0 0.0 1.0 17.0 0.0
2519.0020102761446 0.0 0.0 1.0 0.0 0.0 1.0 17.0 0.0
2520.0020102761446 0.0 0.0 1.0 0.0 0.0 1.0 17.0 0.0
2521.0020102761446 0.0 0.0 1.0 0.0 0.0 1.0 17.0 0.0
2522.0016518017947 0.0 0.0 1.0 0.0 0.0 1.0 17.0 0.0
2523.0020102761446 0.0 0.0 1.0 0.0 0.0 1.0 17.0 0.0
2524.0020102761446 0.0 0.0 1.0 0.0 0.0 1.0 17.0 0.0
2525.0020102761446 0.0 0.0 1.0 0.0 0.0 1.0 17.0 0.0
2526.0020102761446 0.0 0.0 1.0 0.0 0.0 1.0 17.0 0.0
2527.0020102761446 0.0 0.0 1.0 0.0 0.0 1.0 17.0 0.0
2528.0020102761446 0.0 0.0 1.0 0.0 0.0 1.0 17.0 0.0
2529.0020102761446 0.0 0.0 1.0 0.0 0.0 1.0 17.0 0.0
2530.0020102761446 0.0 0.0 1.0 0.0 0.0 1.0 17.0 0.0
2531.0020102761446 0.0 0.0 1.0 0.0 0.0 1.0 17.0 0.0
2532.0020102761446 0.0 0.0 1.0 0.0 0.0 1.0 17.0 0.0
2533.0020102761446 0.0 0.0 1.0 0.0 0.0 1.0 17.0 0.0
2534.0020102761446 0.0 0.0 1.0 0.0 0.0 1.0 17.0 0.0
2535.0020102761446 0.0 0.0 1.0 0.0 0.0 1.0 17.0 0.0
2536.0020102761446 0.0 0.0 1.0 0.0 0.0 1.0 17.0 0.0
2537.0020102761446 0.0 0.0 1.0 0.0 0.0 1.0 17.0 0.0
2538.0020102761446 0.0 0.0 1.0 0.0 0.0 1.0 17.0 0.0
2539.0020102761446 0.0 0.0 1.0 0.0 0.0 1.0 17.0 0.0
2540.0020102761446 0.0 0.0 1.0 0.0 0.0 1.0 17.0 0.0
2541.0020102761446 0.0 0.0 1.0 0.0 0.0 1.0 17.0 0.0
2542.0020102761446 0.0 0.0 1.0 0.0 0.0 1.0 17.0 0.0
2543.0020102761446 0.0 0.0 1.0 0.0 0.0 1.0 17.0 0.0
2544.0020102761446 0.0 0.0 1.0 0.0 0.0 1.0 17.0 0.0
2545.0020102761446 0.0 0.0 1.0 0.0 0.0 1.0 17.0 0.0
2546.0020102761446 0.0 0.0 1.0 0.0 0.0 1.0 17.0 0.0
2547.0020102761446 0.0 0.0 1.0 0.0 0.0 1.0 17.0 0.0
2548.0020102761446 0.0 0.0 1.0 0.0 0.0 1.0 17.0 0.0
2549.0020102761446 0.0 0.0 1.0 0.0 0.0 1.0 17.0 0.0
2550.0020102761446 0.0 0.0 1.0 0.0 0.0 1.0 17.0 0.0
2551.0020102761446 0.0 0.0 1.0 0.0 0.0 1.0 17.0 0.0
2552.0020102761446 0.0 0.0 1.0 0.0 0.0 1.0 17.0 0.0
2553.0020102761446 0.0 0.0 1.0 0.0 0.0 1.0 17.0 0.0
2554.0020102761446 0.0 0.0 1.0 0.0 0.0 1.0 17.0 0.0
2555.0020102761446 0.0 0.0 1.0 0.0 0.0 1.0 17.0 0.0
2556.0020102761446 0.0 0.0 1.0 0.0 0.0 1.0 17.0 0.0
2557.0020102761446 0.0 0.0 1.0 0.0 0.0 1.0 17.0 0.0
2558.0020102761446 0.0 0.0 1.0 0.0 0.0 1.0 17.0 0.0
2559.0020102761446 0.0 0.0 1.0 0.0 0.0 1.0 17.0 0.0
2560.0020102761446 0.0 0.0 1.0 0.0 0.0 1.0 17.0 0.0
2561.0020102761446 0.0 0.0 1.0 0.0 0.0 1.0 17.0 0.0
2562.0020102761446 0.0 0.0 1.0 0.0 0.0 1.0 17.0 0.0
2563.0017836030247 0.0 0.0 1.0 0.0 0.0 1.0 17.0 0.0
2564.0020102761446 0.0 0.0 1.0 0.0 0.0 1.0 17.0 0.0
2565.0020102761446 0.0 0.0 1.0 0.0 0.0 1.0 17.0 0.0
2566.0020102761446 0.0 0.0 1.0 0.0 0.0 1.0 17.0 0.0
2567.0020102761446 0.0 0.0 1.0 0.0 0.0 1.0 17.0 0.0
2568.0020102761446 0.0 0.0 1.0 0.0 0.0 1.0 17.0 0.0
2569.0020102761446 0.0 0.0 1.0 0.0 0.0 1.0 17.0 0.0
2570.0020102761446 0.0 0.0 1.0 0.0 0.0 1.0 17.0 0.0
2571.001326298332 0.0 0.0 1.0 0.0 0.0 1.0 17.0 0.0
2572.0020102761446 0.0 0.0 1.0 0.0 0.0 1.0 17.0 0.0
2573.0020102761446 0.0 0.0 1.0 0.0 0.0 1.0 17.0 0.0
2574.0020102761446 0.0 0.0 1.0 0.0 0.0 1.0 17.0 0.0
2575.0020102761446 0.0 0.0 1.0 0.0 0.0 1.0 17.0 0.0
2576.0020102761446 0.0 0.0 1.0 0.0 0.0 1.0 17.0 0.0
2577.0020102761446 0.0 0.0 1.0 0.0 0.0 1.0 17.0 0.0
2578.0020102761446 0.0 0.0 1.0 0.0 0.0 1.0 17.0 0.0
2579.0020102761446 0.0 0.0 1.0 0.0 0.0 1.0 17.0 0.0
2580.0020102761446 0.0 0.0 1.0 0.0 0.0 1.0 17.0 0.0
2581.0020102761446 0.0 0.0 1.0 0.0 0.0 1.0 17.0 0.0
2582.0020102761446 0.0 0.0 1.0 0.0 0.0 1.0 17.0 0.0
2583.0020102761446 0.0 0.0 1.0 0.0 0.0 1.0 17.0 0.0
2584.0019797120754 0.0 0.0 1.0 0.0 0.0 1.0 17.0 0.0
2585.0020102761446 0.0 0.0 1.0 0.0 0.0 1.0 17.0 0.0
2586.0020102761446 0.0 0.0 1.0 0.0 0.0 1.0 17.0 0.0
2587.0020102761446 0.0 0.0 1.0 0.0 0.0 1.0 17.0 0.0
2588.0020102761446 0.0 0.0 1.0 0.0 0.0 1.0 17.0 0.0
2589.0020102761446 0.0 0.0 1.0 0.0 0.0 1.0 17.0 0.0
2590.0020102761446 0.0 0.0 1.0 0.0 0.0 1.0 17.0 0.0
2591.0020102761446 0.0 0.0 1.0 0.0 0.0 1.0 17.0 0.0
2592.0020102761446 0.0 0.0 1.0 0.0 0.0 1.0 17.0 0.0
2593.0020102761446 0.0 0.0 1.0 0.0 0.0 1.0 17.0 0.0
2594.0020102761446 0.0 0.0 1.0 0.0 0.0 1.0 17.0 0.0
2595.0020102761446 0.0 0.0 1.0 0.0 0.0 1.0 17.0 0.0
2596.0020102761446 0.0 0.0 1.0 0.0 0.0 1.0 17.0 0.0
2597.0020102761446 0.0 0.0 1.0 0.0 0.0 1.0 17.0 0.0
2598.0020102761446 0.0 0.0 1.0 0.0 0.0 1.0 17.0 0.0
2599.0020102761446 0.0 0.0 1.0 0.0 0.0 1.0 17.0 0.0
2600.0020102761446 0.0 0.0 1.0 0.0 0.0 1.0 17.0 0.0
2601.0020102761446 0.0 0.0 1.0 0.0 0.0 1.0 17.0 0.0
2602.0020102761446 0.0 0.0 1.0 0.0 0.0 1.0 17.0 0.0
2603.0020102761446 0.0 0.0 1.0 0.0 0.0 1.0 17.0 0.0
2604.0020102761446 0.0 0.0 1.0 0.0 0.0 1.0 17.0 0.0
2605.0020102761446 0.0 0.0 1.0 0.0 0.0 1.0 17.0 0.0
2606.0020102761446 0.0 0.0 1.0 0.0 0.0 1.0 17.0 0.0
2607.0020102761446 0.0 0.0 1.0 0.0 0.0 1.0 17.0 0.0
2608.0020102761446 0.0 0.0 1.0 0.0 0.0 1.0 17.0 0.0
2609.0020102761446 0.0 0.0 0.5875 0.4125 0.0 0.0 17.0 0.4787037037037037
2610.0020102761446 0.0 0.0 0.08750000000000002 0.9125 0.0 0.0 17.25 0.15771604938271605
2611.001457404691 0.0 0.0 0.012499999999999995 0.9875 0.0 0.0 18.175 0.024382716049382715
2612.0020102761446 0.0 0.0 0.0 1.0 0.0 0.0 18.7625 0.0
2613.0020102761446 0.0 0.0 0.0 1.0 0.0 0.0 18.9625 0.0
2614.0020102761446 0.0 0.0 0.0 1.0 0.0 0.0 18.9875 0.0
2615.0020102761446 0.0 0.0 0.0 1.0 0.0 0.0 19.0 0.0
2616.0020102761446 0.0 0.0 0.0 1.0 0.0 0.0 19.0 0.0
2617.0020102761446 0.0 0.0 0.0 1.0 0.0 0.0 19.0 0.0
2618.0020102761446 0.0 0.0 0.0 1.0 0.0 0.0 19.0 0.0
2619.0005453354906 0.0 0.0 0.0 1.0 0.0 0.0 19.0 0.0
2620.0020102761446 0.0 0.0 0.0 1.0 0.0 0.0 19.0 0.0
2621.0020102761446 0.0 0.0 0.0 1.0 0.0 0.0 19.0 0.0
2622.0020102761446 0.0 0.0 0.0 1.0 0.0 0.0 19.0 0.0
2623.0000549533006 0.0 0.0 0.0 1.0 0.0 0.0 19.0 0.0
2624.0020102761446 0.0 0.0 0.0 1.0 0.0 0.0 19.0 0.0
2625.0020102761446 0.0 0.0 0.0 1.0 0.0 0.0 19.0 0.0
2626.0020102761446 0.0 0.0 0.0 1.0 0.0 0.0 19.0 0.0
2627.0020102761446 0.0 0.0 0.0 1.0 0.0 0.0 19.0 0.0
2628.0020102761446 0.0 0.0 0.0 1.0 0.0 0.0 19.0 0.0
2629.0020102761446 0.0 0.0 0.0 1.0 0.0 0.0 19.0 0.0
2630.000180251729 0.0 0.0 0.0 1.0 0.0 0.0 19.0 0.0
2631.0020102761446 0.0 0.0 0.0 1.0 0.0 0.0 19.0 0.0
2632.0010687258323 0.0 0.0 0.0 1.0 0.0 0.0 19.0 0.0
2633.0020102761446 0.0 0.0 0.0 1.0 0.0 0.0 19.0 0.0
2634.0020102761446 0.0 0.0 0.0 1.0 0.0 0.0 19.0 0.0
2635.0020102761446 0.0 0.0 0.0 1.0 0.0 0.0 19.0 0.0
2636.0020102761446 0.0 0.0 0.0 1.0 0.0 0.0 19.0 0.0
2637.0020102761446 0.0 0.0 0.0 1.0 0.0 0.0 19.0 0.0
2638.0020102761446 0.0 0.0 0.0 1.0 0.0 0.0 19.0 0.0
2639.0020102761446 0.0 0.0 0.0 1.0 0.0 0.0 19.0 0.0
2640.0020102761446 0.0 0.0 0.0 1.0 0.0 0.0 19.0 0.0
2641.0020102761446 0.0 0.0 0.0 1.0 0.0 0.0 19.0 0.0
2642.0020102761446 0.0 0.0 0.0 1.0 0.0 0.0 19.0 0.0
2643.0020102761446 0.0 0.0 0.0 1.0 0.0 0.0 19.0 0.0
2644.0020102761446 0.0 0.0 0.0 1.0 0.0 0.0 19.0 0.0
2645.0020102761446 0.0 0.0 0.0 1.0 0.0 0.0 19.0 0.0
2646.0020102761446 0.0 0.0 0.0 1.0 0.0 0.0 19.0 0.0
2647.0020102761446 0.0 0.0 0.0 1.0 0.0 0.0 19.0 0.0
2648.0020102761446 0.0 0.0 0.0 1.0 0.0 0.0 19.0 0.0
2649.0020102761446 0.0 0.0 0.0 1.0 0.0 0.0 19.0 0.0
2650.0020102761446 0.0 0.0 0.0 1.0 0.0 0.0 19.0 0.0
2651.0020102761446 0.0 0.0 0.0 1.0 0.0 0.0 19.0 0.0
2652.0020102761446 0.0 0.0 0.0 1.0 0.0 0.0 19.0 0.0
2653.0020102761446 0.0 0.0 0.0 1.0 0.0 0.0 19.0 0.0
2654.0020102761446 0.0 0.0 0.0 1.0 0.0 0.0 19.0 0.0
2655.0020102761446 0.0 0.0 0.0 1.0 0.0 0.0 19.0 0.0
2656.0020102761446 0.0 0.0 0.0 1.0 0.0 0.0 19.0 0.0
2657.0020102761446 0.0 0.0 0.0 1.0 0.0 0.0 19.0 0.0
2658.0020102761446 0.0 0.0 0.0 1.0 0.0 0.0 19.0 0.0
2659.0020102761446 0.0 0.0 0.0 1.0 0.0 0.0 19.0 0.0
2660.0020102761446 0.0 0.0 0.0 1.0 0.0 0.0 19.0 0.0
2661.0020102761446 0.0 0.0 0.0 1.0 0.0 0.0 19.0 0.0
2662.0020102761446 0.0 0.0 0.0 1.0 0.0 0.0 19.0 0.0
2663.0020102761446 0.0 0.0 0.0 1.0 0.0 0.0 19.0 0.0
2664.0020102761446 0.0 0.0 0.0 1.0 0.0 0.0 19.0 0.0
2665.0020102761446 0.0 0.0 0.0 1.0 0.0 0.0 19.0 0.0
2666.0020102761446 0.0 0.0 0.0 1.0 0.0 0.0 19.0 0.0
2667.0020102761446 0.0 0.0 0.0 1.0 0.0 0.0 19.0 0.0
2668.0020102761446 0.0 0.0 0.0 1.0 0.0 0.0 19.0 0.0
2669.001847906434 0.0 0.0 0.0 1.0 0.0 0.0 19.0 0.0
2670.0020102761446 0.0 0.0 0.0 1.0 0.0 0.0 19.0 0.0
2671.0020102761446 0.0 0.0 0.0 1.0 0.0 0.0 19.0 0.0
2672.0020102761446 0.0 0.0 0.0 1.0 0.0 0.0 19.0 0.0
2673.0020102761446 0.0 0.0 0.0 1.0 0.0 0.0 19.0 0.0
2674.0000487254797 0.0 0.0 0.0 1.0 0.0 0.0 19.0 0.0
2675.0020102761446 0.0 0.0 0.0 1.0 0.0 0.0 19.0 0.0
2676.0020102761446 0.0 0.0 0.0 1.0 0.0 0.0 19.0 0.0
2677.0020102761446 0.0 0.0 0.0 1.0 0.0 0.0 19.0 0.0
2678.0020102761446 0.0 0.0 0.0 1.0 0.0 0.0 19.0 0.0
2679.0020102761446 0.0 0.0 0.0 1.0 0.0 0.0 19.0 0.0
2680.0020102761446 0.0 0.0 0.0 1.0 0.0 0.0 19.0 0.0
2681.0020102761446 0.0 0.0 0.0 1.0 0.0 0.0 19.0 0.0
2682.0020102761446 0.0 0.0 0.0 1.0 0.0 0.0 19.0 0.0
2683.000340047111 0.0 0.0 0.0 1.0 0.0 0.0 19.0 0.0
2684.0020102761446 0.0 0.0 0.0 1.0 0.0 0.0 19.0 0.0
2685.0020102761446 0.0 0.0 0.0 1.0 0.0 0.0 19.0 0.0
2686.0020102761446 0.0 0.0 0.0 1.0 0.0 0.0 19.0 0.0
2687.0020102761446 0.0 0.0 0.0 1.0 0.0 0.0 19.0 0.0
2688.0001958615785 0.0 0.0 0.0 1.0 0.0 0.0 19.0 0.0
2689.0020102761446 0.0 0.0 0.0 1.0 0.0 0.0 19.0 0.0
2690.0020102761446 0.0 0.0 0.0 1.0 0.0 0.0 19.0 0.0
2691.0020102761446 0.0 0.0 0.0 1.0 0.0 0.0 19.0 0.0
2692.0020102761446 0.0 0.0 0.0 1.0 0.0 0.0 19.0 0.0
2693.0001380382723 0.0 0.0 0.0 1.0 0.0 0.0 19.0 0.0
2694.0020102761446 0.0 0.0 0.0 1.0 0.0 0.0 19.0 0.0
2695.0020102761446 0.0 0.0 0.0 1.0 0.0 0.0 19.0 0.0
2696.0020102761446 0.0 0.0 0.0 1.0 0.0 0.0 19.0 0.0
2697.0020102761446 0.0 0.0 0.0 1.0 0.0 0.0 19.0 0.0
2698.0020102761446 0.0 0.0 0.0 1.0 0.0 0.0 19.0 0.0
2699.0020102761446 0.0 0.0 0.0 1.0 0.0 0.0 19.0 0.0
2700.0020102761446 0.0 0.0 0.0 1.0 0.0 0.0 19.0 0.0
2701.0020102761446 0.0 0.0 0.0 1.0 0.0 0.0 19.0 0.0
2702.0020102761446 0.0 0.0 0.0 1.0 0.0 0.0 19.0 0.0
2703.0020102761446 0.0 0.0 0.0 1.0 0.0 0.0 19.0 0.0
2704.0020102761446 0.0 0.0 0.0 1.0 0.0 0.0 19.0 0.0
2705.0020102761446 0.0 0.0 0.0 1.0 0.0 0.0 19.0 0.0
2706.0020102761446 0.0 0.0 0.0 1.0 0.0 0.0 19.0 0.0
2707.0020102761446 0.0 0.0 0.0 1.0 0.0 0.0 19.0 0.0
2708.0020102761446 0.0 0.0 0.0 1.0 0.0 0.0 19.0 0.0
2709.0020102761446 0.0 0.0 0.0 1.0 0.0 0.0 19.0 0.0
2710.0020102761446 0.0 0.0 0.0 1.0 0.0 0.0 19.0 0.0
2711.0020102761446 0.0 0.0 0.0 1.0 0.0 0.0 19.0 0.0
2712.0020102761446 0.0 0.0 0.0 1.0 0.0 0.0 19.0 0.0
2713.0020102761446 0.0 0.0 0.0 1.0 0.0 0.0 19.0 0.0
2714.0020102761446 0.0 0.0 0.0 1.0 0.0 0.0 19.0 0.0
2715.001424986543 0.0 0.0 0.0 1.0 0.0 0.0 19.0 0.0
2716.0020102761446 0.0 0.0 0.0 1.0 0.0 0.0 19.0 0.0
2717.0020102761446 0.0 0.0 0.0 1.0 0.0 0.0 19.0 0.0
2718.0020102761446 0.0 0.0 0.0 1.0 0.0 0.0 19.0 0.0
2719.0020102761446 0.0 0.0 0.0 1.0 0.0 0.0 19.0 0.0
2720.0020102761446 0.0 0.0 0.0 1.0 0.0 0.0 19.0 0.0
2721.0020102761446 0.0 0.0 0.0 1.0 0.0 0.0 19.0 0.0
2722.0020102761446 0.0 0.0 0.0 1.0 0.0 0.0 19.0 0.0
2723.0020102761446 0.0 0.0 0.0 1.0 0.0 0.0 19.0 0.0
2724.0020102761446 0.0 0.0 0.0 1.0 0.0 0.0 19.0 0.0
2725.0020102761446 0.0 0.0 0.0 1.0 0.0 0.0 19.0 0.0
2726.0020102761446 0.0 0.0 0.0 1.0 0.0 0.0 19.0 0.0
2727.0020102761446 0.0 0.0 0.0 1.0 0.0 0.0 19.0 0.0
2728.0020102761446 0.0 0.0 0.0 1.0 0.0 0.0 19.0 0.0
2729.0020102761446 0.0 0.0 0.0 1.0 0.0 0.0 19.0 0.0
2730.0020102761446 0.0 0.0 0.0 1.0 0.0 0.0 19.0 0.0
2731.0001070914477 0.0 0.0 0.0 1.0 0.0 0.0 19.0 0.0
2732.0020102761446 0.0 0.0 0.0 1.0 0.0 0.0 19.0 0.0
2733.0020102761446 0.0 0.0 0.0 1.0 0.0 0.0 19.0 0.0
2734.0020102761446 0.0 0.0 0.0 1.0 0.0 0.0 19.0 0.0
2735.0020102761446 0.0 0.0 0.0 1.0 0.0 0.0 19.0 0.0
2736.0020102761446 0.0 0.0 0.0 1.0 0.0 0.0 19.0 0.0
2737.0020102761446 0.0 0.0 0.0 1.0 0.0 0.0 19.0 0.0
2738.0016066762887 0.0 0.0 0.0 1.0 0.0 0.0 19.0 0.0
2739.0020102761446 0.0 0.0 0.0 1.0 0.0 0.0 19.0 0.0
2740.0020102761446 0.0 0.0 0.0 1.0 0.0 0.0 19.0 0.0
2741.0020102761446 0.0 0.0 0.0 1.0 0.0 0.0 19.0 0.0
2742.0020102761446 0.0 0.0 0.0 1.0 0.0 0.0 19.0 0.0
2743.0020102761446 0.0 0.0 0.0 1.0 0.0 0.0 19.0 0.0
2744.001869425689 0.0 0.0 0.0 1.0 0.0 0.0 19.0 0.0
2745.0020102761446 0.0 0.0 0.0 1.0 0.0 0.0 19.0 0.0
2746.0020102761446 0.0 0.0 0.0 1.0 0.0 0.0 19.0 0.0
2747.0020102761446 0.0 0.0 0.0 1.0 0.0 0.0 19.0 0.0
2748.0020102761446 0.0 0.0 0.0 1.0 0.0 0.0 19.0 0.0
2749.0020102761446 0.0 0.0 0.0 1.0 0.0 0.0 19.0 0.0
2750.0020102761446 0.0 0.0 0.0 1.0 0.0 0.0 19.0 0.0
2751.0020102761446 0.0 0.0 0.0 1.0 0.0 0.0 19.0 0.0
2752.0020102761446 0.0 0.0 0.0 1.0 0.0 0.0 19.0 0.0
2753.0018905190477 0.0 0.0 0.0 1.0 0.0 0.0 19.0 0.0
2754.0020102761446 0.0 0.0 0.0 1.0 0.0 0.0 19.0 0.0
2755.0020102761446 0.0 0.0 0.0 1.0 0.0 0.0 19.0 0.0
2756.0020102761446 0.0 0.0 0.0 1.0 0.0 0.0 19.0 0.0
2757.0020102761446 0.0 0.0 0.0 1.0 0.0 0.0 19.0 0.0
2758.0020102761446 0.0 0.0 0.0 1.0 0.0 0.0 19.0 0.0
2759.0020102761446 0.0 0.0 0.0 1.0 0.0 0.0 19.0 0.0
2760.0020102761446 0.0 0.0 0.0 1.0 0.0 0.0 19.0 0.0
2761.0020102761446 0.0 0.0 0.0 1.0 0.0 0.0 19.0 0.0
2762.001286095412 0.0 0.0 0.0 1.0 0.0 0.0 19.0 0.0
2763.0005364164786 0.0 0.0 0.0 1.0 0.0 0.0 19.0 0.0
2764.0020102761446 0.0 0.0 0.0 1.0 0.0 0.0 19.0 0.0
2765.0020102761446 0.0 0.0 0.0 1.0 0.0 0.0 19.0 0.0
2766.0019630333327 0.0 0.0 0.0 1.0 0.0 0.0 19.0 0.0
2767.0020102761446 0.0 0.0 0.0 1.0 0.0 0.0 19.0 0.0
2768.0020102761446 0.0 0.0 0.0 1.0 0.0 0.0 19.0 0.0
2769.001860756479 0.0 0.0 0.0 1.0 0.0 0.0 19.0 0.0
2770.0020102761446 0.0 0.0 0.0 1.0 0.0 0.0 19.0 0.0
2771.0020102761446 0.0 0.0 0.0 1.0 0.0 0.0 19.0 0.0
2772.0020102761446 0.0 0.0 0.0 1.0 0.0 0.0 19.0 0.0
2773.0020102761446 0.0 0.0 0.0 1.0 0.0 0.0 19.0 0.0
2774.0020102761446 0.0 0.0 0.0 1.0 0.0 0.0 19.0 0.0
2775.0020102761446 0.0 0.0 0.0 1.0 0.0 0.0 19.0 0.0
2776.0020102761446 0.0 0.0 0.0 1.0 0.0 0.0 19.0 0.0
2777.0020102761446 0.0 0.0 0.0 1.0 0.0 0.0 19.0 0.0
2778.0020102761446 0.0 0.0 0.0 1.0 0.0 0.0 19.0 0.0
2779.0020102761446 0.0 0.0 0.0 1.0 0.0 0.0 19.0 0.0
2780.0020102761446 0.0 0.0 0.0 1.0 0.0 0.0 19.0 0.0
2781.0020102761446 0.0 0.0 0.0 1.0 0.0 0.0 19.0 0.0
2782.0020102761446 0.0 0.0 0.0 1.0 0.0 0.0 19.0 0.0
2783.0020102761446 0.0 0.0 0.0 1.0 0.0 0.0 19.0 0.0
2784.0020102761446 0.0 0.0 0.0 1.0 0.0 0.0 19.0 0.0
2785.0020102761446 0.0 0.0 0.0 1.0 0.0 0.0 19.0 0.0
2786.0020102761446 0.0 0.0 0.0 1.0 0.0 0.0 19.0 0.0
2787.0020102761446 0.0 0.0 0.0 1.0 0.0 0.0 19.0 0.0
2788.0020102761446 0.0 0.0 0.0 1.0 0.0 0.0 19.0 0.0
2789.0020102761446 0.0 0.0 0.0 1.0 0.0 0.0 19.0 0.0
2790.001990390954 0.0 0.0 0.0 1.0 0.0 0.0 19.0 0.0
2791.0015993673646 0.0 0.0 0.0 1.0 0.0 0.0 19.0 0.0
2792.0020102761446 0.0 0.0 0.0 1.0 0.0 0.0 19.0 0.0
2793.0020102761446 0.0 0.0 0.0 1.0 0.0 0.0 19.0 0.0
2794.0020102761446 0.0 0.0 0.0 1.0 0.0 0.0 19.0 0.0
2795.0020102761446 0.0 0.0 0.0 1.0 0.0 0.0 19.0 0.0
2796.0020102761446 0.0 0.0 0.0 1.0 0.0 0.0 19.0 0.0
2797.001918431129 0.0 0.0 0.0 1.0 0.0 0.0 19.0 0.0
2798.0020102761446 0.0 0.0 0.0 1.0 0.0 0.0 19.0 0.0
2799.0020102761446 0.0 0.0 0.0 1.0 0.0 0.0 19.0 0.0
2800.0014228438586 0.0 0.0 0.0 1.0 0.0 0.0 19.0 0.0
2801.0020102761446 0.0 0.0 0.0 1.0 0.0 0.0 19.0 0.0
2802.0020102761446 0.0 0.0 0.0 1.0 0.0 0.0 19.0 0.0
2803.0020102761446 0.0 0.0 0.0 1.0 0.0 0.0 19.0 0.0
2804.0020102761446 0.0 0.0 0.0 1.0 0.0 0.0 19.0 0.0
2805.0000909855034 0.0 0.0 0.0 1.0 0.0 0.0 19.0 0.0
2806.0020102761446 0.0 0.0 0.0 1.0 0.0 0.0 19.0 0.0
2807.0020102761446 0.0 0.0 0.0 1.0 0.0 0.0 19.0 0.0
2808.0020102761446 0.0 0.0 0.0 1.0 0.0 0.0 19.0 0.0
2809.000609526589 0.0 0.0 0.0 1.0 0.0 0.0 19.0 0.0
2810.0020102761446 0.0 0.0 0.0 1.0 0.0 0.0 19.0 0.0
2811.0020102761446 0.0 0.0 0.0 1.0 0.0 0.0 19.0 0.0
2812.0004767656937 0.0 0.0 0.0 1.0 0.0 0.0 19.0 0.0
2813.0020102761446 0.0 0.0 0.0 1.0 0.0 0.0 19.0 0.0
2814.0020102761446 0.0 0.0 0.0 1.0 0.0 0.0 19.0 0.0
2815.0020102761446 0.0 0.0 0.0 1.0 0.0 0.0 19.0 0.0
2816.0020102761446 0.0 0.0 0.0 1.0 0.0 0.0 19.0 0.0
2817.0020102761446 0.0 0.0 0.0 1.0 0.0 0.0 19.0 0.0
2818.0020102761446 0.0 0.0 0.0 1.0 0.0 0.0 19.0 0.0
2819.0020102761446 0.0 0.0 0.0 1.0 0.0 0.0 19.0 0.0
2820.0020102761446 0.0 0.0 0.0 1.0 0.0 0.0 19.0 0.0
2821.0020102761446 0.0 0.0 0.0 1.0 0.0 0.0 19.0 0.0
2822.0020102761446 0.0 0.0 0.0 1.0 0.0 0.0 19.0 0.0
2823.0020102761446 0.0 0.0 0.0 1.0 0.0 0.0 19.0 0.0
2824.0020102761446 0.0 0.0 0.0 1.0 0.0 0.0 19.0 0.0
2825.0020102761446 0.0 0.0 0.0 1.0 0.0 0.0 19.0 0.0
2826.0020102761446 0.0 0.0 0.0 1.0 0.0 0.0 19.0 0.0
2827.0020102761446 0.0 0.0 0.0 1.0 0.0 0.0 19.0 0.0
2828.0020102761446 0.0 0.0 0.0 1.0 0.0 0.0 19.0 0.0
2829.0020102761446 0.0 0.0 0.0 1.0 0.0 0.0 19.0 0.0
2830.0020102761446 0.0 0.0 0.0 1.0 0.0 0.0 19.0 0.0
2831.0020102761446 0.0 0.0 0.0 1.0 0.0 0.0 19.0 0.0
2832.0020102761446 0.0 0.0 0.0 1.0 0.0 0.0 19.0 0.0
2833.0012429109493 0.0 0.0 0.0 1.0 0.0 0.0 19.0 0.0
2834.001568654014 0.0 0.0 0.0 1.0 0.0 0.0 19.0 0.0
2835.0013667859807 0.0 0.0 0.0 1.0 0.0 0.0 19.0 0.0
2836.0020102761446 0.0 0.0 0.0 1.0 0.0 0.0 19.0 0.0
2837.0020102761446 0.0 0.0 0.0 1.0 0.0 0.0 19.0 0.0
2838.0020102761446 0.0 0.0 0.0 1.0 0.0 0.0 19.0 0.0
2839.0020102761446 0.0 0.0 0.0 1.0 0.0 0.0 19.0 0.0
2840.001825433844 0.0 0.0 0.0 1.0 0.0 0.0 19.0 0.0
2841.0020102761446 0.0 0.0 0.0 1.0 0.0 0.0 19.0 0.0
2842.0020102761446 0.0 0.0 0.0 1.0 0.0 0.0 19.0 0.0
2843.0020102761446 0.0 0.0 0.0 1.0 0.0 0.0 19.0 0.0
2844.0020102761446 0.0 0.0 0.0 1.0 0.0 0.0 19.0 0.0
2845.0019639418433 0.0 0.0 0.0 1.0 0.0 0.0 19.0 0.0
2846.0020102761446 0.0 0.0 0.0 1.0 0.0 0.0 19.0 0.0
2847.0007654574633 0.0 0.0 0.0 1.0 0.0 0.0 19.0 0.0
2848.0020102761446 0.0 0.0 0.0 1.0 0.0 0.0 19.0 0.0
2849.0005408515017 0.0 0.0 0.0 1.0 0.0 0.0 19.0 0.0
2850.0020102761446 0.0 0.0 0.0 1.0 0.0 0.0 19.0 0.0
2851.0020102761446 0.0 0.0 0.0 1.0 0.0 0.0 19.0 0.0
2852.0020102761446 0.0 0.0 0.0 1.0 0.0 0.0 19.0 0.0
2853.0020102761446 0.0 0.0 0.0 1.0 0.0 0.0 19.0 0.0
2854.00163949637 0.0 0.0 0.0 1.0 0.0 0.0 19.0 0.0
2855.0020102761446 0.0 0.0 0.0 1.0 0.0 0.0 19.0 0.0
2856.0020102761446 0.0 0.0 0.0 1.0 0.0 0.0 19.0 0.0
2857.0020102761446 0.0 0.0 0.0 1.0 0.0 0.0 19.0 0.0
2858.0020102761446 0.0 0.0 0.0 1.0 0.0 0.0 19.0 0.0
2859.0020102761446 0.0 0.0 0.0 1.0 0.0 0.0 19.0 0.0
2860.0020102761446 0.0 0.0 0.0 1.0 0.0 0.0 19.0 0.0
2861.0020102761446 0.0 0.0 0.0 1.0 0.0 0.0 19.0 0.0
2862.0005817213378 0.0 0.0 0.0 1.0 0.0 0.0 19.0 0.0
2863.0020102761446 0.0 0.0 0.0 1.0 0.0 0.0 19.0 0.0
2864.0020102761446 0.0 0.0 0.0 1.0 0.0 0.0 19.0 0.0
2865.0020102761446 0.0 0.0 0.0 1.0 0.0 0.0 19.0 0.0
2866.0020102761446 0.0 0.0 0.0 1.0 0.0 0.0 19.0 0.0
2867.0020102761446 0.0 0.0 0.0 1.0 0.0 0.0 19.0 0.0
2868.0020102761446 0.0 0.0 0.0 1.0 0.0 0.0 19.0 0.0
2869.0020102761446 0.0 0.0 0.0 1.0 0.0 0.0 19.0 0.0
2870.0020102761446 0.0 0.0 0.0 1.0 0.0 0.0 19.0 0.0
2871.0001534361436 0.0 0.0 0.0 1.0 0.0 0.0 19.0 0.0
2872.0020102761446 0.0 0.0 0.0 1.0 0.0 0.0 19.0 0.0
2873.0020102761446 0.0 0.0 0.0 1.0 0.0 0.0 19.0 0.0
2874.0020102761446 0.0 0.0 0.0 1.0 0.0 0.0 19.0 0.0
2875.0008508426354 0.0 0.0 0.0 1.0 0.0 0.0 19.0 0.0
2876.0020102761446 0.0 0.0 0.0 1.0 0.0 0.0 19.0 0.0
2877.0020102761446 0.0 0.0 0.0 1.0 0.0 0.0 19.0 0.0
2878.0020102761446 0.0 0.0 0.0 1.0 0.0 0.0 19.0 0.0
2879.0020102761446 0.0 0.0 0.0 1.0 0.0 0.0 19.0 0.0
2880.0020102761446 0.0 0.0 0.0 1.0 0.0 0.0 19.0 0.0
2881.0020102761446 0.0 0.0 0.0 1.0 0.0 0.0 19.0 0.0
2882.0020102761446 0.0 0.0 0.0 1.0 0.0 0.0 19.0 0.0
2883.0020102761446 0.0 0.0 0.0 1.0 0.0 0.0 19.0 0.0
2884.0020102761446 0.0 0.0 0.0 1.0 0.0 0.0 19.0 0.0
2885.0020102761446 0.0 0.0 0.0 1.0 0.0 0.0 19.0 0.0
2886.0020102761446 0.0 0.0 0.0 1.0 0.0 0.0 19.0 0.0
2887.0020102761446 0.0 0.0 0.0 1.0 0.0 0.0 19.0 0.0
2888.0020102761446 0.0 0.0 0.0 1.0 0.0 0.0 19.0 0.0
2889.0020102761446 0.0 0.0 0.0 1.0 0.0 0.0 19.0 0.0
2890.0020102761446 0.0 0.0 0.0 1.0 0.0 0.0 19.0 0.0
2891.0020102761446 0.0 0.0 0.0 1.0 0.0 0.0 19.0 0.0
2892.0020102761446 0.0 0.0 0.0 1.0 0.0 0.0 19.0 0.0
2893.0020102761446 0.0 0.0 0.0 1.0 0.0 0.0 19.0 0.0
2894.0020102761446 0.0 0.0 0.0 1.0 0.0 0.0 19.0 0.0
2895.0020102761446 0.0 0.0 0.0 1.0 0.0 0.0 19.0 0.0
2896.0014523908003 0.0 0.0 0.0 1.0 0.0 0.0 19.0 0.0
2897.0020102761446 0.0 0.0 0.0 1.0 0.0 0.0 19.0 0.0
2898.0020102761446 0.0 0.0 0.0 1.0 0.0 0.0 19.0 0.0
2899.0020102761446 0.0 0.0 0.0 1.0 0.0 0.0 19.0 0.0
2900.0020102761446 0.0 0.0 0.0 1.0 0.0 0.0 19.0 0.0
2901.0020102761446 0.0 0.0 0.0 1.0 0.0 0.0 19.0 0.0
2902.0020102761446 0.0 0.0 0.0 1.0 0.0 0.0 19.0 0.0
2903.0020102761446 0.0 0.0 0.0 1.0 0.0 0.0 19.0 0.0
2904.0020102761446 0.0 0.0 0.0 1.0 0.0 0.0 19.0 0.0
2905.0020102761446 0.0 0.0 0.0 1.0 0.0 0.0 19.0 0.0
2906.0020102761446 0.0 0.0 0.0 1.0 0.0 0.0 19.0 0.0
2907.0020102761446 0.0 0.0 0.0 1.0 0.0 0.0 19.0 0.0
2908.0006171597106 0.0 0.0 0.0 1.0 0.0 0.0 19.0 0.0
2909.0020102761446 0.0 0.0 0.0 1.0 0.0 0.0 19.0 0.0
2910.0020102761446 0.0 0.0 0.0 1.0 0.0 0.0 19.0 0.0
2911.0012017109807 0.0 0.0 0.0 1.0 0.0 0.0 19.0 0.0
2912.0020102761446 0.0 0.0 0.0 1.0 0.0 0.0 19.0 0.0
2913.0020102761446 0.0 0.0 0.0 1.0 0.0 0.0 19.0 0.0
2914.0020102761446 0.0 0.0 0.0 1.0 0.0 0.0 19.0 0.0
2915.0020102761446 0.0 0.0 0.0 1.0 0.0 0.0 19.0 0.0
2916.0020102761446 0.0 0.0 0.0 1.0 0.0 0.0 19.0 0.0
2917.0012107936495 0.0 0.0 0.0 1.0 0.0 0.0 19.0 0.0
2918.0020102761446 0.0 0.0 0.0 1.0 0.0 0.0 19.0 0.0
2919.0020102761446 0.0 0.0 0.0 1.0 0.0 0.0 19.0 0.0
2920.0020102761446 0.0 0.0 0.0 1.0 0.0 0.0 19.0 0.0
2921.0020102761446 0.0 0.0 0.0 1.0 0.0 0.0 19.0 0.0
2922.0020102761446 0.0 0.0 0.0 1.0 0.0 0.0 19.0 0.0
2923.0020102761446 0.0 0.0 0.0 1.0 0.0 0.0 19.0 0.0
2924.0020102761446 0.0 0.0 0.0 1.0 0.0 0.0 19.0 0.0
2925.0020102761446 0.0 0.0 0.0 1.0 0.0 0.0 19.0 0.0
2926.0020102761446 0.0 0.0 0.0 1.0 0.0 0.0 19.0 0.0
2927.0020102761446 0.0 0.0 0.0 1.0 0.0 0.0 19.0 0.0
2928.0020102761446 0.0 0.0 0.0 1.0 0.0 0.0 19.0 0.0
2929.0020102761446 0.0 0.0 0.0 1.0 0.0 0.0 19.0 0.0
2930.0020102761446 0.0 0.0 0.0 1.0 0.0 0.0 19.0 0.0
2931.0020102761446 0.0 0.0 0.0 1.0 0.0 0.0 19.0 0.0
2932.0020102761446 0.0 0.0 0.0 1.0 0.0 0.0 19.0 0.0
2933.0020102761446 0.0 0.0 0.0 1.0 0.0 0.0 19.0 0.0
2934.0020102761446 0.0 0.0 0.0 1.0 0.0 0.0 19.0 0.0
2935.001028975474 0.0 0.0 0.0 1.0 0.0 0.0 19.0 0.0
2936.0020102761446 0.0 0.0 0.0 1.0 0.0 0.0 19.0 0.0
2937.0020102761446 0.0 0.0 0.0 1.0 0.0 0.0 19.0 0.0
2938.0007642944206 0.0 0.0 0.0 1.0 0.0 0.0 19.0 0.0
2939.0020102761446 0.0 0.0 0.0 1.0 0.0 0.0 19.0 0.0
2940.0020102761446 0.0 0.0 0.0 1.0 0.0 0.0 19.0 0.0
2941.001495107233 0.0 0.0 0.0 1.0 0.0 0.0 19.0 0.0
2942.0020102761446 0.0 0.0 0.0 1.0 0.0 0.0 19.0 0.0
2943.0020102761446 0.0 0.0 0.0 1.0 0.0 0.0 19.0 0.0
2944.00021252149 0.0 0.0 0.0 1.0 0.0 0.0 19.0 0.0
2945.0020102761446 0.0 0.0 0.0 1.0 0.0 0.0 19.0 0.0
2946.0020102761446 0.0 0.0 0.0 1.0 0.0 0.0 19.0 0.0
2947.0020102761446 0.0 0.0 0.0 1.0 0.0 0.0 19.0 0.0
2948.001474575078 0.0 0.0 0.0 1.0 0.0 0.0 19.0 0.0
2949.0020102761446 0.0 0.0 0.0 1.0 0.0 0.0 19.0 0.0
2950.0020102761446 0.0 0.0 0.0 1.0 0.0 0.0 19.0 0.0
2951.0020102761446 0.0 0.0 0.0 1.0 0.0 0.0 19.0 0.0
2952.0020102761446 0.0 0.0 0.0 1.0 0.0 0.0 19.0 0.0
2953.0020102761446 0.0 0.0 0.0 1.0 0.0 0.0 19.0 0.0
2954.0020102761446 0.0 0.0 0.0 1.0 0.0 0.0 19.0 0.0
2955.0020102761446 0.0 0.0 0.0 1.0 0.0 0.0 19.0 0.0
2956.0020102761446 0.0 0.0 0.0 1.0 0.0 0.0 19.0 0.0
2957.0020102761446 0.0 0.0 0.0 1.0 0.0 0.0 19.0 0.0
2958.0020102761446 0.0 0.0 0.0 1.0 0.0 0.0 19.0 0.0
2959.0020102761446 0.0 0.0 0.0 1.0 0.0 0.0 19.0 0.0
2960.0020102761446 0.0 0.0 0.0 1.0 0.0 0.0 19.0 0.0
2961.0020102761446 0.0 0.0 0.0 1.0 0.0 0.0 19.0 0.0
2962.0020102761446 0.0 0.0 0.0 1.0 0.0 0.0 19.0 0.0
2963.0020102761446 0.0 0.0 0.0 1.0 0.0 0.0 19.0 0.0
2964.0020102761446 0.0 0.0 0.0 1.0 0.0 0.0 19.0 0.0
2965.0020102761446 0.0 0.0 0.0 1.0 0.0 0.0 19.0 0.0
2966.0020102761446 0.0 0.0 0.0 1.0 0.0 0.0 19.0 0.0
2967.0002026369148 0.0 0.0 0.0 1.0 0.0 0.0 19.0 0.0
2968.0020102761446 0.0 0.0 0.0 1.0 0.0 0.0 19.0 0.0
2969.0020102761446 0.0 0.0 0.0 1.0 0.0 0.0 19.0 0.0
2970.0020102761446 0.0 0.0 0.0 1.0 0.0 0.0 19.0 0.0
2971.0020102761446 0.0 0.0 0.0 1.0 0.0 0.0 19.0 0.0
2972.000860561735 0.0 0.0 0.0 1.0 0.0 0.0 19.0 0.0
2973.0020102761446 0.0 0.0 0.0 1.0 0.0 0.0 19.0 0.0
2974.0020102761446 0.0 0.0 0.0 1.0 0.0 0.0 19.0 0.0
2975.0020102761446 0.0 0.0 0.0 1.0 0.0 0.0 19.0 0.0
2976.0018285115134 0.0 0.0 0.0 1.0 0.0 0.0 19.0 0.0
2977.0020102761446 0.0 0.0 0.0 1.0 0.0 0.0 19.0 0.0
2978.001733765967 0.0 0.0 0.0 1.0 0.0 0.0 19.0 0.0
2979.0020102761446 0.0 0.0 0.0 1.0 0.0 0.0 19.0 0.0
2980.0020102761446 0.0 0.0 0.0 1.0 0.0 0.0 19.0 0.0
2981.0012049145535 0.0 0.0 0.0 1.0 0.0 0.0 19.0 0.0
2982.0020102761446 0.0 0.0 0.0 1.0 0.0 0.0 19.0 0.0
2983.0020102761446 0.0 0.0 0.0 1.0 0.0 0.0 19.0 0.0
2984.0020102761446 0.0 0.0 0.0 1.0 0.0 0.0 19.0 0.0
2985.0020102761446 0.0 0.0 0.0 1.0 0.0 0.0 19.0 0.0
2986.0020102761446 0.0 0.0 0.0 1.0 0.0 0.0 19.0 0.0
2987.0020102761446 0.0 0.0 0.0 1.0 0.0 0.0 19.0 0.0
2988.0020102761446 0.0 0.0 0.0 1.0 0.0 0.0 19.0 0.0
2989.0020102761446 0.0 0.0 0.0 1.0 0.0 0.0 19.0 0.0
2990.0020102761446 0.0 0.0 0.0 1.0 0.0 0.0 19.0 0.0
2991.0020102761446 0.0 0.0 0.0 1.0 0.0 0.0 19.0 0.0
2992.0020102761446 0.0 0.0 0.0 1.0 0.0 0.0 19.0 0.0
2993.0020102761446 0.0 0.0 0.0 1.0 0.0 0.0 19.0 0.0
2994.0020102761446 0.0 0.0 0.0 1.0 0.0 0.0 19.0 0.0
2995.0020102761446 0.0 0.0 0.0 1.0 0.0 0.0 19.0 0.0
2996.0020102761446 0.0 0.0 0.0 1.0 0.0 0.0 19.0 0.0
2997.0020102761446 0.0 0.0 0.0 1.0 0.0 0.0 19.0 0.0
2998.0020102761446 0.0 0.0 0.0 1.0 0.0 0.0 19.0 0.0
2999.0020102761446 0.0 0.0 0.0 1.0 0.0 0.0 19.0 0.0
3000.0020102761446 0.0 0.0 0.0 1.0 0.0 0.0 19.0 0.0
3001.0020102761446 0.0 0.0 0.0 1.0 0.0 0.0 19.0 0.0
3002.0020102761446 0.0 0.0 0.0 1.0 0.0 0.0 19.0 0.0
3003.0020102761446 0.0 0.0 0.0 1.0 0.0 0.0 19.0 0.0
3004.0020102761446 0.0 0.0 0.0 1.0 0.0 0.0 19.0 0.0
3005.0020102761446 0.0 0.0 0.0 1.0 0.0 0.0 19.0 0.0
3006.0006496412825 0.0 0.0 0.0 1.0 0.0 0.0 19.0 0.0
3007.0020102761446 0.0 0.0 0.0 1.0 0.0 0.0 19.0 0.0
3008.0020102761446 0.0 0.0 0.0 1.0 0.0 0.0 19.0 0.0
3009.0020102761446 0.0 0.0 0.0 1.0 0.0 0.0 19.0 0.0
3010.0020102761446 0.0 0.0 0.0 1.0 0.0 0.0 19.0 0.0
3011.0020102761446 0.0 0.0 0.0 1.0 0.0 0.0 19.0 0.0
3012.0020102761446 0.0 0.0 0.0 1.0 0.0 0.0 19.0 0.0
3013.0020102761446 0.0 0.0 0.0 1.0 0.0 0.0 19.0 0.0
3014.0018283091676 0.0 0.0 0.0 1.0 0.0 0.0 19.0 0.0
3015.0020102761446 0.0 0.0 0.0 1.0 0.0 0.0 19.0 0.0
3016.0020102761446 0.0 0.0 0.0 1.0 0.0 0.0 19.0 0.0
3017.0020102761446 0.0 0.0 0.0 1.0 0.0 0.0 19.0 0.0
3018.0020102761446 0.0 0.0 0.0 1.0 0.0 0.0 19.0 0.0
3019.000728506803 0.0 0.0 0.0 1.0 0.0 0.0 19.0 0.0
3020.0020102761446 0.0 0.0 0.0 1.0 0.0 0.0 19.0 0.0
3021.0020102761446 0.0 0.0 0.0 1.0 0.0 0.0 19.0 0.0
3022.0020102761446 0.0 0.0 0.0 1.0 0.0 0.0 19.0 0.0
3023.001087339305 0.0 0.0 0.0 1.0 0.0 0.0 19.0 0.0
3024.0020102761446 0.0 0.0 0.0 1.0 0.0 0.0 19.0 0.0
3025.0020102761446 0.0 0.0 0.0 1.0 0.0 0.0 19.0 0.0
3026.0020102761446 0.0 0.0 0.0 1.0 0.0 0.0 19.0 0.0
3027.0020102761446 0.0 0.0 0.0 1.0 0.0 0.0 19.0 0.0
3028.0020102761446 0.0 0.0 0.0 1.0 0.0 0.0 19.0 0.0
3029.0020102761446 0.0 0.0 0.0 1.0 0.0 0.0 19.0 0.0
3030.0020102761446 0.0 0.0 0.0 1.0 0.0 0.0 19.0 0.0
3031.0020102761446 0.0 0.0 0.0 1.0 0.0 0.0 19.0 0.0
3032.0020102761446 0.0 0.0 0.0 1.0 0.0 0.0 19.0 0.0
3033.0020102761446 0.0 0.0 0.0 1.0 0.0 0.0 19.0 0.0
3034.0020102761446 0.0 0.0 0.0 1.0 0.0 0.0 19.0 0.0
3035.0020102761446 0.0 0.0 0.0 1.0 0.0 0.0 19.0 0.0
3036.0020102761446 0.0 0.0 0.0 1.0 0.0 0.0 19.0 0.0
3037.0020102761446 0.0 0.0 0.0 1.0 0.0 0.0 19.0 0.0
3038.0020102761446 0.0 0.0 0.0 1.0 0.0 0.0 19.0 0.0
3039.0020102761446 0.0 0.0 0.0 1.0 0.0 0.0 19.0 0.0
3040.0020102761446 0.0 0.0 0.0 1.0 0.0 0.0 19.0 0.0
3041.0020102761446 0.0 0.0 0.0 1.0 0.0 0.0 19.0 0.0
3042.0020102761446 0.0 0.0 0.0 1.0 0.0 0.0 19.0 0.0
3043.0020102761446 0.0 0.0 0.0 1.0 0.0 0.0 19.0 0.0
3044.0020102761446 0.0 0.0 0.0 1.0 0.0 0.0 19.0 0.0
3045.0020102761446 0.0 0.0 0.0 1.0 0.0 0.0 19.0 0.0
3046.0020102761446 0.0 0.0 0.0 1.0 0.0 0.0 19.0 0.0
3047.0020102761446 0.0 0.0 0.0 1.0 0.0 0.0 19.0 0.0
3048.0020102761446 0.0 0.0 0.0 1.0 0.0 0.0 19.0 0.0
3049.0020102761446 0.0 0.0 0.0 1.0 0.0 0.0 19.0 0.0
3050.0020102761446 0.0 0.0 0.0 1.0 0.0 0.0 19.0 0.0
3051.001893959147 0.0 0.0 0.0 1.0 0.0 0.0 19.0 0.0
3052.0020102761446 0.0 0.0 0.0 1.0 0.0 0.0 19.0 0.0
3053.0020102761446 0.0 0.0 0.0 1.0 0.0 0.0 19.0 0.0
3054.0020102761446 0.0 0.0 0.0 1.0 0.0 0.0 19.0 0.0
3055.0020102761446 0.0 0.0 0.0 1.0 0.0 0.0 19.0 0.0
3056.0020102761446 0.0 0.0 0.0 1.0 0.0 0.0 19.0 0.0
3057.0020102761446 0.0 0.0 0.0 1.0 0.0 0.0 19.0 0.0
3058.0020102761446 0.0 0.0 0.0 1.0 0.0 0.0 19.0 0.0
3059.0020102761446 0.0 0.0 0.0 1.0 0.0 0.0 19.0 0.0
3060.0020102761446 0.0 0.0 0.0 1.0 0.0 0.0 19.0 0.0
3061.0001181471907 0.0 0.0 0.0 1.0 0.0 0.0 19.0 0.0
3062.00047353269 0.0 0.0 0.0 1.0 0.0 0.0 19.0 0.0
3063.0020102761446 0.0 0.0 0.0 1.0 0.0 0.0 19.0 0.0
3064.0020102761446 0.0 0.0 0.0 1.0 0.0 0.0 19.0 0.0
3065.0020102761446 0.0 0.0 0.0 1.0 0.0 0.0 19.0 0.0
3066.001489817636 0.0 0.0 0.0 1.0 0.0 0.0 19.0 0.0
3067.0020102761446 0.0 0.0 0.0 1.0 0.0 0.0 19.0 0.0
3068.0020102761446 0.0 0.0 0.0 1.0 0.0 0.0 19.0 0.0
3069.0020102761446 0.0 0.0 0.0 1.0 0.0 0.0 19.0 0.0
3070.0020102761446 0.0 0.0 0.0 1.0 0.0 0.0 19.0 0.0
3071.0020102761446 0.0 0.0 0.0 1.0 0.0 0.0 19.0 0.0
3072.0012843520276 0.0 0.0 0.0 1.0 0.0 0.0 19.0 0.0
3073.0020102761446 0.0 0.0 0.0 1.0 0.0 0.0 19.0 0.0
3074.0020102761446 0.0 0.0 0.0 1.0 0.0 0.0 19.0 0.0
3075.0020102761446 0.0 0.0 0.0 1.0 0.0 0.0 19.0 0.0
3076.0020102761446 0.0 0.0 0.0 1.0 0.0 0.0 19.0 0.0
3077.0020102761446 0.0 0.0 0.0 1.0 0.0 0.0 19.0 0.0
3078.0020102761446 0.0 0.0 0.0 1.0 0.0 0.0 19.0 0.0
3079.0020102761446 0.0 0.0 0.0 1.0 0.0 0.0 19.0 0.0
3080.0020102761446 0.0 0.0 0.0 1.0 0.0 0.0 19.0 0.0
3081.0020102761446 0.0 0.0 0.0 1.0 0.0 0.0 19.0 0.0
3082.0020102761446 0.0 0.0 0.0 1.0 0.0 0.0 19.0 0.0
3083.0020102761446 0.0 0.0 0.0 1.0 0.0 0.0 19.0 0.0
3084.0020102761446 0.0 0.0 0.0 1.0 0.0 0.0 19.0 0.0
3085.0020102761446 0.0 0.0 0.0 1.0 0.0 0.0 19.0 0.0
3086.0020102761446 0.0 0.0 0.0 1.0 0.0 0.0 19.0 0.0
3087.0020102761446 0.0 0.0 0.0 1.0 0.0 0.0 19.0 0.0
3088.0020102761446 0.0 0.0 0.0 1.0 0.0 0.0 19.0 0.0
3089.0020102761446 0.0 0.0 0.0 1.0 0.0 0.0 19.0 0.0
3090.0020102761446 0.0 0.0 0.0 1.0 0.0 0.0 19.0 0.0
3091.0020102761446 0.0 0.0 0.0 1.0 0.0 0.0 19.0 0.0
3092.0020102761446 0.0 0.0 0.0 1.0 0.0 0.0 19.0 0.0
3093.0020102761446 0.0 0.0 0.0 1.0 0.0 0.0 19.0 0.0
3094.0020102761446 0.0 0.0 0.0 1.0 0.0 0.0 19.0 0.0
3095.0020102761446 0.0 0.0 0.0 1.0 0.0 0.0 19.0 0.0
3096.0020102761446 0.0 0.0 0.0 1.0 0.0 0.0 19.0 0.0
3097.0020102761446 0.0 0.0 0.0 1.0 0.0 0.0 19.0 0.0
3098.0020102761446 0.0 0.0 0.0 1.0 0.0 0.0 19.0 0.0
3099.0020102761446 0.0 0.0 0.0 1.0 0.0 0.0 19.0 0.0
3100.0020102761446 0.0 0.0 0.0 1.0 0.0 0.0 19.0 0.0
3101.0020102761446 0.0 0.0 0.0 1.0 0.0 0.0 19.0 0.0
3102.0020102761446 0.0 0.0 0.0 1.0 0.0 0.0 19.0 0.0
3103.0020102761446 0.0 0.0 0.0 1.0 0.0 0.0 19.0 0.0
3104.0020102761446 0.0 0.0 0.0 1.0 0.0 0.0 19.0 0.0
3105.0020102761446 0.0 0.0 0.0 1.0 0.0 0.0 19.0 0.0
3106.0020102761446 0.0 0.0 0.0 1.0 0.0 0.0 19.0 0.0
3107.0020102761446 0.0 0.0 0.0 1.0 0.0 0.0 19.0 0.0
3108.0020102761446 0.0 0.0 0.0 1.0 0.0 0.0 19.0 0.0
3109.0020102761446 0.0 0.0 0.0 1.0 0.0 0.0 19.0 0.0
3110.0020102761446 0.0 0.0 0.0 1.0 0.0 0.0 19.0 0.0
3111.0020102761446 0.0 0.0 0.0 1.0 0.0 0.0 19.0 0.0
3112.0020102761446 0.0 0.0 0.0 1.0 0.0 0.0 19.0 0.0
3113.0020102761446 0.0 0.0 0.0 1.0 0.0 0.0 19.0 0.0
3114.0020102761446 0.0 0.0 0.0 1.0 0.0 0.0 19.0 0.0
3115.0020102761446 0.0 0.0 0.0 1.0 0.0 0.0 19.0 0.0
3116.0020102761446 0.0 0.0 0.0 1.0 0.0 0.0 19.0 0.0
3117.0020102761446 0.0 0.0 0.0 1.0 0.0 0.0 19.0 0.0
3118.0020102761446 0.0 0.0 0.0 1.0 0.0 0.0 19.0 0.0
3119.0020102761446 0.0 0.0 0.0 1.0 0.0 0.0 19.0 0.0
3120.0020102761446 0.0 0.0 0.0 1.0 0.0 0.0 19.0 0.0
3121.0020102761446 0.0 0.0 0.0 1.0 0.0 0.0 19.0 0.0
3122.0020102761446 0.0 0.0 0.0 1.0 0.0 0.0 19.0 0.0
3123.0020102761446 0.0 0.0 0.0 1.0 0.0 0.0 19.0 0.0
3124.0020102761446 0.0 0.0 0.0 1.0 0.0 0.0 19.0 0.0
3125.0020102761446 0.0 0.0 0.0 1.0 0.0 0.0 19.0 0.0
3126.0020102761446 0.0 0.0 0.0 1.0 0.0 0.0 19.0 0.0
3127.001990947344 0.0 0.0 0.0 1.0 0.0 0.0 19.0 0.0
3128.0020102761446 0.0 0.0 0.0 1.0 0.0 0.0 19.0 0.0
3129.0020102761446 0.0 0.0 0.0 1.0 0.0 0.0 19.0 0.0
3130.0008636360053 0.0 0.0 0.0 1.0 0.0 0.0 19.0 0.0
3131.0020102761446 0.0 0.0 0.0 1.0 0.0 0.0 19.0 0.0
3132.0020102761446 0.0 0.0 0.0 1.0 0.0 0.0 19.0 0.0
3133.0020102761446 0.0 0.0 0.0 1.0 0.0 0.0 19.0 0.0
3134.0020102761446 0.0 0.0 0.0 1.0 0.0 0.0 19.0 0.0
3135.0020102761446 0.0 0.0 0.0 1.0 0.0 0.0 19.0 0.0
3136.0020102761446 0.0 0.0 0.0 1.0 0.0 0.0 19.0 0.0
3137.0020102761446 0.0 0.0 0.0 1.0 0.0 0.0 19.0 0.0
3138.0020102761446 0.0 0.0 0.0 1.0 0.0 0.0 19.0 0.0
3139.0020102761446 0.0 0.0 0.0 1.0 0.0 0.0 19.0 0.0
3140.0020102761446 0.0 0.0 0.0 1.0 0.0 0.0 19.0 0.0
3141.0018253625003 0.0 0.0 0.0 1.0 0.0 0.0 19.0 0.0
3142.0020102761446 0.0 0.0 0.0 1.0 0.0 0.0 19.0 0.0
3143.0020102761446 0.0 0.0 0.0 1.0 0.0 0.0 19.0 0.0
3144.0020102761446 0.0 0.0 0.0 1.0 0.0 0.0 19.0 0.0
3145.0014327300037 0.0 0.0 0.0 1.0 0.0 0.0 19.0 0.0
3146.0020102761446 0.0 0.0 0.0 1.0 0.0 0.0 19.0 0.0
3147.0020102761446 0.0 0.0 0.0 1.0 0.0 0.0 19.0 0.0
3148.0020102761446 0.0 0.0 0.0 1.0 0.0 0.0 19.0 0.0
3149.0020102761446 0.0 0.0 0.0 1.0 0.0 0.0 19.0 0.0
3150.0020102761446 0.0 0.0 0.0 1.0 0.0 0.0 19.0 0.0
3151.0020102761446 0.0 0.0 0.0 1.0 0.0 0.0 19.0 0.0
3152.0020102761446 0.0 0.0 0.0 1.0 0.0 0.0 19.0 0.0
3153.0020102761446 0.0 0.0 0.0 1.0 0.0 0.0 19.0 0.0
3154.0020102761446 0.0 0.0 0.0 1.0 0.0 0.0 19.0 0.0
3155.0020102761446 0.0 0.0 0.0 1.0 0.0 0.0 19.0 0.0
3156.0020102761446 0.0 0.0 0.0 1.0 0.0 0.0 19.0 0.0
3157.0020102761446 0.0 0.0 0.0 1.0 0.0 0.0 19.0 0.0
3158.0020102761446 0.0 0.0 0.0 1.0 0.0 0.0 19.0 0.0
3159.0020102761446 0.0 0.0 0.0 1.0 0.0 0.0 19.0 0.0
3160.0020102761446 0.0 0.0 0.0 1.0 0.0 0.0 19.0 0.0
3161.0020102761446 0.0 0.0 0.0 1.0 0.0 0.0 19.0 0.0
3162.001771124045 0.0 0.0 0.0 1.0 0.0 0.0 19.0 0.0
3163.0020102761446 0.0 0.0 0.0 1.0 0.0 0.0 19.0 0.0
3164.0020102761446 0.0 0.0 0.0 1.0 0.0 0.0 19.0 0.0
3165.0020102761446 0.0 0.0 0.0 1.0 0.0 0.0 19.0 0.0
3166.0020102761446 0.0 0.0 0.0 1.0 0.0 0.0 19.0 0.0
3167.0020102761446 0.0 0.0 0.0 1.0 0.0 0.0 19.0 0.0
3168.0020102761446 0.0 0.0 0.0 1.0 0.0 0.0 19.0 0.0
3169.0020102761446 0.0 0.0 0.0 1.0 0.0 0.0 19.0 0.0
3170.0020102761446 0.0 0.0 0.0 1.0 0.0 0.0 19.0 0.0
3171.0020102761446 0.0 0.0 0.0 1.0 0.0 0.0 19.0 0.0
3172.000988676712 0.0 0.0 0.0 1.0 0.0 0.0 19.0 0.0
3173.0020102761446 0.0 0.0 0.0 1.0 0.0 0.0 19.0 0.0
3174.0020102761446 0.0 0.0 0.0 1.0 0.0 0.0 19.0 0.0
3175.0020102761446 0.0 0.0 0.0 1.0 0.0 0.0 19.0 0.0
3176.0020102761446 0.0 0.0 0.0 1.0 0.0 0.0 19.0 0.0
3177.0020102761446 0.0 0.0 0.0 1.0 0.0 0.0 19.0 0.0
3178.0020102761446 0.0 0.0 0.0 1.0 0.0 0.0 19.0 0.0
3179.0020102761446 0.0 0.0 0.0 1.0 0.0 0.0 19.0 0.0
3180.0020102761446 0.0 0.0 0.0 1.0 0.0 0.0 19.0 0.0
3181.0020102761446 0.0 0.0 0.0 1.0 0.0 0.0 19.0 0.0
3182.0020102761446 0.0 0.0 0.0 1.0 0.0 0.0 19.0 0.0
3183.0020102761446 0.0 0.0 0.0 1.0 0.0 0.0 19.0 0.0
3184.0020102761446 0.0 0.0 0.0 1.0 0.0 0.0 19.0 0.0
3185.0020102761446 0.0 0.0 0.0 1.0 0.0 0.0 19.0 0.0
3186.0020102761446 0.0 0.0 0.0 1.0 0.0 0.0 19.0 0.0
3187.0020102761446 0.0 0.0 0.0 1.0 0.0 0.0 19.0 0.0
3188.0020102761446 0.0 0.0 0.0 1.0 0.0 0.0 19.0 0.0
3189.0020102761446 0.0 0.0 0.0 1.0 0.0 0.0 19.0 0.0
3190.0020102761446 0.0 0.0 0.0 1.0 0.0 0.0 19.0 0.0
3191.0020102761446 0.0 0.0 0.0 1.0 0.0 0.0 19.0 0.0
3192.0005561020203 0.0 0.0 0.0 1.0 0.0 0.0 19.0 0.0
3193.0020102761446 0.0 0.0 0.0 1.0 0.0 0.0 19.0 0.0
3194.0020102761446 0.0 0.0 0.0 1.0 0.0 0.0 19.0 0.0
3195.0020102761446 0.0 0.0 0.0 1.0 0.0 0.0 19.0 0.0
3196.0020102761446 0.0 0.0 0.0 1.0 0.0 0.0 19.0 0.0
3197.0020102761446 0.0 0.0 0.0 1.0 0.0 0.0 19.0 0.0
3198.0020102761446 0.0 0.0 0.0 1.0 0.0 0.0 19.0 0.0
3199.0020102761446 0.0 0.0 0.0 1.0 0.0 0.0 19.0 0.0
3200.0020102761446 0.0 0.0 0.0 1.0 0.0 0.0 19.0 0.0
3201.0020102761446 0.0 0.0 0.0 1.0 0.0 0.0 19.0 0.0
3202.0020102761446 0.0 0.0 0.0 1.0 0.0 0.0 19.0 0.0
3203.0020102761446 0.0 0.0 0.0 1.0 0.0 0.0 19.0 0.0
3204.0020102761446 0.0 0.0 0.0 1.0 0.0 0.0 19.0 0.0
3205.0020102761446 0.0 0.0 0.0 1.0 0.0 0.0 19.0 0.0
3206.0020102761446 0.0 0.0 0.0 1.0 0.0 0.0 19.0 0.0
3207.001812999257 0.0 0.0 0.0 1.0 0.0 0.0 19.0 0.0
3208.0020102761446 0.0 0.0 0.0 1.0 0.0 0.0 19.0 0.0
3209.0020102761446 0.0 0.0 0.0 1.0 0.0 0.0 19.0 0.0
3210.0020102761446 0.0 0.0 0.0 1.0 0.0 0.0 19.0 0.0
3211.0020102761446 0.0 0.0 0.0 1.0 0.0 0.0 19.0 0.0
3212.0020102761446 0.0 0.0 0.0 1.0 0.0 0.0 19.0 0.0
3213.0020102761446 0.0 0.0 0.0 1.0 0.0 0.0 19.0 0.0
3214.0020102761446 0.0 0.0 0.0 1.0 0.0 0.0 19.0 0.0
3215.0020102761446 0.0 0.0 0.0 1.0 0.0 0.0 19.0 0.0
3216.0020102761446 0.0 0.0 0.0 1.0 0.0 0.0 19.0 0.0
3217.0004742918027 0.0 0.0 0.0 1.0 0.0 0.0 19.0 0.0
3218.0020102761446 0.0 0.0 0.0 1.0 0.0 0.0 19.0 0.0
3219.0020102761446 0.0 0.0 0.0 1.0 0.0 0.0 19.0 0.0
3220.0020102761446 0.0 0.0 0.0 1.0 0.0 0.0 19.0 0.0
3221.0020102761446 0.0 0.0 0.0 1.0 0.0 0.0 19.0 0.0
3222.0020102761446 0.0 0.0 0.0 1.0 0.0 0.0 19.0 0.0
3223.0020102761446 0.0 0.0 0.0 1.0 0.0 0.0 19.0 0.0
3224.0020102761446 0.0 0.0 0.0 1.0 0.0 0.0 19.0 0.0
3225.0020102761446 0.0 0.0 0.0 1.0 0.0 0.0 19.0 0.0
3226.0020102761446 0.0 0.0 0.0 1.0 0.0 0.0 19.0 0.0
3227.0020102761446 0.0 0.0 0.0 1.0 0.0 0.0 19.0 0.0
3228.0020102761446 0.0 0.0 0.0 1.0 0.0 0.0 19.0 0.0
3229.0020102761446 0.0 0.0 0.0 1.0 0.0 0.0 19.0 0.0
3230.0017849722076 0.0 0.0 0.0 1.0 0.0 0.0 19.0 0.0
3231.001126319485 0.0 0.0 0.0 1.0 0.0 0.0 19.0 0.0
3232.001074190428 0.0 0.0 0.0 1.0 0.0 0.0 19.0 0.0
3233.0020102761446 0.0 0.0 0.0 1.0 0.0 0.0 19.0 0.0
3234.0020102761446 0.0 0.0 0.0 1.0 0.0 0.0 19.0 0.0
3235.0020102761446 0.0 0.0 0.0 1.0 0.0 0.0 19.0 0.0
3236.0020102761446 0.0 0.0 0.0 1.0 0.0 0.0 19.0 0.0
3237.0020102761446 0.0 0.0 0.0 1.0 0.0 0.0 19.0 0.0
3238.0002075389584 0.0 0.0 0.0 1.0 0.0 0.0 19.0 0.0
3239.0020102761446 0.0 0.0 0.0 1.0 0.0 0.0 19.0 0.0
3240.0020102761446 0.0 0.0 0.0 1.0 0.0 0.0 19.0 0.0
3241.0020102761446 0.0 0.0 0.0 1.0 0.0 0.0 19.0 0.0
3242.0020102761446 0.0 0.0 0.0 1.0 0.0 0.0 19.0 0.0
3243.0018767281945 0.0 0.0 0.0 1.0 0.0 0.0 19.0 0.0
3244.0020102761446 0.0 0.0 0.0 1.0 0.0 0.0 19.0 0.0
3245.0020102761446 0.0 0.0 0.0 1.0 0.0 0.0 19.0 0.0
3246.0020102761446 0.0 0.0 0.0 1.0 0.0 0.0 19.0 0.0
3247.0020102761446 0.0 0.0 0.0 1.0 0.0 0.0 19.0 0.0
3248.0012353769735 0.0 0.0 0.0 1.0 0.0 0.0 19.0 0.0
3249.0020102761446 0.0 0.0 0.0 1.0 0.0 0.0 19.0 0.0
3250.0020102761446 0.0 0.0 0.0 1.0 0.0 0.0 19.0 0.0
3251.0020102761446 0.0 0.0 0.0 1.0 0.0 0.0 19.0 0.0
3252.0020102761446 0.0 0.0 0.0 1.0 0.0 0.0 19.0 0.0
3253.0020102761446 0.0 0.0 0.0 1.0 0.0 0.0 19.0 0.0
3254.0020102761446 0.0 0.0 0.0 1.0 0.0 0.0 19.0 0.0
3255.0020102761446 0.0 0.0 0.0 1.0 0.0 0.0 19.0 0.0
3256.0020102761446 0.0 0.0 0.0 1.0 0.0 0.0 19.0 0.0
3257.0020102761446 0.0 0.0 0.0 1.0 0.0 0.0 19.0 0.0
3258.0020102761446 0.0 0.0 0.0 1.0 0.0 0.0 19.0 0.0
3259.0020102761446 0.0 0.0 0.0 1.0 0.0 0.0 19.0 0.0
3260.000357744653 0.0 0.0 0.0 1.0 0.0 0.0 19.0 0.0
3261.0020102761446 0.0 0.0 0.0 1.0 0.0 0.0 19.0 0.0
3262.0020102761446 0.0 0.0 0.0 1.0 0.0 0.0 19.0 0.0
3263.0020102761446 0.0 0.0 0.0 1.0 0.0 0.0 19.0 0.0
3264.001162056047 0.0 0.0 0.0 1.0 0.0 0.0 19.0 0.0
3265.0020102761446 0.0 0.0 0.0 1.0 0.0 0.0 19.0 0.0
3266.0020102761446 0.0 0.0 0.0 1.0 0.0 0.0 19.0 0.0
3267.0020102761446 0.0 0.0 0.0 1.0 0.0 0.0 19.0 0.0
3268.0018943447794 0.0 0.0 0.0 1.0 0.0 0.0 19.0 0.0
3269.0020102761446 0.0 0.0 0.0 1.0 0.0 0.0 19.0 0.0
3270.0002776543765 0.0 0.0 0.0 1.0 0.0 0.0 19.0 0.0
3271.0020102761446 0.0 0.0 0.0 1.0 0.0 0.0 19.0 0.0
3272.0020102761446 0.0 0.0 0.0 1.0 0.0 0.0 19.0 0.0
3273.0020102761446 0.0 0.0 0.0 1.0 0.0 0.0 19.0 0.0
3274.0020102761446 0.0 0.0 0.0 1.0 0.0 0.0 19.0 0.0
3275.0020102761446 0.0 0.0 0.0 1.0 0.0 0.0 19.0 0.0
3276.0008928497864 0.0 0.0 0.0 1.0 0.0 0.0 19.0 0.0
3277.0017393479675 0.0 0.0 0.0 1.0 0.0 0.0 19.0 0.0
3278.0020083409277 0.0 0.0 0.0 1.0 0.0 0.0 19.0 0.0
3279.0020102761446 0.0 0.0 0.0 1.0 0.0 0.0 19.0 0.0
3280.0020102761446 0.0 0.0 0.0 1.0 0.0 0.0 19.0 0.0
3281.0020102761446 0.0 0.0 0.0 1.0 0.0 0.0 19.0 0.0
3282.0020102761446 0.0 0.0 0.0 1.0 0.0 0.0 19.0 0.0
3283.0020102761446 0.0 0.0 0.0 1.0 0.0 0.0 19.0 0.0
3284.0020102761446 0.0 0.0 0.0 1.0 0.0 0.0 19.0 0.0
3285.0020102761446 0.0 0.0 0.0 1.0 0.0 0.0 19.0 0.0
3286.0020102761446 0.0 0.0 0.0 1.0 0.0 0.0 19.0 0.0
3287.0020102761446 0.0 0.0 0.0 1.0 0.0 0.0 19.0 0.0
3288.0020102761446 0.0 0.0 0.0 1.0 0.0 0.0 19.0 0.0
3289.0020102761446 0.0 0.0 0.0 1.0 0.0 0.0 19.0 0.0
3290.001217890475 0.0 0.0 0.0 1.0 0.0 0.0 19.0 0.0
3291.0020102761446 0.0 0.0 0.0 1.0 0.0 0.0 19.0 0.0
3292.0020102761446 0.0 0.0 0.0 1.0 0.0 0.0 19.0 0.0
3293.0005413791605 0.0 0.0 0.0 1.0 0.0 0.0 19.0 0.0
3294.0020102761446 0.0 0.0 0.0 1.0 0.0 0.0 19.0 0.0
3295.0020102761446 0.0 0.0 0.0 1.0 0.0 0.0 19.0 0.0
3296.0015760452357 0.0 0.0 0.0 1.0 0.0 0.0 19.0 0.0
3297.0020102761446 0.0 0.0 0.0 1.0 0.0 0.0 19.0 0.0
3298.0020102761446 0.0 0.0 0.0 1.0 0.0 0.0 19.0 0.0
3299.0000550013247 0.0 0.0 0.0 1.0 0.0 0.0 19.0 0.0
3300.0020102761446 0.0 0.0 0.0 1.0 0.0 0.0 19.0 0.0
3301.0005362673464 0.0 0.0 0.0 1.0 0.0 0.0 19.0 0.0
3302.0020102761446 0.0 0.0 0.0 1.0 0.0 0.0 19.0 0.0
3303.0020102761446 0.0 0.0 0.0 1.0 0.0 0.0 19.0 0.0
3304.0020102761446 0.0 0.0 0.0 1.0 0.0 0.0 19.0 0.0
3305.0020102761446 0.0 0.0 0.0 1.0 0.0 0.0 19.0 0.0
3306.0020102761446 0.0 0.0 0.0 1.0 0.0 0.0 19.0 0.0
3307.0020102761446 0.0 0.0 0.0 1.0 0.0 0.0 19.0 0.0
3308.0015565152953 0.0 0.0 0.0 1.0 0.0 0.0 19.0 0.0
3309.0020102761446 0.0 0.0 0.0 1.0 0.0 0.0 19.0 0.0
3310.0020102761446 0.0 0.0 0.0 1.0 0.0 0.0 19.0 0.0
3311.0020102761446 0.0 0.0 0.0 1.0 0.0 0.0 19.0 0.0
3312.0020102761446 0.0 0.0 0.0 1.0 0.0 0.0 19.0 0.0
3313.000154615732 0.0 0.0 0.0 1.0 0.0 0.0 19.0 0.0
3314.0020102761446 0.0 0.0 0.0 1.0 0.0 0.0 19.0 0.0
3315.0020102761446 0.0 0.0 0.0 1.0 0.0 0.0 19.0 0.0
3316.0020102761446 0.0 0.0 0.0 1.0 0.0 0.0 19.0 0.0
3317.0020102761446 0.0 0.0 0.0 1.0 0.0 0.0 19.0 0.0
3318.001825562879 0.0 0.0 0.0 1.0 0.0 0.0 19.0 0.0
3319.0020102761446 0.0 0.0 0.0 1.0 0.0 0.0 19.0 0.0
3320.0009533477514 0.0 0.0 0.0 1.0 0.0 0.0 19.0 0.0
3321.0020102761446 0.0 0.0 0.0 1.0 0.0 0.0 19.0 0.0
3322.0020102761446 0.0 0.0 0.0 1.0 0.0 0.0 19.0 0.0
3323.0020102761446 0.0 0.0 0.0 1.0 0.0 0.0 19.0 0.0
3324.0020102761446 0.0 0.0 0.0 1.0 0.0 0.0 19.0 0.0
3325.0020102761446 0.0 0.0 0.0 1.0 0.0 0.0 19.0 0.0
3326.0020102761446 0.0 0.0 0.0 1.0 0.0 0.0 19.0 0.0
3327.0020102761446 0.0 0.0 0.0 1.0 0.0 0.0 19.0 0.0
3328.0020102761446 0.0 0.0 0.0 1.0 0.0 0.0 19.0 0.0
3329.0020102761446 0.0 0.0 0.0 1.0 0.0 0.0 19.0 0.0
3330.0020102761446 0.0 0.0 0.0 1.0 0.0 0.0 19.0 0.0
3331.0020102761446 0.0 0.0 0.0 1.0 0.0 0.0 19.0 0.0
3332.0020102761446 0.0 0.0 0.0 1.0 0.0 0.0 19.0 0.0
3333.0020102761446 0.0 0.0 0.0 1.0 0.0 0.0 19.0 0.0
3334.0020102761446 0.0 0.0 0.0 1.0 0.0 0.0 19.0 0.0
3335.0020102761446 0.0 0.0 0.0 1.0 0.0 0.0 19.0 0.0
3336.0020102761446 0.0 0.0 0.0 1.0 0.0 0.0 19.0 0.0
3337.0020102761446 0.0 0.0 0.0 1.0 0.0 0.0 19.0 0.0
3338.0009661941513 0.0 0.0 0.0 1.0 0.0 0.0 19.0 0.0
3339.0020102761446 0.0 0.0 0.0 1.0 0.0 0.0 19.0 0.0
3340.0020102761446 0.0 0.0 0.0 1.0 0.0 0.0 19.0 0.0
3341.0020102761446 0.0 0.0 0.0 1.0 0.0 0.0 19.0 0.0
3342.0020102761446 0.0 0.0 0.0 1.0 0.0 0.0 19.0 0.0
3343.0020102761446 0.0 0.0 0.0 1.0 0.0 0.0 19.0 0.0
3344.0020102761446 0.0 0.0 0.0 1.0 0.0 0.0 19.0 0.0
3345.0020102761446 0.0 0.0 0.0 1.0 0.0 0.0 19.0 0.0
3346.000012926672 0.0 0.0 0.0 1.0 0.0 0.0 19.0 0.0
3347.000902257149 0.0 0.0 0.0 1.0 0.0 0.0 19.0 0.0
3348.0020102761446 0.0 0.0 0.0 1.0 0.0 0.0 19.0 0.0
3349.0020102761446 0.0 0.0 0.0 1.0 0.0 0.0 19.0 0.0
3350.0020102761446 0.0 0.0 0.0 1.0 0.0 0.0 19.0 0.0
3351.0020102761446 0.0 0.0 0.0 1.0 0.0 0.0 19.0 0.0
3352.0020102761446 0.0 0.0 0.0 1.0 0.0 0.0 19.0 0.0
3353.0020102761446 0.0 0.0 0.0 1.0 0.0 0.0 19.0 0.0
3354.0020102761446 0.0 0.0 0.0 1.0 0.0 0.0 19.0 0.0
3355.0020102761446 0.0 0.0 0.0 1.0 0.0 0.0 19.0 0.0
3356.0020102761446 0.0 0.0 0.0 1.0 0.0 0.0 19.0 0.0
3357.0002629375854 0.0 0.0 0.0 1.0 0.0 0.0 19.0 0.0
3358.0020102761446 0.0 0.0 0.0 1.0 0.0 0.0 19.0 0.0
3359.0020102761446 0.0 0.0 0.0 1.0 0.0 0.0 19.0 0.0
3360.0020102761446 0.0 0.0 0.0 1.0 0.0 0.0 19.0 0.0
3361.0020102761446 0.0 0.0 0.0 1.0 0.0 0.0 19.0 0.0
3362.0020102761446 0.0 0.0 0.0 1.0 0.0 0.0 19.0 0.0
3363.0020102761446 0.0 0.0 0.0 1.0 0.0 0.0 19.0 0.0
3364.000422967381 0.0 0.0 0.0 1.0 0.0 0.0 19.0 0.0
3365.0020102761446 0.0 0.0 0.0 1.0 0.0 0.0 19.0 0.0
3366.0020102761446 0.0 0.0 0.0 1.0 0.0 0.0 19.0 0.0
3367.0020102761446 0.0 0.0 0.0 1.0 0.0 0.0 19.0 0.0
3368.0020102761446 0.0 0.0 0.0 1.0 0.0 0.0 19.0 0.0
3369.0011727878914 0.0 0.0 0.0 1.0 0.0 0.0 19.0 0.0
3370.0020102761446 0.0 0.0 0.0 1.0 0.0 0.0 19.0 0.0
3371.0020102761446 0.0 0.0 0.0 1.0 0.0 0.0 19.0 0.0
3372.0020102761446 0.0 0.0 0.0 1.0 0.0 0.0 19.0 0.0
3373.00092447959 0.0 0.0 0.0 1.0 0.0 0.0 19.0 0.0
3374.0020102761446 0.0 0.0 0.0 1.0 0.0 0.0 19.0 0.0
3375.0020102761446 0.0 0.0 0.0 1.0 0.0 0.0 19.0 0.0
3376.0020102761446 0.0 0.0 0.0 1.0 0.0 0.0 19.0 0.0
3377.00060492949 0.0 0.0 0.0 1.0 0.0 0.0 19.0 0.0
3378.0020102761446 0.0 0.0 0.0 1.0 0.0 0.0 19.0 0.0
3379.0020102761446 0.0 0.0 0.0 1.0 0.0 0.0 19.0 0.0
3380.0020102761446 0.0 0.0 0.0 1.0 0.0 0.0 19.0 0.0
3381.0020102761446 0.0 0.0 0.0 1.0 0.0 0.0 19.0 0.0
3382.0020102761446 0.0 0.0 0.0 1.0 0.0 0.0 19.0 0.0
3383.0020102761446 0.0 0.0 0.0 1.0 0.0 0.0 19.0 0.0
3384.0020102761446 0.0 0.0 0.0 1.0 0.0 0.0 19.0 0.0
3385.0020102761446 0.0 0.0 0.0 1.0 0.0 0.0 19.0 0.0
3386.0020102761446 0.0 0.0 0.0 1.0 0.0 0.0 19.0 0.0
3387.0020102761446 0.0 0.0 0.0 1.0 0.0 0.0 19.0 0.0
3388.0020102761446 0.0 0.0 0.0 1.0 0.0 0.0 19.0 0.0
3389.0020102761446 0.0 0.0 0.0 1.0 0.0 0.0 19.0 0.0
3390.0020102761446 0.0 0.0 0.0 1.0 0.0 0.0 19.0 0.0
3391.0020102761446 0.0 0.0 0.0 1.0 0.0 0.0 19.0 0.0
3392.0020102761446 0.0 0.0 0.0 1.0 0.0 0.0 19.0 0.0
3393.000963367692 0.0 0.0 0.0 1.0 0.0 0.0 19.0 0.0
3394.0020102761446 0.0 0.0 0.0 1.0 0.0 0.0 19.0 0.0
3395.0020102761446 0.0 0.0 0.0 1.0 0.0 0.0 19.0 0.0
3396.0020102761446 0.0 0.0 0.0 1.0 0.0 0.0 19.0 0.0
3397.0020102761446 0.0 0.0 0.0 1.0 0.0 0.0 19.0 0.0
3398.0020102761446 0.0 0.0 0.0 1.0 0.0 0.0 19.0 0.0
3399.0020102761446 0.0 0.0 0.0 1.0 0.0 0.0 19.0 0.0
3400.0020102761446 0.0 0.0 0.0 1.0 0.0 0.0 19.0 0.0
3401.0020102761446 0.0 0.0 0.0 1.0 0.0 0.0 19.0 0.0
3402.0020102761446 0.0 0.0 0.0 1.0 0.0 0.0 19.0 0.0
3403.0015303853297 0.0 0.0 0.0 1.0 0.0 0.0 19.0 0.0
3404.0020102761446 0.0 0.0 0.0 1.0 0.0 0.0 19.0 0.0
3405.0018416613 0.0 0.0 0.0 1.0 0.0 0.0 19.0 0.0
3406.0020102761446 0.0 0.0 0.0 1.0 0.0 0.0 19.0 0.0
3407.0020102761446 0.0 0.0 0.0 1.0 0.0 0.0 19.0 0.0
3408.0016361482067 0.0 0.0 0.0 1.0 0.0 0.0 19.0 0.0
3409.0020102761446 0.0 0.0 0.0 1.0 0.0 0.0 19.0 0.0
3410.0020102761446 0.0 0.0 0.0 1.0 0.0 0.0 19.0 0.0
3411.0020102761446 0.0 0.0 0.0 1.0 0.0 0.0 19.0 0.0
3412.0020102761446 0.0 0.0 0.0 1.0 0.0 0.0 19.0 0.0
3413.0005971348783 0.0 0.0 0.0 1.0 0.0 0.0 19.0 0.0
3414.0020102761446 0.0 0.0 0.0 1.0 0.0 0.0 19.0 0.0
3415.0020102761446 0.0 0.0 0.0 1.0 0.0 0.0 19.0 0.0
3416.0020102761446 0.0 0.0 0.0 1.0 0.0 0.0 19.0 0.0
3417.0020102761446 0.0 0.0 0.0 1.0 0.0 0.0 19.0 0.0
3418.0005581235237 0.0 0.0 0.0 1.0 0.0 0.0 19.0 0.0
3419.0020102761446 0.0 0.0 0.0 1.0 0.0 0.0 19.0 0.0
3420.0020102761446 0.0 0.0 0.0 1.0 0.0 0.0 19.0 0.0
3421.001255017066 0.0 0.0 0.0 1.0 0.0 0.0 19.0 0.0
3422.0006598337554 0.0 0.0 0.0 1.0 0.0 0.0 19.0 0.0
3423.0020102761446 0.0 0.0 0.0 1.0 0.0 0.0 19.0 0.0
3424.0020102761446 0.0 0.0 0.0 1.0 0.0 0.0 19.0 0.0
3425.0020102761446 0.0 0.0 0.0 1.0 0.0 0.0 19.0 0.0
3426.0020102761446 0.0 0.0 0.0 1.0 0.0 0.0 19.0 0.0
3427.0020102761446 0.0 0.0 0.0 1.0 0.0 0.0 19.0 0.0
3428.0020102761446 0.0 0.0 0.0 1.0 0.0 0.0 19.0 0.0
3429.0020102761446 0.0 0.0 0.0 1.0 0.0 0.0 19.0 0.0
3430.000795298251 0.0 0.0 0.0 1.0 0.0 0.0 19.0 0.0
3431.000356426886 0.0 0.0 0.0 1.0 0.0 0.0 19.0 0.0
3432.0020102761446 0.0 0.0 0.0 1.0 0.0 0.0 19.0 0.0
3433.0020102761446 0.0 0.0 0.0 1.0 0.0 0.0 19.0 0.0
3434.0020102761446 0.0 0.0 0.0 1.0 0.0 0.0 19.0 0.0
3435.0020102761446 0.0 0.0 0.0 1.0 0.0 0.0 19.0 0.0
3436.000153371512 0.0 0.0 0.0 1.0 0.0 0.0 19.0 0.0
3437.0020102761446 0.0 0.0 0.0 1.0 0.0 0.0 19.0 0.0
3438.0020102761446 0.0 0.0 0.0 1.0 0.0 0.0 19.0 0.0
3439.0004981578313 0.0 0.0 0.0 1.0 0.0 0.0 19.0 0.0
3440.0020102761446 0.0 0.0 0.0 1.0 0.0 0.0 19.0 0.0
3441.0020102761446 0.0 0.0 0.0 1.0 0.0 0.0 19.0 0.0
3442.0020102761446 0.0 0.0 0.0 1.0 0.0 0.0 19.0 0.0
3443.0020102761446 0.0 0.0 0.0 1.0 0.0 0.0 19.0 0.0
3444.0020102761446 0.0 0.0 0.0 1.0 0.0 0.0 19.0 0.0
3445.0020102761446 0.0 0.0 0.0 1.0 0.0 0.0 19.0 0.0
3446.0020102761446 0.0 0.0 0.0 1.0 0.0 0.0 19.0 0.0
3447.0020102761446 0.0 0.0 0.0 1.0 0.0 0.0 19.0 0.0
3448.0020102761446 0.0 0.0 0.0 1.0 0.0 0.0 19.0 0.0
3449.0020102761446 0.0 0.0 0.0 1.0 0.0 0.0 19.0 0.0
3450.0020102761446 0.0 0.0 0.0 1.0 0.0 0.0 19.0 0.0
3451.0020102761446 0.0 0.0 0.0 1.0 0.0 0.0 19.0 0.0
3452.0020102761446 0.0 0.0 0.0 1.0 0.0 0.0 19.0 0.0
3453.0020102761446 0.0 0.0 0.0 1.0 0.0 0.0 19.0 0.0
3454.0020102761446 0.0 0.0 0.0 1.0 0.0 0.0 19.0 0.0
3455.0020102761446 0.0 0.0 0.0 1.0 0.0 0.0 19.0 0.0
3456.0011218524405 0.0 0.0 0.0 1.0 0.0 0.0 19.0 0.0
3457.0020102761446 0.0 0.0 0.0 1.0 0.0 0.0 19.0 0.0
3458.0020102761446 0.0 0.0 0.0 1.0 0.0 0.0 19.0 0.0
3459.0020102761446 0.0 0.0 0.0 1.0 0.0 0.0 19.0 0.0
3460.0020102761446 0.0 0.0 0.0 1.0 0.0 0.0 19.0 0.0
3461.0020102761446 0.0 0.0 0.0 1.0 0.0 0.0 19.0 0.0
3462.001175234052 0.0 0.0 0.0 1.0 0.0 0.0 19.0 0.0
3463.0020102761446 0.0 0.0 0.0 1.0 0.0 0.0 19.0 0.0
3464.0020102761446 0.0 0.0 0.0 1.0 0.0 0.0 19.0 0.0
3465.0020102761446 0.0 0.0 0.0 1.0 0.0 0.0 19.0 0.0
3466.0020102761446 0.0 0.0 0.0 1.0 0.0 0.0 19.0 0.0
3467.0020102761446 0.0 0.0 0.0 1.0 0.0 0.0 19.0 0.0
3468.0020102761446 0.0 0.0 0.0 1.0 0.0 0.0 19.0 0.0
3469.0020102761446 0.0 0.0 0.0 1.0 0.0 0.0 19.0 0.0
3470.0020102761446 0.0 0.0 0.0 1.0 0.0 0.0 19.0 0.0
3471.0020102761446 0.0 0.0 0.0 1.0 0.0 0.0 19.0 0.0
3472.0020102761446 0.0 0.0 0.0 1.0 0.0 0.0 19.0 0.0
3473.0020102761446 0.0 0.0 0.0 1.0 0.0 0.0 19.0 0.0
3474.0020102761446 0.0 0.0 0.0 1.0 0.0 0.0 19.0 0.0
3475.0020102761446 0.0 0.0 0.0 1.0 0.0 0.0 19.0 0.0
3476.0020102761446 0.0 0.0 0.0 1.0 0.0 0.0 19.0 0.0
3477.0020102761446 0.0 0.0 0.0 1.0 0.0 0.0 19.0 0.0
3478.0020102761446 0.0 0.0 0.0 1.0 0.0 0.0 19.0 0.0
3479.0020102761446 0.0 0.0 0.0 1.0 0.0 0.0 19.0 0.0
3480.0020102761446 0.0 0.0 0.0 1.0 0.0 0.0 19.0 0.0
3481.0020102761446 0.0 0.0 0.0 1.0 0.0 0.0 19.0 0.0
3482.001545686313 0.0 0.0 0.0 1.0 0.0 0.0 19.0 0.0
3483.0003731316046 0.0 0.0 0.0 1.0 0.0 0.0 19.0 0.0
3484.0020102761446 0.0 0.0 0.0 1.0 0.0 0.0 19.0 0.0
3485.0020102761446 0.0 0.0 0.0 1.0 0.0 0.0 19.0 0.0
3486.0020102761446 0.0 0.0 0.0 1.0 0.0 0.0 19.0 0.0
3487.001322556974 0.0 0.0 0.0 1.0 0.0 0.0 19.0 0.0
3488.0020102761446 0.0 0.0 0.0 1.0 0.0 0.0 19.0 0.0
3489.0020102761446 0.0 0.0 0.0 1.0 0.0 0.0 19.0 0.0
3490.0020102761446 0.0 0.0 0.0 1.0 0.0 0.0 19.0 0.0
3491.0020102761446 0.0 0.0 0.0 1.0 0.0 0.0 19.0 0.0
3492.0020102761446 0.0 0.0 0.0 1.0 0.0 0.0 19.0 0.0
3493.0020102761446 0.0 0.0 0.0 1.0 0.0 0.0 19.0 0.0
3494.000225177363 0.0 0.0 0.0 1.0 0.0 0.0 19.0 0.0
3495.0020102761446 0.0 0.0 0.0 1.0 0.0 0.0 19.0 0.0
3496.0020102761446 0.0 0.0 0.0 1.0 0.0 0.0 19.0 0.0
3497.0020102761446 0.0 0.0 0.0 1.0 0.0 0.0 19.0 0.0
3498.000461971595 0.0 0.0 0.0 1.0 0.0 0.0 19.0 0.0
3499.0020102761446 0.0 0.0 0.0 1.0 0.0 0.0 19.0 0.0
3500.0020102761446 0.0 0.0 0.0 1.0 0.0 0.0 19.0 0.0
3501.0020102761446 0.01250000000000001 0.0 0.0 0.9875 0.0 1.0 19.0 0.024382716049382715
3502.0020102761446 0.75 0.0 0.0 0.25 0.0 1.0 19.0375 0.37037037037037035
3503.0020102761446 0.9625 0.0 0.0 0.0375 0.0 1.0 19.875 0.0712962962962963
3504.0020102761446 1.0 0.0 0.0 0.0 0.0 1.0 20.65 0.0
3505.0020102761446 1.0 0.0 0.0 0.0 0.0 1.0 20.95 0.0
3506.0020102761446 1.0 0.0 0.0 0.0 0.0 1.0 20.9875 0.0
3507.0009134178667 1.0 0.0 0.0 0.0 0.0 1.0 21.0 0.0
3508.0020102761446 1.0 0.0 0.0 0.0 0.0 1.0 21.0 0.0
3509.0020102761446 1.0 0.0 0.0 0.0 0.0 1.0 21.0 0.0
3510.0020102761446 1.0 0.0 0.0 0.0 0.0 1.0 21.0 0.0
3511.0020102761446 1.0 0.0 0.0 0.0 0.0 1.0 21.0 0.0
3512.0020102761446 1.0 0.0 0.0 0.0 0.0 1.0 21.0 0.0
3513.0020102761446 1.0 0.0 0.0 0.0 0.0 1.0 21.0 0.0
3514.0020102761446 1.0 0.0 0.0 0.0 0.0 1.0 21.0 0.0
3515.0020102761446 1.0 0.0 0.0 0.0 0.0 1.0 21.0 0.0
3516.0020102761446 1.0 0.0 0.0 0.0 0.0 1.0 21.0 0.0
3517.0020102761446 1.0 0.0 0.0 0.0 0.0 1.0 21.0 0.0
3518.0020102761446 1.0 0.0 0.0 0.0 0.0 1.0 21.0 0.0
3519.0020102761446 1.0 0.0 0.0 0.0 0.0 1.0 21.0 0.0
3520.0020102761446 1.0 0.0 0.0 0.0 0.0 1.0 21.0 0.0
3521.0020102761446 1.0 0.0 0.0 0.0 0.0 1.0 21.0 0.0
3522.0008415040024 1.0 0.0 0.0 0.0 0.0 1.0 21.0 0.0
3523.0020102761446 1.0 0.0 0.0 0.0 0.0 1.0 21.0 0.0
3524.0020102761446 1.0 0.0 0.0 0.0 0.0 1.0 21.0 0.0
3525.0002045457236 1.0 0.0 0.0 0.0 0.0 1.0 21.0 0.0
3526.0020102761446 1.0 0.0 0.0 0.0 0.0 1.0 21.0 0.0
3527.0020102761446 1.0 0.0 0.0 0.0 0.0 1.0 21.0 0.0
3528.0020102761446 1.0 0.0 0.0 0.0 0.0 1.0 21.0 0.0
3529.0020102761446 1.0 0.0 0.0 0.0 0.0 1.0 21.0 0.0
3530.0020102761446 1.0 0.0 0.0 0.0 0.0 1.0 21.0 0.0
3531.0018490935095 1.0 0.0 0.0 0.0 0.0 1.0 21.0 0.0
3532.0020102761446 1.0 0.0 0.0 0.0 0.0 1.0 21.0 0.0
3533.0020102761446 1.0 0.0 0.0 0.0 0.0 1.0 21.0 0.0
3534.0020102761446 1.0 0.0 0.0 0.0 0.0 1.0 21.0 0.0
3535.0020102761446 1.0 0.0 0.0 0.0 0.0 1.0 21.0 0.0
3536.0020102761446 1.0 0.0 0.0 0.0 0.0 1.0 21.0 0.0
3537.0004068253897 1.0 0.0 0.0 0.0 0.0 1.0 21.0 0.0
3538.0020102761446 1.0 0.0 0.0 0.0 0.0 1.0 21.0 0.0
3539.0020102761446 1.0 0.0 0.0 0.0 0.0 1.0 21.0 0.0
3540.0020102761446 1.0 0.0 0.0 0.0 0.0 1.0 21.0 0.0
3541.0020102761446 1.0 0.0 0.0 0.0 0.0 1.0 21.0 0.0
3542.0020102761446 1.0 0.0 0.0 0.0 0.0 1.0 21.0 0.0
3543.0020102761446 1.0 0.0 0.0 0.0 0.0 1.0 21.0 0.0
3544.0020102761446 1.0 0.0 0.0 0.0 0.0 1.0 21.0 0.0
3545.0020102761446 1.0 0.0 0.0 0.0 0.0 1.0 21.0 0.0
3546.0020102761446 1.0 0.0 0.0 0.0 0.0 1.0 21.0 0.0
3547.0020102761446 1.0 0.0 0.0 0.0 0.0 1.0 21.0 0.0
3548.0020102761446 1.0 0.0 0.0 0.0 0.0 1.0 21.0 0.0
3549.0020102761446 1.0 0.0 0.0 0.0 0.0 1.0 21.0 0.0
3550.0020102761446 1.0 0.0 0.0 0.0 0.0 1.0 21.0 0.0
3551.0020102761446 1.0 0.0 0.0 0.0 0.0 1.0 21.0 0.0
3552.0020102761446 1.0 0.0 0.0 0.0 0.0 1.0 21.0 0.0
3553.0020102761446 1.0 0.0 0.0 0.0 0.0 1.0 21.0 0.0
3554.0020102761446 1.0 0.0 0.0 0.0 0.0 1.0 21.0 0.0
3555.0020102761446 1.0 0.0 0.0 0.0 0.0 1.0 21.0 0.0
3556.0020102761446 1.0 0.0 0.0 0.0 0.0 1.0 21.0 0.0
3557.0020102761446 1.0 0.0 0.0 0.0 0.0 1.0 21.0 0.0
3558.0020102761446 1.0 0.0 0.0 0.0 0.0 1.0 21.0 0.0
3559.0020102761446 1.0 0.0 0.0 0.0 0.0 1.0 21.0 0.0
3560.0020102761446 1.0 0.0 0.0 0.0 0.0 1.0 21.0 0.0
3561.0020102761446 1.0 0.0 0.0 0.0 0.0 1.0 21.0 0.0
3562.0020102761446 1.0 0.0 0.0 0.0 0.0 1.0 21.0 0.0
3563.0020102761446 1.0 0.0 0.0 0.0 0.0 1.0 21.0 0.0
3564.0020102761446 1.0 0.0 0.0 0.0 0.0 1.0 21.0 0.0
3565.0020102761446 1.0 0.0 0.0 0.0 0.0 1.0 21.0 0.0
3566.0020102761446 1.0 0.0 0.0 0.0 0.0 1.0 21.0 0.0
3567.0015095270323 1.0 0.0 0.0 0.0 0.0 1.0 21.0 0.0
3568.0020102761446 1.0 0.0 0.0 0.0 0.0 1.0 21.0 0.0
3569.0020102761446 1.0 0.0 0.0 0.0 0.0 1.0 21.0 0.0
3570.0013519885606 1.0 0.0 0.0 0.0 0.0 1.0 21.0 0.0
3571.0020102761446 1.0 0.0 0.0 0.0 0.0 1.0 21.0 0.0
3572.0018121543353 1.0 0.0 0.0 0.0 0.0 1.0 21.0 0.0
3573.0020102761446 1.0 0.0 0.0 0.0 0.0 1.0 21.0 0.0
3574.0020102761446 1.0 0.0 0.0 0.0 0.0 1.0 21.0 0.0
3575.0020102761446 1.0 0.0 0.0 0.0 0.0 1.0 21.0 0.0
3576.0020102761446 1.0 0.0 0.0 0.0 0.0 1.0 21.0 0.0
3577.0020102761446 1.0 0.0 0.0 0.0 0.0 1.0 21.0 0.0
3578.0001982356666 1.0 0.0 0.0 0.0 0.0 1.0 21.0 0.0
3579.0020102761446 1.0 0.0 0.0 0.0 0.0 1.0 21.0 0.0
3580.0020102761446 1.0 0.0 0.0 0.0 0.0 1.0 21.0 0.0
3581.0020102761446 1.0 0.0 0.0 0.0 0.0 1.0 21.0 0.0
3582.0020102761446 1.0 0.0 0.0 0.0 0.0 1.0 21.0 0.0
3583.001977247584 1.0 0.0 0.0 0.0 0.0 1.0 21.0 0.0
3584.0020102761446 1.0 0.0 0.0 0.0 0.0 1.0 21.0 0.0
3585.0020102761446 1.0 0.0 0.0 0.0 0.0 1.0 21.0 0.0
3586.0020102761446 1.0 0.0 0.0 0.0 0.0 1.0 21.0 0.0
3587.0020102761446 1.0 0.0 0.0 0.0 0.0 1.0 21.0 0.0
3588.0002840195034 1.0 0.0 0.0 0.0 0.0 1.0 21.0 0.0
3589.0020102761446 1.0 0.0 0.0 0.0 0.0 1.0 21.0 0.0
3590.0020102761446 1.0 0.0 0.0 0.0 0.0 1.0 21.0 0.0
3591.0020102761446 1.0 0.0 0.0 0.0 0.0 1.0 21.0 0.0
3592.0020102761446 1.0 0.0 0.0 0.0 0.0 1.0 21.0 0.0
3593.0020102761446 1.0 0.0 0.0 0.0 0.0 1.0 21.0 0.0
3594.0020102761446 1.0 0.0 0.0 0.0 0.0 1.0 21.0 0.0
3595.0020102761446 1.0 0.0 0.0 0.0 0.0 1.0 21.0 0.0
3596.0020102761446 1.0 0.0 0.0 0.0 0.0 1.0 21.0 0.0
3597.0020102761446 1.0 0.0 0.0 0.0 0.0 1.0 21.0 0.0
3598.0020102761446 1.0 0.0 0.0 0.0 0.0 1.0 21.0 0.0
3599.0020102761446 1.0 0.0 0.0 0.0 0.0 1.0 21.0 0.0
3600.0020102761446 1.0 0.0 0.0 0.0 0.0 1.0 21.0 0.0
3601.000074515542 1.0 0.0 0.0 0.0 0.0 1.0 21.0 0.0
3602.0020102761446 0.65 0.0 0.35 0.0 0.0 1.0 21.0 0.44938271604938274
3603.0020102761446 0.09999999999999999 0.0 0.9 0.0 0.0 1.0 21.2875 0.17777777777777778
3604.0020102761446 0.037500000000000006 0.0 0.9625 0.0 0.0 1.0 22.1875 0.0712962962962963
3605.0020102761446 0.012500000000000006 0.0 0.9875 0.0 0.0 1.0 22.7875 0.024382716049382715
3606.0020102761446 0.0 0.0 1.0 0.0 0.0 1.0 22.925 0.0
3607.0020102761446 0.0 0.0 1.0 0.0 0.0 1.0 23.0 0.0
3608.0020102761446 0.0 0.0 1.0 0.0 0.0 1.0 23.0 0.0
3609.0020102761446 0.0 0.0 1.0 0.0 0.0 1.0 23.0 0.0
3610.0020102761446 0.0 0.0 1.0 0.0 0.0 1.0 23.0 0.0
3611.0020102761446 0.0 0.0 1.0 0.0 0.0 1.0 23.0 0.0
3612.0018632697934 0.0 0.0 1.0 0.0 0.0 1.0 23.0 0.0
3613.0020102761446 0.0 0.0 1.0 0.0 0.0 1.0 23.0 0.0
3614.0020102761446 0.0 0.0 1.0 0.0 0.0 1.0 23.0 0.0
3615.0020102761446 0.0 0.0 1.0 0.0 0.0 1.0 23.0 0.0
3616.000396361434 0.0 0.0 1.0 0.0 0.0 1.0 23.0 0.0
3617.0020102761446 0.0 0.0 1.0 0.0 0.0 1.0 23.0 0.0
3618.0020102761446 0.0 0.0 1.0 0.0 0.0 1.0 23.0 0.0
3619.0020102761446 0.0 0.0 1.0 0.0 0.0 1.0 23.0 0.0
3620.0020102761446 0.0 0.0 1.0 0.0 0.0 1.0 23.0 0.0
3621.0020102761446 0.0 0.0 1.0 0.0 0.0 1.0 23.0 0.0
3622.0020102761446 0.0 0.0 1.0 0.0 0.0 1.0 23.0 0.0
3623.0020102761446 0.0 0.0 1.0 0.0 0.0 1.0 23.0 0.0
3624.0020102761446 0.0 0.0 1.0 0.0 0.0 1.0 23.0 0.0
3625.0020102761446 0.0 0.0 1.0 0.0 0.0 1.0 23.0 0.0
3626.0020102761446 0.0 0.0 1.0 0.0 0.0 1.0 23.0 0.0
3627.000063123599 0.0 0.0 1.0 0.0 0.0 1.0 23.0 0.0
3628.0020102761446 0.0 0.0 1.0 0.0 0.0 1.0 23.0 0.0
3629.0020102761446 0.0 0.0 1.0 0.0 0.0 1.0 23.0 0.0
3630.0020102761446 0.0 0.0 1.0 0.0 0.0 1.0 23.0 0.0
3631.0000741323574 0.0 0.0 1.0 0.0 0.0 1.0 23.0 0.0
3632.0005481912594 0.0 0.0 1.0 0.0 0.0 1.0 23.0 0.0
3633.0020102761446 0.0 0.0 1.0 0.0 0.0 1.0 23.0 0.0
3634.0020102761446 0.0 0.0 1.0 0.0 0.0 1.0 23.0 0.0
3635.0020102761446 0.0 0.0 1.0 0.0 0.0 1.0 23.0 0.0
3636.000530840677 0.0 0.0 1.0 0.0 0.0 1.0 23.0 0.0
3637.000359117954 0.0 0.0 1.0 0.0 0.0 1.0 23.0 0.0
3638.0020102761446 0.0 0.0 1.0 0.0 0.0 1.0 23.0 0.0
3639.0020102761446 0.0 0.0 1.0 0.0 0.0 1.0 23.0 0.0
3640.0020102761446 0.0 0.0 1.0 0.0 0.0 1.0 23.0 0.0
3641.0020102761446 0.0 0.0 1.0 0.0 0.0 1.0 23.0 0.0
3642.0020102761446 0.0 0.0 1.0 0.0 0.0 1.0 23.0 0.0
3643.0020102761446 0.0 0.0 1.0 0.0 0.0 1.0 23.0 0.0
3644.0020102761446 0.0 0.0 1.0 0.0 0.0 1.0 23.0 0.0
3645.0004694527897 0.0 0.0 1.0 0.0 0.0 1.0 23.0 0.0
3646.0020102761446 0.0 0.0 1.0 0.0 0.0 1.0 23.0 0.0
3647.0020102761446 0.0 0.0 1.0 0.0 0.0 1.0 23.0 0.0
3648.0020102761446 0.0 0.0 1.0 0.0 0.0 1.0 23.0 0.0
3649.0020102761446 0.0 0.0 1.0 0.0 0.0 1.0 23.0 0.0
3650.0020102761446 0.0 0.0 1.0 0.0 0.0 1.0 23.0 0.0
3651.0020102761446 0.0 0.0 1.0 0.0 0.0 1.0 23.0 0.0
3652.0020102761446 0.0 0.0 1.0 0.0 0.0 1.0 23.0 0.0
3653.0020102761446 0.0 0.0 1.0 0.0 0.0 1.0 23.0 0.0
3654.0020102761446 0.0 0.0 1.0 0.0 0.0 1.0 23.0 0.0
3655.0020102761446 0.0 0.0 1.0 0.0 0.0 1.0 23.0 0.0
3656.0020102761446 0.0 0.0 1.0 0.0 0.0 1.0 23.0 0.0
3657.0020102761446 0.0 0.0 1.0 0.0 0.0 1.0 23.0 0.0
3658.0001117859556 0.0 0.0 1.0 0.0 0.0 1.0 23.0 0.0
3659.0020102761446 0.0 0.0 1.0 0.0 0.0 1.0 23.0 0.0
3660.0020102761446 0.0 0.0 1.0 0.0 0.0 1.0 23.0 0.0
3661.0020102761446 0.0 0.0 1.0 0.0 0.0 1.0 23.0 0.0
3662.0020102761446 0.0 0.0 1.0 0.0 0.0 1.0 23.0 0.0
3663.0020102761446 0.0 0.0 1.0 0.0 0.0 1.0 23.0 0.0
3664.0020102761446 0.0 0.0 1.0 0.0 0.0 1.0 23.0 0.0
3665.0020102761446 0.0 0.0 1.0 0.0 0.0 1.0 23.0 0.0
3666.0020102761446 0.0 0.0 1.0 0.0 0.0 1.0 23.0 0.0
3667.0020102761446 0.0 0.0 1.0 0.0 0.0 1.0 23.0 0.0
3668.0020102761446 0.0 0.0 1.0 0.0 0.0 1.0 23.0 0.0
3669.0020102761446 0.0 0.0 1.0 0.0 0.0 1.0 23.0 0.0
3670.0020102761446 0.0 0.0 1.0 0.0 0.0 1.0 23.0 0.0
3671.0005673342803 0.0 0.0 1.0 0.0 0.0 1.0 23.0 0.0
3672.0020102761446 0.0 0.0 1.0 0.0 0.0 1.0 23.0 0.0
3673.0020102761446 0.0 0.0 1.0 0.0 0.0 1.0 23.0 0.0
3674.0017091414206 0.0 0.0 1.0 0.0 0.0 1.0 23.0 0.0
3675.001165256341 0.0 0.0 1.0 0.0 0.0 1.0 23.0 0.0
3676.0020102761446 0.0 0.0 1.0 0.0 0.0 1.0 23.0 0.0
3677.0020102761446 0.0 0.0 1.0 0.0 0.0 1.0 23.0 0.0
3678.0020102761446 0.0 0.0 1.0 0.0 0.0 1.0 23.0 0.0
3679.0020102761446 0.0 0.0 1.0 0.0 0.0 1.0 23.0 0.0
3680.0020102761446 0.0 0.0 1.0 0.0 0.0 1.0 23.0 0.0
3681.0020102761446 0.0 0.0 1.0 0.0 0.0 1.0 23.0 0.0
3682.0020102761446 0.0 0.0 1.0 0.0 0.0 1.0 23.0 0.0
3683.0020102761446 0.0 0.0 1.0 0.0 0.0 1.0 23.0 0.0
3684.0020102761446 0.0 0.0 1.0 0.0 0.0 1.0 23.0 0.0
3685.0020102761446 0.0 0.0 1.0 0.0 0.0 1.0 23.0 0.0
3686.0020102761446 0.0 0.0 1.0 0.0 0.0 1.0 23.0 0.0
3687.0020102761446 0.0 0.0 1.0 0.0 0.0 1.0 23.0 0.0
3688.0020102761446 0.0 0.0 1.0 0.0 0.0 1.0 23.0 0.0
3689.0020102761446 0.0 0.0 1.0 0.0 0.0 1.0 23.0 0.0
3690.0020102761446 0.0 0.0 1.0 0.0 0.0 1.0 23.0 0.0
3691.0019529751326 0.0 0.0 1.0 0.0 0.0 1.0 23.0 0.0
3692.0020102761446 0.0 0.0 1.0 0.0 0.0 1.0 23.0 0.0
3693.0020102761446 0.0 0.0 1.0 0.0 0.0 1.0 23.0 0.0
3694.0011206029126 0.0 0.0 1.0 0.0 0.0 1.0 23.0 0.0
3695.0020102761446 0.0 0.0 1.0 0.0 0.0 1.0 23.0 0.0
3696.0020102761446 0.0 0.0 0.9625 0.03750000000000001 0.0 0.0 23.0 0.0712962962962963
3697.0020102761446 0.0 0.0 0.21250000000000005 0.7875 0.0 0.0 23.05 0.33055555555555555
3698.0020102761446 0.0 0.0 0.02499999999999999 0.975 0.0 0.0 23.7875 0.04814814814814815
3699.0020102761446 0.0 0.0 0.02499999999999999 0.975 0.0 0.0 24.65 0.04814814814814815
3700.0020102761446 0.0 0.0 0.0 1.0 0.0 0.0 24.9375 0.0
3701.0020102761446 0.0 0.0 0.0 1.0 0.0 0.0 24.95 0.0
3702.0020102761446 0.0 0.0 0.0 1.0 0.0 0.0 25.0 0.0
3703.001040805153 0.0 0.0 0.0 1.0 0.0 0.0 25.0 0.0
3704.0020102761446 0.0 0.0 0.0 1.0 0.0 0.0 25.0 0.0
3705.0020102761446 0.0 0.0 0.0 1.0 0.0 0.0 25.0 0.0
3706.0020102761446 0.0 0.0 0.0 1.0 0.0 0.0 25.0 0.0
3707.0020102761446 0.0 0.0 0.0 1.0 0.0 0.0 25.0 0.0
3708.0001534705543 0.0 0.0 0.0 1.0 0.0 0.0 25.0 0.0
3709.0005757650442 0.0 0.0 0.0 1.0 0.0 0.0 25.0 0.0
3710.0020102761446 0.0 0.0 0.0 1.0 0.0 0.0 25.0 0.0
3711.0020102761446 0.0 0.0 0.0 1.0 0.0 0.0 25.0 0.0
3712.0020102761446 0.0 0.0 0.0 1.0 0.0 0.0 25.0 0.0
3713.0020102761446 0.0 0.0 0.0 1.0 0.0 0.0 25.0 0.0
3714.0020102761446 0.0 0.0 0.0 1.0 0.0 0.0 25.0 0.0
3715.0020102761446 0.0 0.0 0.0 1.0 0.0 0.0 25.0 0.0
3716.0020102761446 0.0 0.0 0.0 1.0 0.0 0.0 25.0 0.0
3717.000334073334 0.0 0.0 0.0 1.0 0.0 0.0 25.0 0.0
3718.0020102761446 0.0 0.0 0.0 1.0 0.0 0.0 25.0 0.0
3719.0020102761446 0.0 0.0 0.0 1.0 0.0 0.0 25.0 0.0
3720.0020102761446 0.0 0.0 0.0 1.0 0.0 0.0 25.0 0.0
3721.0018405855217 0.0 0.0 0.0 1.0 0.0 0.0 25.0 0.0
3722.0020102761446 0.0 0.0 0.0 1.0 0.0 0.0 25.0 0.0
3723.0020102761446 0.0 0.0 0.0 1.0 0.0 0.0 25.0 0.0
3724.0020102761446 0.0 0.0 0.0 1.0 0.0 0.0 25.0 0.0
3725.0020102761446 0.0 0.0 0.0 1.0 0.0 0.0 25.0 0.0
3726.0020102761446 0.0 0.0 0.0 1.0 0.0 0.0 25.0 0.0
3727.0020102761446 0.0 0.0 0.0 1.0 0.0 0.0 25.0 0.0
3728.0020102761446 0.0 0.0 0.0 1.0 0.0 0.0 25.0 0.0
3729.0008409704033 0.0 0.0 0.0 1.0 0.0 0.0 25.0 0.0
3730.0020102761446 0.0 0.0 0.0 1.0 0.0 0.0 25.0 0.0
3731.0020102761446 0.0 0.0 0.0 1.0 0.0 0.0 25.0 0.0
3732.0020102761446 0.0 0.0 0.0 1.0 0.0 0.0 25.0 0.0
3733.0020102761446 0.0 0.0 0.0 1.0 0.0 0.0 25.0 0.0
3734.0020102761446 0.0 0.0 0.0 1.0 0.0 0.0 25.0 0.0
3735.0020102761446 0.0 0.0 0.0 1.0 0.0 0.0 25.0 0.0
3736.0020102761446 0.0 0.0 0.0 1.0 0.0 0.0 25.0 0.0
3737.0020102761446 0.0 0.0 0.0 1.0 0.0 0.0 25.0 0.0
3738.0008537677995 0.0 0.0 0.0 1.0 0.0 0.0 25.0 0.0
3739.0020102761446 0.0 0.0 0.0 1.0 0.0 0.0 25.0 0.0
3740.0020102761446 0.0 0.0 0.0 1.0 0.0 0.0 25.0 0.0
3741.0020102761446 0.0 0.0 0.0 1.0 0.0 0.0 25.0 0.0
3742.0020102761446 0.0 0.0 0.0 1.0 0.0 0.0 25.0 0.0
3743.0020102761446 0.0 0.0 0.0 1.0 0.0 0.0 25.0 0.0
3744.0020102761446 0.0 0.0 0.0 1.0 0.0 0.0 25.0 0.0
3745.0000635847796 0.0 0.0 0.0 1.0 0.0 0.0 25.0 0.0
3746.0020102761446 0.0 0.0 0.0 1.0 0.0 0.0 25.0 0.0
3747.0020102761446 0.0 0.0 0.0 1.0 0.0 0.0 25.0 0.0
3748.0020102761446 0.0 0.0 0.0 1.0 0.0 0.0 25.0 0.0
3749.0020102761446 0.0 0.0 0.0 1.0 0.0 0.0 25.0 0.0
3750.001068808465 0.0 0.0 0.0 1.0 0.0 0.0 25.0 0.0
3751.0020102761446 0.0 0.0 0.0 1.0 0.0 0.0 25.0 0.0
3752.0020102761446 0.0 0.0 0.0 1.0 0.0 0.0 25.0 0.0
3753.0020102761446 0.0 0.0 0.0 1.0 0.0 0.0 25.0 0.0
3754.0020102761446 0.0 0.0 0.0 1.0 0.0 0.0 25.0 0.0
3755.0020102761446 0.0 0.0 0.0 1.0 0.0 0.0 25.0 0.0
3756.0020102761446 0.0 0.0 0.0 1.0 0.0 0.0 25.0 0.0
3757.0020102761446 0.0 0.0 0.0 1.0 0.0 0.0 25.0 0.0
3758.0020102761446 0.0 0.0 0.0 1.0 0.0 0.0 25.0 0.0
3759.0020102761446 0.0 0.0 0.0 1.0 0.0 0.0 25.0 0.0
3760.0015241555934 0.0 0.0 0.0 1.0 0.0 0.0 25.0 0.0
3761.0020102761446 0.0 0.0 0.0 1.0 0.0 0.0 25.0 0.0
3762.0020102761446 0.0 0.0 0.0 1.0 0.0 0.0 25.0 0.0
3763.0020102761446 0.0 0.0 0.0 1.0 0.0 0.0 25.0 0.0
3764.0020102761446 0.0 0.0 0.0 1.0 0.0 0.0 25.0 0.0
3765.0020102761446 0.0 0.0 0.0 1.0 0.0 0.0 25.0 0.0
3766.0020102761446 0.0 0.0 0.0 1.0 0.0 0.0 25.0 0.0
3767.001124303718 0.0 0.0 0.0 1.0 0.0 0.0 25.0 0.0
3768.0020102761446 0.0 0.0 0.0 1.0 0.0 0.0 25.0 0.0
3769.0020102761446 0.0 0.0 0.0 1.0 0.0 0.0 25.0 0.0
3770.0020102761446 0.0 0.0 0.0 1.0 0.0 0.0 25.0 0.0
3771.0020102761446 0.0 0.0 0.0 1.0 0.0 0.0 25.0 0.0
3772.0020102761446 0.0 0.0 0.0 1.0 0.0 0.0 25.0 0.0
3773.0020102761446 0.0 0.0 0.0 1.0 0.0 0.0 25.0 0.0
3774.0020102761446 0.0 0.0 0.0 1.0 0.0 0.0 25.0 0.0
3775.0020102761446 0.0 0.0 0.0 1.0 0.0 0.0 25.0 0.0
3776.0020102761446 0.0 0.0 0.0 1.0 0.0 0.0 25.0 0.0
3777.0011990058515 0.0 0.0 0.0 1.0 0.0 0.0 25.0 0.0
3778.000495471535 0.0 0.0 0.0 1.0 0.0 0.0 25.0 0.0
3779.0020102761446 0.0 0.0 0.0 1.0 0.0 0.0 25.0 0.0
3780.0020102761446 0.0 0.0 0.0 1.0 0.0 0.0 25.0 0.0
3781.0020102761446 0.0 0.0 0.0 1.0 0.0 0.0 25.0 0.0
3782.0020102761446 0.0 0.0 0.0 1.0 0.0 0.0 25.0 0.0
3783.0020102761446 0.0 0.0 0.0 1.0 0.0 0.0 25.0 0.0
3784.0020102761446 0.0 0.0 0.0 1.0 0.0 0.0 25.0 0.0
3785.0020102761446 0.0 0.0 0.0 1.0 0.0 0.0 25.0 0.0
3786.000907660876 0.0 0.0 0.0 1.0 0.0 0.0 25.0 0.0
3787.0020102761446 0.0 0.0 0.0 1.0 0.0 0.0 25.0 0.0
3788.0020102761446 0.0 0.0 0.0 1.0 0.0 0.0 25.0 0.0
3789.0020102761446 0.0 0.0 0.0 1.0 0.0 0.0 25.0 0.0
3790.0020102761446 0.0 0.0 0.0 1.0 0.0 0.0 25.0 0.0
3791.0020102761446 0.0 0.0 0.0 1.0 0.0 0.0 25.0 0.0
3792.0020102761446 0.0 0.0 0.0 1.0 0.0 0.0 25.0 0.0
3793.0020102761446 0.0 0.0 0.0 1.0 0.0 0.0 25.0 0.0
3794.0020102761446 0.0 0.0 0.0 1.0 0.0 0.0 25.0 0.0
3795.0020102761446 0.0 0.0 0.0 1.0 0.0 0.0 25.0 0.0
3796.0020102761446 0.0 0.0 0.0 1.0 0.0 0.0 25.0 0.0
3797.0020102761446 0.0 0.0 0.0 1.0 0.0 0.0 25.0 0.0
3798.0020102761446 0.0 0.0 0.0 1.0 0.0 0.0 25.0 0.0
3799.0020102761446 0.0 0.0 0.0 1.0 0.0 0.0 25.0 0.0
3800.0020102761446 0.0 0.0 0.0 1.0 0.0 0.0 25.0 0.0
3801.0020102761446 0.0 0.0 0.0 1.0 0.0 0.0 25.0 0.0
3802.0020102761446 0.0 0.0 0.0 1.0 0.0 0.0 25.0 0.0
3803.0020102761446 0.0 0.0 0.0 1.0 0.0 0.0 25.0 0.0
3804.0004030143496 0.0 0.0 0.0 1.0 0.0 0.0 25.0 0.0
3805.0020102761446 0.0 0.0 0.0 1.0 0.0 0.0 25.0 0.0
3806.0020102761446 0.0 0.0 0.0 1.0 0.0 0.0 25.0 0.0
3807.0020102761446 0.0 0.0 0.0 1.0 0.0 0.0 25.0 0.0
3808.0020102761446 0.0 0.0 0.0 1.0 0.0 0.0 25.0 0.0
3809.0020102761446 0.0 0.0 0.0 1.0 0.0 0.0 25.0 0.0
3810.0020102761446 0.0 0.0 0.0 1.0 0.0 0.0 25.0 0.0
3811.0020102761446 0.0 0.0 0.0 1.0 0.0 0.0 25.0 0.0
3812.0020102761446 0.0 0.0 0.0 1.0 0.0 0.0 25.0 0.0
3813.0020102761446 0.0 0.0 0.0 1.0 0.0 0.0 25.0 0.0
3814.0020102761446 0.0 0.0 0.0 1.0 0.0 0.0 25.0 0.0
3815.0020102761446 0.0 0.0 0.0 1.0 0.0 0.0 25.0 0.0
3816.0020102761446 0.0 0.0 0.0 1.0 0.0 0.0 25.0 0.0
3817.0020102761446 0.0 0.0 0.0 1.0 0.0 0.0 25.0 0.0
3818.0018800001894 0.0 0.0 0.0 1.0 0.0 0.0 25.0 0.0
3819.0020102761446 0.0 0.0 0.0 1.0 0.0 0.0 25.0 0.0
3820.0020102761446 0.0 0.0 0.0 1.0 0.0 0.0 25.0 0.0
3821.0007305310833 0.0 0.0 0.0 1.0 0.0 0.0 25.0 0.0
3822.0020102761446 0.0 0.0 0.0 1.0 0.0 0.0 25.0 0.0
3823.0020102761446 0.0 0.0 0.0 1.0 0.0 0.0 25.0 0.0
3824.0020102761446 0.0 0.0 0.0 1.0 0.0 0.0 25.0 0.0
3825.0013484578876 0.0 0.0 0.0 1.0 0.0 0.0 25.0 0.0
3826.0020102761446 0.0 0.0 0.0 1.0 0.0 0.0 25.0 0.0
3827.0020102761446 0.0 0.0 0.0 1.0 0.0 0.0 25.0 0.0
3828.0020102761446 0.0 0.0 0.0 1.0 0.0 0.0 25.0 0.0
3829.0020102761446 0.0 0.0 0.0 1.0 0.0 0.0 25.0 0.0
3830.0020102761446 0.0 0.0 0.0 1.0 0.0 0.0 25.0 0.0
3831.0020102761446 0.0 0.0 0.0 1.0 0.0 0.0 25.0 0.0
3832.0020102761446 0.0 0.0 0.0 1.0 0.0 0.0 25.0 0.0
3833.0020102761446 0.0 0.0 0.0 1.0 0.0 0.0 25.0 0.0
3834.0020102761446 0.0 0.0 0.0 1.0 0.0 0.0 25.0 0.0
3835.0020102761446 0.0 0.0 0.0 1.0 0.0 0.0 25.0 0.0
3836.0020102761446 0.0 0.0 0.0 1.0 0.0 0.0 25.0 0.0
3837.0020102761446 0.0 0.0 0.0 1.0 0.0 0.0 25.0 0.0
3838.0020102761446 0.0 0.0 0.0 1.0 0.0 0.0 25.0 0.0
3839.0020102761446 0.0 0.0 0.0 1.0 0.0 0.0 25.0 0.0
3840.0020102761446 0.0 0.0 0.0 1.0 0.0 0.0 25.0 0.0
3841.0020102761446 0.0 0.0 0.0 1.0 0.0 0.0 25.0 0.0
3842.0020102761446 0.0 0.0 0.0 1.0 0.0 0.0 25.0 0.0
3843.0020102761446 0.0 0.0 0.0 1.0 0.0 0.0 25.0 0.0
3844.0020102761446 0.0 0.0 0.0 1.0 0.0 0.0 25.0 0.0
3845.0020102761446 0.0 0.0 0.0 1.0 0.0 0.0 25.0 0.0
3846.0020102761446 0.0 0.0 0.0 1.0 0.0 0.0 25.0 0.0
3847.0020102761446 0.0 0.0 0.0 1.0 0.0 0.0 25.0 0.0
3848.0020102761446 0.0 0.0 0.0 1.0 0.0 0.0 25.0 0.0
3849.0020102761446 0.0 0.0 0.0 1.0 0.0 0.0 25.0 0.0
3850.0020102761446 0.0 0.0 0.0 1.0 0.0 0.0 25.0 0.0
3851.0020102761446 0.0 0.0 0.0 1.0 0.0 0.0 25.0 0.0
3852.0020102761446 0.0 0.0 0.0 1.0 0.0 0.0 25.0 0.0
3853.0020102761446 0.0 0.0 0.0 1.0 0.0 0.0 25.0 0.0
3854.0020102761446 0.0 0.0 0.0 1.0 0.0 0.0 25.0 0.0
3855.0020102761446 0.0 0.0 0.0 1.0 0.0 0.0 25.0 0.0
3856.0020102761446 0.0 0.0 0.0 1.0 0.0 0.0 25.0 0.0
3857.0020102761446 0.0 0.0 0.0 1.0 0.0 0.0 25.0 0.0
3858.0017139529696 0.0 0.0 0.0 1.0 0.0 0.0 25.0 0.0
3859.0020102761446 0.0 0.0 0.0 1.0 0.0 0.0 25.0 0.0
3860.0020102761446 0.0 0.0 0.0 1.0 0.0 0.0 25.0 0.0
3861.0020102761446 0.0 0.0 0.0 1.0 0.0 0.0 25.0 0.0
3862.0020102761446 0.0 0.0 0.0 1.0 0.0 0.0 25.0 0.0
3863.001111409836 0.0 0.0 0.0 1.0 0.0 0.0 25.0 0.0
3864.0020102761446 0.0 0.0 0.0 1.0 0.0 0.0 25.0 0.0
3865.0020102761446 0.0 0.0 0.0 1.0 0.0 0.0 25.0 0.0
3866.0020102761446 0.0 0.0 0.0 1.0 0.0 0.0 25.0 0.0
3867.0020102761446 0.0 0.0 0.0 1.0 0.0 0.0 25.0 0.0
3868.0019755915273 0.0 0.0 0.0 1.0 0.0 0.0 25.0 0.0
3869.0020102761446 0.0 0.0 0.0 1.0 0.0 0.0 25.0 0.0
3870.0020102761446 0.0 0.0 0.0 1.0 0.0 0.0 25.0 0.0
3871.0020102761446 0.0 0.0 0.0 1.0 0.0 0.0 25.0 0.0
3872.0020102761446 0.0 0.0 0.0 1.0 0.0 0.0 25.0 0.0
3873.0020102761446 0.0 0.0 0.0 1.0 0.0 0.0 25.0 0.0
3874.0020102761446 0.0 0.0 0.0 1.0 0.0 0.0 25.0 0.0
3875.0020102761446 0.0 0.0 0.0 1.0 0.0 0.0 25.0 0.0
3876.000489866525 0.0 0.0 0.0 1.0 0.0 0.0 25.0 0.0
3877.0020102761446 0.0 0.0 0.0 1.0 0.0 0.0 25.0 0.0
3878.0020102761446 0.0 0.0 0.0 1.0 0.0 0.0 25.0 0.0
3879.0020102761446 0.0 0.0 0.0 1.0 0.0 0.0 25.0 0.0
3880.00088430034 0.0 0.0 0.0 1.0 0.0 0.0 25.0 0.0
3881.0020102761446 0.0 0.0 0.0 1.0 0.0 0.0 25.0 0.0
3882.0020102761446 0.0 0.0 0.0 1.0 0.0 0.0 25.0 0.0
3883.0020102761446 0.0 0.0 0.0 1.0 0.0 0.0 25.0 0.0
3884.0020102761446 0.0 0.0 0.0 1.0 0.0 0.0 25.0 0.0
3885.0020102761446 0.0 0.0 0.0 1.0 0.0 0.0 25.0 0.0
3886.0020102761446 0.0 0.0 0.0 1.0 0.0 0.0 25.0 0.0
3887.0004496227425 0.0 0.0 0.0 1.0 0.0 0.0 25.0 0.0
3888.0020102761446 0.0 0.0 0.0 1.0 0.0 0.0 25.0 0.0
3889.0020102761446 0.0 0.0 0.0 1.0 0.0 0.0 25.0 0.0
3890.0020102761446 0.0 0.0 0.0 1.0 0.0 0.0 25.0 0.0
3891.0020102761446 0.0 0.0 0.0 1.0 0.0 0.0 25.0 0.0
3892.0020102761446 0.0 0.0 0.0 1.0 0.0 0.0 25.0 0.0
3893.0020102761446 0.0 0.0 0.0 1.0 0.0 0.0 25.0 0.0
3894.0020102761446 0.0 0.0 0.0 1.0 0.0 0.0 25.0 0.0
3895.0020102761446 0.0 0.0 0.0 1.0 0.0 0.0 25.0 0.0
3896.0020102761446 0.0 0.0 0.0 1.0 0.0 0.0 25.0 0.0
3897.0020102761446 0.0 0.0 0.0 1.0 0.0 0.0 25.0 0.0
3898.0020102761446 0.0 0.0 0.0 1.0 0.0 0.0 25.0 0.0
3899.0020102761446 0.0 0.0 0.0 1.0 0.0 0.0 25.0 0.0
3900.0020102761446 0.0 0.0 0.0 1.0 0.0 0.0 25.0 0.0
3901.0014487358576 0.0 0.0 0.0 1.0 0.0 0.0 25.0 0.0
3902.0020102761446 0.0 0.0 0.0 1.0 0.0 0.0 25.0 0.0
3903.0001011715626 0.0 0.0 0.0 1.0 0.0 0.0 25.0 0.0
3904.0020102761446 0.0 0.0 0.0 1.0 0.0 0.0 25.0 0.0
3905.000341480279 0.0 0.0 0.0 1.0 0.0 0.0 25.0 0.0
3906.0015591660317 0.0 0.0 0.0 1.0 0.0 0.0 25.0 0.0
3907.000958158818 0.0 0.0 0.0 1.0 0.0 0.0 25.0 0.0
3908.0020102761446 0.0 0.0 0.0 1.0 0.0 0.0 25.0 0.0
3909.0020102761446 0.0 0.0 0.0 1.0 0.0 0.0 25.0 0.0
3910.0020102761446 0.0 0.0 0.0 1.0 0.0 0.0 25.0 0.0
3911.0020102761446 0.0 0.0 0.0 1.0 0.0 0.0 25.0 0.0
3912.0020102761446 0.0 0.0 0.0 1.0 0.0 0.0 25.0 0.0
3913.0020102761446 0.0 0.0 0.0 1.0 0.0 0.0 25.0 0.0
3914.0020102761446 0.0 0.0 0.0 1.0 0.0 0.0 25.0 0.0
3915.0020102761446 0.0 0.0 0.0 1.0 0.0 0.0 25.0 0.0
3916.0020102761446 0.0 0.0 0.0 1.0 0.0 0.0 25.0 0.0
3917.0020102761446 0.0 0.0 0.0 1.0 0.0 0.0 25.0 0.0
3918.0020102761446 0.0 0.0 0.0 1.0 0.0 0.0 25.0 0.0
3919.0020102761446 0.0 0.0 0.0 1.0 0.0 0.0 25.0 0.0
3920.0020102761446 0.0 0.0 0.0 1.0 0.0 0.0 25.0 0.0
3921.0020102761446 0.0 0.0 0.0 1.0 0.0 0.0 25.0 0.0
3922.0020102761446 0.0 0.0 0.0 1.0 0.0 0.0 25.0 0.0
3923.0020102761446 0.0 0.0 0.0 1.0 0.0 0.0 25.0 0.0
3924.0020102761446 0.0 0.0 0.0 1.0 0.0 0.0 25.0 0.0
3925.0020102761446 0.0 0.0 0.0 1.0 0.0 0.0 25.0 0.0
3926.0020102761446 0.0 0.0 0.0 1.0 0.0 0.0 25.0 0.0
3927.000058431705 0.0 0.0 0.0 1.0 0.0 0.0 25.0 0.0
3928.00155407014 0.0 0.0 0.0 1.0 0.0 0.0 25.0 0.0
3929.0020102761446 0.0 0.0 0.0 1.0 0.0 0.0 25.0 0.0
3930.000155017608 0.0 0.0 0.0 1.0 0.0 0.0 25.0 0.0
3931.0020102761446 0.0 0.0 0.0 1.0 0.0 0.0 25.0 0.0
3932.0020102761446 0.0 0.0 0.0 1.0 0.0 0.0 25.0 0.0
3933.0020102761446 0.0 0.0 0.0 1.0 0.0 0.0 25.0 0.0
3934.0020102761446 0.0 0.0 0.0 1.0 0.0 0.0 25.0 0.0
3935.0020102761446 0.0 0.0 0.0 1.0 0.0 0.0 25.0 0.0
3936.0010512068393 0.0 0.0 0.0 1.0 0.0 0.0 25.0 0.0
3937.0020102761446 0.0 0.0 0.0 1.0 0.0 0.0 25.0 0.0
3938.0020102761446 0.0 0.0 0.0 1.0 0.0 0.0 25.0 0.0
3939.0020102761446 0.0 0.0 0.0 1.0 0.0 0.0 25.0 0.0
3940.000126234725 0.0 0.0 0.0 1.0 0.0 0.0 25.0 0.0
3941.0020102761446 0.0 0.0 0.0 1.0 0.0 0.0 25.0 0.0
3942.0020102761446 0.0 0.0 0.0 1.0 0.0 0.0 25.0 0.0
3943.0020102761446 0.0 0.0 0.0 1.0 0.0 0.0 25.0 0.0
3944.0020102761446 0.0 0.0 0.0 1.0 0.0 0.0 25.0 0.0
3945.0020102761446 0.0 0.0 0.0 1.0 0.0 0.0 25.0 0.0
3946.0020102761446 0.0 0.0 0.0 1.0 0.0 0.0 25.0 0.0
3947.0020102761446 0.0 0.0 0.0 1.0 0.0 0.0 25.0 0.0
3948.0011513231925 0.0 0.0 0.0 1.0 0.0 0.0 25.0 0.0
3949.00102116958 0.0 0.0 0.0 1.0 0.0 0.0 25.0 0.0
3950.0020102761446 0.0 0.0 0.0 1.0 0.0 0.0 25.0 0.0
3951.0020102761446 0.0 0.0 0.0 1.0 0.0 0.0 25.0 0.0
3952.0020102761446 0.0 0.0 0.0 1.0 0.0 0.0 25.0 0.0
3953.0020102761446 0.0 0.0 0.0 1.0 0.0 0.0 25.0 0.0
3954.0020102761446 0.0 0.0 0.0 1.0 0.0 0.0 25.0 0.0
3955.0020102761446 0.0 0.0 0.0 1.0 0.0 0.0 25.0 0.0
3956.0020102761446 0.0 0.0 0.0 1.0 0.0 0.0 25.0 0.0
3957.0020102761446 0.0 0.0 0.0 1.0 0.0 0.0 25.0 0.0
3958.0020102761446 0.0 0.0 0.0 1.0 0.0 0.0 25.0 0.0
3959.0010403174056 0.0 0.0 0.0 1.0 0.0 0.0 25.0 0.0
3960.0020102761446 0.0 0.0 0.0 1.0 0.0 0.0 25.0 0.0
3961.0020102761446 0.0 0.0 0.0 1.0 0.0 0.0 25.0 0.0
3962.0020102761446 0.0 0.0 0.0 1.0 0.0 0.0 25.0 0.0
3963.0020102761446 0.0 0.0 0.0 1.0 0.0 0.0 25.0 0.0
3964.0020102761446 0.0 0.0 0.0 1.0 0.0 0.0 25.0 0.0
3965.0020102761446 0.0 0.0 0.0 1.0 0.0 0.0 25.0 0.0
3966.0020102761446 0.0 0.0 0.0 1.0 0.0 0.0 25.0 0.0
3967.0020102761446 0.0 0.0 0.0 1.0 0.0 0.0 25.0 0.0
3968.0020102761446 0.0 0.0 0.0 1.0 0.0 0.0 25.0 0.0
3969.0019510224947 0.0 0.0 0.0 1.0 0.0 0.0 25.0 0.0
3970.0020102761446 0.0 0.0 0.0 1.0 0.0 0.0 25.0 0.0
3971.0020102761446 0.0 0.0 0.0 1.0 0.0 0.0 25.0 0.0
3972.0020102761446 0.0 0.0 0.0 1.0 0.0 0.0 25.0 0.0
3973.0020102761446 0.0 0.0 0.0 1.0 0.0 0.0 25.0 0.0
3974.0020102761446 0.0 0.0 0.0 1.0 0.0 0.0 25.0 0.0
3975.0020102761446 0.0 0.0 0.0 1.0 0.0 0.0 25.0 0.0
3976.0020102761446 0.0 0.0 0.0 1.0 0.0 0.0 25.0 0.0
3977.0019517339197 0.0 0.0 0.0 1.0 0.0 0.0 25.0 0.0
3978.0020102761446 0.0 0.0 0.0 1.0 0.0 0.0 25.0 0.0
3979.001038937739 0.0 0.0 0.0 1.0 0.0 0.0 25.0 0.0
3980.0020102761446 0.0 0.0 0.0 1.0 0.0 0.0 25.0 0.0
3981.0020102761446 0.0 0.0 0.0 1.0 0.0 0.0 25.0 0.0
3982.0020102761446 0.0 0.0 0.0 1.0 0.0 0.0 25.0 0.0
3983.0020102761446 0.0 0.0 0.0 1.0 0.0 0.0 25.0 0.0
3984.0020102761446 0.0 0.0 0.0 1.0 0.0 0.0 25.0 0.0
3985.0020102761446 0.0 0.0 0.0 1.0 0.0 0.0 25.0 0.0
3986.0020102761446 0.0 0.0 0.0 1.0 0.0 0.0 25.0 0.0
3987.0020102761446 0.0 0.0 0.0 1.0 0.0 0.0 25.0 0.0
3988.0020102761446 0.0 0.0 0.0 1.0 0.0 0.0 25.0 0.0
3989.0020102761446 0.0 0.0 0.0 1.0 0.0 0.0 25.0 0.0
3990.0020102761446 0.0 0.0 0.0 1.0 0.0 0.0 25.0 0.0
3991.0020102761446 0.0 0.0 0.0 1.0 0.0 0.0 25.0 0.0
3992.0020102761446 0.0 0.0 0.0 1.0 0.0 0.0 25.0 0.0
3993.0020102761446 0.0 0.0 0.0 1.0 0.0 0.0 25.0 0.0
3994.0020102761446 0.0 0.0 0.0 1.0 0.0 0.0 25.0 0.0
3995.0020102761446 0.0 0.0 0.0 1.0 0.0 0.0 25.0 0.0
3996.0020102761446 0.0 0.0 0.0 1.0 0.0 0.0 25.0 0.0
3997.0020102761446 0.0 0.0 0.0 1.0 0.0 0.0 25.0 0.0
3998.0020102761446 0.0 0.0 0.0 1.0 0.0 0.0 25.0 0.0
3999.0020102761446 0.0 0.0 0.0 1.0 0.0 0.0 25.0 0.0
4000.0020102761446 0.0 0.0 0.0 1.0 0.0 0.0 25.0 0.0
4001.0020102761446 0.0 0.0 0.0 1.0 0.0 0.0 25.0 0.0
4002.0020102761446 0.0 0.0 0.0 1.0 0.0 0.0 25.0 0.0
4003.0020102761446 0.0 0.0 0.0 1.0 0.0 0.0 25.0 0.0
4004.0020102761446 0.0 0.0 0.0 1.0 0.0 0.0 25.0 0.0
4005.0020102761446 0.0 0.0 0.0 1.0 0.0 0.0 25.0 0.0
4006.0020102761446 0.0 0.0 0.0 1.0 0.0 0.0 25.0 0.0
4007.0020102761446 0.0 0.0 0.0 1.0 0.0 0.0 25.0 0.0
4008.0020102761446 0.0 0.0 0.0 1.0 0.0 0.0 25.0 0.0
4009.0020102761446 0.0 0.0 0.0 1.0 0.0 0.0 25.0 0.0
4010.0020102761446 0.0 0.0 0.0 1.0 0.0 0.0 25.0 0.0
4011.0020102761446 0.0 0.0 0.0 1.0 0.0 0.0 25.0 0.0
4012.0020102761446 0.0 0.0 0.0 1.0 0.0 0.0 25.0 0.0
4013.0020102761446 0.0 0.0 0.0 1.0 0.0 0.0 25.0 0.0
4014.0020102761446 0.0 0.0 0.0 1.0 0.0 0.0 25.0 0.0
4015.0020102761446 0.0 0.0 0.0 1.0 0.0 0.0 25.0 0.0
4016.0001613816726 0.0 0.0 0.0 1.0 0.0 0.0 25.0 0.0
4017.0017908505706 0.0 0.0 0.0 1.0 0.0 0.0 25.0 0.0
4018.0020102761446 0.0 0.0 0.0 1.0 0.0 0.0 25.0 0.0
4019.0020102761446 0.0 0.0 0.0 1.0 0.0 0.0 25.0 0.0
4020.0020102761446 0.0 0.0 0.0 1.0 0.0 0.0 25.0 0.0
4021.000287319669 0.0 0.0 0.0 1.0 0.0 0.0 25.0 0.0
4022.0020102761446 0.0 0.0 0.0 1.0 0.0 0.0 25.0 0.0
4023.0020102761446 0.0 0.0 0.0 1.0 0.0 0.0 25.0 0.0
4024.0020102761446 0.0 0.0 0.0 1.0 0.0 0.0 25.0 0.0
4025.0020102761446 0.0 0.0 0.0 1.0 0.0 0.0 25.0 0.0
4026.0020102761446 0.0 0.0 0.0 1.0 0.0 0.0 25.0 0.0
4027.0020102761446 0.0 0.0 0.0 1.0 0.0 0.0 25.0 0.0
4028.0020102761446 0.0 0.0 0.0 1.0 0.0 0.0 25.0 0.0
4029.0020102761446 0.0 0.0 0.0 1.0 0.0 0.0 25.0 0.0
4030.0020102761446 0.0 0.0 0.0 1.0 0.0 0.0 25.0 0.0
4031.0007521515117 0.0 0.0 0.0 1.0 0.0 0.0 25.0 0.0
4032.0020102761446 0.0 0.0 0.0 1.0 0.0 0.0 25.0 0.0
4033.0020102761446 0.0 0.0 0.0 1.0 0.0 0.0 25.0 0.0
4034.0020102761446 0.0 0.0 0.0 1.0 0.0 0.0 25.0 0.0
4035.0020102761446 0.0 0.0 0.0 1.0 0.0 0.0 25.0 0.0
4036.0020102761446 0.0 0.0 0.0 1.0 0.0 0.0 25.0 0.0
4037.0020102761446 0.0 0.0 0.0 1.0 0.0 0.0 25.0 0.0
4038.0020102761446 0.0 0.0 0.0 1.0 0.0 0.0 25.0 0.0
4039.0020102761446 0.0 0.0 0.0 1.0 0.0 0.0 25.0 0.0
4040.0020102761446 0.0 0.0 0.0 1.0 0.0 0.0 25.0 0.0
4041.0020102761446 0.0 0.0 0.0 1.0 0.0 0.0 25.0 0.0
4042.0007576162225 0.0 0.0 0.0 1.0 0.0 0.0 25.0 0.0
4043.0020102761446 0.0 0.0 0.0 1.0 0.0 0.0 25.0 0.0
4044.0020102761446 0.0 0.0 0.0 1.0 0.0 0.0 25.0 0.0
4045.0020102761446 0.0 0.0 0.0 1.0 0.0 0.0 25.0 0.0
4046.0020102761446 0.0 0.0 0.0 1.0 0.0 0.0 25.0 0.0
4047.0013010863267 0.0 0.0 0.0 1.0 0.0 0.0 25.0 0.0
4048.0020102761446 0.0 0.0 0.0 1.0 0.0 0.0 25.0 0.0
4049.0020102761446 0.0 0.0 0.0 1.0 0.0 0.0 25.0 0.0
4050.0020102761446 0.0 0.0 0.0 1.0 0.0 0.0 25.0 0.0
4051.0020102761446 0.0 0.0 0.0 1.0 0.0 0.0 25.0 0.0
4052.0020102761446 0.0 0.0 0.0 1.0 0.0 0.0 25.0 0.0
4053.0020102761446 0.0 0.0 0.0 1.0 0.0 0.0 25.0 0.0
4054.0020102761446 0.0 0.0 0.0 1.0 0.0 0.0 25.0 0.0
4055.0020102761446 0.0 0.0 0.0 1.0 0.0 0.0 25.0 0.0
4056.0017723549877 0.0 0.0 0.0 1.0 0.0 0.0 25.0 0.0
4057.0020102761446 0.0 0.0 0.0 1.0 0.0 0.0 25.0 0.0
4058.0020102761446 0.0 0.0 0.0 1.0 0.0 0.0 25.0 0.0
4059.0020102761446 0.0 0.0 0.0 1.0 0.0 0.0 25.0 0.0
4060.0004225159914 0.0 0.0 0.0 1.0 0.0 0.0 25.0 0.0
4061.0020102761446 0.0 0.0 0.0 1.0 0.0 0.0 25.0 0.0
4062.0020102761446 0.0 0.0 0.0 1.0 0.0 0.0 25.0 0.0
4063.0020102761446 0.0 0.0 0.0 1.0 0.0 0.0 25.0 0.0
4064.0020102761446 0.0 0.0 0.0 1.0 0.0 0.0 25.0 0.0
4065.0020102761446 0.0 0.0 0.0 1.0 0.0 0.0 25.0 0.0
4066.0020102761446 0.0 0.0 0.0 1.0 0.0 0.0 25.0 0.0
4067.0020102761446 0.0 0.0 0.0 1.0 0.0 0.0 25.0 0.0
4068.0020102761446 0.0 0.0 0.0 1.0 0.0 0.0 25.0 0.0
4069.0020102761446 0.0 0.0 0.0 1.0 0.0 0.0 25.0 0.0
4070.0020102761446 0.0 0.0 0.0 1.0 0.0 0.0 25.0 0.0
4071.0020102761446 0.0 0.0 0.0 1.0 0.0 0.0 25.0 0.0
4072.001317094688 0.0 0.0 0.0 1.0 0.0 0.0 25.0 0.0
4073.0020102761446 0.0 0.0 0.0 1.0 0.0 0.0 25.0 0.0
4074.0020102761446 0.0 0.0 0.0 1.0 0.0 0.0 25.0 0.0
4075.0020102761446 0.0 0.0 0.0 1.0 0.0 0.0 25.0 0.0
4076.0020102761446 0.0 0.0 0.0 1.0 0.0 0.0 25.0 0.0
4077.0020102761446 0.0 0.0 0.0 1.0 0.0 0.0 25.0 0.0
4078.0020102761446 0.0 0.0 0.0 1.0 0.0 0.0 25.0 0.0
4079.0020102761446 0.0 0.0 0.0 1.0 0.0 0.0 25.0 0.0
4080.0020102761446 0.0 0.0 0.0 1.0 0.0 0.0 25.0 0.0
4081.0020102761446 0.0 0.0 0.0 1.0 0.0 0.0 25.0 0.0
4082.0020102761446 0.0 0.0 0.0 1.0 0.0 0.0 25.0 0.0
4083.0020102761446 0.0 0.0 0.0 1.0 0.0 0.0 25.0 0.0
4084.0020102761446 0.0 0.0 0.0 1.0 0.0 0.0 25.0 0.0
4085.0020102761446 0.0 0.0 0.0 1.0 0.0 0.0 25.0 0.0
4086.0020102761446 0.0 0.0 0.0 1.0 0.0 0.0 25.0 0.0
4087.0020102761446 0.0 0.0 0.0 1.0 0.0 0.0 25.0 0.0
4088.0020102761446 0.0 0.0 0.0 1.0 0.0 0.0 25.0 0.0
4089.0020102761446 0.0 0.0 0.0 1.0 0.0 0.0 25.0 0.0
4090.0020102761446 0.0 0.0 0.0 1.0 0.0 0.0 25.0 0.0
4091.0020102761446 0.0 0.0 0.0 1.0 0.0 0.0 25.0 0.0
4092.0020102761446 0.0 0.0 0.0 1.0 0.0 0.0 25.0 0.0
4093.0020102761446 0.0 0.0 0.0 1.0 0.0 0.0 25.0 0.0
4094.0020102761446 0.0 0.0 0.0 1.0 0.0 0.0 25.0 0.0
4095.0020102761446 0.0 0.0 0.0 1.0 0.0 0.0 25.0 0.0
4096.002010276145 0.0 0.0 0.0 1.0 0.0 0.0 25.0 0.0
4097.002010276145 0.0 0.0 0.0 1.0 0.0 0.0 25.0 0.0
4098.002010276145 0.0 0.0 0.0 1.0 0.0 0.0 25.0 0.0
4099.002010276145 0.0 0.0 0.0 1.0 0.0 0.0 25.0 0.0
4100.002010276145 0.0 0.0 0.0 1.0 0.0 0.0 25.0 0.0
4101.002010276145 0.0 0.0 0.0 1.0 0.0 0.0 25.0 0.0
4102.002010276145 0.0 0.0 0.0 1.0 0.0 0.0 25.0 0.0
4103.002010276145 0.0 0.0 0.0 1.0 0.0 0.0 25.0 0.0
4104.002010276145 0.0 0.0 0.0 1.0 0.0 0.0 25.0 0.0
4105.002010276145 0.0 0.0 0.0 1.0 0.0 0.0 25.0 0.0
4106.002010276145 0.0 0.0 0.0 1.0 0.0 0.0 25.0 0.0
4107.000989902812 0.0 0.0 0.0 1.0 0.0 0.0 25.0 0.0
4108.002010276145 0.0 0.0 0.0 1.0 0.0 0.0 25.0 0.0
4109.001566755667 0.0 0.0 0.0 1.0 0.0 0.0 25.0 0.0
4110.002010276145 0.0 0.0 0.0 1.0 0.0 0.0 25.0 0.0
4111.002010276145 0.0 0.0 0.0 1.0 0.0 0.0 25.0 0.0
4112.000144629491 0.0 0.0 0.0 1.0 0.0 0.0 25.0 0.0
4113.002010276145 0.0 0.0 0.0 1.0 0.0 0.0 25.0 0.0
4114.002010276145 0.0 0.0 0.0 1.0 0.0 0.0 25.0 0.0
4115.002010276145 0.0 0.0 0.0 1.0 0.0 0.0 25.0 0.0
4116.002010276145 0.0 0.0 0.0 1.0 0.0 0.0 25.0 0.0
4117.002010276145 0.0 0.0 0.0 1.0 0.0 0.0 25.0 0.0
4118.002010276145 0.0 0.0 0.0 1.0 0.0 0.0 25.0 0.0
4119.002010276145 0.0 0.0 0.0 1.0 0.0 0.0 25.0 0.0
4120.002010276145 0.0 0.0 0.0 1.0 0.0 0.0 25.0 0.0
4121.002010276145 0.0 0.0 0.0 1.0 0.0 0.0 25.0 0.0
4122.002010276145 0.0 0.0 0.0 1.0 0.0 0.0 25.0 0.0
4123.000207031292 0.0 0.0 0.0 1.0 0.0 0.0 25.0 0.0
4124.002010276145 0.0 0.0 0.0 1.0 0.0 0.0 25.0 0.0
4125.002010276145 0.0 0.0 0.0 1.0 0.0 0.0 25.0 0.0
4126.002010276145 0.0 0.0 0.0 1.0 0.0 0.0 25.0 0.0
4127.002010276145 0.0 0.0 0.0 1.0 0.0 0.0 25.0 0.0
4128.002010276145 0.0 0.0 0.0 1.0 0.0 0.0 25.0 0.0
4129.002010276145 0.0 0.0 0.0 1.0 0.0 0.0 25.0 0.0
4130.001864530396 0.0 0.0 0.0 1.0 0.0 0.0 25.0 0.0
4131.002010276145 0.0 0.0 0.0 1.0 0.0 0.0 25.0 0.0
4132.000070112414 0.0 0.0 0.0 1.0 0.0 0.0 25.0 0.0
4133.002010276145 0.0 0.0 0.0 1.0 0.0 0.0 25.0 0.0
4134.002010276145 0.0 0.0 0.0 1.0 0.0 0.0 25.0 0.0
4135.000683098905 0.0 0.0 0.0 1.0 0.0 0.0 25.0 0.0
4136.002010276145 0.0 0.0 0.0 1.0 0.0 0.0 25.0 0.0
4137.002010276145 0.0 0.0 0.0 1.0 0.0 0.0 25.0 0.0
4138.002010276145 0.0 0.0 0.0 1.0 0.0 0.0 25.0 0.0
4139.002010276145 0.0 0.0 0.0 1.0 0.0 0.0 25.0 0.0
4140.002010276145 0.0 0.0 0.0 1.0 0.0 0.0 25.0 0.0
4141.002010276145 0.0 0.0 0.0 1.0 0.0 0.0 25.0 0.0
4142.0011020577285 0.0 0.0 0.0 1.0 0.0 0.0 25.0 0.0
4143.002010276145 0.0 0.0 0.0 1.0 0.0 0.0 25.0 0.0
4144.002010276145 0.0 0.0 0.0 1.0 0.0 0.0 25.0 0.0
4145.002010276145 0.0 0.0 0.0 1.0 0.0 0.0 25.0 0.0
4146.000978719884 0.0 0.0 0.0 1.0 0.0 0.0 25.0 0.0
4147.000428298312 0.0 0.0 0.0 1.0 0.0 0.0 25.0 0.0
4148.002010276145 0.0 0.0 0.0 1.0 0.0 0.0 25.0 0.0
4149.002010276145 0.0 0.0 0.0 1.0 0.0 0.0 25.0 0.0
4150.002010276145 0.0 0.0 0.0 1.0 0.0 0.0 25.0 0.0
4151.001972852921 0.0 0.0 0.0 1.0 0.0 0.0 25.0 0.0
4152.002010276145 0.0 0.0 0.0 1.0 0.0 0.0 25.0 0.0
4153.002010276145 0.0 0.0 0.0 1.0 0.0 0.0 25.0 0.0
4154.002010276145 0.0 0.0 0.0 1.0 0.0 0.0 25.0 0.0
4155.002010276145 0.0 0.0 0.0 1.0 0.0 0.0 25.0 0.0
4156.002010276145 0.0 0.0 0.0 1.0 0.0 0.0 25.0 0.0
4157.002010276145 0.0 0.0 0.0 1.0 0.0 0.0 25.0 0.0
4158.002010276145 0.0 0.0 0.0 1.0 0.0 0.0 25.0 0.0
4159.000393321424 0.0 0.0 0.0 1.0 0.0 0.0 25.0 0.0
4160.001561192282 0.0 0.0 0.0 1.0 0.0 0.0 25.0 0.0
4161.002010276145 0.0 0.0 0.0 1.0 0.0 0.0 25.0 0.0
4162.002010276145 0.0 0.0 0.0 1.0 0.0 0.0 25.0 0.0
4163.002010276145 0.0 0.0 0.0 1.0 0.0 0.0 25.0 0.0
4164.002010276145 0.0 0.0 0.0 1.0 0.0 0.0 25.0 0.0
4165.002010276145 0.0 0.0 0.0 1.0 0.0 0.0 25.0 0.0
4166.002010276145 0.0 0.0 0.0 1.0 0.0 0.0 25.0 0.0
4167.002010276145 0.0 0.0 0.0 1.0 0.0 0.0 25.0 0.0
4168.00176502699 0.0 0.0 0.0 1.0 0.0 0.0 25.0 0.0
4169.002010276145 0.0 0.0 0.0 1.0 0.0 0.0 25.0 0.0
4170.002010276145 0.0 0.0 0.0 1.0 0.0 0.0 25.0 0.0
4171.002010276145 0.0 0.0 0.0 1.0 0.0 0.0 25.0 0.0
4172.002010276145 0.0 0.0 0.0 1.0 0.0 0.0 25.0 0.0
4173.002010276145 0.0 0.0 0.0 1.0 0.0 0.0 25.0 0.0
4174.002010276145 0.0 0.0 0.0 1.0 0.0 0.0 25.0 0.0
4175.000042330171 0.0 0.0 0.0 1.0 0.0 0.0 25.0 0.0
4176.002010276145 0.0 0.0 0.0 1.0 0.0 0.0 25.0 0.0
4177.002010276145 0.0 0.0 0.0 1.0 0.0 0.0 25.0 0.0
4178.002010276145 0.0 0.0 0.0 1.0 0.0 0.0 25.0 0.0
4179.001978551624 0.0 0.0 0.0 1.0 0.0 0.0 25.0 0.0
4180.002010276145 0.0 0.0 0.0 1.0 0.0 0.0 25.0 0.0
4181.002010276145 0.0 0.0 0.0 1.0 0.0 0.0 25.0 0.0
4182.002010276145 0.0 0.0 0.0 1.0 0.0 0.0 25.0 0.0
4183.002010276145 0.0 0.0 0.0 1.0 0.0 0.0 25.0 0.0
4184.000752138296 0.0 0.0 0.0 1.0 0.0 0.0 25.0 0.0
4185.001156669274 0.0 0.0 0.0 1.0 0.0 0.0 25.0 0.0
4186.002010276145 0.0 0.0 0.0 1.0 0.0 0.0 25.0 0.0
4187.002010276145 0.0 0.0 0.0 1.0 0.0 0.0 25.0 0.0
4188.002010276145 0.0 0.0 0.0 1.0 0.0 0.0 25.0 0.0
4189.002010276145 0.0 0.0 0.0 1.0 0.0 0.0 25.0 0.0
4190.002010276145 0.0 0.0 0.0 1.0 0.0 0.0 25.0 0.0
4191.002010276145 0.0 0.0 0.0 1.0 0.0 0.0 25.0 0.0
4192.002010276145 0.0 0.0 0.0 1.0 0.0 0.0 25.0 0.0
4193.000089146248 0.0 0.0 0.0 1.0 0.0 0.0 25.0 0.0
4194.002010276145 0.0 0.0 0.0 1.0 0.0 0.0 25.0 0.0
4195.002010276145 0.0 0.0 0.0 1.0 0.0 0.0 25.0 0.0
4196.002010276145 0.0 0.0 0.0 1.0 0.0 0.0 25.0 0.0
4197.002010276145 0.0 0.0 0.0 1.0 0.0 0.0 25.0 0.0
4198.002010276145 0.0 0.0 0.0 1.0 0.0 0.0 25.0 0.0
4199.002010276145 0.0 0.0 0.0 1.0 0.0 0.0 25.0 0.0
4200.002010276145 0.0 0.0 0.0 1.0 0.0 0.0 25.0 0.0
4201.002010276145 0.0 0.0 0.0 1.0 0.0 0.0 25.0 0.0
4202.002010276145 0.0 0.0 0.0 1.0 0.0 0.0 25.0 0.0
4203.001196604819 0.0 0.0 0.0 1.0 0.0 0.0 25.0 0.0
4204.002010276145 0.0 0.0 0.0 1.0 0.0 0.0 25.0 0.0
4205.000776580896 0.0 0.0 0.0 1.0 0.0 0.0 25.0 0.0
4206.002010276145 0.0 0.0 0.0 1.0 0.0 0.0 25.0 0.0
4207.002010276145 0.0 0.0 0.0 1.0 0.0 0.0 25.0 0.0
4208.002010276145 0.0 0.0 0.0 1.0 0.0 0.0 25.0 0.0
4209.002010276145 0.0 0.0 0.0 1.0 0.0 0.0 25.0 0.0
4210.002010276145 0.0 0.0 0.0 1.0 0.0 0.0 25.0 0.0
4211.000788400092 0.0 0.0 0.0 1.0 0.0 0.0 25.0 0.0
4212.002010276145 0.0 0.0 0.0 1.0 0.0 0.0 25.0 0.0
4213.002010276145 0.0 0.0 0.0 1.0 0.0 0.0 25.0 0.0
4214.002010276145 0.0 0.0 0.0 1.0 0.0 0.0 25.0 0.0
4215.002010276145 0.0 0.0 0.0 1.0 0.0 0.0 25.0 0.0
4216.002010276145 0.0 0.0 0.0 1.0 0.0 0.0 25.0 0.0
4217.002010276145 0.0 0.0 0.0 1.0 0.0 0.0 25.0 0.0
4218.002010276145 0.0 0.0 0.0 1.0 0.0 0.0 25.0 0.0
4219.002010276145 0.0 0.0 0.0 1.0 0.0 0.0 25.0 0.0
4220.002010276145 0.0 0.0 0.0 1.0 0.0 0.0 25.0 0.0
4221.002010276145 0.0 0.0 0.0 1.0 0.0 0.0 25.0 0.0
4222.002010276145 0.0 0.0 0.0 1.0 0.0 0.0 25.0 0.0
4223.002010276145 0.0 0.0 0.0 1.0 0.0 0.0 25.0 0.0
4224.002010276145 0.0 0.0 0.0 1.0 0.0 0.0 25.0 0.0
4225.002010276145 0.0 0.0 0.0 1.0 0.0 0.0 25.0 0.0
4226.002010276145 0.0 0.0 0.0 1.0 0.0 0.0 25.0 0.0
4227.000136488118 0.0 0.0 0.0 1.0 0.0 0.0 25.0 0.0
4228.002010276145 0.0 0.0 0.0 1.0 0.0 0.0 25.0 0.0
4229.002010276145 0.0 0.0 0.0 1.0 0.0 0.0 25.0 0.0
4230.002010276145 0.0 0.0 0.0 1.0 0.0 0.0 25.0 0.0
4231.002010276145 0.0 0.0 0.0 1.0 0.0 0.0 25.0 0.0
4232.002010276145 0.0 0.0 0.0 1.0 0.0 0.0 25.0 0.0
4233.002010276145 0.0 0.0 0.0 1.0 0.0 0.0 25.0 0.0
4234.002010276145 0.0 0.0 0.0 1.0 0.0 0.0 25.0 0.0
4235.002010276145 0.0 0.0 0.0 1.0 0.0 0.0 25.0 0.0
4236.00059638073 0.0 0.0 0.0 1.0 0.0 0.0 25.0 0.0
4237.002010276145 0.0 0.0 0.0 1.0 0.0 0.0 25.0 0.0
4238.002010276145 0.0 0.0 0.0 1.0 0.0 0.0 25.0 0.0
4239.002010276145 0.0 0.0 0.0 1.0 0.0 0.0 25.0 0.0
4240.002010276145 0.0 0.0 0.0 1.0 0.0 0.0 25.0 0.0
4241.002010276145 0.0 0.0 0.0 1.0 0.0 0.0 25.0 0.0
4242.002010276145 0.0 0.0 0.0 1.0 0.0 0.0 25.0 0.0
4243.001323286781 0.0 0.0 0.0 1.0 0.0 0.0 25.0 0.0
4244.000622579238 0.0 0.0 0.0 1.0 0.0 0.0 25.0 0.0
4245.002010276145 0.0 0.0 0.0 1.0 0.0 0.0 25.0 0.0
4246.002010276145 0.0 0.0 0.0 1.0 0.0 0.0 25.0 0.0
4247.002010276145 0.0 0.0 0.0 1.0 0.0 0.0 25.0 0.0
4248.002010276145 0.0 0.0 0.0 1.0 0.0 0.0 25.0 0.0
4249.002010276145 0.0 0.0 0.0 1.0 0.0 0.0 25.0 0.0
4250.002010276145 0.0 0.0 0.0 1.0 0.0 0.0 25.0 0.0
4251.002010276145 0.0 0.0 0.0 1.0 0.0 0.0 25.0 0.0
4252.002010276145 0.0 0.0 0.0 1.0 0.0 0.0 25.0 0.0
4253.002010276145 0.0 0.0 0.0 1.0 0.0 0.0 25.0 0.0
4254.002010276145 0.0 0.0 0.0 1.0 0.0 0.0 25.0 0.0
4255.002010276145 0.0 0.0 0.0 1.0 0.0 0.0 25.0 0.0
4256.002010276145 0.0 0.0 0.0 1.0 0.0 0.0 25.0 0.0
4257.002010276145 0.0 0.0 0.0 1.0 0.0 0.0 25.0 0.0
4258.002010276145 0.0 0.0 0.0 1.0 0.0 0.0 25.0 0.0
4259.002010276145 0.0 0.0 0.0 1.0 0.0 0.0 25.0 0.0
4260.002010276145 0.0 0.0 0.0 1.0 0.0 0.0 25.0 0.0
4261.002010276145 0.0 0.0 0.0 1.0 0.0 0.0 25.0 0.0
4262.002010276145 0.0 0.0 0.0 1.0 0.0 0.0 25.0 0.0
4263.002010276145 0.0 0.0 0.0 1.0 0.0 0.0 25.0 0.0
4264.002010276145 0.0 0.0 0.0 1.0 0.0 0.0 25.0 0.0
4265.002010276145 0.0 0.0 0.0 1.0 0.0 0.0 25.0 0.0
4266.002010276145 0.0 0.0 0.0 1.0 0.0 0.0 25.0 0.0
4267.002010276145 0.0 0.0 0.0 1.0 0.0 0.0 25.0 0.0
4268.002010276145 0.0 0.0 0.0 1.0 0.0 0.0 25.0 0.0
4269.002010276145 0.0 0.0 0.0 1.0 0.0 0.0 25.0 0.0
4270.002010276145 0.0 0.0 0.0 1.0 0.0 0.0 25.0 0.0
4271.002010276145 0.0 0.0 0.0 1.0 0.0 0.0 25.0 0.0
4272.002010276145 0.0 0.0 0.0 1.0 0.0 0.0 25.0 0.0
4273.002010276145 0.0 0.0 0.0 1.0 0.0 0.0 25.0 0.0
4274.002010276145 0.0 0.0 0.0 1.0 0.0 0.0 25.0 0.0
4275.002010276145 0.0 0.0 0.0 1.0 0.0 0.0 25.0 0.0
4276.002010276145 0.0 0.0 0.0 1.0 0.0 0.0 25.0 0.0
4277.002010276145 0.0 0.0 0.0 1.0 0.0 0.0 25.0 0.0
4278.002010276145 0.0 0.0 0.0 1.0 0.0 0.0 25.0 0.0
4279.001415432667 0.0 0.0 0.0 1.0 0.0 0.0 25.0 0.0
4280.002010276145 0.0 0.0 0.0 1.0 0.0 0.0 25.0 0.0
4281.002010276145 0.0 0.0 0.0 1.0 0.0 0.0 25.0 0.0
4282.000272018192 0.0 0.0 0.0 1.0 0.0 0.0 25.0 0.0
4283.002010276145 0.0 0.0 0.0 1.0 0.0 0.0 25.0 0.0
4284.002010276145 0.0 0.0 0.0 1.0 0.0 0.0 25.0 0.0
4285.002010276145 0.0 0.0 0.0 1.0 0.0 0.0 25.0 0.0
4286.001538246277 0.0 0.0 0.0 1.0 0.0 0.0 25.0 0.0
4287.002010276145 0.0 0.0 0.0 1.0 0.0 0.0 25.0 0.0
4288.002010276145 0.0 0.0 0.0 1.0 0.0 0.0 25.0 0.0
4289.002010276145 0.0 0.0 0.0 1.0 0.0 0.0 25.0 0.0
4290.002010276145 0.0 0.0 0.0 1.0 0.0 0.0 25.0 0.0
4291.002010276145 0.0 0.0 0.0 1.0 0.0 0.0 25.0 0.0
4292.002010276145 0.0 0.0 0.0 1.0 0.0 0.0 25.0 0.0
4293.002010276145 0.0 0.0 0.0 1.0 0.0 0.0 25.0 0.0
4294.002010276145 0.0 0.0 0.0 1.0 0.0 0.0 25.0 0.0
4295.002010276145 0.0 0.0 0.0 1.0 0.0 0.0 25.0 0.0
4296.002010276145 0.0 0.0 0.0 1.0 0.0 0.0 25.0 0.0
4297.002010276145 0.0 0.0 0.0 1.0 0.0 0.0 25.0 0.0
4298.002010276145 0.0 0.0 0.0 1.0 0.0 0.0 25.0 0.0
4299.002010276145 0.0 0.0 0.0 1.0 0.0 0.0 25.0 0.0
4300.001073662669 0.0 0.0 0.0 1.0 0.0 0.0 25.0 0.0
4301.002010276145 0.0 0.0 0.0 1.0 0.0 0.0 25.0 0.0
4302.002010276145 0.0 0.0 0.0 1.0 0.0 0.0 25.0 0.0
4303.002010276145 0.0 0.0 0.0 1.0 0.0 0.0 25.0 0.0
4304.002010276145 0.0 0.0 0.0 1.0 0.0 0.0 25.0 0.0
4305.002010276145 0.0 0.0 0.0 1.0 0.0 0.0 25.0 0.0
4306.002010276145 0.0 0.0 0.0 1.0 0.0 0.0 25.0 0.0
4307.002010276145 0.0 0.0 0.0 1.0 0.0 0.0 25.0 0.0
4308.002010276145 0.0 0.0 0.0 1.0 0.0 0.0 25.0 0.0
4309.002010276145 0.0 0.0 0.0 1.0 0.0 0.0 25.0 0.0
4310.002010276145 0.0 0.0 0.0 1.0 0.0 0.0 25.0 0.0
4311.002010276145 0.0 0.0 0.0 1.0 0.0 0.0 25.0 0.0
4312.002010276145 0.0 0.0 0.0 1.0 0.0 0.0 25.0 0.0
4313.002010276145 0.0 0.0 0.0 1.0 0.0 0.0 25.0 0.0
4314.000122076273 0.0 0.0 0.0 1.0 0.0 0.0 25.0 0.0
4315.002010276145 0.0 0.0 0.0 1.0 0.0 0.0 25.0 0.0
4316.002010276145 0.0 0.0 0.0 1.0 0.0 0.0 25.0 0.0
4317.002010276145 0.0 0.0 0.0 1.0 0.0 0.0 25.0 0.0
4318.002010276145 0.0 0.0 0.0 1.0 0.0 0.0 25.0 0.0
4319.002010276145 0.0 0.0 0.0 1.0 0.0 0.0 25.0 0.0
4320.002010276145 0.0 0.0 0.0 1.0 0.0 0.0 25.0 0.0
4321.002010276145 0.0 0.0 0.0 1.0 0.0 0.0 25.0 0.0
4322.002010276145 0.0 0.0 0.0 1.0 0.0 0.0 25.0 0.0
4323.000975526201 0.0 0.0 0.0 1.0 0.0 0.0 25.0 0.0
4324.002010276145 0.0 0.0 0.0 1.0 0.0 0.0 25.0 0.0
4325.002010276145 0.0 0.0 0.0 1.0 0.0 0.0 25.0 0.0
4326.002010276145 0.0 0.0 0.0 1.0 0.0 0.0 25.0 0.0
4327.002010276145 0.0 0.0 0.0 1.0 0.0 0.0 25.0 0.0
4328.002010276145 0.0 0.0 0.0 1.0 0.0 0.0 25.0 0.0
4329.000503258347 0.0 0.0 0.0 1.0 0.0 0.0 25.0 0.0
4330.002010276145 0.0 0.0 0.0 1.0 0.0 0.0 25.0 0.0
4331.0002458360905 0.0 0.0 0.0 1.0 0.0 0.0 25.0 0.0
4332.002010276145 0.0 0.0 0.0 1.0 0.0 0.0 25.0 0.0
4333.002010276145 0.0 0.0 0.0 1.0 0.0 0.0 25.0 0.0
4334.002010276145 0.0 0.0 0.0 1.0 0.0 0.0 25.0 0.0
4335.001544558628 0.0 0.0 0.0 1.0 0.0 0.0 25.0 0.0
4336.002010276145 0.0 0.0 0.0 1.0 0.0 0.0 25.0 0.0
4337.002010276145 0.0 0.0 0.0 1.0 0.0 0.0 25.0 0.0
4338.002010276145 0.0 0.0 0.0 1.0 0.0 0.0 25.0 0.0
4339.002010276145 0.0 0.0 0.0 1.0 0.0 0.0 25.0 0.0
4340.002010276145 0.0 0.0 0.0 1.0 0.0 0.0 25.0 0.0
4341.000809630213 0.0 0.0 0.0 1.0 0.0 0.0 25.0 0.0
4342.002010276145 0.0 0.0 0.0 1.0 0.0 0.0 25.0 0.0
4343.002010276145 0.0 0.0 0.0 1.0 0.0 0.0 25.0 0.0
4344.002010276145 0.0 0.0 0.0 1.0 0.0 0.0 25.0 0.0
4345.002010276145 0.0 0.0 0.0 1.0 0.0 0.0 25.0 0.0
4346.002010276145 0.0 0.0 0.0 1.0 0.0 0.0 25.0 0.0
4347.002010276145 0.0 0.0 0.0 1.0 0.0 0.0 25.0 0.0
4348.002010276145 0.0 0.0 0.0 1.0 0.0 0.0 25.0 0.0
4349.002010276145 0.0 0.0 0.0 1.0 0.0 0.0 25.0 0.0
4350.002010276145 0.0 0.0 0.0 1.0 0.0 0.0 25.0 0.0
4351.002010276145 0.0 0.0 0.0 1.0 0.0 0.0 25.0 0.0
4352.002010276145 0.0 0.0 0.0 1.0 0.0 0.0 25.0 0.0
4353.002010276145 0.0 0.0 0.0 1.0 0.0 0.0 25.0 0.0
4354.002010276145 0.0 0.0 0.0 1.0 0.0 0.0 25.0 0.0
4355.002010276145 0.0 0.0 0.0 1.0 0.0 0.0 25.0 0.0
4356.002010276145 0.0 0.0 0.0 1.0 0.0 0.0 25.0 0.0
4357.002010276145 0.0 0.0 0.0 1.0 0.0 0.0 25.0 0.0
4358.002010276145 0.0 0.0 0.0 1.0 0.0 0.0 25.0 0.0
4359.00054384093 0.0 0.0 0.0 1.0 0.0 0.0 25.0 0.0
4360.002010276145 0.0 0.0 0.0 1.0 0.0 0.0 25.0 0.0
4361.002010276145 0.0 0.0 0.0 1.0 0.0 0.0 25.0 0.0
4362.002010276145 0.0 0.0 0.0 1.0 0.0 0.0 25.0 0.0
4363.002010276145 0.0 0.0 0.0 1.0 0.0 0.0 25.0 0.0
4364.002010276145 0.0 0.0 0.0 1.0 0.0 0.0 25.0 0.0
4365.002010276145 0.0 0.0 0.0 1.0 0.0 0.0 25.0 0.0
4366.001552490723 0.0 0.0 0.0 1.0 0.0 0.0 25.0 0.0
4367.002010276145 0.0 0.0 0.0 1.0 0.0 0.0 25.0 0.0
4368.002010276145 0.0 0.0 0.0 1.0 0.0 0.0 25.0 0.0
4369.002010276145 0.0 0.0 0.0 1.0 0.0 0.0 25.0 0.0
4370.0018348648355 0.0 0.0 0.0 1.0 0.0 0.0 25.0 0.0
4371.002010276145 0.0 0.0 0.0 1.0 0.0 0.0 25.0 0.0
4372.000117294262 0.0 0.0 0.0 1.0 0.0 0.0 25.0 0.0
4373.001656772174 0.0 0.0 0.0 1.0 0.0 0.0 25.0 0.0
4374.002010276145 0.0 0.0 0.0 1.0 0.0 0.0 25.0 0.0
4375.002010276145 0.0 0.0 0.0 1.0 0.0 0.0 25.0 0.0
4376.002010276145 0.0 0.0 0.0 1.0 0.0 0.0 25.0 0.0
4377.001999499583 0.0 0.0 0.0 1.0 0.0 0.0 25.0 0.0
4378.000865381817 0.0 0.0 0.0 1.0 0.0 0.0 25.0 0.0
4379.002010276145 0.0 0.0 0.0 1.0 0.0 0.0 25.0 0.0
4380.002010276145 0.0 0.0 0.0 1.0 0.0 0.0 25.0 0.0
4381.002010276145 0.0 0.0 0.0 1.0 0.0 0.0 25.0 0.0
4382.002010276145 0.0 0.0 0.0 1.0 0.0 0.0 25.0 0.0
4383.002010276145 0.0 0.0 0.0 1.0 0.0 0.0 25.0 0.0
4384.002010276145 0.0 0.0 0.0 1.0 0.0 0.0 25.0 0.0
4385.002010276145 0.0 0.0 0.0 1.0 0.0 0.0 25.0 0.0
4386.002010276145 0.0 0.0 0.0 1.0 0.0 0.0 25.0 0.0
4387.002010276145 0.0 0.0 0.0 1.0 0.0 0.0 25.0 0.0
4388.002010276145 0.0 0.0 0.0 1.0 0.0 0.0 25.0 0.0
4389.002010276145 0.0 0.0 0.0 1.0 0.0 0.0 25.0 0.0
4390.002010276145 0.0 0.0 0.0 1.0 0.0 0.0 25.0 0.0
4391.002010276145 0.0 0.0 0.0 1.0 0.0 0.0 25.0 0.0
4392.002010276145 0.0 0.0 0.0 1.0 0.0 0.0 25.0 0.0
4393.002010276145 0.0 0.0 0.0 1.0 0.0 0.0 25.0 0.0
4394.002010276145 0.0 0.0 0.0 1.0 0.0 0.0 25.0 0.0
4395.002010276145 0.0 0.0 0.0 1.0 0.0 0.0 25.0 0.0
4396.002010276145 0.0 0.0 0.0 1.0 0.0 0.0 25.0 0.0
4397.002010276145 0.0 0.0 0.0 1.0 0.0 0.0 25.0 0.0
4398.002010276145 0.0 0.0 0.0 1.0 0.0 0.0 25.0 0.0
4399.002010276145 0.0 0.0 0.0 1.0 0.0 0.0 25.0 0.0
4400.002010276145 0.0 0.0 0.0 1.0 0.0 0.0 25.0 0.0
4401.002010276145 0.0 0.0 0.0 1.0 0.0 0.0 25.0 0.0
4402.002010276145 0.0 0.0 0.0 1.0 0.0 0.0 25.0 0.0
4403.002010276145 0.0 0.0 0.0 1.0 0.0 0.0 25.0 0.0
4404.002010276145 0.0 0.0 0.0 1.0 0.0 0.0 25.0 0.0
4405.002010276145 0.0 0.0 0.0 1.0 0.0 0.0 25.0 0.0
4406.002010276145 0.0 0.0 0.0 1.0 0.0 0.0 25.0 0.0
4407.002010276145 0.0 0.0 0.0 1.0 0.0 0.0 25.0 0.0
4408.002010276145 0.0 0.0 0.0 1.0 0.0 0.0 25.0 0.0
4409.001454247885 0.0 0.0 0.0 1.0 0.0 0.0 25.0 0.0
4410.001518943336 0.0 0.0 0.0 1.0 0.0 0.0 25.0 0.0
4411.002010276145 0.0 0.0 0.0 1.0 0.0 0.0 25.0 0.0
4412.002010276145 0.0 0.0 0.0 1.0 0.0 0.0 25.0 0.0
4413.002010276145 0.0 0.0 0.0 1.0 0.0 0.0 25.0 0.0
4414.002010276145 0.0 0.0 0.0 1.0 0.0 0.0 25.0 0.0
4415.002010276145 0.0 0.0 0.0 1.0 0.0 0.0 25.0 0.0
4416.002010276145 0.0 0.0 0.0 1.0 0.0 0.0 25.0 0.0
4417.002010276145 0.0 0.0 0.0 1.0 0.0 0.0 25.0 0.0
4418.002010276145 0.0 0.0 0.0 1.0 0.0 0.0 25.0 0.0
4419.002010276145 0.0 0.0 0.0 1.0 0.0 0.0 25.0 0.0
4420.002010276145 0.0 0.0 0.0 1.0 0.0 0.0 25.0 0.0
4421.002010276145 0.0 0.0 0.0 1.0 0.0 0.0 25.0 0.0
4422.002010276145 0.0 0.0 0.0 1.0 0.0 0.0 25.0 0.0
4423.002010276145 0.0 0.0 0.0 1.0 0.0 0.0 25.0 0.0
4424.002010276145 0.0 0.0 0.0 1.0 0.0 0.0 25.0 0.0
4425.002010276145 0.0 0.0 0.0 1.0 0.0 0.0 25.0 0.0
4426.002010276145 0.0 0.0 0.0 1.0 0.0 0.0 25.0 0.0
4427.002010276145 0.0 0.0 0.0 1.0 0.0 0.0 25.0 0.0
4428.002010276145 0.0 0.0 0.0 1.0 0.0 0.0 25.0 0.0
4429.002010276145 0.0 0.0 0.0 1.0 0.0 0.0 25.0 0.0
4430.002010276145 0.0 0.0 0.0 1.0 0.0 0.0 25.0 0.0
4431.002010276145 0.0 0.0 0.0 1.0 0.0 0.0 25.0 0.0
4432.002010276145 0.0 0.0 0.0 1.0 0.0 0.0 25.0 0.0
4433.002010276145 0.0 0.0 0.0 1.0 0.0 0.0 25.0 0.0
4434.002010276145 0.0 0.0 0.0 1.0 0.0 0.0 25.0 0.0
4435.002010276145 0.0 0.0 0.0 1.0 0.0 0.0 25.0 0.0
4436.002010276145 0.0 0.0 0.0 1.0 0.0 0.0 25.0 0.0
4437.002010276145 0.0 0.0 0.0 1.0 0.0 0.0 25.0 0.0
4438.002010276145 0.0 0.0 0.0 1.0 0.0 0.0 25.0 0.0
4439.002010276145 0.0 0.0 0.0 1.0 0.0 0.0 25.0 0.0
4440.002010276145 0.0 0.0 0.0 1.0 0.0 0.0 25.0 0.0
4441.002010276145 0.0 0.0 0.0 1.0 0.0 0.0 25.0 0.0
4442.002010276145 0.0 0.0 0.0 1.0 0.0 0.0 25.0 0.0
4443.002010276145 0.0 0.0 0.0 1.0 0.0 0.0 25.0 0.0
4444.002010276145 0.0 0.0 0.0 1.0 0.0 0.0 25.0 0.0
4445.002010276145 0.0 0.0 0.0 1.0 0.0 0.0 25.0 0.0
4446.002010276145 0.0 0.0 0.0 1.0 0.0 0.0 25.0 0.0
4447.002010276145 0.0 0.0 0.0 1.0 0.0 0.0 25.0 0.0
4448.002010276145 0.0 0.0 0.0 1.0 0.0 0.0 25.0 0.0
4449.000364718932 0.0 0.0 0.0 1.0 0.0 0.0 25.0 0.0
4450.000083183086 0.0 0.0 0.0 1.0 0.0 0.0 25.0 0.0
4451.002010276145 0.0 0.0 0.0 1.0 0.0 0.0 25.0 0.0
4452.002010276145 0.0 0.0 0.0 1.0 0.0 0.0 25.0 0.0
4453.002010276145 0.0 0.0 0.0 1.0 0.0 0.0 25.0 0.0
4454.002010276145 0.0 0.0 0.0 1.0 0.0 0.0 25.0 0.0
4455.002010276145 0.0 0.0 0.0 1.0 0.0 0.0 25.0 0.0
4456.002010276145 0.0 0.0 0.0 1.0 0.0 0.0 25.0 0.0
4457.002010276145 0.0 0.0 0.0 1.0 0.0 0.0 25.0 0.0
4458.002010276145 0.0 0.0 0.0 1.0 0.0 0.0 25.0 0.0
4459.002010276145 0.0 0.0 0.0 1.0 0.0 0.0 25.0 0.0
4460.002010276145 0.0 0.0 0.0 1.0 0.0 0.0 25.0 0.0
4461.001401451445 0.0 0.0 0.0 1.0 0.0 0.0 25.0 0.0
4462.002010276145 0.0 0.0 0.0 1.0 0.0 0.0 25.0 0.0
4463.002010276145 0.0 0.0 0.0 1.0 0.0 0.0 25.0 0.0
4464.002010276145 0.0 0.0 0.0 1.0 0.0 0.0 25.0 0.0
4465.002010276145 0.0 0.0 0.0 1.0 0.0 0.0 25.0 0.0
4466.002010276145 0.0 0.0 0.0 1.0 0.0 0.0 25.0 0.0
4467.002010276145 0.0 0.0 0.0 1.0 0.0 0.0 25.0 0.0
4468.002010276145 0.0 0.0 0.0 1.0 0.0 0.0 25.0 0.0
4469.002010276145 0.0 0.0 0.0 1.0 0.0 0.0 25.0 0.0
4470.002010276145 0.0 0.0 0.0 1.0 0.0 0.0 25.0 0.0
4471.002010276145 0.0 0.0 0.0 1.0 0.0 0.0 25.0 0.0
4472.002010276145 0.0 0.0 0.0 1.0 0.0 0.0 25.0 0.0
4473.002010276145 0.0 0.0 0.0 1.0 0.0 0.0 25.0 0.0
4474.002010276145 0.0 0.0 0.0 1.0 0.0 0.0 25.0 0.0
4475.002010276145 0.0 0.0 0.0 1.0 0.0 0.0 25.0 0.0
4476.002010276145 0.0 0.0 0.0 1.0 0.0 0.0 25.0 0.0
4477.002010276145 0.0 0.0 0.0 1.0 0.0 0.0 25.0 0.0
4478.002010276145 0.0 0.0 0.0 1.0 0.0 0.0 25.0 0.0
4479.002010276145 0.0 0.0 0.0 1.0 0.0 0.0 25.0 0.0
4480.002010276145 0.0 0.0 0.0 1.0 0.0 0.0 25.0 0.0
4481.002010276145 0.0 0.0 0.0 1.0 0.0 0.0 25.0 0.0
4482.002010276145 0.0 0.0 0.0 1.0 0.0 0.0 25.0 0.0
4483.002010276145 0.0 0.0 0.0 1.0 0.0 0.0 25.0 0.0
4484.002010276145 0.0 0.0 0.0 1.0 0.0 0.0 25.0 0.0
4485.002010276145 0.0 0.0 0.0 1.0 0.0 0.0 25.0 0.0
4486.002010276145 0.0 0.0 0.0 1.0 0.0 0.0 25.0 0.0
4487.002010276145 0.0 0.0 0.0 1.0 0.0 0.0 25.0 0.0
4488.002010276145 0.0 0.0 0.0 1.0 0.0 0.0 25.0 0.0
4489.002010276145 0.0 0.0 0.0 1.0 0.0 0.0 25.0 0.0
4490.001179021629 0.0 0.0 0.0 1.0 0.0 0.0 25.0 0.0
4491.002010276145 0.0 0.0 0.0 1.0 0.0 0.0 25.0 0.0
4492.002010276145 0.0 0.0 0.0 1.0 0.0 0.0 25.0 0.0
4493.002010276145 0.0 0.0 0.0 1.0 0.0 0.0 25.0 0.0
4494.002010276145 0.0 0.0 0.0 1.0 0.0 0.0 25.0 0.0
4495.002010276145 0.0 0.0 0.0 1.0 0.0 0.0 25.0 0.0
4496.002010276145 0.0 0.0 0.0 1.0 0.0 0.0 25.0 0.0
4497.0009972057815 0.0 0.0 0.0 1.0 0.0 0.0 25.0 0.0
4498.002010276145 0.0 0.0 0.0 1.0 0.0 0.0 25.0 0.0
4499.002010276145 0.0 0.0 0.0 1.0 0.0 0.0 25.0 0.0
4500.002010276145 0.0 0.0 0.0 1.0 0.0 0.0 25.0 0.0
4501.002010276145 0.0 0.0 0.0 1.0 0.0 0.0 25.0 0.0
4502.002010276145 0.0 0.0 0.0 1.0 0.0 0.0 25.0 0.0
4503.002010276145 0.0 0.0 0.0 1.0 0.0 0.0 25.0 0.0
4504.000620355528 0.0 0.0 0.0 1.0 0.0 0.0 25.0 0.0
4505.002010276145 0.0 0.0 0.0 1.0 0.0 0.0 25.0 0.0
4506.002010276145 0.0 0.0 0.0 1.0 0.0 0.0 25.0 0.0
4507.002010276145 0.0 0.0 0.0 1.0 0.0 0.0 25.0 0.0
4508.002010276145 0.0 0.0 0.0 1.0 0.0 0.0 25.0 0.0
4509.002010276145 0.0 0.0 0.0 1.0 0.0 0.0 25.0 0.0
4510.002010276145 0.0 0.0 0.0 1.0 0.0 0.0 25.0 0.0
4511.002010276145 0.0 0.0 0.0 1.0 0.0 0.0 25.0 0.0
4512.002010276145 0.0 0.0 0.0 1.0 0.0 0.0 25.0 0.0
4513.002010276145 0.0 0.0 0.0 1.0 0.0 0.0 25.0 0.0
4514.002010276145 0.0 0.0 0.0 1.0 0.0 0.0 25.0 0.0
4515.002010276145 0.0 0.0 0.0 1.0 0.0 0.0 25.0 0.0
4516.002010276145 0.0 0.0 0.0 1.0 0.0 0.0 25.0 0.0
4517.002010276145 0.0 0.0 0.0 1.0 0.0 0.0 25.0 0.0
4518.002010276145 0.0 0.0 0.0 1.0 0.0 0.0 25.0 0.0
4519.002010276145 0.0 0.0 0.0 1.0 0.0 0.0 25.0 0.0
4520.002010276145 0.0 0.0 0.0 1.0 0.0 0.0 25.0 0.0
4521.002010276145 0.0 0.0 0.0 1.0 0.0 0.0 25.0 0.0
4522.002010276145 0.0 0.0 0.0 1.0 0.0 0.0 25.0 0.0
4523.002010276145 0.0 0.0 0.0 1.0 0.0 0.0 25.0 0.0
4524.002010276145 0.0 0.0 0.0 1.0 0.0 0.0 25.0 0.0
4525.001282487845 0.0 0.0 0.0 1.0 0.0 0.0 25.0 0.0
4526.002010276145 0.0 0.0 0.0 1.0 0.0 0.0 25.0 0.0
4527.002010276145 0.0 0.0 0.0 1.0 0.0 0.0 25.0 0.0
4528.002010276145 0.0 0.0 0.0 1.0 0.0 0.0 25.0 0.0
4529.002010276145 0.0 0.0 0.0 1.0 0.0 0.0 25.0 0.0
4530.002010276145 0.0 0.0 0.0 1.0 0.0 0.0 25.0 0.0
4531.002010276145 0.0 0.0 0.0 1.0 0.0 0.0 25.0 0.0
4532.002010276145 0.0 0.0 0.0 1.0 0.0 0.0 25.0 0.0
4533.002010276145 0.0 0.0 0.0 1.0 0.0 0.0 25.0 0.0
4534.002010276145 0.0 0.0 0.0 1.0 0.0 0.0 25.0 0.0
4535.002010276145 0.0 0.0 0.0 1.0 0.0 0.0 25.0 0.0
4536.0010471007945 0.0 0.0 0.0 1.0 0.0 0.0 25.0 0.0
4537.000187704845 0.0 0.0 0.0 1.0 0.0 0.0 25.0 0.0
4538.002010276145 0.0 0.0 0.0 1.0 0.0 0.0 25.0 0.0
4539.002010276145 0.0 0.0 0.0 1.0 0.0 0.0 25.0 0.0
4540.002010276145 0.0 0.0 0.0 1.0 0.0 0.0 25.0 0.0
4541.002010276145 0.0 0.0 0.0 1.0 0.0 0.0 25.0 0.0
4542.002010276145 0.0 0.0 0.0 1.0 0.0 0.0 25.0 0.0
4543.002010276145 0.0 0.0 0.0 1.0 0.0 0.0 25.0 0.0
4544.002010276145 0.0 0.0 0.0 1.0 0.0 0.0 25.0 0.0
4545.000768787748 0.0 0.0 0.0 1.0 0.0 0.0 25.0 0.0
4546.002010276145 0.0 0.0 0.0 1.0 0.0 0.0 25.0 0.0
4547.002010276145 0.0 0.0 0.0 1.0 0.0 0.0 25.0 0.0
4548.002010276145 0.0 0.0 0.0 1.0 0.0 0.0 25.0 0.0
4549.002010276145 0.0 0.0 0.0 1.0 0.0 0.0 25.0 0.0
4550.002010276145 0.0 0.0 0.0 1.0 0.0 0.0 25.0 0.0
4551.002010276145 0.0 0.0 0.0 1.0 0.0 0.0 25.0 0.0
4552.002010276145 0.0 0.0 0.0 1.0 0.0 0.0 25.0 0.0
4553.002010276145 0.0 0.0 0.0 1.0 0.0 0.0 25.0 0.0
4554.002010276145 0.0 0.0 0.0 1.0 0.0 0.0 25.0 0.0
4555.002010276145 0.0 0.0 0.0 1.0 0.0 0.0 25.0 0.0
4556.002010276145 0.0 0.0 0.0 1.0 0.0 0.0 25.0 0.0
4557.002010276145 0.0 0.0 0.0 1.0 0.0 0.0 25.0 0.0
4558.002010276145 0.0 0.0 0.0 1.0 0.0 0.0 25.0 0.0
4559.002010276145 0.0 0.0 0.0 1.0 0.0 0.0 25.0 0.0
4560.002010276145 0.0 0.0 0.0 1.0 0.0 0.0 25.0 0.0
4561.002010276145 0.0 0.0 0.0 1.0 0.0 0.0 25.0 0.0
4562.002010276145 0.0 0.0 0.0 1.0 0.0 0.0 25.0 0.0
4563.002010276145 0.0 0.0 0.0 1.0 0.0 0.0 25.0 0.0
4564.002010276145 0.0 0.0 0.0 1.0 0.0 0.0 25.0 0.0
4565.002010276145 0.0 0.0 0.0 1.0 0.0 0.0 25.0 0.0
4566.002010276145 0.0 0.0 0.0 1.0 0.0 0.0 25.0 0.0
4567.002010276145 0.0 0.0 0.0 1.0 0.0 0.0 25.0 0.0
4568.002010276145 0.0 0.0 0.0 1.0 0.0 0.0 25.0 0.0
4569.002010276145 0.0 0.0 0.0 1.0 0.0 0.0 25.0 0.0
4570.0006379389115 0.0 0.0 0.0 1.0 0.0 0.0 25.0 0.0
4571.002010276145 0.0 0.0 0.0 1.0 0.0 0.0 25.0 0.0
4572.002010276145 0.0 0.0 0.0 1.0 0.0 0.0 25.0 0.0
4573.002010276145 0.0 0.0 0.0 1.0 0.0 0.0 25.0 0.0
4574.002010276145 0.0 0.0 0.0 1.0 0.0 0.0 25.0 0.0
4575.000718484537 0.0 0.0 0.0 1.0 0.0 0.0 25.0 0.0
4576.002010276145 0.0 0.0 0.0 1.0 0.0 0.0 25.0 0.0
4577.002010276145 0.0 0.0 0.0 1.0 0.0 0.0 25.0 0.0
4578.002010276145 0.0 0.0 0.0 1.0 0.0 0.0 25.0 0.0
4579.002010276145 0.0 0.0 0.0 1.0 0.0 0.0 25.0 0.0
4580.001652245391 0.0 0.0 0.0 1.0 0.0 0.0 25.0 0.0
4581.002010276145 0.0 0.0 0.0 1.0 0.0 0.0 25.0 0.0
4582.002010276145 0.0 0.0 0.0 1.0 0.0 0.0 25.0 0.0
4583.002010276145 0.0 0.0 0.0 1.0 0.0 0.0 25.0 0.0
4584.000997881681 0.0 0.0 0.0 1.0 0.0 0.0 25.0 0.0
4585.002010276145 0.0 0.0 0.0 1.0 0.0 0.0 25.0 0.0
4586.00022877409 0.0 0.0 0.0 1.0 0.0 0.0 25.0 0.0
4587.002010276145 0.0 0.0 0.0 1.0 0.0 0.0 25.0 0.0
4588.002010276145 0.0 0.0 0.0 1.0 0.0 0.0 25.0 0.0
4589.002010276145 0.0 0.0 0.0 1.0 0.0 0.0 25.0 0.0
4590.002010276145 0.0 0.0 0.0 1.0 0.0 0.0 25.0 0.0
4591.002010276145 0.0 0.0 0.0 1.0 0.0 0.0 25.0 0.0
4592.002010276145 0.0 0.0 0.0 1.0 0.0 0.0 25.0 0.0
4593.002010276145 0.0 0.0 0.0 1.0 0.0 0.0 25.0 0.0
4594.002010276145 0.0 0.0 0.0 1.0 0.0 0.0 25.0 0.0
4595.002010276145 0.0 0.0 0.0 1.0 0.0 0.0 25.0 0.0
4596.002010276145 0.0 0.0 0.0 1.0 0.0 0.0 25.0 0.0
4597.002010276145 0.0 0.0 0.0 1.0 0.0 0.0 25.0 0.0
4598.002010276145 0.0 0.0 0.0 1.0 0.0 0.0 25.0 0.0
4599.002010276145 0.0 0.0 0.0 1.0 0.0 0.0 25.0 0.0
4600.002010276145 0.0 0.0 0.0 1.0 0.0 0.0 25.0 0.0
#####################################################################
# End of data export. Simulation finished at: 2026-05-19T10:40+0000 #
#####################################################################
