#####################################################################
# Alchemist log file - simulation started at: 2026-01-22T18:45+0000 #
#####################################################################
#
# seed = 23.0, connection_range_percentage = 0.3, variability = 4.0, history_length = 1200
#
# The columns have the following meaning: 
# time wandering[mean] defending[mean] solving[mean] wait[mean] attacked[max] alarm[max] historySize[mean] disagreementRate 
0.0 NaN NaN NaN NaN 0.0 0.0 NaN 0.0
0.0 0.0 0.0 0.0 1.0 0.0 0.0 2.0 0.0
1.0244702675340047 0.0 0.0 0.0 1.0 0.0 0.0 2.425 0.0
2.0096319896298396 0.0 0.0 0.0 1.0 0.0 0.0 2.95 0.0
3.0276099796893554 0.0 0.0 0.0 1.0 0.0 0.0 3.0 0.0
4.027609979689355 0.0 0.0 0.0 1.0 0.0 0.0 3.0 0.0
5.027609979689355 0.0 0.0 0.0 1.0 0.0 0.0 3.0 0.0
6.01654855478922 0.0 0.0 0.0 1.0 0.0 0.0 3.0 0.0
7.027609979689355 0.0 0.0 0.0 1.0 0.0 0.0 3.0 0.0
8.006938868683262 0.0 0.0 0.0 1.0 0.0 0.0 3.0 0.0
9.027609979689355 0.0 0.0 0.0 1.0 0.0 0.0 3.0 0.0
10.027609979689355 0.0 0.0 0.0 1.0 0.0 0.0 3.0 0.0
11.025421009944228 0.0 0.0 0.0 1.0 0.0 0.0 3.0 0.0
12.017511077051598 0.0 0.0 0.0 1.0 0.0 0.0 3.0 0.0
13.0098840532778 0.0 0.0 0.0 1.0 0.0 0.0 3.0 0.0
14.020038398537714 0.0 0.0 0.0 1.0 0.0 0.0 3.0 0.0
15.027609979689355 0.0 0.0 0.0 1.0 0.0 0.0 3.0 0.0
16.009942329756804 0.0 0.0 0.0 1.0 0.0 0.0 3.0 0.0
17.021350112187008 0.0 0.0 0.0 1.0 0.0 0.0 3.0 0.0
18.014585392709712 0.0 0.0 0.0 1.0 0.0 0.0 3.0 0.0
19.004098327843593 0.0 0.0 0.0 1.0 0.0 0.0 3.0 0.0
20.027609979689355 0.0 0.0 0.0 1.0 0.0 0.0 3.0 0.0
21.00569791967351 0.0 0.0 0.0 1.0 0.0 0.0 3.0 0.0
22.002427819974848 0.0 0.0 0.0 1.0 0.0 0.0 3.0 0.0
23.002520715882813 0.0 0.0 0.0 1.0 0.0 0.0 3.0 0.0
24.023114876646574 0.0 0.0 0.0 1.0 0.0 0.0 3.0 0.0
25.002706504657986 0.0 0.0 0.0 1.0 0.0 0.0 3.0 0.0
26.000837860931963 0.0 0.0 0.0 1.0 0.0 0.0 3.0 0.0
27.0161123043949 0.0 0.0 0.0 1.0 0.0 0.0 3.0 0.0
28.006888172117204 0.0 0.0 0.0 1.0 0.0 0.0 3.0 0.0
29.01387223081448 0.0 0.0 0.0 1.0 0.0 0.0 3.0 0.0
30.027609979689355 0.0 0.0 0.0 1.0 0.0 0.0 3.0 0.0
31.027609979689355 0.0 0.0 0.0 1.0 0.0 0.0 3.0 0.0
32.02760997968936 0.0 0.0 0.0 1.0 0.0 0.0 3.0 0.0
33.001948636224576 0.0 0.0 0.0 1.0 0.0 0.0 3.0 0.0
34.00344504300185 0.0 0.0 0.0 1.0 0.0 0.0 3.0 0.0
35.026243921219304 0.0 0.0 0.0 1.0 0.0 0.0 3.0 0.0
36.01959074055131 0.0 0.0 0.0 1.0 0.0 0.0 3.0 0.0
37.02760997968936 0.0 0.0 0.0 1.0 0.0 0.0 3.0 0.0
38.00674704694495 0.0 0.0 0.0 1.0 0.0 0.0 3.0 0.0
39.02760997968936 0.0 0.0 0.0 1.0 0.0 0.0 3.0 0.0
40.01265982595233 0.0 0.0 0.0 1.0 0.0 0.0 3.0 0.0
41.0129523091017 0.0 0.0 0.0 1.0 0.0 0.0 3.0 0.0
42.02760997968936 0.0 0.0 0.0 1.0 0.0 0.0 3.0 0.0
43.020201700957124 0.0 0.0 0.0 1.0 0.0 0.0 3.0 0.0
44.02760997968936 0.0 0.0 0.0 1.0 0.0 0.0 3.0 0.0
45.009160529625724 0.0 0.0 0.0 1.0 0.0 0.0 3.0 0.0
46.02760997968936 0.0 0.0 0.0 1.0 0.0 0.0 3.0 0.0
47.015012212990634 0.0 0.0 0.0 1.0 0.0 0.0 3.0 0.0
48.02760997968936 0.0 0.0 0.0 1.0 0.0 0.0 3.0 0.0
49.004409971575654 0.0 0.0 0.0 1.0 0.0 0.0 3.0 0.0
50.02760997968936 0.0 0.0 0.0 1.0 0.0 0.0 3.0 0.0
51.020164805721706 0.0 0.0 0.0 1.0 0.0 0.0 3.0 0.0
52.00403172928932 0.0 0.0 0.0 1.0 0.0 0.0 3.0 0.0
53.00955605262884 0.0 0.0 0.0 1.0 0.0 0.0 3.0 0.0
54.003227841209764 0.0 0.0 0.0 1.0 0.0 0.0 3.0 0.0
55.007078034195104 0.0 0.0 0.0 1.0 0.0 0.0 3.0 0.0
56.02760997968936 0.0 0.0 0.0 1.0 0.0 0.0 3.0 0.0
57.00907134611348 0.0 0.0 0.0 1.0 0.0 0.0 3.0 0.0
58.02760997968936 0.0 0.0 0.0 1.0 0.0 0.0 3.0 0.0
59.00153021154665 0.0 0.0 0.0 1.0 0.0 0.0 3.0 0.0
60.02760997968936 0.0 0.0 0.0 1.0 0.0 0.0 3.0 0.0
61.01040029141719 0.0 0.0 0.0 1.0 0.0 0.0 3.0 0.0
62.001006719739195 0.0 0.0 0.0 1.0 0.0 0.0 3.0 0.0
63.006001076800324 0.0 0.0 0.0 1.0 0.0 0.0 3.0 0.0
64.00393061161375 0.0 0.0 0.0 1.0 0.0 0.0 3.0 0.0
65.01319766326263 0.0 0.0 0.0 1.0 0.0 0.0 3.0 0.0
66.02760997968936 0.0 0.0 0.0 1.0 0.0 0.0 3.0 0.0
67.02760997968936 0.0 0.0 0.0 1.0 0.0 0.0 3.0 0.0
68.01380599395868 0.0 0.0 0.0 1.0 0.0 0.0 3.0 0.0
69.00656062294402 0.0 0.0 0.0 1.0 0.0 0.0 3.0 0.0
70.00362108756262 0.0 0.0 0.0 1.0 0.0 0.0 3.0 0.0
71.02638694514954 0.0 0.0 0.0 1.0 0.0 0.0 3.0 0.0
72.02760997968936 0.0 0.0 0.0 1.0 0.0 0.0 3.0 0.0
73.02760997968936 0.0 0.0 0.0 1.0 0.0 0.0 3.0 0.0
74.01973776088543 0.0 0.0 0.0 1.0 0.0 0.0 3.0 0.0
75.00481396448862 0.0 0.0 0.0 1.0 0.0 0.0 3.0 0.0
76.02760997968936 0.0 0.0 0.0 1.0 0.0 0.0 3.0 0.0
77.00527683694199 0.0 0.0 0.0 1.0 0.0 0.0 3.0 0.0
78.02760997968936 0.0 0.0 0.0 1.0 0.0 0.0 3.0 0.0
79.02760997968936 0.0 0.0 0.0 1.0 0.0 0.0 3.0 0.0
80.00364062198366 0.0 0.0 0.0 1.0 0.0 0.0 3.0 0.0
81.02648402665858 0.0 0.0 0.0 1.0 0.0 0.0 3.0 0.0
82.02760997968936 0.0 0.0 0.0 1.0 0.0 0.0 3.0 0.0
83.02760997968936 0.0 0.0 0.0 1.0 0.0 0.0 3.0 0.0
84.02760997968936 0.0 0.0 0.0 1.0 0.0 0.0 3.0 0.0
85.01042021174067 0.0 0.0 0.0 1.0 0.0 0.0 3.0 0.0
86.00364237453269 0.0 0.0 0.0 1.0 0.0 0.0 3.0 0.0
87.02760997968936 0.0 0.0 0.0 1.0 0.0 0.0 3.0 0.0
88.01628782642086 0.0 0.0 0.0 1.0 0.0 0.0 3.0 0.0
89.00865557728993 0.0 0.0 0.0 1.0 0.0 0.0 3.0 0.0
90.02760997968936 0.0 0.0 0.0 1.0 0.0 0.0 3.0 0.0
91.02760997968936 0.0 0.0 0.0 1.0 0.0 0.0 3.0 0.0
92.00780446656988 0.0 0.0 0.0 1.0 0.0 0.0 3.0 0.0
93.02760997968936 0.0 0.0 0.0 1.0 0.0 0.0 3.0 0.0
94.02760997968936 0.0 0.0 0.0 1.0 0.0 0.0 3.0 0.0
95.02604063439043 0.0 0.0 0.0 1.0 0.0 0.0 3.0 0.0
96.01313261550183 0.0 0.0 0.0 1.0 0.0 0.0 3.0 0.0
97.02319274119985 0.0 0.0 0.0 1.0 0.0 0.0 3.0 0.0
98.01972228548576 0.0 0.0 0.0 1.0 0.0 0.0 3.0 0.0
99.01670555021242 0.0 0.0 0.0 1.0 0.0 0.0 3.0 0.0
100.02760997968936 0.0 0.0 0.0 1.0 0.0 0.0 3.0 0.0
101.02333284331102 0.0 0.0 0.0 1.0 0.0 0.0 3.0 0.0
102.01619598288279 0.0 0.0 0.0 1.0 0.0 0.0 3.0 0.0
103.00017416805801 0.0 0.0 0.0 1.0 0.0 0.0 3.0 0.0
104.00025172402171 0.0 0.0 0.0 1.0 0.0 0.0 3.0 0.0
105.00650272104669 0.0 0.0 0.0 1.0 0.0 0.0 3.0 0.0
106.00874162757597 0.0 0.0 0.0 1.0 0.0 0.0 3.0 0.0
107.02760997968936 0.0 0.0 0.0 1.0 0.0 0.0 3.0 0.0
108.02760997968936 0.0 0.0 0.0 1.0 0.0 0.0 3.0 0.0
109.02760997968936 0.0 0.0 0.0 1.0 0.0 0.0 3.0 0.0
110.02760997968936 0.0 0.0 0.0 1.0 0.0 0.0 3.0 0.0
111.02760997968936 0.0 0.0 0.0 1.0 0.0 0.0 3.0 0.0
112.00466767056452 0.0 0.0 0.0 1.0 0.0 0.0 3.0 0.0
113.00107202601934 0.0 0.0 0.0 1.0 0.0 0.0 3.0 0.0
114.02686198816552 0.0 0.0 0.0 1.0 0.0 0.0 3.0 0.0
115.00020716255685 0.0 0.0 0.0 1.0 0.0 0.0 3.0 0.0
116.0014462103038 0.0 0.0 0.0 1.0 0.0 0.0 3.0 0.0
117.02704565810657 0.0 0.0 0.0 1.0 0.0 0.0 3.0 0.0
118.02760997968936 0.0 0.0 0.0 1.0 0.0 0.0 3.0 0.0
119.02760997968936 0.0 0.0 0.0 1.0 0.0 0.0 3.0 0.0
120.02760997968936 0.0 0.0 0.0 1.0 0.0 0.0 3.0 0.0
121.02760997968936 0.0 0.0 0.0 1.0 0.0 0.0 3.0 0.0
122.02040827433486 0.0 0.0 0.0 1.0 0.0 0.0 3.0 0.0
123.01446851893336 0.0 0.0 0.0 1.0 0.0 0.0 3.0 0.0
124.02178439257162 0.0 0.0 0.0 1.0 0.0 0.0 3.0 0.0
125.02760997968936 0.0 0.0 0.0 1.0 0.0 0.0 3.0 0.0
126.02760997968936 0.0 0.0 0.0 1.0 0.0 0.0 3.0 0.0
127.00871358874402 0.0 0.0 0.0 1.0 0.0 0.0 3.0 0.0
128.01490808787815 0.0 0.0 0.0 1.0 0.0 0.0 3.0 0.0
129.02760997968937 0.0 0.0 0.0 1.0 0.0 0.0 3.0 0.0
130.00451686803137 0.0 0.0 0.0 1.0 0.0 0.0 3.0 0.0
131.00844989312586 0.0 0.0 0.0 1.0 0.0 0.0 3.0 0.0
132.01552702370714 0.0 0.0 0.0 1.0 0.0 0.0 3.0 0.0
133.02760997968937 0.0 0.0 0.0 1.0 0.0 0.0 3.0 0.0
134.0190984018745 0.0 0.0 0.0 1.0 0.0 0.0 3.0 0.0
135.00012776663777 0.0 0.0 0.0 1.0 0.0 0.0 3.0 0.0
136.01760031507933 0.0 0.0 0.0 1.0 0.0 0.0 3.0 0.0
137.00860003785425 0.0 0.0 0.0 1.0 0.0 0.0 3.0 0.0
138.02760997968937 0.0 0.0 0.0 1.0 0.0 0.0 3.0 0.0
139.02760997968937 0.0 0.0 0.0 1.0 0.0 0.0 3.0 0.0
140.02760997968937 0.0 0.0 0.0 1.0 0.0 0.0 3.0 0.0
141.0227301596575 0.0 0.0 0.0 1.0 0.0 0.0 3.0 0.0
142.02760997968937 0.0 0.0 0.0 1.0 0.0 0.0 3.0 0.0
143.0209624161271 0.0 0.0 0.0 1.0 0.0 0.0 3.0 0.0
144.01103224045883 0.0 0.0 0.0 1.0 0.0 0.0 3.0 0.0
145.02760997968937 0.0 0.0 0.0 1.0 0.0 0.0 3.0 0.0
146.0199477135738 0.0 0.0 0.0 1.0 0.0 0.0 3.0 0.0
147.02760997968937 0.0 0.0 0.0 1.0 0.0 0.0 3.0 0.0
148.00024073077373 0.0 0.0 0.0 1.0 0.0 0.0 3.0 0.0
149.02760997968937 0.0 0.0 0.0 1.0 0.0 0.0 3.0 0.0
150.01421680956346 0.0 0.0 0.0 1.0 0.0 0.0 3.0 0.0
151.01425872443357 0.0 0.0 0.0 1.0 0.0 0.0 3.0 0.0
152.00693406957444 0.0 0.0 0.0 1.0 0.0 0.0 3.0 0.0
153.00414883581777 0.0 0.0 0.0 1.0 0.0 0.0 3.0 0.0
154.00494380228622 0.0 0.0 0.0 1.0 0.0 0.0 3.0 0.0
155.02760997968937 0.0 0.0 0.0 1.0 0.0 0.0 3.0 0.0
156.0109629487534 0.0 0.0 0.0 1.0 0.0 0.0 3.0 0.0
157.02760997968937 0.0 0.0 0.0 1.0 0.0 0.0 3.0 0.0
158.01890113266623 0.0 0.0 0.0 1.0 0.0 0.0 3.0 0.0
159.0266876857926 0.0 0.0 0.0 1.0 0.0 0.0 3.0 0.0
160.02760997968937 0.0 0.0 0.0 1.0 0.0 0.0 3.0 0.0
161.02760997968937 0.0 0.0 0.0 1.0 0.0 0.0 3.0 0.0
162.02760997968937 0.0 0.0 0.0 1.0 0.0 0.0 3.0 0.0
163.0242497673595 0.0 0.0 0.0 1.0 0.0 0.0 3.0 0.0
164.02760997968937 0.0 0.0 0.0 1.0 0.0 0.0 3.0 0.0
165.0058391557042 0.0 0.0 0.0 1.0 0.0 0.0 3.0 0.0
166.00496251352607 0.0 0.0 0.0 1.0 0.0 0.0 3.0 0.0
167.00667072529708 0.0 0.0 0.0 1.0 0.0 0.0 3.0 0.0
168.0031835999405 0.0 0.0 0.0 1.0 0.0 0.0 3.0 0.0
169.00016585679347 0.0 0.0 0.0 1.0 0.0 0.0 3.0 0.0
170.01448928920533 0.0 0.0 0.0 1.0 0.0 0.0 3.0 0.0
171.02760997968937 0.0 0.0 0.0 1.0 0.0 0.0 3.0 0.0
172.02760997968937 0.0 0.0 0.0 1.0 0.0 0.0 3.0 0.0
173.02760997968937 0.0 0.0 0.0 1.0 0.0 0.0 3.0 0.0
174.02760997968937 0.0 0.0 0.0 1.0 0.0 0.0 3.0 0.0
175.01902912148176 0.0 0.0 0.0 1.0 0.0 0.0 3.0 0.0
176.02760997968937 0.0 0.0 0.0 1.0 0.0 0.0 3.0 0.0
177.02760997968937 0.0 0.0 0.0 1.0 0.0 0.0 3.0 0.0
178.02760997968937 0.0 0.0 0.0 1.0 0.0 0.0 3.0 0.0
179.01024667011862 0.0 0.0 0.0 1.0 0.0 0.0 3.0 0.0
180.00442501094176 0.0 0.0 0.0 1.0 0.0 0.0 3.0 0.0
181.01874213807235 0.0 0.0 0.0 1.0 0.0 0.0 3.0 0.0
182.0242179698185 0.0 0.0 0.0 1.0 0.0 0.0 3.0 0.0
183.02760997968937 0.0 0.0 0.0 1.0 0.0 0.0 3.0 0.0
184.00097715460217 0.0 0.0 0.0 1.0 0.0 0.0 3.0 0.0
185.02760997968937 0.0 0.0 0.0 1.0 0.0 0.0 3.0 0.0
186.01063342754247 0.0 0.0 0.0 1.0 0.0 0.0 3.0 0.0
187.02760997968937 0.0 0.0 0.0 1.0 0.0 0.0 3.0 0.0
188.02760997968937 0.0 0.0 0.0 1.0 0.0 0.0 3.0 0.0
189.02760997968937 0.0 0.0 0.0 1.0 0.0 0.0 3.0 0.0
190.0203261336954 0.0 0.0 0.0 1.0 0.0 0.0 3.0 0.0
191.02760997968937 0.0 0.0 0.0 1.0 0.0 0.0 3.0 0.0
192.02760997968937 0.0 0.0 0.0 1.0 0.0 0.0 3.0 0.0
193.02760997968937 0.0 0.0 0.0 1.0 0.0 0.0 3.0 0.0
194.02760997968937 0.0 0.0 0.0 1.0 0.0 0.0 3.0 0.0
195.02760997968937 0.0 0.0 0.0 1.0 0.0 0.0 3.0 0.0
196.02760997968937 0.0 0.0 0.0 1.0 0.0 0.0 3.0 0.0
197.01556169526035 0.0 0.0 0.0 1.0 0.0 0.0 3.0 0.0
198.02760997968937 0.0 0.0 0.0 1.0 0.0 0.0 3.0 0.0
199.0013811224481 0.0 0.0 0.0 1.0 0.0 0.0 3.0 0.0
200.01591538907832 0.0 0.0 0.0 1.0 0.0 0.0 3.0 0.0
201.02760997968937 0.0 0.0 0.0 1.0 0.0 0.0 3.0 0.0
202.02760997968937 0.0 0.0 0.0 1.0 0.0 0.0 3.0 0.0
203.02410575705477 0.0 0.0 0.0 1.0 0.0 0.0 3.0 0.0
204.02760997968937 0.0 0.0 0.0 1.0 0.0 0.0 3.0 0.0
205.02760997968937 0.0 0.0 0.0 1.0 0.0 0.0 3.0 0.0
206.01721880411293 0.0 0.0 0.0 1.0 0.0 0.0 3.0 0.0
207.02760997968937 0.0 0.0 0.0 1.0 0.0 0.0 3.0 0.0
208.02760997968937 0.0 0.0 0.0 1.0 0.0 0.0 3.0 0.0
209.00096009270507 0.0 0.0 0.0 1.0 0.0 0.0 3.0 0.0
210.00424374908042 0.0 0.0 0.0 1.0 0.0 0.0 3.0 0.0
211.00782707868018 0.0 0.0 0.0 1.0 0.0 0.0 3.0 0.0
212.0112781294072 0.0 0.0 0.0 1.0 0.0 0.0 3.0 0.0
213.01606880846927 0.0 0.0 0.0 1.0 0.0 0.0 3.0 0.0
214.0091645167829 0.0 0.0 0.0 1.0 0.0 0.0 3.0 0.0
215.02760997968937 0.0 0.0 0.0 1.0 0.0 0.0 3.0 0.0
216.02093690375997 0.0 0.0 0.0 1.0 0.0 0.0 3.0 0.0
217.01101503685007 0.0 0.0 0.0 1.0 0.0 0.0 3.0 0.0
218.00052908159665 0.0 0.0 0.0 1.0 0.0 0.0 3.0 0.0
219.02760997968937 0.0 0.0 0.0 1.0 0.0 0.0 3.0 0.0
220.00161384359438 0.0 0.0 0.0 1.0 0.0 0.0 3.0 0.0
221.02760997968937 0.0 0.0 0.0 1.0 0.0 0.0 3.0 0.0
222.00998680858513 0.0 0.0 0.0 1.0 0.0 0.0 3.0 0.0
223.02760997968937 0.0 0.0 0.0 1.0 0.0 0.0 3.0 0.0
224.02760997968937 0.0 0.0 0.0 1.0 0.0 0.0 3.0 0.0
225.02760997968937 0.0 0.0 0.0 1.0 0.0 0.0 3.0 0.0
226.00689544460585 0.0 0.0 0.0 1.0 0.0 0.0 3.0 0.0
227.02760997968937 0.0 0.0 0.0 1.0 0.0 0.0 3.0 0.0
228.0194540039861 0.0 0.0 0.0 1.0 0.0 0.0 3.0 0.0
229.0005326789689 0.0 0.0 0.0 1.0 0.0 0.0 3.0 0.0
230.01255762825778 0.0 0.0 0.0 1.0 0.0 0.0 3.0 0.0
231.02760997968937 0.0 0.0 0.0 1.0 0.0 0.0 3.0 0.0
232.00544618397691 0.0 0.0 0.0 1.0 0.0 0.0 3.0 0.0
233.00646709494845 0.0 0.0 0.0 1.0 0.0 0.0 3.0 0.0
234.00958124250252 0.0 0.0 0.0 1.0 0.0 0.0 3.0 0.0
235.02760997968937 0.0 0.0 0.0 1.0 0.0 0.0 3.0 0.0
236.02760997968937 0.0 0.0 0.0 1.0 0.0 0.0 3.0 0.0
237.02760997968937 0.0 0.0 0.0 1.0 0.0 0.0 3.0 0.0
238.00002994309003 0.0 0.0 0.0 1.0 0.0 0.0 3.0 0.0
239.02698526960876 0.0 0.0 0.0 1.0 0.0 0.0 3.0 0.0
240.02760997968937 0.0 0.0 0.0 1.0 0.0 0.0 3.0 0.0
241.02760997968937 0.0 0.0 0.0 1.0 0.0 0.0 3.0 0.0
242.02760997968937 0.0 0.0 0.0 1.0 0.0 0.0 3.0 0.0
243.02760997968937 0.0 0.0 0.0 1.0 0.0 0.0 3.0 0.0
244.02760997968937 0.0 0.0 0.0 1.0 0.0 0.0 3.0 0.0
245.0131739525012 0.0 0.0 0.0 1.0 0.0 0.0 3.0 0.0
246.0102245752121 0.0 0.0 0.0 1.0 0.0 0.0 3.0 0.0
247.02645951337382 0.0 0.0 0.0 1.0 0.0 0.0 3.0 0.0
248.02760997968937 0.0 0.0 0.0 1.0 0.0 0.0 3.0 0.0
249.01138828952045 0.0 0.0 0.0 1.0 0.0 0.0 3.0 0.0
250.00094175659527 0.0 0.0 0.0 1.0 0.0 0.0 3.0 0.0
251.0185380755052 0.0 0.0 0.0 1.0 0.0 0.0 3.0 0.0
252.00643423354228 0.0 0.0 0.0 1.0 0.0 0.0 3.0 0.0
253.02760997968937 0.0 0.0 0.0 1.0 0.0 0.0 3.0 0.0
254.00577673375673 0.0 0.0 0.0 1.0 0.0 0.0 3.0 0.0
255.00680109019518 0.0 0.0 0.0 1.0 0.0 0.0 3.0 0.0
256.0276099796894 0.0 0.0 0.0 1.0 0.0 0.0 3.0 0.0
257.0108128053632 0.0 0.0 0.0 1.0 0.0 0.0 3.0 0.0
258.0031082754014 0.0 0.0 0.0 1.0 0.0 0.0 3.0 0.0
259.0276099796894 0.0 0.0 0.0 1.0 0.0 0.0 3.0 0.0
260.0276099796894 0.0 0.0 0.0 1.0 0.0 0.0 3.0 0.0
261.0251180287947 0.0 0.0 0.0 1.0 0.0 0.0 3.0 0.0
262.0276099796894 0.0 0.0 0.0 1.0 0.0 0.0 3.0 0.0
263.0276099796894 0.0 0.0 0.0 1.0 0.0 0.0 3.0 0.0
264.02218399886755 0.0 0.0 0.0 1.0 0.0 0.0 3.0 0.0
265.0276099796894 0.0 0.0 0.0 1.0 0.0 0.0 3.0 0.0
266.0276099796894 0.0 0.0 0.0 1.0 0.0 0.0 3.0 0.0
267.00282741406 0.0 0.0 0.0 1.0 0.0 0.0 3.0 0.0
268.0065881771012 0.0 0.0 0.0 1.0 0.0 0.0 3.0 0.0
269.0111855833575 0.0 0.0 0.0 1.0 0.0 0.0 3.0 0.0
270.0276099796894 0.0 0.0 0.0 1.0 0.0 0.0 3.0 0.0
271.0154859051114 0.0 0.0 0.0 1.0 0.0 0.0 3.0 0.0
272.00699502421696 0.0 0.0 0.0 1.0 0.0 0.0 3.0 0.0
273.0276099796894 0.0 0.0 0.0 1.0 0.0 0.0 3.0 0.0
274.02701948139287 0.0 0.0 0.0 1.0 0.0 0.0 3.0 0.0
275.00280242029856 0.0 0.0 0.0 1.0 0.0 0.0 3.0 0.0
276.0128370224555 0.0 0.0 0.0 1.0 0.0 0.0 3.0 0.0
277.0097153505775 0.0 0.0 0.0 1.0 0.0 0.0 3.0 0.0
278.0228920933938 0.0 0.0 0.0 1.0 0.0 0.0 3.0 0.0
279.02543981051133 0.0 0.0 0.0 1.0 0.0 0.0 3.0 0.0
280.01975627184777 0.0 0.0 0.0 1.0 0.0 0.0 3.0 0.0
281.0210143121288 0.0 0.0 0.0 1.0 0.0 0.0 3.0 0.0
282.0034039668476 0.0 0.0 0.0 1.0 0.0 0.0 3.0 0.0
283.0276099796894 0.0 0.0 0.0 1.0 0.0 0.0 3.0 0.0
284.00673322522334 0.0 0.0 0.0 1.0 0.0 0.0 3.0 0.0
285.00459335202083 0.0 0.0 0.0 1.0 0.0 0.0 3.0 0.0
286.0276099796894 0.0 0.0 0.0 1.0 0.0 0.0 3.0 0.0
287.0047582082424 0.0 0.0 0.0 1.0 0.0 0.0 3.0 0.0
288.01301657790344 0.0 0.0 0.0 1.0 0.0 0.0 3.0 0.0
289.01769974599677 0.0 0.0 0.0 1.0 0.0 0.0 3.0 0.0
290.0276099796894 0.0 0.0 0.0 1.0 0.0 0.0 3.0 0.0
291.0276099796894 0.0 0.0 0.0 1.0 0.0 0.0 3.0 0.0
292.01900926668316 0.0 0.0 0.0 1.0 0.0 0.0 3.0 0.0
293.0276099796894 0.0 0.0 0.0 1.0 0.0 0.0 3.0 0.0
294.0276099796894 0.0 0.0 0.0 1.0 0.0 0.0 3.0 0.0
295.0276099796894 0.0 0.0 0.0 1.0 0.0 0.0 3.0 0.0
296.00852180346396 0.0 0.0 0.0 1.0 0.0 0.0 3.0 0.0
297.0276099796894 0.0 0.0 0.0 1.0 0.0 0.0 3.0 0.0
298.0047014799826 0.0 0.0 0.0 1.0 0.0 0.0 3.0 0.0
299.0094891570942 0.0 0.0 0.0 1.0 0.0 0.0 3.0 0.0
300.00568890344925 0.0 0.0 0.0 1.0 0.0 0.0 3.0 0.0
301.0036820842293 0.0 0.0 0.0 1.0 0.0 0.0 3.0 0.0
302.0276099796894 0.0 0.0 0.0 1.0 0.0 0.0 3.0 0.0
303.0129305449589 0.0 0.0 0.0 1.0 0.0 0.0 3.0 0.0
304.0276099796894 0.0 0.0 0.0 1.0 0.0 0.0 3.0 0.0
305.00402670650897 0.0 0.0 0.0 1.0 0.0 0.0 3.0 0.0
306.0276099796894 0.0 0.0 0.0 1.0 0.0 0.0 3.0 0.0
307.0066314611897 0.0 0.0 0.0 1.0 0.0 0.0 3.0 0.0
308.0276099796894 0.0 0.0 0.0 1.0 0.0 0.0 3.0 0.0
309.0082521999127 0.0 0.0 0.0 1.0 0.0 0.0 3.0 0.0
310.00017812040466 0.0 0.0 0.0 1.0 0.0 0.0 3.0 0.0
311.0276099796894 0.0 0.0 0.0 1.0 0.0 0.0 3.0 0.0
312.0178206139512 0.0 0.0 0.0 1.0 0.0 0.0 3.0 0.0
313.0276099796894 0.0 0.0 0.0 1.0 0.0 0.0 3.0 0.0
314.0225306622163 0.0 0.0 0.0 1.0 0.0 0.0 3.0 0.0
315.0276099796894 0.0 0.0 0.0 1.0 0.0 0.0 3.0 0.0
316.0250439448695 0.0 0.0 0.0 1.0 0.0 0.0 3.0 0.0
317.0276099796894 0.0 0.0 0.0 1.0 0.0 0.0 3.0 0.0
318.0276099796894 0.0 0.0 0.0 1.0 0.0 0.0 3.0 0.0
319.0216741385111 0.0 0.0 0.0 1.0 0.0 0.0 3.0 0.0
320.0276099796894 0.0 0.0 0.0 1.0 0.0 0.0 3.0 0.0
321.0276099796894 0.0 0.0 0.0 1.0 0.0 0.0 3.0 0.0
322.00762362616166 0.0 0.0 0.0 1.0 0.0 0.0 3.0 0.0
323.0014246186368 0.0 0.0 0.0 1.0 0.0 0.0 3.0 0.0
324.0229003579092 0.0 0.0 0.0 1.0 0.0 0.0 3.0 0.0
325.00043453713874 0.0 0.0 0.0 1.0 0.0 0.0 3.0 0.0
326.0042734584624 0.0 0.0 0.0 1.0 0.0 0.0 3.0 0.0
327.0117138495638 0.0 0.0 0.0 1.0 0.0 0.0 3.0 0.0
328.0276099796894 0.0 0.0 0.0 1.0 0.0 0.0 3.0 0.0
329.01260758151705 0.0 0.0 0.0 1.0 0.0 0.0 3.0 0.0
330.0117700931835 0.0 0.0 0.0 1.0 0.0 0.0 3.0 0.0
331.00999448899665 0.0 0.0 0.0 1.0 0.0 0.0 3.0 0.0
332.0276099796894 0.0 0.0 0.0 1.0 0.0 0.0 3.0 0.0
333.00328873598295 0.0 0.0 0.0 1.0 0.0 0.0 3.0 0.0
334.0276099796894 0.0 0.0 0.0 1.0 0.0 0.0 3.0 0.0
335.01330340140373 0.0 0.0 0.0 1.0 0.0 0.0 3.0 0.0
336.0168352461715 0.0 0.0 0.0 1.0 0.0 0.0 3.0 0.0
337.0276099796894 0.0 0.0 0.0 1.0 0.0 0.0 3.0 0.0
338.02147573359275 0.0 0.0 0.0 1.0 0.0 0.0 3.0 0.0
339.0276099796894 0.0 0.0 0.0 1.0 0.0 0.0 3.0 0.0
340.0276099796894 0.0 0.0 0.0 1.0 0.0 0.0 3.0 0.0
341.0276099796894 0.0 0.0 0.0 1.0 0.0 0.0 3.0 0.0
342.0165500720876 0.0 0.0 0.0 1.0 0.0 0.0 3.0 0.0
343.0130718365766 0.0 0.0 0.0 1.0 0.0 0.0 3.0 0.0
344.0021630217675 0.0 0.0 0.0 1.0 0.0 0.0 3.0 0.0
345.02265323285627 0.0 0.0 0.0 1.0 0.0 0.0 3.0 0.0
346.0276099796894 0.0 0.0 0.0 1.0 0.0 0.0 3.0 0.0
347.0276099796894 0.0 0.0 0.0 1.0 0.0 0.0 3.0 0.0
348.02019120917356 0.0 0.0 0.0 1.0 0.0 0.0 3.0 0.0
349.0008146829837 0.0 0.0 0.0 1.0 0.0 0.0 3.0 0.0
350.0229782518123 0.0 0.0 0.0 1.0 0.0 0.0 3.0 0.0
351.0276099796894 0.0 0.0 0.0 1.0 0.0 0.0 3.0 0.0
352.00883765020666 0.0 0.0 0.0 1.0 0.0 0.0 3.0 0.0
353.0259065766235 0.0 0.0 0.0 1.0 0.0 0.0 3.0 0.0
354.025977870738 0.0 0.0 0.0 1.0 0.0 0.0 3.0 0.0
355.00288846319637 0.0 0.0 0.0 1.0 0.0 0.0 3.0 0.0
356.024487166688 0.0 0.0 0.0 1.0 0.0 0.0 3.0 0.0
357.0165208769305 0.0 0.0 0.0 1.0 0.0 0.0 3.0 0.0
358.0038869969261 0.0 0.0 0.0 1.0 0.0 0.0 3.0 0.0
359.00636083868613 0.0 0.0 0.0 1.0 0.0 0.0 3.0 0.0
360.02118790362016 0.0 0.0 0.0 1.0 0.0 0.0 3.0 0.0
361.0276099796894 0.0 0.0 0.0 1.0 0.0 0.0 3.0 0.0
362.0195313877389 0.0 0.0 0.0 1.0 0.0 0.0 3.0 0.0
363.0276099796894 0.0 0.0 0.0 1.0 0.0 0.0 3.0 0.0
364.0062390862021 0.0 0.0 0.0 1.0 0.0 0.0 3.0 0.0
365.0029085853436 0.0 0.0 0.0 1.0 0.0 0.0 3.0 0.0
366.0276099796894 0.0 0.0 0.0 1.0 0.0 0.0 3.0 0.0
367.0276099796894 0.0 0.0 0.0 1.0 0.0 0.0 3.0 0.0
368.0197050246534 0.0 0.0 0.0 1.0 0.0 0.0 3.0 0.0
369.0276099796894 0.0 0.0 0.0 1.0 0.0 0.0 3.0 0.0
370.0276099796894 0.0 0.0 0.0 1.0 0.0 0.0 3.0 0.0
371.02282423148466 0.0 0.0 0.0 1.0 0.0 0.0 3.0 0.0
372.0083199186086 0.0 0.0 0.0 1.0 0.0 0.0 3.0 0.0
373.00127414063036 0.0 0.0 0.0 1.0 0.0 0.0 3.0 0.0
374.0276099796894 0.0 0.0 0.0 1.0 0.0 0.0 3.0 0.0
375.0194874879816 0.0 0.0 0.0 1.0 0.0 0.0 3.0 0.0
376.02515668574995 0.0 0.0 0.0 1.0 0.0 0.0 3.0 0.0
377.0048736749287 0.0 0.0 0.0 1.0 0.0 0.0 3.0 0.0
378.00820840336667 0.0 0.0 0.0 1.0 0.0 0.0 3.0 0.0
379.0029847031953 0.0 0.0 0.0 1.0 0.0 0.0 3.0 0.0
380.0142705256065 0.0 0.0 0.0 1.0 0.0 0.0 3.0 0.0
381.0276099796894 0.0 0.0 0.0 1.0 0.0 0.0 3.0 0.0
382.0276099796894 0.0 0.0 0.0 1.0 0.0 0.0 3.0 0.0
383.0201380692295 0.0 0.0 0.0 1.0 0.0 0.0 3.0 0.0
384.02479873394486 0.0 0.0 0.0 1.0 0.0 0.0 3.0 0.0
385.0276099796894 0.0 0.0 0.0 1.0 0.0 0.0 3.0 0.0
386.02182616523345 0.0 0.0 0.0 1.0 0.0 0.0 3.0 0.0
387.0276099796894 0.0 0.0 0.0 1.0 0.0 0.0 3.0 0.0
388.0276099796894 0.0 0.0 0.0 1.0 0.0 0.0 3.0 0.0
389.00066209527154 0.0 0.0 0.0 1.0 0.0 0.0 3.0 0.0
390.0276099796894 0.0 0.0 0.0 1.0 0.0 0.0 3.0 0.0
391.0276099796894 0.0 0.0 0.0 1.0 0.0 0.0 3.0 0.0
392.0276099796894 0.0 0.0 0.0 1.0 0.0 0.0 3.0 0.0
393.0276099796894 0.0 0.0 0.0 1.0 0.0 0.0 3.0 0.0
394.0208563469884 0.0 0.0 0.0 1.0 0.0 0.0 3.0 0.0
395.01746215669016 0.0 0.0 0.0 1.0 0.0 0.0 3.0 0.0
396.0212148938937 0.0 0.0 0.0 1.0 0.0 0.0 3.0 0.0
397.0276099796894 0.0 0.0 0.0 1.0 0.0 0.0 3.0 0.0
398.0276099796894 0.0 0.0 0.0 1.0 0.0 0.0 3.0 0.0
399.0276099796894 0.0 0.0 0.0 1.0 0.0 0.0 3.0 0.0
400.02445292043103 0.0 0.0 0.0 1.0 0.0 0.0 3.0 0.0
401.0158564274972 0.0 0.0 0.0 1.0 0.0 0.0 3.0 0.0
402.02098487459426 0.0 0.0 0.0 1.0 0.0 0.0 3.0 0.0
403.0159396647291 0.0 0.0 0.0 1.0 0.0 0.0 3.0 0.0
404.0276099796894 0.0 0.0 0.0 1.0 0.0 0.0 3.0 0.0
405.0258756274105 0.0 0.0 0.0 1.0 0.0 0.0 3.0 0.0
406.0167846242121 0.0 0.0 0.0 1.0 0.0 0.0 3.0 0.0
407.01577053876167 0.0 0.0 0.0 1.0 0.0 0.0 3.0 0.0
408.0126677598316 0.0 0.0 0.0 1.0 0.0 0.0 3.0 0.0
409.01044606145155 0.0 0.0 0.0 1.0 0.0 0.0 3.0 0.0
410.01027641815637 0.0 0.0 0.0 1.0 0.0 0.0 3.0 0.0
411.0276099796894 0.0 0.0 0.0 1.0 0.0 0.0 3.0 0.0
412.0271747939777 0.0 0.0 0.0 1.0 0.0 0.0 3.0 0.0
413.00970987762247 0.0 0.0 0.0 1.0 0.0 0.0 3.0 0.0
414.0221784839095 0.0 0.0 0.0 1.0 0.0 0.0 3.0 0.0
415.01957202625624 0.0 0.0 0.0 1.0 0.0 0.0 3.0 0.0
416.0276099796894 0.0 0.0 0.0 1.0 0.0 0.0 3.0 0.0
417.0276099796894 0.0 0.0 0.0 1.0 0.0 0.0 3.0 0.0
418.0206124452142 0.0 0.0 0.0 1.0 0.0 0.0 3.0 0.0
419.00337286248606 0.0 0.0 0.0 1.0 0.0 0.0 3.0 0.0
420.0180612915171 0.0 0.0 0.0 1.0 0.0 0.0 3.0 0.0
421.0000401997394 0.0 0.0 0.0 1.0 0.0 0.0 3.0 0.0
422.0276099796894 0.0 0.0 0.0 1.0 0.0 0.0 3.0 0.0
423.0276099796894 0.0 0.0 0.0 1.0 0.0 0.0 3.0 0.0
424.00916584853576 0.0 0.0 0.0 1.0 0.0 0.0 3.0 0.0
425.0151898008781 0.0 0.0 0.0 1.0 0.0 0.0 3.0 0.0
426.0003710151597 0.0 0.0 0.0 1.0 0.0 0.0 3.0 0.0
427.0048338230597 0.0 0.0 0.0 1.0 0.0 0.0 3.0 0.0
428.0276099796894 0.0 0.0 0.0 1.0 0.0 0.0 3.0 0.0
429.0276099796894 0.0 0.0 0.0 1.0 0.0 0.0 3.0 0.0
430.0276099796894 0.0 0.0 0.0 1.0 0.0 0.0 3.0 0.0
431.02444095458475 0.0 0.0 0.0 1.0 0.0 0.0 3.0 0.0
432.0276099796894 0.0 0.0 0.0 1.0 0.0 0.0 3.0 0.0
433.0276099796894 0.0 0.0 0.0 1.0 0.0 0.0 3.0 0.0
434.0051809081804 0.0 0.0 0.0 1.0 0.0 0.0 3.0 0.0
435.01011678683017 0.0 0.0 0.0 1.0 0.0 0.0 3.0 0.0
436.016062255925 0.0 0.0 0.0 1.0 0.0 0.0 3.0 0.0
437.0276099796894 0.0 0.0 0.0 1.0 0.0 0.0 3.0 0.0
438.0276099796894 0.0 0.0 0.0 1.0 0.0 0.0 3.0 0.0
439.0276099796894 0.0 0.0 0.0 1.0 0.0 0.0 3.0 0.0
440.0276099796894 0.0 0.0 0.0 1.0 0.0 0.0 3.0 0.0
441.0276099796894 0.0 0.0 0.0 1.0 0.0 0.0 3.0 0.0
442.0276099796894 0.0 0.0 0.0 1.0 0.0 0.0 3.0 0.0
443.0276099796894 0.0 0.0 0.0 1.0 0.0 0.0 3.0 0.0
444.0276099796894 0.0 0.0 0.0 1.0 0.0 0.0 3.0 0.0
445.0113907262563 0.0 0.0 0.0 1.0 0.0 0.0 3.0 0.0
446.00788443069644 0.0 0.0 0.0 1.0 0.0 0.0 3.0 0.0
447.0003917571546 0.0 0.0 0.0 1.0 0.0 0.0 3.0 0.0
448.0231019627822 0.0 0.0 0.0 1.0 0.0 0.0 3.0 0.0
449.0276099796894 0.0 0.0 0.0 1.0 0.0 0.0 3.0 0.0
450.0125306941561 0.0 0.0 0.0 1.0 0.0 0.0 3.0 0.0
451.00674334373275 0.0 0.0 0.0 1.0 0.0 0.0 3.0 0.0
452.0007840505631 0.0 0.0 0.0 1.0 0.0 0.0 3.0 0.0
453.0253034826537 0.0 0.0 0.0 1.0 0.0 0.0 3.0 0.0
454.0276099796894 0.0 0.0 0.0 1.0 0.0 0.0 3.0 0.0
455.02020502242914 0.0 0.0 0.0 1.0 0.0 0.0 3.0 0.0
456.0276099796894 0.0 0.0 0.0 1.0 0.0 0.0 3.0 0.0
457.0209246438651 0.0 0.0 0.0 1.0 0.0 0.0 3.0 0.0
458.0276099796894 0.0 0.0 0.0 1.0 0.0 0.0 3.0 0.0
459.0276099796894 0.0 0.0 0.0 1.0 0.0 0.0 3.0 0.0
460.0012474269361 0.0 0.0 0.0 1.0 0.0 0.0 3.0 0.0
461.0276099796894 0.0 0.0 0.0 1.0 0.0 0.0 3.0 0.0
462.0276099796894 0.0 0.0 0.0 1.0 0.0 0.0 3.0 0.0
463.0276099796894 0.0 0.0 0.0 1.0 0.0 0.0 3.0 0.0
464.00269970347097 0.0 0.0 0.0 1.0 0.0 0.0 3.0 0.0
465.0049119787638 0.0 0.0 0.0 1.0 0.0 0.0 3.0 0.0
466.0276099796894 0.0 0.0 0.0 1.0 0.0 0.0 3.0 0.0
467.0276099796894 0.0 0.0 0.0 1.0 0.0 0.0 3.0 0.0
468.00067874504543 0.0 0.0 0.0 1.0 0.0 0.0 3.0 0.0
469.0276099796894 0.0 0.0 0.0 1.0 0.0 0.0 3.0 0.0
470.0276099796894 0.0 0.0 0.0 1.0 0.0 0.0 3.0 0.0
471.0236217117414 0.0 0.0 0.0 1.0 0.0 0.0 3.0 0.0
472.0276099796894 0.0 0.0 0.0 1.0 0.0 0.0 3.0 0.0
473.00971076710766 0.0 0.0 0.0 1.0 0.0 0.0 3.0 0.0
474.0113129125073 0.0 0.0 0.0 1.0 0.0 0.0 3.0 0.0
475.0276099796894 0.0 0.0 0.0 1.0 0.0 0.0 3.0 0.0
476.0162011009074 0.0 0.0 0.0 1.0 0.0 0.0 3.0 0.0
477.0276099796894 0.0 0.0 0.0 1.0 0.0 0.0 3.0 0.0
478.00358446776875 0.0 0.0 0.0 1.0 0.0 0.0 3.0 0.0
479.0276099796894 0.0 0.0 0.0 1.0 0.0 0.0 3.0 0.0
480.0130920956138 0.0 0.0 0.0 1.0 0.0 0.0 3.0 0.0
481.0192571629285 0.0 0.0 0.0 1.0 0.0 0.0 3.0 0.0
482.0048261482209 0.0 0.0 0.0 1.0 0.0 0.0 3.0 0.0
483.0276099796894 0.0 0.0 0.0 1.0 0.0 0.0 3.0 0.0
484.0276099796894 0.0 0.0 0.0 1.0 0.0 0.0 3.0 0.0
485.0276099796894 0.0 0.0 0.0 1.0 0.0 0.0 3.0 0.0
486.0276099796894 0.0 0.0 0.0 1.0 0.0 0.0 3.0 0.0
487.0276099796894 0.0 0.0 0.0 1.0 0.0 0.0 3.0 0.0
488.0075573267885 0.0 0.0 0.0 1.0 0.0 0.0 3.0 0.0
489.0276099796894 0.0 0.0 0.0 1.0 0.0 0.0 3.0 0.0
490.0276099796894 0.0 0.0 0.0 1.0 0.0 0.0 3.0 0.0
491.0276099796894 0.0 0.0 0.0 1.0 0.0 0.0 3.0 0.0
492.0276099796894 0.0 0.0 0.0 1.0 0.0 0.0 3.0 0.0
493.00727212587407 0.0 0.0 0.0 1.0 0.0 0.0 3.0 0.0
494.0276099796894 0.0 0.0 0.0 1.0 0.0 0.0 3.0 0.0
495.0276099796894 0.0 0.0 0.0 1.0 0.0 0.0 3.0 0.0
496.0276099796894 0.0 0.0 0.0 1.0 0.0 0.0 3.0 0.0
497.0276099796894 0.0 0.0 0.0 1.0 0.0 0.0 3.0 0.0
498.00760787342324 0.0 0.0 0.0 1.0 0.0 0.0 3.0 0.0
499.0261414061633 0.0 0.0 0.0 1.0 0.0 0.0 3.0 0.0
500.0276099796894 0.0 0.0 0.0 1.0 0.0 0.0 3.0 0.0
501.0049225653689 0.0 0.0 0.0 1.0 0.0 0.0 3.0 0.0
502.0080256142604 0.0 0.0 0.0 1.0 0.0 0.0 3.0 0.0
503.0276099796894 0.0 0.0 0.0 1.0 0.0 0.0 3.0 0.0
504.00565741332554 0.0 0.0 0.0 1.0 0.0 0.0 3.0 0.0
505.0276099796894 0.0 0.0 0.0 1.0 0.0 0.0 3.0 0.0
506.0002095643503 0.0 0.0 0.0 1.0 0.0 0.0 3.0 0.0
507.0276099796894 0.0 0.0 0.0 1.0 0.0 0.0 3.0 0.0
508.0261392170949 0.0 0.0 0.0 1.0 0.0 0.0 3.0 0.0
509.0276099796894 0.0 0.0 0.0 1.0 0.0 0.0 3.0 0.0
510.0036317380742 0.0 0.0 0.0 1.0 0.0 0.0 3.0 0.0
511.02287248329975 0.0 0.0 0.0 1.0 0.0 0.0 3.0 0.0
512.007397801798 0.0 0.0 0.0 1.0 0.0 0.0 3.0 0.0
513.0276099796894 0.0 0.0 0.0 1.0 0.0 0.0 3.0 0.0
514.0091770892446 0.0 0.0 0.0 1.0 0.0 0.0 3.0 0.0
515.0081889715052 0.0 0.0 0.0 1.0 0.0 0.0 3.0 0.0
516.0003138438844 0.0 0.0 0.0 1.0 0.0 0.0 3.0 0.0
517.0092378701814 0.0 0.0 0.0 1.0 0.0 0.0 3.0 0.0
518.0147114494787 0.0 0.0 0.0 1.0 0.0 0.0 3.0 0.0
519.0000118429446 0.0 0.0 0.0 1.0 0.0 0.0 3.0 0.0
520.0004749479873 0.0 0.0 0.0 1.0 0.0 0.0 3.0 0.0
521.0124983727619 0.0 0.0 0.0 1.0 0.0 0.0 3.0 0.0
522.0093919503062 0.0 0.0 0.0 1.0 0.0 0.0 3.0 0.0
523.0155983344418 0.0 0.0 0.0 1.0 0.0 0.0 3.0 0.0
524.0276099796894 0.0 0.0 0.0 1.0 0.0 0.0 3.0 0.0
525.0145150767703 0.0 0.0 0.0 1.0 0.0 0.0 3.0 0.0
526.0159223773614 0.0 0.0 0.0 1.0 0.0 0.0 3.0 0.0
527.0276099796894 0.0 0.0 0.0 1.0 0.0 0.0 3.0 0.0
528.0046599675383 0.0 0.0 0.0 1.0 0.0 0.0 3.0 0.0
529.0276099796894 0.0 0.0 0.0 1.0 0.0 0.0 3.0 0.0
530.0116416429217 0.0 0.0 0.0 1.0 0.0 0.0 3.0 0.0
531.0092268087841 0.0 0.0 0.0 1.0 0.0 0.0 3.0 0.0
532.0055692397452 0.0 0.0 0.0 1.0 0.0 0.0 3.0 0.0
533.0078222711373 0.0 0.0 0.0 1.0 0.0 0.0 3.0 0.0
534.0189559623817 0.0 0.0 0.0 1.0 0.0 0.0 3.0 0.0
535.0010130069387 0.0 0.0 0.0 1.0 0.0 0.0 3.0 0.0
536.020860398564 0.0 0.0 0.0 1.0 0.0 0.0 3.0 0.0
537.0276099796894 0.0 0.0 0.0 1.0 0.0 0.0 3.0 0.0
538.0155527024017 0.0 0.0 0.0 1.0 0.0 0.0 3.0 0.0
539.0003727713306 0.0 0.0 0.0 1.0 0.0 0.0 3.0 0.0
540.0276099796894 0.0 0.0 0.0 1.0 0.0 0.0 3.0 0.0
541.0085664458363 0.0 0.0 0.0 1.0 0.0 0.0 3.0 0.0
542.0069824289398 0.0 0.0 0.0 1.0 0.0 0.0 3.0 0.0
543.0274068713273 0.0 0.0 0.0 1.0 0.0 0.0 3.0 0.0
544.0228740497851 0.0 0.0 0.0 1.0 0.0 0.0 3.0 0.0
545.0041340304514 0.0 0.0 0.0 1.0 0.0 0.0 3.0 0.0
546.0198986088865 0.0 0.0 0.0 1.0 0.0 0.0 3.0 0.0
547.0276099796894 0.0 0.0 0.0 1.0 0.0 0.0 3.0 0.0
548.0230142425636 0.0 0.0 0.0 1.0 0.0 0.0 3.0 0.0
549.0251784997486 0.0 0.0 0.0 1.0 0.0 0.0 3.0 0.0
550.0137285346702 0.0 0.0 0.0 1.0 0.0 0.0 3.0 0.0
551.0276099796894 0.0 0.0 0.0 1.0 0.0 0.0 3.0 0.0
552.0008639466233 0.0 0.0 0.0 1.0 0.0 0.0 3.0 0.0
553.0079716733742 0.0 0.0 0.0 1.0 0.0 0.0 3.0 0.0
554.0276099796894 0.0 0.0 0.0 1.0 0.0 0.0 3.0 0.0
555.0035604164352 0.0 0.0 0.0 1.0 0.0 0.0 3.0 0.0
556.0276099796894 0.0 0.0 0.0 1.0 0.0 0.0 3.0 0.0
557.0276099796894 0.0 0.0 0.0 1.0 0.0 0.0 3.0 0.0
558.0121843378117 0.0 0.0 0.0 1.0 0.0 0.0 3.0 0.0
559.017694479743 0.0 0.0 0.0 1.0 0.0 0.0 3.0 0.0
560.0096745111471 0.0 0.0 0.0 1.0 0.0 0.0 3.0 0.0
561.0003954563587 0.0 0.0 0.0 1.0 0.0 0.0 3.0 0.0
562.0276099796894 0.0 0.0 0.0 1.0 0.0 0.0 3.0 0.0
563.0276099796894 0.0 0.0 0.0 1.0 0.0 0.0 3.0 0.0
564.0276099796894 0.0 0.0 0.0 1.0 0.0 0.0 3.0 0.0
565.0094472644244 0.0 0.0 0.0 1.0 0.0 0.0 3.0 0.0
566.010475370572 0.0 0.0 0.0 1.0 0.0 0.0 3.0 0.0
567.0276099796894 0.0 0.0 0.0 1.0 0.0 0.0 3.0 0.0
568.0276099796894 0.0 0.0 0.0 1.0 0.0 0.0 3.0 0.0
569.0107166687291 0.0 0.0 0.0 1.0 0.0 0.0 3.0 0.0
570.0260374568948 0.0 0.0 0.0 1.0 0.0 0.0 3.0 0.0
571.0132452193943 0.0 0.0 0.0 1.0 0.0 0.0 3.0 0.0
572.0119432974407 0.0 0.0 0.0 1.0 0.0 0.0 3.0 0.0
573.0169540538242 0.0 0.0 0.0 1.0 0.0 0.0 3.0 0.0
574.0251362453325 0.0 0.0 0.0 1.0 0.0 0.0 3.0 0.0
575.0010716992838 0.0 0.0 0.0 1.0 0.0 0.0 3.0 0.0
576.0023064420843 0.0 0.0 0.0 1.0 0.0 0.0 3.0 0.0
577.023413580053 0.0 0.0 0.0 1.0 0.0 0.0 3.0 0.0
578.0030383205707 0.0 0.0 0.0 1.0 0.0 0.0 3.0 0.0
579.0276099796894 0.0 0.0 0.0 1.0 0.0 0.0 3.0 0.0
580.0246659505209 0.0 0.0 0.0 1.0 0.0 0.0 3.0 0.0
581.0276099796894 0.0 0.0 0.0 1.0 0.0 0.0 3.0 0.0
582.0060122093039 0.0 0.0 0.0 1.0 0.0 0.0 3.0 0.0
583.0276099796894 0.0 0.0 0.0 1.0 0.0 0.0 3.0 0.0
584.0276099796894 0.0 0.0 0.0 1.0 0.0 0.0 3.0 0.0
585.0188906410859 0.0 0.0 0.0 1.0 0.0 0.0 3.0 0.0
586.0114557213162 0.0 0.0 0.0 1.0 0.0 0.0 3.0 0.0
587.0001131376838 0.0 0.0 0.0 1.0 0.0 0.0 3.0 0.0
588.0029330057087 0.0 0.0 0.0 1.0 0.0 0.0 3.0 0.0
589.0276099796894 0.0 0.0 0.0 1.0 0.0 0.0 3.0 0.0
590.014748670802 0.0 0.0 0.0 1.0 0.0 0.0 3.0 0.0
591.0276099796894 0.0 0.0 0.0 1.0 0.0 0.0 3.0 0.0
592.0172069868929 0.0 0.0 0.0 1.0 0.0 0.0 3.0 0.0
593.0212952877886 0.0 0.0 0.0 1.0 0.0 0.0 3.0 0.0
594.0276099796894 0.0 0.0 0.0 1.0 0.0 0.0 3.0 0.0
595.0046371647143 0.0 0.0 0.0 1.0 0.0 0.0 3.0 0.0
596.0076543780738 0.0 0.0 0.0 1.0 0.0 0.0 3.0 0.0
597.0066861320987 0.0 0.0 0.0 1.0 0.0 0.0 3.0 0.0
598.0276099796894 0.0 0.0 0.0 1.0 0.0 0.0 3.0 0.0
599.0023020185106 0.0 0.0 0.0 1.0 0.0 0.0 3.0 0.0
600.0 0.0 0.0 0.0 1.0 0.0 1.0 3.0 0.0
601.0074359014989 0.875 0.0 0.0 0.125 0.0 1.0 3.1 0.21341463414634146
602.0048154628076 1.0 0.0 0.0 0.0 0.0 1.0 3.95 0.0
603.0276099796894 1.0 0.0 0.0 0.0 0.0 1.0 4.725 0.0
604.0178388818532 1.0 0.0 0.0 0.0 0.0 1.0 4.9 0.0
605.0127029050865 1.0 0.0 0.0 0.0 0.0 1.0 5.0 0.0
606.0276099796894 1.0 0.0 0.0 0.0 0.0 1.0 5.0 0.0
607.0069364044532 1.0 0.0 0.0 0.0 0.0 1.0 5.0 0.0
608.0276099796894 1.0 0.0 0.0 0.0 0.0 1.0 5.0 0.0
609.0276099796894 1.0 0.0 0.0 0.0 0.0 1.0 5.0 0.0
610.0255754716952 1.0 0.0 0.0 0.0 0.0 1.0 5.0 0.0
611.0203914032004 1.0 0.0 0.0 0.0 0.0 1.0 5.0 0.0
612.0072467216369 1.0 0.0 0.0 0.0 0.0 1.0 5.0 0.0
613.0010396494711 1.0 0.0 0.0 0.0 0.0 1.0 5.0 0.0
614.0096195599804 1.0 0.0 0.0 0.0 0.0 1.0 5.0 0.0
615.0259791489991 1.0 0.0 0.0 0.0 0.0 1.0 5.0 0.0
616.0276099796894 1.0 0.0 0.0 0.0 0.0 1.0 5.0 0.0
617.0007383163912 1.0 0.0 0.0 0.0 0.0 1.0 5.0 0.0
618.0276099796894 1.0 0.0 0.0 0.0 0.0 1.0 5.0 0.0
619.0276099796894 1.0 0.0 0.0 0.0 0.0 1.0 5.0 0.0
620.0035778785943 1.0 0.0 0.0 0.0 0.0 1.0 5.0 0.0
621.0276099796894 1.0 0.0 0.0 0.0 0.0 1.0 5.0 0.0
622.0067075659725 1.0 0.0 0.0 0.0 0.0 1.0 5.0 0.0
623.0243677938463 1.0 0.0 0.0 0.0 0.0 1.0 5.0 0.0
624.0083638740758 1.0 0.0 0.0 0.0 0.0 1.0 5.0 0.0
625.0129408547751 1.0 0.0 0.0 0.0 0.0 1.0 5.0 0.0
626.0276099796894 1.0 0.0 0.0 0.0 0.0 1.0 5.0 0.0
627.0118585628527 1.0 0.0 0.0 0.0 0.0 1.0 5.0 0.0
628.0276099796894 1.0 0.0 0.0 0.0 0.0 1.0 5.0 0.0
629.0276099796894 1.0 0.0 0.0 0.0 0.0 1.0 5.0 0.0
630.0276099796894 1.0 0.0 0.0 0.0 0.0 1.0 5.0 0.0
631.0263491693177 1.0 0.0 0.0 0.0 0.0 1.0 5.0 0.0
632.0276099796894 1.0 0.0 0.0 0.0 0.0 1.0 5.0 0.0
633.0099806463264 1.0 0.0 0.0 0.0 0.0 1.0 5.0 0.0
634.0060516353224 1.0 0.0 0.0 0.0 0.0 1.0 5.0 0.0
635.0146572089014 1.0 0.0 0.0 0.0 0.0 1.0 5.0 0.0
636.0032132559145 1.0 0.0 0.0 0.0 0.0 1.0 5.0 0.0
637.0038663020215 1.0 0.0 0.0 0.0 0.0 1.0 5.0 0.0
638.0152805657042 1.0 0.0 0.0 0.0 0.0 1.0 5.0 0.0
639.0276099796894 1.0 0.0 0.0 0.0 0.0 1.0 5.0 0.0
640.0049167888233 1.0 0.0 0.0 0.0 0.0 1.0 5.0 0.0
641.0182213049618 1.0 0.0 0.0 0.0 0.0 1.0 5.0 0.0
642.0276099796894 1.0 0.0 0.0 0.0 0.0 1.0 5.0 0.0
643.0068674098908 1.0 0.0 0.0 0.0 0.0 1.0 5.0 0.0
644.0174660964194 1.0 0.0 0.0 0.0 0.0 1.0 5.0 0.0
645.0197710098121 1.0 0.0 0.0 0.0 0.0 1.0 5.0 0.0
646.0015223821757 1.0 0.0 0.0 0.0 0.0 1.0 5.0 0.0
647.0276099796894 1.0 0.0 0.0 0.0 0.0 1.0 5.0 0.0
648.0035283816507 1.0 0.0 0.0 0.0 0.0 1.0 5.0 0.0
649.0222416719934 1.0 0.0 0.0 0.0 0.0 1.0 5.0 0.0
650.0058088541447 1.0 0.0 0.0 0.0 0.0 1.0 5.0 0.0
651.0276099796894 1.0 0.0 0.0 0.0 0.0 1.0 5.0 0.0
652.019787119407 1.0 0.0 0.0 0.0 0.0 1.0 5.0 0.0
653.0276099796894 1.0 0.0 0.0 0.0 0.0 1.0 5.0 0.0
654.0276099796894 1.0 0.0 0.0 0.0 0.0 1.0 5.0 0.0
655.0018536994347 1.0 0.0 0.0 0.0 0.0 1.0 5.0 0.0
656.0276099796894 1.0 0.0 0.0 0.0 0.0 1.0 5.0 0.0
657.0138284803567 1.0 0.0 0.0 0.0 0.0 1.0 5.0 0.0
658.0276099796894 1.0 0.0 0.0 0.0 0.0 1.0 5.0 0.0
659.0138717246815 1.0 0.0 0.0 0.0 0.0 1.0 5.0 0.0
660.0129110231155 1.0 0.0 0.0 0.0 0.0 1.0 5.0 0.0
661.0203008520111 1.0 0.0 0.0 0.0 0.0 1.0 5.0 0.0
662.0113494837865 1.0 0.0 0.0 0.0 0.0 1.0 5.0 0.0
663.0198137184304 1.0 0.0 0.0 0.0 0.0 1.0 5.0 0.0
664.0098009902284 1.0 0.0 0.0 0.0 0.0 1.0 5.0 0.0
665.0143675150648 1.0 0.0 0.0 0.0 0.0 1.0 5.0 0.0
666.0023804267593 1.0 0.0 0.0 0.0 0.0 1.0 5.0 0.0
667.0072091739657 1.0 0.0 0.0 0.0 0.0 1.0 5.0 0.0
668.0276099796894 1.0 0.0 0.0 0.0 0.0 1.0 5.0 0.0
669.0276099796894 1.0 0.0 0.0 0.0 0.0 1.0 5.0 0.0
670.0276099796894 1.0 0.0 0.0 0.0 0.0 1.0 5.0 0.0
671.0121814591419 1.0 0.0 0.0 0.0 0.0 1.0 5.0 0.0
672.0276099796894 1.0 0.0 0.0 0.0 0.0 1.0 5.0 0.0
673.0158706382679 1.0 0.0 0.0 0.0 0.0 1.0 5.0 0.0
674.0104786714348 1.0 0.0 0.0 0.0 0.0 1.0 5.0 0.0
675.0035352807188 1.0 0.0 0.0 0.0 0.0 1.0 5.0 0.0
676.0276099796894 1.0 0.0 0.0 0.0 0.0 1.0 5.0 0.0
677.0066559594759 1.0 0.0 0.0 0.0 0.0 1.0 5.0 0.0
678.0276099796894 1.0 0.0 0.0 0.0 0.0 1.0 5.0 0.0
679.0028067843228 1.0 0.0 0.0 0.0 0.0 1.0 5.0 0.0
680.0276099796894 1.0 0.0 0.0 0.0 0.0 1.0 5.0 0.0
681.0186206348186 1.0 0.0 0.0 0.0 0.0 1.0 5.0 0.0
682.0276099796894 1.0 0.0 0.0 0.0 0.0 1.0 5.0 0.0
683.01630463332 1.0 0.0 0.0 0.0 0.0 1.0 5.0 0.0
684.0276099796894 1.0 0.0 0.0 0.0 0.0 1.0 5.0 0.0
685.0276099796894 1.0 0.0 0.0 0.0 0.0 1.0 5.0 0.0
686.0157423269167 1.0 0.0 0.0 0.0 0.0 1.0 5.0 0.0
687.0276099796894 1.0 0.0 0.0 0.0 0.0 1.0 5.0 0.0
688.011610409874 1.0 0.0 0.0 0.0 0.0 1.0 5.0 0.0
689.016522888198 1.0 0.0 0.0 0.0 0.0 1.0 5.0 0.0
690.0276099796894 1.0 0.0 0.0 0.0 0.0 1.0 5.0 0.0
691.0159136234162 1.0 0.0 0.0 0.0 0.0 1.0 5.0 0.0
692.0069748840082 1.0 0.0 0.0 0.0 0.0 1.0 5.0 0.0
693.0249441457788 1.0 0.0 0.0 0.0 0.0 1.0 5.0 0.0
694.0276099796894 1.0 0.0 0.0 0.0 0.0 1.0 5.0 0.0
695.0276099796894 1.0 0.0 0.0 0.0 0.0 1.0 5.0 0.0
696.0049299394901 1.0 0.0 0.0 0.0 0.0 1.0 5.0 0.0
697.0273714582024 1.0 0.0 0.0 0.0 0.0 1.0 5.0 0.0
698.0080558565826 1.0 0.0 0.0 0.0 0.0 1.0 5.0 0.0
699.0276099796894 1.0 0.0 0.0 0.0 0.0 1.0 5.0 0.0
700.0276099796894 1.0 0.0 0.0 0.0 0.0 1.0 5.0 0.0
701.0057954245366 1.0 0.0 0.0 0.0 0.0 1.0 5.0 0.0
702.0223258107198 1.0 0.0 0.0 0.0 0.0 1.0 5.0 0.0
703.0002112208145 1.0 0.0 0.0 0.0 0.0 1.0 5.0 0.0
704.0131409307049 1.0 0.0 0.0 0.0 0.0 1.0 5.0 0.0
705.0108209068663 1.0 0.0 0.0 0.0 0.0 1.0 5.0 0.0
706.017632760056 1.0 0.0 0.0 0.0 0.0 1.0 5.0 0.0
707.014478842342 1.0 0.0 0.0 0.0 0.0 1.0 5.0 0.0
708.0094551294588 1.0 0.0 0.0 0.0 0.0 1.0 5.0 0.0
709.0077714712859 1.0 0.0 0.0 0.0 0.0 1.0 5.0 0.0
710.0128514977077 1.0 0.0 0.0 0.0 0.0 1.0 5.0 0.0
711.0042277387837 1.0 0.0 0.0 0.0 0.0 1.0 5.0 0.0
712.011559581935 1.0 0.0 0.0 0.0 0.0 1.0 5.0 0.0
713.0016443857896 1.0 0.0 0.0 0.0 0.0 1.0 5.0 0.0
714.0276099796894 1.0 0.0 0.0 0.0 0.0 1.0 5.0 0.0
715.0052727397581 1.0 0.0 0.0 0.0 0.0 1.0 5.0 0.0
716.0149428412884 1.0 0.0 0.0 0.0 0.0 1.0 5.0 0.0
717.0276099796894 1.0 0.0 0.0 0.0 0.0 1.0 5.0 0.0
718.0179424854814 1.0 0.0 0.0 0.0 0.0 1.0 5.0 0.0
719.0127382124624 1.0 0.0 0.0 0.0 0.0 1.0 5.0 0.0
720.0276099796894 1.0 0.0 0.0 0.0 0.0 1.0 5.0 0.0
721.0062170390863 1.0 0.0 0.0 0.0 0.0 1.0 5.0 0.0
722.006607609023 1.0 0.0 0.0 0.0 0.0 1.0 5.0 0.0
723.0186297755056 1.0 0.0 0.0 0.0 0.0 1.0 5.0 0.0
724.0081498122909 1.0 0.0 0.0 0.0 0.0 1.0 5.0 0.0
725.0046044829802 1.0 0.0 0.0 0.0 0.0 1.0 5.0 0.0
726.0102847453352 1.0 0.0 0.0 0.0 0.0 1.0 5.0 0.0
727.0110752532513 1.0 0.0 0.0 0.0 0.0 1.0 5.0 0.0
728.0276099796894 1.0 0.0 0.0 0.0 0.0 1.0 5.0 0.0
729.0029358497463 1.0 0.0 0.0 0.0 0.0 1.0 5.0 0.0
730.0049773319784 1.0 0.0 0.0 0.0 0.0 1.0 5.0 0.0
731.0049017076689 1.0 0.0 0.0 0.0 0.0 1.0 5.0 0.0
732.0028876903016 1.0 0.0 0.0 0.0 0.0 1.0 5.0 0.0
733.0019733462311 1.0 0.0 0.0 0.0 0.0 1.0 5.0 0.0
734.0197670525072 1.0 0.0 0.0 0.0 0.0 1.0 5.0 0.0
735.0246023164044 1.0 0.0 0.0 0.0 0.0 1.0 5.0 0.0
736.0141969935187 1.0 0.0 0.0 0.0 0.0 1.0 5.0 0.0
737.0269985704713 1.0 0.0 0.0 0.0 0.0 1.0 5.0 0.0
738.0059790547523 1.0 0.0 0.0 0.0 0.0 1.0 5.0 0.0
739.0192506389935 1.0 0.0 0.0 0.0 0.0 1.0 5.0 0.0
740.0276099796894 1.0 0.0 0.0 0.0 0.0 1.0 5.0 0.0
741.0276099796894 1.0 0.0 0.0 0.0 0.0 1.0 5.0 0.0
742.0276099796894 1.0 0.0 0.0 0.0 0.0 1.0 5.0 0.0
743.0097312569657 1.0 0.0 0.0 0.0 0.0 1.0 5.0 0.0
744.0140878256328 1.0 0.0 0.0 0.0 0.0 1.0 5.0 0.0
745.0164926769269 1.0 0.0 0.0 0.0 0.0 1.0 5.0 0.0
746.0235562574381 1.0 0.0 0.0 0.0 0.0 1.0 5.0 0.0
747.0276099796894 1.0 0.0 0.0 0.0 0.0 1.0 5.0 0.0
748.0094083711086 1.0 0.0 0.0 0.0 0.0 1.0 5.0 0.0
749.0065730918487 1.0 0.0 0.0 0.0 0.0 1.0 5.0 0.0
750.0130235267426 1.0 0.0 0.0 0.0 0.0 1.0 5.0 0.0
751.0276099796894 1.0 0.0 0.0 0.0 0.0 1.0 5.0 0.0
752.012165828518 1.0 0.0 0.0 0.0 0.0 1.0 5.0 0.0
753.0276099796894 1.0 0.0 0.0 0.0 0.0 1.0 5.0 0.0
754.0220438736469 1.0 0.0 0.0 0.0 0.0 1.0 5.0 0.0
755.0048700423389 1.0 0.0 0.0 0.0 0.0 1.0 5.0 0.0
756.0276099796894 1.0 0.0 0.0 0.0 0.0 1.0 5.0 0.0
757.0183976588928 1.0 0.0 0.0 0.0 0.0 1.0 5.0 0.0
758.01251613334 1.0 0.0 0.0 0.0 0.0 1.0 5.0 0.0
759.0108826233384 1.0 0.0 0.0 0.0 0.0 1.0 5.0 0.0
760.0047696173442 1.0 0.0 0.0 0.0 0.0 1.0 5.0 0.0
761.0078364104414 1.0 0.0 0.0 0.0 0.0 1.0 5.0 0.0
762.0172113068774 1.0 0.0 0.0 0.0 0.0 1.0 5.0 0.0
763.0276099796894 1.0 0.0 0.0 0.0 0.0 1.0 5.0 0.0
764.0165890280667 1.0 0.0 0.0 0.0 0.0 1.0 5.0 0.0
765.0178972391618 1.0 0.0 0.0 0.0 0.0 1.0 5.0 0.0
766.0276099796894 1.0 0.0 0.0 0.0 0.0 1.0 5.0 0.0
767.002055932473 1.0 0.0 0.0 0.0 0.0 1.0 5.0 0.0
768.0148840830296 1.0 0.0 0.0 0.0 0.0 1.0 5.0 0.0
769.0276099796894 1.0 0.0 0.0 0.0 0.0 1.0 5.0 0.0
770.0276099796894 1.0 0.0 0.0 0.0 0.0 1.0 5.0 0.0
771.0077171249225 1.0 0.0 0.0 0.0 0.0 1.0 5.0 0.0
772.0276099796894 1.0 0.0 0.0 0.0 0.0 1.0 5.0 0.0
773.0276099796894 1.0 0.0 0.0 0.0 0.0 1.0 5.0 0.0
774.0115036099056 1.0 0.0 0.0 0.0 0.0 1.0 5.0 0.0
775.0127684001991 1.0 0.0 0.0 0.0 0.0 1.0 5.0 0.0
776.0273562126541 1.0 0.0 0.0 0.0 0.0 1.0 5.0 0.0
777.0014211125945 1.0 0.0 0.0 0.0 0.0 1.0 5.0 0.0
778.0212167724433 1.0 0.0 0.0 0.0 0.0 1.0 5.0 0.0
779.0096202052284 1.0 0.0 0.0 0.0 0.0 1.0 5.0 0.0
780.0195267199965 1.0 0.0 0.0 0.0 0.0 1.0 5.0 0.0
781.0276099796894 1.0 0.0 0.0 0.0 0.0 1.0 5.0 0.0
782.0100582665914 1.0 0.0 0.0 0.0 0.0 1.0 5.0 0.0
783.0019908822741 1.0 0.0 0.0 0.0 0.0 1.0 5.0 0.0
784.0017120673165 1.0 0.0 0.0 0.0 0.0 1.0 5.0 0.0
785.0276099796894 1.0 0.0 0.0 0.0 0.0 1.0 5.0 0.0
786.0041925699848 1.0 0.0 0.0 0.0 0.0 1.0 5.0 0.0
787.0124160154147 1.0 0.0 0.0 0.0 0.0 1.0 5.0 0.0
788.0023539193805 1.0 0.0 0.0 0.0 0.0 1.0 5.0 0.0
789.027090802662 1.0 0.0 0.0 0.0 0.0 1.0 5.0 0.0
790.0276099796894 1.0 0.0 0.0 0.0 0.0 1.0 5.0 0.0
791.0276099796894 1.0 0.0 0.0 0.0 0.0 1.0 5.0 0.0
792.0065956320888 1.0 0.0 0.0 0.0 0.0 1.0 5.0 0.0
793.0127082162056 1.0 0.0 0.0 0.0 0.0 1.0 5.0 0.0
794.0132039411293 1.0 0.0 0.0 0.0 0.0 1.0 5.0 0.0
795.0140704610512 1.0 0.0 0.0 0.0 0.0 1.0 5.0 0.0
796.0058512894791 1.0 0.0 0.0 0.0 0.0 1.0 5.0 0.0
797.0276099796894 1.0 0.0 0.0 0.0 0.0 1.0 5.0 0.0
798.0276099796894 1.0 0.0 0.0 0.0 0.0 1.0 5.0 0.0
799.0230357476873 1.0 0.0 0.0 0.0 0.0 1.0 5.0 0.0
800.0276099796894 1.0 0.0 0.0 0.0 0.0 1.0 5.0 0.0
801.0207514780208 1.0 0.0 0.0 0.0 0.0 1.0 5.0 0.0
802.0018867714526 1.0 0.0 0.0 0.0 0.0 1.0 5.0 0.0
803.0258503482352 1.0 0.0 0.0 0.0 0.0 1.0 5.0 0.0
804.0276099796894 1.0 0.0 0.0 0.0 0.0 1.0 5.0 0.0
805.0057580619442 1.0 0.0 0.0 0.0 0.0 1.0 5.0 0.0
806.0178208110677 1.0 0.0 0.0 0.0 0.0 1.0 5.0 0.0
807.0092474209495 1.0 0.0 0.0 0.0 0.0 1.0 5.0 0.0
808.002522417939 1.0 0.0 0.0 0.0 0.0 1.0 5.0 0.0
809.0151009482346 1.0 0.0 0.0 0.0 0.0 1.0 5.0 0.0
810.0276099796894 1.0 0.0 0.0 0.0 0.0 1.0 5.0 0.0
811.0276099796894 1.0 0.0 0.0 0.0 0.0 1.0 5.0 0.0
812.0196849897114 1.0 0.0 0.0 0.0 0.0 1.0 5.0 0.0
813.0276099796894 1.0 0.0 0.0 0.0 0.0 1.0 5.0 0.0
814.0089506517496 1.0 0.0 0.0 0.0 0.0 1.0 5.0 0.0
815.0014211599089 1.0 0.0 0.0 0.0 0.0 1.0 5.0 0.0
816.0276099796894 1.0 0.0 0.0 0.0 0.0 1.0 5.0 0.0
817.0023988479586 1.0 0.0 0.0 0.0 0.0 1.0 5.0 0.0
818.0276099796894 1.0 0.0 0.0 0.0 0.0 1.0 5.0 0.0
819.0249211755241 1.0 0.0 0.0 0.0 0.0 1.0 5.0 0.0
820.0158660146163 1.0 0.0 0.0 0.0 0.0 1.0 5.0 0.0
821.0170338727903 1.0 0.0 0.0 0.0 0.0 1.0 5.0 0.0
822.0087572327471 1.0 0.0 0.0 0.0 0.0 1.0 5.0 0.0
823.0276099796894 1.0 0.0 0.0 0.0 0.0 1.0 5.0 0.0
824.0000287671227 1.0 0.0 0.0 0.0 0.0 1.0 5.0 0.0
825.0037559252353 1.0 0.0 0.0 0.0 0.0 1.0 5.0 0.0
826.0008405094746 1.0 0.0 0.0 0.0 0.0 1.0 5.0 0.0
827.0224866456922 1.0 0.0 0.0 0.0 0.0 1.0 5.0 0.0
828.0091346316636 1.0 0.0 0.0 0.0 0.0 1.0 5.0 0.0
829.0061657846467 1.0 0.0 0.0 0.0 0.0 1.0 5.0 0.0
830.025597453616 1.0 0.0 0.0 0.0 0.0 1.0 5.0 0.0
831.0240343346537 1.0 0.0 0.0 0.0 0.0 1.0 5.0 0.0
832.0070854314047 1.0 0.0 0.0 0.0 0.0 1.0 5.0 0.0
833.0160192481525 1.0 0.0 0.0 0.0 0.0 1.0 5.0 0.0
834.0013125010138 1.0 0.0 0.0 0.0 0.0 1.0 5.0 0.0
835.0063926610562 1.0 0.0 0.0 0.0 0.0 1.0 5.0 0.0
836.0276099796894 1.0 0.0 0.0 0.0 0.0 1.0 5.0 0.0
837.0276099796894 1.0 0.0 0.0 0.0 0.0 1.0 5.0 0.0
838.0276099796894 1.0 0.0 0.0 0.0 0.0 1.0 5.0 0.0
839.0174647356217 1.0 0.0 0.0 0.0 0.0 1.0 5.0 0.0
840.0025932506343 1.0 0.0 0.0 0.0 0.0 1.0 5.0 0.0
841.0030678205815 1.0 0.0 0.0 0.0 0.0 1.0 5.0 0.0
842.001734837202 1.0 0.0 0.0 0.0 0.0 1.0 5.0 0.0
843.0063343440947 1.0 0.0 0.0 0.0 0.0 1.0 5.0 0.0
844.0048723949833 1.0 0.0 0.0 0.0 0.0 1.0 5.0 0.0
845.0276099796894 1.0 0.0 0.0 0.0 0.0 1.0 5.0 0.0
846.0276099796894 1.0 0.0 0.0 0.0 0.0 1.0 5.0 0.0
847.0194319127364 1.0 0.0 0.0 0.0 0.0 1.0 5.0 0.0
848.0273677558165 1.0 0.0 0.0 0.0 0.0 1.0 5.0 0.0
849.0223563647579 1.0 0.0 0.0 0.0 0.0 1.0 5.0 0.0
850.0276099796894 1.0 0.0 0.0 0.0 0.0 1.0 5.0 0.0
851.0092753750129 1.0 0.0 0.0 0.0 0.0 1.0 5.0 0.0
852.0019067603419 1.0 0.0 0.0 0.0 0.0 1.0 5.0 0.0
853.0006604296682 1.0 0.0 0.0 0.0 0.0 1.0 5.0 0.0
854.014754970586 1.0 0.0 0.0 0.0 0.0 1.0 5.0 0.0
855.0276099796894 1.0 0.0 0.0 0.0 0.0 1.0 5.0 0.0
856.0232561676646 1.0 0.0 0.0 0.0 0.0 1.0 5.0 0.0
857.0276099796894 1.0 0.0 0.0 0.0 0.0 1.0 5.0 0.0
858.0194997144862 1.0 0.0 0.0 0.0 0.0 1.0 5.0 0.0
859.0187530591653 1.0 0.0 0.0 0.0 0.0 1.0 5.0 0.0
860.0007452208223 1.0 0.0 0.0 0.0 0.0 1.0 5.0 0.0
861.004227304619 1.0 0.0 0.0 0.0 0.0 1.0 5.0 0.0
862.0276099796894 1.0 0.0 0.0 0.0 0.0 1.0 5.0 0.0
863.0172373109448 1.0 0.0 0.0 0.0 0.0 1.0 5.0 0.0
864.0017689701086 1.0 0.0 0.0 0.0 0.0 1.0 5.0 0.0
865.0261414682494 1.0 0.0 0.0 0.0 0.0 1.0 5.0 0.0
866.0112517114832 1.0 0.0 0.0 0.0 0.0 1.0 5.0 0.0
867.0040741263141 1.0 0.0 0.0 0.0 0.0 1.0 5.0 0.0
868.0276099796894 1.0 0.0 0.0 0.0 0.0 1.0 5.0 0.0
869.0276099796894 1.0 0.0 0.0 0.0 0.0 1.0 5.0 0.0
870.0276099796894 1.0 0.0 0.0 0.0 0.0 1.0 5.0 0.0
871.026833693745 1.0 0.0 0.0 0.0 0.0 1.0 5.0 0.0
872.0035448454408 1.0 0.0 0.0 0.0 0.0 1.0 5.0 0.0
873.0004354641961 1.0 0.0 0.0 0.0 0.0 1.0 5.0 0.0
874.0276099796894 1.0 0.0 0.0 0.0 0.0 1.0 5.0 0.0
875.0094355453748 1.0 0.0 0.0 0.0 0.0 1.0 5.0 0.0
876.0276099796894 1.0 0.0 0.0 0.0 0.0 1.0 5.0 0.0
877.0128993015137 1.0 0.0 0.0 0.0 0.0 1.0 5.0 0.0
878.0276099796894 1.0 0.0 0.0 0.0 0.0 1.0 5.0 0.0
879.0219521199645 1.0 0.0 0.0 0.0 0.0 1.0 5.0 0.0
880.0163340525246 1.0 0.0 0.0 0.0 0.0 1.0 5.0 0.0
881.0276099796894 1.0 0.0 0.0 0.0 0.0 1.0 5.0 0.0
882.0102381990935 1.0 0.0 0.0 0.0 0.0 1.0 5.0 0.0
883.0165342891344 1.0 0.0 0.0 0.0 0.0 1.0 5.0 0.0
884.0234794012437 1.0 0.0 0.0 0.0 0.0 1.0 5.0 0.0
885.0276099796894 1.0 0.0 0.0 0.0 0.0 1.0 5.0 0.0
886.0099653605845 1.0 0.0 0.0 0.0 0.0 1.0 5.0 0.0
887.0078006285815 1.0 0.0 0.0 0.0 0.0 1.0 5.0 0.0
888.0276099796894 1.0 0.0 0.0 0.0 0.0 1.0 5.0 0.0
889.0041451442924 1.0 0.0 0.0 0.0 0.0 1.0 5.0 0.0
890.0276099796894 1.0 0.0 0.0 0.0 0.0 1.0 5.0 0.0
891.0276099796894 1.0 0.0 0.0 0.0 0.0 1.0 5.0 0.0
892.0063984288969 1.0 0.0 0.0 0.0 0.0 1.0 5.0 0.0
893.007864218491 1.0 0.0 0.0 0.0 0.0 1.0 5.0 0.0
894.0164037280742 1.0 0.0 0.0 0.0 0.0 1.0 5.0 0.0
895.0276099796894 1.0 0.0 0.0 0.0 0.0 1.0 5.0 0.0
896.0168305903529 1.0 0.0 0.0 0.0 0.0 1.0 5.0 0.0
897.0259218167835 1.0 0.0 0.0 0.0 0.0 1.0 5.0 0.0
898.0148845249753 1.0 0.0 0.0 0.0 0.0 1.0 5.0 0.0
899.003585352816 1.0 0.0 0.0 0.0 0.0 1.0 5.0 0.0
900.0276099796894 1.0 0.0 0.0 0.0 0.0 1.0 5.0 0.0
901.0276099796894 1.0 0.0 0.0 0.0 0.0 1.0 5.0 0.0
902.00555737426 1.0 0.0 0.0 0.0 0.0 1.0 5.0 0.0
903.0276099796894 1.0 0.0 0.0 0.0 0.0 1.0 5.0 0.0
904.0075278874208 1.0 0.0 0.0 0.0 0.0 1.0 5.0 0.0
905.0017162286819 1.0 0.0 0.0 0.0 0.0 1.0 5.0 0.0
906.0112193297654 1.0 0.0 0.0 0.0 0.0 1.0 5.0 0.0
907.0034599868926 1.0 0.0 0.0 0.0 0.0 1.0 5.0 0.0
908.0023700545079 1.0 0.0 0.0 0.0 0.0 1.0 5.0 0.0
909.010179307144 1.0 0.0 0.0 0.0 0.0 1.0 5.0 0.0
910.01648478743 1.0 0.0 0.0 0.0 0.0 1.0 5.0 0.0
911.0083098484222 1.0 0.0 0.0 0.0 0.0 1.0 5.0 0.0
912.006747995469 1.0 0.0 0.0 0.0 0.0 1.0 5.0 0.0
913.0179486763003 1.0 0.0 0.0 0.0 0.0 1.0 5.0 0.0
914.0071883839781 1.0 0.0 0.0 0.0 0.0 1.0 5.0 0.0
915.0276099796894 1.0 0.0 0.0 0.0 0.0 1.0 5.0 0.0
916.0276099796894 1.0 0.0 0.0 0.0 0.0 1.0 5.0 0.0
917.0068072566787 1.0 0.0 0.0 0.0 0.0 1.0 5.0 0.0
918.0006419538632 1.0 0.0 0.0 0.0 0.0 1.0 5.0 0.0
919.0276099796894 1.0 0.0 0.0 0.0 0.0 1.0 5.0 0.0
920.0276099796894 1.0 0.0 0.0 0.0 0.0 1.0 5.0 0.0
921.020670153444 1.0 0.0 0.0 0.0 0.0 1.0 5.0 0.0
922.0135680281918 1.0 0.0 0.0 0.0 0.0 1.0 5.0 0.0
923.0276099796894 1.0 0.0 0.0 0.0 0.0 1.0 5.0 0.0
924.0241821573447 1.0 0.0 0.0 0.0 0.0 1.0 5.0 0.0
925.0276099796894 1.0 0.0 0.0 0.0 0.0 1.0 5.0 0.0
926.014598688653 1.0 0.0 0.0 0.0 0.0 1.0 5.0 0.0
927.0272355923664 1.0 0.0 0.0 0.0 0.0 1.0 5.0 0.0
928.0110491634479 1.0 0.0 0.0 0.0 0.0 1.0 5.0 0.0
929.0253907945275 1.0 0.0 0.0 0.0 0.0 1.0 5.0 0.0
930.0276099796894 1.0 0.0 0.0 0.0 0.0 1.0 5.0 0.0
931.0276099796894 1.0 0.0 0.0 0.0 0.0 1.0 5.0 0.0
932.0072186556497 1.0 0.0 0.0 0.0 0.0 1.0 5.0 0.0
933.005768935868 1.0 0.0 0.0 0.0 0.0 1.0 5.0 0.0
934.0018494567486 1.0 0.0 0.0 0.0 0.0 1.0 5.0 0.0
935.0103470875072 1.0 0.0 0.0 0.0 0.0 1.0 5.0 0.0
936.0011636996417 1.0 0.0 0.0 0.0 0.0 1.0 5.0 0.0
937.0276099796894 1.0 0.0 0.0 0.0 0.0 1.0 5.0 0.0
938.0026212651401 1.0 0.0 0.0 0.0 0.0 1.0 5.0 0.0
939.0276099796894 1.0 0.0 0.0 0.0 0.0 1.0 5.0 0.0
940.0263794805384 1.0 0.0 0.0 0.0 0.0 1.0 5.0 0.0
941.0059603342007 1.0 0.0 0.0 0.0 0.0 1.0 5.0 0.0
942.0276099796894 1.0 0.0 0.0 0.0 0.0 1.0 5.0 0.0
943.0276099796894 1.0 0.0 0.0 0.0 0.0 1.0 5.0 0.0
944.0038044638807 1.0 0.0 0.0 0.0 0.0 1.0 5.0 0.0
945.0118563320198 1.0 0.0 0.0 0.0 0.0 1.0 5.0 0.0
946.0058465988717 1.0 0.0 0.0 0.0 0.0 1.0 5.0 0.0
947.0063512069706 1.0 0.0 0.0 0.0 0.0 1.0 5.0 0.0
948.0220690091819 1.0 0.0 0.0 0.0 0.0 1.0 5.0 0.0
949.0276099796894 1.0 0.0 0.0 0.0 0.0 1.0 5.0 0.0
950.0219359545281 1.0 0.0 0.0 0.0 0.0 1.0 5.0 0.0
951.0007394967465 1.0 0.0 0.0 0.0 0.0 1.0 5.0 0.0
952.0179049777954 1.0 0.0 0.0 0.0 0.0 1.0 5.0 0.0
953.0059702503162 1.0 0.0 0.0 0.0 0.0 1.0 5.0 0.0
954.026360438175 1.0 0.0 0.0 0.0 0.0 1.0 5.0 0.0
955.0040693571785 1.0 0.0 0.0 0.0 0.0 1.0 5.0 0.0
956.0179955575712 1.0 0.0 0.0 0.0 0.0 1.0 5.0 0.0
957.0189248969057 1.0 0.0 0.0 0.0 0.0 1.0 5.0 0.0
958.0276099796894 1.0 0.0 0.0 0.0 0.0 1.0 5.0 0.0
959.0276099796894 1.0 0.0 0.0 0.0 0.0 1.0 5.0 0.0
960.0226342223305 1.0 0.0 0.0 0.0 0.0 1.0 5.0 0.0
961.0213309061917 1.0 0.0 0.0 0.0 0.0 1.0 5.0 0.0
962.0161258649633 1.0 0.0 0.0 0.0 0.0 1.0 5.0 0.0
963.0040605995015 1.0 0.0 0.0 0.0 0.0 1.0 5.0 0.0
964.0026175693555 1.0 0.0 0.0 0.0 0.0 1.0 5.0 0.0
965.0276099796894 1.0 0.0 0.0 0.0 0.0 1.0 5.0 0.0
966.0007104732699 1.0 0.0 0.0 0.0 0.0 1.0 5.0 0.0
967.0276099796894 1.0 0.0 0.0 0.0 0.0 1.0 5.0 0.0
968.0276099796894 1.0 0.0 0.0 0.0 0.0 1.0 5.0 0.0
969.021679035236 1.0 0.0 0.0 0.0 0.0 1.0 5.0 0.0
970.0276099796894 1.0 0.0 0.0 0.0 0.0 1.0 5.0 0.0
971.0276099796894 1.0 0.0 0.0 0.0 0.0 1.0 5.0 0.0
972.0276099796894 1.0 0.0 0.0 0.0 0.0 1.0 5.0 0.0
973.0250737426605 1.0 0.0 0.0 0.0 0.0 1.0 5.0 0.0
974.0172398531013 1.0 0.0 0.0 0.0 0.0 1.0 5.0 0.0
975.0265100411599 1.0 0.0 0.0 0.0 0.0 1.0 5.0 0.0
976.0220930471 1.0 0.0 0.0 0.0 0.0 1.0 5.0 0.0
977.0266497150193 1.0 0.0 0.0 0.0 0.0 1.0 5.0 0.0
978.0276099796894 1.0 0.0 0.0 0.0 0.0 1.0 5.0 0.0
979.0119652489674 1.0 0.0 0.0 0.0 0.0 1.0 5.0 0.0
980.0276099796894 1.0 0.0 0.0 0.0 0.0 1.0 5.0 0.0
981.0071384293193 1.0 0.0 0.0 0.0 0.0 1.0 5.0 0.0
982.017951019402 1.0 0.0 0.0 0.0 0.0 1.0 5.0 0.0
983.0137663151671 1.0 0.0 0.0 0.0 0.0 1.0 5.0 0.0
984.0276099796894 1.0 0.0 0.0 0.0 0.0 1.0 5.0 0.0
985.0276099796894 1.0 0.0 0.0 0.0 0.0 1.0 5.0 0.0
986.0154714747117 1.0 0.0 0.0 0.0 0.0 1.0 5.0 0.0
987.016322454076 1.0 0.0 0.0 0.0 0.0 1.0 5.0 0.0
988.0184992869856 1.0 0.0 0.0 0.0 0.0 1.0 5.0 0.0
989.006058506023 1.0 0.0 0.0 0.0 0.0 1.0 5.0 0.0
990.0183343284117 1.0 0.0 0.0 0.0 0.0 1.0 5.0 0.0
991.0059999695114 1.0 0.0 0.0 0.0 0.0 1.0 5.0 0.0
992.0276099796894 1.0 0.0 0.0 0.0 0.0 1.0 5.0 0.0
993.0276099796894 1.0 0.0 0.0 0.0 0.0 1.0 5.0 0.0
994.0047179040689 1.0 0.0 0.0 0.0 0.0 1.0 5.0 0.0
995.010559397484 1.0 0.0 0.0 0.0 0.0 1.0 5.0 0.0
996.0007911671404 1.0 0.0 0.0 0.0 0.0 1.0 5.0 0.0
997.0039406787716 1.0 0.0 0.0 0.0 0.0 1.0 5.0 0.0
998.0276099796894 1.0 0.0 0.0 0.0 0.0 1.0 5.0 0.0
999.0276099796894 1.0 0.0 0.0 0.0 0.0 1.0 5.0 0.0
1000.0064352329671 1.0 0.0 0.0 0.0 0.0 1.0 5.0 0.0
1001.0099211333879 1.0 0.0 0.0 0.0 0.0 1.0 5.0 0.0
1002.0244767683841 1.0 0.0 0.0 0.0 0.0 1.0 5.0 0.0
1003.0084036531804 1.0 0.0 0.0 0.0 0.0 1.0 5.0 0.0
1004.0276099796894 1.0 0.0 0.0 0.0 0.0 1.0 5.0 0.0
1005.0276099796894 1.0 0.0 0.0 0.0 0.0 1.0 5.0 0.0
1006.0276099796894 1.0 0.0 0.0 0.0 0.0 1.0 5.0 0.0
1007.0276099796894 1.0 0.0 0.0 0.0 0.0 1.0 5.0 0.0
1008.0276099796894 1.0 0.0 0.0 0.0 0.0 1.0 5.0 0.0
1009.0176612635237 1.0 0.0 0.0 0.0 0.0 1.0 5.0 0.0
1010.0276099796894 1.0 0.0 0.0 0.0 0.0 1.0 5.0 0.0
1011.0031836473975 1.0 0.0 0.0 0.0 0.0 1.0 5.0 0.0
1012.0276099796894 1.0 0.0 0.0 0.0 0.0 1.0 5.0 0.0
1013.0276099796894 1.0 0.0 0.0 0.0 0.0 1.0 5.0 0.0
1014.0276099796894 1.0 0.0 0.0 0.0 0.0 1.0 5.0 0.0
1015.021339713438 1.0 0.0 0.0 0.0 0.0 1.0 5.0 0.0
1016.0026061407854 1.0 0.0 0.0 0.0 0.0 1.0 5.0 0.0
1017.0062906870749 1.0 0.0 0.0 0.0 0.0 1.0 5.0 0.0
1018.0202172714687 1.0 0.0 0.0 0.0 0.0 1.0 5.0 0.0
1019.0276099796894 1.0 0.0 0.0 0.0 0.0 1.0 5.0 0.0
1020.0271253204446 1.0 0.0 0.0 0.0 0.0 1.0 5.0 0.0
1021.006226910641 1.0 0.0 0.0 0.0 0.0 1.0 5.0 0.0
1022.0168593014718 1.0 0.0 0.0 0.0 0.0 1.0 5.0 0.0
1023.0276099796894 1.0 0.0 0.0 0.0 0.0 1.0 5.0 0.0
1024.0025212750643 1.0 0.0 0.0 0.0 0.0 1.0 5.0 0.0
1025.0128149623306 1.0 0.0 0.0 0.0 0.0 1.0 5.0 0.0
1026.0276099796893 1.0 0.0 0.0 0.0 0.0 1.0 5.0 0.0
1027.0231046423694 1.0 0.0 0.0 0.0 0.0 1.0 5.0 0.0
1028.0276099796893 1.0 0.0 0.0 0.0 0.0 1.0 5.0 0.0
1029.0276099796893 1.0 0.0 0.0 0.0 0.0 1.0 5.0 0.0
1030.0113051415944 1.0 0.0 0.0 0.0 0.0 1.0 5.0 0.0
1031.0276099796893 1.0 0.0 0.0 0.0 0.0 1.0 5.0 0.0
1032.0276099796893 1.0 0.0 0.0 0.0 0.0 1.0 5.0 0.0
1033.0002967198159 1.0 0.0 0.0 0.0 0.0 1.0 5.0 0.0
1034.0276099796893 1.0 0.0 0.0 0.0 0.0 1.0 5.0 0.0
1035.0276099796893 1.0 0.0 0.0 0.0 0.0 1.0 5.0 0.0
1036.010292031672 1.0 0.0 0.0 0.0 0.0 1.0 5.0 0.0
1037.004258409769 1.0 0.0 0.0 0.0 0.0 1.0 5.0 0.0
1038.0199465969658 1.0 0.0 0.0 0.0 0.0 1.0 5.0 0.0
1039.0217503901283 1.0 0.0 0.0 0.0 0.0 1.0 5.0 0.0
1040.0252744580782 1.0 0.0 0.0 0.0 0.0 1.0 5.0 0.0
1041.0276099796893 1.0 0.0 0.0 0.0 0.0 1.0 5.0 0.0
1042.0152940690878 1.0 0.0 0.0 0.0 0.0 1.0 5.0 0.0
1043.0194632803934 1.0 0.0 0.0 0.0 0.0 1.0 5.0 0.0
1044.008394550874 1.0 0.0 0.0 0.0 0.0 1.0 5.0 0.0
1045.011421451546 1.0 0.0 0.0 0.0 0.0 1.0 5.0 0.0
1046.0276099796893 1.0 0.0 0.0 0.0 0.0 1.0 5.0 0.0
1047.0163449079673 1.0 0.0 0.0 0.0 0.0 1.0 5.0 0.0
1048.0276099796893 1.0 0.0 0.0 0.0 0.0 1.0 5.0 0.0
1049.0276099796893 1.0 0.0 0.0 0.0 0.0 1.0 5.0 0.0
1050.0276099796893 1.0 0.0 0.0 0.0 0.0 1.0 5.0 0.0
1051.0276099796893 1.0 0.0 0.0 0.0 0.0 1.0 5.0 0.0
1052.0276099796893 1.0 0.0 0.0 0.0 0.0 1.0 5.0 0.0
1053.0276099796893 1.0 0.0 0.0 0.0 0.0 1.0 5.0 0.0
1054.0276099796893 1.0 0.0 0.0 0.0 0.0 1.0 5.0 0.0
1055.020196055838 1.0 0.0 0.0 0.0 0.0 1.0 5.0 0.0
1056.0043078689378 1.0 0.0 0.0 0.0 0.0 1.0 5.0 0.0
1057.0276099796893 1.0 0.0 0.0 0.0 0.0 1.0 5.0 0.0
1058.0276099796893 1.0 0.0 0.0 0.0 0.0 1.0 5.0 0.0
1059.019177728719 1.0 0.0 0.0 0.0 0.0 1.0 5.0 0.0
1060.0276099796893 1.0 0.0 0.0 0.0 0.0 1.0 5.0 0.0
1061.0039054065624 1.0 0.0 0.0 0.0 0.0 1.0 5.0 0.0
1062.0276099796893 1.0 0.0 0.0 0.0 0.0 1.0 5.0 0.0
1063.0276099796893 1.0 0.0 0.0 0.0 0.0 1.0 5.0 0.0
1064.0040626847072 1.0 0.0 0.0 0.0 0.0 1.0 5.0 0.0
1065.0276099796893 1.0 0.0 0.0 0.0 0.0 1.0 5.0 0.0
1066.0269488940723 1.0 0.0 0.0 0.0 0.0 1.0 5.0 0.0
1067.0083800596208 1.0 0.0 0.0 0.0 0.0 1.0 5.0 0.0
1068.0276099796893 1.0 0.0 0.0 0.0 0.0 1.0 5.0 0.0
1069.0276099796893 1.0 0.0 0.0 0.0 0.0 1.0 5.0 0.0
1070.0109540245533 1.0 0.0 0.0 0.0 0.0 1.0 5.0 0.0
1071.0212334708106 1.0 0.0 0.0 0.0 0.0 1.0 5.0 0.0
1072.0276099796893 1.0 0.0 0.0 0.0 0.0 1.0 5.0 0.0
1073.0276099796893 1.0 0.0 0.0 0.0 0.0 1.0 5.0 0.0
1074.0276099796893 1.0 0.0 0.0 0.0 0.0 1.0 5.0 0.0
1075.0015190403976 1.0 0.0 0.0 0.0 0.0 1.0 5.0 0.0
1076.0276099796893 1.0 0.0 0.0 0.0 0.0 1.0 5.0 0.0
1077.0111960792585 1.0 0.0 0.0 0.0 0.0 1.0 5.0 0.0
1078.0207372444124 1.0 0.0 0.0 0.0 0.0 1.0 5.0 0.0
1079.0196398041733 1.0 0.0 0.0 0.0 0.0 1.0 5.0 0.0
1080.0128937461848 1.0 0.0 0.0 0.0 0.0 1.0 5.0 0.0
1081.002410149935 1.0 0.0 0.0 0.0 0.0 1.0 5.0 0.0
1082.0133960912929 1.0 0.0 0.0 0.0 0.0 1.0 5.0 0.0
1083.021217753806 1.0 0.0 0.0 0.0 0.0 1.0 5.0 0.0
1084.002746366883 1.0 0.0 0.0 0.0 0.0 1.0 5.0 0.0
1085.0067767718833 1.0 0.0 0.0 0.0 0.0 1.0 5.0 0.0
1086.0276099796893 1.0 0.0 0.0 0.0 0.0 1.0 5.0 0.0
1087.0100757640623 1.0 0.0 0.0 0.0 0.0 1.0 5.0 0.0
1088.0276099796893 1.0 0.0 0.0 0.0 0.0 1.0 5.0 0.0
1089.0162172766923 1.0 0.0 0.0 0.0 0.0 1.0 5.0 0.0
1090.0276099796893 1.0 0.0 0.0 0.0 0.0 1.0 5.0 0.0
1091.0276099796893 1.0 0.0 0.0 0.0 0.0 1.0 5.0 0.0
1092.0276099796893 1.0 0.0 0.0 0.0 0.0 1.0 5.0 0.0
1093.0276099796893 1.0 0.0 0.0 0.0 0.0 1.0 5.0 0.0
1094.0083823362831 1.0 0.0 0.0 0.0 0.0 1.0 5.0 0.0
1095.0038508714013 1.0 0.0 0.0 0.0 0.0 1.0 5.0 0.0
1096.0276099796893 1.0 0.0 0.0 0.0 0.0 1.0 5.0 0.0
1097.0059479396716 1.0 0.0 0.0 0.0 0.0 1.0 5.0 0.0
1098.0272720573385 1.0 0.0 0.0 0.0 0.0 1.0 5.0 0.0
1099.0171633297032 1.0 0.0 0.0 0.0 0.0 1.0 5.0 0.0
1100.0276099796893 1.0 0.0 0.0 0.0 0.0 1.0 5.0 0.0
1101.0083261416164 1.0 0.0 0.0 0.0 0.0 1.0 5.0 0.0
1102.0086363826792 1.0 0.0 0.0 0.0 0.0 1.0 5.0 0.0
1103.0276099796893 1.0 0.0 0.0 0.0 0.0 1.0 5.0 0.0
1104.0161240568436 1.0 0.0 0.0 0.0 0.0 1.0 5.0 0.0
1105.0276099796893 1.0 0.0 0.0 0.0 0.0 1.0 5.0 0.0
1106.0023265165835 1.0 0.0 0.0 0.0 0.0 1.0 5.0 0.0
1107.0124470654812 1.0 0.0 0.0 0.0 0.0 1.0 5.0 0.0
1108.0276099796893 1.0 0.0 0.0 0.0 0.0 1.0 5.0 0.0
1109.0210321590246 1.0 0.0 0.0 0.0 0.0 1.0 5.0 0.0
1110.0092011634345 1.0 0.0 0.0 0.0 0.0 1.0 5.0 0.0
1111.0276099796893 1.0 0.0 0.0 0.0 0.0 1.0 5.0 0.0
1112.0276099796893 1.0 0.0 0.0 0.0 0.0 1.0 5.0 0.0
1113.0276099796893 1.0 0.0 0.0 0.0 0.0 1.0 5.0 0.0
1114.0276099796893 1.0 0.0 0.0 0.0 0.0 1.0 5.0 0.0
1115.0013570410435 1.0 0.0 0.0 0.0 0.0 1.0 5.0 0.0
1116.0276099796893 1.0 0.0 0.0 0.0 0.0 1.0 5.0 0.0
1117.0276099796893 1.0 0.0 0.0 0.0 0.0 1.0 5.0 0.0
1118.0276099796893 1.0 0.0 0.0 0.0 0.0 1.0 5.0 0.0
1119.0276099796893 1.0 0.0 0.0 0.0 0.0 1.0 5.0 0.0
1120.0037274725212 1.0 0.0 0.0 0.0 0.0 1.0 5.0 0.0
1121.0183038554223 1.0 0.0 0.0 0.0 0.0 1.0 5.0 0.0
1122.0186017411463 1.0 0.0 0.0 0.0 0.0 1.0 5.0 0.0
1123.0276099796893 1.0 0.0 0.0 0.0 0.0 1.0 5.0 0.0
1124.0143819606026 1.0 0.0 0.0 0.0 0.0 1.0 5.0 0.0
1125.011495303444 1.0 0.0 0.0 0.0 0.0 1.0 5.0 0.0
1126.0231623729085 1.0 0.0 0.0 0.0 0.0 1.0 5.0 0.0
1127.0194624452226 1.0 0.0 0.0 0.0 0.0 1.0 5.0 0.0
1128.0276099796893 1.0 0.0 0.0 0.0 0.0 1.0 5.0 0.0
1129.0276099796893 1.0 0.0 0.0 0.0 0.0 1.0 5.0 0.0
1130.0077022110434 1.0 0.0 0.0 0.0 0.0 1.0 5.0 0.0
1131.0080522244343 1.0 0.0 0.0 0.0 0.0 1.0 5.0 0.0
1132.0276099796893 1.0 0.0 0.0 0.0 0.0 1.0 5.0 0.0
1133.0228615583865 1.0 0.0 0.0 0.0 0.0 1.0 5.0 0.0
1134.0014997589694 1.0 0.0 0.0 0.0 0.0 1.0 5.0 0.0
1135.0276099796893 1.0 0.0 0.0 0.0 0.0 1.0 5.0 0.0
1136.0276099796893 1.0 0.0 0.0 0.0 0.0 1.0 5.0 0.0
1137.0002006599018 1.0 0.0 0.0 0.0 0.0 1.0 5.0 0.0
1138.0092629960059 1.0 0.0 0.0 0.0 0.0 1.0 5.0 0.0
1139.0276099796893 1.0 0.0 0.0 0.0 0.0 1.0 5.0 0.0
1140.0004441148808 1.0 0.0 0.0 0.0 0.0 1.0 5.0 0.0
1141.0276099796893 1.0 0.0 0.0 0.0 0.0 1.0 5.0 0.0
1142.0197060137782 1.0 0.0 0.0 0.0 0.0 1.0 5.0 0.0
1143.006007665926 1.0 0.0 0.0 0.0 0.0 1.0 5.0 0.0
1144.0155532781891 1.0 0.0 0.0 0.0 0.0 1.0 5.0 0.0
1145.0091061558608 1.0 0.0 0.0 0.0 0.0 1.0 5.0 0.0
1146.0169303059668 1.0 0.0 0.0 0.0 0.0 1.0 5.0 0.0
1147.0034742606317 1.0 0.0 0.0 0.0 0.0 1.0 5.0 0.0
1148.0276099796893 1.0 0.0 0.0 0.0 0.0 1.0 5.0 0.0
1149.0276099796893 1.0 0.0 0.0 0.0 0.0 1.0 5.0 0.0
1150.0276099796893 1.0 0.0 0.0 0.0 0.0 1.0 5.0 0.0
1151.0252922473246 1.0 0.0 0.0 0.0 0.0 1.0 5.0 0.0
1152.0276099796893 1.0 0.0 0.0 0.0 0.0 1.0 5.0 0.0
1153.0175461075444 1.0 0.0 0.0 0.0 0.0 1.0 5.0 0.0
1154.0276099796893 1.0 0.0 0.0 0.0 0.0 1.0 5.0 0.0
1155.0156553163506 1.0 0.0 0.0 0.0 0.0 1.0 5.0 0.0
1156.017945488921 1.0 0.0 0.0 0.0 0.0 1.0 5.0 0.0
1157.0276099796893 1.0 0.0 0.0 0.0 0.0 1.0 5.0 0.0
1158.0276099796893 1.0 0.0 0.0 0.0 0.0 1.0 5.0 0.0
1159.002066141572 1.0 0.0 0.0 0.0 0.0 1.0 5.0 0.0
1160.0276099796893 1.0 0.0 0.0 0.0 0.0 1.0 5.0 0.0
1161.002410001975 1.0 0.0 0.0 0.0 0.0 1.0 5.0 0.0
1162.0104380031453 1.0 0.0 0.0 0.0 0.0 1.0 5.0 0.0
1163.0036306013335 1.0 0.0 0.0 0.0 0.0 1.0 5.0 0.0
1164.0276099796893 1.0 0.0 0.0 0.0 0.0 1.0 5.0 0.0
1165.0144835053088 1.0 0.0 0.0 0.0 0.0 1.0 5.0 0.0
1166.0079303652356 1.0 0.0 0.0 0.0 0.0 1.0 5.0 0.0
1167.0013633938754 1.0 0.0 0.0 0.0 0.0 1.0 5.0 0.0
1168.0276099796893 1.0 0.0 0.0 0.0 0.0 1.0 5.0 0.0
1169.0276099796893 1.0 0.0 0.0 0.0 0.0 1.0 5.0 0.0
1170.0276099796893 1.0 0.0 0.0 0.0 0.0 1.0 5.0 0.0
1171.0262247326273 1.0 0.0 0.0 0.0 0.0 1.0 5.0 0.0
1172.011925048655 1.0 0.0 0.0 0.0 0.0 1.0 5.0 0.0
1173.0276099796893 1.0 0.0 0.0 0.0 0.0 1.0 5.0 0.0
1174.0094164123602 1.0 0.0 0.0 0.0 0.0 1.0 5.0 0.0
1175.0276099796893 1.0 0.0 0.0 0.0 0.0 1.0 5.0 0.0
1176.0026545657888 1.0 0.0 0.0 0.0 0.0 1.0 5.0 0.0
1177.0276099796893 1.0 0.0 0.0 0.0 0.0 1.0 5.0 0.0
1178.0276099796893 1.0 0.0 0.0 0.0 0.0 1.0 5.0 0.0
1179.0276099796893 1.0 0.0 0.0 0.0 0.0 1.0 5.0 0.0
1180.0276099796893 1.0 0.0 0.0 0.0 0.0 1.0 5.0 0.0
1181.0276099796893 1.0 0.0 0.0 0.0 0.0 1.0 5.0 0.0
1182.0266609374053 1.0 0.0 0.0 0.0 0.0 1.0 5.0 0.0
1183.0051022295631 1.0 0.0 0.0 0.0 0.0 1.0 5.0 0.0
1184.0276099796893 1.0 0.0 0.0 0.0 0.0 1.0 5.0 0.0
1185.0276099796893 1.0 0.0 0.0 0.0 0.0 1.0 5.0 0.0
1186.0075685041652 1.0 0.0 0.0 0.0 0.0 1.0 5.0 0.0
1187.019399528316 1.0 0.0 0.0 0.0 0.0 1.0 5.0 0.0
1188.0008308416523 1.0 0.0 0.0 0.0 0.0 1.0 5.0 0.0
1189.0054223289883 1.0 0.0 0.0 0.0 0.0 1.0 5.0 0.0
1190.0276099796893 1.0 0.0 0.0 0.0 0.0 1.0 5.0 0.0
1191.009372777091 1.0 0.0 0.0 0.0 0.0 1.0 5.0 0.0
1192.0276099796893 1.0 0.0 0.0 0.0 0.0 1.0 5.0 0.0
1193.0092775827559 1.0 0.0 0.0 0.0 0.0 1.0 5.0 0.0
1194.000510349926 1.0 0.0 0.0 0.0 0.0 1.0 5.0 0.0
1195.0118266018246 1.0 0.0 0.0 0.0 0.0 1.0 5.0 0.0
1196.0276099796893 1.0 0.0 0.0 0.0 0.0 1.0 5.0 0.0
1197.022677864246 1.0 0.0 0.0 0.0 0.0 1.0 5.0 0.0
1198.0006317522896 1.0 0.0 0.0 0.0 0.0 1.0 5.0 0.0
1199.0276099796893 1.0 0.0 0.0 0.0 0.0 1.0 5.0 0.0
1200.0 1.0 0.0 0.0 0.0 0.0 1.0 5.0 0.0
1201.0 0.85 0.0 0.15000000000000002 0.0 0.0 1.0 5.0 0.24878048780487805
1202.0 0.375 0.0 0.625 0.0 0.0 1.0 4.525 0.4573170731707317
1203.0 0.10000000000000002 0.0 0.9 0.0 0.0 1.0 4.675 0.17560975609756097
1204.0 0.024999999999999994 0.0 0.975 0.0 0.0 1.0 5.375 0.0475609756097561
1205.0 0.024999999999999994 0.0 0.975 0.0 0.0 1.0 5.725 0.0475609756097561
1206.0 0.0 0.0 1.0 0.0 0.0 1.0 5.925 0.0
1207.0 0.0 0.0 1.0 0.0 0.0 1.0 5.95 0.0
1208.0 0.0 0.0 1.0 0.0 0.0 1.0 5.95 0.0
1209.0 0.0 0.0 1.0 0.0 0.0 1.0 5.975 0.0
1210.0 0.0 0.0 1.0 0.0 0.0 1.0 6.0 0.0
1211.0 0.0 0.0 1.0 0.0 0.0 1.0 6.0 0.0
1212.0 0.0 0.0 1.0 0.0 0.0 1.0 6.0 0.0
1213.0 0.0 0.0 1.0 0.0 0.0 1.0 6.0 0.0
1214.0 0.0 0.0 1.0 0.0 0.0 1.0 6.0 0.0
1215.0 0.0 0.0 1.0 0.0 0.0 1.0 6.0 0.0
1216.0 0.0 0.0 1.0 0.0 0.0 1.0 6.0 0.0
1217.0 0.0 0.0 1.0 0.0 0.0 1.0 6.0 0.0
1218.0 0.0 0.0 1.0 0.0 0.0 1.0 6.0 0.0
1219.0 0.0 0.0 1.0 0.0 0.0 1.0 6.0 0.0
1220.0 0.0 0.0 1.0 0.0 0.0 1.0 6.0 0.0
1221.0 0.0 0.0 1.0 0.0 0.0 1.0 6.0 0.0
1222.0 0.0 0.0 1.0 0.0 0.0 1.0 6.0 0.0
1223.0 0.0 0.0 1.0 0.0 0.0 1.0 6.0 0.0
1224.0 0.0 0.0 1.0 0.0 0.0 1.0 6.0 0.0
1225.0 0.0 0.0 1.0 0.0 0.0 1.0 6.0 0.0
1226.0 0.0 0.0 1.0 0.0 0.0 1.0 6.0 0.0
1227.0 0.0 0.0 1.0 0.0 0.0 1.0 6.0 0.0
1228.0 0.0 0.0 1.0 0.0 0.0 1.0 6.0 0.0
1229.0 0.0 0.0 1.0 0.0 0.0 1.0 6.0 0.0
1230.0 0.0 0.0 1.0 0.0 0.0 1.0 6.0 0.0
1231.0 0.0 0.0 1.0 0.0 0.0 1.0 6.0 0.0
1232.0 0.0 0.0 1.0 0.0 0.0 1.0 6.0 0.0
1233.0 0.0 0.0 1.0 0.0 0.0 1.0 6.0 0.0
1234.0 0.0 0.0 1.0 0.0 0.0 1.0 6.0 0.0
1235.0 0.0 0.0 1.0 0.0 0.0 1.0 6.0 0.0
1236.0 0.0 0.0 1.0 0.0 0.0 1.0 6.0 0.0
1237.0 0.0 0.0 1.0 0.0 0.0 1.0 6.0 0.0
1238.0 0.0 0.0 1.0 0.0 0.0 1.0 6.0 0.0
1239.0 0.0 0.0 1.0 0.0 0.0 1.0 6.0 0.0
1240.0 0.0 0.0 1.0 0.0 0.0 1.0 6.0 0.0
1241.0 0.0 0.0 1.0 0.0 0.0 1.0 6.0 0.0
1242.0 0.0 0.0 1.0 0.0 0.0 1.0 6.0 0.0
1243.0 0.0 0.0 1.0 0.0 0.0 1.0 6.0 0.0
1244.0 0.0 0.0 1.0 0.0 0.0 1.0 6.0 0.0
1245.0 0.0 0.0 1.0 0.0 0.0 1.0 6.0 0.0
1246.0 0.0 0.0 1.0 0.0 0.0 1.0 6.0 0.0
1247.0 0.0 0.0 1.0 0.0 0.0 1.0 6.0 0.0
1248.0 0.0 0.0 1.0 0.0 0.0 1.0 6.0 0.0
1249.0 0.0 0.0 1.0 0.0 0.0 1.0 6.0 0.0
1250.0 0.0 0.0 1.0 0.0 0.0 1.0 6.0 0.0
1251.0 0.0 0.0 1.0 0.0 0.0 1.0 6.0 0.0
1252.0 0.0 0.0 1.0 0.0 0.0 1.0 6.0 0.0
1253.0 0.0 0.0 1.0 0.0 0.0 1.0 6.0 0.0
1254.0 0.0 0.0 1.0 0.0 0.0 1.0 6.0 0.0
1255.0 0.0 0.0 1.0 0.0 0.0 1.0 6.0 0.0
1256.0 0.0 0.0 1.0 0.0 0.0 1.0 6.0 0.0
1257.0 0.0 0.0 1.0 0.0 0.0 1.0 6.0 0.0
1258.0 0.0 0.0 1.0 0.0 0.0 1.0 6.0 0.0
1259.0 0.0 0.0 1.0 0.0 0.0 1.0 6.0 0.0
1260.0 0.0 0.0 1.0 0.0 0.0 1.0 6.0 0.0
1261.0 0.0 0.0 1.0 0.0 0.0 1.0 6.0 0.0
1262.0 0.0 0.0 1.0 0.0 0.0 1.0 6.0 0.0
1263.0 0.0 0.0 1.0 0.0 0.0 1.0 6.0 0.0
1264.0 0.0 0.0 1.0 0.0 0.0 1.0 6.0 0.0
1265.0 0.0 0.0 1.0 0.0 0.0 1.0 6.0 0.0
1266.0 0.0 0.0 1.0 0.0 0.0 1.0 6.0 0.0
1267.0 0.0 0.0 1.0 0.0 0.0 1.0 6.0 0.0
1268.0 0.0 0.0 1.0 0.0 0.0 1.0 6.0 0.0
1269.0 0.0 0.0 1.0 0.0 0.0 1.0 6.0 0.0
1270.0 0.0 0.0 1.0 0.0 0.0 1.0 6.0 0.0
1271.0 0.0 0.0 1.0 0.0 0.0 1.0 6.0 0.0
1272.0 0.0 0.0 1.0 0.0 0.0 1.0 6.0 0.0
1273.0 0.0 0.0 1.0 0.0 0.0 1.0 6.0 0.0
1274.0 0.0 0.0 1.0 0.0 0.0 1.0 6.0 0.0
1275.0 0.0 0.0 1.0 0.0 0.0 1.0 6.0 0.0
1276.0 0.0 0.0 1.0 0.0 0.0 1.0 6.0 0.0
1277.0 0.0 0.0 1.0 0.0 0.0 1.0 6.0 0.0
1278.0 0.0 0.0 1.0 0.0 0.0 1.0 6.0 0.0
1279.0 0.0 0.0 1.0 0.0 0.0 1.0 6.0 0.0
1280.0 0.0 0.0 1.0 0.0 0.0 1.0 6.0 0.0
1281.0 0.0 0.0 1.0 0.0 0.0 1.0 6.0 0.0
1282.0 0.0 0.0 1.0 0.0 0.0 1.0 6.0 0.0
1283.0 0.0 0.0 1.0 0.0 0.0 1.0 6.0 0.0
1284.0 0.0 0.0 1.0 0.0 0.0 1.0 6.0 0.0
1285.0 0.0 0.0 1.0 0.0 0.0 1.0 6.0 0.0
1286.0 0.0 0.0 1.0 0.0 0.0 1.0 6.0 0.0
1287.0 0.0 0.0 1.0 0.0 0.0 1.0 6.0 0.0
1288.0 0.0 0.0 1.0 0.0 0.0 1.0 6.0 0.0
1289.0 0.0 0.0 1.0 0.0 0.0 1.0 6.0 0.0
1290.0 0.0 0.0 1.0 0.0 0.0 1.0 6.0 0.0
1291.0 0.0 0.0 1.0 0.0 0.0 1.0 6.0 0.0
1292.0 0.0 0.0 1.0 0.0 0.0 1.0 6.0 0.0
1293.0 0.0 0.0 1.0 0.0 0.0 1.0 6.0 0.0
1294.0 0.0 0.0 1.0 0.0 0.0 1.0 6.0 0.0
1295.0 0.0 0.0 1.0 0.0 0.0 1.0 6.0 0.0
1296.0 0.0 0.0 1.0 0.0 0.0 1.0 6.0 0.0
1297.0 0.0 0.0 1.0 0.0 0.0 1.0 6.0 0.0
1298.0 0.0 0.0 1.0 0.0 0.0 1.0 6.0 0.0
1299.0 0.0 0.0 1.0 0.0 0.0 1.0 6.0 0.0
1300.0 0.0 0.0 1.0 0.0 0.0 1.0 6.0 0.0
1301.0 0.0 0.0 1.0 0.0 0.0 1.0 6.0 0.0
1302.0 0.0 0.0 1.0 0.0 0.0 1.0 6.0 0.0
1303.0 0.0 0.0 1.0 0.0 0.0 1.0 6.0 0.0
1304.0 0.0 0.0 1.0 0.0 0.0 1.0 6.0 0.0
1305.0 0.0 0.0 1.0 0.0 0.0 1.0 6.0 0.0
1306.0 0.0 0.0 1.0 0.0 0.0 1.0 6.0 0.0
1307.0 0.0 0.0 1.0 0.0 0.0 1.0 6.0 0.0
1308.0 0.0 0.0 1.0 0.0 0.0 1.0 6.0 0.0
1309.0 0.0 0.0 1.0 0.0 0.0 1.0 6.0 0.0
1310.0 0.0 0.0 1.0 0.0 0.0 1.0 6.0 0.0
1311.0 0.0 0.0 1.0 0.0 0.0 1.0 6.0 0.0
1312.0 0.0 0.0 1.0 0.0 0.0 1.0 6.0 0.0
1313.0 0.0 0.0 1.0 0.0 0.0 1.0 6.0 0.0
1314.0 0.0 0.0 1.0 0.0 0.0 1.0 6.0 0.0
1315.0 0.0 0.0 1.0 0.0 0.0 1.0 6.0 0.0
1316.0 0.0 0.0 1.0 0.0 0.0 1.0 6.0 0.0
1317.0 0.0 0.0 1.0 0.0 0.0 1.0 6.0 0.0
1318.0 0.0 0.0 1.0 0.0 0.0 1.0 6.0 0.0
1319.0 0.0 0.0 1.0 0.0 0.0 1.0 6.0 0.0
1320.0 0.0 0.0 1.0 0.0 0.0 1.0 6.0 0.0
1321.0 0.0 0.0 1.0 0.0 0.0 1.0 6.0 0.0
1322.0 0.0 0.0 1.0 0.0 0.0 1.0 6.0 0.0
1323.0 0.0 0.0 1.0 0.0 0.0 1.0 6.0 0.0
1324.0 0.0 0.0 1.0 0.0 0.0 1.0 6.0 0.0
1325.0 0.0 0.0 1.0 0.0 0.0 1.0 6.0 0.0
1326.0 0.0 0.0 1.0 0.0 0.0 1.0 6.0 0.0
1327.0 0.0 0.0 1.0 0.0 0.0 1.0 6.0 0.0
1328.0 0.0 0.0 1.0 0.0 0.0 1.0 6.0 0.0
1329.0 0.0 0.0 1.0 0.0 0.0 1.0 6.0 0.0
1330.0 0.0 0.0 1.0 0.0 0.0 1.0 6.0 0.0
1331.0 0.0 0.0 1.0 0.0 0.0 1.0 6.0 0.0
1332.0 0.0 0.0 1.0 0.0 0.0 1.0 6.0 0.0
1333.0 0.0 0.0 1.0 0.0 0.0 1.0 6.0 0.0
1334.0 0.0 0.0 1.0 0.0 0.0 1.0 6.0 0.0
1335.0 0.0 0.0 1.0 0.0 0.0 1.0 6.0 0.0
1336.0 0.0 0.0 0.2750000000000001 0.725 0.0 0.0 6.05 0.38902439024390245
1337.0213551157779 0.0 0.0 0.07500000000000002 0.925 0.0 0.0 6.95 0.1353658536585366
1338.011658467515 0.0 0.0 0.024999999999999988 0.975 0.0 0.0 7.725 0.0475609756097561
1339.0050891805076 0.0 0.0 0.0 1.0 0.0 0.0 7.9 0.0
1340.0276099796893 0.0 0.0 0.0 1.0 0.0 0.0 7.975 0.0
1341.026420173031 0.0 0.0 0.0 1.0 0.0 0.0 7.975 0.0
1342.0276099796893 0.0 0.0 0.0 1.0 0.0 0.0 7.975 0.0
1343.0142058436988 0.0 0.0 0.0 1.0 0.0 0.0 8.0 0.0
1344.0276099796893 0.0 0.0 0.0 1.0 0.0 0.0 8.0 0.0
1345.0197027921517 0.0 0.0 0.0 1.0 0.0 0.0 8.0 0.0
1346.0276099796893 0.0 0.0 0.0 1.0 0.0 0.0 8.0 0.0
1347.0276099796893 0.0 0.0 0.0 1.0 0.0 0.0 8.0 0.0
1348.0086057499798 0.0 0.0 0.0 1.0 0.0 0.0 8.0 0.0
1349.0276099796893 0.0 0.0 0.0 1.0 0.0 0.0 8.0 0.0
1350.0261507881628 0.0 0.0 0.0 1.0 0.0 0.0 8.0 0.0
1351.0234098736935 0.0 0.0 0.0 1.0 0.0 0.0 8.0 0.0
1352.0276099796893 0.0 0.0 0.0 1.0 0.0 0.0 8.0 0.0
1353.0276099796893 0.0 0.0 0.0 1.0 0.0 0.0 8.0 0.0
1354.0111203457332 0.0 0.0 0.0 1.0 0.0 0.0 8.0 0.0
1355.0276099796893 0.0 0.0 0.0 1.0 0.0 0.0 8.0 0.0
1356.0276099796893 0.0 0.0 0.0 1.0 0.0 0.0 8.0 0.0
1357.0276099796893 0.0 0.0 0.0 1.0 0.0 0.0 8.0 0.0
1358.007267197363 0.0 0.0 0.0 1.0 0.0 0.0 8.0 0.0
1359.0059502100748 0.0 0.0 0.0 1.0 0.0 0.0 8.0 0.0
1360.013005078112 0.0 0.0 0.0 1.0 0.0 0.0 8.0 0.0
1361.0276099796893 0.0 0.0 0.0 1.0 0.0 0.0 8.0 0.0
1362.011778578159 0.0 0.0 0.0 1.0 0.0 0.0 8.0 0.0
1363.0181957714615 0.0 0.0 0.0 1.0 0.0 0.0 8.0 0.0
1364.008510002122 0.0 0.0 0.0 1.0 0.0 0.0 8.0 0.0
1365.0276099796893 0.0 0.0 0.0 1.0 0.0 0.0 8.0 0.0
1366.0276099796893 0.0 0.0 0.0 1.0 0.0 0.0 8.0 0.0
1367.0189069222556 0.0 0.0 0.0 1.0 0.0 0.0 8.0 0.0
1368.0276099796893 0.0 0.0 0.0 1.0 0.0 0.0 8.0 0.0
1369.0276099796893 0.0 0.0 0.0 1.0 0.0 0.0 8.0 0.0
1370.0276099796893 0.0 0.0 0.0 1.0 0.0 0.0 8.0 0.0
1371.0262692327135 0.0 0.0 0.0 1.0 0.0 0.0 8.0 0.0
1372.015821009386 0.0 0.0 0.0 1.0 0.0 0.0 8.0 0.0
1373.0276099796893 0.0 0.0 0.0 1.0 0.0 0.0 8.0 0.0
1374.0276099796893 0.0 0.0 0.0 1.0 0.0 0.0 8.0 0.0
1375.0223386433922 0.0 0.0 0.0 1.0 0.0 0.0 8.0 0.0
1376.0276099796893 0.0 0.0 0.0 1.0 0.0 0.0 8.0 0.0
1377.0276099796893 0.0 0.0 0.0 1.0 0.0 0.0 8.0 0.0
1378.015917971121 0.0 0.0 0.0 1.0 0.0 0.0 8.0 0.0
1379.0003673223616 0.0 0.0 0.0 1.0 0.0 0.0 8.0 0.0
1380.0009651105859 0.0 0.0 0.0 1.0 0.0 0.0 8.0 0.0
1381.0011229779047 0.0 0.0 0.0 1.0 0.0 0.0 8.0 0.0
1382.015408123588 0.0 0.0 0.0 1.0 0.0 0.0 8.0 0.0
1383.0276099796893 0.0 0.0 0.0 1.0 0.0 0.0 8.0 0.0
1384.0276099796893 0.0 0.0 0.0 1.0 0.0 0.0 8.0 0.0
1385.0118869884177 0.0 0.0 0.0 1.0 0.0 0.0 8.0 0.0
1386.0146622989396 0.0 0.0 0.0 1.0 0.0 0.0 8.0 0.0
1387.026899567479 0.0 0.0 0.0 1.0 0.0 0.0 8.0 0.0
1388.0266844875882 0.0 0.0 0.0 1.0 0.0 0.0 8.0 0.0
1389.0276099796893 0.0 0.0 0.0 1.0 0.0 0.0 8.0 0.0
1390.0094531692387 0.0 0.0 0.0 1.0 0.0 0.0 8.0 0.0
1391.0087213995062 0.0 0.0 0.0 1.0 0.0 0.0 8.0 0.0
1392.0004219294906 0.0 0.0 0.0 1.0 0.0 0.0 8.0 0.0
1393.0001043592547 0.0 0.0 0.0 1.0 0.0 0.0 8.0 0.0
1394.0276099796893 0.0 0.0 0.0 1.0 0.0 0.0 8.0 0.0
1395.0273409685346 0.0 0.0 0.0 1.0 0.0 0.0 8.0 0.0
1396.0078742784624 0.0 0.0 0.0 1.0 0.0 0.0 8.0 0.0
1397.0276099796893 0.0 0.0 0.0 1.0 0.0 0.0 8.0 0.0
1398.0000313310409 0.0 0.0 0.0 1.0 0.0 0.0 8.0 0.0
1399.0166329410413 0.0 0.0 0.0 1.0 0.0 0.0 8.0 0.0
1400.010748090565 0.0 0.0 0.0 1.0 0.0 0.0 8.0 0.0
1401.0276099796893 0.0 0.0 0.0 1.0 0.0 0.0 8.0 0.0
1402.006616825705 0.0 0.0 0.0 1.0 0.0 0.0 8.0 0.0
1403.0117825530322 0.0 0.0 0.0 1.0 0.0 0.0 8.0 0.0
1404.0276099796893 0.0 0.0 0.0 1.0 0.0 0.0 8.0 0.0
1405.0276099796893 0.0 0.0 0.0 1.0 0.0 0.0 8.0 0.0
1406.014910484708 0.0 0.0 0.0 1.0 0.0 0.0 8.0 0.0
1407.0092162939993 0.0 0.0 0.0 1.0 0.0 0.0 8.0 0.0
1408.0276099796893 0.0 0.0 0.0 1.0 0.0 0.0 8.0 0.0
1409.0194331341588 0.0 0.0 0.0 1.0 0.0 0.0 8.0 0.0
1410.0276099796893 0.0 0.0 0.0 1.0 0.0 0.0 8.0 0.0
1411.0062681653264 0.0 0.0 0.0 1.0 0.0 0.0 8.0 0.0
1412.000657066211 0.0 0.0 0.0 1.0 0.0 0.0 8.0 0.0
1413.0276099796893 0.0 0.0 0.0 1.0 0.0 0.0 8.0 0.0
1414.0034134837929 0.0 0.0 0.0 1.0 0.0 0.0 8.0 0.0
1415.0276099796893 0.0 0.0 0.0 1.0 0.0 0.0 8.0 0.0
1416.0276099796893 0.0 0.0 0.0 1.0 0.0 0.0 8.0 0.0
1417.0180292510179 0.0 0.0 0.0 1.0 0.0 0.0 8.0 0.0
1418.0276099796893 0.0 0.0 0.0 1.0 0.0 0.0 8.0 0.0
1419.0276099796893 0.0 0.0 0.0 1.0 0.0 0.0 8.0 0.0
1420.0276099796893 0.0 0.0 0.0 1.0 0.0 0.0 8.0 0.0
1421.008349465024 0.0 0.0 0.0 1.0 0.0 0.0 8.0 0.0
1422.00704828725 0.0 0.0 0.0 1.0 0.0 0.0 8.0 0.0
1423.0217717467685 0.0 0.0 0.0 1.0 0.0 0.0 8.0 0.0
1424.0276099796893 0.0 0.0 0.0 1.0 0.0 0.0 8.0 0.0
1425.0276099796893 0.0 0.0 0.0 1.0 0.0 0.0 8.0 0.0
1426.0169353161737 0.0 0.0 0.0 1.0 0.0 0.0 8.0 0.0
1427.0276099796893 0.0 0.0 0.0 1.0 0.0 0.0 8.0 0.0
1428.0276099796893 0.0 0.0 0.0 1.0 0.0 0.0 8.0 0.0
1429.0163892071075 0.0 0.0 0.0 1.0 0.0 0.0 8.0 0.0
1430.0049454261514 0.0 0.0 0.0 1.0 0.0 0.0 8.0 0.0
1431.018224713334 0.0 0.0 0.0 1.0 0.0 0.0 8.0 0.0
1432.0217309491882 0.0 0.0 0.0 1.0 0.0 0.0 8.0 0.0
1433.0029609634082 0.0 0.0 0.0 1.0 0.0 0.0 8.0 0.0
1434.0262711754667 0.0 0.0 0.0 1.0 0.0 0.0 8.0 0.0
1435.0199960079285 0.0 0.0 0.0 1.0 0.0 0.0 8.0 0.0
1436.0149043145202 0.0 0.0 0.0 1.0 0.0 0.0 8.0 0.0
1437.0055053597907 0.0 0.0 0.0 1.0 0.0 0.0 8.0 0.0
1438.0276099796893 0.0 0.0 0.0 1.0 0.0 0.0 8.0 0.0
1439.000798699847 0.0 0.0 0.0 1.0 0.0 0.0 8.0 0.0
1440.0192417030353 0.0 0.0 0.0 1.0 0.0 0.0 8.0 0.0
1441.009495240444 0.0 0.0 0.0 1.0 0.0 0.0 8.0 0.0
1442.0022831973554 0.0 0.0 0.0 1.0 0.0 0.0 8.0 0.0
1443.0276099796893 0.0 0.0 0.0 1.0 0.0 0.0 8.0 0.0
1444.001482413605 0.0 0.0 0.0 1.0 0.0 0.0 8.0 0.0
1445.0276099796893 0.0 0.0 0.0 1.0 0.0 0.0 8.0 0.0
1446.0276099796893 0.0 0.0 0.0 1.0 0.0 0.0 8.0 0.0
1447.0149840485965 0.0 0.0 0.0 1.0 0.0 0.0 8.0 0.0
1448.0276099796893 0.0 0.0 0.0 1.0 0.0 0.0 8.0 0.0
1449.0014973418397 0.0 0.0 0.0 1.0 0.0 0.0 8.0 0.0
1450.0128194472027 0.0 0.0 0.0 1.0 0.0 0.0 8.0 0.0
1451.004969504259 0.0 0.0 0.0 1.0 0.0 0.0 8.0 0.0
1452.0276099796893 0.0 0.0 0.0 1.0 0.0 0.0 8.0 0.0
1453.0077945401642 0.0 0.0 0.0 1.0 0.0 0.0 8.0 0.0
1454.0223937729759 0.0 0.0 0.0 1.0 0.0 0.0 8.0 0.0
1455.024733666073 0.0 0.0 0.0 1.0 0.0 0.0 8.0 0.0
1456.0276099796893 0.0 0.0 0.0 1.0 0.0 0.0 8.0 0.0
1457.010872983059 0.0 0.0 0.0 1.0 0.0 0.0 8.0 0.0
1458.0212695185114 0.0 0.0 0.0 1.0 0.0 0.0 8.0 0.0
1459.0114927456466 0.0 0.0 0.0 1.0 0.0 0.0 8.0 0.0
1460.0276099796893 0.0 0.0 0.0 1.0 0.0 0.0 8.0 0.0
1461.0073921746387 0.0 0.0 0.0 1.0 0.0 0.0 8.0 0.0
1462.0276099796893 0.0 0.0 0.0 1.0 0.0 0.0 8.0 0.0
1463.003969753071 0.0 0.0 0.0 1.0 0.0 0.0 8.0 0.0
1464.0276099796893 0.0 0.0 0.0 1.0 0.0 0.0 8.0 0.0
1465.0045366569948 0.0 0.0 0.0 1.0 0.0 0.0 8.0 0.0
1466.0145488682722 0.0 0.0 0.0 1.0 0.0 0.0 8.0 0.0
1467.0276099796893 0.0 0.0 0.0 1.0 0.0 0.0 8.0 0.0
1468.0055611813946 0.0 0.0 0.0 1.0 0.0 0.0 8.0 0.0
1469.0053115966775 0.0 0.0 0.0 1.0 0.0 0.0 8.0 0.0
1470.014631429112 0.0 0.0 0.0 1.0 0.0 0.0 8.0 0.0
1471.0003313668924 0.0 0.0 0.0 1.0 0.0 0.0 8.0 0.0
1472.017259296451 0.0 0.0 0.0 1.0 0.0 0.0 8.0 0.0
1473.0276099796893 0.0 0.0 0.0 1.0 0.0 0.0 8.0 0.0
1474.0136656787693 0.0 0.0 0.0 1.0 0.0 0.0 8.0 0.0
1475.0259667234222 0.0 0.0 0.0 1.0 0.0 0.0 8.0 0.0
1476.0087601398843 0.0 0.0 0.0 1.0 0.0 0.0 8.0 0.0
1477.0276099796893 0.0 0.0 0.0 1.0 0.0 0.0 8.0 0.0
1478.0122964256798 0.0 0.0 0.0 1.0 0.0 0.0 8.0 0.0
1479.0200812598518 0.0 0.0 0.0 1.0 0.0 0.0 8.0 0.0
1480.003255149773 0.0 0.0 0.0 1.0 0.0 0.0 8.0 0.0
1481.0276099796893 0.0 0.0 0.0 1.0 0.0 0.0 8.0 0.0
1482.0276099796893 0.0 0.0 0.0 1.0 0.0 0.0 8.0 0.0
1483.027133037285 0.0 0.0 0.0 1.0 0.0 0.0 8.0 0.0
1484.0276099796893 0.0 0.0 0.0 1.0 0.0 0.0 8.0 0.0
1485.0276099796893 0.0 0.0 0.0 1.0 0.0 0.0 8.0 0.0
1486.0018543104165 0.0 0.0 0.0 1.0 0.0 0.0 8.0 0.0
1487.0276099796893 0.0 0.0 0.0 1.0 0.0 0.0 8.0 0.0
1488.0253344241637 0.0 0.0 0.0 1.0 0.0 0.0 8.0 0.0
1489.0276099796893 0.0 0.0 0.0 1.0 0.0 0.0 8.0 0.0
1490.0041168106045 0.0 0.0 0.0 1.0 0.0 0.0 8.0 0.0
1491.0054180939528 0.0 0.0 0.0 1.0 0.0 0.0 8.0 0.0
1492.0044428628557 0.0 0.0 0.0 1.0 0.0 0.0 8.0 0.0
1493.0119777263085 0.0 0.0 0.0 1.0 0.0 0.0 8.0 0.0
1494.0243106714927 0.0 0.0 0.0 1.0 0.0 0.0 8.0 0.0
1495.0276099796893 0.0 0.0 0.0 1.0 0.0 0.0 8.0 0.0
1496.0117395979403 0.0 0.0 0.0 1.0 0.0 0.0 8.0 0.0
1497.0005474982509 0.0 0.0 0.0 1.0 0.0 0.0 8.0 0.0
1498.000842608413 0.0 0.0 0.0 1.0 0.0 0.0 8.0 0.0
1499.0276099796893 0.0 0.0 0.0 1.0 0.0 0.0 8.0 0.0
1500.0276099796893 0.0 0.0 0.0 1.0 0.0 0.0 8.0 0.0
1501.0276099796893 0.0 0.0 0.0 1.0 0.0 0.0 8.0 0.0
1502.0172132508417 0.0 0.0 0.0 1.0 0.0 0.0 8.0 0.0
1503.009182741043 0.0 0.0 0.0 1.0 0.0 0.0 8.0 0.0
1504.0051504912667 0.0 0.0 0.0 1.0 0.0 0.0 8.0 0.0
1505.0276099796893 0.0 0.0 0.0 1.0 0.0 0.0 8.0 0.0
1506.0276099796893 0.0 0.0 0.0 1.0 0.0 0.0 8.0 0.0
1507.0276099796893 0.0 0.0 0.0 1.0 0.0 0.0 8.0 0.0
1508.0276099796893 0.0 0.0 0.0 1.0 0.0 0.0 8.0 0.0
1509.0166446327314 0.0 0.0 0.0 1.0 0.0 0.0 8.0 0.0
1510.0276099796893 0.0 0.0 0.0 1.0 0.0 0.0 8.0 0.0
1511.0236989977807 0.0 0.0 0.0 1.0 0.0 0.0 8.0 0.0
1512.0276099796893 0.0 0.0 0.0 1.0 0.0 0.0 8.0 0.0
1513.0048875685293 0.0 0.0 0.0 1.0 0.0 0.0 8.0 0.0
1514.0169014933585 0.0 0.0 0.0 1.0 0.0 0.0 8.0 0.0
1515.0139498259073 0.0 0.0 0.0 1.0 0.0 0.0 8.0 0.0
1516.0216389916745 0.0 0.0 0.0 1.0 0.0 0.0 8.0 0.0
1517.0135603686892 0.0 0.0 0.0 1.0 0.0 0.0 8.0 0.0
1518.0276099796893 0.0 0.0 0.0 1.0 0.0 0.0 8.0 0.0
1519.0260480751015 0.0 0.0 0.0 1.0 0.0 0.0 8.0 0.0
1520.0104787052533 0.0 0.0 0.0 1.0 0.0 0.0 8.0 0.0
1521.001331296166 0.0 0.0 0.0 1.0 0.0 0.0 8.0 0.0
1522.0276099796893 0.0 0.0 0.0 1.0 0.0 0.0 8.0 0.0
1523.007956728424 0.0 0.0 0.0 1.0 0.0 0.0 8.0 0.0
1524.0276099796893 0.0 0.0 0.0 1.0 0.0 0.0 8.0 0.0
1525.0099259145386 0.0 0.0 0.0 1.0 0.0 0.0 8.0 0.0
1526.015768984965 0.0 0.0 0.0 1.0 0.0 0.0 8.0 0.0
1527.0195864452567 0.0 0.0 0.0 1.0 0.0 0.0 8.0 0.0
1528.004780487699 0.0 0.0 0.0 1.0 0.0 0.0 8.0 0.0
1529.0038217872486 0.0 0.0 0.0 1.0 0.0 0.0 8.0 0.0
1530.0276099796893 0.0 0.0 0.0 1.0 0.0 0.0 8.0 0.0
1531.0060874262597 0.0 0.0 0.0 1.0 0.0 0.0 8.0 0.0
1532.023398291087 0.0 0.0 0.0 1.0 0.0 0.0 8.0 0.0
1533.0276099796893 0.0 0.0 0.0 1.0 0.0 0.0 8.0 0.0
1534.009224673598 0.0 0.0 0.0 1.0 0.0 0.0 8.0 0.0
1535.0276099796893 0.0 0.0 0.0 1.0 0.0 0.0 8.0 0.0
1536.0047937310694 0.0 0.0 0.0 1.0 0.0 0.0 8.0 0.0
1537.014872587488 0.0 0.0 0.0 1.0 0.0 0.0 8.0 0.0
1538.0052626932186 0.0 0.0 0.0 1.0 0.0 0.0 8.0 0.0
1539.0018655514277 0.0 0.0 0.0 1.0 0.0 0.0 8.0 0.0
1540.019763110719 0.0 0.0 0.0 1.0 0.0 0.0 8.0 0.0
1541.0048792832624 0.0 0.0 0.0 1.0 0.0 0.0 8.0 0.0
1542.009079447094 0.0 0.0 0.0 1.0 0.0 0.0 8.0 0.0
1543.0075231306391 0.0 0.0 0.0 1.0 0.0 0.0 8.0 0.0
1544.0276099796893 0.0 0.0 0.0 1.0 0.0 0.0 8.0 0.0
1545.0276099796893 0.0 0.0 0.0 1.0 0.0 0.0 8.0 0.0
1546.019951200135 0.0 0.0 0.0 1.0 0.0 0.0 8.0 0.0
1547.0276099796893 0.0 0.0 0.0 1.0 0.0 0.0 8.0 0.0
1548.0033860044648 0.0 0.0 0.0 1.0 0.0 0.0 8.0 0.0
1549.0208985377333 0.0 0.0 0.0 1.0 0.0 0.0 8.0 0.0
1550.0276099796893 0.0 0.0 0.0 1.0 0.0 0.0 8.0 0.0
1551.0276099796893 0.0 0.0 0.0 1.0 0.0 0.0 8.0 0.0
1552.0106947308786 0.0 0.0 0.0 1.0 0.0 0.0 8.0 0.0
1553.011451310937 0.0 0.0 0.0 1.0 0.0 0.0 8.0 0.0
1554.0276099796893 0.0 0.0 0.0 1.0 0.0 0.0 8.0 0.0
1555.021496464711 0.0 0.0 0.0 1.0 0.0 0.0 8.0 0.0
1556.0276099796893 0.0 0.0 0.0 1.0 0.0 0.0 8.0 0.0
1557.0276099796893 0.0 0.0 0.0 1.0 0.0 0.0 8.0 0.0
1558.0276099796893 0.0 0.0 0.0 1.0 0.0 0.0 8.0 0.0
1559.0003247607792 0.0 0.0 0.0 1.0 0.0 0.0 8.0 0.0
1560.007285871966 0.0 0.0 0.0 1.0 0.0 0.0 8.0 0.0
1561.0058184802028 0.0 0.0 0.0 1.0 0.0 0.0 8.0 0.0
1562.0080948153384 0.0 0.0 0.0 1.0 0.0 0.0 8.0 0.0
1563.0276099796893 0.0 0.0 0.0 1.0 0.0 0.0 8.0 0.0
1564.0276099796893 0.0 0.0 0.0 1.0 0.0 0.0 8.0 0.0
1565.0046261148123 0.0 0.0 0.0 1.0 0.0 0.0 8.0 0.0
1566.0103095191826 0.0 0.0 0.0 1.0 0.0 0.0 8.0 0.0
1567.0276099796893 0.0 0.0 0.0 1.0 0.0 0.0 8.0 0.0
1568.0052372185476 0.0 0.0 0.0 1.0 0.0 0.0 8.0 0.0
1569.0276099796893 0.0 0.0 0.0 1.0 0.0 0.0 8.0 0.0
1570.0276099796893 0.0 0.0 0.0 1.0 0.0 0.0 8.0 0.0
1571.0276099796893 0.0 0.0 0.0 1.0 0.0 0.0 8.0 0.0
1572.0079703575793 0.0 0.0 0.0 1.0 0.0 0.0 8.0 0.0
1573.00613646894 0.0 0.0 0.0 1.0 0.0 0.0 8.0 0.0
1574.0276099796893 0.0 0.0 0.0 1.0 0.0 0.0 8.0 0.0
1575.0127133718086 0.0 0.0 0.0 1.0 0.0 0.0 8.0 0.0
1576.0276099796893 0.0 0.0 0.0 1.0 0.0 0.0 8.0 0.0
1577.0276099796893 0.0 0.0 0.0 1.0 0.0 0.0 8.0 0.0
1578.0193297762364 0.0 0.0 0.0 1.0 0.0 0.0 8.0 0.0
1579.0110634272676 0.0 0.0 0.0 1.0 0.0 0.0 8.0 0.0
1580.024968148447 0.0 0.0 0.0 1.0 0.0 0.0 8.0 0.0
1581.0276099796893 0.0 0.0 0.0 1.0 0.0 0.0 8.0 0.0
1582.0276099796893 0.0 0.0 0.0 1.0 0.0 0.0 8.0 0.0
1583.0276099796893 0.0 0.0 0.0 1.0 0.0 0.0 8.0 0.0
1584.0202879609894 0.0 0.0 0.0 1.0 0.0 0.0 8.0 0.0
1585.024554635123 0.0 0.0 0.0 1.0 0.0 0.0 8.0 0.0
1586.0208755211434 0.0 0.0 0.0 1.0 0.0 0.0 8.0 0.0
1587.015038811127 0.0 0.0 0.0 1.0 0.0 0.0 8.0 0.0
1588.0090587678924 0.0 0.0 0.0 1.0 0.0 0.0 8.0 0.0
1589.012972583633 0.0 0.0 0.0 1.0 0.0 0.0 8.0 0.0
1590.014244711031 0.0 0.0 0.0 1.0 0.0 0.0 8.0 0.0
1591.0276099796893 0.0 0.0 0.0 1.0 0.0 0.0 8.0 0.0
1592.0276099796893 0.0 0.0 0.0 1.0 0.0 0.0 8.0 0.0
1593.0276099796893 0.0 0.0 0.0 1.0 0.0 0.0 8.0 0.0
1594.006364344735 0.0 0.0 0.0 1.0 0.0 0.0 8.0 0.0
1595.0276099796893 0.0 0.0 0.0 1.0 0.0 0.0 8.0 0.0
1596.0056001069556 0.0 0.0 0.0 1.0 0.0 0.0 8.0 0.0
1597.0104559216404 0.0 0.0 0.0 1.0 0.0 0.0 8.0 0.0
1598.0276099796893 0.0 0.0 0.0 1.0 0.0 0.0 8.0 0.0
1599.0048705152594 0.0 0.0 0.0 1.0 0.0 0.0 8.0 0.0
1600.0062802915772 0.0 0.0 0.0 1.0 0.0 0.0 8.0 0.0
1601.0276099796893 0.0 0.0 0.0 1.0 0.0 0.0 8.0 0.0
1602.0276099796893 0.0 0.0 0.0 1.0 0.0 0.0 8.0 0.0
1603.0049910167595 0.0 0.0 0.0 1.0 0.0 0.0 8.0 0.0
1604.006728449443 0.0 0.0 0.0 1.0 0.0 0.0 8.0 0.0
1605.0276099796893 0.0 0.0 0.0 1.0 0.0 0.0 8.0 0.0
1606.001207032568 0.0 0.0 0.0 1.0 0.0 0.0 8.0 0.0
1607.0233118796993 0.0 0.0 0.0 1.0 0.0 0.0 8.0 0.0
1608.0276099796893 0.0 0.0 0.0 1.0 0.0 0.0 8.0 0.0
1609.0276099796893 0.0 0.0 0.0 1.0 0.0 0.0 8.0 0.0
1610.002252322659 0.0 0.0 0.0 1.0 0.0 0.0 8.0 0.0
1611.0276099796893 0.0 0.0 0.0 1.0 0.0 0.0 8.0 0.0
1612.0276099796893 0.0 0.0 0.0 1.0 0.0 0.0 8.0 0.0
1613.0276099796893 0.0 0.0 0.0 1.0 0.0 0.0 8.0 0.0
1614.0276099796893 0.0 0.0 0.0 1.0 0.0 0.0 8.0 0.0
1615.0276099796893 0.0 0.0 0.0 1.0 0.0 0.0 8.0 0.0
1616.0115732363877 0.0 0.0 0.0 1.0 0.0 0.0 8.0 0.0
1617.0276099796893 0.0 0.0 0.0 1.0 0.0 0.0 8.0 0.0
1618.0126793488328 0.0 0.0 0.0 1.0 0.0 0.0 8.0 0.0
1619.0125426698185 0.0 0.0 0.0 1.0 0.0 0.0 8.0 0.0
1620.003128026805 0.0 0.0 0.0 1.0 0.0 0.0 8.0 0.0
1621.0243400696909 0.0 0.0 0.0 1.0 0.0 0.0 8.0 0.0
1622.0276099796893 0.0 0.0 0.0 1.0 0.0 0.0 8.0 0.0
1623.0019206861812 0.0 0.0 0.0 1.0 0.0 0.0 8.0 0.0
1624.01003454932 0.0 0.0 0.0 1.0 0.0 0.0 8.0 0.0
1625.0165573852255 0.0 0.0 0.0 1.0 0.0 0.0 8.0 0.0
1626.0276099796893 0.0 0.0 0.0 1.0 0.0 0.0 8.0 0.0
1627.0205448122458 0.0 0.0 0.0 1.0 0.0 0.0 8.0 0.0
1628.0192634817336 0.0 0.0 0.0 1.0 0.0 0.0 8.0 0.0
1629.000952973888 0.0 0.0 0.0 1.0 0.0 0.0 8.0 0.0
1630.0050102769574 0.0 0.0 0.0 1.0 0.0 0.0 8.0 0.0
1631.009050730403 0.0 0.0 0.0 1.0 0.0 0.0 8.0 0.0
1632.0025025188222 0.0 0.0 0.0 1.0 0.0 0.0 8.0 0.0
1633.0253053538868 0.0 0.0 0.0 1.0 0.0 0.0 8.0 0.0
1634.0086284219476 0.0 0.0 0.0 1.0 0.0 0.0 8.0 0.0
1635.0054309739917 0.0 0.0 0.0 1.0 0.0 0.0 8.0 0.0
1636.0276099796893 0.0 0.0 0.0 1.0 0.0 0.0 8.0 0.0
1637.0276099796893 0.0 0.0 0.0 1.0 0.0 0.0 8.0 0.0
1638.0276099796893 0.0 0.0 0.0 1.0 0.0 0.0 8.0 0.0
1639.0276099796893 0.0 0.0 0.0 1.0 0.0 0.0 8.0 0.0
1640.0048430611332 0.0 0.0 0.0 1.0 0.0 0.0 8.0 0.0
1641.0102183946256 0.0 0.0 0.0 1.0 0.0 0.0 8.0 0.0
1642.0182459888624 0.0 0.0 0.0 1.0 0.0 0.0 8.0 0.0
1643.0020235804488 0.0 0.0 0.0 1.0 0.0 0.0 8.0 0.0
1644.0092677705352 0.0 0.0 0.0 1.0 0.0 0.0 8.0 0.0
1645.0044897396695 0.0 0.0 0.0 1.0 0.0 0.0 8.0 0.0
1646.0276099796893 0.0 0.0 0.0 1.0 0.0 0.0 8.0 0.0
1647.0276099796893 0.0 0.0 0.0 1.0 0.0 0.0 8.0 0.0
1648.0024529774619 0.0 0.0 0.0 1.0 0.0 0.0 8.0 0.0
1649.0079964504043 0.0 0.0 0.0 1.0 0.0 0.0 8.0 0.0
1650.0129254328244 0.0 0.0 0.0 1.0 0.0 0.0 8.0 0.0
1651.0276099796893 0.0 0.0 0.0 1.0 0.0 0.0 8.0 0.0
1652.0276099796893 0.0 0.0 0.0 1.0 0.0 0.0 8.0 0.0
1653.0276099796893 0.0 0.0 0.0 1.0 0.0 0.0 8.0 0.0
1654.0084345059604 0.0 0.0 0.0 1.0 0.0 0.0 8.0 0.0
1655.0106399263195 0.0 0.0 0.0 1.0 0.0 0.0 8.0 0.0
1656.0276099796893 0.0 0.0 0.0 1.0 0.0 0.0 8.0 0.0
1657.0167292893577 0.0 0.0 0.0 1.0 0.0 0.0 8.0 0.0
1658.0276099796893 0.0 0.0 0.0 1.0 0.0 0.0 8.0 0.0
1659.0235079846898 0.0 0.0 0.0 1.0 0.0 0.0 8.0 0.0
1660.0086945522535 0.0 0.0 0.0 1.0 0.0 0.0 8.0 0.0
1661.0276099796893 0.0 0.0 0.0 1.0 0.0 0.0 8.0 0.0
1662.0165507766117 0.0 0.0 0.0 1.0 0.0 0.0 8.0 0.0
1663.0276099796893 0.0 0.0 0.0 1.0 0.0 0.0 8.0 0.0
1664.0276099796893 0.0 0.0 0.0 1.0 0.0 0.0 8.0 0.0
1665.0111260053957 0.0 0.0 0.0 1.0 0.0 0.0 8.0 0.0
1666.014478690783 0.0 0.0 0.0 1.0 0.0 0.0 8.0 0.0
1667.0024916100795 0.0 0.0 0.0 1.0 0.0 0.0 8.0 0.0
1668.0276099796893 0.0 0.0 0.0 1.0 0.0 0.0 8.0 0.0
1669.0243436037583 0.0 0.0 0.0 1.0 0.0 0.0 8.0 0.0
1670.0183804883716 0.0 0.0 0.0 1.0 0.0 0.0 8.0 0.0
1671.0152999623579 0.0 0.0 0.0 1.0 0.0 0.0 8.0 0.0
1672.00261117977 0.0 0.0 0.0 1.0 0.0 0.0 8.0 0.0
1673.0276099796893 0.0 0.0 0.0 1.0 0.0 0.0 8.0 0.0
1674.013371580541 0.0 0.0 0.0 1.0 0.0 0.0 8.0 0.0
1675.016642335139 0.0 0.0 0.0 1.0 0.0 0.0 8.0 0.0
1676.0116068253324 0.0 0.0 0.0 1.0 0.0 0.0 8.0 0.0
1677.0276099796893 0.0 0.0 0.0 1.0 0.0 0.0 8.0 0.0
1678.0124918950712 0.0 0.0 0.0 1.0 0.0 0.0 8.0 0.0
1679.0089298996193 0.0 0.0 0.0 1.0 0.0 0.0 8.0 0.0
1680.0117035126457 0.0 0.0 0.0 1.0 0.0 0.0 8.0 0.0
1681.0276099796893 0.0 0.0 0.0 1.0 0.0 0.0 8.0 0.0
1682.0079935542014 0.0 0.0 0.0 1.0 0.0 0.0 8.0 0.0
1683.0276099796893 0.0 0.0 0.0 1.0 0.0 0.0 8.0 0.0
1684.0027589754118 0.0 0.0 0.0 1.0 0.0 0.0 8.0 0.0
1685.0230458822166 0.0 0.0 0.0 1.0 0.0 0.0 8.0 0.0
1686.0080011100679 0.0 0.0 0.0 1.0 0.0 0.0 8.0 0.0
1687.0276099796893 0.0 0.0 0.0 1.0 0.0 0.0 8.0 0.0
1688.0210051839706 0.0 0.0 0.0 1.0 0.0 0.0 8.0 0.0
1689.0276099796893 0.0 0.0 0.0 1.0 0.0 0.0 8.0 0.0
1690.0276099796893 0.0 0.0 0.0 1.0 0.0 0.0 8.0 0.0
1691.011312748554 0.0 0.0 0.0 1.0 0.0 0.0 8.0 0.0
1692.018618347944 0.0 0.0 0.0 1.0 0.0 0.0 8.0 0.0
1693.0109235496998 0.0 0.0 0.0 1.0 0.0 0.0 8.0 0.0
1694.0276099796893 0.0 0.0 0.0 1.0 0.0 0.0 8.0 0.0
1695.0276099796893 0.0 0.0 0.0 1.0 0.0 0.0 8.0 0.0
1696.008866462405 0.0 0.0 0.0 1.0 0.0 0.0 8.0 0.0
1697.0032528790139 0.0 0.0 0.0 1.0 0.0 0.0 8.0 0.0
1698.013893637717 0.0 0.0 0.0 1.0 0.0 0.0 8.0 0.0
1699.0197952158933 0.0 0.0 0.0 1.0 0.0 0.0 8.0 0.0
1700.0030810015155 0.0 0.0 0.0 1.0 0.0 0.0 8.0 0.0
1701.003596273891 0.0 0.0 0.0 1.0 0.0 0.0 8.0 0.0
1702.0154660532849 0.0 0.0 0.0 1.0 0.0 0.0 8.0 0.0
1703.0013781711561 0.0 0.0 0.0 1.0 0.0 0.0 8.0 0.0
1704.0276099796893 0.0 0.0 0.0 1.0 0.0 0.0 8.0 0.0
1705.0130213115142 0.0 0.0 0.0 1.0 0.0 0.0 8.0 0.0
1706.0155275064137 0.0 0.0 0.0 1.0 0.0 0.0 8.0 0.0
1707.0112667921062 0.0 0.0 0.0 1.0 0.0 0.0 8.0 0.0
1708.0276099796893 0.0 0.0 0.0 1.0 0.0 0.0 8.0 0.0
1709.0219968457761 0.0 0.0 0.0 1.0 0.0 0.0 8.0 0.0
1710.0105825903975 0.0 0.0 0.0 1.0 0.0 0.0 8.0 0.0
1711.0013917488227 0.0 0.0 0.0 1.0 0.0 0.0 8.0 0.0
1712.0276099796893 0.0 0.0 0.0 1.0 0.0 0.0 8.0 0.0
1713.0076037862157 0.0 0.0 0.0 1.0 0.0 0.0 8.0 0.0
1714.0276099796893 0.0 0.0 0.0 1.0 0.0 0.0 8.0 0.0
1715.013939422791 0.0 0.0 0.0 1.0 0.0 0.0 8.0 0.0
1716.0025232514138 0.0 0.0 0.0 1.0 0.0 0.0 8.0 0.0
1717.0129270857303 0.0 0.0 0.0 1.0 0.0 0.0 8.0 0.0
1718.0240697282113 0.0 0.0 0.0 1.0 0.0 0.0 8.0 0.0
1719.0276099796893 0.0 0.0 0.0 1.0 0.0 0.0 8.0 0.0
1720.0054217514808 0.0 0.0 0.0 1.0 0.0 0.0 8.0 0.0
1721.0199858004748 0.0 0.0 0.0 1.0 0.0 0.0 8.0 0.0
1722.0060387455103 0.0 0.0 0.0 1.0 0.0 0.0 8.0 0.0
1723.014086763732 0.0 0.0 0.0 1.0 0.0 0.0 8.0 0.0
1724.0048693789379 0.0 0.0 0.0 1.0 0.0 0.0 8.0 0.0
1725.0028157832915 0.0 0.0 0.0 1.0 0.0 0.0 8.0 0.0
1726.020682036634 0.0 0.0 0.0 1.0 0.0 0.0 8.0 0.0
1727.0276099796893 0.0 0.0 0.0 1.0 0.0 0.0 8.0 0.0
1728.014312828565 0.0 0.0 0.0 1.0 0.0 0.0 8.0 0.0
1729.0276099796893 0.0 0.0 0.0 1.0 0.0 0.0 8.0 0.0
1730.0276099796893 0.0 0.0 0.0 1.0 0.0 0.0 8.0 0.0
1731.0276099796893 0.0 0.0 0.0 1.0 0.0 0.0 8.0 0.0
1732.0276099796893 0.0 0.0 0.0 1.0 0.0 0.0 8.0 0.0
1733.0276099796893 0.0 0.0 0.0 1.0 0.0 0.0 8.0 0.0
1734.0155686735625 0.0 0.0 0.0 1.0 0.0 0.0 8.0 0.0
1735.0276099796893 0.0 0.0 0.0 1.0 0.0 0.0 8.0 0.0
1736.0276099796893 0.0 0.0 0.0 1.0 0.0 0.0 8.0 0.0
1737.0276099796893 0.0 0.0 0.0 1.0 0.0 0.0 8.0 0.0
1738.0276099796893 0.0 0.0 0.0 1.0 0.0 0.0 8.0 0.0
1739.025944842297 0.0 0.0 0.0 1.0 0.0 0.0 8.0 0.0
1740.0276099796893 0.0 0.0 0.0 1.0 0.0 0.0 8.0 0.0
1741.0118488892924 0.0 0.0 0.0 1.0 0.0 0.0 8.0 0.0
1742.0092841327398 0.0 0.0 0.0 1.0 0.0 0.0 8.0 0.0
1743.0055419005864 0.0 0.0 0.0 1.0 0.0 0.0 8.0 0.0
1744.0276099796893 0.0 0.0 0.0 1.0 0.0 0.0 8.0 0.0
1745.0276099796893 0.0 0.0 0.0 1.0 0.0 0.0 8.0 0.0
1746.0169595169923 0.0 0.0 0.0 1.0 0.0 0.0 8.0 0.0
1747.0276099796893 0.0 0.0 0.0 1.0 0.0 0.0 8.0 0.0
1748.0094287126267 0.0 0.0 0.0 1.0 0.0 0.0 8.0 0.0
1749.0276099796893 0.0 0.0 0.0 1.0 0.0 0.0 8.0 0.0
1750.0018129760053 0.0 0.0 0.0 1.0 0.0 0.0 8.0 0.0
1751.0216984181316 0.0 0.0 0.0 1.0 0.0 0.0 8.0 0.0
1752.0276099796893 0.0 0.0 0.0 1.0 0.0 0.0 8.0 0.0
1753.0005540661516 0.0 0.0 0.0 1.0 0.0 0.0 8.0 0.0
1754.0045850524943 0.0 0.0 0.0 1.0 0.0 0.0 8.0 0.0
1755.000837072299 0.0 0.0 0.0 1.0 0.0 0.0 8.0 0.0
1756.0276099796893 0.0 0.0 0.0 1.0 0.0 0.0 8.0 0.0
1757.0276099796893 0.0 0.0 0.0 1.0 0.0 0.0 8.0 0.0
1758.0276099796893 0.0 0.0 0.0 1.0 0.0 0.0 8.0 0.0
1759.0276099796893 0.0 0.0 0.0 1.0 0.0 0.0 8.0 0.0
1760.0276099796893 0.0 0.0 0.0 1.0 0.0 0.0 8.0 0.0
1761.002935635834 0.0 0.0 0.0 1.0 0.0 0.0 8.0 0.0
1762.018863696554 0.0 0.0 0.0 1.0 0.0 0.0 8.0 0.0
1763.0276099796893 0.0 0.0 0.0 1.0 0.0 0.0 8.0 0.0
1764.0276099796893 0.0 0.0 0.0 1.0 0.0 0.0 8.0 0.0
1765.0083503547123 0.0 0.0 0.0 1.0 0.0 0.0 8.0 0.0
1766.0255458782344 0.0 0.0 0.0 1.0 0.0 0.0 8.0 0.0
1767.0012550594 0.0 0.0 0.0 1.0 0.0 0.0 8.0 0.0
1768.0174039077426 0.0 0.0 0.0 1.0 0.0 0.0 8.0 0.0
1769.0276099796893 0.0 0.0 0.0 1.0 0.0 0.0 8.0 0.0
1770.0048052076165 0.0 0.0 0.0 1.0 0.0 0.0 8.0 0.0
1771.0276099796893 0.0 0.0 0.0 1.0 0.0 0.0 8.0 0.0
1772.0276099796893 0.0 0.0 0.0 1.0 0.0 0.0 8.0 0.0
1773.0276099796893 0.0 0.0 0.0 1.0 0.0 0.0 8.0 0.0
1774.0160294443428 0.0 0.0 0.0 1.0 0.0 0.0 8.0 0.0
1775.0276099796893 0.0 0.0 0.0 1.0 0.0 0.0 8.0 0.0
1776.013398085491 0.0 0.0 0.0 1.0 0.0 0.0 8.0 0.0
1777.0276099796893 0.0 0.0 0.0 1.0 0.0 0.0 8.0 0.0
1778.0276099796893 0.0 0.0 0.0 1.0 0.0 0.0 8.0 0.0
1779.0276099796893 0.0 0.0 0.0 1.0 0.0 0.0 8.0 0.0
1780.0023179595335 0.0 0.0 0.0 1.0 0.0 0.0 8.0 0.0
1781.0225567828463 0.0 0.0 0.0 1.0 0.0 0.0 8.0 0.0
1782.0276099796893 0.0 0.0 0.0 1.0 0.0 0.0 8.0 0.0
1783.0223309570165 0.0 0.0 0.0 1.0 0.0 0.0 8.0 0.0
1784.0197752238023 0.0 0.0 0.0 1.0 0.0 0.0 8.0 0.0
1785.0276099796893 0.0 0.0 0.0 1.0 0.0 0.0 8.0 0.0
1786.0237132969023 0.0 0.0 0.0 1.0 0.0 0.0 8.0 0.0
1787.0022079628031 0.0 0.0 0.0 1.0 0.0 0.0 8.0 0.0
1788.0273818118696 0.0 0.0 0.0 1.0 0.0 0.0 8.0 0.0
1789.0187507006422 0.0 0.0 0.0 1.0 0.0 0.0 8.0 0.0
1790.0276099796893 0.0 0.0 0.0 1.0 0.0 0.0 8.0 0.0
1791.0212949575637 0.0 0.0 0.0 1.0 0.0 0.0 8.0 0.0
1792.0276099796893 0.0 0.0 0.0 1.0 0.0 0.0 8.0 0.0
1793.0276099796893 0.0 0.0 0.0 1.0 0.0 0.0 8.0 0.0
1794.0276099796893 0.0 0.0 0.0 1.0 0.0 0.0 8.0 0.0
1795.012403953422 0.0 0.0 0.0 1.0 0.0 0.0 8.0 0.0
1796.0023484411288 0.0 0.0 0.0 1.0 0.0 0.0 8.0 0.0
1797.0228740775533 0.0 0.0 0.0 1.0 0.0 0.0 8.0 0.0
1798.012011253456 0.0 0.0 0.0 1.0 0.0 0.0 8.0 0.0
1799.0191453280545 0.0 0.0 0.0 1.0 0.0 0.0 8.0 0.0
1800.0020829085433 0.0 0.0 0.0 1.0 0.0 0.0 7.975 0.0
1801.0276099796893 0.0 0.0 0.0 1.0 0.0 0.0 7.375 0.0
1802.0276099796893 0.0 0.0 0.0 1.0 0.0 0.0 6.225 0.0
1803.008661278736 0.0 0.0 0.0 1.0 0.0 0.0 6.05 0.0
1804.0223948761222 0.0 0.0 0.0 1.0 0.0 0.0 6.0 0.0
1805.0066928969734 0.0 0.0 0.0 1.0 0.0 0.0 6.0 0.0
1806.0276099796893 0.0 0.0 0.0 1.0 0.0 0.0 6.0 0.0
1807.009942444106 0.0 0.0 0.0 1.0 0.0 0.0 6.0 0.0
1808.0146662831223 0.0 0.0 0.0 1.0 0.0 0.0 6.0 0.0
1809.002216378864 0.0 0.0 0.0 1.0 0.0 0.0 6.0 0.0
1810.0276099796893 0.0 0.0 0.0 1.0 0.0 0.0 6.0 0.0
1811.021281772001 0.0 0.0 0.0 1.0 0.0 0.0 6.0 0.0
1812.0193333991176 0.0 0.0 0.0 1.0 0.0 0.0 6.0 0.0
1813.0104688093559 0.0 0.0 0.0 1.0 0.0 0.0 6.0 0.0
1814.0276099796893 0.0 0.0 0.0 1.0 0.0 0.0 6.0 0.0
1815.0096424205904 0.0 0.0 0.0 1.0 0.0 0.0 6.0 0.0
1816.0253169282348 0.0 0.0 0.0 1.0 0.0 0.0 6.0 0.0
1817.0141178673537 0.0 0.0 0.0 1.0 0.0 0.0 6.0 0.0
1818.0276099796893 0.0 0.0 0.0 1.0 0.0 0.0 6.0 0.0
1819.0010764322637 0.0 0.0 0.0 1.0 0.0 0.0 6.0 0.0
1820.0276099796893 0.0 0.0 0.0 1.0 0.0 0.0 6.0 0.0
1821.0073028558666 0.0 0.0 0.0 1.0 0.0 0.0 6.0 0.0
1822.0149350095887 0.0 0.0 0.0 1.0 0.0 0.0 6.0 0.0
1823.0103100566625 0.0 0.0 0.0 1.0 0.0 0.0 6.0 0.0
1824.019495694031 0.0 0.0 0.0 1.0 0.0 0.0 6.0 0.0
1825.0069645443214 0.0 0.0 0.0 1.0 0.0 0.0 6.0 0.0
1826.0276099796893 0.0 0.0 0.0 1.0 0.0 0.0 6.0 0.0
1827.0276099796893 0.0 0.0 0.0 1.0 0.0 0.0 6.0 0.0
1828.0276099796893 0.0 0.0 0.0 1.0 0.0 0.0 6.0 0.0
1829.0226960745892 0.0 0.0 0.0 1.0 0.0 0.0 6.0 0.0
1830.005984295166 0.0 0.0 0.0 1.0 0.0 0.0 6.0 0.0
1831.0276099796893 0.0 0.0 0.0 1.0 0.0 0.0 6.0 0.0
1832.0051783138017 0.0 0.0 0.0 1.0 0.0 0.0 6.0 0.0
1833.0190612309982 0.0 0.0 0.0 1.0 0.0 0.0 6.0 0.0
1834.01719314229 0.0 0.0 0.0 1.0 0.0 0.0 6.0 0.0
1835.0038969594325 0.0 0.0 0.0 1.0 0.0 0.0 6.0 0.0
1836.0276099796893 0.0 0.0 0.0 1.0 0.0 0.0 6.0 0.0
1837.0276099796893 0.0 0.0 0.0 1.0 0.0 0.0 6.0 0.0
1838.0034858268675 0.0 0.0 0.0 1.0 0.0 0.0 6.0 0.0
1839.0276099796893 0.0 0.0 0.0 1.0 0.0 0.0 6.0 0.0
1840.0276099796893 0.0 0.0 0.0 1.0 0.0 0.0 6.0 0.0
1841.0015080993342 0.0 0.0 0.0 1.0 0.0 0.0 6.0 0.0
1842.0276099796893 0.0 0.0 0.0 1.0 0.0 0.0 6.0 0.0
1843.0023396105425 0.0 0.0 0.0 1.0 0.0 0.0 6.0 0.0
1844.012167013611 0.0 0.0 0.0 1.0 0.0 0.0 6.0 0.0
1845.0074802994397 0.0 0.0 0.0 1.0 0.0 0.0 6.0 0.0
1846.0276099796893 0.0 0.0 0.0 1.0 0.0 0.0 6.0 0.0
1847.005857104904 0.0 0.0 0.0 1.0 0.0 0.0 6.0 0.0
1848.0261436349028 0.0 0.0 0.0 1.0 0.0 0.0 6.0 0.0
1849.0225390924231 0.0 0.0 0.0 1.0 0.0 0.0 6.0 0.0
1850.0276099796893 0.0 0.0 0.0 1.0 0.0 0.0 6.0 0.0
1851.005403303136 0.0 0.0 0.0 1.0 0.0 0.0 6.0 0.0
1852.0276099796893 0.0 0.0 0.0 1.0 0.0 0.0 6.0 0.0
1853.0116827245406 0.0 0.0 0.0 1.0 0.0 0.0 6.0 0.0
1854.0099117191407 0.0 0.0 0.0 1.0 0.0 0.0 6.0 0.0
1855.011808969887 0.0 0.0 0.0 1.0 0.0 0.0 6.0 0.0
1856.018728681443 0.0 0.0 0.0 1.0 0.0 0.0 6.0 0.0
1857.0238754894472 0.0 0.0 0.0 1.0 0.0 0.0 6.0 0.0
1858.0276099796893 0.0 0.0 0.0 1.0 0.0 0.0 6.0 0.0
1859.003698776641 0.0 0.0 0.0 1.0 0.0 0.0 6.0 0.0
1860.002471177654 0.0 0.0 0.0 1.0 0.0 0.0 6.0 0.0
1861.0059220153341 0.0 0.0 0.0 1.0 0.0 0.0 6.0 0.0
1862.0163630454708 0.0 0.0 0.0 1.0 0.0 0.0 6.0 0.0
1863.0032248377524 0.0 0.0 0.0 1.0 0.0 0.0 6.0 0.0
1864.0060451851934 0.0 0.0 0.0 1.0 0.0 0.0 6.0 0.0
1865.0020764829828 0.0 0.0 0.0 1.0 0.0 0.0 6.0 0.0
1866.0158068769167 0.0 0.0 0.0 1.0 0.0 0.0 6.0 0.0
1867.002887545577 0.0 0.0 0.0 1.0 0.0 0.0 6.0 0.0
1868.0141490605251 0.0 0.0 0.0 1.0 0.0 0.0 6.0 0.0
1869.0064325149076 0.0 0.0 0.0 1.0 0.0 0.0 6.0 0.0
1870.0144913102981 0.0 0.0 0.0 1.0 0.0 0.0 6.0 0.0
1871.010827052437 0.0 0.0 0.0 1.0 0.0 0.0 6.0 0.0
1872.024651869391 0.0 0.0 0.0 1.0 0.0 0.0 6.0 0.0
1873.0165756888678 0.0 0.0 0.0 1.0 0.0 0.0 6.0 0.0
1874.0050144254994 0.0 0.0 0.0 1.0 0.0 0.0 6.0 0.0
1875.0276099796893 0.0 0.0 0.0 1.0 0.0 0.0 6.0 0.0
1876.0082391717638 0.0 0.0 0.0 1.0 0.0 0.0 6.0 0.0
1877.0233058957313 0.0 0.0 0.0 1.0 0.0 0.0 6.0 0.0
1878.007248818121 0.0 0.0 0.0 1.0 0.0 0.0 6.0 0.0
1879.0276099796893 0.0 0.0 0.0 1.0 0.0 0.0 6.0 0.0
1880.0276099796893 0.0 0.0 0.0 1.0 0.0 0.0 6.0 0.0
1881.001332317163 0.0 0.0 0.0 1.0 0.0 0.0 6.0 0.0
1882.0193742910706 0.0 0.0 0.0 1.0 0.0 0.0 6.0 0.0
1883.0082071652146 0.0 0.0 0.0 1.0 0.0 0.0 6.0 0.0
1884.0276099796893 0.0 0.0 0.0 1.0 0.0 0.0 6.0 0.0
1885.014043560613 0.0 0.0 0.0 1.0 0.0 0.0 6.0 0.0
1886.0276099796893 0.0 0.0 0.0 1.0 0.0 0.0 6.0 0.0
1887.0276099796893 0.0 0.0 0.0 1.0 0.0 0.0 6.0 0.0
1888.0185018542022 0.0 0.0 0.0 1.0 0.0 0.0 6.0 0.0
1889.0276099796893 0.0 0.0 0.0 1.0 0.0 0.0 6.0 0.0
1890.0127636179934 0.0 0.0 0.0 1.0 0.0 0.0 6.0 0.0
1891.0276099796893 0.0 0.0 0.0 1.0 0.0 0.0 6.0 0.0
1892.0032501816895 0.0 0.0 0.0 1.0 0.0 0.0 6.0 0.0
1893.0276099796893 0.0 0.0 0.0 1.0 0.0 0.0 6.0 0.0
1894.0276099796893 0.0 0.0 0.0 1.0 0.0 0.0 6.0 0.0
1895.0038277484114 0.0 0.0 0.0 1.0 0.0 0.0 6.0 0.0
1896.0276099796893 0.0 0.0 0.0 1.0 0.0 0.0 6.0 0.0
1897.0276099796893 0.0 0.0 0.0 1.0 0.0 0.0 6.0 0.0
1898.0082305207695 0.0 0.0 0.0 1.0 0.0 0.0 6.0 0.0
1899.0276099796893 0.0 0.0 0.0 1.0 0.0 0.0 6.0 0.0
1900.0007350243102 0.0 0.0 0.0 1.0 0.0 0.0 6.0 0.0
1901.000933955602 0.0 0.0 0.0 1.0 0.0 0.0 6.0 0.0
1902.0226344983869 0.0 0.0 0.0 1.0 0.0 0.0 6.0 0.0
1903.017395827489 0.0 0.0 0.0 1.0 0.0 0.0 6.0 0.0
1904.0257243392984 0.0 0.0 0.0 1.0 0.0 0.0 6.0 0.0
1905.0276099796893 0.0 0.0 0.0 1.0 0.0 0.0 6.0 0.0
1906.005528814609 0.0 0.0 0.0 1.0 0.0 0.0 6.0 0.0
1907.008337441198 0.0 0.0 0.0 1.0 0.0 0.0 6.0 0.0
1908.0083024696255 0.0 0.0 0.0 1.0 0.0 0.0 6.0 0.0
1909.0276099796893 0.0 0.0 0.0 1.0 0.0 0.0 6.0 0.0
1910.001775822167 0.0 0.0 0.0 1.0 0.0 0.0 6.0 0.0
1911.0058100119506 0.0 0.0 0.0 1.0 0.0 0.0 6.0 0.0
1912.0173027883257 0.0 0.0 0.0 1.0 0.0 0.0 6.0 0.0
1913.0086980865872 0.0 0.0 0.0 1.0 0.0 0.0 6.0 0.0
1914.0001472027166 0.0 0.0 0.0 1.0 0.0 0.0 6.0 0.0
1915.0276099796893 0.0 0.0 0.0 1.0 0.0 0.0 6.0 0.0
1916.0095844500886 0.0 0.0 0.0 1.0 0.0 0.0 6.0 0.0
1917.0276099796893 0.0 0.0 0.0 1.0 0.0 0.0 6.0 0.0
1918.0068751445663 0.0 0.0 0.0 1.0 0.0 0.0 6.0 0.0
1919.006777716331 0.0 0.0 0.0 1.0 0.0 0.0 6.0 0.0
1920.0276099796893 0.0 0.0 0.0 1.0 0.0 0.0 6.0 0.0
1921.002928526177 0.0 0.0 0.0 1.0 0.0 0.0 6.0 0.0
1922.0276099796893 0.0 0.0 0.0 1.0 0.0 0.0 6.0 0.0
1923.0129791138302 0.0 0.0 0.0 1.0 0.0 0.0 6.0 0.0
1924.0010224226369 0.0 0.0 0.0 1.0 0.0 0.0 6.0 0.0
1925.001306944208 0.0 0.0 0.0 1.0 0.0 0.0 6.0 0.0
1926.008450931434 0.0 0.0 0.0 1.0 0.0 0.0 6.0 0.0
1927.023731119596 0.0 0.0 0.0 1.0 0.0 0.0 6.0 0.0
1928.0276099796893 0.0 0.0 0.0 1.0 0.0 0.0 6.0 0.0
1929.0276099796893 0.0 0.0 0.0 1.0 0.0 0.0 6.0 0.0
1930.0276099796893 0.0 0.0 0.0 1.0 0.0 0.0 6.0 0.0
1931.0065260759393 0.0 0.0 0.0 1.0 0.0 0.0 6.0 0.0
1932.020006185086 0.0 0.0 0.0 1.0 0.0 0.0 6.0 0.0
1933.0053811899948 0.0 0.0 0.0 1.0 0.0 0.0 6.0 0.0
1934.0215693293233 0.0 0.0 0.0 1.0 0.0 0.0 6.0 0.0
1935.0053197141217 0.0 0.0 0.0 1.0 0.0 0.0 6.0 0.0
1936.0276099796893 0.0 0.0 0.0 1.0 0.0 0.0 6.0 0.0
1937.0005947025045 0.0 0.0 0.0 1.0 0.0 0.0 6.0 0.0
1938.024851923051 0.0 0.0 0.0 1.0 0.0 0.0 6.0 0.0
1939.0276099796893 0.0 0.0 0.0 1.0 0.0 0.0 6.0 0.0
1940.0060971210385 0.0 0.0 0.0 1.0 0.0 0.0 6.0 0.0
1941.0024165686702 0.0 0.0 0.0 1.0 0.0 0.0 6.0 0.0
1942.0276099796893 0.0 0.0 0.0 1.0 0.0 0.0 6.0 0.0
1943.0276099796893 0.0 0.0 0.0 1.0 0.0 0.0 6.0 0.0
1944.0276099796893 0.0 0.0 0.0 1.0 0.0 0.0 6.0 0.0
1945.00110671871 0.0 0.0 0.0 1.0 0.0 0.0 6.0 0.0
1946.0276099796893 0.0 0.0 0.0 1.0 0.0 0.0 6.0 0.0
1947.0000765239265 0.0 0.0 0.0 1.0 0.0 0.0 6.0 0.0
1948.0084378251702 0.0 0.0 0.0 1.0 0.0 0.0 6.0 0.0
1949.005886834928 0.0 0.0 0.0 1.0 0.0 0.0 6.0 0.0
1950.0017516969776 0.0 0.0 0.0 1.0 0.0 0.0 6.0 0.0
1951.0276099796893 0.0 0.0 0.0 1.0 0.0 0.0 6.0 0.0
1952.005738624486 0.0 0.0 0.0 1.0 0.0 0.0 6.0 0.0
1953.0276099796893 0.0 0.0 0.0 1.0 0.0 0.0 6.0 0.0
1954.026381978615 0.0 0.0 0.0 1.0 0.0 0.0 6.0 0.0
1955.0276099796893 0.0 0.0 0.0 1.0 0.0 0.0 6.0 0.0
1956.0276099796893 0.0 0.0 0.0 1.0 0.0 0.0 6.0 0.0
1957.0276099796893 0.0 0.0 0.0 1.0 0.0 0.0 6.0 0.0
1958.0117546048837 0.0 0.0 0.0 1.0 0.0 0.0 6.0 0.0
1959.0276099796893 0.0 0.0 0.0 1.0 0.0 0.0 6.0 0.0
1960.0127626414505 0.0 0.0 0.0 1.0 0.0 0.0 6.0 0.0
1961.0276099796893 0.0 0.0 0.0 1.0 0.0 0.0 6.0 0.0
1962.0276099796893 0.0 0.0 0.0 1.0 0.0 0.0 6.0 0.0
1963.0253537617186 0.0 0.0 0.0 1.0 0.0 0.0 6.0 0.0
1964.009935874522 0.0 0.0 0.0 1.0 0.0 0.0 6.0 0.0
1965.0276099796893 0.0 0.0 0.0 1.0 0.0 0.0 6.0 0.0
1966.0276099796893 0.0 0.0 0.0 1.0 0.0 0.0 6.0 0.0
1967.009706258175 0.0 0.0 0.0 1.0 0.0 0.0 6.0 0.0
1968.0272275467241 0.0 0.0 0.0 1.0 0.0 0.0 6.0 0.0
1969.0136222884469 0.0 0.0 0.0 1.0 0.0 0.0 6.0 0.0
1970.0137320682197 0.0 0.0 0.0 1.0 0.0 0.0 6.0 0.0
1971.008321464688 0.0 0.0 0.0 1.0 0.0 0.0 6.0 0.0
1972.0271523079957 0.0 0.0 0.0 1.0 0.0 0.0 6.0 0.0
1973.0186249678623 0.0 0.0 0.0 1.0 0.0 0.0 6.0 0.0
1974.0021309683516 0.0 0.0 0.0 1.0 0.0 0.0 6.0 0.0
1975.0276099796893 0.0 0.0 0.0 1.0 0.0 0.0 6.0 0.0
1976.0217720376918 0.0 0.0 0.0 1.0 0.0 0.0 6.0 0.0
1977.0276099796893 0.0 0.0 0.0 1.0 0.0 0.0 6.0 0.0
1978.0276099796893 0.0 0.0 0.0 1.0 0.0 0.0 6.0 0.0
1979.0276099796893 0.0 0.0 0.0 1.0 0.0 0.0 6.0 0.0
1980.0276099796893 0.0 0.0 0.0 1.0 0.0 0.0 6.0 0.0
1981.0223241277517 0.0 0.0 0.0 1.0 0.0 0.0 6.0 0.0
1982.004340804838 0.0 0.0 0.0 1.0 0.0 0.0 6.0 0.0
1983.0276099796893 0.0 0.0 0.0 1.0 0.0 0.0 6.0 0.0
1984.0276099796893 0.0 0.0 0.0 1.0 0.0 0.0 6.0 0.0
1985.0118740241178 0.0 0.0 0.0 1.0 0.0 0.0 6.0 0.0
1986.0276099796893 0.0 0.0 0.0 1.0 0.0 0.0 6.0 0.0
1987.0043160182495 0.0 0.0 0.0 1.0 0.0 0.0 6.0 0.0
1988.0266384521392 0.0 0.0 0.0 1.0 0.0 0.0 6.0 0.0
1989.0276099796893 0.0 0.0 0.0 1.0 0.0 0.0 6.0 0.0
1990.0213057935662 0.0 0.0 0.0 1.0 0.0 0.0 6.0 0.0
1991.0166883357588 0.0 0.0 0.0 1.0 0.0 0.0 6.0 0.0
1992.0276099796893 0.0 0.0 0.0 1.0 0.0 0.0 6.0 0.0
1993.0276099796893 0.0 0.0 0.0 1.0 0.0 0.0 6.0 0.0
1994.0276099796893 0.0 0.0 0.0 1.0 0.0 0.0 6.0 0.0
1995.0276099796893 0.0 0.0 0.0 1.0 0.0 0.0 6.0 0.0
1996.0276099796893 0.0 0.0 0.0 1.0 0.0 0.0 6.0 0.0
1997.0276099796893 0.0 0.0 0.0 1.0 0.0 0.0 6.0 0.0
1998.0063653278146 0.0 0.0 0.0 1.0 0.0 0.0 6.0 0.0
1999.0044756285702 0.0 0.0 0.0 1.0 0.0 0.0 6.0 0.0
2000.0276099796893 0.0 0.0 0.0 1.0 0.0 0.0 6.0 0.0
2001.0147713120136 0.3499999999999999 0.0 0.0 0.65 0.0 1.0 6.0 0.44390243902439025
2002.022928812806 0.975 0.0 0.0 0.02499999999999999 0.0 1.0 6.15 0.0475609756097561
2003.0276099796893 0.975 0.0 0.0 0.02499999999999999 0.0 1.0 7.125 0.0475609756097561
2004.0276099796893 1.0 0.0 0.0 0.0 0.0 1.0 7.775 0.0
2005.0122810478115 1.0 0.0 0.0 0.0 0.0 1.0 7.925 0.0
2006.0025076248444 1.0 0.0 0.0 0.0 0.0 1.0 7.975 0.0
2007.0276099796893 1.0 0.0 0.0 0.0 0.0 1.0 8.0 0.0
2008.0276099796893 1.0 0.0 0.0 0.0 0.0 1.0 8.0 0.0
2009.006603277682 1.0 0.0 0.0 0.0 0.0 1.0 8.0 0.0
2010.0276099796893 1.0 0.0 0.0 0.0 0.0 1.0 8.0 0.0
2011.0072492627382 1.0 0.0 0.0 0.0 0.0 1.0 8.0 0.0
2012.0008234409477 1.0 0.0 0.0 0.0 0.0 1.0 8.0 0.0
2013.0276099796893 1.0 0.0 0.0 0.0 0.0 1.0 8.0 0.0
2014.0276099796893 1.0 0.0 0.0 0.0 0.0 1.0 8.0 0.0
2015.0276099796893 1.0 0.0 0.0 0.0 0.0 1.0 8.0 0.0
2016.019022937571 1.0 0.0 0.0 0.0 0.0 1.0 8.0 0.0
2017.0276099796893 1.0 0.0 0.0 0.0 0.0 1.0 8.0 0.0
2018.025735740597 1.0 0.0 0.0 0.0 0.0 1.0 8.0 0.0
2019.0250572566226 1.0 0.0 0.0 0.0 0.0 1.0 8.0 0.0
2020.0276099796893 1.0 0.0 0.0 0.0 0.0 1.0 8.0 0.0
2021.0276099796893 1.0 0.0 0.0 0.0 0.0 1.0 8.0 0.0
2022.0276099796893 1.0 0.0 0.0 0.0 0.0 1.0 8.0 0.0
2023.0267763973336 1.0 0.0 0.0 0.0 0.0 1.0 8.0 0.0
2024.0006141246208 1.0 0.0 0.0 0.0 0.0 1.0 8.0 0.0
2025.0133641569284 1.0 0.0 0.0 0.0 0.0 1.0 8.0 0.0
2026.0276099796893 1.0 0.0 0.0 0.0 0.0 1.0 8.0 0.0
2027.0276099796893 1.0 0.0 0.0 0.0 0.0 1.0 8.0 0.0
2028.0192535480521 1.0 0.0 0.0 0.0 0.0 1.0 8.0 0.0
2029.0025078655267 1.0 0.0 0.0 0.0 0.0 1.0 8.0 0.0
2030.0016428530562 1.0 0.0 0.0 0.0 0.0 1.0 8.0 0.0
2031.010905093786 1.0 0.0 0.0 0.0 0.0 1.0 8.0 0.0
2032.008003398067 1.0 0.0 0.0 0.0 0.0 1.0 8.0 0.0
2033.0276099796893 1.0 0.0 0.0 0.0 0.0 1.0 8.0 0.0
2034.015036563229 1.0 0.0 0.0 0.0 0.0 1.0 8.0 0.0
2035.002712216969 1.0 0.0 0.0 0.0 0.0 1.0 8.0 0.0
2036.0276099796893 1.0 0.0 0.0 0.0 0.0 1.0 8.0 0.0
2037.0152858708761 1.0 0.0 0.0 0.0 0.0 1.0 8.0 0.0
2038.0026129597695 1.0 0.0 0.0 0.0 0.0 1.0 8.0 0.0
2039.022786241435 1.0 0.0 0.0 0.0 0.0 1.0 8.0 0.0
2040.0276099796893 1.0 0.0 0.0 0.0 0.0 1.0 8.0 0.0
2041.0212722755377 1.0 0.0 0.0 0.0 0.0 1.0 8.0 0.0
2042.004037023789 1.0 0.0 0.0 0.0 0.0 1.0 8.0 0.0
2043.0276099796893 1.0 0.0 0.0 0.0 0.0 1.0 8.0 0.0
2044.0029707306378 1.0 0.0 0.0 0.0 0.0 1.0 8.0 0.0
2045.00995691207 1.0 0.0 0.0 0.0 0.0 1.0 8.0 0.0
2046.0276099796893 1.0 0.0 0.0 0.0 0.0 1.0 8.0 0.0
2047.0156244459 1.0 0.0 0.0 0.0 0.0 1.0 8.0 0.0
2048.0276099796893 1.0 0.0 0.0 0.0 0.0 1.0 8.0 0.0
2049.0276099796893 1.0 0.0 0.0 0.0 0.0 1.0 8.0 0.0
2050.0051674264682 1.0 0.0 0.0 0.0 0.0 1.0 8.0 0.0
2051.021454881208 1.0 0.0 0.0 0.0 0.0 1.0 8.0 0.0
2052.0258752642594 1.0 0.0 0.0 0.0 0.0 1.0 8.0 0.0
2053.015626568186 1.0 0.0 0.0 0.0 0.0 1.0 8.0 0.0
2054.0064222104234 1.0 0.0 0.0 0.0 0.0 1.0 8.0 0.0
2055.0276099796893 1.0 0.0 0.0 0.0 0.0 1.0 8.0 0.0
2056.0276099796893 1.0 0.0 0.0 0.0 0.0 1.0 8.0 0.0
2057.0276099796893 1.0 0.0 0.0 0.0 0.0 1.0 8.0 0.0
2058.0276099796893 1.0 0.0 0.0 0.0 0.0 1.0 8.0 0.0
2059.017495304582 1.0 0.0 0.0 0.0 0.0 1.0 8.0 0.0
2060.0276099796893 1.0 0.0 0.0 0.0 0.0 1.0 8.0 0.0
2061.006347461794 1.0 0.0 0.0 0.0 0.0 1.0 8.0 0.0
2062.0276099796893 1.0 0.0 0.0 0.0 0.0 1.0 8.0 0.0
2063.0276099796893 1.0 0.0 0.0 0.0 0.0 1.0 8.0 0.0
2064.0002086055156 1.0 0.0 0.0 0.0 0.0 1.0 8.0 0.0
2065.0276099796893 1.0 0.0 0.0 0.0 0.0 1.0 8.0 0.0
2066.0276099796893 1.0 0.0 0.0 0.0 0.0 1.0 8.0 0.0
2067.000964838326 1.0 0.0 0.0 0.0 0.0 1.0 8.0 0.0
2068.0276099796893 1.0 0.0 0.0 0.0 0.0 1.0 8.0 0.0
2069.0276099796893 1.0 0.0 0.0 0.0 0.0 1.0 8.0 0.0
2070.015738951985 1.0 0.0 0.0 0.0 0.0 1.0 8.0 0.0
2071.0001914488444 1.0 0.0 0.0 0.0 0.0 1.0 8.0 0.0
2072.013703784865 1.0 0.0 0.0 0.0 0.0 1.0 8.0 0.0
2073.0276099796893 1.0 0.0 0.0 0.0 0.0 1.0 8.0 0.0
2074.007467373677 1.0 0.0 0.0 0.0 0.0 1.0 8.0 0.0
2075.002096141195 1.0 0.0 0.0 0.0 0.0 1.0 8.0 0.0
2076.0236504657887 1.0 0.0 0.0 0.0 0.0 1.0 8.0 0.0
2077.0204437716598 1.0 0.0 0.0 0.0 0.0 1.0 8.0 0.0
2078.009283403736 1.0 0.0 0.0 0.0 0.0 1.0 8.0 0.0
2079.0276099796893 1.0 0.0 0.0 0.0 0.0 1.0 8.0 0.0
2080.002068994319 1.0 0.0 0.0 0.0 0.0 1.0 8.0 0.0
2081.0263093669255 1.0 0.0 0.0 0.0 0.0 1.0 8.0 0.0
2082.0043222217314 1.0 0.0 0.0 0.0 0.0 1.0 8.0 0.0
2083.016933211982 1.0 0.0 0.0 0.0 0.0 1.0 8.0 0.0
2084.0276099796893 1.0 0.0 0.0 0.0 0.0 1.0 8.0 0.0
2085.0225580401493 1.0 0.0 0.0 0.0 0.0 1.0 8.0 0.0
2086.0276099796893 1.0 0.0 0.0 0.0 0.0 1.0 8.0 0.0
2087.0276099796893 1.0 0.0 0.0 0.0 0.0 1.0 8.0 0.0
2088.0192992343764 1.0 0.0 0.0 0.0 0.0 1.0 8.0 0.0
2089.026527248922 1.0 0.0 0.0 0.0 0.0 1.0 8.0 0.0
2090.0276099796893 1.0 0.0 0.0 0.0 0.0 1.0 8.0 0.0
2091.007811166697 1.0 0.0 0.0 0.0 0.0 1.0 8.0 0.0
2092.0048207288164 1.0 0.0 0.0 0.0 0.0 1.0 8.0 0.0
2093.0185814899464 1.0 0.0 0.0 0.0 0.0 1.0 8.0 0.0
2094.0086089395777 1.0 0.0 0.0 0.0 0.0 1.0 8.0 0.0
2095.0088487701323 1.0 0.0 0.0 0.0 0.0 1.0 8.0 0.0
2096.006274736034 1.0 0.0 0.0 0.0 0.0 1.0 8.0 0.0
2097.0276099796893 1.0 0.0 0.0 0.0 0.0 1.0 8.0 0.0
2098.002434738803 1.0 0.0 0.0 0.0 0.0 1.0 8.0 0.0
2099.004396724891 1.0 0.0 0.0 0.0 0.0 1.0 8.0 0.0
2100.0276099796893 1.0 0.0 0.0 0.0 0.0 1.0 8.0 0.0
2101.0010678317517 1.0 0.0 0.0 0.0 0.0 1.0 8.0 0.0
2102.0012003796533 1.0 0.0 0.0 0.0 0.0 1.0 8.0 0.0
2103.0055961808353 1.0 0.0 0.0 0.0 0.0 1.0 8.0 0.0
2104.025700997498 1.0 0.0 0.0 0.0 0.0 1.0 8.0 0.0
2105.0276099796893 1.0 0.0 0.0 0.0 0.0 1.0 8.0 0.0
2106.007592910095 1.0 0.0 0.0 0.0 0.0 1.0 8.0 0.0
2107.009158235262 1.0 0.0 0.0 0.0 0.0 1.0 8.0 0.0
2108.0223190107754 1.0 0.0 0.0 0.0 0.0 1.0 8.0 0.0
2109.0276099796893 1.0 0.0 0.0 0.0 0.0 1.0 8.0 0.0
2110.0159574293702 1.0 0.0 0.0 0.0 0.0 1.0 8.0 0.0
2111.017928511245 1.0 0.0 0.0 0.0 0.0 1.0 8.0 0.0
2112.0276099796893 1.0 0.0 0.0 0.0 0.0 1.0 8.0 0.0
2113.0247043596264 1.0 0.0 0.0 0.0 0.0 1.0 8.0 0.0
2114.007430761241 1.0 0.0 0.0 0.0 0.0 1.0 8.0 0.0
2115.024706227124 1.0 0.0 0.0 0.0 0.0 1.0 8.0 0.0
2116.003254421129 1.0 0.0 0.0 0.0 0.0 1.0 8.0 0.0
2117.0276099796893 1.0 0.0 0.0 0.0 0.0 1.0 8.0 0.0
2118.0276099796893 1.0 0.0 0.0 0.0 0.0 1.0 8.0 0.0
2119.0276099796893 1.0 0.0 0.0 0.0 0.0 1.0 8.0 0.0
2120.0162852807343 1.0 0.0 0.0 0.0 0.0 1.0 8.0 0.0
2121.013434640205 1.0 0.0 0.0 0.0 0.0 1.0 8.0 0.0
2122.0276099796893 1.0 0.0 0.0 0.0 0.0 1.0 8.0 0.0
2123.0276099796893 1.0 0.0 0.0 0.0 0.0 1.0 8.0 0.0
2124.0088703600854 1.0 0.0 0.0 0.0 0.0 1.0 8.0 0.0
2125.0111241435834 1.0 0.0 0.0 0.0 0.0 1.0 8.0 0.0
2126.0241263640296 1.0 0.0 0.0 0.0 0.0 1.0 8.0 0.0
2127.0090075594767 1.0 0.0 0.0 0.0 0.0 1.0 8.0 0.0
2128.007241085132 1.0 0.0 0.0 0.0 0.0 1.0 8.0 0.0
2129.0276099796893 1.0 0.0 0.0 0.0 0.0 1.0 8.0 0.0
2130.0177890416567 1.0 0.0 0.0 0.0 0.0 1.0 8.0 0.0
2131.0198110812594 1.0 0.0 0.0 0.0 0.0 1.0 8.0 0.0
2132.019287136191 1.0 0.0 0.0 0.0 0.0 1.0 8.0 0.0
2133.0256483100143 1.0 0.0 0.0 0.0 0.0 1.0 8.0 0.0
2134.019667244954 1.0 0.0 0.0 0.0 0.0 1.0 8.0 0.0
2135.0276099796893 1.0 0.0 0.0 0.0 0.0 1.0 8.0 0.0
2136.0276099796893 1.0 0.0 0.0 0.0 0.0 1.0 8.0 0.0
2137.0120642426195 1.0 0.0 0.0 0.0 0.0 1.0 8.0 0.0
2138.0276099796893 1.0 0.0 0.0 0.0 0.0 1.0 8.0 0.0
2139.0276099796893 1.0 0.0 0.0 0.0 0.0 1.0 8.0 0.0
2140.0276099796893 1.0 0.0 0.0 0.0 0.0 1.0 8.0 0.0
2141.000336001787 1.0 0.0 0.0 0.0 0.0 1.0 8.0 0.0
2142.0276099796893 1.0 0.0 0.0 0.0 0.0 1.0 8.0 0.0
2143.0031932954216 1.0 0.0 0.0 0.0 0.0 1.0 8.0 0.0
2144.0143025961693 1.0 0.0 0.0 0.0 0.0 1.0 8.0 0.0
2145.0276099796893 1.0 0.0 0.0 0.0 0.0 1.0 8.0 0.0
2146.0276099796893 1.0 0.0 0.0 0.0 0.0 1.0 8.0 0.0
2147.0090763353096 1.0 0.0 0.0 0.0 0.0 1.0 8.0 0.0
2148.009079836384 1.0 0.0 0.0 0.0 0.0 1.0 8.0 0.0
2149.0276099796893 1.0 0.0 0.0 0.0 0.0 1.0 8.0 0.0
2150.0077608475567 1.0 0.0 0.0 0.0 0.0 1.0 8.0 0.0
2151.002249839626 1.0 0.0 0.0 0.0 0.0 1.0 8.0 0.0
2152.004618770641 1.0 0.0 0.0 0.0 0.0 1.0 8.0 0.0
2153.004043363698 1.0 0.0 0.0 0.0 0.0 1.0 8.0 0.0
2154.0276099796893 1.0 0.0 0.0 0.0 0.0 1.0 8.0 0.0
2155.002493172745 1.0 0.0 0.0 0.0 0.0 1.0 8.0 0.0
2156.0144021846318 1.0 0.0 0.0 0.0 0.0 1.0 8.0 0.0
2157.0251946405842 1.0 0.0 0.0 0.0 0.0 1.0 8.0 0.0
2158.013690362191 1.0 0.0 0.0 0.0 0.0 1.0 8.0 0.0
2159.0276099796893 1.0 0.0 0.0 0.0 0.0 1.0 8.0 0.0
2160.0276099796893 1.0 0.0 0.0 0.0 0.0 1.0 8.0 0.0
2161.003370853655 1.0 0.0 0.0 0.0 0.0 1.0 8.0 0.0
2162.0214651674346 1.0 0.0 0.0 0.0 0.0 1.0 8.0 0.0
2163.0276099796893 1.0 0.0 0.0 0.0 0.0 1.0 8.0 0.0
2164.0020524843826 1.0 0.0 0.0 0.0 0.0 1.0 8.0 0.0
2165.0235286215934 1.0 0.0 0.0 0.0 0.0 1.0 8.0 0.0
2166.0276099796893 1.0 0.0 0.0 0.0 0.0 1.0 8.0 0.0
2167.0094443093203 1.0 0.0 0.0 0.0 0.0 1.0 8.0 0.0
2168.008741427071 1.0 0.0 0.0 0.0 0.0 1.0 8.0 0.0
2169.004935439921 1.0 0.0 0.0 0.0 0.0 1.0 8.0 0.0
2170.0276099796893 1.0 0.0 0.0 0.0 0.0 1.0 8.0 0.0
2171.0214006344986 1.0 0.0 0.0 0.0 0.0 1.0 8.0 0.0
2172.006724912675 1.0 0.0 0.0 0.0 0.0 1.0 8.0 0.0
2173.0276099796893 1.0 0.0 0.0 0.0 0.0 1.0 8.0 0.0
2174.021008965378 1.0 0.0 0.0 0.0 0.0 1.0 8.0 0.0
2175.0057987031432 1.0 0.0 0.0 0.0 0.0 1.0 8.0 0.0
2176.025314025463 1.0 0.0 0.0 0.0 0.0 1.0 8.0 0.0
2177.0011453232473 1.0 0.0 0.0 0.0 0.0 1.0 8.0 0.0
2178.0276099796893 1.0 0.0 0.0 0.0 0.0 1.0 8.0 0.0
2179.0276099796893 1.0 0.0 0.0 0.0 0.0 1.0 8.0 0.0
2180.0037944926667 1.0 0.0 0.0 0.0 0.0 1.0 8.0 0.0
2181.01371027071 1.0 0.0 0.0 0.0 0.0 1.0 8.0 0.0
2182.0222544106073 1.0 0.0 0.0 0.0 0.0 1.0 8.0 0.0
2183.0276099796893 1.0 0.0 0.0 0.0 0.0 1.0 8.0 0.0
2184.003152482008 1.0 0.0 0.0 0.0 0.0 1.0 8.0 0.0
2185.025486070226 1.0 0.0 0.0 0.0 0.0 1.0 8.0 0.0
2186.0211888738177 1.0 0.0 0.0 0.0 0.0 1.0 8.0 0.0
2187.0255540546937 1.0 0.0 0.0 0.0 0.0 1.0 8.0 0.0
2188.016048483306 1.0 0.0 0.0 0.0 0.0 1.0 8.0 0.0
2189.0276099796893 1.0 0.0 0.0 0.0 0.0 1.0 8.0 0.0
2190.001393951986 1.0 0.0 0.0 0.0 0.0 1.0 8.0 0.0
2191.0184682269505 1.0 0.0 0.0 0.0 0.0 1.0 8.0 0.0
2192.012423955026 1.0 0.0 0.0 0.0 0.0 1.0 8.0 0.0
2193.017601012241 1.0 0.0 0.0 0.0 0.0 1.0 8.0 0.0
2194.0042951188766 1.0 0.0 0.0 0.0 0.0 1.0 8.0 0.0
2195.0276099796893 1.0 0.0 0.0 0.0 0.0 1.0 8.0 0.0
2196.0200175108876 1.0 0.0 0.0 0.0 0.0 1.0 8.0 0.0
2197.0276099796893 1.0 0.0 0.0 0.0 0.0 1.0 8.0 0.0
2198.0276099796893 1.0 0.0 0.0 0.0 0.0 1.0 8.0 0.0
2199.008087762755 1.0 0.0 0.0 0.0 0.0 1.0 8.0 0.0
2200.015801291129 1.0 0.0 0.0 0.0 0.0 1.0 8.0 0.0
2201.0163976049407 1.0 0.0 0.0 0.0 0.0 1.0 8.0 0.0
2202.0045139721024 1.0 0.0 0.0 0.0 0.0 1.0 8.0 0.0
2203.0199389052345 1.0 0.0 0.0 0.0 0.0 1.0 8.0 0.0
2204.0146772645912 1.0 0.0 0.0 0.0 0.0 1.0 8.0 0.0
2205.0276099796893 1.0 0.0 0.0 0.0 0.0 1.0 8.0 0.0
2206.0276099796893 1.0 0.0 0.0 0.0 0.0 1.0 8.0 0.0
2207.0276099796893 1.0 0.0 0.0 0.0 0.0 1.0 8.0 0.0
2208.001259302411 1.0 0.0 0.0 0.0 0.0 1.0 8.0 0.0
2209.0025737354836 1.0 0.0 0.0 0.0 0.0 1.0 8.0 0.0
2210.0060266813102 1.0 0.0 0.0 0.0 0.0 1.0 8.0 0.0
2211.0276099796893 1.0 0.0 0.0 0.0 0.0 1.0 8.0 0.0
2212.017220016957 1.0 0.0 0.0 0.0 0.0 1.0 8.0 0.0
2213.0030077546503 1.0 0.0 0.0 0.0 0.0 1.0 8.0 0.0
2214.0075802357183 1.0 0.0 0.0 0.0 0.0 1.0 8.0 0.0
2215.0276099796893 1.0 0.0 0.0 0.0 0.0 1.0 8.0 0.0
2216.002722108734 1.0 0.0 0.0 0.0 0.0 1.0 8.0 0.0
2217.0276099796893 1.0 0.0 0.0 0.0 0.0 1.0 8.0 0.0
2218.0030915807843 1.0 0.0 0.0 0.0 0.0 1.0 8.0 0.0
2219.006120279918 1.0 0.0 0.0 0.0 0.0 1.0 8.0 0.0
2220.0058490081146 1.0 0.0 0.0 0.0 0.0 1.0 8.0 0.0
2221.0276099796893 1.0 0.0 0.0 0.0 0.0 1.0 8.0 0.0
2222.0276099796893 1.0 0.0 0.0 0.0 0.0 1.0 8.0 0.0
2223.00064062255 1.0 0.0 0.0 0.0 0.0 1.0 8.0 0.0
2224.0012201042528 1.0 0.0 0.0 0.0 0.0 1.0 8.0 0.0
2225.0276099796893 1.0 0.0 0.0 0.0 0.0 1.0 8.0 0.0
2226.0276099796893 1.0 0.0 0.0 0.0 0.0 1.0 8.0 0.0
2227.002519053398 1.0 0.0 0.0 0.0 0.0 1.0 8.0 0.0
2228.0157939038018 1.0 0.0 0.0 0.0 0.0 1.0 8.0 0.0
2229.0106412477226 1.0 0.0 0.0 0.0 0.0 1.0 8.0 0.0
2230.0276099796893 1.0 0.0 0.0 0.0 0.0 1.0 8.0 0.0
2231.0103031532162 1.0 0.0 0.0 0.0 0.0 1.0 8.0 0.0
2232.0085127415837 1.0 0.0 0.0 0.0 0.0 1.0 8.0 0.0
2233.0068713068295 1.0 0.0 0.0 0.0 0.0 1.0 8.0 0.0
2234.0276099796893 1.0 0.0 0.0 0.0 0.0 1.0 8.0 0.0
2235.0230869953425 1.0 0.0 0.0 0.0 0.0 1.0 8.0 0.0
2236.025768133699 1.0 0.0 0.0 0.0 0.0 1.0 8.0 0.0
2237.0276099796893 1.0 0.0 0.0 0.0 0.0 1.0 8.0 0.0
2238.0223098338906 1.0 0.0 0.0 0.0 0.0 1.0 8.0 0.0
2239.005616390998 1.0 0.0 0.0 0.0 0.0 1.0 8.0 0.0
2240.0276099796893 1.0 0.0 0.0 0.0 0.0 1.0 8.0 0.0
2241.0276099796893 1.0 0.0 0.0 0.0 0.0 1.0 8.0 0.0
2242.009725397546 1.0 0.0 0.0 0.0 0.0 1.0 8.0 0.0
2243.0276099796893 1.0 0.0 0.0 0.0 0.0 1.0 8.0 0.0
2244.0276099796893 1.0 0.0 0.0 0.0 0.0 1.0 8.0 0.0
2245.0276099796893 1.0 0.0 0.0 0.0 0.0 1.0 8.0 0.0
2246.0252396023443 1.0 0.0 0.0 0.0 0.0 1.0 8.0 0.0
2247.0049330635334 1.0 0.0 0.0 0.0 0.0 1.0 8.0 0.0
2248.0276099796893 1.0 0.0 0.0 0.0 0.0 1.0 8.0 0.0
2249.0061213952363 1.0 0.0 0.0 0.0 0.0 1.0 8.0 0.0
2250.0276099796893 1.0 0.0 0.0 0.0 0.0 1.0 8.0 0.0
2251.0276099796893 1.0 0.0 0.0 0.0 0.0 1.0 8.0 0.0
2252.014447700804 1.0 0.0 0.0 0.0 0.0 1.0 8.0 0.0
2253.018290448836 1.0 0.0 0.0 0.0 0.0 1.0 8.0 0.0
2254.0276099796893 1.0 0.0 0.0 0.0 0.0 1.0 8.0 0.0
2255.0276099796893 1.0 0.0 0.0 0.0 0.0 1.0 8.0 0.0
2256.0276099796893 1.0 0.0 0.0 0.0 0.0 1.0 8.0 0.0
2257.0270482349406 1.0 0.0 0.0 0.0 0.0 1.0 8.0 0.0
2258.015680778382 1.0 0.0 0.0 0.0 0.0 1.0 8.0 0.0
2259.019638848976 1.0 0.0 0.0 0.0 0.0 1.0 8.0 0.0
2260.0155179561575 1.0 0.0 0.0 0.0 0.0 1.0 8.0 0.0
2261.005132022828 1.0 0.0 0.0 0.0 0.0 1.0 8.0 0.0
2262.0005965103946 1.0 0.0 0.0 0.0 0.0 1.0 8.0 0.0
2263.0276099796893 1.0 0.0 0.0 0.0 0.0 1.0 8.0 0.0
2264.0276099796893 1.0 0.0 0.0 0.0 0.0 1.0 8.0 0.0
2265.0087431432817 1.0 0.0 0.0 0.0 0.0 1.0 8.0 0.0
2266.002446612483 1.0 0.0 0.0 0.0 0.0 1.0 8.0 0.0
2267.0040646207976 1.0 0.0 0.0 0.0 0.0 1.0 8.0 0.0
2268.0276099796893 1.0 0.0 0.0 0.0 0.0 1.0 8.0 0.0
2269.0047316235496 1.0 0.0 0.0 0.0 0.0 1.0 8.0 0.0
2270.000649584062 1.0 0.0 0.0 0.0 0.0 1.0 8.0 0.0
2271.0276099796893 1.0 0.0 0.0 0.0 0.0 1.0 8.0 0.0
2272.019260644383 1.0 0.0 0.0 0.0 0.0 1.0 8.0 0.0
2273.0008970007066 1.0 0.0 0.0 0.0 0.0 1.0 8.0 0.0
2274.0276099796893 1.0 0.0 0.0 0.0 0.0 1.0 8.0 0.0
2275.0276099796893 1.0 0.0 0.0 0.0 0.0 1.0 8.0 0.0
2276.0051466660107 1.0 0.0 0.0 0.0 0.0 1.0 8.0 0.0
2277.0276099796893 1.0 0.0 0.0 0.0 0.0 1.0 8.0 0.0
2278.004096074725 1.0 0.0 0.0 0.0 0.0 1.0 8.0 0.0
2279.0101312109373 1.0 0.0 0.0 0.0 0.0 1.0 8.0 0.0
2280.003841428069 1.0 0.0 0.0 0.0 0.0 1.0 8.0 0.0
2281.0276099796893 1.0 0.0 0.0 0.0 0.0 1.0 8.0 0.0
2282.0232576086287 1.0 0.0 0.0 0.0 0.0 1.0 8.0 0.0
2283.0276099796893 1.0 0.0 0.0 0.0 0.0 1.0 8.0 0.0
2284.0276099796893 1.0 0.0 0.0 0.0 0.0 1.0 8.0 0.0
2285.0276099796893 1.0 0.0 0.0 0.0 0.0 1.0 8.0 0.0
2286.0106645766955 1.0 0.0 0.0 0.0 0.0 1.0 8.0 0.0
2287.0276099796893 1.0 0.0 0.0 0.0 0.0 1.0 8.0 0.0
2288.0276099796893 1.0 0.0 0.0 0.0 0.0 1.0 8.0 0.0
2289.0276099796893 1.0 0.0 0.0 0.0 0.0 1.0 8.0 0.0
2290.0276099796893 1.0 0.0 0.0 0.0 0.0 1.0 8.0 0.0
2291.0241060860267 1.0 0.0 0.0 0.0 0.0 1.0 8.0 0.0
2292.0276099796893 1.0 0.0 0.0 0.0 0.0 1.0 8.0 0.0
2293.0276099796893 1.0 0.0 0.0 0.0 0.0 1.0 8.0 0.0
2294.0192704041697 1.0 0.0 0.0 0.0 0.0 1.0 8.0 0.0
2295.0276099796893 1.0 0.0 0.0 0.0 0.0 1.0 8.0 0.0
2296.0276099796893 1.0 0.0 0.0 0.0 0.0 1.0 8.0 0.0
2297.0189450620587 1.0 0.0 0.0 0.0 0.0 1.0 8.0 0.0
2298.00937207134 1.0 0.0 0.0 0.0 0.0 1.0 8.0 0.0
2299.0276099796893 1.0 0.0 0.0 0.0 0.0 1.0 8.0 0.0
2300.0276099796893 1.0 0.0 0.0 0.0 0.0 1.0 8.0 0.0
2301.022118666622 1.0 0.0 0.0 0.0 0.0 1.0 8.0 0.0
2302.0276099796893 1.0 0.0 0.0 0.0 0.0 1.0 8.0 0.0
2303.001537370655 1.0 0.0 0.0 0.0 0.0 1.0 8.0 0.0
2304.0276099796893 1.0 0.0 0.0 0.0 0.0 1.0 8.0 0.0
2305.0276099796893 1.0 0.0 0.0 0.0 0.0 1.0 8.0 0.0
2306.0276099796893 1.0 0.0 0.0 0.0 0.0 1.0 8.0 0.0
2307.0276099796893 1.0 0.0 0.0 0.0 0.0 1.0 8.0 0.0
2308.0063939837537 1.0 0.0 0.0 0.0 0.0 1.0 8.0 0.0
2309.000561632067 1.0 0.0 0.0 0.0 0.0 1.0 8.0 0.0
2310.0276099796893 1.0 0.0 0.0 0.0 0.0 1.0 8.0 0.0
2311.0276099796893 1.0 0.0 0.0 0.0 0.0 1.0 8.0 0.0
2312.0078923062047 1.0 0.0 0.0 0.0 0.0 1.0 8.0 0.0
2313.0276099796893 1.0 0.0 0.0 0.0 0.0 1.0 8.0 0.0
2314.0091249022753 1.0 0.0 0.0 0.0 0.0 1.0 8.0 0.0
2315.00509772356 1.0 0.0 0.0 0.0 0.0 1.0 8.0 0.0
2316.0108554998524 1.0 0.0 0.0 0.0 0.0 1.0 8.0 0.0
2317.0276099796893 1.0 0.0 0.0 0.0 0.0 1.0 8.0 0.0
2318.009120155266 1.0 0.0 0.0 0.0 0.0 1.0 8.0 0.0
2319.0276099796893 1.0 0.0 0.0 0.0 0.0 1.0 8.0 0.0
2320.000097132976 1.0 0.0 0.0 0.0 0.0 1.0 8.0 0.0
2321.0104444766134 1.0 0.0 0.0 0.0 0.0 1.0 8.0 0.0
2322.0276099796893 1.0 0.0 0.0 0.0 0.0 1.0 8.0 0.0
2323.021386704689 1.0 0.0 0.0 0.0 0.0 1.0 8.0 0.0
2324.0114218572658 1.0 0.0 0.0 0.0 0.0 1.0 8.0 0.0
2325.0095963076997 1.0 0.0 0.0 0.0 0.0 1.0 8.0 0.0
2326.0276099796893 1.0 0.0 0.0 0.0 0.0 1.0 8.0 0.0
2327.00724024178 1.0 0.0 0.0 0.0 0.0 1.0 8.0 0.0
2328.0276099796893 1.0 0.0 0.0 0.0 0.0 1.0 8.0 0.0
2329.0276099796893 1.0 0.0 0.0 0.0 0.0 1.0 8.0 0.0
2330.01571356212 1.0 0.0 0.0 0.0 0.0 1.0 8.0 0.0
2331.0276099796893 1.0 0.0 0.0 0.0 0.0 1.0 8.0 0.0
2332.010805055484 1.0 0.0 0.0 0.0 0.0 1.0 8.0 0.0
2333.0276099796893 1.0 0.0 0.0 0.0 0.0 1.0 8.0 0.0
2334.0276099796893 1.0 0.0 0.0 0.0 0.0 1.0 8.0 0.0
2335.0276099796893 1.0 0.0 0.0 0.0 0.0 1.0 8.0 0.0
2336.005293681351 1.0 0.0 0.0 0.0 0.0 1.0 8.0 0.0
2337.0276099796893 1.0 0.0 0.0 0.0 0.0 1.0 8.0 0.0
2338.0008709486156 1.0 0.0 0.0 0.0 0.0 1.0 8.0 0.0
2339.0045027082156 1.0 0.0 0.0 0.0 0.0 1.0 8.0 0.0
2340.0276099796893 1.0 0.0 0.0 0.0 0.0 1.0 8.0 0.0
2341.004282478548 1.0 0.0 0.0 0.0 0.0 1.0 8.0 0.0
2342.016535402049 1.0 0.0 0.0 0.0 0.0 1.0 8.0 0.0
2343.0116162552204 1.0 0.0 0.0 0.0 0.0 1.0 8.0 0.0
2344.0276099796893 1.0 0.0 0.0 0.0 0.0 1.0 8.0 0.0
2345.0276099796893 1.0 0.0 0.0 0.0 0.0 1.0 8.0 0.0
2346.0276099796893 1.0 0.0 0.0 0.0 0.0 1.0 8.0 0.0
2347.0276099796893 1.0 0.0 0.0 0.0 0.0 1.0 8.0 0.0
2348.0276099796893 1.0 0.0 0.0 0.0 0.0 1.0 8.0 0.0
2349.0011109305315 1.0 0.0 0.0 0.0 0.0 1.0 8.0 0.0
2350.0276099796893 1.0 0.0 0.0 0.0 0.0 1.0 8.0 0.0
2351.001846567631 1.0 0.0 0.0 0.0 0.0 1.0 8.0 0.0
2352.0276099796893 1.0 0.0 0.0 0.0 0.0 1.0 8.0 0.0
2353.0276099796893 1.0 0.0 0.0 0.0 0.0 1.0 8.0 0.0
2354.0011239043024 1.0 0.0 0.0 0.0 0.0 1.0 8.0 0.0
2355.0276099796893 1.0 0.0 0.0 0.0 0.0 1.0 8.0 0.0
2356.0057943732545 1.0 0.0 0.0 0.0 0.0 1.0 8.0 0.0
2357.021032106661 1.0 0.0 0.0 0.0 0.0 1.0 8.0 0.0
2358.007474032913 1.0 0.0 0.0 0.0 0.0 1.0 8.0 0.0
2359.011675346392 1.0 0.0 0.0 0.0 0.0 1.0 8.0 0.0
2360.0058009776394 1.0 0.0 0.0 0.0 0.0 1.0 8.0 0.0
2361.0276099796893 1.0 0.0 0.0 0.0 0.0 1.0 8.0 0.0
2362.0276099796893 1.0 0.0 0.0 0.0 0.0 1.0 8.0 0.0
2363.0224904861648 1.0 0.0 0.0 0.0 0.0 1.0 8.0 0.0
2364.004721157419 1.0 0.0 0.0 0.0 0.0 1.0 8.0 0.0
2365.0276099796893 1.0 0.0 0.0 0.0 0.0 1.0 8.0 0.0
2366.0249920501783 1.0 0.0 0.0 0.0 0.0 1.0 8.0 0.0
2367.018331710352 1.0 0.0 0.0 0.0 0.0 1.0 8.0 0.0
2368.00047236369 1.0 0.0 0.0 0.0 0.0 1.0 8.0 0.0
2369.0064865017507 1.0 0.0 0.0 0.0 0.0 1.0 8.0 0.0
2370.0156891519764 1.0 0.0 0.0 0.0 0.0 1.0 8.0 0.0
2371.018123582359 1.0 0.0 0.0 0.0 0.0 1.0 8.0 0.0
2372.0109633641887 1.0 0.0 0.0 0.0 0.0 1.0 8.0 0.0
2373.0089332187963 1.0 0.0 0.0 0.0 0.0 1.0 8.0 0.0
2374.0276099796893 1.0 0.0 0.0 0.0 0.0 1.0 8.0 0.0
2375.0037366977335 1.0 0.0 0.0 0.0 0.0 1.0 8.0 0.0
2376.0276099796893 1.0 0.0 0.0 0.0 0.0 1.0 8.0 0.0
2377.0276099796893 1.0 0.0 0.0 0.0 0.0 1.0 8.0 0.0
2378.0113561766357 1.0 0.0 0.0 0.0 0.0 1.0 8.0 0.0
2379.0276099796893 1.0 0.0 0.0 0.0 0.0 1.0 8.0 0.0
2380.0082430036264 1.0 0.0 0.0 0.0 0.0 1.0 8.0 0.0
2381.0276099796893 1.0 0.0 0.0 0.0 0.0 1.0 8.0 0.0
2382.0276099796893 1.0 0.0 0.0 0.0 0.0 1.0 8.0 0.0
2383.0002664836798 1.0 0.0 0.0 0.0 0.0 1.0 8.0 0.0
2384.0004645735635 1.0 0.0 0.0 0.0 0.0 1.0 8.0 0.0
2385.0276099796893 1.0 0.0 0.0 0.0 0.0 1.0 8.0 0.0
2386.0276099796893 1.0 0.0 0.0 0.0 0.0 1.0 8.0 0.0
2387.018903238762 1.0 0.0 0.0 0.0 0.0 1.0 8.0 0.0
2388.0052114361615 1.0 0.0 0.0 0.0 0.0 1.0 8.0 0.0
2389.0276099796893 1.0 0.0 0.0 0.0 0.0 1.0 8.0 0.0
2390.0206151545954 1.0 0.0 0.0 0.0 0.0 1.0 8.0 0.0
2391.0049263887026 1.0 0.0 0.0 0.0 0.0 1.0 8.0 0.0
2392.0276099796893 1.0 0.0 0.0 0.0 0.0 1.0 8.0 0.0
2393.0090188593044 1.0 0.0 0.0 0.0 0.0 1.0 8.0 0.0
2394.0276099796893 1.0 0.0 0.0 0.0 0.0 1.0 8.0 0.0
2395.0276099796893 1.0 0.0 0.0 0.0 0.0 1.0 8.0 0.0
2396.014554328504 1.0 0.0 0.0 0.0 0.0 1.0 8.0 0.0
2397.0276099796893 1.0 0.0 0.0 0.0 0.0 1.0 8.0 0.0
2398.0276099796893 1.0 0.0 0.0 0.0 0.0 1.0 8.0 0.0
2399.0276099796893 1.0 0.0 0.0 0.0 0.0 1.0 8.0 0.0
2400.0 1.0 0.0 0.0 0.0 1.0 1.0 8.0 0.0
2401.0138168689828 0.9 0.1 0.0 0.0 1.0 1.0 7.9 0.17560975609756097
2402.0276099796893 0.725 0.275 0.0 0.0 1.0 1.0 7.375 0.38902439024390245
2403.004554361554 0.75 0.25 0.0 0.0 1.0 1.0 6.975 0.36585365853658536
2404.0023957837766 0.575 0.425 0.0 0.0 1.0 1.0 6.675 0.4768292682926829
2405.0108833593713 0.17499999999999996 0.825 0.0 0.0 1.0 1.0 6.95 0.2817073170731707
2406.0276099796893 0.0 1.0 0.0 0.0 1.0 1.0 7.8 0.0
2407.0276099796893 0.0 1.0 0.0 0.0 1.0 1.0 7.95 0.0
2408.0276099796893 0.0 1.0 0.0 0.0 1.0 1.0 8.0 0.0
2409.0276099796893 0.0 1.0 0.0 0.0 1.0 1.0 8.0 0.0
2410.0276099796893 0.0 1.0 0.0 0.0 1.0 1.0 8.0 0.0
2411.00968530793 0.0 1.0 0.0 0.0 1.0 1.0 8.0 0.0
2412.014223943463 0.0 1.0 0.0 0.0 1.0 1.0 8.0 0.0
2413.0021204427576 0.0 1.0 0.0 0.0 1.0 1.0 8.0 0.0
2414.0276099796893 0.0 1.0 0.0 0.0 1.0 1.0 8.0 0.0
2415.0049039193937 0.0 1.0 0.0 0.0 1.0 1.0 8.0 0.0
2416.0042133201487 0.0 1.0 0.0 0.0 1.0 1.0 8.0 0.0
2417.003598796127 0.0 1.0 0.0 0.0 1.0 1.0 8.0 0.0
2418.0036326767786 0.0 1.0 0.0 0.0 1.0 1.0 8.0 0.0
2419.0276099796893 0.0 1.0 0.0 0.0 1.0 1.0 8.0 0.0
2420.0276099796893 0.0 1.0 0.0 0.0 1.0 1.0 8.0 0.0
2421.0276099796893 0.0 1.0 0.0 0.0 1.0 1.0 8.0 0.0
2422.0089177086516 0.0 1.0 0.0 0.0 1.0 1.0 8.0 0.0
2423.0180842020645 0.0 1.0 0.0 0.0 1.0 1.0 8.0 0.0
2424.0276099796893 0.0 1.0 0.0 0.0 1.0 1.0 8.0 0.0
2425.0165361852096 0.0 1.0 0.0 0.0 1.0 1.0 8.0 0.0
2426.013983240311 0.0 1.0 0.0 0.0 1.0 1.0 8.0 0.0
2427.014395056734 0.0 1.0 0.0 0.0 1.0 1.0 8.0 0.0
2428.0276099796893 0.0 1.0 0.0 0.0 1.0 1.0 8.0 0.0
2429.0081606056547 0.0 1.0 0.0 0.0 1.0 1.0 8.0 0.0
2430.0276099796893 0.0 1.0 0.0 0.0 1.0 1.0 8.0 0.0
2431.0032366902665 0.0 1.0 0.0 0.0 1.0 1.0 8.0 0.0
2432.0276099796893 0.0 1.0 0.0 0.0 1.0 1.0 8.0 0.0
2433.0276099796893 0.0 1.0 0.0 0.0 1.0 1.0 8.0 0.0
2434.007689637276 0.0 1.0 0.0 0.0 1.0 1.0 8.0 0.0
2435.0276099796893 0.0 1.0 0.0 0.0 1.0 1.0 8.0 0.0
2436.0276099796893 0.0 1.0 0.0 0.0 1.0 1.0 8.0 0.0
2437.014349519538 0.0 1.0 0.0 0.0 1.0 1.0 8.0 0.0
2438.0023953623354 0.0 1.0 0.0 0.0 1.0 1.0 8.0 0.0
2439.0276099796893 0.0 1.0 0.0 0.0 1.0 1.0 8.0 0.0
2440.019526342689 0.0 1.0 0.0 0.0 1.0 1.0 8.0 0.0
2441.0004731001914 0.0 1.0 0.0 0.0 1.0 1.0 8.0 0.0
2442.0276099796893 0.0 1.0 0.0 0.0 1.0 1.0 8.0 0.0
2443.0276099796893 0.0 1.0 0.0 0.0 1.0 1.0 8.0 0.0
2444.024845247246 0.0 1.0 0.0 0.0 1.0 1.0 8.0 0.0
2445.024841846229 0.0 1.0 0.0 0.0 1.0 1.0 8.0 0.0
2446.0276099796893 0.0 1.0 0.0 0.0 1.0 1.0 8.0 0.0
2447.0276099796893 0.0 1.0 0.0 0.0 1.0 1.0 8.0 0.0
2448.01678547813 0.0 1.0 0.0 0.0 1.0 1.0 8.0 0.0
2449.0276099796893 0.0 1.0 0.0 0.0 1.0 1.0 8.0 0.0
2450.0126300480183 0.0 1.0 0.0 0.0 1.0 1.0 8.0 0.0
2451.010740454144 0.0 1.0 0.0 0.0 1.0 1.0 8.0 0.0
2452.0159497119907 0.0 1.0 0.0 0.0 1.0 1.0 8.0 0.0
2453.0276099796893 0.0 1.0 0.0 0.0 1.0 1.0 8.0 0.0
2454.0276099796893 0.0 1.0 0.0 0.0 1.0 1.0 8.0 0.0
2455.0037442510206 0.0 1.0 0.0 0.0 1.0 1.0 8.0 0.0
2456.0188013545653 0.0 1.0 0.0 0.0 1.0 1.0 8.0 0.0
2457.0276099796893 0.0 1.0 0.0 0.0 1.0 1.0 8.0 0.0
2458.0276099796893 0.0 1.0 0.0 0.0 1.0 1.0 8.0 0.0
2459.0276099796893 0.0 1.0 0.0 0.0 1.0 1.0 8.0 0.0
2460.0276099796893 0.0 1.0 0.0 0.0 1.0 1.0 8.0 0.0
2461.020287357452 0.0 1.0 0.0 0.0 1.0 1.0 8.0 0.0
2462.0276099796893 0.0 1.0 0.0 0.0 1.0 1.0 8.0 0.0
2463.002296057045 0.0 1.0 0.0 0.0 1.0 1.0 8.0 0.0
2464.0276099796893 0.0 1.0 0.0 0.0 1.0 1.0 8.0 0.0
2465.016854358804 0.0 1.0 0.0 0.0 1.0 1.0 8.0 0.0
2466.0276099796893 0.0 1.0 0.0 0.0 1.0 1.0 8.0 0.0
2467.005975086023 0.0 1.0 0.0 0.0 1.0 1.0 8.0 0.0
2468.0276099796893 0.0 1.0 0.0 0.0 1.0 1.0 8.0 0.0
2469.0276099796893 0.0 1.0 0.0 0.0 1.0 1.0 8.0 0.0
2470.0276099796893 0.0 1.0 0.0 0.0 1.0 1.0 8.0 0.0
2471.0276099796893 0.0 1.0 0.0 0.0 1.0 1.0 8.0 0.0
2472.0011782882766 0.0 1.0 0.0 0.0 1.0 1.0 8.0 0.0
2473.0276099796893 0.0 1.0 0.0 0.0 1.0 1.0 8.0 0.0
2474.012224433046 0.0 1.0 0.0 0.0 1.0 1.0 8.0 0.0
2475.0237632237004 0.0 1.0 0.0 0.0 1.0 1.0 8.0 0.0
2476.0276099796893 0.0 1.0 0.0 0.0 1.0 1.0 8.0 0.0
2477.0058594413463 0.0 1.0 0.0 0.0 1.0 1.0 8.0 0.0
2478.0208145743777 0.0 1.0 0.0 0.0 1.0 1.0 8.0 0.0
2479.0148242871596 0.0 1.0 0.0 0.0 1.0 1.0 8.0 0.0
2480.0276099796893 0.0 1.0 0.0 0.0 1.0 1.0 8.0 0.0
2481.000024272329 0.0 1.0 0.0 0.0 1.0 1.0 8.0 0.0
2482.0276099796893 0.0 1.0 0.0 0.0 1.0 1.0 8.0 0.0
2483.0276099796893 0.0 1.0 0.0 0.0 1.0 1.0 8.0 0.0
2484.004116687237 0.0 1.0 0.0 0.0 1.0 1.0 8.0 0.0
2485.0257154663677 0.0 1.0 0.0 0.0 1.0 1.0 8.0 0.0
2486.0276099796893 0.0 1.0 0.0 0.0 1.0 1.0 8.0 0.0
2487.0034905735015 0.0 1.0 0.0 0.0 1.0 1.0 8.0 0.0
2488.0052853317097 0.0 1.0 0.0 0.0 1.0 1.0 8.0 0.0
2489.0000105875574 0.0 1.0 0.0 0.0 1.0 1.0 8.0 0.0
2490.008497170617 0.0 1.0 0.0 0.0 1.0 1.0 8.0 0.0
2491.0276099796893 0.0 1.0 0.0 0.0 1.0 1.0 8.0 0.0
2492.0276099796893 0.0 1.0 0.0 0.0 1.0 1.0 8.0 0.0
2493.0081499088174 0.0 1.0 0.0 0.0 1.0 1.0 8.0 0.0
2494.0025678362604 0.0 1.0 0.0 0.0 1.0 1.0 8.0 0.0
2495.0276099796893 0.0 1.0 0.0 0.0 1.0 1.0 8.0 0.0
2496.0096946085137 0.0 1.0 0.0 0.0 1.0 1.0 8.0 0.0
2497.0276099796893 0.0 1.0 0.0 0.0 1.0 1.0 8.0 0.0
2498.0276099796893 0.0 1.0 0.0 0.0 1.0 1.0 8.0 0.0
2499.000197271924 0.0 1.0 0.0 0.0 1.0 1.0 8.0 0.0
2500.0276099796893 0.0 1.0 0.0 0.0 1.0 1.0 8.0 0.0
2501.0200658450876 0.0 1.0 0.0 0.0 1.0 1.0 8.0 0.0
2502.0276099796893 0.0 1.0 0.0 0.0 1.0 1.0 8.0 0.0
2503.0276099796893 0.0 1.0 0.0 0.0 1.0 1.0 8.0 0.0
2504.0018884312094 0.0 1.0 0.0 0.0 1.0 1.0 8.0 0.0
2505.0020308312573 0.0 1.0 0.0 0.0 1.0 1.0 8.0 0.0
2506.0276099796893 0.0 1.0 0.0 0.0 1.0 1.0 8.0 0.0
2507.010604613292 0.0 1.0 0.0 0.0 1.0 1.0 8.0 0.0
2508.0276099796893 0.0 1.0 0.0 0.0 1.0 1.0 8.0 0.0
2509.0171198863836 0.0 1.0 0.0 0.0 1.0 1.0 8.0 0.0
2510.001590419266 0.0 1.0 0.0 0.0 1.0 1.0 8.0 0.0
2511.0254894600066 0.0 1.0 0.0 0.0 1.0 1.0 8.0 0.0
2512.0041252088718 0.0 1.0 0.0 0.0 1.0 1.0 8.0 0.0
2513.004458486938 0.0 1.0 0.0 0.0 1.0 1.0 8.0 0.0
2514.015100746379 0.0 1.0 0.0 0.0 1.0 1.0 8.0 0.0
2515.0276099796893 0.0 1.0 0.0 0.0 1.0 1.0 8.0 0.0
2516.0151660221404 0.0 1.0 0.0 0.0 1.0 1.0 8.0 0.0
2517.0276099796893 0.0 1.0 0.0 0.0 1.0 1.0 8.0 0.0
2518.014007774879 0.0 1.0 0.0 0.0 1.0 1.0 8.0 0.0
2519.0276099796893 0.0 0.325 0.0 0.675 0.0 1.0 8.0 0.42804878048780487
2520.0276099796893 0.8 0.024999999999999988 0.0 0.17499999999999996 0.0 1.0 8.575 0.3207317073170732
2521.01778977119 0.95 0.024999999999999988 0.0 0.02499999999999999 0.0 1.0 9.725 0.09390243902439024
2522.0276099796893 0.975 0.024999999999999988 0.0 0.0 0.0 1.0 10.7 0.0475609756097561
2523.0140792142497 1.0 0.0 0.0 0.0 0.0 1.0 10.9 0.0
2524.008403343495 1.0 0.0 0.0 0.0 0.0 1.0 11.0 0.0
2525.0276099796893 1.0 0.0 0.0 0.0 0.0 1.0 11.0 0.0
2526.0276099796893 1.0 0.0 0.0 0.0 0.0 1.0 11.0 0.0
2527.0162040840924 1.0 0.0 0.0 0.0 0.0 1.0 11.0 0.0
2528.0276099796893 1.0 0.0 0.0 0.0 0.0 1.0 11.0 0.0
2529.0210337621047 1.0 0.0 0.0 0.0 0.0 1.0 11.0 0.0
2530.0276099796893 1.0 0.0 0.0 0.0 0.0 1.0 11.0 0.0
2531.0276099796893 1.0 0.0 0.0 0.0 0.0 1.0 11.0 0.0
2532.0276099796893 1.0 0.0 0.0 0.0 0.0 1.0 11.0 0.0
2533.023373720348 1.0 0.0 0.0 0.0 0.0 1.0 11.0 0.0
2534.022330709299 1.0 0.0 0.0 0.0 0.0 1.0 11.0 0.0
2535.0276099796893 1.0 0.0 0.0 0.0 0.0 1.0 11.0 0.0
2536.0133147549786 1.0 0.0 0.0 0.0 0.0 1.0 10.375 0.0
2537.0276099796893 1.0 0.0 0.0 0.0 0.0 1.0 9.35 0.0
2538.012354838384 1.0 0.0 0.0 0.0 0.0 1.0 9.125 0.0
2539.0263848254244 1.0 0.0 0.0 0.0 0.0 1.0 9.05 0.0
2540.019057406288 1.0 0.0 0.0 0.0 0.0 1.0 9.05 0.0
2541.0276099796893 1.0 0.0 0.0 0.0 0.0 1.0 9.0 0.0
2542.0276099796893 1.0 0.0 0.0 0.0 0.0 1.0 9.0 0.0
2543.0097958843903 1.0 0.0 0.0 0.0 0.0 1.0 9.0 0.0
2544.023799649235 1.0 0.0 0.0 0.0 0.0 1.0 9.0 0.0
2545.009888677382 1.0 0.0 0.0 0.0 0.0 1.0 9.0 0.0
2546.000682880547 1.0 0.0 0.0 0.0 0.0 1.0 9.0 0.0
2547.0254743123473 1.0 0.0 0.0 0.0 0.0 1.0 9.0 0.0
2548.0276099796893 1.0 0.0 0.0 0.0 0.0 1.0 9.0 0.0
2549.0276099796893 1.0 0.0 0.0 0.0 0.0 1.0 9.0 0.0
2550.0183154755687 1.0 0.0 0.0 0.0 0.0 1.0 9.0 0.0
2551.0276099796893 1.0 0.0 0.0 0.0 0.0 1.0 9.0 0.0
2552.0040508257193 1.0 0.0 0.0 0.0 0.0 1.0 9.0 0.0
2553.0276099796893 1.0 0.0 0.0 0.0 0.0 1.0 9.0 0.0
2554.0276099796893 1.0 0.0 0.0 0.0 0.0 1.0 9.0 0.0
2555.0276099796893 1.0 0.0 0.0 0.0 0.0 1.0 9.0 0.0
2556.0124375964897 1.0 0.0 0.0 0.0 0.0 1.0 9.0 0.0
2557.002295904629 1.0 0.0 0.0 0.0 0.0 1.0 9.0 0.0
2558.0276099796893 1.0 0.0 0.0 0.0 0.0 1.0 9.0 0.0
2559.0276099796893 1.0 0.0 0.0 0.0 0.0 1.0 9.0 0.0
2560.0276099796893 1.0 0.0 0.0 0.0 0.0 1.0 9.0 0.0
2561.0276099796893 1.0 0.0 0.0 0.0 0.0 1.0 9.0 0.0
2562.0054977438076 1.0 0.0 0.0 0.0 0.0 1.0 9.0 0.0
2563.007864263983 1.0 0.0 0.0 0.0 0.0 1.0 9.0 0.0
2564.0276099796893 1.0 0.0 0.0 0.0 0.0 1.0 9.0 0.0
2565.0265603983157 1.0 0.0 0.0 0.0 0.0 1.0 9.0 0.0
2566.0216693340794 1.0 0.0 0.0 0.0 0.0 1.0 9.0 0.0
2567.0211500482706 1.0 0.0 0.0 0.0 0.0 1.0 9.0 0.0
2568.011869017815 1.0 0.0 0.0 0.0 0.0 1.0 9.0 0.0
2569.0276099796893 1.0 0.0 0.0 0.0 0.0 1.0 9.0 0.0
2570.0276099796893 1.0 0.0 0.0 0.0 0.0 1.0 9.0 0.0
2571.0276099796893 1.0 0.0 0.0 0.0 0.0 1.0 9.0 0.0
2572.0085992519753 1.0 0.0 0.0 0.0 0.0 1.0 9.0 0.0
2573.0051739664973 1.0 0.0 0.0 0.0 0.0 1.0 9.0 0.0
2574.0276099796893 1.0 0.0 0.0 0.0 0.0 1.0 9.0 0.0
2575.0276099796893 1.0 0.0 0.0 0.0 0.0 1.0 9.0 0.0
2576.0081563878703 1.0 0.0 0.0 0.0 0.0 1.0 9.0 0.0
2577.0005306357357 1.0 0.0 0.0 0.0 0.0 1.0 9.0 0.0
2578.0276099796893 1.0 0.0 0.0 0.0 0.0 1.0 9.0 0.0
2579.0189061361775 1.0 0.0 0.0 0.0 0.0 1.0 9.0 0.0
2580.0276099796893 1.0 0.0 0.0 0.0 0.0 1.0 9.0 0.0
2581.0276099796893 1.0 0.0 0.0 0.0 0.0 1.0 9.0 0.0
2582.0276099796893 1.0 0.0 0.0 0.0 0.0 1.0 9.0 0.0
2583.0004022785392 1.0 0.0 0.0 0.0 0.0 1.0 9.0 0.0
2584.0276099796893 1.0 0.0 0.0 0.0 0.0 1.0 9.0 0.0
2585.0276099796893 1.0 0.0 0.0 0.0 0.0 1.0 9.0 0.0
2586.006500940582 1.0 0.0 0.0 0.0 0.0 1.0 9.0 0.0
2587.021911514777 1.0 0.0 0.0 0.0 0.0 1.0 9.0 0.0
2588.005464059551 1.0 0.0 0.0 0.0 0.0 1.0 9.0 0.0
2589.007446214704 1.0 0.0 0.0 0.0 0.0 1.0 9.0 0.0
2590.0276099796893 1.0 0.0 0.0 0.0 0.0 1.0 9.0 0.0
2591.024845044763 1.0 0.0 0.0 0.0 0.0 1.0 9.0 0.0
2592.0065285820324 1.0 0.0 0.0 0.0 0.0 1.0 9.0 0.0
2593.0260112467918 1.0 0.0 0.0 0.0 0.0 1.0 9.0 0.0
2594.0276099796893 1.0 0.0 0.0 0.0 0.0 1.0 9.0 0.0
2595.0228897558395 1.0 0.0 0.0 0.0 0.0 1.0 9.0 0.0
2596.0276099796893 1.0 0.0 0.0 0.0 0.0 1.0 9.0 0.0
2597.0195177239634 1.0 0.0 0.0 0.0 0.0 1.0 9.0 0.0
2598.0276099796893 1.0 0.0 0.0 0.0 0.0 1.0 9.0 0.0
2599.0276099796893 1.0 0.0 0.0 0.0 0.0 1.0 9.0 0.0
2600.0035950768656 1.0 0.0 0.0 0.0 0.0 1.0 9.0 0.0
2601.017163510524 0.975 0.0 0.024999999999999994 0.0 0.0 1.0 9.0 0.0475609756097561
2602.0276099796893 0.775 0.0 0.22499999999999998 0.0 0.0 1.0 9.05 0.3402439024390244
2603.0276099796893 0.475 0.0 0.525 0.0 0.0 1.0 9.2 0.4865853658536585
2604.0276099796893 0.25 0.0 0.75 0.0 0.0 1.0 9.7 0.36585365853658536
2605.021114503876 0.02499999999999999 0.0 0.975 0.0 0.0 1.0 10.275 0.0475609756097561
2606.0176034908623 0.02499999999999999 0.0 0.975 0.0 0.0 1.0 10.775 0.0475609756097561
2607.014705432938 0.0 0.0 1.0 0.0 0.0 1.0 10.9 0.0
2608.0177252563785 0.0 0.0 1.0 0.0 0.0 1.0 11.0 0.0
2609.0214381298774 0.0 0.0 1.0 0.0 0.0 1.0 11.0 0.0
2610.009964285935 0.0 0.0 1.0 0.0 0.0 1.0 11.0 0.0
2611.007900687074 0.0 0.0 1.0 0.0 0.0 1.0 11.0 0.0
2612.007372477736 0.0 0.0 1.0 0.0 0.0 1.0 11.0 0.0
2613.0276099796893 0.0 0.0 1.0 0.0 0.0 1.0 11.0 0.0
2614.000371553039 0.0 0.0 1.0 0.0 0.0 1.0 11.0 0.0
2615.0276099796893 0.0 0.0 1.0 0.0 0.0 1.0 11.0 0.0
2616.000682678691 0.0 0.0 1.0 0.0 0.0 1.0 11.0 0.0
2617.0104258048636 0.0 0.0 1.0 0.0 0.0 1.0 11.0 0.0
2618.006326618355 0.0 0.0 1.0 0.0 0.0 1.0 11.0 0.0
2619.016281043028 0.0 0.0 1.0 0.0 0.0 1.0 11.0 0.0
2620.0276099796893 0.0 0.0 1.0 0.0 0.0 1.0 11.0 0.0
2621.0196238011686 0.0 0.0 1.0 0.0 0.0 1.0 11.0 0.0
2622.0276099796893 0.0 0.0 1.0 0.0 0.0 1.0 11.0 0.0
2623.004628572905 0.0 0.0 1.0 0.0 0.0 1.0 11.0 0.0
2624.0276099796893 0.0 0.0 1.0 0.0 0.0 1.0 11.0 0.0
2625.0079622910907 0.0 0.0 1.0 0.0 0.0 1.0 11.0 0.0
2626.0276099796893 0.0 0.0 1.0 0.0 0.0 1.0 11.0 0.0
2627.004505438624 0.0 0.0 1.0 0.0 0.0 1.0 11.0 0.0
2628.01427791663 0.0 0.0 1.0 0.0 0.0 1.0 11.0 0.0
2629.02565742767 0.0 0.0 1.0 0.0 0.0 1.0 11.0 0.0
2630.0247575712406 0.0 0.0 1.0 0.0 0.0 1.0 11.0 0.0
2631.009958979672 0.0 0.0 1.0 0.0 0.0 1.0 11.0 0.0
2632.021659125233 0.0 0.0 1.0 0.0 0.0 1.0 11.0 0.0
2633.0002363134327 0.0 0.0 1.0 0.0 0.0 1.0 11.0 0.0
2634.0276099796893 0.0 0.0 1.0 0.0 0.0 1.0 11.0 0.0
2635.0094489882877 0.0 0.0 1.0 0.0 0.0 1.0 11.0 0.0
2636.0276099796893 0.0 0.0 1.0 0.0 0.0 1.0 11.0 0.0
2637.005834412438 0.0 0.0 1.0 0.0 0.0 1.0 11.0 0.0
2638.0003597670143 0.0 0.0 1.0 0.0 0.0 1.0 11.0 0.0
2639.0276099796893 0.0 0.0 1.0 0.0 0.0 1.0 11.0 0.0
2640.005370114164 0.0 0.0 1.0 0.0 0.0 1.0 11.0 0.0
2641.0268258757023 0.0 0.0 1.0 0.0 0.0 1.0 11.0 0.0
2642.0276099796893 0.0 0.0 1.0 0.0 0.0 1.0 11.0 0.0
2643.0133087874874 0.0 0.0 1.0 0.0 0.0 1.0 11.0 0.0
2644.0211793677904 0.0 0.0 1.0 0.0 0.0 1.0 11.0 0.0
2645.000799599314 0.0 0.0 1.0 0.0 0.0 1.0 11.0 0.0
2646.0276099796893 0.0 0.0 1.0 0.0 0.0 1.0 11.0 0.0
2647.0167360424725 0.0 0.0 1.0 0.0 0.0 1.0 11.0 0.0
2648.0028811561897 0.0 0.0 1.0 0.0 0.0 1.0 11.0 0.0
2649.0276099796893 0.0 0.0 1.0 0.0 0.0 1.0 11.0 0.0
2650.0263819650863 0.0 0.0 1.0 0.0 0.0 1.0 11.0 0.0
2651.00311001831 0.0 0.0 1.0 0.0 0.0 1.0 11.0 0.0
2652.020155708207 0.0 0.0 1.0 0.0 0.0 1.0 11.0 0.0
2653.0276099796893 0.0 0.0 1.0 0.0 0.0 1.0 11.0 0.0
2654.001370223504 0.0 0.0 1.0 0.0 0.0 1.0 11.0 0.0
2655.0037372663955 0.0 0.0 1.0 0.0 0.0 1.0 11.0 0.0
2656.0276099796893 0.0 0.0 1.0 0.0 0.0 1.0 11.0 0.0
2657.0276099796893 0.0 0.0 1.0 0.0 0.0 1.0 11.0 0.0
2658.0276099796893 0.0 0.0 1.0 0.0 0.0 1.0 11.0 0.0
2659.0276099796893 0.0 0.0 1.0 0.0 0.0 1.0 11.0 0.0
2660.0276099796893 0.0 0.0 1.0 0.0 0.0 1.0 11.0 0.0
2661.0276099796893 0.0 0.0 1.0 0.0 0.0 1.0 11.0 0.0
2662.0232844694497 0.0 0.0 1.0 0.0 0.0 1.0 11.0 0.0
2663.014331646316 0.0 0.0 1.0 0.0 0.0 1.0 11.0 0.0
2664.012130222668 0.0 0.0 1.0 0.0 0.0 1.0 11.0 0.0
2665.0276099796893 0.0 0.0 1.0 0.0 0.0 1.0 11.0 0.0
2666.016987106553 0.0 0.0 1.0 0.0 0.0 1.0 11.0 0.0
2667.001420428252 0.0 0.0 1.0 0.0 0.0 1.0 11.0 0.0
2668.0176094227018 0.0 0.0 1.0 0.0 0.0 1.0 11.0 0.0
2669.0276099796893 0.0 0.0 1.0 0.0 0.0 1.0 11.0 0.0
2670.0222078427896 0.0 0.0 1.0 0.0 0.0 1.0 11.0 0.0
2671.0276099796893 0.0 0.0 1.0 0.0 0.0 1.0 11.0 0.0
2672.0081508296525 0.0 0.0 1.0 0.0 0.0 1.0 11.0 0.0
2673.0276099796893 0.0 0.0 1.0 0.0 0.0 1.0 11.0 0.0
2674.013926611507 0.0 0.0 1.0 0.0 0.0 1.0 11.0 0.0
2675.003048108268 0.0 0.0 1.0 0.0 0.0 1.0 11.0 0.0
2676.013148665438 0.0 0.0 1.0 0.0 0.0 1.0 11.0 0.0
2677.0207599503674 0.0 0.0 1.0 0.0 0.0 1.0 11.0 0.0
2678.0276099796893 0.0 0.0 1.0 0.0 0.0 1.0 11.0 0.0
2679.0259932057124 0.0 0.0 1.0 0.0 0.0 1.0 11.0 0.0
2680.0276099796893 0.0 0.0 1.0 0.0 0.0 1.0 11.0 0.0
2681.0048659429062 0.0 0.0 1.0 0.0 0.0 1.0 11.0 0.0
2682.0043484838147 0.0 0.0 1.0 0.0 0.0 1.0 11.0 0.0
2683.0276099796893 0.0 0.0 1.0 0.0 0.0 1.0 11.0 0.0
2684.0276099796893 0.0 0.0 1.0 0.0 0.0 1.0 11.0 0.0
2685.010712762262 0.0 0.0 1.0 0.0 0.0 1.0 11.0 0.0
2686.011739550158 0.0 0.0 1.0 0.0 0.0 1.0 11.0 0.0
2687.0148709602527 0.0 0.0 1.0 0.0 0.0 1.0 11.0 0.0
2688.0276099796893 0.0 0.0 1.0 0.0 0.0 1.0 11.0 0.0
2689.0276099796893 0.0 0.0 1.0 0.0 0.0 1.0 11.0 0.0
2690.0276099796893 0.0 0.0 1.0 0.0 0.0 1.0 11.0 0.0
2691.000247126377 0.0 0.0 1.0 0.0 0.0 1.0 11.0 0.0
2692.0000902453494 0.0 0.0 1.0 0.0 0.0 1.0 11.0 0.0
2693.0276099796893 0.0 0.0 1.0 0.0 0.0 1.0 11.0 0.0
2694.027311633158 0.0 0.0 1.0 0.0 0.0 1.0 11.0 0.0
2695.0036570334137 0.0 0.0 1.0 0.0 0.0 1.0 11.0 0.0
2696.0276099796893 0.0 0.0 1.0 0.0 0.0 1.0 11.0 0.0
2697.0092834419465 0.0 0.0 1.0 0.0 0.0 1.0 11.0 0.0
2698.0276099796893 0.0 0.0 1.0 0.0 0.0 1.0 11.0 0.0
2699.0157683981956 0.0 0.0 1.0 0.0 0.0 1.0 11.0 0.0
2700.0054826374167 0.0 0.0 1.0 0.0 0.0 1.0 11.0 0.0
2701.0276099796893 0.0 0.0 1.0 0.0 0.0 1.0 11.0 0.0
2702.0276099796893 0.0 0.0 1.0 0.0 0.0 1.0 11.0 0.0
2703.009941159194 0.0 0.0 1.0 0.0 0.0 1.0 11.0 0.0
2704.0276099796893 0.0 0.0 1.0 0.0 0.0 1.0 11.0 0.0
2705.0276099796893 0.0 0.0 1.0 0.0 0.0 1.0 11.0 0.0
2706.0276099796893 0.0 0.0 1.0 0.0 0.0 1.0 11.0 0.0
2707.0276099796893 0.0 0.0 1.0 0.0 0.0 1.0 11.0 0.0
2708.0276099796893 0.0 0.0 1.0 0.0 0.0 1.0 11.0 0.0
2709.0029497497776 0.0 0.0 1.0 0.0 0.0 1.0 11.0 0.0
2710.0276099796893 0.0 0.0 1.0 0.0 0.0 1.0 11.0 0.0
2711.0024095436065 0.0 0.0 1.0 0.0 0.0 1.0 11.0 0.0
2712.0097699162716 0.0 0.0 1.0 0.0 0.0 1.0 11.0 0.0
2713.0276099796893 0.0 0.0 1.0 0.0 0.0 1.0 11.0 0.0
2714.0182805540467 0.0 0.0 1.0 0.0 0.0 1.0 11.0 0.0
2715.021253540116 0.0 0.0 1.0 0.0 0.0 1.0 11.0 0.0
2716.017414119734 0.0 0.0 1.0 0.0 0.0 1.0 11.0 0.0
2717.0095198119507 0.0 0.0 1.0 0.0 0.0 1.0 11.0 0.0
2718.0276099796893 0.0 0.0 1.0 0.0 0.0 1.0 11.0 0.0
2719.0276099796893 0.0 0.0 1.0 0.0 0.0 1.0 11.0 0.0
2720.017715902908 0.0 0.0 1.0 0.0 0.0 1.0 11.0 0.0
2721.0026137742643 0.0 0.0 1.0 0.0 0.0 1.0 11.0 0.0
2722.0186844200953 0.0 0.0 1.0 0.0 0.0 1.0 11.0 0.0
2723.0047675124238 0.0 0.0 1.0 0.0 0.0 1.0 11.0 0.0
2724.0103919344856 0.0 0.0 1.0 0.0 0.0 1.0 11.0 0.0
2725.0276099796893 0.0 0.0 1.0 0.0 0.0 1.0 11.0 0.0
2726.0276099796893 0.0 0.0 1.0 0.0 0.0 1.0 11.0 0.0
2727.0276099796893 0.0 0.0 1.0 0.0 0.0 1.0 11.0 0.0
2728.0089704092406 0.0 0.0 1.0 0.0 0.0 1.0 11.0 0.0
2729.0055677659457 0.0 0.0 1.0 0.0 0.0 1.0 11.0 0.0
2730.0174564185468 0.0 0.0 1.0 0.0 0.0 1.0 11.0 0.0
2731.000182039444 0.0 0.0 1.0 0.0 0.0 1.0 11.0 0.0
2732.0276099796893 0.0 0.0 1.0 0.0 0.0 1.0 11.0 0.0
2733.0276099796893 0.0 0.0 1.0 0.0 0.0 1.0 11.0 0.0
2734.0276099796893 0.0 0.0 1.0 0.0 0.0 1.0 11.0 0.0
2735.0164914822612 0.0 0.0 1.0 0.0 0.0 1.0 11.0 0.0
2736.0276099796893 0.0 0.0 1.0 0.0 0.0 1.0 11.0 0.0
2737.0276099796893 0.0 0.0 1.0 0.0 0.0 1.0 11.0 0.0
2738.005818498495 0.0 0.0 1.0 0.0 0.0 1.0 11.0 0.0
2739.005724272895 0.0 0.0 1.0 0.0 0.0 1.0 11.0 0.0
2740.0276099796893 0.0 0.0 1.0 0.0 0.0 1.0 11.0 0.0
2741.027015700103 0.0 0.0 1.0 0.0 0.0 1.0 11.0 0.0
2742.0276099796893 0.0 0.0 1.0 0.0 0.0 1.0 11.0 0.0
2743.0002381821296 0.0 0.0 1.0 0.0 0.0 1.0 11.0 0.0
2744.0037535931606 0.0 0.0 1.0 0.0 0.0 1.0 11.0 0.0
2745.0276099796893 0.0 0.0 1.0 0.0 0.0 1.0 11.0 0.0
2746.007421502914 0.0 0.0 1.0 0.0 0.0 1.0 11.0 0.0
2747.0125338466332 0.0 0.0 1.0 0.0 0.0 1.0 11.0 0.0
2748.0002383309265 0.0 0.0 1.0 0.0 0.0 1.0 11.0 0.0
2749.00835376322 0.0 0.0 1.0 0.0 0.0 1.0 11.0 0.0
2750.0144328358215 0.0 0.0 1.0 0.0 0.0 1.0 11.0 0.0
2751.016375798948 0.0 0.0 1.0 0.0 0.0 1.0 11.0 0.0
2752.0125463223058 0.0 0.0 0.55 0.45000000000000007 0.0 0.0 11.0 0.48292682926829267
2753.0276099796893 0.0 0.0 0.07500000000000001 0.925 0.0 0.0 11.35 0.1353658536585366
2754.0053820722947 0.0 0.0 0.024999999999999994 0.975 0.0 0.0 12.15 0.0475609756097561
2755.000146048033 0.0 0.0 0.024999999999999994 0.975 0.0 0.0 12.8 0.0475609756097561
2756.0027834754096 0.0 0.0 0.0 1.0 0.0 0.0 12.95 0.0
2757.017608235015 0.0 0.0 0.0 1.0 0.0 0.0 12.95 0.0
2758.00387446176 0.0 0.0 0.0 1.0 0.0 0.0 13.0 0.0
2759.0276099796893 0.0 0.0 0.0 1.0 0.0 0.0 13.0 0.0
2760.0276099796893 0.0 0.0 0.0 1.0 0.0 0.0 13.0 0.0
2761.004204099359 0.0 0.0 0.0 1.0 0.0 0.0 13.0 0.0
2762.0062326576644 0.0 0.0 0.0 1.0 0.0 0.0 13.0 0.0
2763.020941276452 0.0 0.0 0.0 1.0 0.0 0.0 13.0 0.0
2764.0276099796893 0.0 0.0 0.0 1.0 0.0 0.0 13.0 0.0
2765.0276099796893 0.0 0.0 0.0 1.0 0.0 0.0 13.0 0.0
2766.0014631679205 0.0 0.0 0.0 1.0 0.0 0.0 13.0 0.0
2767.017976866485 0.0 0.0 0.0 1.0 0.0 0.0 13.0 0.0
2768.0046389892304 0.0 0.0 0.0 1.0 0.0 0.0 13.0 0.0
2769.015077389779 0.0 0.0 0.0 1.0 0.0 0.0 13.0 0.0
2770.0276099796893 0.0 0.0 0.0 1.0 0.0 0.0 13.0 0.0
2771.0276099796893 0.0 0.0 0.0 1.0 0.0 0.0 13.0 0.0
2772.0276099796893 0.0 0.0 0.0 1.0 0.0 0.0 13.0 0.0
2773.0276099796893 0.0 0.0 0.0 1.0 0.0 0.0 13.0 0.0
2774.0276099796893 0.0 0.0 0.0 1.0 0.0 0.0 13.0 0.0
2775.0276099796893 0.0 0.0 0.0 1.0 0.0 0.0 13.0 0.0
2776.0126587125496 0.0 0.0 0.0 1.0 0.0 0.0 13.0 0.0
2777.0276099796893 0.0 0.0 0.0 1.0 0.0 0.0 13.0 0.0
2778.010981256305 0.0 0.0 0.0 1.0 0.0 0.0 13.0 0.0
2779.0192886671475 0.0 0.0 0.0 1.0 0.0 0.0 13.0 0.0
2780.0276099796893 0.0 0.0 0.0 1.0 0.0 0.0 13.0 0.0
2781.0276099796893 0.0 0.0 0.0 1.0 0.0 0.0 13.0 0.0
2782.0276099796893 0.0 0.0 0.0 1.0 0.0 0.0 13.0 0.0
2783.006245795082 0.0 0.0 0.0 1.0 0.0 0.0 13.0 0.0
2784.0276099796893 0.0 0.0 0.0 1.0 0.0 0.0 13.0 0.0
2785.0157382451293 0.0 0.0 0.0 1.0 0.0 0.0 13.0 0.0
2786.0011595432343 0.0 0.0 0.0 1.0 0.0 0.0 13.0 0.0
2787.0013669218715 0.0 0.0 0.0 1.0 0.0 0.0 13.0 0.0
2788.0276099796893 0.0 0.0 0.0 1.0 0.0 0.0 13.0 0.0
2789.0276099796893 0.0 0.0 0.0 1.0 0.0 0.0 13.0 0.0
2790.01058410074 0.0 0.0 0.0 1.0 0.0 0.0 13.0 0.0
2791.0276099796893 0.0 0.0 0.0 1.0 0.0 0.0 13.0 0.0
2792.0055248403287 0.0 0.0 0.0 1.0 0.0 0.0 13.0 0.0
2793.0276099796893 0.0 0.0 0.0 1.0 0.0 0.0 13.0 0.0
2794.023542689759 0.0 0.0 0.0 1.0 0.0 0.0 13.0 0.0
2795.0276099796893 0.0 0.0 0.0 1.0 0.0 0.0 13.0 0.0
2796.01306548778 0.0 0.0 0.0 1.0 0.0 0.0 13.0 0.0
2797.005755493499 0.0 0.0 0.0 1.0 0.0 0.0 13.0 0.0
2798.018804027283 0.0 0.0 0.0 1.0 0.0 0.0 13.0 0.0
2799.0276099796893 0.0 0.0 0.0 1.0 0.0 0.0 13.0 0.0
2800.0276099796893 0.0 0.0 0.0 1.0 0.0 0.0 13.0 0.0
2801.0254087937096 0.0 0.0 0.0 1.0 0.0 0.0 13.0 0.0
2802.026507873254 0.0 0.0 0.0 1.0 0.0 0.0 13.0 0.0
2803.0276099796893 0.0 0.0 0.0 1.0 0.0 0.0 13.0 0.0
2804.0012063844288 0.0 0.0 0.0 1.0 0.0 0.0 13.0 0.0
2805.0276099796893 0.0 0.0 0.0 1.0 0.0 0.0 13.0 0.0
2806.0050577587044 0.0 0.0 0.0 1.0 0.0 0.0 13.0 0.0
2807.0155724199876 0.0 0.0 0.0 1.0 0.0 0.0 13.0 0.0
2808.009330821931 0.0 0.0 0.0 1.0 0.0 0.0 13.0 0.0
2809.0108342735816 0.0 0.0 0.0 1.0 0.0 0.0 13.0 0.0
2810.0276099796893 0.0 0.0 0.0 1.0 0.0 0.0 13.0 0.0
2811.0060311836996 0.0 0.0 0.0 1.0 0.0 0.0 13.0 0.0
2812.022572838721 0.0 0.0 0.0 1.0 0.0 0.0 13.0 0.0
2813.0276099796893 0.0 0.0 0.0 1.0 0.0 0.0 13.0 0.0
2814.012131322314 0.0 0.0 0.0 1.0 0.0 0.0 13.0 0.0
2815.0061497060647 0.0 0.0 0.0 1.0 0.0 0.0 13.0 0.0
2816.0186636936132 0.0 0.0 0.0 1.0 0.0 0.0 13.0 0.0
2817.0109649768237 0.0 0.0 0.0 1.0 0.0 0.0 13.0 0.0
2818.0276099796893 0.0 0.0 0.0 1.0 0.0 0.0 13.0 0.0
2819.0276099796893 0.0 0.0 0.0 1.0 0.0 0.0 13.0 0.0
2820.0276099796893 0.0 0.0 0.0 1.0 0.0 0.0 13.0 0.0
2821.0265014445527 0.0 0.0 0.0 1.0 0.0 0.0 13.0 0.0
2822.0276099796893 0.0 0.0 0.0 1.0 0.0 0.0 13.0 0.0
2823.0276099796893 0.0 0.0 0.0 1.0 0.0 0.0 13.0 0.0
2824.0276099796893 0.0 0.0 0.0 1.0 0.0 0.0 13.0 0.0
2825.0276099796893 0.0 0.0 0.0 1.0 0.0 0.0 13.0 0.0
2826.004408804304 0.0 0.0 0.0 1.0 0.0 0.0 13.0 0.0
2827.0128354477174 0.0 0.0 0.0 1.0 0.0 0.0 13.0 0.0
2828.025943057489 0.0 0.0 0.0 1.0 0.0 0.0 13.0 0.0
2829.0276099796893 0.0 0.0 0.0 1.0 0.0 0.0 13.0 0.0
2830.0211189298943 0.0 0.0 0.0 1.0 0.0 0.0 13.0 0.0
2831.0276099796893 0.0 0.0 0.0 1.0 0.0 0.0 13.0 0.0
2832.003012262448 0.0 0.0 0.0 1.0 0.0 0.0 13.0 0.0
2833.0276099796893 0.0 0.0 0.0 1.0 0.0 0.0 13.0 0.0
2834.0175266367214 0.0 0.0 0.0 1.0 0.0 0.0 13.0 0.0
2835.0242113106024 0.0 0.0 0.0 1.0 0.0 0.0 13.0 0.0
2836.0276099796893 0.0 0.0 0.0 1.0 0.0 0.0 13.0 0.0
2837.0276099796893 0.0 0.0 0.0 1.0 0.0 0.0 13.0 0.0
2838.0276099796893 0.0 0.0 0.0 1.0 0.0 0.0 13.0 0.0
2839.01770985777 0.0 0.0 0.0 1.0 0.0 0.0 13.0 0.0
2840.020273639896 0.0 0.0 0.0 1.0 0.0 0.0 13.0 0.0
2841.003343819031 0.0 0.0 0.0 1.0 0.0 0.0 13.0 0.0
2842.0007009723763 0.0 0.0 0.0 1.0 0.0 0.0 13.0 0.0
2843.008717319155 0.0 0.0 0.0 1.0 0.0 0.0 13.0 0.0
2844.0211578279827 0.0 0.0 0.0 1.0 0.0 0.0 13.0 0.0
2845.017459724047 0.0 0.0 0.0 1.0 0.0 0.0 13.0 0.0
2846.0215602349394 0.0 0.0 0.0 1.0 0.0 0.0 13.0 0.0
2847.0276099796893 0.0 0.0 0.0 1.0 0.0 0.0 13.0 0.0
2848.0276099796893 0.0 0.0 0.0 1.0 0.0 0.0 13.0 0.0
2849.0137531909486 0.0 0.0 0.0 1.0 0.0 0.0 13.0 0.0
2850.0276099796893 0.0 0.0 0.0 1.0 0.0 0.0 13.0 0.0
2851.020365255461 0.0 0.0 0.0 1.0 0.0 0.0 13.0 0.0
2852.0235315218406 0.0 0.0 0.0 1.0 0.0 0.0 13.0 0.0
2853.0066722050906 0.0 0.0 0.0 1.0 0.0 0.0 13.0 0.0
2854.0030532849937 0.0 0.0 0.0 1.0 0.0 0.0 13.0 0.0
2855.0026338333405 0.0 0.0 0.0 1.0 0.0 0.0 13.0 0.0
2856.0276099796893 0.0 0.0 0.0 1.0 0.0 0.0 13.0 0.0
2857.0025627472623 0.0 0.0 0.0 1.0 0.0 0.0 13.0 0.0
2858.022553419868 0.0 0.0 0.0 1.0 0.0 0.0 13.0 0.0
2859.02310321322 0.0 0.0 0.0 1.0 0.0 0.0 13.0 0.0
2860.0276099796893 0.0 0.0 0.0 1.0 0.0 0.0 13.0 0.0
2861.0276099796893 0.0 0.0 0.0 1.0 0.0 0.0 13.0 0.0
2862.0019643970845 0.0 0.0 0.0 1.0 0.0 0.0 13.0 0.0
2863.0276099796893 0.0 0.0 0.0 1.0 0.0 0.0 13.0 0.0
2864.0032602954534 0.0 0.0 0.0 1.0 0.0 0.0 13.0 0.0
2865.0276099796893 0.0 0.0 0.0 1.0 0.0 0.0 13.0 0.0
2866.0221268571026 0.0 0.0 0.0 1.0 0.0 0.0 13.0 0.0
2867.0276099796893 0.0 0.0 0.0 1.0 0.0 0.0 13.0 0.0
2868.0276099796893 0.0 0.0 0.0 1.0 0.0 0.0 13.0 0.0
2869.0083772352655 0.0 0.0 0.0 1.0 0.0 0.0 13.0 0.0
2870.0193581317885 0.0 0.0 0.0 1.0 0.0 0.0 13.0 0.0
2871.008193718532 0.0 0.0 0.0 1.0 0.0 0.0 13.0 0.0
2872.0276099796893 0.0 0.0 0.0 1.0 0.0 0.0 13.0 0.0
2873.023866453786 0.0 0.0 0.0 1.0 0.0 0.0 13.0 0.0
2874.02586934444 0.0 0.0 0.0 1.0 0.0 0.0 13.0 0.0
2875.0030361504846 0.0 0.0 0.0 1.0 0.0 0.0 13.0 0.0
2876.01820892513 0.0 0.0 0.0 1.0 0.0 0.0 13.0 0.0
2877.0276099796893 0.0 0.0 0.0 1.0 0.0 0.0 13.0 0.0
2878.008395239059 0.0 0.0 0.0 1.0 0.0 0.0 13.0 0.0
2879.0276099796893 0.0 0.0 0.0 1.0 0.0 0.0 13.0 0.0
2880.0002443780813 0.0 0.0 0.0 1.0 0.0 0.0 13.0 0.0
2881.0276099796893 0.0 0.0 0.0 1.0 0.0 0.0 13.0 0.0
2882.0276099796893 0.0 0.0 0.0 1.0 0.0 0.0 13.0 0.0
2883.0056927673954 0.0 0.0 0.0 1.0 0.0 0.0 13.0 0.0
2884.0034405142915 0.0 0.0 0.0 1.0 0.0 0.0 13.0 0.0
2885.0276099796893 0.0 0.0 0.0 1.0 0.0 0.0 13.0 0.0
2886.0076759708386 0.0 0.0 0.0 1.0 0.0 0.0 13.0 0.0
2887.0102249403308 0.0 0.0 0.0 1.0 0.0 0.0 13.0 0.0
2888.0276099796893 0.0 0.0 0.0 1.0 0.0 0.0 13.0 0.0
2889.0276099796893 0.0 0.0 0.0 1.0 0.0 0.0 13.0 0.0
2890.0276099796893 0.0 0.0 0.0 1.0 0.0 0.0 13.0 0.0
2891.0276099796893 0.0 0.0 0.0 1.0 0.0 0.0 13.0 0.0
2892.009590674208 0.0 0.0 0.0 1.0 0.0 0.0 13.0 0.0
2893.0121321560246 0.0 0.0 0.0 1.0 0.0 0.0 13.0 0.0
2894.0129063262702 0.0 0.0 0.0 1.0 0.0 0.0 13.0 0.0
2895.0276099796893 0.0 0.0 0.0 1.0 0.0 0.0 13.0 0.0
2896.0276099796893 0.0 0.0 0.0 1.0 0.0 0.0 13.0 0.0
2897.0276099796893 0.0 0.0 0.0 1.0 0.0 0.0 13.0 0.0
2898.0110957467728 0.0 0.0 0.0 1.0 0.0 0.0 13.0 0.0
2899.003691766793 0.0 0.0 0.0 1.0 0.0 0.0 13.0 0.0
2900.003969867931 0.0 0.0 0.0 1.0 0.0 0.0 13.0 0.0
2901.0276099796893 0.0 0.0 0.0 1.0 0.0 0.0 13.0 0.0
2902.0090816850675 0.0 0.0 0.0 1.0 0.0 0.0 13.0 0.0
2903.0276099796893 0.0 0.0 0.0 1.0 0.0 0.0 13.0 0.0
2904.0276099796893 0.0 0.0 0.0 1.0 0.0 0.0 13.0 0.0
2905.011886719604 0.0 0.0 0.0 1.0 0.0 0.0 13.0 0.0
2906.0276099796893 0.0 0.0 0.0 1.0 0.0 0.0 13.0 0.0
2907.0058298273752 0.0 0.0 0.0 1.0 0.0 0.0 13.0 0.0
2908.0110533075435 0.0 0.0 0.0 1.0 0.0 0.0 13.0 0.0
2909.0096313348386 0.0 0.0 0.0 1.0 0.0 0.0 13.0 0.0
2910.0028485881826 0.0 0.0 0.0 1.0 0.0 0.0 13.0 0.0
2911.0188124004144 0.0 0.0 0.0 1.0 0.0 0.0 13.0 0.0
2912.013786533698 0.0 0.0 0.0 1.0 0.0 0.0 13.0 0.0
2913.0276099796893 0.0 0.0 0.0 1.0 0.0 0.0 13.0 0.0
2914.0208865292134 0.0 0.0 0.0 1.0 0.0 0.0 13.0 0.0
2915.018210780431 0.0 0.0 0.0 1.0 0.0 0.0 13.0 0.0
2916.0276099796893 0.0 0.0 0.0 1.0 0.0 0.0 13.0 0.0
2917.0276099796893 0.0 0.0 0.0 1.0 0.0 0.0 13.0 0.0
2918.0025219426607 0.0 0.0 0.0 1.0 0.0 0.0 13.0 0.0
2919.017289332963 0.0 0.0 0.0 1.0 0.0 0.0 13.0 0.0
2920.013290922246 0.0 0.0 0.0 1.0 0.0 0.0 13.0 0.0
2921.000016756354 0.0 0.0 0.0 1.0 0.0 0.0 13.0 0.0
2922.0143832762433 0.0 0.0 0.0 1.0 0.0 0.0 13.0 0.0
2923.024539046212 0.0 0.0 0.0 1.0 0.0 0.0 13.0 0.0
2924.0276099796893 0.0 0.0 0.0 1.0 0.0 0.0 13.0 0.0
2925.0276099796893 0.0 0.0 0.0 1.0 0.0 0.0 13.0 0.0
2926.0019781236056 0.0 0.0 0.0 1.0 0.0 0.0 13.0 0.0
2927.0216456556004 0.0 0.0 0.0 1.0 0.0 0.0 13.0 0.0
2928.0033774325916 0.0 0.0 0.0 1.0 0.0 0.0 13.0 0.0
2929.0276099796893 0.0 0.0 0.0 1.0 0.0 0.0 13.0 0.0
2930.0246217295607 0.0 0.0 0.0 1.0 0.0 0.0 13.0 0.0
2931.0276099796893 0.0 0.0 0.0 1.0 0.0 0.0 13.0 0.0
2932.0002576764646 0.0 0.0 0.0 1.0 0.0 0.0 13.0 0.0
2933.007150155399 0.0 0.0 0.0 1.0 0.0 0.0 13.0 0.0
2934.0224244546384 0.0 0.0 0.0 1.0 0.0 0.0 13.0 0.0
2935.0276099796893 0.0 0.0 0.0 1.0 0.0 0.0 13.0 0.0
2936.0276099796893 0.0 0.0 0.0 1.0 0.0 0.0 13.0 0.0
2937.003626833053 0.0 0.0 0.0 1.0 0.0 0.0 13.0 0.0
2938.0087576234628 0.0 0.0 0.0 1.0 0.0 0.0 13.0 0.0
2939.021594570242 0.0 0.0 0.0 1.0 0.0 0.0 13.0 0.0
2940.0214896484076 0.0 0.0 0.0 1.0 0.0 0.0 13.0 0.0
2941.0276099796893 0.0 0.0 0.0 1.0 0.0 0.0 13.0 0.0
2942.0276099796893 0.0 0.0 0.0 1.0 0.0 0.0 13.0 0.0
2943.023794426787 0.0 0.0 0.0 1.0 0.0 0.0 13.0 0.0
2944.0276099796893 0.0 0.0 0.0 1.0 0.0 0.0 13.0 0.0
2945.00859017766 0.0 0.0 0.0 1.0 0.0 0.0 13.0 0.0
2946.026839689749 0.0 0.0 0.0 1.0 0.0 0.0 13.0 0.0
2947.0238678751607 0.0 0.0 0.0 1.0 0.0 0.0 13.0 0.0
2948.001437879599 0.0 0.0 0.0 1.0 0.0 0.0 13.0 0.0
2949.0276099796893 0.0 0.0 0.0 1.0 0.0 0.0 13.0 0.0
2950.0276099796893 0.0 0.0 0.0 1.0 0.0 0.0 13.0 0.0
2951.0276099796893 0.0 0.0 0.0 1.0 0.0 0.0 13.0 0.0
2952.0276099796893 0.0 0.0 0.0 1.0 0.0 0.0 13.0 0.0
2953.0166963311162 0.0 0.0 0.0 1.0 0.0 0.0 13.0 0.0
2954.011268769059 0.0 0.0 0.0 1.0 0.0 0.0 13.0 0.0
2955.0112290578095 0.0 0.0 0.0 1.0 0.0 0.0 13.0 0.0
2956.0276099796893 0.0 0.0 0.0 1.0 0.0 0.0 13.0 0.0
2957.0276099796893 0.0 0.0 0.0 1.0 0.0 0.0 13.0 0.0
2958.001443141751 0.0 0.0 0.0 1.0 0.0 0.0 13.0 0.0
2959.0276099796893 0.0 0.0 0.0 1.0 0.0 0.0 13.0 0.0
2960.0276099796893 0.0 0.0 0.0 1.0 0.0 0.0 13.0 0.0
2961.0117213710632 0.0 0.0 0.0 1.0 0.0 0.0 13.0 0.0
2962.0276099796893 0.0 0.0 0.0 1.0 0.0 0.0 13.0 0.0
2963.0084133061387 0.0 0.0 0.0 1.0 0.0 0.0 13.0 0.0
2964.012513584359 0.0 0.0 0.0 1.0 0.0 0.0 13.0 0.0
2965.0100789589937 0.0 0.0 0.0 1.0 0.0 0.0 13.0 0.0
2966.01441510731 0.0 0.0 0.0 1.0 0.0 0.0 13.0 0.0
2967.0125960583205 0.0 0.0 0.0 1.0 0.0 0.0 13.0 0.0
2968.0276099796893 0.0 0.0 0.0 1.0 0.0 0.0 13.0 0.0
2969.02657007166 0.0 0.0 0.0 1.0 0.0 0.0 13.0 0.0
2970.0008998941885 0.0 0.0 0.0 1.0 0.0 0.0 13.0 0.0
2971.025627715881 0.0 0.0 0.0 1.0 0.0 0.0 13.0 0.0
2972.0164844395294 0.0 0.0 0.0 1.0 0.0 0.0 13.0 0.0
2973.0133344979567 0.0 0.0 0.0 1.0 0.0 0.0 13.0 0.0
2974.0276099796893 0.0 0.0 0.0 1.0 0.0 0.0 13.0 0.0
2975.0138929425098 0.0 0.0 0.0 1.0 0.0 0.0 13.0 0.0
2976.0046748163786 0.0 0.0 0.0 1.0 0.0 0.0 13.0 0.0
2977.02607184747 0.0 0.0 0.0 1.0 0.0 0.0 13.0 0.0
2978.0276099796893 0.0 0.0 0.0 1.0 0.0 0.0 13.0 0.0
2979.004556833436 0.0 0.0 0.0 1.0 0.0 0.0 13.0 0.0
2980.001335025684 0.0 0.0 0.0 1.0 0.0 0.0 13.0 0.0
2981.0276099796893 0.0 0.0 0.0 1.0 0.0 0.0 13.0 0.0
2982.0276099796893 0.0 0.0 0.0 1.0 0.0 0.0 13.0 0.0
2983.0276099796893 0.0 0.0 0.0 1.0 0.0 0.0 13.0 0.0
2984.0276099796893 0.0 0.0 0.0 1.0 0.0 0.0 13.0 0.0
2985.0064017189447 0.0 0.0 0.0 1.0 0.0 0.0 13.0 0.0
2986.002857513919 0.0 0.0 0.0 1.0 0.0 0.0 13.0 0.0
2987.003176452425 0.0 0.0 0.0 1.0 0.0 0.0 13.0 0.0
2988.0197816947525 0.0 0.0 0.0 1.0 0.0 0.0 13.0 0.0
2989.0154899145878 0.0 0.0 0.0 1.0 0.0 0.0 13.0 0.0
2990.0276099796893 0.0 0.0 0.0 1.0 0.0 0.0 13.0 0.0
2991.0276099796893 0.0 0.0 0.0 1.0 0.0 0.0 13.0 0.0
2992.0126502566836 0.0 0.0 0.0 1.0 0.0 0.0 13.0 0.0
2993.0276099796893 0.0 0.0 0.0 1.0 0.0 0.0 13.0 0.0
2994.0025348620056 0.0 0.0 0.0 1.0 0.0 0.0 13.0 0.0
2995.009486671839 0.0 0.0 0.0 1.0 0.0 0.0 13.0 0.0
2996.0159508999063 0.0 0.0 0.0 1.0 0.0 0.0 13.0 0.0
2997.0229907741095 0.0 0.0 0.0 1.0 0.0 0.0 13.0 0.0
2998.0276099796893 0.0 0.0 0.0 1.0 0.0 0.0 13.0 0.0
2999.0050646104414 0.0 0.0 0.0 1.0 0.0 0.0 13.0 0.0
3000.018414878426 0.0 0.0 0.0 1.0 0.0 0.0 13.0 0.0
3001.0276099796893 0.0 0.0 0.0 1.0 0.0 0.0 13.0 0.0
3002.002300364136 0.0 0.0 0.0 1.0 0.0 0.0 13.0 0.0
3003.0276099796893 0.0 0.0 0.0 1.0 0.0 0.0 13.0 0.0
3004.0276099796893 0.0 0.0 0.0 1.0 0.0 0.0 13.0 0.0
3005.0276099796893 0.0 0.0 0.0 1.0 0.0 0.0 13.0 0.0
3006.0004952520194 0.0 0.0 0.0 1.0 0.0 0.0 13.0 0.0
3007.01158843921 0.0 0.0 0.0 1.0 0.0 0.0 13.0 0.0
3008.0276099796893 0.0 0.0 0.0 1.0 0.0 0.0 13.0 0.0
3009.0131893810776 0.0 0.0 0.0 1.0 0.0 0.0 13.0 0.0
3010.018751675498 0.0 0.0 0.0 1.0 0.0 0.0 13.0 0.0
3011.0171136644753 0.0 0.0 0.0 1.0 0.0 0.0 13.0 0.0
3012.004643375355 0.0 0.0 0.0 1.0 0.0 0.0 13.0 0.0
3013.0276099796893 0.0 0.0 0.0 1.0 0.0 0.0 13.0 0.0
3014.0092730733063 0.0 0.0 0.0 1.0 0.0 0.0 13.0 0.0
3015.001751852572 0.0 0.0 0.0 1.0 0.0 0.0 13.0 0.0
3016.0276099796893 0.0 0.0 0.0 1.0 0.0 0.0 13.0 0.0
3017.0276099796893 0.0 0.0 0.0 1.0 0.0 0.0 13.0 0.0
3018.0276099796893 0.0 0.0 0.0 1.0 0.0 0.0 13.0 0.0
3019.0276099796893 0.0 0.0 0.0 1.0 0.0 0.0 13.0 0.0
3020.0038427422405 0.0 0.0 0.0 1.0 0.0 0.0 13.0 0.0
3021.0100472446334 0.0 0.0 0.0 1.0 0.0 0.0 13.0 0.0
3022.0270724562943 0.0 0.0 0.0 1.0 0.0 0.0 13.0 0.0
3023.00029297792 0.0 0.0 0.0 1.0 0.0 0.0 13.0 0.0
3024.021187020541 0.0 0.0 0.0 1.0 0.0 0.0 13.0 0.0
3025.002613743362 0.0 0.0 0.0 1.0 0.0 0.0 13.0 0.0
3026.0210599709953 0.0 0.0 0.0 1.0 0.0 0.0 13.0 0.0
3027.0276099796893 0.0 0.0 0.0 1.0 0.0 0.0 13.0 0.0
3028.004580595254 0.0 0.0 0.0 1.0 0.0 0.0 13.0 0.0
3029.0171578782374 0.0 0.0 0.0 1.0 0.0 0.0 13.0 0.0
3030.0276099796893 0.0 0.0 0.0 1.0 0.0 0.0 13.0 0.0
3031.007293722798 0.0 0.0 0.0 1.0 0.0 0.0 13.0 0.0
3032.00866368226 0.0 0.0 0.0 1.0 0.0 0.0 13.0 0.0
3033.0276099796893 0.0 0.0 0.0 1.0 0.0 0.0 13.0 0.0
3034.002228944248 0.0 0.0 0.0 1.0 0.0 0.0 13.0 0.0
3035.0027802439436 0.0 0.0 0.0 1.0 0.0 0.0 13.0 0.0
3036.005539385674 0.0 0.0 0.0 1.0 0.0 0.0 13.0 0.0
3037.0276099796893 0.0 0.0 0.0 1.0 0.0 0.0 13.0 0.0
3038.0122584167702 0.0 0.0 0.0 1.0 0.0 0.0 13.0 0.0
3039.0113337921816 0.0 0.0 0.0 1.0 0.0 0.0 13.0 0.0
3040.0273992057528 0.0 0.0 0.0 1.0 0.0 0.0 13.0 0.0
3041.0276099796893 0.0 0.0 0.0 1.0 0.0 0.0 13.0 0.0
3042.0189576086345 0.0 0.0 0.0 1.0 0.0 0.0 13.0 0.0
3043.002430671927 0.0 0.0 0.0 1.0 0.0 0.0 13.0 0.0
3044.013492043498 0.0 0.0 0.0 1.0 0.0 0.0 13.0 0.0
3045.0037458505694 0.0 0.0 0.0 1.0 0.0 0.0 13.0 0.0
3046.013231757319 0.0 0.0 0.0 1.0 0.0 0.0 13.0 0.0
3047.0276099796893 0.0 0.0 0.0 1.0 0.0 0.0 13.0 0.0
3048.0188622752935 0.0 0.0 0.0 1.0 0.0 0.0 13.0 0.0
3049.0276099796893 0.0 0.0 0.0 1.0 0.0 0.0 13.0 0.0
3050.0276099796893 0.0 0.0 0.0 1.0 0.0 0.0 13.0 0.0
3051.0164390107498 0.0 0.0 0.0 1.0 0.0 0.0 13.0 0.0
3052.0023383610446 0.0 0.0 0.0 1.0 0.0 0.0 13.0 0.0
3053.0120272288727 0.0 0.0 0.0 1.0 0.0 0.0 13.0 0.0
3054.0276099796893 0.0 0.0 0.0 1.0 0.0 0.0 13.0 0.0
3055.004307714105 0.0 0.0 0.0 1.0 0.0 0.0 13.0 0.0
3056.020055146025 0.0 0.0 0.0 1.0 0.0 0.0 13.0 0.0
3057.011500840499 0.0 0.0 0.0 1.0 0.0 0.0 13.0 0.0
3058.0276099796893 0.0 0.0 0.0 1.0 0.0 0.0 13.0 0.0
3059.0276099796893 0.0 0.0 0.0 1.0 0.0 0.0 13.0 0.0
3060.0276099796893 0.0 0.0 0.0 1.0 0.0 0.0 13.0 0.0
3061.0276099796893 0.0 0.0 0.0 1.0 0.0 0.0 13.0 0.0
3062.0013715092127 0.0 0.0 0.0 1.0 0.0 0.0 13.0 0.0
3063.0276099796893 0.0 0.0 0.0 1.0 0.0 0.0 13.0 0.0
3064.0276099796893 0.0 0.0 0.0 1.0 0.0 0.0 13.0 0.0
3065.0276099796893 0.0 0.0 0.0 1.0 0.0 0.0 13.0 0.0
3066.0276099796893 0.0 0.0 0.0 1.0 0.0 0.0 13.0 0.0
3067.0276099796893 0.0 0.0 0.0 1.0 0.0 0.0 13.0 0.0
3068.0276099796893 0.0 0.0 0.0 1.0 0.0 0.0 13.0 0.0
3069.0014123071655 0.0 0.0 0.0 1.0 0.0 0.0 13.0 0.0
3070.0056791712946 0.0 0.0 0.0 1.0 0.0 0.0 13.0 0.0
3071.007479415498 0.0 0.0 0.0 1.0 0.0 0.0 13.0 0.0
3072.0092434949725 0.0 0.0 0.0 1.0 0.0 0.0 13.0 0.0
3073.027065704604 0.0 0.0 0.0 1.0 0.0 0.0 13.0 0.0
3074.0036412493873 0.0 0.0 0.0 1.0 0.0 0.0 13.0 0.0
3075.0028271844067 0.0 0.0 0.0 1.0 0.0 0.0 13.0 0.0
3076.015396036084 0.0 0.0 0.0 1.0 0.0 0.0 13.0 0.0
3077.0276099796893 0.0 0.0 0.0 1.0 0.0 0.0 13.0 0.0
3078.0003888349197 0.0 0.0 0.0 1.0 0.0 0.0 13.0 0.0
3079.0127074588318 0.0 0.0 0.0 1.0 0.0 0.0 13.0 0.0
3080.0186604821147 0.0 0.0 0.0 1.0 0.0 0.0 13.0 0.0
3081.0146298990876 0.0 0.0 0.0 1.0 0.0 0.0 13.0 0.0
3082.005174433326 0.0 0.0 0.0 1.0 0.0 0.0 13.0 0.0
3083.020577915759 0.0 0.0 0.0 1.0 0.0 0.0 13.0 0.0
3084.0276099796893 0.0 0.0 0.0 1.0 0.0 0.0 13.0 0.0
3085.0276099796893 0.0 0.0 0.0 1.0 0.0 0.0 13.0 0.0
3086.0276099796893 0.0 0.0 0.0 1.0 0.0 0.0 13.0 0.0
3087.0276099796893 0.0 0.0 0.0 1.0 0.0 0.0 13.0 0.0
3088.025100173039 0.0 0.0 0.0 1.0 0.0 0.0 13.0 0.0
3089.0276099796893 0.0 0.0 0.0 1.0 0.0 0.0 13.0 0.0
3090.0276099796893 0.0 0.0 0.0 1.0 0.0 0.0 13.0 0.0
3091.019484340122 0.0 0.0 0.0 1.0 0.0 0.0 13.0 0.0
3092.0262856411264 0.0 0.0 0.0 1.0 0.0 0.0 13.0 0.0
3093.014038122628 0.0 0.0 0.0 1.0 0.0 0.0 13.0 0.0
3094.0276099796893 0.0 0.0 0.0 1.0 0.0 0.0 13.0 0.0
3095.0037436874 0.0 0.0 0.0 1.0 0.0 0.0 13.0 0.0
3096.01436380783 0.0 0.0 0.0 1.0 0.0 0.0 13.0 0.0
3097.015548029718 0.0 0.0 0.0 1.0 0.0 0.0 13.0 0.0
3098.0276099796893 0.0 0.0 0.0 1.0 0.0 0.0 13.0 0.0
3099.0158929225217 0.0 0.0 0.0 1.0 0.0 0.0 13.0 0.0
3100.0272205653987 0.0 0.0 0.0 1.0 0.0 0.0 13.0 0.0
3101.017062940089 0.0 0.0 0.0 1.0 0.0 0.0 13.0 0.0
3102.003836972318 0.0 0.0 0.0 1.0 0.0 0.0 13.0 0.0
3103.0276099796893 0.0 0.0 0.0 1.0 0.0 0.0 13.0 0.0
3104.0010474349406 0.0 0.0 0.0 1.0 0.0 0.0 13.0 0.0
3105.0276099796893 0.0 0.0 0.0 1.0 0.0 0.0 13.0 0.0
3106.017404560683 0.0 0.0 0.0 1.0 0.0 0.0 13.0 0.0
3107.0276099796893 0.0 0.0 0.0 1.0 0.0 0.0 13.0 0.0
3108.0276099796893 0.0 0.0 0.0 1.0 0.0 0.0 13.0 0.0
3109.0276099796893 0.0 0.0 0.0 1.0 0.0 0.0 13.0 0.0
3110.0129615573724 0.0 0.0 0.0 1.0 0.0 0.0 13.0 0.0
3111.012993220308 0.0 0.0 0.0 1.0 0.0 0.0 13.0 0.0
3112.0276099796893 0.0 0.0 0.0 1.0 0.0 0.0 13.0 0.0
3113.0133672720563 0.0 0.0 0.0 1.0 0.0 0.0 13.0 0.0
3114.019661769046 0.0 0.0 0.0 1.0 0.0 0.0 13.0 0.0
3115.0226716570273 0.0 0.0 0.0 1.0 0.0 0.0 13.0 0.0
3116.0276099796893 0.0 0.0 0.0 1.0 0.0 0.0 13.0 0.0
3117.0276099796893 0.0 0.0 0.0 1.0 0.0 0.0 13.0 0.0
3118.002362497127 0.0 0.0 0.0 1.0 0.0 0.0 13.0 0.0
3119.0276099796893 0.0 0.0 0.0 1.0 0.0 0.0 13.0 0.0
3120.0052711949575 0.0 0.0 0.0 1.0 0.0 0.0 13.0 0.0
3121.0113348503164 0.0 0.0 0.0 1.0 0.0 0.0 13.0 0.0
3122.0276099796893 0.0 0.0 0.0 1.0 0.0 0.0 13.0 0.0
3123.005204143436 0.0 0.0 0.0 1.0 0.0 0.0 13.0 0.0
3124.019280825533 0.0 0.0 0.0 1.0 0.0 0.0 13.0 0.0
3125.003281675661 0.0 0.0 0.0 1.0 0.0 0.0 13.0 0.0
3126.020985170402 0.0 0.0 0.0 1.0 0.0 0.0 13.0 0.0
3127.016954416127 0.0 0.0 0.0 1.0 0.0 0.0 13.0 0.0
3128.027347989596 0.0 0.0 0.0 1.0 0.0 0.0 13.0 0.0
3129.003385086144 0.0 0.0 0.0 1.0 0.0 0.0 13.0 0.0
3130.001912055067 0.0 0.0 0.0 1.0 0.0 0.0 13.0 0.0
3131.0276099796893 0.0 0.0 0.0 1.0 0.0 0.0 13.0 0.0
3132.0090124844464 0.0 0.0 0.0 1.0 0.0 0.0 13.0 0.0
3133.014179356834 0.0 0.0 0.0 1.0 0.0 0.0 13.0 0.0
3134.0276099796893 0.0 0.0 0.0 1.0 0.0 0.0 13.0 0.0
3135.0276099796893 0.0 0.0 0.0 1.0 0.0 0.0 13.0 0.0
3136.0179399001545 0.0 0.0 0.0 1.0 0.0 0.0 13.0 0.0
3137.0099862057314 0.0 0.0 0.0 1.0 0.0 0.0 13.0 0.0
3138.0056027946566 0.0 0.0 0.0 1.0 0.0 0.0 13.0 0.0
3139.026588247681 0.0 0.0 0.0 1.0 0.0 0.0 13.0 0.0
3140.0276099796893 0.0 0.0 0.0 1.0 0.0 0.0 13.0 0.0
3141.0172610169157 0.0 0.0 0.0 1.0 0.0 0.0 13.0 0.0
3142.0013553902286 0.0 0.0 0.0 1.0 0.0 0.0 13.0 0.0
3143.0115002802518 0.0 0.0 0.0 1.0 0.0 0.0 13.0 0.0
3144.012079829283 0.0 0.0 0.0 1.0 0.0 0.0 13.0 0.0
3145.0138093490305 0.0 0.0 0.0 1.0 0.0 0.0 13.0 0.0
3146.0276099796893 0.0 0.0 0.0 1.0 0.0 0.0 13.0 0.0
3147.0276099796893 0.0 0.0 0.0 1.0 0.0 0.0 13.0 0.0
3148.0276099796893 0.0 0.0 0.0 1.0 0.0 0.0 13.0 0.0
3149.0276099796893 0.0 0.0 0.0 1.0 0.0 0.0 13.0 0.0
3150.008884361341 0.0 0.0 0.0 1.0 0.0 0.0 13.0 0.0
3151.0142548044078 0.0 0.0 0.0 1.0 0.0 0.0 13.0 0.0
3152.0276099796893 0.0 0.0 0.0 1.0 0.0 0.0 13.0 0.0
3153.0276099796893 0.0 0.0 0.0 1.0 0.0 0.0 13.0 0.0
3154.009937815514 0.0 0.0 0.0 1.0 0.0 0.0 13.0 0.0
3155.0276099796893 0.0 0.0 0.0 1.0 0.0 0.0 13.0 0.0
3156.02090488536 0.0 0.0 0.0 1.0 0.0 0.0 13.0 0.0
3157.026498263144 0.0 0.0 0.0 1.0 0.0 0.0 13.0 0.0
3158.0276099796893 0.0 0.0 0.0 1.0 0.0 0.0 13.0 0.0
3159.0276099796893 0.0 0.0 0.0 1.0 0.0 0.0 13.0 0.0
3160.0070184348187 0.0 0.0 0.0 1.0 0.0 0.0 13.0 0.0
3161.026304172352 0.0 0.0 0.0 1.0 0.0 0.0 13.0 0.0
3162.0123231463613 0.0 0.0 0.0 1.0 0.0 0.0 13.0 0.0
3163.0276099796893 0.0 0.0 0.0 1.0 0.0 0.0 13.0 0.0
3164.0276099796893 0.0 0.0 0.0 1.0 0.0 0.0 13.0 0.0
3165.0246198064783 0.0 0.0 0.0 1.0 0.0 0.0 13.0 0.0
3166.0276099796893 0.0 0.0 0.0 1.0 0.0 0.0 13.0 0.0
3167.0276099796893 0.0 0.0 0.0 1.0 0.0 0.0 13.0 0.0
3168.0276099796893 0.0 0.0 0.0 1.0 0.0 0.0 13.0 0.0
3169.0276099796893 0.0 0.0 0.0 1.0 0.0 0.0 13.0 0.0
3170.0276099796893 0.0 0.0 0.0 1.0 0.0 0.0 13.0 0.0
3171.011185271194 0.0 0.0 0.0 1.0 0.0 0.0 13.0 0.0
3172.0273673491542 0.0 0.0 0.0 1.0 0.0 0.0 13.0 0.0
3173.0276099796893 0.0 0.0 0.0 1.0 0.0 0.0 13.0 0.0
3174.0158632861453 0.0 0.0 0.0 1.0 0.0 0.0 13.0 0.0
3175.0203989173883 0.0 0.0 0.0 1.0 0.0 0.0 13.0 0.0
3176.0276099796893 0.0 0.0 0.0 1.0 0.0 0.0 13.0 0.0
3177.0276099796893 0.0 0.0 0.0 1.0 0.0 0.0 13.0 0.0
3178.0170268562865 0.0 0.0 0.0 1.0 0.0 0.0 13.0 0.0
3179.0088987894783 0.0 0.0 0.0 1.0 0.0 0.0 13.0 0.0
3180.0276099796893 0.0 0.0 0.0 1.0 0.0 0.0 13.0 0.0
3181.0276099796893 0.0 0.0 0.0 1.0 0.0 0.0 13.0 0.0
3182.0276099796893 0.0 0.0 0.0 1.0 0.0 0.0 13.0 0.0
3183.0276099796893 0.0 0.0 0.0 1.0 0.0 0.0 13.0 0.0
3184.011214901803 0.0 0.0 0.0 1.0 0.0 0.0 13.0 0.0
3185.0012598016815 0.0 0.0 0.0 1.0 0.0 0.0 13.0 0.0
3186.0276099796893 0.0 0.0 0.0 1.0 0.0 0.0 13.0 0.0
3187.009563758922 0.0 0.0 0.0 1.0 0.0 0.0 13.0 0.0
3188.0001963294617 0.0 0.0 0.0 1.0 0.0 0.0 13.0 0.0
3189.0138178008997 0.0 0.0 0.0 1.0 0.0 0.0 13.0 0.0
3190.0236999932563 0.0 0.0 0.0 1.0 0.0 0.0 13.0 0.0
3191.0181263647514 0.0 0.0 0.0 1.0 0.0 0.0 13.0 0.0
3192.0276099796893 0.0 0.0 0.0 1.0 0.0 0.0 13.0 0.0
3193.0276099796893 0.0 0.0 0.0 1.0 0.0 0.0 13.0 0.0
3194.0276099796893 0.0 0.0 0.0 1.0 0.0 0.0 13.0 0.0
3195.005142527237 0.0 0.0 0.0 1.0 0.0 0.0 13.0 0.0
3196.0276099796893 0.0 0.0 0.0 1.0 0.0 0.0 13.0 0.0
3197.01095698273 0.0 0.0 0.0 1.0 0.0 0.0 13.0 0.0
3198.0276099796893 0.0 0.0 0.0 1.0 0.0 0.0 13.0 0.0
3199.0020333006105 0.0 0.0 0.0 1.0 0.0 0.0 13.0 0.0
3200.0276099796893 0.0 0.0 0.0 1.0 0.0 0.0 13.0 0.0
3201.0276099796893 0.0 0.0 0.0 1.0 0.0 0.0 12.9 0.0
3202.0033115415777 0.0 0.0 0.0 1.0 0.0 0.0 12.05 0.0
3203.0076215199233 0.0 0.0 0.0 1.0 0.0 0.0 11.2 0.0
3204.0276099796893 0.0 0.0 0.0 1.0 0.0 0.0 11.075 0.0
3205.0276099796893 0.0 0.0 0.0 1.0 0.0 0.0 11.075 0.0
3206.007511638977 0.0 0.0 0.0 1.0 0.0 0.0 11.0 0.0
3207.0009909773567 0.0 0.0 0.0 1.0 0.0 0.0 11.0 0.0
3208.0139246200615 0.0 0.0 0.0 1.0 0.0 0.0 11.0 0.0
3209.0276099796893 0.0 0.0 0.0 1.0 0.0 0.0 11.0 0.0
3210.0047852799926 0.0 0.0 0.0 1.0 0.0 0.0 11.0 0.0
3211.0005327130893 0.0 0.0 0.0 1.0 0.0 0.0 11.0 0.0
3212.0129117968727 0.0 0.0 0.0 1.0 0.0 0.0 11.0 0.0
3213.0112307314607 0.0 0.0 0.0 1.0 0.0 0.0 11.0 0.0
3214.0260832025206 0.0 0.0 0.0 1.0 0.0 0.0 11.0 0.0
3215.0028694433013 0.0 0.0 0.0 1.0 0.0 0.0 11.0 0.0
3216.014929899302 0.0 0.0 0.0 1.0 0.0 0.0 11.0 0.0
3217.021898303476 0.0 0.0 0.0 1.0 0.0 0.0 11.0 0.0
3218.0276099796893 0.0 0.0 0.0 1.0 0.0 0.0 11.0 0.0
3219.016102997794 0.0 0.0 0.0 1.0 0.0 0.0 11.0 0.0
3220.0276099796893 0.0 0.0 0.0 1.0 0.0 0.0 11.0 0.0
3221.0210692066657 0.0 0.0 0.0 1.0 0.0 0.0 11.0 0.0
3222.0276099796893 0.0 0.0 0.0 1.0 0.0 0.0 11.0 0.0
3223.000942156972 0.0 0.0 0.0 1.0 0.0 0.0 11.0 0.0
3224.008809897796 0.0 0.0 0.0 1.0 0.0 0.0 11.0 0.0
3225.0054699027505 0.0 0.0 0.0 1.0 0.0 0.0 11.0 0.0
3226.0276099796893 0.0 0.0 0.0 1.0 0.0 0.0 11.0 0.0
3227.009563830414 0.0 0.0 0.0 1.0 0.0 0.0 11.0 0.0
3228.0276099796893 0.0 0.0 0.0 1.0 0.0 0.0 11.0 0.0
3229.0100591123105 0.0 0.0 0.0 1.0 0.0 0.0 11.0 0.0
3230.0149113201082 0.0 0.0 0.0 1.0 0.0 0.0 11.0 0.0
3231.0125368127874 0.0 0.0 0.0 1.0 0.0 0.0 11.0 0.0
3232.0276099796893 0.0 0.0 0.0 1.0 0.0 0.0 11.0 0.0
3233.0276099796893 0.0 0.0 0.0 1.0 0.0 0.0 11.0 0.0
3234.0276099796893 0.0 0.0 0.0 1.0 0.0 0.0 11.0 0.0
3235.025106040115 0.0 0.0 0.0 1.0 0.0 0.0 11.0 0.0
3236.0019603615397 0.0 0.0 0.0 1.0 0.0 0.0 11.0 0.0
3237.0276099796893 0.0 0.0 0.0 1.0 0.0 0.0 11.0 0.0
3238.010342729523 0.0 0.0 0.0 1.0 0.0 0.0 11.0 0.0
3239.004593987172 0.0 0.0 0.0 1.0 0.0 0.0 11.0 0.0
3240.0276099796893 0.0 0.0 0.0 1.0 0.0 0.0 11.0 0.0
3241.0145636504203 0.0 0.0 0.0 1.0 0.0 0.0 11.0 0.0
3242.0276099796893 0.0 0.0 0.0 1.0 0.0 0.0 11.0 0.0
3243.012017826074 0.0 0.0 0.0 1.0 0.0 0.0 11.0 0.0
3244.0276099796893 0.0 0.0 0.0 1.0 0.0 0.0 11.0 0.0
3245.0198553148225 0.0 0.0 0.0 1.0 0.0 0.0 11.0 0.0
3246.002025300996 0.0 0.0 0.0 1.0 0.0 0.0 11.0 0.0
3247.0203945989947 0.0 0.0 0.0 1.0 0.0 0.0 11.0 0.0
3248.0276099796893 0.0 0.0 0.0 1.0 0.0 0.0 11.0 0.0
3249.0276099796893 0.0 0.0 0.0 1.0 0.0 0.0 11.0 0.0
3250.004156030298 0.0 0.0 0.0 1.0 0.0 0.0 11.0 0.0
3251.0129199627067 0.0 0.0 0.0 1.0 0.0 0.0 11.0 0.0
3252.0017925881807 0.0 0.0 0.0 1.0 0.0 0.0 11.0 0.0
3253.014368568387 0.0 0.0 0.0 1.0 0.0 0.0 11.0 0.0
3254.026138142359 0.0 0.0 0.0 1.0 0.0 0.0 11.0 0.0
3255.0276099796893 0.0 0.0 0.0 1.0 0.0 0.0 11.0 0.0
3256.015021827099 0.0 0.0 0.0 1.0 0.0 0.0 11.0 0.0
3257.0091058624494 0.0 0.0 0.0 1.0 0.0 0.0 11.0 0.0
3258.025604030246 0.0 0.0 0.0 1.0 0.0 0.0 11.0 0.0
3259.0056262079365 0.0 0.0 0.0 1.0 0.0 0.0 11.0 0.0
3260.0267540611617 0.0 0.0 0.0 1.0 0.0 0.0 11.0 0.0
3261.0038274324515 0.0 0.0 0.0 1.0 0.0 0.0 11.0 0.0
3262.0125880084156 0.0 0.0 0.0 1.0 0.0 0.0 11.0 0.0
3263.013379401197 0.0 0.0 0.0 1.0 0.0 0.0 11.0 0.0
3264.0101640685966 0.0 0.0 0.0 1.0 0.0 0.0 11.0 0.0
3265.007217914522 0.0 0.0 0.0 1.0 0.0 0.0 11.0 0.0
3266.0086048184176 0.0 0.0 0.0 1.0 0.0 0.0 11.0 0.0
3267.021920159125 0.0 0.0 0.0 1.0 0.0 0.0 11.0 0.0
3268.0276099796893 0.0 0.0 0.0 1.0 0.0 0.0 11.0 0.0
3269.0276099796893 0.0 0.0 0.0 1.0 0.0 0.0 11.0 0.0
3270.0151378940814 0.0 0.0 0.0 1.0 0.0 0.0 11.0 0.0
3271.000265044158 0.0 0.0 0.0 1.0 0.0 0.0 11.0 0.0
3272.010197659063 0.0 0.0 0.0 1.0 0.0 0.0 11.0 0.0
3273.0012015902325 0.0 0.0 0.0 1.0 0.0 0.0 11.0 0.0
3274.022791012686 0.0 0.0 0.0 1.0 0.0 0.0 11.0 0.0
3275.004563986857 0.0 0.0 0.0 1.0 0.0 0.0 11.0 0.0
3276.0276099796893 0.0 0.0 0.0 1.0 0.0 0.0 11.0 0.0
3277.026547765232 0.0 0.0 0.0 1.0 0.0 0.0 11.0 0.0
3278.008477029498 0.0 0.0 0.0 1.0 0.0 0.0 11.0 0.0
3279.0143896743807 0.0 0.0 0.0 1.0 0.0 0.0 11.0 0.0
3280.0048164294526 0.0 0.0 0.0 1.0 0.0 0.0 11.0 0.0
3281.00530610565 0.0 0.0 0.0 1.0 0.0 0.0 11.0 0.0
3282.0132004984475 0.0 0.0 0.0 1.0 0.0 0.0 11.0 0.0
3283.0136929393534 0.0 0.0 0.0 1.0 0.0 0.0 11.0 0.0
3284.0147261252973 0.0 0.0 0.0 1.0 0.0 0.0 11.0 0.0
3285.0129772637965 0.0 0.0 0.0 1.0 0.0 0.0 11.0 0.0
3286.0276099796893 0.0 0.0 0.0 1.0 0.0 0.0 11.0 0.0
3287.0276099796893 0.0 0.0 0.0 1.0 0.0 0.0 11.0 0.0
3288.0276099796893 0.0 0.0 0.0 1.0 0.0 0.0 11.0 0.0
3289.0276099796893 0.0 0.0 0.0 1.0 0.0 0.0 11.0 0.0
3290.0136299074074 0.0 0.0 0.0 1.0 0.0 0.0 11.0 0.0
3291.025099313071 0.0 0.0 0.0 1.0 0.0 0.0 11.0 0.0
3292.003312867204 0.0 0.0 0.0 1.0 0.0 0.0 11.0 0.0
3293.0276099796893 0.0 0.0 0.0 1.0 0.0 0.0 11.0 0.0
3294.0038125062383 0.0 0.0 0.0 1.0 0.0 0.0 11.0 0.0
3295.0038649036187 0.0 0.0 0.0 1.0 0.0 0.0 11.0 0.0
3296.0276099796893 0.0 0.0 0.0 1.0 0.0 0.0 11.0 0.0
3297.0254010375716 0.0 0.0 0.0 1.0 0.0 0.0 11.0 0.0
3298.0146395328843 0.0 0.0 0.0 1.0 0.0 0.0 11.0 0.0
3299.0276099796893 0.0 0.0 0.0 1.0 0.0 0.0 11.0 0.0
3300.023732317226 0.0 0.0 0.0 1.0 0.0 0.0 11.0 0.0
3301.026226600192 0.0 0.0 0.0 1.0 0.0 0.0 11.0 0.0
3302.010732073415 0.0 0.0 0.0 1.0 0.0 0.0 11.0 0.0
3303.0276099796893 0.0 0.0 0.0 1.0 0.0 0.0 11.0 0.0
3304.0276099796893 0.0 0.0 0.0 1.0 0.0 0.0 11.0 0.0
3305.01629045564 0.0 0.0 0.0 1.0 0.0 0.0 11.0 0.0
3306.0276099796893 0.0 0.0 0.0 1.0 0.0 0.0 11.0 0.0
3307.0276099796893 0.0 0.0 0.0 1.0 0.0 0.0 11.0 0.0
3308.0129399329303 0.0 0.0 0.0 1.0 0.0 0.0 11.0 0.0
3309.0276099796893 0.0 0.0 0.0 1.0 0.0 0.0 11.0 0.0
3310.0040831276447 0.0 0.0 0.0 1.0 0.0 0.0 11.0 0.0
3311.021369516039 0.0 0.0 0.0 1.0 0.0 0.0 11.0 0.0
3312.00195414629 0.0 0.0 0.0 1.0 0.0 0.0 11.0 0.0
3313.0015908031537 0.0 0.0 0.0 1.0 0.0 0.0 11.0 0.0
3314.0276099796893 0.0 0.0 0.0 1.0 0.0 0.0 11.0 0.0
3315.0276099796893 0.0 0.0 0.0 1.0 0.0 0.0 11.0 0.0
3316.003676931375 0.0 0.0 0.0 1.0 0.0 0.0 11.0 0.0
3317.0134967154345 0.0 0.0 0.0 1.0 0.0 0.0 11.0 0.0
3318.0038958214955 0.0 0.0 0.0 1.0 0.0 0.0 11.0 0.0
3319.0157514847992 0.0 0.0 0.0 1.0 0.0 0.0 11.0 0.0
3320.014112995598 0.0 0.0 0.0 1.0 0.0 0.0 11.0 0.0
3321.0276099796893 0.0 0.0 0.0 1.0 0.0 0.0 11.0 0.0
3322.00354364832 0.0 0.0 0.0 1.0 0.0 0.0 11.0 0.0
3323.0022922503786 0.0 0.0 0.0 1.0 0.0 0.0 11.0 0.0
3324.0276099796893 0.0 0.0 0.0 1.0 0.0 0.0 11.0 0.0
3325.0276099796893 0.0 0.0 0.0 1.0 0.0 0.0 11.0 0.0
3326.0003691053143 0.0 0.0 0.0 1.0 0.0 0.0 11.0 0.0
3327.0066471659425 0.0 0.0 0.0 1.0 0.0 0.0 11.0 0.0
3328.0276099796893 0.0 0.0 0.0 1.0 0.0 0.0 11.0 0.0
3329.0276099796893 0.0 0.0 0.0 1.0 0.0 0.0 11.0 0.0
3330.0093717704385 0.0 0.0 0.0 1.0 0.0 0.0 11.0 0.0
3331.024145721963 0.0 0.0 0.0 1.0 0.0 0.0 11.0 0.0
3332.0276099796893 0.0 0.0 0.0 1.0 0.0 0.0 11.0 0.0
3333.0276099796893 0.0 0.0 0.0 1.0 0.0 0.0 11.0 0.0
3334.009254075838 0.0 0.0 0.0 1.0 0.0 0.0 11.0 0.0
3335.0276099796893 0.0 0.0 0.0 1.0 0.0 0.0 11.0 0.0
3336.0276099796893 0.0 0.0 0.0 1.0 0.0 0.0 11.0 0.0
3337.017679645431 0.0 0.0 0.0 1.0 0.0 0.0 11.0 0.0
3338.0276099796893 0.0 0.0 0.0 1.0 0.0 0.0 11.0 0.0
3339.02082900736 0.0 0.0 0.0 1.0 0.0 0.0 11.0 0.0
3340.0276099796893 0.0 0.0 0.0 1.0 0.0 0.0 11.0 0.0
3341.0276099796893 0.0 0.0 0.0 1.0 0.0 0.0 11.0 0.0
3342.0276099796893 0.0 0.0 0.0 1.0 0.0 0.0 11.0 0.0
3343.002845476255 0.0 0.0 0.0 1.0 0.0 0.0 11.0 0.0
3344.0276099796893 0.0 0.0 0.0 1.0 0.0 0.0 11.0 0.0
3345.0276099796893 0.0 0.0 0.0 1.0 0.0 0.0 11.0 0.0
3346.006287468656 0.0 0.0 0.0 1.0 0.0 0.0 11.0 0.0
3347.0276099796893 0.0 0.0 0.0 1.0 0.0 0.0 11.0 0.0
3348.0073494890316 0.0 0.0 0.0 1.0 0.0 0.0 11.0 0.0
3349.0276099796893 0.0 0.0 0.0 1.0 0.0 0.0 11.0 0.0
3350.0186190558693 0.0 0.0 0.0 1.0 0.0 0.0 11.0 0.0
3351.017156951414 0.0 0.0 0.0 1.0 0.0 0.0 11.0 0.0
3352.0045159419155 0.0 0.0 0.0 1.0 0.0 0.0 11.0 0.0
3353.0060031701255 0.0 0.0 0.0 1.0 0.0 0.0 11.0 0.0
3354.0276099796893 0.0 0.0 0.0 1.0 0.0 0.0 11.0 0.0
3355.004716283894 0.0 0.0 0.0 1.0 0.0 0.0 11.0 0.0
3356.016511953091 0.0 0.0 0.0 1.0 0.0 0.0 11.0 0.0
3357.0276099796893 0.0 0.0 0.0 1.0 0.0 0.0 11.0 0.0
3358.0041969076356 0.0 0.0 0.0 1.0 0.0 0.0 11.0 0.0
3359.0276099796893 0.0 0.0 0.0 1.0 0.0 0.0 11.0 0.0
3360.0276099796893 0.0 0.0 0.0 1.0 0.0 0.0 11.0 0.0
3361.0126312678753 0.0 0.0 0.0 1.0 0.0 0.0 11.0 0.0
3362.00339442848 0.0 0.0 0.0 1.0 0.0 0.0 11.0 0.0
3363.0276099796893 0.0 0.0 0.0 1.0 0.0 0.0 11.0 0.0
3364.0077408595153 0.0 0.0 0.0 1.0 0.0 0.0 11.0 0.0
3365.017469657408 0.0 0.0 0.0 1.0 0.0 0.0 11.0 0.0
3366.0276099796893 0.0 0.0 0.0 1.0 0.0 0.0 11.0 0.0
3367.00507507058 0.0 0.0 0.0 1.0 0.0 0.0 11.0 0.0
3368.0276099796893 0.0 0.0 0.0 1.0 0.0 0.0 11.0 0.0
3369.0101061882942 0.0 0.0 0.0 1.0 0.0 0.0 11.0 0.0
3370.019629540127 0.0 0.0 0.0 1.0 0.0 0.0 11.0 0.0
3371.01023378558 0.0 0.0 0.0 1.0 0.0 0.0 11.0 0.0
3372.0129125963763 0.0 0.0 0.0 1.0 0.0 0.0 11.0 0.0
3373.0205327419944 0.0 0.0 0.0 1.0 0.0 0.0 11.0 0.0
3374.0063605828514 0.0 0.0 0.0 1.0 0.0 0.0 11.0 0.0
3375.0022659970373 0.0 0.0 0.0 1.0 0.0 0.0 11.0 0.0
3376.0128941909556 0.0 0.0 0.0 1.0 0.0 0.0 11.0 0.0
3377.0068210685267 0.0 0.0 0.0 1.0 0.0 0.0 11.0 0.0
3378.0276099796893 0.0 0.0 0.0 1.0 0.0 0.0 11.0 0.0
3379.0115979334514 0.0 0.0 0.0 1.0 0.0 0.0 11.0 0.0
3380.020400949779 0.0 0.0 0.0 1.0 0.0 0.0 11.0 0.0
3381.0276099796893 0.0 0.0 0.0 1.0 0.0 0.0 11.0 0.0
3382.0276099796893 0.0 0.0 0.0 1.0 0.0 0.0 11.0 0.0
3383.002763523862 0.0 0.0 0.0 1.0 0.0 0.0 11.0 0.0
3384.0276099796893 0.0 0.0 0.0 1.0 0.0 0.0 11.0 0.0
3385.0002842825634 0.0 0.0 0.0 1.0 0.0 0.0 11.0 0.0
3386.023486278219 0.0 0.0 0.0 1.0 0.0 0.0 11.0 0.0
3387.0276099796893 0.0 0.0 0.0 1.0 0.0 0.0 11.0 0.0
3388.0007680532644 0.0 0.0 0.0 1.0 0.0 0.0 11.0 0.0
3389.0276099796893 0.0 0.0 0.0 1.0 0.0 0.0 11.0 0.0
3390.019804815809 0.0 0.0 0.0 1.0 0.0 0.0 11.0 0.0
3391.020701300194 0.0 0.0 0.0 1.0 0.0 0.0 11.0 0.0
3392.013300152201 0.0 0.0 0.0 1.0 0.0 0.0 11.0 0.0
3393.0044574994286 0.0 0.0 0.0 1.0 0.0 0.0 11.0 0.0
3394.0276099796893 0.0 0.0 0.0 1.0 0.0 0.0 11.0 0.0
3395.005889502868 0.0 0.0 0.0 1.0 0.0 0.0 11.0 0.0
3396.0128620011897 0.0 0.0 0.0 1.0 0.0 0.0 11.0 0.0
3397.0038398615916 0.0 0.0 0.0 1.0 0.0 0.0 11.0 0.0
3398.005441393752 0.0 0.0 0.0 1.0 0.0 0.0 11.0 0.0
3399.007493248757 0.0 0.0 0.0 1.0 0.0 0.0 11.0 0.0
3400.0276099796893 0.0 0.0 0.0 1.0 0.0 0.0 11.0 0.0
3401.0276099796893 0.0 0.0 0.0 1.0 0.0 0.0 11.0 0.0
3402.0276099796893 0.65 0.0 0.0 0.35 0.0 1.0 11.025 0.44390243902439025
3403.0055898722844 0.95 0.0 0.0 0.05 0.0 1.0 11.6 0.09268292682926829
3404.0276099796893 0.975 0.0 0.0 0.02499999999999999 0.0 1.0 12.525 0.0475609756097561
3405.0276099796893 0.975 0.0 0.0 0.02499999999999999 0.0 1.0 12.775 0.0475609756097561
3406.0254494890282 0.975 0.0 0.0 0.02499999999999999 0.0 1.0 12.9 0.0475609756097561
3407.0276099796893 0.975 0.0 0.0 0.02499999999999999 0.0 1.0 12.9 0.0475609756097561
3408.0016158284675 0.975 0.0 0.0 0.02499999999999999 0.0 1.0 12.95 0.0475609756097561
3409.018293305905 0.975 0.0 0.0 0.02499999999999999 0.0 1.0 12.95 0.0475609756097561
3410.0166106891297 0.975 0.0 0.0 0.02499999999999999 0.0 1.0 12.95 0.0475609756097561
3411.0276099796893 1.0 0.0 0.0 0.0 0.0 1.0 12.95 0.0
3412.0276099796893 1.0 0.0 0.0 0.0 0.0 1.0 12.95 0.0
3413.0035811705607 1.0 0.0 0.0 0.0 0.0 1.0 13.0 0.0
3414.0093934129136 1.0 0.0 0.0 0.0 0.0 1.0 13.0 0.0
3415.0276099796893 1.0 0.0 0.0 0.0 0.0 1.0 13.0 0.0
3416.0276099796893 1.0 0.0 0.0 0.0 0.0 1.0 13.0 0.0
3417.0276099796893 1.0 0.0 0.0 0.0 0.0 1.0 13.0 0.0
3418.0150288937816 1.0 0.0 0.0 0.0 0.0 1.0 13.0 0.0
3419.0163747241304 1.0 0.0 0.0 0.0 0.0 1.0 13.0 0.0
3420.0237723638297 1.0 0.0 0.0 0.0 0.0 1.0 13.0 0.0
3421.0011177563206 1.0 0.0 0.0 0.0 0.0 1.0 13.0 0.0
3422.0276099796893 1.0 0.0 0.0 0.0 0.0 1.0 13.0 0.0
3423.01210720509 1.0 0.0 0.0 0.0 0.0 1.0 13.0 0.0
3424.003879239645 1.0 0.0 0.0 0.0 0.0 1.0 13.0 0.0
3425.0276099796893 1.0 0.0 0.0 0.0 0.0 1.0 13.0 0.0
3426.023589726583 1.0 0.0 0.0 0.0 0.0 1.0 13.0 0.0
3427.0059419051154 1.0 0.0 0.0 0.0 0.0 1.0 13.0 0.0
3428.012829435191 1.0 0.0 0.0 0.0 0.0 1.0 13.0 0.0
3429.0276099796893 1.0 0.0 0.0 0.0 0.0 1.0 13.0 0.0
3430.0040867823104 1.0 0.0 0.0 0.0 0.0 1.0 13.0 0.0
3431.0276099796893 1.0 0.0 0.0 0.0 0.0 1.0 13.0 0.0
3432.0043797724425 1.0 0.0 0.0 0.0 0.0 1.0 13.0 0.0
3433.0276099796893 1.0 0.0 0.0 0.0 0.0 1.0 13.0 0.0
3434.008428781168 1.0 0.0 0.0 0.0 0.0 1.0 13.0 0.0
3435.0276099796893 1.0 0.0 0.0 0.0 0.0 1.0 13.0 0.0
3436.027186917547 1.0 0.0 0.0 0.0 0.0 1.0 13.0 0.0
3437.0195705117753 1.0 0.0 0.0 0.0 0.0 1.0 13.0 0.0
3438.0019739655395 1.0 0.0 0.0 0.0 0.0 1.0 13.0 0.0
3439.020807621197 1.0 0.0 0.0 0.0 0.0 1.0 13.0 0.0
3440.023365256399 1.0 0.0 0.0 0.0 0.0 1.0 13.0 0.0
3441.0130678508935 1.0 0.0 0.0 0.0 0.0 1.0 13.0 0.0
3442.0094390433705 1.0 0.0 0.0 0.0 0.0 1.0 13.0 0.0
3443.0276099796893 1.0 0.0 0.0 0.0 0.0 1.0 13.0 0.0
3444.0025790435575 1.0 0.0 0.0 0.0 0.0 1.0 13.0 0.0
3445.0276099796893 1.0 0.0 0.0 0.0 0.0 1.0 13.0 0.0
3446.0276099796893 1.0 0.0 0.0 0.0 0.0 1.0 13.0 0.0
3447.007674681018 1.0 0.0 0.0 0.0 0.0 1.0 13.0 0.0
3448.0276099796893 1.0 0.0 0.0 0.0 0.0 1.0 13.0 0.0
3449.0276099796893 1.0 0.0 0.0 0.0 0.0 1.0 13.0 0.0
3450.011436004549 1.0 0.0 0.0 0.0 0.0 1.0 13.0 0.0
3451.0276099796893 1.0 0.0 0.0 0.0 0.0 1.0 13.0 0.0
3452.0276099796893 1.0 0.0 0.0 0.0 0.0 1.0 13.0 0.0
3453.0243083259425 1.0 0.0 0.0 0.0 0.0 1.0 13.0 0.0
3454.019798397133 1.0 0.0 0.0 0.0 0.0 1.0 13.0 0.0
3455.0128415434406 1.0 0.0 0.0 0.0 0.0 1.0 13.0 0.0
3456.017725223078 1.0 0.0 0.0 0.0 0.0 1.0 13.0 0.0
3457.0276099796893 1.0 0.0 0.0 0.0 0.0 1.0 13.0 0.0
3458.0276099796893 1.0 0.0 0.0 0.0 0.0 1.0 13.0 0.0
3459.00026819321 1.0 0.0 0.0 0.0 0.0 1.0 13.0 0.0
3460.015257847783 1.0 0.0 0.0 0.0 0.0 1.0 13.0 0.0
3461.0276099796893 1.0 0.0 0.0 0.0 0.0 1.0 13.0 0.0
3462.0276099796893 1.0 0.0 0.0 0.0 0.0 1.0 13.0 0.0
3463.0004264514846 1.0 0.0 0.0 0.0 0.0 1.0 13.0 0.0
3464.000671690177 1.0 0.0 0.0 0.0 0.0 1.0 13.0 0.0
3465.0126327128496 1.0 0.0 0.0 0.0 0.0 1.0 13.0 0.0
3466.0276099796893 1.0 0.0 0.0 0.0 0.0 1.0 13.0 0.0
3467.0068296166437 1.0 0.0 0.0 0.0 0.0 1.0 13.0 0.0
3468.022231409305 1.0 0.0 0.0 0.0 0.0 1.0 13.0 0.0
3469.0083534259134 1.0 0.0 0.0 0.0 0.0 1.0 13.0 0.0
3470.0156650186655 1.0 0.0 0.0 0.0 0.0 1.0 13.0 0.0
3471.0203983433166 1.0 0.0 0.0 0.0 0.0 1.0 13.0 0.0
3472.001767191335 1.0 0.0 0.0 0.0 0.0 1.0 13.0 0.0
3473.0276099796893 1.0 0.0 0.0 0.0 0.0 1.0 13.0 0.0
3474.0093202157127 1.0 0.0 0.0 0.0 0.0 1.0 13.0 0.0
3475.0127696774875 1.0 0.0 0.0 0.0 0.0 1.0 13.0 0.0
3476.0276099796893 1.0 0.0 0.0 0.0 0.0 1.0 13.0 0.0
3477.0276099796893 1.0 0.0 0.0 0.0 0.0 1.0 13.0 0.0
3478.0276099796893 1.0 0.0 0.0 0.0 0.0 1.0 13.0 0.0
3479.0026366589746 1.0 0.0 0.0 0.0 0.0 1.0 13.0 0.0
3480.0077035335826 1.0 0.0 0.0 0.0 0.0 1.0 13.0 0.0
3481.018120256437 1.0 0.0 0.0 0.0 0.0 1.0 13.0 0.0
3482.0276099796893 1.0 0.0 0.0 0.0 0.0 1.0 13.0 0.0
3483.007238509058 1.0 0.0 0.0 0.0 0.0 1.0 13.0 0.0
3484.008709642173 1.0 0.0 0.0 0.0 0.0 1.0 13.0 0.0
3485.0276099796893 1.0 0.0 0.0 0.0 0.0 1.0 13.0 0.0
3486.0122076199445 1.0 0.0 0.0 0.0 0.0 1.0 13.0 0.0
3487.0276099796893 1.0 0.0 0.0 0.0 0.0 1.0 13.0 0.0
3488.015819822081 1.0 0.0 0.0 0.0 0.0 1.0 13.0 0.0
3489.017797377221 1.0 0.0 0.0 0.0 0.0 1.0 13.0 0.0
3490.0071154016928 1.0 0.0 0.0 0.0 0.0 1.0 13.0 0.0
3491.0276099796893 1.0 0.0 0.0 0.0 0.0 1.0 13.0 0.0
3492.014495615164 1.0 0.0 0.0 0.0 0.0 1.0 13.0 0.0
3493.023996605123 1.0 0.0 0.0 0.0 0.0 1.0 13.0 0.0
3494.0276099796893 1.0 0.0 0.0 0.0 0.0 1.0 13.0 0.0
3495.0276099796893 1.0 0.0 0.0 0.0 0.0 1.0 13.0 0.0
3496.0023668627964 1.0 0.0 0.0 0.0 0.0 1.0 13.0 0.0
3497.015888792761 1.0 0.0 0.0 0.0 0.0 1.0 13.0 0.0
3498.019076046943 1.0 0.0 0.0 0.0 0.0 1.0 13.0 0.0
3499.013485695393 1.0 0.0 0.0 0.0 0.0 1.0 13.0 0.0
3500.0276099796893 1.0 0.0 0.0 0.0 0.0 1.0 13.0 0.0
3501.0276099796893 1.0 0.0 0.0 0.0 0.0 1.0 13.0 0.0
3502.0276099796893 1.0 0.0 0.0 0.0 0.0 1.0 13.0 0.0
3503.013452410893 1.0 0.0 0.0 0.0 0.0 1.0 13.0 0.0
3504.0276099796893 1.0 0.0 0.0 0.0 0.0 1.0 13.0 0.0
3505.019282933278 1.0 0.0 0.0 0.0 0.0 1.0 13.0 0.0
3506.0276099796893 1.0 0.0 0.0 0.0 0.0 1.0 13.0 0.0
3507.0056112128946 1.0 0.0 0.0 0.0 0.0 1.0 13.0 0.0
3508.019053711455 1.0 0.0 0.0 0.0 0.0 1.0 13.0 0.0
3509.0276099796893 1.0 0.0 0.0 0.0 0.0 1.0 13.0 0.0
3510.0037455304887 1.0 0.0 0.0 0.0 0.0 1.0 13.0 0.0
3511.0276099796893 1.0 0.0 0.0 0.0 0.0 1.0 13.0 0.0
3512.0276099796893 1.0 0.0 0.0 0.0 0.0 1.0 13.0 0.0
3513.0170308331244 1.0 0.0 0.0 0.0 0.0 1.0 13.0 0.0
3514.0276099796893 1.0 0.0 0.0 0.0 0.0 1.0 13.0 0.0
3515.0261753573504 1.0 0.0 0.0 0.0 0.0 1.0 13.0 0.0
3516.0276099796893 1.0 0.0 0.0 0.0 0.0 1.0 13.0 0.0
3517.0200660978853 1.0 0.0 0.0 0.0 0.0 1.0 13.0 0.0
3518.0001523066658 1.0 0.0 0.0 0.0 0.0 1.0 13.0 0.0
3519.0276099796893 1.0 0.0 0.0 0.0 0.0 1.0 13.0 0.0
3520.0276099796893 1.0 0.0 0.0 0.0 0.0 1.0 13.0 0.0
3521.0276099796893 1.0 0.0 0.0 0.0 0.0 1.0 13.0 0.0
3522.0108043771093 1.0 0.0 0.0 0.0 0.0 1.0 13.0 0.0
3523.016949475349 1.0 0.0 0.0 0.0 0.0 1.0 13.0 0.0
3524.0276099796893 1.0 0.0 0.0 0.0 0.0 1.0 13.0 0.0
3525.0133830806403 1.0 0.0 0.0 0.0 0.0 1.0 13.0 0.0
3526.0276099796893 1.0 0.0 0.0 0.0 0.0 1.0 13.0 0.0
3527.013673307705 1.0 0.0 0.0 0.0 0.0 1.0 13.0 0.0
3528.0276099796893 1.0 0.0 0.0 0.0 0.0 1.0 13.0 0.0
3529.0276099796893 1.0 0.0 0.0 0.0 0.0 1.0 13.0 0.0
3530.0202357829567 1.0 0.0 0.0 0.0 0.0 1.0 13.0 0.0
3531.0205997700905 1.0 0.0 0.0 0.0 0.0 1.0 13.0 0.0
3532.0147616975787 1.0 0.0 0.0 0.0 0.0 1.0 13.0 0.0
3533.0276099796893 1.0 0.0 0.0 0.0 0.0 1.0 13.0 0.0
3534.0276099796893 1.0 0.0 0.0 0.0 0.0 1.0 13.0 0.0
3535.009436274061 1.0 0.0 0.0 0.0 0.0 1.0 13.0 0.0
3536.013600423401 1.0 0.0 0.0 0.0 0.0 1.0 13.0 0.0
3537.0276099796893 1.0 0.0 0.0 0.0 0.0 1.0 13.0 0.0
3538.011097495266 1.0 0.0 0.0 0.0 0.0 1.0 13.0 0.0
3539.014066209446 1.0 0.0 0.0 0.0 0.0 1.0 13.0 0.0
3540.019633291385 1.0 0.0 0.0 0.0 0.0 1.0 13.0 0.0
3541.0276099796893 1.0 0.0 0.0 0.0 0.0 1.0 13.0 0.0
3542.009399396477 1.0 0.0 0.0 0.0 0.0 1.0 13.0 0.0
3543.0111894208617 1.0 0.0 0.0 0.0 0.0 1.0 13.0 0.0
3544.0276099796893 1.0 0.0 0.0 0.0 0.0 1.0 13.0 0.0
3545.0276099796893 1.0 0.0 0.0 0.0 0.0 1.0 13.0 0.0
3546.002789270873 1.0 0.0 0.0 0.0 0.0 1.0 13.0 0.0
3547.01035078385 1.0 0.0 0.0 0.0 0.0 1.0 13.0 0.0
3548.020511659539 1.0 0.0 0.0 0.0 0.0 1.0 13.0 0.0
3549.0276099796893 1.0 0.0 0.0 0.0 0.0 1.0 13.0 0.0
3550.0276099796893 1.0 0.0 0.0 0.0 0.0 1.0 13.0 0.0
3551.0144339536796 1.0 0.0 0.0 0.0 0.0 1.0 13.0 0.0
3552.024012870751 1.0 0.0 0.0 0.0 0.0 1.0 13.0 0.0
3553.0276099796893 1.0 0.0 0.0 0.0 0.0 1.0 13.0 0.0
3554.014494619577 1.0 0.0 0.0 0.0 0.0 1.0 13.0 0.0
3555.0078666148265 1.0 0.0 0.0 0.0 0.0 1.0 13.0 0.0
3556.020802848724 1.0 0.0 0.0 0.0 0.0 1.0 13.0 0.0
3557.0097519039364 1.0 0.0 0.0 0.0 0.0 1.0 13.0 0.0
3558.005059335493 1.0 0.0 0.0 0.0 0.0 1.0 13.0 0.0
3559.0073850494687 1.0 0.0 0.0 0.0 0.0 1.0 13.0 0.0
3560.0276099796893 1.0 0.0 0.0 0.0 0.0 1.0 13.0 0.0
3561.0247231868298 1.0 0.0 0.0 0.0 0.0 1.0 13.0 0.0
3562.020282267109 1.0 0.0 0.0 0.0 0.0 1.0 13.0 0.0
3563.000043636566 1.0 0.0 0.0 0.0 0.0 1.0 13.0 0.0
3564.0276099796893 1.0 0.0 0.0 0.0 0.0 1.0 13.0 0.0
3565.014232381347 1.0 0.0 0.0 0.0 0.0 1.0 13.0 0.0
3566.0140704027885 1.0 0.0 0.0 0.0 0.0 1.0 13.0 0.0
3567.0157683965026 1.0 0.0 0.0 0.0 0.0 1.0 13.0 0.0
3568.0038199270075 1.0 0.0 0.0 0.0 0.0 1.0 13.0 0.0
3569.0276099796893 1.0 0.0 0.0 0.0 0.0 1.0 13.0 0.0
3570.0073978648634 1.0 0.0 0.0 0.0 0.0 1.0 13.0 0.0
3571.0276099796893 1.0 0.0 0.0 0.0 0.0 1.0 13.0 0.0
3572.0276099796893 1.0 0.0 0.0 0.0 0.0 1.0 13.0 0.0
3573.0276099796893 1.0 0.0 0.0 0.0 0.0 1.0 13.0 0.0
3574.018247270254 1.0 0.0 0.0 0.0 0.0 1.0 13.0 0.0
3575.0029104753867 1.0 0.0 0.0 0.0 0.0 1.0 13.0 0.0
3576.0041531815464 1.0 0.0 0.0 0.0 0.0 1.0 13.0 0.0
3577.010891468629 1.0 0.0 0.0 0.0 0.0 1.0 13.0 0.0
3578.0140431257423 1.0 0.0 0.0 0.0 0.0 1.0 13.0 0.0
3579.0276099796893 1.0 0.0 0.0 0.0 0.0 1.0 13.0 0.0
3580.008098829993 1.0 0.0 0.0 0.0 0.0 1.0 13.0 0.0
3581.0276099796893 1.0 0.0 0.0 0.0 0.0 1.0 13.0 0.0
3582.0108454449564 1.0 0.0 0.0 0.0 0.0 1.0 13.0 0.0
3583.0276099796893 1.0 0.0 0.0 0.0 0.0 1.0 13.0 0.0
3584.0073276681287 1.0 0.0 0.0 0.0 0.0 1.0 13.0 0.0
3585.004817659893 1.0 0.0 0.0 0.0 0.0 1.0 13.0 0.0
3586.0036650499364 1.0 0.0 0.0 0.0 0.0 1.0 13.0 0.0
3587.0276099796893 1.0 0.0 0.0 0.0 0.0 1.0 13.0 0.0
3588.0276099796893 1.0 0.0 0.0 0.0 0.0 1.0 13.0 0.0
3589.0276099796893 1.0 0.0 0.0 0.0 0.0 1.0 13.0 0.0
3590.0147335536462 1.0 0.0 0.0 0.0 0.0 1.0 13.0 0.0
3591.0084596363054 1.0 0.0 0.0 0.0 0.0 1.0 13.0 0.0
3592.0010927131434 1.0 0.0 0.0 0.0 0.0 1.0 13.0 0.0
3593.0276099796893 1.0 0.0 0.0 0.0 0.0 1.0 13.0 0.0
3594.0038795467185 1.0 0.0 0.0 0.0 0.0 1.0 13.0 0.0
3595.002763017976 1.0 0.0 0.0 0.0 0.0 1.0 13.0 0.0
3596.0032792442253 1.0 0.0 0.0 0.0 0.0 1.0 13.0 0.0
3597.0276099796893 1.0 0.0 0.0 0.0 0.0 1.0 13.0 0.0
3598.0276099796893 1.0 0.0 0.0 0.0 0.0 1.0 13.0 0.0
3599.0276099796893 1.0 0.0 0.0 0.0 0.0 1.0 12.975 0.0
3600.0276099796893 1.0 0.0 0.0 0.0 0.0 1.0 12.6 0.0
3601.0276099796893 1.0 0.0 0.0 0.0 0.0 1.0 12.05 0.0
3602.0276099796893 1.0 0.0 0.0 0.0 0.0 1.0 11.45 0.0
3603.0276099796893 1.0 0.0 0.0 0.0 0.0 1.0 11.225 0.0
3604.0276099796893 1.0 0.0 0.0 0.0 0.0 1.0 11.1 0.0
3605.0276099796893 1.0 0.0 0.0 0.0 0.0 1.0 11.05 0.0
3606.012819690325 1.0 0.0 0.0 0.0 0.0 1.0 11.025 0.0
3607.006907568876 1.0 0.0 0.0 0.0 0.0 1.0 11.025 0.0
3608.0276099796893 1.0 0.0 0.0 0.0 0.0 1.0 11.025 0.0
3609.0010149635023 1.0 0.0 0.0 0.0 0.0 1.0 11.0 0.0
3610.0276099796893 1.0 0.0 0.0 0.0 0.0 1.0 11.0 0.0
3611.0276099796893 1.0 0.0 0.0 0.0 0.0 1.0 11.0 0.0
3612.012320492088 1.0 0.0 0.0 0.0 0.0 1.0 11.0 0.0
3613.0024100829432 1.0 0.0 0.0 0.0 0.0 1.0 11.0 0.0
3614.0061318063194 1.0 0.0 0.0 0.0 0.0 1.0 11.0 0.0
3615.009717374913 1.0 0.0 0.0 0.0 0.0 1.0 11.0 0.0
3616.002171450521 1.0 0.0 0.0 0.0 0.0 1.0 11.0 0.0
3617.01170556462 1.0 0.0 0.0 0.0 0.0 1.0 11.0 0.0
3618.0075875898424 1.0 0.0 0.0 0.0 0.0 1.0 11.0 0.0
3619.0204962513612 1.0 0.0 0.0 0.0 0.0 1.0 11.0 0.0
3620.0276099796893 1.0 0.0 0.0 0.0 0.0 1.0 11.0 0.0
3621.0002155104085 1.0 0.0 0.0 0.0 0.0 1.0 11.0 0.0
3622.000690331538 1.0 0.0 0.0 0.0 0.0 1.0 11.0 0.0
3623.014526127138 1.0 0.0 0.0 0.0 0.0 1.0 11.0 0.0
3624.0276099796893 1.0 0.0 0.0 0.0 0.0 1.0 11.0 0.0
3625.005988320797 1.0 0.0 0.0 0.0 0.0 1.0 11.0 0.0
3626.0276099796893 1.0 0.0 0.0 0.0 0.0 1.0 11.0 0.0
3627.0231410858787 1.0 0.0 0.0 0.0 0.0 1.0 11.0 0.0
3628.0276099796893 1.0 0.0 0.0 0.0 0.0 1.0 11.0 0.0
3629.0258760122015 1.0 0.0 0.0 0.0 0.0 1.0 11.0 0.0
3630.0276099796893 1.0 0.0 0.0 0.0 0.0 1.0 11.0 0.0
3631.0024058583463 1.0 0.0 0.0 0.0 0.0 1.0 11.0 0.0
3632.0276099796893 1.0 0.0 0.0 0.0 0.0 1.0 11.0 0.0
3633.0276099796893 1.0 0.0 0.0 0.0 0.0 1.0 11.0 0.0
3634.0276099796893 1.0 0.0 0.0 0.0 0.0 1.0 11.0 0.0
3635.0204180826504 1.0 0.0 0.0 0.0 0.0 1.0 11.0 0.0
3636.0276099796893 1.0 0.0 0.0 0.0 0.0 1.0 11.0 0.0
3637.010866200765 1.0 0.0 0.0 0.0 0.0 1.0 11.0 0.0
3638.004614703561 1.0 0.0 0.0 0.0 0.0 1.0 11.0 0.0
3639.0108941729964 1.0 0.0 0.0 0.0 0.0 1.0 11.0 0.0
3640.0276099796893 1.0 0.0 0.0 0.0 0.0 1.0 11.0 0.0
3641.016509934523 1.0 0.0 0.0 0.0 0.0 1.0 11.0 0.0
3642.0041963861313 1.0 0.0 0.0 0.0 0.0 1.0 11.0 0.0
3643.0276099796893 1.0 0.0 0.0 0.0 0.0 1.0 11.0 0.0
3644.010323106122 1.0 0.0 0.0 0.0 0.0 1.0 11.0 0.0
3645.0049903784625 1.0 0.0 0.0 0.0 0.0 1.0 11.0 0.0
3646.025490827919 1.0 0.0 0.0 0.0 0.0 1.0 11.0 0.0
3647.00628999112 1.0 0.0 0.0 0.0 0.0 1.0 11.0 0.0
3648.024088312538 1.0 0.0 0.0 0.0 0.0 1.0 11.0 0.0
3649.00314226544 1.0 0.0 0.0 0.0 0.0 1.0 11.0 0.0
3650.0276099796893 1.0 0.0 0.0 0.0 0.0 1.0 11.0 0.0
3651.0276099796893 1.0 0.0 0.0 0.0 0.0 1.0 11.0 0.0
3652.0276099796893 1.0 0.0 0.0 0.0 0.0 1.0 11.0 0.0
3653.0276099796893 1.0 0.0 0.0 0.0 0.0 1.0 11.0 0.0
3654.0276099796893 1.0 0.0 0.0 0.0 0.0 1.0 11.0 0.0
3655.0181133709534 1.0 0.0 0.0 0.0 0.0 1.0 11.0 0.0
3656.0082943831476 1.0 0.0 0.0 0.0 0.0 1.0 11.0 0.0
3657.0276099796893 1.0 0.0 0.0 0.0 0.0 1.0 11.0 0.0
3658.0024236029053 1.0 0.0 0.0 0.0 0.0 1.0 11.0 0.0
3659.020753900641 1.0 0.0 0.0 0.0 0.0 1.0 11.0 0.0
3660.0276099796893 1.0 0.0 0.0 0.0 0.0 1.0 11.0 0.0
3661.0276099796893 1.0 0.0 0.0 0.0 0.0 1.0 11.0 0.0
3662.0276099796893 1.0 0.0 0.0 0.0 0.0 1.0 11.0 0.0
3663.0192325152766 1.0 0.0 0.0 0.0 0.0 1.0 11.0 0.0
3664.0276099796893 1.0 0.0 0.0 0.0 0.0 1.0 11.0 0.0
3665.004258542056 1.0 0.0 0.0 0.0 0.0 1.0 11.0 0.0
3666.0276099796893 1.0 0.0 0.0 0.0 0.0 1.0 11.0 0.0
3667.013898263533 1.0 0.0 0.0 0.0 0.0 1.0 11.0 0.0
3668.0208971900493 1.0 0.0 0.0 0.0 0.0 1.0 11.0 0.0
3669.0276099796893 1.0 0.0 0.0 0.0 0.0 1.0 11.0 0.0
3670.0276099796893 1.0 0.0 0.0 0.0 0.0 1.0 11.0 0.0
3671.0242360676093 1.0 0.0 0.0 0.0 0.0 1.0 11.0 0.0
3672.025246610083 1.0 0.0 0.0 0.0 0.0 1.0 11.0 0.0
3673.008498021197 1.0 0.0 0.0 0.0 0.0 1.0 11.0 0.0
3674.0035104911303 1.0 0.0 0.0 0.0 0.0 1.0 11.0 0.0
3675.026944155851 1.0 0.0 0.0 0.0 0.0 1.0 11.0 0.0
3676.0276099796893 1.0 0.0 0.0 0.0 0.0 1.0 11.0 0.0
3677.0276099796893 1.0 0.0 0.0 0.0 0.0 1.0 11.0 0.0
3678.0276099796893 1.0 0.0 0.0 0.0 0.0 1.0 11.0 0.0
3679.0276099796893 1.0 0.0 0.0 0.0 0.0 1.0 11.0 0.0
3680.0276099796893 1.0 0.0 0.0 0.0 0.0 1.0 11.0 0.0
3681.0276099796893 1.0 0.0 0.0 0.0 0.0 1.0 11.0 0.0
3682.0276099796893 1.0 0.0 0.0 0.0 0.0 1.0 11.0 0.0
3683.0276099796893 1.0 0.0 0.0 0.0 0.0 1.0 11.0 0.0
3684.0276099796893 1.0 0.0 0.0 0.0 0.0 1.0 11.0 0.0
3685.0276099796893 1.0 0.0 0.0 0.0 0.0 1.0 11.0 0.0
3686.0276099796893 1.0 0.0 0.0 0.0 0.0 1.0 11.0 0.0
3687.010471643034 1.0 0.0 0.0 0.0 0.0 1.0 11.0 0.0
3688.0276099796893 1.0 0.0 0.0 0.0 0.0 1.0 11.0 0.0
3689.014401536304 1.0 0.0 0.0 0.0 0.0 1.0 11.0 0.0
3690.0210817350444 1.0 0.0 0.0 0.0 0.0 1.0 11.0 0.0
3691.0276099796893 1.0 0.0 0.0 0.0 0.0 1.0 11.0 0.0
3692.0044770207846 1.0 0.0 0.0 0.0 0.0 1.0 11.0 0.0
3693.0276099796893 1.0 0.0 0.0 0.0 0.0 1.0 11.0 0.0
3694.0166362505624 1.0 0.0 0.0 0.0 0.0 1.0 11.0 0.0
3695.0276099796893 1.0 0.0 0.0 0.0 0.0 1.0 11.0 0.0
3696.0276099796893 1.0 0.0 0.0 0.0 0.0 1.0 11.0 0.0
3697.01104543317 1.0 0.0 0.0 0.0 0.0 1.0 11.0 0.0
3698.0276099796893 1.0 0.0 0.0 0.0 0.0 1.0 11.0 0.0
3699.027205357102 1.0 0.0 0.0 0.0 0.0 1.0 11.0 0.0
3700.0156947643018 1.0 0.0 0.0 0.0 0.0 1.0 11.0 0.0
3701.011049903014 1.0 0.0 0.0 0.0 0.0 1.0 11.0 0.0
3702.0073659995824 1.0 0.0 0.0 0.0 0.0 1.0 11.0 0.0
3703.001961358044 1.0 0.0 0.0 0.0 0.0 1.0 11.0 0.0
3704.0276099796893 1.0 0.0 0.0 0.0 0.0 1.0 11.0 0.0
3705.0075518029075 1.0 0.0 0.0 0.0 0.0 1.0 11.0 0.0
3706.015298490183 1.0 0.0 0.0 0.0 0.0 1.0 11.0 0.0
3707.0276099796893 1.0 0.0 0.0 0.0 0.0 1.0 11.0 0.0
3708.010286542286 1.0 0.0 0.0 0.0 0.0 1.0 11.0 0.0
3709.0276099796893 1.0 0.0 0.0 0.0 0.0 1.0 11.0 0.0
3710.0276099796893 1.0 0.0 0.0 0.0 0.0 1.0 11.0 0.0
3711.0276099796893 1.0 0.0 0.0 0.0 0.0 1.0 11.0 0.0
3712.002338569487 1.0 0.0 0.0 0.0 0.0 1.0 11.0 0.0
3713.0241582722347 1.0 0.0 0.0 0.0 0.0 1.0 11.0 0.0
3714.006993517005 1.0 0.0 0.0 0.0 0.0 1.0 11.0 0.0
3715.0276099796893 1.0 0.0 0.0 0.0 0.0 1.0 11.0 0.0
3716.019424722094 1.0 0.0 0.0 0.0 0.0 1.0 11.0 0.0
3717.0240730728983 1.0 0.0 0.0 0.0 0.0 1.0 11.0 0.0
3718.0014505418853 1.0 0.0 0.0 0.0 0.0 1.0 11.0 0.0
3719.0276099796893 1.0 0.0 0.0 0.0 0.0 1.0 10.475 0.0
3720.0054396114056 1.0 0.0 0.0 0.0 0.0 1.0 9.725 0.0
3721.0063305047347 1.0 0.0 0.0 0.0 0.0 1.0 8.675 0.0
3722.0276099796893 1.0 0.0 0.0 0.0 0.0 1.0 8.15 0.0
3723.0262330134124 1.0 0.0 0.0 0.0 0.0 1.0 8.05 0.0
3724.0070703794077 1.0 0.0 0.0 0.0 0.0 1.0 8.0 0.0
3725.004062360766 1.0 0.0 0.0 0.0 0.0 1.0 8.0 0.0
3726.014187224988 1.0 0.0 0.0 0.0 0.0 1.0 8.0 0.0
3727.0146443934264 1.0 0.0 0.0 0.0 0.0 1.0 8.0 0.0
3728.015657171291 1.0 0.0 0.0 0.0 0.0 1.0 8.0 0.0
3729.0001713881807 1.0 0.0 0.0 0.0 0.0 1.0 8.0 0.0
3730.0183390674074 1.0 0.0 0.0 0.0 0.0 1.0 8.0 0.0
3731.003401669471 1.0 0.0 0.0 0.0 0.0 1.0 8.0 0.0
3732.026006689622 1.0 0.0 0.0 0.0 0.0 1.0 8.0 0.0
3733.0208057081886 1.0 0.0 0.0 0.0 0.0 1.0 8.0 0.0
3734.0049257254655 1.0 0.0 0.0 0.0 0.0 1.0 8.0 0.0
3735.0276099796893 1.0 0.0 0.0 0.0 0.0 1.0 8.0 0.0
3736.0276099796893 1.0 0.0 0.0 0.0 0.0 1.0 8.0 0.0
3737.0276099796893 1.0 0.0 0.0 0.0 0.0 1.0 8.0 0.0
3738.0276099796893 1.0 0.0 0.0 0.0 0.0 1.0 8.0 0.0
3739.0276099796893 1.0 0.0 0.0 0.0 0.0 1.0 8.0 0.0
3740.0076246336 1.0 0.0 0.0 0.0 0.0 1.0 8.0 0.0
3741.0276099796893 1.0 0.0 0.0 0.0 0.0 1.0 8.0 0.0
3742.0135380188385 1.0 0.0 0.0 0.0 0.0 1.0 8.0 0.0
3743.0004690053447 1.0 0.0 0.0 0.0 0.0 1.0 8.0 0.0
3744.016867894532 1.0 0.0 0.0 0.0 0.0 1.0 8.0 0.0
3745.003465612904 1.0 0.0 0.0 0.0 0.0 1.0 8.0 0.0
3746.0276099796893 1.0 0.0 0.0 0.0 0.0 1.0 8.0 0.0
3747.0123689396023 1.0 0.0 0.0 0.0 0.0 1.0 8.0 0.0
3748.001182914852 1.0 0.0 0.0 0.0 0.0 1.0 8.0 0.0
3749.022529690388 1.0 0.0 0.0 0.0 0.0 1.0 8.0 0.0
3750.006413260022 1.0 0.0 0.0 0.0 0.0 1.0 8.0 0.0
3751.016797449059 1.0 0.0 0.0 0.0 0.0 1.0 8.0 0.0
3752.0276099796893 1.0 0.0 0.0 0.0 0.0 1.0 8.0 0.0
3753.0276099796893 1.0 0.0 0.0 0.0 0.0 1.0 8.0 0.0
3754.006993607653 1.0 0.0 0.0 0.0 0.0 1.0 8.0 0.0
3755.0249726661755 1.0 0.0 0.0 0.0 0.0 1.0 8.0 0.0
3756.0116271780325 1.0 0.0 0.0 0.0 0.0 1.0 8.0 0.0
3757.0216685831138 1.0 0.0 0.0 0.0 0.0 1.0 8.0 0.0
3758.023154817727 1.0 0.0 0.0 0.0 0.0 1.0 8.0 0.0
3759.022305563377 1.0 0.0 0.0 0.0 0.0 1.0 8.0 0.0
3760.0052631597646 1.0 0.0 0.0 0.0 0.0 1.0 8.0 0.0
3761.0276099796893 1.0 0.0 0.0 0.0 0.0 1.0 8.0 0.0
3762.0276099796893 1.0 0.0 0.0 0.0 0.0 1.0 8.0 0.0
3763.0276099796893 1.0 0.0 0.0 0.0 0.0 1.0 8.0 0.0
3764.009857618098 1.0 0.0 0.0 0.0 0.0 1.0 8.0 0.0
3765.0231742193973 1.0 0.0 0.0 0.0 0.0 1.0 8.0 0.0
3766.0129048432914 1.0 0.0 0.0 0.0 0.0 1.0 8.0 0.0
3767.0276099796893 1.0 0.0 0.0 0.0 0.0 1.0 8.0 0.0
3768.008015431181 1.0 0.0 0.0 0.0 0.0 1.0 8.0 0.0
3769.026618511868 1.0 0.0 0.0 0.0 0.0 1.0 8.0 0.0
3770.0153496061494 1.0 0.0 0.0 0.0 0.0 1.0 8.0 0.0
3771.0276099796893 1.0 0.0 0.0 0.0 0.0 1.0 8.0 0.0
3772.0276099796893 1.0 0.0 0.0 0.0 0.0 1.0 8.0 0.0
3773.0276099796893 1.0 0.0 0.0 0.0 0.0 1.0 8.0 0.0
3774.0182870576864 1.0 0.0 0.0 0.0 0.0 1.0 8.0 0.0
3775.0057415155125 1.0 0.0 0.0 0.0 0.0 1.0 8.0 0.0
3776.0276099796893 1.0 0.0 0.0 0.0 0.0 1.0 8.0 0.0
3777.0033405719932 1.0 0.0 0.0 0.0 0.0 1.0 8.0 0.0
3778.0093518612116 1.0 0.0 0.0 0.0 0.0 1.0 8.0 0.0
3779.0249360338153 1.0 0.0 0.0 0.0 0.0 1.0 8.0 0.0
3780.0253459568917 1.0 0.0 0.0 0.0 0.0 1.0 8.0 0.0
3781.0272840969665 1.0 0.0 0.0 0.0 0.0 1.0 8.0 0.0
3782.0249912023446 1.0 0.0 0.0 0.0 0.0 1.0 8.0 0.0
3783.014406191345 1.0 0.0 0.0 0.0 0.0 1.0 8.0 0.0
3784.02305803742 1.0 0.0 0.0 0.0 0.0 1.0 8.0 0.0
3785.007367768112 1.0 0.0 0.0 0.0 0.0 1.0 8.0 0.0
3786.0276099796893 1.0 0.0 0.0 0.0 0.0 1.0 8.0 0.0
3787.0092947502344 1.0 0.0 0.0 0.0 0.0 1.0 8.0 0.0
3788.016104708238 1.0 0.0 0.0 0.0 0.0 1.0 8.0 0.0
3789.013999044142 1.0 0.0 0.0 0.0 0.0 1.0 8.0 0.0
3790.0276099796893 1.0 0.0 0.0 0.0 0.0 1.0 8.0 0.0
3791.0276099796893 1.0 0.0 0.0 0.0 0.0 1.0 8.0 0.0
3792.0276099796893 1.0 0.0 0.0 0.0 0.0 1.0 8.0 0.0
3793.008335437344 1.0 0.0 0.0 0.0 0.0 1.0 8.0 0.0
3794.022844202115 1.0 0.0 0.0 0.0 0.0 1.0 8.0 0.0
3795.0191895365174 1.0 0.0 0.0 0.0 0.0 1.0 8.0 0.0
3796.0072811054933 1.0 0.0 0.0 0.0 0.0 1.0 8.0 0.0
3797.0276099796893 1.0 0.0 0.0 0.0 0.0 1.0 8.0 0.0
3798.0276099796893 1.0 0.0 0.0 0.0 0.0 1.0 8.0 0.0
3799.0276099796893 1.0 0.0 0.0 0.0 0.0 1.0 8.0 0.0
3800.0276099796893 1.0 0.0 0.0 0.0 0.0 1.0 8.0 0.0
3801.004867897628 1.0 0.0 0.0 0.0 0.0 1.0 7.9 0.0
3802.0276099796893 1.0 0.0 0.0 0.0 0.0 1.0 7.05 0.0
3803.0025111219975 1.0 0.0 0.0 0.0 0.0 1.0 6.3 0.0
3804.0276099796893 1.0 0.0 0.0 0.0 0.0 1.0 6.15 0.0
3805.007173609424 1.0 0.0 0.0 0.0 0.0 1.0 6.1 0.0
3806.0142675804573 1.0 0.0 0.0 0.0 0.0 1.0 6.05 0.0
3807.0276099796893 1.0 0.0 0.0 0.0 0.0 1.0 6.05 0.0
3808.0082972773384 1.0 0.0 0.0 0.0 0.0 1.0 6.0 0.0
3809.0276099796893 1.0 0.0 0.0 0.0 0.0 1.0 6.0 0.0
3810.0222118002384 1.0 0.0 0.0 0.0 0.0 1.0 6.0 0.0
3811.0276099796893 1.0 0.0 0.0 0.0 0.0 1.0 6.0 0.0
3812.0276099796893 1.0 0.0 0.0 0.0 0.0 1.0 6.0 0.0
3813.0177476663084 1.0 0.0 0.0 0.0 0.0 1.0 6.0 0.0
3814.0276099796893 1.0 0.0 0.0 0.0 0.0 1.0 6.0 0.0
3815.0041184270294 1.0 0.0 0.0 0.0 0.0 1.0 6.0 0.0
3816.0114660489858 1.0 0.0 0.0 0.0 0.0 1.0 6.0 0.0
3817.0241572117066 1.0 0.0 0.0 0.0 0.0 1.0 6.0 0.0
3818.0276099796893 1.0 0.0 0.0 0.0 0.0 1.0 6.0 0.0
3819.0084444938866 1.0 0.0 0.0 0.0 0.0 1.0 6.0 0.0
3820.0251868873606 1.0 0.0 0.0 0.0 0.0 1.0 6.0 0.0
3821.021210370892 1.0 0.0 0.0 0.0 0.0 1.0 6.0 0.0
3822.0276099796893 1.0 0.0 0.0 0.0 0.0 1.0 6.0 0.0
3823.0276099796893 1.0 0.0 0.0 0.0 0.0 1.0 6.0 0.0
3824.0065191702556 1.0 0.0 0.0 0.0 0.0 1.0 6.0 0.0
3825.0276099796893 1.0 0.0 0.0 0.0 0.0 1.0 6.0 0.0
3826.0276099796893 1.0 0.0 0.0 0.0 0.0 1.0 6.0 0.0
3827.022481912212 1.0 0.0 0.0 0.0 0.0 1.0 6.0 0.0
3828.0130169703243 1.0 0.0 0.0 0.0 0.0 1.0 6.0 0.0
3829.0078139803773 1.0 0.0 0.0 0.0 0.0 1.0 6.0 0.0
3830.0276099796893 1.0 0.0 0.0 0.0 0.0 1.0 6.0 0.0
3831.0276099796893 1.0 0.0 0.0 0.0 0.0 1.0 6.0 0.0
3832.0225119392735 1.0 0.0 0.0 0.0 0.0 1.0 6.0 0.0
3833.0242854379076 1.0 0.0 0.0 0.0 0.0 1.0 6.0 0.0
3834.0143194907837 1.0 0.0 0.0 0.0 0.0 1.0 6.0 0.0
3835.024645689866 1.0 0.0 0.0 0.0 0.0 1.0 6.0 0.0
3836.0111326481306 1.0 0.0 0.0 0.0 0.0 1.0 6.0 0.0
3837.0276099796893 1.0 0.0 0.0 0.0 0.0 1.0 6.0 0.0
3838.0276099796893 1.0 0.0 0.0 0.0 0.0 1.0 6.0 0.0
3839.002250601525 1.0 0.0 0.0 0.0 0.0 1.0 6.0 0.0
3840.011628850699 1.0 0.0 0.0 0.0 0.0 1.0 6.0 0.0
3841.0276099796893 1.0 0.0 0.0 0.0 0.0 1.0 6.0 0.0
3842.0024607315195 1.0 0.0 0.0 0.0 0.0 1.0 6.0 0.0
3843.0276099796893 1.0 0.0 0.0 0.0 0.0 1.0 6.0 0.0
3844.0276099796893 1.0 0.0 0.0 0.0 0.0 1.0 6.0 0.0
3845.018778260202 1.0 0.0 0.0 0.0 0.0 1.0 6.0 0.0
3846.0276099796893 1.0 0.0 0.0 0.0 0.0 1.0 6.0 0.0
3847.010559545594 1.0 0.0 0.0 0.0 0.0 1.0 6.0 0.0
3848.019189113683 1.0 0.0 0.0 0.0 0.0 1.0 6.0 0.0
3849.02245998208 1.0 0.0 0.0 0.0 0.0 1.0 6.0 0.0
3850.0276099796893 1.0 0.0 0.0 0.0 0.0 1.0 6.0 0.0
3851.0276099796893 1.0 0.0 0.0 0.0 0.0 1.0 6.0 0.0
3852.0276099796893 1.0 0.0 0.0 0.0 0.0 1.0 6.0 0.0
3853.0049188434436 1.0 0.0 0.0 0.0 0.0 1.0 6.0 0.0
3854.0038119256265 1.0 0.0 0.0 0.0 0.0 1.0 6.0 0.0
3855.020440855735 1.0 0.0 0.0 0.0 0.0 1.0 6.0 0.0
3856.0276099796893 1.0 0.0 0.0 0.0 0.0 1.0 6.0 0.0
3857.0276099796893 1.0 0.0 0.0 0.0 0.0 1.0 6.0 0.0
3858.0068791075073 1.0 0.0 0.0 0.0 0.0 1.0 6.0 0.0
3859.0276099796893 1.0 0.0 0.0 0.0 0.0 1.0 6.0 0.0
3860.000275838536 1.0 0.0 0.0 0.0 0.0 1.0 6.0 0.0
3861.0084928604224 1.0 0.0 0.0 0.0 0.0 1.0 6.0 0.0
3862.0172835315175 1.0 0.0 0.0 0.0 0.0 1.0 6.0 0.0
3863.0276099796893 1.0 0.0 0.0 0.0 0.0 1.0 6.0 0.0
3864.0276099796893 1.0 0.0 0.0 0.0 0.0 1.0 6.0 0.0
3865.0276099796893 1.0 0.0 0.0 0.0 0.0 1.0 6.0 0.0
3866.016010809968 1.0 0.0 0.0 0.0 0.0 1.0 6.0 0.0
3867.009507804493 1.0 0.0 0.0 0.0 0.0 1.0 6.0 0.0
3868.0276099796893 1.0 0.0 0.0 0.0 0.0 1.0 6.0 0.0
3869.0276099796893 1.0 0.0 0.0 0.0 0.0 1.0 6.0 0.0
3870.0082198873183 1.0 0.0 0.0 0.0 0.0 1.0 6.0 0.0
3871.0096418382473 1.0 0.0 0.0 0.0 0.0 1.0 6.0 0.0
3872.013036487421 1.0 0.0 0.0 0.0 0.0 1.0 6.0 0.0
3873.001311471327 1.0 0.0 0.0 0.0 0.0 1.0 6.0 0.0
3874.012987166643 1.0 0.0 0.0 0.0 0.0 1.0 6.0 0.0
3875.0276099796893 1.0 0.0 0.0 0.0 0.0 1.0 6.0 0.0
3876.0048183833283 1.0 0.0 0.0 0.0 0.0 1.0 6.0 0.0
3877.011628979849 1.0 0.0 0.0 0.0 0.0 1.0 6.0 0.0
3878.019530417024 1.0 0.0 0.0 0.0 0.0 1.0 6.0 0.0
3879.006290807034 1.0 0.0 0.0 0.0 0.0 1.0 6.0 0.0
3880.0255274178485 1.0 0.0 0.0 0.0 0.0 1.0 6.0 0.0
3881.026381587609 1.0 0.0 0.0 0.0 0.0 1.0 6.0 0.0
3882.0276099796893 1.0 0.0 0.0 0.0 0.0 1.0 6.0 0.0
3883.0276099796893 1.0 0.0 0.0 0.0 0.0 1.0 6.0 0.0
3884.0276099796893 1.0 0.0 0.0 0.0 0.0 1.0 6.0 0.0
3885.0045621426466 1.0 0.0 0.0 0.0 0.0 1.0 6.0 0.0
3886.0117785188045 1.0 0.0 0.0 0.0 0.0 1.0 6.0 0.0
3887.000595574022 1.0 0.0 0.0 0.0 0.0 1.0 6.0 0.0
3888.000327273202 1.0 0.0 0.0 0.0 0.0 1.0 6.0 0.0
3889.004062877541 1.0 0.0 0.0 0.0 0.0 1.0 6.0 0.0
3890.0276099796893 1.0 0.0 0.0 0.0 0.0 1.0 6.0 0.0
3891.0276099796893 1.0 0.0 0.0 0.0 0.0 1.0 6.0 0.0
3892.0276099796893 1.0 0.0 0.0 0.0 0.0 1.0 6.0 0.0
3893.0086605475503 1.0 0.0 0.0 0.0 0.0 1.0 6.0 0.0
3894.0085811084964 1.0 0.0 0.0 0.0 0.0 1.0 6.0 0.0
3895.0049183979763 1.0 0.0 0.0 0.0 0.0 1.0 6.0 0.0
3896.0276099796893 1.0 0.0 0.0 0.0 0.0 1.0 6.0 0.0
3897.0276099796893 1.0 0.0 0.0 0.0 0.0 1.0 6.0 0.0
3898.007201683043 1.0 0.0 0.0 0.0 0.0 1.0 6.0 0.0
3899.014877549961 1.0 0.0 0.0 0.0 0.0 1.0 6.0 0.0
3900.0145621344423 1.0 0.0 0.0 0.0 0.0 1.0 6.0 0.0
3901.0210867124756 1.0 0.0 0.0 0.0 0.0 1.0 6.0 0.0
3902.013118830481 1.0 0.0 0.0 0.0 0.0 1.0 6.0 0.0
3903.0276099796893 1.0 0.0 0.0 0.0 0.0 1.0 6.0 0.0
3904.0222755638943 1.0 0.0 0.0 0.0 0.0 1.0 6.0 0.0
3905.0276099796893 1.0 0.0 0.0 0.0 0.0 1.0 6.0 0.0
3906.0153912587816 1.0 0.0 0.0 0.0 0.0 1.0 6.0 0.0
3907.0235640074043 1.0 0.0 0.0 0.0 0.0 1.0 6.0 0.0
3908.011602088739 1.0 0.0 0.0 0.0 0.0 1.0 6.0 0.0
3909.0039321772747 1.0 0.0 0.0 0.0 0.0 1.0 6.0 0.0
3910.005163182738 1.0 0.0 0.0 0.0 0.0 1.0 6.0 0.0
3911.0276099796893 1.0 0.0 0.0 0.0 0.0 1.0 6.0 0.0
3912.0063382818307 1.0 0.0 0.0 0.0 0.0 1.0 6.0 0.0
3913.0276099796893 1.0 0.0 0.0 0.0 0.0 1.0 6.0 0.0
3914.0276099796893 1.0 0.0 0.0 0.0 0.0 1.0 6.0 0.0
3915.0276099796893 1.0 0.0 0.0 0.0 0.0 1.0 6.0 0.0
3916.0276099796893 1.0 0.0 0.0 0.0 0.0 1.0 6.0 0.0
3917.0276099796893 1.0 0.0 0.0 0.0 0.0 1.0 6.0 0.0
3918.0276099796893 1.0 0.0 0.0 0.0 0.0 1.0 6.0 0.0
3919.00292318666 1.0 0.0 0.0 0.0 0.0 1.0 6.0 0.0
3920.0276099796893 1.0 0.0 0.0 0.0 0.0 1.0 6.0 0.0
3921.005841066296 1.0 0.0 0.0 0.0 0.0 1.0 6.0 0.0
3922.0276099796893 1.0 0.0 0.0 0.0 0.0 1.0 6.0 0.0
3923.001250084355 1.0 0.0 0.0 0.0 0.0 1.0 6.0 0.0
3924.0276099796893 1.0 0.0 0.0 0.0 0.0 1.0 6.0 0.0
3925.0276099796893 1.0 0.0 0.0 0.0 0.0 1.0 6.0 0.0
3926.01734231375 1.0 0.0 0.0 0.0 0.0 1.0 6.0 0.0
3927.0276099796893 1.0 0.0 0.0 0.0 0.0 1.0 6.0 0.0
3928.0276099796893 1.0 0.0 0.0 0.0 0.0 1.0 6.0 0.0
3929.0030940888405 1.0 0.0 0.0 0.0 0.0 1.0 6.0 0.0
3930.0276099796893 1.0 0.0 0.0 0.0 0.0 1.0 6.0 0.0
3931.009667104895 1.0 0.0 0.0 0.0 0.0 1.0 6.0 0.0
3932.0109895348974 1.0 0.0 0.0 0.0 0.0 1.0 6.0 0.0
3933.0276099796893 1.0 0.0 0.0 0.0 0.0 1.0 6.0 0.0
3934.0059594741565 1.0 0.0 0.0 0.0 0.0 1.0 6.0 0.0
3935.0144387687637 1.0 0.0 0.0 0.0 0.0 1.0 6.0 0.0
3936.0106870450827 1.0 0.0 0.0 0.0 0.0 1.0 6.0 0.0
3937.0144985055713 1.0 0.0 0.0 0.0 0.0 1.0 6.0 0.0
3938.01233066193 1.0 0.0 0.0 0.0 0.0 1.0 6.0 0.0
3939.015903505922 1.0 0.0 0.0 0.0 0.0 1.0 6.0 0.0
3940.0276099796893 1.0 0.0 0.0 0.0 0.0 1.0 6.0 0.0
3941.0014025206156 1.0 0.0 0.0 0.0 0.0 1.0 6.0 0.0
3942.0198992633486 1.0 0.0 0.0 0.0 0.0 1.0 6.0 0.0
3943.013455326979 1.0 0.0 0.0 0.0 0.0 1.0 6.0 0.0
3944.0083325032924 1.0 0.0 0.0 0.0 0.0 1.0 6.0 0.0
3945.0276099796893 1.0 0.0 0.0 0.0 0.0 1.0 6.0 0.0
3946.0276099796893 1.0 0.0 0.0 0.0 0.0 1.0 6.0 0.0
3947.005338791558 1.0 0.0 0.0 0.0 0.0 1.0 6.0 0.0
3948.0099148491263 1.0 0.0 0.0 0.0 0.0 1.0 6.0 0.0
3949.0219630515458 1.0 0.0 0.0 0.0 0.0 1.0 6.0 0.0
3950.0115917298904 1.0 0.0 0.0 0.0 0.0 1.0 6.0 0.0
3951.0276099796893 1.0 0.0 0.0 0.0 0.0 1.0 6.0 0.0
3952.0132836685484 1.0 0.0 0.0 0.0 0.0 1.0 5.65 0.0
3953.001512166831 1.0 0.0 0.0 0.0 0.0 1.0 4.95 0.0
3954.027539263631 1.0 0.0 0.0 0.0 0.0 1.0 4.25 0.0
3955.0276099796893 1.0 0.0 0.0 0.0 0.0 1.0 4.025 0.0
3956.0207530823045 1.0 0.0 0.0 0.0 0.0 1.0 4.0 0.0
3957.0276099796893 1.0 0.0 0.0 0.0 0.0 1.0 4.0 0.0
3958.0276099796893 1.0 0.0 0.0 0.0 0.0 1.0 4.0 0.0
3959.0276099796893 1.0 0.0 0.0 0.0 0.0 1.0 4.0 0.0
3960.0276099796893 1.0 0.0 0.0 0.0 0.0 1.0 4.0 0.0
3961.0276099796893 1.0 0.0 0.0 0.0 0.0 1.0 4.0 0.0
3962.01288654759 1.0 0.0 0.0 0.0 0.0 1.0 4.0 0.0
3963.0276099796893 1.0 0.0 0.0 0.0 0.0 1.0 4.0 0.0
3964.007663222785 1.0 0.0 0.0 0.0 0.0 1.0 4.0 0.0
3965.0107842442585 1.0 0.0 0.0 0.0 0.0 1.0 4.0 0.0
3966.0182403001377 1.0 0.0 0.0 0.0 0.0 1.0 4.0 0.0
3967.0276099796893 1.0 0.0 0.0 0.0 0.0 1.0 4.0 0.0
3968.0276099796893 1.0 0.0 0.0 0.0 0.0 1.0 4.0 0.0
3969.0003188755663 1.0 0.0 0.0 0.0 0.0 1.0 4.0 0.0
3970.0114947099787 1.0 0.0 0.0 0.0 0.0 1.0 4.0 0.0
3971.01652426204 1.0 0.0 0.0 0.0 0.0 1.0 4.0 0.0
3972.0018306561283 1.0 0.0 0.0 0.0 0.0 1.0 4.0 0.0
3973.0276099796893 1.0 0.0 0.0 0.0 0.0 1.0 4.0 0.0
3974.012082348322 1.0 0.0 0.0 0.0 0.0 1.0 4.0 0.0
3975.0276099796893 1.0 0.0 0.0 0.0 0.0 1.0 4.0 0.0
3976.0276099796893 1.0 0.0 0.0 0.0 0.0 1.0 4.0 0.0
3977.0276099796893 1.0 0.0 0.0 0.0 0.0 1.0 4.0 0.0
3978.01995401923 1.0 0.0 0.0 0.0 0.0 1.0 4.0 0.0
3979.0245849002854 1.0 0.0 0.0 0.0 0.0 1.0 4.0 0.0
3980.000506274263 1.0 0.0 0.0 0.0 0.0 1.0 4.0 0.0
3981.0276099796893 1.0 0.0 0.0 0.0 0.0 1.0 4.0 0.0
3982.001626525562 1.0 0.0 0.0 0.0 0.0 1.0 4.0 0.0
3983.0271889559854 1.0 0.0 0.0 0.0 0.0 1.0 4.0 0.0
3984.0244634909673 1.0 0.0 0.0 0.0 0.0 1.0 4.0 0.0
3985.000070862738 1.0 0.0 0.0 0.0 0.0 1.0 4.0 0.0
3986.0224697416365 1.0 0.0 0.0 0.0 0.0 1.0 4.0 0.0
3987.0276099796893 1.0 0.0 0.0 0.0 0.0 1.0 4.0 0.0
3988.00404475977 1.0 0.0 0.0 0.0 0.0 1.0 4.0 0.0
3989.0093351633946 1.0 0.0 0.0 0.0 0.0 1.0 4.0 0.0
3990.0276099796893 1.0 0.0 0.0 0.0 0.0 1.0 4.0 0.0
3991.0276099796893 1.0 0.0 0.0 0.0 0.0 1.0 4.0 0.0
3992.0276099796893 1.0 0.0 0.0 0.0 0.0 1.0 4.0 0.0
3993.0276099796893 1.0 0.0 0.0 0.0 0.0 1.0 4.0 0.0
3994.0276099796893 1.0 0.0 0.0 0.0 0.0 1.0 4.0 0.0
3995.015576091927 1.0 0.0 0.0 0.0 0.0 1.0 4.0 0.0
3996.0276099796893 1.0 0.0 0.0 0.0 0.0 1.0 4.0 0.0
3997.0276099796893 1.0 0.0 0.0 0.0 0.0 1.0 4.0 0.0
3998.015037697199 1.0 0.0 0.0 0.0 0.0 1.0 4.0 0.0
3999.019648188032 1.0 0.0 0.0 0.0 0.0 1.0 4.0 0.0
4000.0065194048248 1.0 0.0 0.0 0.0 0.0 1.0 4.0 0.0
4001.0276099796893 1.0 0.0 0.0 0.0 0.0 1.0 4.0 0.0
4002.0249029633965 0.675 0.0 0.32500000000000007 0.0 0.0 1.0 4.0 0.42804878048780487
4003.0276099796893 0.10000000000000002 0.0 0.9 0.0 0.0 1.0 4.325 0.17560975609756097
4004.0065620564137 0.0 0.0 1.0 0.0 0.0 1.0 5.175 0.0
4005.013343775362 0.0 0.0 1.0 0.0 0.0 1.0 5.725 0.0
4006.0177366464645 0.0 0.0 1.0 0.0 0.0 1.0 5.975 0.0
4007.0276099796893 0.0 0.0 1.0 0.0 0.0 1.0 5.975 0.0
4008.0276099796893 0.0 0.0 1.0 0.0 0.0 1.0 6.0 0.0
4009.0276099796893 0.0 0.0 1.0 0.0 0.0 1.0 6.0 0.0
4010.0080377923337 0.0 0.0 1.0 0.0 0.0 1.0 6.0 0.0
4011.0016119164948 0.0 0.0 1.0 0.0 0.0 1.0 6.0 0.0
4012.0276099796893 0.0 0.0 1.0 0.0 0.0 1.0 6.0 0.0
4013.0109121565984 0.0 0.0 1.0 0.0 0.0 1.0 6.0 0.0
4014.0231265328302 0.0 0.0 1.0 0.0 0.0 1.0 6.0 0.0
4015.0276099796893 0.0 0.0 1.0 0.0 0.0 1.0 6.0 0.0
4016.0204528942063 0.0 0.0 1.0 0.0 0.0 1.0 6.0 0.0
4017.0276099796893 0.0 0.0 1.0 0.0 0.0 1.0 6.0 0.0
4018.0145359873613 0.0 0.0 1.0 0.0 0.0 1.0 6.0 0.0
4019.013988221499 0.0 0.0 1.0 0.0 0.0 1.0 6.0 0.0
4020.0009216820226 0.0 0.0 1.0 0.0 0.0 1.0 6.0 0.0
4021.011397601942 0.0 0.0 1.0 0.0 0.0 1.0 6.0 0.0
4022.011017160126 0.0 0.0 1.0 0.0 0.0 1.0 6.0 0.0
4023.0059018895345 0.0 0.0 1.0 0.0 0.0 1.0 6.0 0.0
4024.0276099796893 0.0 0.0 1.0 0.0 0.0 1.0 6.0 0.0
4025.0160696201206 0.0 0.0 1.0 0.0 0.0 1.0 6.0 0.0
4026.0276099796893 0.0 0.0 1.0 0.0 0.0 1.0 6.0 0.0
4027.0276099796893 0.0 0.0 1.0 0.0 0.0 1.0 6.0 0.0
4028.0276099796893 0.0 0.0 1.0 0.0 0.0 1.0 6.0 0.0
4029.0057873494275 0.0 0.0 1.0 0.0 0.0 1.0 6.0 0.0
4030.0276099796893 0.0 0.0 1.0 0.0 0.0 1.0 6.0 0.0
4031.0276099796893 0.0 0.0 1.0 0.0 0.0 1.0 6.0 0.0
4032.0091435689365 0.0 0.0 1.0 0.0 0.0 1.0 6.0 0.0
4033.0143030944 0.0 0.0 1.0 0.0 0.0 1.0 6.0 0.0
4034.0276099796893 0.0 0.0 1.0 0.0 0.0 1.0 6.0 0.0
4035.0276099796893 0.0 0.0 1.0 0.0 0.0 1.0 6.0 0.0
4036.0276099796893 0.0 0.0 1.0 0.0 0.0 1.0 6.0 0.0
4037.0035830256293 0.0 0.0 1.0 0.0 0.0 1.0 6.0 0.0
4038.0047590753366 0.0 0.0 1.0 0.0 0.0 1.0 6.0 0.0
4039.010313308634 0.0 0.0 1.0 0.0 0.0 1.0 6.0 0.0
4040.0072112948346 0.0 0.0 1.0 0.0 0.0 1.0 6.0 0.0
4041.0071723119345 0.0 0.0 1.0 0.0 0.0 1.0 6.0 0.0
4042.005543493469 0.0 0.0 1.0 0.0 0.0 1.0 6.0 0.0
4043.014174284762 0.0 0.0 1.0 0.0 0.0 1.0 6.0 0.0
4044.0276099796893 0.0 0.0 1.0 0.0 0.0 1.0 6.0 0.0
4045.006394456489 0.0 0.0 1.0 0.0 0.0 1.0 6.0 0.0
4046.0276099796893 0.0 0.0 1.0 0.0 0.0 1.0 6.0 0.0
4047.0276099796893 0.0 0.0 1.0 0.0 0.0 1.0 6.0 0.0
4048.000896716067 0.0 0.0 1.0 0.0 0.0 1.0 6.0 0.0
4049.0276099796893 0.0 0.0 1.0 0.0 0.0 1.0 6.0 0.0
4050.0276099796893 0.0 0.0 1.0 0.0 0.0 1.0 6.0 0.0
4051.0276099796893 0.0 0.0 1.0 0.0 0.0 1.0 6.0 0.0
4052.0276099796893 0.0 0.0 1.0 0.0 0.0 1.0 6.0 0.0
4053.0055896881927 0.0 0.0 1.0 0.0 0.0 1.0 6.0 0.0
4054.0276099796893 0.0 0.0 1.0 0.0 0.0 1.0 6.0 0.0
4055.001368308136 0.0 0.0 1.0 0.0 0.0 1.0 6.0 0.0
4056.001047125852 0.0 0.0 1.0 0.0 0.0 1.0 6.0 0.0
4057.0061496619996 0.0 0.0 1.0 0.0 0.0 1.0 6.0 0.0
4058.026481253633 0.0 0.0 1.0 0.0 0.0 1.0 6.0 0.0
4059.0276099796893 0.0 0.0 1.0 0.0 0.0 1.0 6.0 0.0
4060.000610352137 0.0 0.0 1.0 0.0 0.0 1.0 6.0 0.0
4061.0276099796893 0.0 0.0 1.0 0.0 0.0 1.0 6.0 0.0
4062.0276099796893 0.0 0.0 1.0 0.0 0.0 1.0 6.0 0.0
4063.020187932763 0.0 0.0 1.0 0.0 0.0 1.0 6.0 0.0
4064.0276099796893 0.0 0.0 1.0 0.0 0.0 1.0 6.0 0.0
4065.011092531927 0.0 0.0 1.0 0.0 0.0 1.0 6.0 0.0
4066.0065519586883 0.0 0.0 1.0 0.0 0.0 1.0 6.0 0.0
4067.0013633259587 0.0 0.0 1.0 0.0 0.0 1.0 6.0 0.0
4068.0011385105345 0.0 0.0 1.0 0.0 0.0 1.0 6.0 0.0
4069.002742228885 0.0 0.0 1.0 0.0 0.0 1.0 6.0 0.0
4070.0003805944607 0.0 0.0 1.0 0.0 0.0 1.0 6.0 0.0
4071.0128150927953 0.0 0.0 1.0 0.0 0.0 1.0 6.0 0.0
4072.0276099796893 0.0 0.0 1.0 0.0 0.0 1.0 6.0 0.0
4073.0276099796893 0.0 0.0 1.0 0.0 0.0 1.0 6.0 0.0
4074.0276099796893 0.0 0.0 1.0 0.0 0.0 1.0 6.0 0.0
4075.022019882509 0.0 0.0 1.0 0.0 0.0 1.0 6.0 0.0
4076.0276099796893 0.0 0.0 1.0 0.0 0.0 1.0 6.0 0.0
4077.0276099796893 0.0 0.0 1.0 0.0 0.0 1.0 6.0 0.0
4078.0228594859223 0.0 0.0 1.0 0.0 0.0 1.0 6.0 0.0
4079.0219396204247 0.0 0.0 1.0 0.0 0.0 1.0 6.0 0.0
4080.001568677065 0.0 0.0 1.0 0.0 0.0 1.0 6.0 0.0
4081.0276099796893 0.0 0.0 1.0 0.0 0.0 1.0 6.0 0.0
4082.015515805569 0.0 0.0 1.0 0.0 0.0 1.0 6.0 0.0
4083.0142427564965 0.0 0.0 1.0 0.0 0.0 1.0 6.0 0.0
4084.002699666288 0.0 0.0 1.0 0.0 0.0 1.0 6.0 0.0
4085.0001289388106 0.0 0.0 1.0 0.0 0.0 1.0 6.0 0.0
4086.001428931958 0.0 0.0 1.0 0.0 0.0 1.0 6.0 0.0
4087.0264853511608 0.0 0.0 1.0 0.0 0.0 1.0 6.0 0.0
4088.0276099796893 0.0 0.0 1.0 0.0 0.0 1.0 6.0 0.0
4089.0276099796893 0.0 0.0 1.0 0.0 0.0 1.0 6.0 0.0
4090.0276099796893 0.0 0.0 1.0 0.0 0.0 1.0 6.0 0.0
4091.0276099796893 0.0 0.0 1.0 0.0 0.0 1.0 6.0 0.0
4092.0276099796893 0.0 0.0 1.0 0.0 0.0 1.0 6.0 0.0
4093.0276099796893 0.0 0.0 1.0 0.0 0.0 1.0 6.0 0.0
4094.006783220205 0.0 0.0 1.0 0.0 0.0 1.0 6.0 0.0
4095.0163579915184 0.0 0.0 1.0 0.0 0.0 1.0 6.0 0.0
4096.027609979689 0.0 0.0 1.0 0.0 0.0 1.0 6.0 0.0
4097.007870530472 0.0 0.0 1.0 0.0 0.0 1.0 6.0 0.0
4098.027609979689 0.0 0.0 1.0 0.0 0.0 1.0 6.0 0.0
4099.017295449922 0.0 0.0 1.0 0.0 0.0 1.0 6.0 0.0
4100.010375842927 0.0 0.0 1.0 0.0 0.0 1.0 6.0 0.0
4101.003612948241 0.0 0.0 1.0 0.0 0.0 1.0 6.0 0.0
4102.002963488373 0.0 0.0 1.0 0.0 0.0 1.0 6.0 0.0
4103.027609979689 0.0 0.0 1.0 0.0 0.0 1.0 6.0 0.0
4104.00157995805 0.0 0.0 1.0 0.0 0.0 1.0 6.0 0.0
4105.001335053042 0.0 0.0 1.0 0.0 0.0 1.0 6.0 0.0
4106.001033008282 0.0 0.0 1.0 0.0 0.0 1.0 6.0 0.0
4107.017142556665 0.0 0.0 1.0 0.0 0.0 1.0 6.0 0.0
4108.027609979689 0.0 0.0 1.0 0.0 0.0 1.0 6.0 0.0
4109.027609979689 0.0 0.0 1.0 0.0 0.0 1.0 6.0 0.0
4110.026833178342 0.0 0.0 1.0 0.0 0.0 1.0 6.0 0.0
4111.027609979689 0.0 0.0 1.0 0.0 0.0 1.0 6.0 0.0
4112.016041233884 0.0 0.0 0.42500000000000004 0.575 0.0 0.0 6.025 0.4768292682926829
4113.027609979689 0.0 0.0 0.09999999999999998 0.9 0.0 0.0 6.55 0.17560975609756097
4114.024655369775 0.0 0.0 0.04999999999999998 0.95 0.0 0.0 7.475 0.09268292682926829
4115.0186125316695 0.0 0.0 0.04999999999999998 0.95 0.0 0.0 7.9 0.09268292682926829
4116.005458534542 0.0 0.0 0.02499999999999999 0.975 0.0 0.0 7.9 0.0475609756097561
4117.027609979689 0.0 0.0 0.02499999999999999 0.975 0.0 0.0 7.95 0.0475609756097561
4118.027609979689 0.0 0.0 0.02499999999999999 0.975 0.0 0.0 7.95 0.0475609756097561
4119.027609979689 0.0 0.0 0.02499999999999999 0.975 0.0 0.0 7.95 0.0475609756097561
4120.010898674406 0.0 0.0 0.0 1.0 0.0 0.0 7.95 0.0
4121.001906339327 0.0 0.0 0.0 1.0 0.0 0.0 8.0 0.0
4122.027609979689 0.0 0.0 0.0 1.0 0.0 0.0 8.0 0.0
4123.024012325058 0.0 0.0 0.0 1.0 0.0 0.0 8.0 0.0
4124.0083489866465 0.0 0.0 0.0 1.0 0.0 0.0 8.0 0.0
4125.027609979689 0.0 0.0 0.0 1.0 0.0 0.0 8.0 0.0
4126.014967710939 0.0 0.0 0.0 1.0 0.0 0.0 8.0 0.0
4127.0079379069075 0.0 0.0 0.0 1.0 0.0 0.0 8.0 0.0
4128.003993157944 0.0 0.0 0.0 1.0 0.0 0.0 8.0 0.0
4129.001558581352 0.0 0.0 0.0 1.0 0.0 0.0 8.0 0.0
4130.0136552113945 0.0 0.0 0.0 1.0 0.0 0.0 8.0 0.0
4131.002902516059 0.0 0.0 0.0 1.0 0.0 0.0 8.0 0.0
4132.021134140754 0.0 0.0 0.0 1.0 0.0 0.0 8.0 0.0
4133.0152811856115 0.0 0.0 0.0 1.0 0.0 0.0 8.0 0.0
4134.027609979689 0.0 0.0 0.0 1.0 0.0 0.0 8.0 0.0
4135.027609979689 0.0 0.0 0.0 1.0 0.0 0.0 8.0 0.0
4136.001106208287 0.0 0.0 0.0 1.0 0.0 0.0 8.0 0.0
4137.027609979689 0.0 0.0 0.0 1.0 0.0 0.0 8.0 0.0
4138.027609979689 0.0 0.0 0.0 1.0 0.0 0.0 8.0 0.0
4139.017892847506 0.0 0.0 0.0 1.0 0.0 0.0 8.0 0.0
4140.027609979689 0.0 0.0 0.0 1.0 0.0 0.0 8.0 0.0
4141.00029447925 0.0 0.0 0.0 1.0 0.0 0.0 8.0 0.0
4142.017693651367 0.0 0.0 0.0 1.0 0.0 0.0 8.0 0.0
4143.027609979689 0.0 0.0 0.0 1.0 0.0 0.0 8.0 0.0
4144.017732792091 0.0 0.0 0.0 1.0 0.0 0.0 8.0 0.0
4145.000549216425 0.0 0.0 0.0 1.0 0.0 0.0 8.0 0.0
4146.002472892662 0.0 0.0 0.0 1.0 0.0 0.0 8.0 0.0
4147.009227726752 0.0 0.0 0.0 1.0 0.0 0.0 8.0 0.0
4148.027609979689 0.0 0.0 0.0 1.0 0.0 0.0 8.0 0.0
4149.027609979689 0.0 0.0 0.0 1.0 0.0 0.0 8.0 0.0
4150.0068941707395 0.0 0.0 0.0 1.0 0.0 0.0 8.0 0.0
4151.027609979689 0.0 0.0 0.0 1.0 0.0 0.0 8.0 0.0
4152.027609979689 0.0 0.0 0.0 1.0 0.0 0.0 8.0 0.0
4153.027609979689 0.0 0.0 0.0 1.0 0.0 0.0 8.0 0.0
4154.025279092155 0.0 0.0 0.0 1.0 0.0 0.0 8.0 0.0
4155.027609979689 0.0 0.0 0.0 1.0 0.0 0.0 8.0 0.0
4156.006431469675 0.0 0.0 0.0 1.0 0.0 0.0 8.0 0.0
4157.027609979689 0.0 0.0 0.0 1.0 0.0 0.0 8.0 0.0
4158.012145630663 0.0 0.0 0.0 1.0 0.0 0.0 8.0 0.0
4159.027609979689 0.0 0.0 0.0 1.0 0.0 0.0 8.0 0.0
4160.006905042838 0.0 0.0 0.0 1.0 0.0 0.0 8.0 0.0
4161.006203671513 0.0 0.0 0.0 1.0 0.0 0.0 8.0 0.0
4162.027609979689 0.0 0.0 0.0 1.0 0.0 0.0 8.0 0.0
4163.027609979689 0.0 0.0 0.0 1.0 0.0 0.0 8.0 0.0
4164.027609979689 0.0 0.0 0.0 1.0 0.0 0.0 8.0 0.0
4165.027609979689 0.0 0.0 0.0 1.0 0.0 0.0 8.0 0.0
4166.002018494858 0.0 0.0 0.0 1.0 0.0 0.0 8.0 0.0
4167.011310440493 0.0 0.0 0.0 1.0 0.0 0.0 8.0 0.0
4168.0081331576275 0.0 0.0 0.0 1.0 0.0 0.0 8.0 0.0
4169.027609979689 0.0 0.0 0.0 1.0 0.0 0.0 8.0 0.0
4170.0021791453755 0.0 0.0 0.0 1.0 0.0 0.0 8.0 0.0
4171.006672881489 0.0 0.0 0.0 1.0 0.0 0.0 8.0 0.0
4172.011170680735 0.0 0.0 0.0 1.0 0.0 0.0 8.0 0.0
4173.027609979689 0.0 0.0 0.0 1.0 0.0 0.0 8.0 0.0
4174.027609979689 0.0 0.0 0.0 1.0 0.0 0.0 8.0 0.0
4175.010918536657 0.0 0.0 0.0 1.0 0.0 0.0 8.0 0.0
4176.027609979689 0.0 0.0 0.0 1.0 0.0 0.0 8.0 0.0
4177.007910993683 0.0 0.0 0.0 1.0 0.0 0.0 8.0 0.0
4178.027609979689 0.0 0.0 0.0 1.0 0.0 0.0 8.0 0.0
4179.020869979346 0.0 0.0 0.0 1.0 0.0 0.0 8.0 0.0
4180.0000463957385 0.0 0.0 0.0 1.0 0.0 0.0 8.0 0.0
4181.027609979689 0.0 0.0 0.0 1.0 0.0 0.0 8.0 0.0
4182.027609979689 0.0 0.0 0.0 1.0 0.0 0.0 8.0 0.0
4183.027609979689 0.0 0.0 0.0 1.0 0.0 0.0 8.0 0.0
4184.014388873016 0.0 0.0 0.0 1.0 0.0 0.0 8.0 0.0
4185.019047672951 0.0 0.0 0.0 1.0 0.0 0.0 8.0 0.0
4186.018393808932 0.0 0.0 0.0 1.0 0.0 0.0 8.0 0.0
4187.027609979689 0.0 0.0 0.0 1.0 0.0 0.0 8.0 0.0
4188.027609979689 0.0 0.0 0.0 1.0 0.0 0.0 8.0 0.0
4189.027609979689 0.0 0.0 0.0 1.0 0.0 0.0 8.0 0.0
4190.023824681788 0.0 0.0 0.0 1.0 0.0 0.0 8.0 0.0
4191.027609979689 0.0 0.0 0.0 1.0 0.0 0.0 8.0 0.0
4192.027609979689 0.0 0.0 0.0 1.0 0.0 0.0 8.0 0.0
4193.027609979689 0.0 0.0 0.0 1.0 0.0 0.0 8.0 0.0
4194.007249993584 0.0 0.0 0.0 1.0 0.0 0.0 8.0 0.0
4195.007364667653 0.0 0.0 0.0 1.0 0.0 0.0 8.0 0.0
4196.001101254625 0.0 0.0 0.0 1.0 0.0 0.0 8.0 0.0
4197.027609979689 0.0 0.0 0.0 1.0 0.0 0.0 8.0 0.0
4198.023703633393 0.0 0.0 0.0 1.0 0.0 0.0 8.0 0.0
4199.025335690717 0.0 0.0 0.0 1.0 0.0 0.0 8.0 0.0
4200.024269230561 0.0 0.0 0.0 1.0 0.0 0.0 8.0 0.0
4201.027609979689 0.0 0.0 0.0 1.0 0.0 0.0 8.0 0.0
4202.001815922334 0.0 0.0 0.0 1.0 0.0 0.0 8.0 0.0
4203.002659062652 0.0 0.0 0.0 1.0 0.0 0.0 8.0 0.0
4204.0119459952775 0.0 0.0 0.0 1.0 0.0 0.0 8.0 0.0
4205.005693154074 0.0 0.0 0.0 1.0 0.0 0.0 8.0 0.0
4206.004561524956 0.0 0.0 0.0 1.0 0.0 0.0 8.0 0.0
4207.002046880558 0.0 0.0 0.0 1.0 0.0 0.0 8.0 0.0
4208.027609979689 0.0 0.0 0.0 1.0 0.0 0.0 8.0 0.0
4209.027609979689 0.0 0.0 0.0 1.0 0.0 0.0 8.0 0.0
4210.027609979689 0.0 0.0 0.0 1.0 0.0 0.0 8.0 0.0
4211.011674845588 0.0 0.0 0.0 1.0 0.0 0.0 8.0 0.0
4212.010568749966 0.0 0.0 0.0 1.0 0.0 0.0 8.0 0.0
4213.027609979689 0.0 0.0 0.0 1.0 0.0 0.0 8.0 0.0
4214.009506978983 0.0 0.0 0.0 1.0 0.0 0.0 8.0 0.0
4215.016306163549 0.0 0.0 0.0 1.0 0.0 0.0 8.0 0.0
4216.011307836766 0.0 0.0 0.0 1.0 0.0 0.0 8.0 0.0
4217.003036526299 0.0 0.0 0.0 1.0 0.0 0.0 8.0 0.0
4218.027609979689 0.0 0.0 0.0 1.0 0.0 0.0 8.0 0.0
4219.027609979689 0.0 0.0 0.0 1.0 0.0 0.0 8.0 0.0
4220.003911503104 0.0 0.0 0.0 1.0 0.0 0.0 8.0 0.0
4221.020286973574 0.0 0.0 0.0 1.0 0.0 0.0 8.0 0.0
4222.027609979689 0.0 0.0 0.0 1.0 0.0 0.0 8.0 0.0
4223.005319913825 0.0 0.0 0.0 1.0 0.0 0.0 8.0 0.0
4224.027609979689 0.0 0.0 0.0 1.0 0.0 0.0 8.0 0.0
4225.003497234229 0.0 0.0 0.0 1.0 0.0 0.0 8.0 0.0
4226.027609979689 0.0 0.0 0.0 1.0 0.0 0.0 8.0 0.0
4227.027609979689 0.0 0.0 0.0 1.0 0.0 0.0 8.0 0.0
4228.026793329847 0.0 0.0 0.0 1.0 0.0 0.0 8.0 0.0
4229.027609979689 0.0 0.0 0.0 1.0 0.0 0.0 8.0 0.0
4230.027609979689 0.0 0.0 0.0 1.0 0.0 0.0 8.0 0.0
4231.027609979689 0.0 0.0 0.0 1.0 0.0 0.0 8.0 0.0
4232.008958309365 0.0 0.0 0.0 1.0 0.0 0.0 8.0 0.0
4233.0142109810095 0.0 0.0 0.0 1.0 0.0 0.0 8.0 0.0
4234.003228894538 0.0 0.0 0.0 1.0 0.0 0.0 8.0 0.0
4235.026902060998 0.0 0.0 0.0 1.0 0.0 0.0 8.0 0.0
4236.027609979689 0.0 0.0 0.0 1.0 0.0 0.0 8.0 0.0
4237.02151923484 0.0 0.0 0.0 1.0 0.0 0.0 8.0 0.0
4238.027609979689 0.0 0.0 0.0 1.0 0.0 0.0 8.0 0.0
4239.027609979689 0.0 0.0 0.0 1.0 0.0 0.0 8.0 0.0
4240.027609979689 0.0 0.0 0.0 1.0 0.0 0.0 8.0 0.0
4241.01798746815 0.0 0.0 0.0 1.0 0.0 0.0 8.0 0.0
4242.027609979689 0.0 0.0 0.0 1.0 0.0 0.0 8.0 0.0
4243.003181927254 0.0 0.0 0.0 1.0 0.0 0.0 8.0 0.0
4244.027609979689 0.0 0.0 0.0 1.0 0.0 0.0 8.0 0.0
4245.027609979689 0.0 0.0 0.0 1.0 0.0 0.0 8.0 0.0
4246.0150871400965 0.0 0.0 0.0 1.0 0.0 0.0 8.0 0.0
4247.0105266004175 0.0 0.0 0.0 1.0 0.0 0.0 8.0 0.0
4248.017661795993 0.0 0.0 0.0 1.0 0.0 0.0 8.0 0.0
4249.027609979689 0.0 0.0 0.0 1.0 0.0 0.0 8.0 0.0
4250.021938658355 0.0 0.0 0.0 1.0 0.0 0.0 8.0 0.0
4251.027609979689 0.0 0.0 0.0 1.0 0.0 0.0 8.0 0.0
4252.012756979542 0.0 0.0 0.0 1.0 0.0 0.0 8.0 0.0
4253.0017913208885 0.0 0.0 0.0 1.0 0.0 0.0 8.0 0.0
4254.012435034138 0.0 0.0 0.0 1.0 0.0 0.0 8.0 0.0
4255.004484570336 0.0 0.0 0.0 1.0 0.0 0.0 8.0 0.0
4256.011084774196 0.0 0.0 0.0 1.0 0.0 0.0 8.0 0.0
4257.020734127484 0.0 0.0 0.0 1.0 0.0 0.0 8.0 0.0
4258.027609979689 0.0 0.0 0.0 1.0 0.0 0.0 8.0 0.0
4259.027101044279 0.0 0.0 0.0 1.0 0.0 0.0 8.0 0.0
4260.027609979689 0.0 0.0 0.0 1.0 0.0 0.0 8.0 0.0
4261.005286834438 0.0 0.0 0.0 1.0 0.0 0.0 8.0 0.0
4262.0048082345975 0.0 0.0 0.0 1.0 0.0 0.0 8.0 0.0
4263.027609979689 0.0 0.0 0.0 1.0 0.0 0.0 8.0 0.0
4264.006317206727 0.0 0.0 0.0 1.0 0.0 0.0 8.0 0.0
4265.001108556742 0.0 0.0 0.0 1.0 0.0 0.0 8.0 0.0
4266.009586879287 0.0 0.0 0.0 1.0 0.0 0.0 8.0 0.0
4267.027609979689 0.0 0.0 0.0 1.0 0.0 0.0 8.0 0.0
4268.00063597698 0.0 0.0 0.0 1.0 0.0 0.0 8.0 0.0
4269.001399320263 0.0 0.0 0.0 1.0 0.0 0.0 8.0 0.0
4270.006371993237 0.0 0.0 0.0 1.0 0.0 0.0 8.0 0.0
4271.0083851170675 0.0 0.0 0.0 1.0 0.0 0.0 8.0 0.0
4272.027609979689 0.0 0.0 0.0 1.0 0.0 0.0 8.0 0.0
4273.021770352464 0.0 0.0 0.0 1.0 0.0 0.0 8.0 0.0
4274.027609979689 0.0 0.0 0.0 1.0 0.0 0.0 8.0 0.0
4275.027609979689 0.0 0.0 0.0 1.0 0.0 0.0 8.0 0.0
4276.027609979689 0.0 0.0 0.0 1.0 0.0 0.0 8.0 0.0
4277.002257524879 0.0 0.0 0.0 1.0 0.0 0.0 8.0 0.0
4278.026443296172 0.0 0.0 0.0 1.0 0.0 0.0 8.0 0.0
4279.007734795189 0.0 0.0 0.0 1.0 0.0 0.0 8.0 0.0
4280.003185549687 0.0 0.0 0.0 1.0 0.0 0.0 8.0 0.0
4281.003905444819 0.0 0.0 0.0 1.0 0.0 0.0 8.0 0.0
4282.002451503437 0.0 0.0 0.0 1.0 0.0 0.0 8.0 0.0
4283.011346899533 0.0 0.0 0.0 1.0 0.0 0.0 8.0 0.0
4284.027609979689 0.0 0.0 0.0 1.0 0.0 0.0 8.0 0.0
4285.019446619645 0.0 0.0 0.0 1.0 0.0 0.0 8.0 0.0
4286.026208952608 0.0 0.0 0.0 1.0 0.0 0.0 8.0 0.0
4287.006605503442 0.0 0.0 0.0 1.0 0.0 0.0 8.0 0.0
4288.009131082571 0.0 0.0 0.0 1.0 0.0 0.0 8.0 0.0
4289.027609979689 0.0 0.0 0.0 1.0 0.0 0.0 8.0 0.0
4290.006062765604 0.0 0.0 0.0 1.0 0.0 0.0 8.0 0.0
4291.027609979689 0.0 0.0 0.0 1.0 0.0 0.0 8.0 0.0
4292.003201096312 0.0 0.0 0.0 1.0 0.0 0.0 8.0 0.0
4293.001057168878 0.0 0.0 0.0 1.0 0.0 0.0 8.0 0.0
4294.024639530079 0.0 0.0 0.0 1.0 0.0 0.0 8.0 0.0
4295.027609979689 0.0 0.0 0.0 1.0 0.0 0.0 8.0 0.0
4296.027609979689 0.0 0.0 0.0 1.0 0.0 0.0 8.0 0.0
4297.005292876046 0.0 0.0 0.0 1.0 0.0 0.0 8.0 0.0
4298.012231059151 0.0 0.0 0.0 1.0 0.0 0.0 8.0 0.0
4299.00109801265 0.0 0.0 0.0 1.0 0.0 0.0 8.0 0.0
4300.027609979689 0.0 0.0 0.0 1.0 0.0 0.0 8.0 0.0
4301.005292009998 0.0 0.0 0.0 1.0 0.0 0.0 8.0 0.0
4302.026152412503 0.0 0.0 0.0 1.0 0.0 0.0 8.0 0.0
4303.014268108331 0.0 0.0 0.0 1.0 0.0 0.0 8.0 0.0
4304.027609979689 0.0 0.0 0.0 1.0 0.0 0.0 8.0 0.0
4305.007903037857 0.0 0.0 0.0 1.0 0.0 0.0 8.0 0.0
4306.027609979689 0.0 0.0 0.0 1.0 0.0 0.0 8.0 0.0
4307.000884547675 0.0 0.0 0.0 1.0 0.0 0.0 8.0 0.0
4308.027609979689 0.0 0.0 0.0 1.0 0.0 0.0 8.0 0.0
4309.024391978336 0.0 0.0 0.0 1.0 0.0 0.0 8.0 0.0
4310.005620736723 0.0 0.0 0.0 1.0 0.0 0.0 8.0 0.0
4311.014136277593 0.0 0.0 0.0 1.0 0.0 0.0 8.0 0.0
4312.027609979689 0.0 0.0 0.0 1.0 0.0 0.0 8.0 0.0
4313.027609979689 0.0 0.0 0.0 1.0 0.0 0.0 8.0 0.0
4314.01249598171 0.0 0.0 0.0 1.0 0.0 0.0 8.0 0.0
4315.027609979689 0.0 0.0 0.0 1.0 0.0 0.0 8.0 0.0
4316.0103202239825 0.0 0.0 0.0 1.0 0.0 0.0 8.0 0.0
4317.027609979689 0.0 0.0 0.0 1.0 0.0 0.0 8.0 0.0
4318.001819995816 0.0 0.0 0.0 1.0 0.0 0.0 8.0 0.0
4319.010361534403 0.0 0.0 0.0 1.0 0.0 0.0 8.0 0.0
4320.007706886224 0.0 0.0 0.0 1.0 0.0 0.0 8.0 0.0
4321.01551596478 0.0 0.0 0.0 1.0 0.0 0.0 8.0 0.0
4322.008617491453 0.0 0.0 0.0 1.0 0.0 0.0 8.0 0.0
4323.027609979689 0.0 0.0 0.0 1.0 0.0 0.0 8.0 0.0
4324.027609979689 0.0 0.0 0.0 1.0 0.0 0.0 8.0 0.0
4325.018594203999 0.0 0.0 0.0 1.0 0.0 0.0 8.0 0.0
4326.009240953669 0.0 0.0 0.0 1.0 0.0 0.0 8.0 0.0
4327.004982882906 0.0 0.0 0.0 1.0 0.0 0.0 8.0 0.0
4328.019201049854 0.0 0.0 0.0 1.0 0.0 0.0 8.0 0.0
4329.010113618581 0.0 0.0 0.0 1.0 0.0 0.0 8.0 0.0
4330.00129251074 0.0 0.0 0.0 1.0 0.0 0.0 8.0 0.0
4331.027609979689 0.0 0.0 0.0 1.0 0.0 0.0 8.0 0.0
4332.027609979689 0.0 0.0 0.0 1.0 0.0 0.0 8.0 0.0
4333.027609979689 0.0 0.0 0.0 1.0 0.0 0.0 8.0 0.0
4334.000901457263 0.0 0.0 0.0 1.0 0.0 0.0 8.0 0.0
4335.009289144425 0.0 0.0 0.0 1.0 0.0 0.0 8.0 0.0
4336.027609979689 0.0 0.0 0.0 1.0 0.0 0.0 8.0 0.0
4337.027609979689 0.0 0.0 0.0 1.0 0.0 0.0 8.0 0.0
4338.008952152018 0.0 0.0 0.0 1.0 0.0 0.0 8.0 0.0
4339.000719090347 0.0 0.0 0.0 1.0 0.0 0.0 8.0 0.0
4340.027609979689 0.0 0.0 0.0 1.0 0.0 0.0 8.0 0.0
4341.019196934036 0.0 0.0 0.0 1.0 0.0 0.0 8.0 0.0
4342.010420360254 0.0 0.0 0.0 1.0 0.0 0.0 8.0 0.0
4343.009628321748 0.0 0.0 0.0 1.0 0.0 0.0 8.0 0.0
4344.016304577923 0.0 0.0 0.0 1.0 0.0 0.0 8.0 0.0
4345.027609979689 0.0 0.0 0.0 1.0 0.0 0.0 8.0 0.0
4346.027609979689 0.0 0.0 0.0 1.0 0.0 0.0 8.0 0.0
4347.001152527278 0.0 0.0 0.0 1.0 0.0 0.0 8.0 0.0
4348.01566652721 0.0 0.0 0.0 1.0 0.0 0.0 8.0 0.0
4349.005138031996 0.0 0.0 0.0 1.0 0.0 0.0 8.0 0.0
4350.001398342333 0.0 0.0 0.0 1.0 0.0 0.0 8.0 0.0
4351.01698396351 0.0 0.0 0.0 1.0 0.0 0.0 8.0 0.0
4352.027609979689 0.0 0.0 0.0 1.0 0.0 0.0 8.0 0.0
4353.003429367439 0.0 0.0 0.0 1.0 0.0 0.0 8.0 0.0
4354.027609979689 0.0 0.0 0.0 1.0 0.0 0.0 8.0 0.0
4355.027609979689 0.0 0.0 0.0 1.0 0.0 0.0 8.0 0.0
4356.027609979689 0.0 0.0 0.0 1.0 0.0 0.0 8.0 0.0
4357.007568125124 0.0 0.0 0.0 1.0 0.0 0.0 8.0 0.0
4358.027609979689 0.0 0.0 0.0 1.0 0.0 0.0 8.0 0.0
4359.027609979689 0.0 0.0 0.0 1.0 0.0 0.0 8.0 0.0
4360.020432102445 0.0 0.0 0.0 1.0 0.0 0.0 8.0 0.0
4361.027609979689 0.0 0.0 0.0 1.0 0.0 0.0 8.0 0.0
4362.007584371663 0.0 0.0 0.0 1.0 0.0 0.0 8.0 0.0
4363.027609979689 0.0 0.0 0.0 1.0 0.0 0.0 8.0 0.0
4364.027609979689 0.0 0.0 0.0 1.0 0.0 0.0 8.0 0.0
4365.008681975473 0.0 0.0 0.0 1.0 0.0 0.0 8.0 0.0
4366.027609979689 0.0 0.0 0.0 1.0 0.0 0.0 8.0 0.0
4367.027609979689 0.0 0.0 0.0 1.0 0.0 0.0 8.0 0.0
4368.024650639446 0.0 0.0 0.0 1.0 0.0 0.0 8.0 0.0
4369.0135248997185 0.0 0.0 0.0 1.0 0.0 0.0 8.0 0.0
4370.021365137598 0.0 0.0 0.0 1.0 0.0 0.0 8.0 0.0
4371.023645749542 0.0 0.0 0.0 1.0 0.0 0.0 8.0 0.0
4372.006646244117 0.0 0.0 0.0 1.0 0.0 0.0 8.0 0.0
4373.027609979689 0.0 0.0 0.0 1.0 0.0 0.0 8.0 0.0
4374.023436834399 0.0 0.0 0.0 1.0 0.0 0.0 8.0 0.0
4375.001558921316 0.0 0.0 0.0 1.0 0.0 0.0 8.0 0.0
4376.008249570843 0.0 0.0 0.0 1.0 0.0 0.0 8.0 0.0
4377.001611017959 0.0 0.0 0.0 1.0 0.0 0.0 8.0 0.0
4378.015283272949 0.0 0.0 0.0 1.0 0.0 0.0 8.0 0.0
4379.006685492693 0.0 0.0 0.0 1.0 0.0 0.0 8.0 0.0
4380.027609979689 0.0 0.0 0.0 1.0 0.0 0.0 8.0 0.0
4381.009103130332 0.0 0.0 0.0 1.0 0.0 0.0 8.0 0.0
4382.027609979689 0.0 0.0 0.0 1.0 0.0 0.0 8.0 0.0
4383.027609979689 0.0 0.0 0.0 1.0 0.0 0.0 8.0 0.0
4384.006697218061 0.0 0.0 0.0 1.0 0.0 0.0 8.0 0.0
4385.027609979689 0.0 0.0 0.0 1.0 0.0 0.0 8.0 0.0
4386.027609979689 0.0 0.0 0.0 1.0 0.0 0.0 8.0 0.0
4387.012365138572 0.0 0.0 0.0 1.0 0.0 0.0 8.0 0.0
4388.0136969851765 0.0 0.0 0.0 1.0 0.0 0.0 8.0 0.0
4389.027609979689 0.0 0.0 0.0 1.0 0.0 0.0 8.0 0.0
4390.027609979689 0.0 0.0 0.0 1.0 0.0 0.0 8.0 0.0
4391.004207312106 0.0 0.0 0.0 1.0 0.0 0.0 8.0 0.0
4392.027609979689 0.0 0.0 0.0 1.0 0.0 0.0 8.0 0.0
4393.021100590017 0.0 0.0 0.0 1.0 0.0 0.0 8.0 0.0
4394.027609979689 0.0 0.0 0.0 1.0 0.0 0.0 8.0 0.0
4395.027609979689 0.0 0.0 0.0 1.0 0.0 0.0 8.0 0.0
4396.027609979689 0.0 0.0 0.0 1.0 0.0 0.0 8.0 0.0
4397.000975261332 0.0 0.0 0.0 1.0 0.0 0.0 8.0 0.0
4398.027609979689 0.0 0.0 0.0 1.0 0.0 0.0 8.0 0.0
4399.024287222779 0.0 0.0 0.0 1.0 0.0 0.0 8.0 0.0
4400.010265065881 0.0 0.0 0.0 1.0 0.0 0.0 8.0 0.0
4401.027609979689 0.0 0.0 0.0 1.0 0.0 0.0 8.0 0.0
4402.026679653913 0.0 0.0 0.0 1.0 0.0 0.0 8.0 0.0
4403.027609979689 0.0 0.0 0.0 1.0 0.0 0.0 8.0 0.0
4404.027609979689 0.0 0.0 0.0 1.0 0.0 0.0 8.0 0.0
4405.007701616847 0.0 0.0 0.0 1.0 0.0 0.0 8.0 0.0
4406.008266335661 0.0 0.0 0.0 1.0 0.0 0.0 8.0 0.0
4407.027609979689 0.0 0.0 0.0 1.0 0.0 0.0 8.0 0.0
4408.006631024439 0.0 0.0 0.0 1.0 0.0 0.0 8.0 0.0
4409.002786091894 0.0 0.0 0.0 1.0 0.0 0.0 8.0 0.0
4410.027609979689 0.0 0.0 0.0 1.0 0.0 0.0 8.0 0.0
4411.0015083362505 0.0 0.0 0.0 1.0 0.0 0.0 8.0 0.0
4412.014537631121 0.0 0.0 0.0 1.0 0.0 0.0 8.0 0.0
4413.006573851612 0.0 0.0 0.0 1.0 0.0 0.0 8.0 0.0
4414.023626298523 0.0 0.0 0.0 1.0 0.0 0.0 8.0 0.0
4415.016525951857 0.0 0.0 0.0 1.0 0.0 0.0 8.0 0.0
4416.000589523339 0.0 0.0 0.0 1.0 0.0 0.0 8.0 0.0
4417.000250201369 0.0 0.0 0.0 1.0 0.0 0.0 8.0 0.0
4418.000150988283 0.0 0.0 0.0 1.0 0.0 0.0 8.0 0.0
4419.009419074855 0.0 0.0 0.0 1.0 0.0 0.0 8.0 0.0
4420.027609979689 0.0 0.0 0.0 1.0 0.0 0.0 8.0 0.0
4421.003897134882 0.0 0.0 0.0 1.0 0.0 0.0 8.0 0.0
4422.027609979689 0.0 0.0 0.0 1.0 0.0 0.0 8.0 0.0
4423.027609979689 0.0 0.0 0.0 1.0 0.0 0.0 8.0 0.0
4424.027609979689 0.0 0.0 0.0 1.0 0.0 0.0 8.0 0.0
4425.0148106551815 0.0 0.0 0.0 1.0 0.0 0.0 8.0 0.0
4426.011774905444 0.0 0.0 0.0 1.0 0.0 0.0 8.0 0.0
4427.027609979689 0.0 0.0 0.0 1.0 0.0 0.0 8.0 0.0
4428.027609979689 0.0 0.0 0.0 1.0 0.0 0.0 8.0 0.0
4429.027609979689 0.0 0.0 0.0 1.0 0.0 0.0 8.0 0.0
4430.027609979689 0.0 0.0 0.0 1.0 0.0 0.0 8.0 0.0
4431.027609979689 0.0 0.0 0.0 1.0 0.0 0.0 8.0 0.0
4432.000967025851 0.0 0.0 0.0 1.0 0.0 0.0 8.0 0.0
4433.027609979689 0.0 0.0 0.0 1.0 0.0 0.0 8.0 0.0
4434.027609979689 0.0 0.0 0.0 1.0 0.0 0.0 8.0 0.0
4435.004318382343 0.0 0.0 0.0 1.0 0.0 0.0 8.0 0.0
4436.024863865827 0.0 0.0 0.0 1.0 0.0 0.0 8.0 0.0
4437.008976461888 0.0 0.0 0.0 1.0 0.0 0.0 8.0 0.0
4438.012284388388 0.0 0.0 0.0 1.0 0.0 0.0 8.0 0.0
4439.014700831497 0.0 0.0 0.0 1.0 0.0 0.0 8.0 0.0
4440.026651095967 0.0 0.0 0.0 1.0 0.0 0.0 8.0 0.0
4441.027609979689 0.0 0.0 0.0 1.0 0.0 0.0 8.0 0.0
4442.027609979689 0.0 0.0 0.0 1.0 0.0 0.0 8.0 0.0
4443.027609979689 0.0 0.0 0.0 1.0 0.0 0.0 8.0 0.0
4444.017408371248 0.0 0.0 0.0 1.0 0.0 0.0 8.0 0.0
4445.027609979689 0.0 0.0 0.0 1.0 0.0 0.0 8.0 0.0
4446.012044165467 0.0 0.0 0.0 1.0 0.0 0.0 8.0 0.0
4447.027609979689 0.0 0.0 0.0 1.0 0.0 0.0 8.0 0.0
4448.004454663383 0.0 0.0 0.0 1.0 0.0 0.0 8.0 0.0
4449.023627856252 0.0 0.0 0.0 1.0 0.0 0.0 8.0 0.0
4450.009018444213 0.0 0.0 0.0 1.0 0.0 0.0 8.0 0.0
4451.017096636959 0.0 0.0 0.0 1.0 0.0 0.0 8.0 0.0
4452.014073513536 0.0 0.0 0.0 1.0 0.0 0.0 8.0 0.0
4453.011222167829 0.0 0.0 0.0 1.0 0.0 0.0 8.0 0.0
4454.027609979689 0.0 0.0 0.0 1.0 0.0 0.0 8.0 0.0
4455.027609979689 0.0 0.0 0.0 1.0 0.0 0.0 8.0 0.0
4456.0157011645615 0.0 0.0 0.0 1.0 0.0 0.0 8.0 0.0
4457.0219875697785 0.0 0.0 0.0 1.0 0.0 0.0 8.0 0.0
4458.019242877477 0.0 0.0 0.0 1.0 0.0 0.0 8.0 0.0
4459.027609979689 0.0 0.0 0.0 1.0 0.0 0.0 8.0 0.0
4460.0269554071165 0.0 0.0 0.0 1.0 0.0 0.0 8.0 0.0
4461.027609979689 0.0 0.0 0.0 1.0 0.0 0.0 8.0 0.0
4462.016296836237 0.0 0.0 0.0 1.0 0.0 0.0 8.0 0.0
4463.027609979689 0.0 0.0 0.0 1.0 0.0 0.0 8.0 0.0
4464.027609979689 0.0 0.0 0.0 1.0 0.0 0.0 8.0 0.0
4465.0111951655645 0.0 0.0 0.0 1.0 0.0 0.0 8.0 0.0
4466.007678583172 0.0 0.0 0.0 1.0 0.0 0.0 8.0 0.0
4467.027609979689 0.0 0.0 0.0 1.0 0.0 0.0 8.0 0.0
4468.027609979689 0.0 0.0 0.0 1.0 0.0 0.0 8.0 0.0
4469.017551757849 0.0 0.0 0.0 1.0 0.0 0.0 8.0 0.0
4470.018336958803 0.0 0.0 0.0 1.0 0.0 0.0 8.0 0.0
4471.001363738737 0.0 0.0 0.0 1.0 0.0 0.0 8.0 0.0
4472.027609979689 0.0 0.0 0.0 1.0 0.0 0.0 8.0 0.0
4473.000986435205 0.0 0.0 0.0 1.0 0.0 0.0 8.0 0.0
4474.0176922184655 0.0 0.0 0.0 1.0 0.0 0.0 8.0 0.0
4475.027609979689 0.0 0.0 0.0 1.0 0.0 0.0 8.0 0.0
4476.004449112276 0.0 0.0 0.0 1.0 0.0 0.0 8.0 0.0
4477.027609979689 0.0 0.0 0.0 1.0 0.0 0.0 8.0 0.0
4478.0085608397985 0.0 0.0 0.0 1.0 0.0 0.0 8.0 0.0
4479.027609979689 0.0 0.0 0.0 1.0 0.0 0.0 8.0 0.0
4480.003095457923 0.0 0.0 0.0 1.0 0.0 0.0 8.0 0.0
4481.027609979689 0.0 0.0 0.0 1.0 0.0 0.0 8.0 0.0
4482.013591944213 0.0 0.0 0.0 1.0 0.0 0.0 8.0 0.0
4483.014105929588 0.0 0.0 0.0 1.0 0.0 0.0 8.0 0.0
4484.001276715584 0.0 0.0 0.0 1.0 0.0 0.0 8.0 0.0
4485.027609979689 0.0 0.0 0.0 1.0 0.0 0.0 8.0 0.0
4486.027609979689 0.0 0.0 0.0 1.0 0.0 0.0 8.0 0.0
4487.027609979689 0.0 0.0 0.0 1.0 0.0 0.0 8.0 0.0
4488.027609979689 0.0 0.0 0.0 1.0 0.0 0.0 8.0 0.0
4489.01078215044 0.0 0.0 0.0 1.0 0.0 0.0 8.0 0.0
4490.001716962007 0.0 0.0 0.0 1.0 0.0 0.0 8.0 0.0
4491.011857770417 0.0 0.0 0.0 1.0 0.0 0.0 8.0 0.0
4492.003489908911 0.0 0.0 0.0 1.0 0.0 0.0 8.0 0.0
4493.015699762008 0.0 0.0 0.0 1.0 0.0 0.0 8.0 0.0
4494.011423507846 0.0 0.0 0.0 1.0 0.0 0.0 8.0 0.0
4495.027265411417 0.0 0.0 0.0 1.0 0.0 0.0 8.0 0.0
4496.027609979689 0.0 0.0 0.0 1.0 0.0 0.0 8.0 0.0
4497.012574062958 0.0 0.0 0.0 1.0 0.0 0.0 8.0 0.0
4498.027305550961 0.0 0.0 0.0 1.0 0.0 0.0 8.0 0.0
4499.006507505244 0.0 0.0 0.0 1.0 0.0 0.0 8.0 0.0
4500.027609979689 0.0 0.0 0.0 1.0 0.0 0.0 8.0 0.0
4501.01372582863 0.0 0.0 0.0 1.0 0.0 0.0 8.0 0.0
4502.027609979689 0.0 0.0 0.0 1.0 0.0 0.0 8.0 0.0
4503.027609979689 0.0 0.0 0.0 1.0 0.0 0.0 8.0 0.0
4504.027609979689 0.0 0.0 0.0 1.0 0.0 0.0 8.0 0.0
4505.014571141131 0.0 0.0 0.0 1.0 0.0 0.0 8.0 0.0
4506.025644176445 0.0 0.0 0.0 1.0 0.0 0.0 8.0 0.0
4507.009999100234 0.0 0.0 0.0 1.0 0.0 0.0 8.0 0.0
4508.027609979689 0.0 0.0 0.0 1.0 0.0 0.0 8.0 0.0
4509.014827725716 0.0 0.0 0.0 1.0 0.0 0.0 8.0 0.0
4510.024521416881 0.0 0.0 0.0 1.0 0.0 0.0 8.0 0.0
4511.002591257495 0.0 0.0 0.0 1.0 0.0 0.0 8.0 0.0
4512.011928042279 0.0 0.0 0.0 1.0 0.0 0.0 8.0 0.0
4513.022093125543 0.0 0.0 0.0 1.0 0.0 0.0 8.0 0.0
4514.014860556579 0.0 0.0 0.0 1.0 0.0 0.0 8.0 0.0
4515.004351211816 0.0 0.0 0.0 1.0 0.0 0.0 8.0 0.0
4516.016812177923 0.0 0.0 0.0 1.0 0.0 0.0 8.0 0.0
4517.027609979689 0.0 0.0 0.0 1.0 0.0 0.0 8.0 0.0
4518.027609979689 0.0 0.0 0.0 1.0 0.0 0.0 8.0 0.0
4519.007545368522 0.0 0.0 0.0 1.0 0.0 0.0 8.0 0.0
4520.015604832328 0.0 0.0 0.0 1.0 0.0 0.0 8.0 0.0
4521.027609979689 0.0 0.0 0.0 1.0 0.0 0.0 8.0 0.0
4522.016916260307 0.0 0.0 0.0 1.0 0.0 0.0 8.0 0.0
4523.027609979689 0.0 0.0 0.0 1.0 0.0 0.0 8.0 0.0
4524.009933945701 0.0 0.0 0.0 1.0 0.0 0.0 8.0 0.0
4525.016341856545 0.0 0.0 0.0 1.0 0.0 0.0 8.0 0.0
4526.003198678244 0.0 0.0 0.0 1.0 0.0 0.0 8.0 0.0
4527.007288017766 0.0 0.0 0.0 1.0 0.0 0.0 8.0 0.0
4528.020514849823 0.0 0.0 0.0 1.0 0.0 0.0 8.0 0.0
4529.027609979689 0.0 0.0 0.0 1.0 0.0 0.0 8.0 0.0
4530.017126096798 0.0 0.0 0.0 1.0 0.0 0.0 8.0 0.0
4531.027609979689 0.0 0.0 0.0 1.0 0.0 0.0 8.0 0.0
4532.000380513852 0.0 0.0 0.0 1.0 0.0 0.0 8.0 0.0
4533.011408864291 0.0 0.0 0.0 1.0 0.0 0.0 8.0 0.0
4534.010277511678 0.0 0.0 0.0 1.0 0.0 0.0 8.0 0.0
4535.01538416309 0.0 0.0 0.0 1.0 0.0 0.0 8.0 0.0
4536.012796442424 0.0 0.0 0.0 1.0 0.0 0.0 8.0 0.0
4537.011476703634 0.0 0.0 0.0 1.0 0.0 0.0 8.0 0.0
4538.004435030733 0.0 0.0 0.0 1.0 0.0 0.0 8.0 0.0
4539.027609979689 0.0 0.0 0.0 1.0 0.0 0.0 8.0 0.0
4540.023978860056 0.0 0.0 0.0 1.0 0.0 0.0 8.0 0.0
4541.009931211358 0.0 0.0 0.0 1.0 0.0 0.0 8.0 0.0
4542.027609979689 0.0 0.0 0.0 1.0 0.0 0.0 8.0 0.0
4543.027609979689 0.0 0.0 0.0 1.0 0.0 0.0 8.0 0.0
4544.0133778033705 0.0 0.0 0.0 1.0 0.0 0.0 8.0 0.0
4545.027609979689 0.0 0.0 0.0 1.0 0.0 0.0 8.0 0.0
4546.027609979689 0.0 0.0 0.0 1.0 0.0 0.0 8.0 0.0
4547.027609979689 0.0 0.0 0.0 1.0 0.0 0.0 8.0 0.0
4548.012665334572 0.0 0.0 0.0 1.0 0.0 0.0 8.0 0.0
4549.027609979689 0.0 0.0 0.0 1.0 0.0 0.0 8.0 0.0
4550.027609979689 0.0 0.0 0.0 1.0 0.0 0.0 8.0 0.0
4551.027609979689 0.0 0.0 0.0 1.0 0.0 0.0 8.0 0.0
4552.0024763887 0.0 0.0 0.0 1.0 0.0 0.0 8.0 0.0
4553.027609979689 0.0 0.0 0.0 1.0 0.0 0.0 8.0 0.0
4554.017458032213 0.0 0.0 0.0 1.0 0.0 0.0 8.0 0.0
4555.005095501389 0.0 0.0 0.0 1.0 0.0 0.0 8.0 0.0
4556.02316336172 0.0 0.0 0.0 1.0 0.0 0.0 8.0 0.0
4557.013118396709 0.0 0.0 0.0 1.0 0.0 0.0 8.0 0.0
4558.012490636927 0.0 0.0 0.0 1.0 0.0 0.0 8.0 0.0
4559.027609979689 0.0 0.0 0.0 1.0 0.0 0.0 8.0 0.0
4560.024150112174 0.0 0.0 0.0 1.0 0.0 0.0 8.0 0.0
4561.007276403495 0.0 0.0 0.0 1.0 0.0 0.0 8.0 0.0
4562.027609979689 0.0 0.0 0.0 1.0 0.0 0.0 8.0 0.0
4563.027609979689 0.0 0.0 0.0 1.0 0.0 0.0 8.0 0.0
4564.0134560445595 0.0 0.0 0.0 1.0 0.0 0.0 8.0 0.0
4565.027609979689 0.0 0.0 0.0 1.0 0.0 0.0 8.0 0.0
4566.009249062379 0.0 0.0 0.0 1.0 0.0 0.0 8.0 0.0
4567.0239984921545 0.0 0.0 0.0 1.0 0.0 0.0 8.0 0.0
4568.027609979689 0.0 0.0 0.0 1.0 0.0 0.0 8.0 0.0
4569.027609979689 0.0 0.0 0.0 1.0 0.0 0.0 8.0 0.0
4570.000088950761 0.0 0.0 0.0 1.0 0.0 0.0 8.0 0.0
4571.027609979689 0.0 0.0 0.0 1.0 0.0 0.0 8.0 0.0
4572.027609979689 0.0 0.0 0.0 1.0 0.0 0.0 8.0 0.0
4573.0039600497 0.0 0.0 0.0 1.0 0.0 0.0 8.0 0.0
4574.013014317255 0.0 0.0 0.0 1.0 0.0 0.0 8.0 0.0
4575.025252127371 0.0 0.0 0.0 1.0 0.0 0.0 8.0 0.0
4576.003698614399 0.0 0.0 0.0 1.0 0.0 0.0 8.0 0.0
4577.004002196283 0.0 0.0 0.0 1.0 0.0 0.0 8.0 0.0
4578.027609979689 0.0 0.0 0.0 1.0 0.0 0.0 8.0 0.0
4579.007025989587 0.0 0.0 0.0 1.0 0.0 0.0 8.0 0.0
4580.0251190404115 0.0 0.0 0.0 1.0 0.0 0.0 8.0 0.0
4581.027609979689 0.0 0.0 0.0 1.0 0.0 0.0 8.0 0.0
4582.027609979689 0.0 0.0 0.0 1.0 0.0 0.0 8.0 0.0
4583.027609979689 0.0 0.0 0.0 1.0 0.0 0.0 8.0 0.0
4584.027609979689 0.0 0.0 0.0 1.0 0.0 0.0 8.0 0.0
4585.027609979689 0.0 0.0 0.0 1.0 0.0 0.0 8.0 0.0
4586.027609979689 0.0 0.0 0.0 1.0 0.0 0.0 8.0 0.0
4587.002763891802 0.0 0.0 0.0 1.0 0.0 0.0 8.0 0.0
4588.027609979689 0.0 0.0 0.0 1.0 0.0 0.0 8.0 0.0
4589.0139236172045 0.0 0.0 0.0 1.0 0.0 0.0 8.0 0.0
4590.027609979689 0.0 0.0 0.0 1.0 0.0 0.0 8.0 0.0
4591.025873046496 0.0 0.0 0.0 1.0 0.0 0.0 8.0 0.0
4592.005461364106 0.0 0.0 0.0 1.0 0.0 0.0 8.0 0.0
4593.027609979689 0.0 0.0 0.0 1.0 0.0 0.0 8.0 0.0
4594.011014083757 0.0 0.0 0.0 1.0 0.0 0.0 8.0 0.0
4595.027609979689 0.0 0.0 0.0 1.0 0.0 0.0 8.0 0.0
4596.006659655922 0.0 0.0 0.0 1.0 0.0 0.0 8.0 0.0
4597.027609979689 0.0 0.0 0.0 1.0 0.0 0.0 8.0 0.0
4598.001075348446 0.0 0.0 0.0 1.0 0.0 0.0 8.0 0.0
4599.009365406283 0.0 0.0 0.0 1.0 0.0 0.0 8.0 0.0
4600.023799586168 0.0 0.0 0.0 1.0 0.0 0.0 8.0 0.0
4601.027609979689 0.0 0.0 0.0 1.0 0.0 0.0 7.65 0.0
4602.016596891392 0.0 0.0 0.0 1.0 0.0 0.0 7.15 0.0
4603.027609979689 0.0 0.0 0.0 1.0 0.0 0.0 6.4 0.0
4604.020031451558 0.0 0.0 0.0 1.0 0.0 0.0 6.025 0.0
4605.0156045518015 0.0 0.0 0.0 1.0 0.0 0.0 6.0 0.0
4606.0123786052145 0.0 0.0 0.0 1.0 0.0 0.0 6.0 0.0
4607.027609979689 0.0 0.0 0.0 1.0 0.0 0.0 6.0 0.0
4608.027609979689 0.0 0.0 0.0 1.0 0.0 0.0 6.0 0.0
4609.027609979689 0.0 0.0 0.0 1.0 0.0 0.0 6.0 0.0
4610.006160348742 0.0 0.0 0.0 1.0 0.0 0.0 6.0 0.0
4611.006913610231 0.0 0.0 0.0 1.0 0.0 0.0 6.0 0.0
4612.027609979689 0.0 0.0 0.0 1.0 0.0 0.0 6.0 0.0
4613.027609979689 0.0 0.0 0.0 1.0 0.0 0.0 6.0 0.0
4614.021849005458 0.0 0.0 0.0 1.0 0.0 0.0 6.0 0.0
4615.002860054648 0.0 0.0 0.0 1.0 0.0 0.0 6.0 0.0
4616.027609979689 0.0 0.0 0.0 1.0 0.0 0.0 6.0 0.0
4617.027609979689 0.0 0.0 0.0 1.0 0.0 0.0 6.0 0.0
4618.012731930407 0.0 0.0 0.0 1.0 0.0 0.0 6.0 0.0
4619.027609979689 0.0 0.0 0.0 1.0 0.0 0.0 6.0 0.0
4620.022958774371 0.0 0.0 0.0 1.0 0.0 0.0 6.0 0.0
4621.000972856852 0.0 0.0 0.0 1.0 0.0 0.0 6.0 0.0
4622.027609979689 0.0 0.0 0.0 1.0 0.0 0.0 6.0 0.0
4623.011478422374 0.0 0.0 0.0 1.0 0.0 0.0 6.0 0.0
4624.004448568305 0.0 0.0 0.0 1.0 0.0 0.0 6.0 0.0
4625.027609979689 0.0 0.0 0.0 1.0 0.0 0.0 6.0 0.0
4626.016054460682 0.0 0.0 0.0 1.0 0.0 0.0 6.0 0.0
4627.017763144202 0.0 0.0 0.0 1.0 0.0 0.0 6.0 0.0
4628.002631986211 0.0 0.0 0.0 1.0 0.0 0.0 6.0 0.0
4629.027609979689 0.0 0.0 0.0 1.0 0.0 0.0 6.0 0.0
4630.020078774489 0.0 0.0 0.0 1.0 0.0 0.0 6.0 0.0
4631.027609979689 0.0 0.0 0.0 1.0 0.0 0.0 6.0 0.0
4632.002143888388 0.0 0.0 0.0 1.0 0.0 0.0 6.0 0.0
4633.027609979689 0.0 0.0 0.0 1.0 0.0 0.0 6.0 0.0
4634.027609979689 0.0 0.0 0.0 1.0 0.0 0.0 6.0 0.0
4635.016336012847 0.0 0.0 0.0 1.0 0.0 0.0 6.0 0.0
4636.027609979689 0.0 0.0 0.0 1.0 0.0 0.0 6.0 0.0
4637.027609979689 0.0 0.0 0.0 1.0 0.0 0.0 6.0 0.0
4638.027609979689 0.0 0.0 0.0 1.0 0.0 0.0 6.0 0.0
4639.017061413721 0.0 0.0 0.0 1.0 0.0 0.0 6.0 0.0
4640.019628140271 0.0 0.0 0.0 1.0 0.0 0.0 6.0 0.0
4641.000979017845 0.0 0.0 0.0 1.0 0.0 0.0 6.0 0.0
4642.0191105040585 0.0 0.0 0.0 1.0 0.0 0.0 6.0 0.0
4643.027609979689 0.0 0.0 0.0 1.0 0.0 0.0 6.0 0.0
4644.027609979689 0.0 0.0 0.0 1.0 0.0 0.0 6.0 0.0
4645.027609979689 0.0 0.0 0.0 1.0 0.0 0.0 6.0 0.0
4646.013761783696 0.0 0.0 0.0 1.0 0.0 0.0 6.0 0.0
4647.02034623566 0.0 0.0 0.0 1.0 0.0 0.0 6.0 0.0
4648.027609979689 0.0 0.0 0.0 1.0 0.0 0.0 6.0 0.0
4649.003763197546 0.0 0.0 0.0 1.0 0.0 0.0 6.0 0.0
4650.014221939501 0.0 0.0 0.0 1.0 0.0 0.0 6.0 0.0
4651.004329539165 0.0 0.0 0.0 1.0 0.0 0.0 6.0 0.0
4652.002257679301 0.0 0.0 0.0 1.0 0.0 0.0 6.0 0.0
4653.000316556008 0.0 0.0 0.0 1.0 0.0 0.0 6.0 0.0
4654.01450129121 0.0 0.0 0.0 1.0 0.0 0.0 6.0 0.0
4655.000120260933 0.0 0.0 0.0 1.0 0.0 0.0 6.0 0.0
4656.0094958691725 0.0 0.0 0.0 1.0 0.0 0.0 6.0 0.0
4657.024910122825 0.0 0.0 0.0 1.0 0.0 0.0 6.0 0.0
4658.020269117221 0.0 0.0 0.0 1.0 0.0 0.0 6.0 0.0
4659.017630749248 0.0 0.0 0.0 1.0 0.0 0.0 6.0 0.0
4660.027609979689 0.0 0.0 0.0 1.0 0.0 0.0 6.0 0.0
4661.003463377217 0.0 0.0 0.0 1.0 0.0 0.0 6.0 0.0
4662.027609979689 0.0 0.0 0.0 1.0 0.0 0.0 6.0 0.0
4663.001436170837 0.0 0.0 0.0 1.0 0.0 0.0 6.0 0.0
4664.019582356156 0.0 0.0 0.0 1.0 0.0 0.0 6.0 0.0
4665.013296630591 0.0 0.0 0.0 1.0 0.0 0.0 6.0 0.0
4666.003850010681 0.0 0.0 0.0 1.0 0.0 0.0 6.0 0.0
4667.027609979689 0.0 0.0 0.0 1.0 0.0 0.0 6.0 0.0
4668.027609979689 0.0 0.0 0.0 1.0 0.0 0.0 6.0 0.0
4669.027609979689 0.0 0.0 0.0 1.0 0.0 0.0 6.0 0.0
4670.018765783765 0.0 0.0 0.0 1.0 0.0 0.0 6.0 0.0
4671.011178134585 0.0 0.0 0.0 1.0 0.0 0.0 6.0 0.0
4672.007127570537 0.0 0.0 0.0 1.0 0.0 0.0 6.0 0.0
4673.027609979689 0.0 0.0 0.0 1.0 0.0 0.0 6.0 0.0
4674.0269248887425 0.0 0.0 0.0 1.0 0.0 0.0 6.0 0.0
4675.027609979689 0.0 0.0 0.0 1.0 0.0 0.0 6.0 0.0
4676.021363261941 0.0 0.0 0.0 1.0 0.0 0.0 6.0 0.0
4677.005275679983 0.0 0.0 0.0 1.0 0.0 0.0 6.0 0.0
4678.027609979689 0.0 0.0 0.0 1.0 0.0 0.0 6.0 0.0
4679.027609979689 0.0 0.0 0.0 1.0 0.0 0.0 6.0 0.0
4680.00743780251 0.0 0.0 0.0 1.0 0.0 0.0 6.0 0.0
4681.002624694048 0.0 0.0 0.0 1.0 0.0 0.0 6.0 0.0
4682.027609979689 0.0 0.0 0.0 1.0 0.0 0.0 6.0 0.0
4683.004508471474 0.0 0.0 0.0 1.0 0.0 0.0 6.0 0.0
4684.008209863368 0.0 0.0 0.0 1.0 0.0 0.0 6.0 0.0
4685.020772652336 0.0 0.0 0.0 1.0 0.0 0.0 6.0 0.0
4686.027609979689 0.0 0.0 0.0 1.0 0.0 0.0 6.0 0.0
4687.009210659724 0.0 0.0 0.0 1.0 0.0 0.0 6.0 0.0
4688.000831024003 0.0 0.0 0.0 1.0 0.0 0.0 6.0 0.0
4689.013078864835 0.0 0.0 0.0 1.0 0.0 0.0 6.0 0.0
4690.004054892952 0.0 0.0 0.0 1.0 0.0 0.0 6.0 0.0
4691.024569573264 0.0 0.0 0.0 1.0 0.0 0.0 6.0 0.0
4692.015828637769 0.0 0.0 0.0 1.0 0.0 0.0 6.0 0.0
4693.004211579461 0.0 0.0 0.0 1.0 0.0 0.0 6.0 0.0
4694.009951891833 0.0 0.0 0.0 1.0 0.0 0.0 6.0 0.0
4695.005812093945 0.0 0.0 0.0 1.0 0.0 0.0 6.0 0.0
4696.019968744247 0.0 0.0 0.0 1.0 0.0 0.0 6.0 0.0
4697.015646865109 0.0 0.0 0.0 1.0 0.0 0.0 6.0 0.0
4698.027609979689 0.0 0.0 0.0 1.0 0.0 0.0 6.0 0.0
4699.009122307168 0.0 0.0 0.0 1.0 0.0 0.0 6.0 0.0
4700.027609979689 0.0 0.0 0.0 1.0 0.0 0.0 6.0 0.0
4701.006340330618 0.0 0.0 0.0 1.0 0.0 0.0 6.0 0.0
4702.017199024983 0.0 0.0 0.0 1.0 0.0 0.0 6.0 0.0
4703.006986859147 0.0 0.0 0.0 1.0 0.0 0.0 6.0 0.0
4704.027609979689 0.0 0.0 0.0 1.0 0.0 0.0 6.0 0.0
4705.027609979689 0.0 0.0 0.0 1.0 0.0 0.0 6.0 0.0
4706.027609979689 0.0 0.0 0.0 1.0 0.0 0.0 6.0 0.0
4707.006187928393 0.0 0.0 0.0 1.0 0.0 0.0 6.0 0.0
4708.027609979689 0.0 0.0 0.0 1.0 0.0 0.0 6.0 0.0
4709.027609979689 0.0 0.0 0.0 1.0 0.0 0.0 6.0 0.0
4710.027609979689 0.0 0.0 0.0 1.0 0.0 0.0 6.0 0.0
4711.027609979689 0.0 0.0 0.0 1.0 0.0 0.0 6.0 0.0
4712.027609979689 0.0 0.0 0.0 1.0 0.0 0.0 6.0 0.0
4713.000233378575 0.0 0.0 0.0 1.0 0.0 0.0 6.0 0.0
4714.027609979689 0.0 0.0 0.0 1.0 0.0 0.0 6.0 0.0
4715.010047269377 0.0 0.0 0.0 1.0 0.0 0.0 6.0 0.0
4716.027609979689 0.0 0.0 0.0 1.0 0.0 0.0 6.0 0.0
4717.009461783113 0.0 0.0 0.0 1.0 0.0 0.0 6.0 0.0
4718.021234484864 0.0 0.0 0.0 1.0 0.0 0.0 6.0 0.0
4719.027609979689 0.0 0.0 0.0 1.0 0.0 0.0 6.0 0.0
4720.027609979689 0.0 0.0 0.0 1.0 0.0 0.0 6.0 0.0
4721.027609979689 0.0 0.0 0.0 1.0 0.0 0.0 6.0 0.0
4722.027609979689 0.0 0.0 0.0 1.0 0.0 0.0 6.0 0.0
4723.027609979689 0.0 0.0 0.0 1.0 0.0 0.0 6.0 0.0
4724.017485132399 0.0 0.0 0.0 1.0 0.0 0.0 6.0 0.0
4725.026233408661 0.0 0.0 0.0 1.0 0.0 0.0 6.0 0.0
4726.027609979689 0.0 0.0 0.0 1.0 0.0 0.0 6.0 0.0
4727.004088522803 0.0 0.0 0.0 1.0 0.0 0.0 6.0 0.0
4728.027609979689 0.0 0.0 0.0 1.0 0.0 0.0 6.0 0.0
4729.027609979689 0.0 0.0 0.0 1.0 0.0 0.0 6.0 0.0
4730.009365004749 0.0 0.0 0.0 1.0 0.0 0.0 6.0 0.0
4731.000533221223 0.0 0.0 0.0 1.0 0.0 0.0 6.0 0.0
4732.009410345295 0.0 0.0 0.0 1.0 0.0 0.0 6.0 0.0
4733.027609979689 0.0 0.0 0.0 1.0 0.0 0.0 6.0 0.0
4734.012164164545 0.0 0.0 0.0 1.0 0.0 0.0 6.0 0.0
4735.009283329404 0.0 0.0 0.0 1.0 0.0 0.0 6.0 0.0
4736.027609979689 0.0 0.0 0.0 1.0 0.0 0.0 6.0 0.0
4737.005884394093 0.0 0.0 0.0 1.0 0.0 0.0 6.0 0.0
4738.027609979689 0.0 0.0 0.0 1.0 0.0 0.0 6.0 0.0
4739.007643596597 0.0 0.0 0.0 1.0 0.0 0.0 6.0 0.0
4740.001266899968 0.0 0.0 0.0 1.0 0.0 0.0 6.0 0.0
4741.0208025182055 0.0 0.0 0.0 1.0 0.0 0.0 6.0 0.0
4742.027609979689 0.0 0.0 0.0 1.0 0.0 0.0 6.0 0.0
4743.014348399609 0.0 0.0 0.0 1.0 0.0 0.0 6.0 0.0
4744.000438271859 0.0 0.0 0.0 1.0 0.0 0.0 6.0 0.0
4745.027609979689 0.0 0.0 0.0 1.0 0.0 0.0 6.0 0.0
4746.015549141018 0.0 0.0 0.0 1.0 0.0 0.0 6.0 0.0
4747.014127334635 0.0 0.0 0.0 1.0 0.0 0.0 6.0 0.0
4748.000192090022 0.0 0.0 0.0 1.0 0.0 0.0 6.0 0.0
4749.027609979689 0.0 0.0 0.0 1.0 0.0 0.0 6.0 0.0
4750.000162112731 0.0 0.0 0.0 1.0 0.0 0.0 6.0 0.0
4751.027609979689 0.0 0.0 0.0 1.0 0.0 0.0 6.0 0.0
4752.027609979689 0.0 0.0 0.0 1.0 0.0 0.0 6.0 0.0
4753.0066920068875 0.0 0.0 0.0 1.0 0.0 0.0 6.0 0.0
4754.027609979689 0.0 0.0 0.0 1.0 0.0 0.0 6.0 0.0
4755.027609979689 0.0 0.0 0.0 1.0 0.0 0.0 6.0 0.0
4756.008995043364 0.0 0.0 0.0 1.0 0.0 0.0 6.0 0.0
4757.012591867393 0.0 0.0 0.0 1.0 0.0 0.0 6.0 0.0
4758.01116339307 0.0 0.0 0.0 1.0 0.0 0.0 6.0 0.0
4759.014263978024 0.0 0.0 0.0 1.0 0.0 0.0 6.0 0.0
4760.027609979689 0.0 0.0 0.0 1.0 0.0 0.0 6.0 0.0
4761.027609979689 0.0 0.0 0.0 1.0 0.0 0.0 6.0 0.0
4762.022088225254 0.0 0.0 0.0 1.0 0.0 0.0 6.0 0.0
4763.027609979689 0.0 0.0 0.0 1.0 0.0 0.0 6.0 0.0
4764.002225674951 0.0 0.0 0.0 1.0 0.0 0.0 6.0 0.0
4765.003498647329 0.0 0.0 0.0 1.0 0.0 0.0 6.0 0.0
4766.009158752969 0.0 0.0 0.0 1.0 0.0 0.0 6.0 0.0
4767.027609979689 0.0 0.0 0.0 1.0 0.0 0.0 6.0 0.0
4768.008822824164 0.0 0.0 0.0 1.0 0.0 0.0 6.0 0.0
4769.027609979689 0.0 0.0 0.0 1.0 0.0 0.0 6.0 0.0
4770.027609979689 0.0 0.0 0.0 1.0 0.0 0.0 6.0 0.0
4771.003705687105 0.0 0.0 0.0 1.0 0.0 0.0 6.0 0.0
4772.027609979689 0.0 0.0 0.0 1.0 0.0 0.0 6.0 0.0
4773.027609979689 0.0 0.0 0.0 1.0 0.0 0.0 6.0 0.0
4774.011058414239 0.0 0.0 0.0 1.0 0.0 0.0 6.0 0.0
4775.027506279997 0.0 0.0 0.0 1.0 0.0 0.0 6.0 0.0
4776.008189809375 0.0 0.0 0.0 1.0 0.0 0.0 6.0 0.0
4777.012752119679 0.0 0.0 0.0 1.0 0.0 0.0 6.0 0.0
4778.016922892979 0.0 0.0 0.0 1.0 0.0 0.0 6.0 0.0
4779.027609979689 0.0 0.0 0.0 1.0 0.0 0.0 6.0 0.0
4780.027609979689 0.0 0.0 0.0 1.0 0.0 0.0 6.0 0.0
4781.015094088742 0.0 0.0 0.0 1.0 0.0 0.0 6.0 0.0
4782.005536444437 0.0 0.0 0.0 1.0 0.0 0.0 6.0 0.0
4783.027609979689 0.0 0.0 0.0 1.0 0.0 0.0 6.0 0.0
4784.006624545994 0.0 0.0 0.0 1.0 0.0 0.0 6.0 0.0
4785.004201348749 0.0 0.0 0.0 1.0 0.0 0.0 6.0 0.0
4786.0000677125245 0.0 0.0 0.0 1.0 0.0 0.0 6.0 0.0
4787.015628326777 0.0 0.0 0.0 1.0 0.0 0.0 6.0 0.0
4788.027609979689 0.0 0.0 0.0 1.0 0.0 0.0 6.0 0.0
4789.027609979689 0.0 0.0 0.0 1.0 0.0 0.0 6.0 0.0
4790.005017688561 0.0 0.0 0.0 1.0 0.0 0.0 6.0 0.0
4791.003721561292 0.0 0.0 0.0 1.0 0.0 0.0 6.0 0.0
4792.0131858881205 0.0 0.0 0.0 1.0 0.0 0.0 6.0 0.0
4793.001676330149 0.0 0.0 0.0 1.0 0.0 0.0 6.0 0.0
4794.027609979689 0.0 0.0 0.0 1.0 0.0 0.0 6.0 0.0
4795.010600869016 0.0 0.0 0.0 1.0 0.0 0.0 6.0 0.0
4796.004788526516 0.0 0.0 0.0 1.0 0.0 0.0 6.0 0.0
4797.027609979689 0.0 0.0 0.0 1.0 0.0 0.0 6.0 0.0
4798.013627515928 0.0 0.0 0.0 1.0 0.0 0.0 6.0 0.0
4799.027609979689 0.0 0.0 0.0 1.0 0.0 0.0 6.0 0.0
4800.027609979689 0.0 0.0 0.0 1.0 0.0 0.0 6.0 0.0
4801.027609979689 0.0 0.0 0.0 1.0 0.0 0.0 6.0 0.0
4802.011293425258 0.3 0.0 0.0 0.7 0.0 1.0 6.0 0.4097560975609756
4803.00787107006 0.95 0.0 0.0 0.05 0.0 1.0 6.325 0.09268292682926829
4804.014300727451 0.975 0.0 0.0 0.02499999999999999 0.0 1.0 7.05 0.0475609756097561
4805.013898454667 1.0 0.0 0.0 0.0 0.0 1.0 7.675 0.0
4806.004842724412 1.0 0.0 0.0 0.0 0.0 1.0 8.0 0.0
4807.007778662828 1.0 0.0 0.0 0.0 0.0 1.0 8.0 0.0
4808.027609979689 1.0 0.0 0.0 0.0 0.0 1.0 8.0 0.0
4809.003290507331 1.0 0.0 0.0 0.0 0.0 1.0 8.0 0.0
4810.027609979689 1.0 0.0 0.0 0.0 0.0 1.0 8.0 0.0
4811.027609979689 1.0 0.0 0.0 0.0 0.0 1.0 8.0 0.0
4812.027609979689 1.0 0.0 0.0 0.0 0.0 1.0 8.0 0.0
4813.000643555381 1.0 0.0 0.0 0.0 0.0 1.0 8.0 0.0
4814.002469574652 1.0 0.0 0.0 0.0 0.0 1.0 8.0 0.0
4815.027609979689 1.0 0.0 0.0 0.0 0.0 1.0 8.0 0.0
4816.004589102529 1.0 0.0 0.0 0.0 0.0 1.0 8.0 0.0
4817.02382506204 1.0 0.0 0.0 0.0 0.0 1.0 8.0 0.0
4818.008783293968 1.0 0.0 0.0 0.0 0.0 1.0 8.0 0.0
4819.027609979689 1.0 0.0 0.0 0.0 0.0 1.0 8.0 0.0
4820.027609979689 1.0 0.0 0.0 0.0 0.0 1.0 8.0 0.0
4821.008183959151 1.0 0.0 0.0 0.0 0.0 1.0 8.0 0.0
4822.020518357422 1.0 0.0 0.0 0.0 0.0 1.0 8.0 0.0
4823.027609979689 1.0 0.0 0.0 0.0 0.0 1.0 8.0 0.0
4824.016595174287 1.0 0.0 0.0 0.0 0.0 1.0 8.0 0.0
4825.021673348456 1.0 0.0 0.0 0.0 0.0 1.0 8.0 0.0
4826.005325012621 1.0 0.0 0.0 0.0 0.0 1.0 8.0 0.0
4827.005441638454 1.0 0.0 0.0 0.0 0.0 1.0 8.0 0.0
4828.024364380848 1.0 0.0 0.0 0.0 0.0 1.0 8.0 0.0
4829.018896314894 1.0 0.0 0.0 0.0 0.0 1.0 8.0 0.0
4830.015314511813 1.0 0.0 0.0 0.0 0.0 1.0 8.0 0.0
4831.027609979689 1.0 0.0 0.0 0.0 0.0 1.0 8.0 0.0
4832.008358264715 1.0 0.0 0.0 0.0 0.0 1.0 8.0 0.0
4833.020676980186 1.0 0.0 0.0 0.0 0.0 1.0 8.0 0.0
4834.017446887951 1.0 0.0 0.0 0.0 0.0 1.0 8.0 0.0
4835.0179907527145 1.0 0.0 0.0 0.0 0.0 1.0 8.0 0.0
4836.007641493794 1.0 0.0 0.0 0.0 0.0 1.0 8.0 0.0
4837.027609979689 1.0 0.0 0.0 0.0 0.0 1.0 8.0 0.0
4838.016772728143 1.0 0.0 0.0 0.0 0.0 1.0 8.0 0.0
4839.00472294192 1.0 0.0 0.0 0.0 0.0 1.0 8.0 0.0
4840.027572421565 1.0 0.0 0.0 0.0 0.0 1.0 8.0 0.0
4841.015979550414 1.0 0.0 0.0 0.0 0.0 1.0 8.0 0.0
4842.021742384622 1.0 0.0 0.0 0.0 0.0 1.0 8.0 0.0
4843.008029916641 1.0 0.0 0.0 0.0 0.0 1.0 8.0 0.0
4844.019423656251 1.0 0.0 0.0 0.0 0.0 1.0 8.0 0.0
4845.027609979689 1.0 0.0 0.0 0.0 0.0 1.0 8.0 0.0
4846.003794976777 1.0 0.0 0.0 0.0 0.0 1.0 8.0 0.0
4847.019463687102 1.0 0.0 0.0 0.0 0.0 1.0 8.0 0.0
4848.00543359068 1.0 0.0 0.0 0.0 0.0 1.0 8.0 0.0
4849.000928048226 1.0 0.0 0.0 0.0 0.0 1.0 8.0 0.0
4850.011109957352 1.0 0.0 0.0 0.0 0.0 1.0 8.0 0.0
4851.027609979689 1.0 0.0 0.0 0.0 0.0 1.0 8.0 0.0
4852.021600229249 1.0 0.0 0.0 0.0 0.0 1.0 8.0 0.0
4853.027609979689 1.0 0.0 0.0 0.0 0.0 1.0 8.0 0.0
4854.027609979689 1.0 0.0 0.0 0.0 0.0 1.0 8.0 0.0
4855.026089767839 1.0 0.0 0.0 0.0 0.0 1.0 8.0 0.0
4856.027609979689 1.0 0.0 0.0 0.0 0.0 1.0 8.0 0.0
4857.027609979689 1.0 0.0 0.0 0.0 0.0 1.0 8.0 0.0
4858.006470762783 1.0 0.0 0.0 0.0 0.0 1.0 8.0 0.0
4859.024078786045 1.0 0.0 0.0 0.0 0.0 1.0 8.0 0.0
4860.027609979689 1.0 0.0 0.0 0.0 0.0 1.0 8.0 0.0
4861.027609979689 1.0 0.0 0.0 0.0 0.0 1.0 8.0 0.0
4862.010996746288 1.0 0.0 0.0 0.0 0.0 1.0 8.0 0.0
4863.023762278202 1.0 0.0 0.0 0.0 0.0 1.0 8.0 0.0
4864.002072460809 1.0 0.0 0.0 0.0 0.0 1.0 8.0 0.0
4865.003458675033 1.0 0.0 0.0 0.0 0.0 1.0 8.0 0.0
4866.016567896519 1.0 0.0 0.0 0.0 0.0 1.0 8.0 0.0
4867.004635230254 1.0 0.0 0.0 0.0 0.0 1.0 8.0 0.0
4868.027609979689 1.0 0.0 0.0 0.0 0.0 1.0 8.0 0.0
4869.027609979689 1.0 0.0 0.0 0.0 0.0 1.0 8.0 0.0
4870.027609979689 1.0 0.0 0.0 0.0 0.0 1.0 8.0 0.0
4871.027609979689 1.0 0.0 0.0 0.0 0.0 1.0 8.0 0.0
4872.006963371497 1.0 0.0 0.0 0.0 0.0 1.0 8.0 0.0
4873.027609979689 1.0 0.0 0.0 0.0 0.0 1.0 8.0 0.0
4874.017859104764 1.0 0.0 0.0 0.0 0.0 1.0 8.0 0.0
4875.027609979689 1.0 0.0 0.0 0.0 0.0 1.0 8.0 0.0
4876.027609979689 1.0 0.0 0.0 0.0 0.0 1.0 8.0 0.0
4877.027609979689 1.0 0.0 0.0 0.0 0.0 1.0 8.0 0.0
4878.003369516618 1.0 0.0 0.0 0.0 0.0 1.0 8.0 0.0
4879.022528737063 1.0 0.0 0.0 0.0 0.0 1.0 8.0 0.0
4880.027609979689 1.0 0.0 0.0 0.0 0.0 1.0 8.0 0.0
4881.027609979689 1.0 0.0 0.0 0.0 0.0 1.0 8.0 0.0
4882.027609979689 1.0 0.0 0.0 0.0 0.0 1.0 8.0 0.0
4883.006578521684 1.0 0.0 0.0 0.0 0.0 1.0 8.0 0.0
4884.008746348178 1.0 0.0 0.0 0.0 0.0 1.0 8.0 0.0
4885.027609979689 1.0 0.0 0.0 0.0 0.0 1.0 8.0 0.0
4886.027609979689 1.0 0.0 0.0 0.0 0.0 1.0 8.0 0.0
4887.018567720068 1.0 0.0 0.0 0.0 0.0 1.0 8.0 0.0
4888.027609979689 1.0 0.0 0.0 0.0 0.0 1.0 8.0 0.0
4889.00939492873 1.0 0.0 0.0 0.0 0.0 1.0 8.0 0.0
4890.012562485482 1.0 0.0 0.0 0.0 0.0 1.0 8.0 0.0
4891.003355685829 1.0 0.0 0.0 0.0 0.0 1.0 8.0 0.0
4892.000687019076 1.0 0.0 0.0 0.0 0.0 1.0 8.0 0.0
4893.00100894894 1.0 0.0 0.0 0.0 0.0 1.0 8.0 0.0
4894.004885343771 1.0 0.0 0.0 0.0 0.0 1.0 8.0 0.0
4895.027609979689 1.0 0.0 0.0 0.0 0.0 1.0 8.0 0.0
4896.012428974746 1.0 0.0 0.0 0.0 0.0 1.0 8.0 0.0
4897.004026702163 1.0 0.0 0.0 0.0 0.0 1.0 8.0 0.0
4898.027609979689 1.0 0.0 0.0 0.0 0.0 1.0 8.0 0.0
4899.027609979689 1.0 0.0 0.0 0.0 0.0 1.0 8.0 0.0
4900.027609979689 1.0 0.0 0.0 0.0 0.0 1.0 8.0 0.0
4901.006481752075 1.0 0.0 0.0 0.0 0.0 1.0 8.0 0.0
4902.027609979689 1.0 0.0 0.0 0.0 0.0 1.0 8.0 0.0
4903.023373402144 1.0 0.0 0.0 0.0 0.0 1.0 8.0 0.0
4904.002684347767 1.0 0.0 0.0 0.0 0.0 1.0 8.0 0.0
4905.000803562916 1.0 0.0 0.0 0.0 0.0 1.0 8.0 0.0
4906.018341198433 1.0 0.0 0.0 0.0 0.0 1.0 8.0 0.0
4907.006378230655 1.0 0.0 0.0 0.0 0.0 1.0 8.0 0.0
4908.0181443281435 1.0 0.0 0.0 0.0 0.0 1.0 8.0 0.0
4909.027609979689 1.0 0.0 0.0 0.0 0.0 1.0 8.0 0.0
4910.011104554534 1.0 0.0 0.0 0.0 0.0 1.0 8.0 0.0
4911.022722529743 1.0 0.0 0.0 0.0 0.0 1.0 8.0 0.0
4912.018909604786 1.0 0.0 0.0 0.0 0.0 1.0 8.0 0.0
4913.027609979689 1.0 0.0 0.0 0.0 0.0 1.0 8.0 0.0
4914.001671065346 1.0 0.0 0.0 0.0 0.0 1.0 8.0 0.0
4915.027609979689 1.0 0.0 0.0 0.0 0.0 1.0 8.0 0.0
4916.020652331228 1.0 0.0 0.0 0.0 0.0 1.0 8.0 0.0
4917.020139371321 1.0 0.0 0.0 0.0 0.0 1.0 8.0 0.0
4918.0013959713515 1.0 0.0 0.0 0.0 0.0 1.0 8.0 0.0
4919.02081994079 1.0 0.0 0.0 0.0 0.0 1.0 8.0 0.0
4920.027609979689 1.0 0.0 0.0 0.0 0.0 1.0 8.0 0.0
4921.027609979689 1.0 0.0 0.0 0.0 0.0 1.0 8.0 0.0
4922.007386035758 1.0 0.0 0.0 0.0 0.0 1.0 8.0 0.0
4923.025153138504 1.0 0.0 0.0 0.0 0.0 1.0 8.0 0.0
4924.006208501693 1.0 0.0 0.0 0.0 0.0 1.0 8.0 0.0
4925.027609979689 1.0 0.0 0.0 0.0 0.0 1.0 8.0 0.0
4926.0053917028745 1.0 0.0 0.0 0.0 0.0 1.0 8.0 0.0
4927.027609979689 1.0 0.0 0.0 0.0 0.0 1.0 8.0 0.0
4928.027609979689 1.0 0.0 0.0 0.0 0.0 1.0 8.0 0.0
4929.0160799587475 1.0 0.0 0.0 0.0 0.0 1.0 8.0 0.0
4930.027609979689 1.0 0.0 0.0 0.0 0.0 1.0 8.0 0.0
4931.006210519519 1.0 0.0 0.0 0.0 0.0 1.0 8.0 0.0
4932.009302463077 1.0 0.0 0.0 0.0 0.0 1.0 8.0 0.0
4933.027609979689 1.0 0.0 0.0 0.0 0.0 1.0 8.0 0.0
4934.027609979689 1.0 0.0 0.0 0.0 0.0 1.0 8.0 0.0
4935.027609979689 1.0 0.0 0.0 0.0 0.0 1.0 8.0 0.0
4936.027609979689 1.0 0.0 0.0 0.0 0.0 1.0 8.0 0.0
4937.027609979689 1.0 0.0 0.0 0.0 0.0 1.0 8.0 0.0
4938.023153955057 1.0 0.0 0.0 0.0 0.0 1.0 8.0 0.0
4939.027609979689 1.0 0.0 0.0 0.0 0.0 1.0 8.0 0.0
4940.025562654349 1.0 0.0 0.0 0.0 0.0 1.0 8.0 0.0
4941.000429641213 1.0 0.0 0.0 0.0 0.0 1.0 8.0 0.0
4942.027609979689 1.0 0.0 0.0 0.0 0.0 1.0 8.0 0.0
4943.015569323694 1.0 0.0 0.0 0.0 0.0 1.0 8.0 0.0
4944.027609979689 1.0 0.0 0.0 0.0 0.0 1.0 8.0 0.0
4945.014985685434 1.0 0.0 0.0 0.0 0.0 1.0 8.0 0.0
4946.007979482161 1.0 0.0 0.0 0.0 0.0 1.0 8.0 0.0
4947.01509763275 1.0 0.0 0.0 0.0 0.0 1.0 8.0 0.0
4948.00745491226 1.0 0.0 0.0 0.0 0.0 1.0 8.0 0.0
4949.027609979689 1.0 0.0 0.0 0.0 0.0 1.0 8.0 0.0
4950.027609979689 1.0 0.0 0.0 0.0 0.0 1.0 8.0 0.0
4951.012951066038 1.0 0.0 0.0 0.0 0.0 1.0 8.0 0.0
4952.014805509559 1.0 0.0 0.0 0.0 0.0 1.0 8.0 0.0
4953.027609979689 1.0 0.0 0.0 0.0 0.0 1.0 8.0 0.0
4954.027609979689 1.0 0.0 0.0 0.0 0.0 1.0 8.0 0.0
4955.027609979689 1.0 0.0 0.0 0.0 0.0 1.0 8.0 0.0
4956.011291192435 1.0 0.0 0.0 0.0 0.0 1.0 8.0 0.0
4957.023390444428 1.0 0.0 0.0 0.0 0.0 1.0 8.0 0.0
4958.008054711099 1.0 0.0 0.0 0.0 0.0 1.0 8.0 0.0
4959.012437579341 1.0 0.0 0.0 0.0 0.0 1.0 8.0 0.0
4960.0063588299945 1.0 0.0 0.0 0.0 0.0 1.0 8.0 0.0
4961.015856055976 1.0 0.0 0.0 0.0 0.0 1.0 8.0 0.0
4962.027609979689 1.0 0.0 0.0 0.0 0.0 1.0 8.0 0.0
4963.027609979689 1.0 0.0 0.0 0.0 0.0 1.0 8.0 0.0
4964.001584350413 1.0 0.0 0.0 0.0 0.0 1.0 8.0 0.0
4965.027609979689 1.0 0.0 0.0 0.0 0.0 1.0 8.0 0.0
4966.027609979689 1.0 0.0 0.0 0.0 0.0 1.0 8.0 0.0
4967.027609979689 1.0 0.0 0.0 0.0 0.0 1.0 8.0 0.0
4968.002391519118 1.0 0.0 0.0 0.0 0.0 1.0 8.0 0.0
4969.027609979689 1.0 0.0 0.0 0.0 0.0 1.0 8.0 0.0
4970.000716726376 1.0 0.0 0.0 0.0 0.0 1.0 8.0 0.0
4971.027609979689 1.0 0.0 0.0 0.0 0.0 1.0 8.0 0.0
4972.002632637386 1.0 0.0 0.0 0.0 0.0 1.0 8.0 0.0
4973.027609979689 1.0 0.0 0.0 0.0 0.0 1.0 8.0 0.0
4974.027609979689 1.0 0.0 0.0 0.0 0.0 1.0 8.0 0.0
4975.027609979689 1.0 0.0 0.0 0.0 0.0 1.0 8.0 0.0
4976.008599852785 1.0 0.0 0.0 0.0 0.0 1.0 8.0 0.0
4977.027609979689 1.0 0.0 0.0 0.0 0.0 1.0 8.0 0.0
4978.027609979689 1.0 0.0 0.0 0.0 0.0 1.0 8.0 0.0
4979.002558423006 1.0 0.0 0.0 0.0 0.0 1.0 8.0 0.0
4980.027609979689 1.0 0.0 0.0 0.0 0.0 1.0 8.0 0.0
4981.027609979689 1.0 0.0 0.0 0.0 0.0 1.0 8.0 0.0
4982.001149864583 1.0 0.0 0.0 0.0 0.0 1.0 8.0 0.0
4983.002604562658 1.0 0.0 0.0 0.0 0.0 1.0 8.0 0.0
4984.027609979689 1.0 0.0 0.0 0.0 0.0 1.0 8.0 0.0
4985.018843055372 1.0 0.0 0.0 0.0 0.0 1.0 8.0 0.0
4986.026745727728 1.0 0.0 0.0 0.0 0.0 1.0 8.0 0.0
4987.027609979689 1.0 0.0 0.0 0.0 0.0 1.0 8.0 0.0
4988.004814735222 1.0 0.0 0.0 0.0 0.0 1.0 8.0 0.0
4989.020850921222 1.0 0.0 0.0 0.0 0.0 1.0 8.0 0.0
4990.027609979689 1.0 0.0 0.0 0.0 0.0 1.0 8.0 0.0
4991.008605947158 1.0 0.0 0.0 0.0 0.0 1.0 8.0 0.0
4992.027609979689 1.0 0.0 0.0 0.0 0.0 1.0 8.0 0.0
4993.006040219736 1.0 0.0 0.0 0.0 0.0 1.0 8.0 0.0
4994.006449312653 1.0 0.0 0.0 0.0 0.0 1.0 8.0 0.0
4995.015103040771 1.0 0.0 0.0 0.0 0.0 1.0 8.0 0.0
4996.009357565332 1.0 0.0 0.0 0.0 0.0 1.0 8.0 0.0
4997.027609979689 1.0 0.0 0.0 0.0 0.0 1.0 8.0 0.0
4998.025478143066 1.0 0.0 0.0 0.0 0.0 1.0 8.0 0.0
4999.01259850703 1.0 0.0 0.0 0.0 0.0 1.0 8.0 0.0
5000.008925055695 1.0 0.0 0.0 0.0 0.0 1.0 8.0 0.0
5001.015173952218 1.0 0.0 0.0 0.0 0.0 1.0 8.0 0.0
5002.026500156227 1.0 0.0 0.0 0.0 0.0 1.0 8.0 0.0
5003.023197424488 1.0 0.0 0.0 0.0 0.0 1.0 8.0 0.0
5004.0031558438195 1.0 0.0 0.0 0.0 0.0 1.0 8.0 0.0
5005.027609979689 1.0 0.0 0.0 0.0 0.0 1.0 8.0 0.0
5006.005054292963 1.0 0.0 0.0 0.0 0.0 1.0 8.0 0.0
5007.014286163521 1.0 0.0 0.0 0.0 0.0 1.0 8.0 0.0
5008.027609979689 1.0 0.0 0.0 0.0 0.0 1.0 8.0 0.0
5009.027609979689 1.0 0.0 0.0 0.0 0.0 1.0 8.0 0.0
5010.011264030184 1.0 0.0 0.0 0.0 0.0 1.0 8.0 0.0
5011.007883367756 1.0 0.0 0.0 0.0 0.0 1.0 8.0 0.0
5012.001385127308 1.0 0.0 0.0 0.0 0.0 1.0 8.0 0.0
5013.0203467279325 1.0 0.0 0.0 0.0 0.0 1.0 8.0 0.0
5014.027609979689 1.0 0.0 0.0 0.0 0.0 1.0 8.0 0.0
5015.027609979689 1.0 0.0 0.0 0.0 0.0 1.0 8.0 0.0
5016.009493935502 1.0 0.0 0.0 0.0 0.0 1.0 8.0 0.0
5017.018041878116 1.0 0.0 0.0 0.0 0.0 1.0 8.0 0.0
5018.015565801158 1.0 0.0 0.0 0.0 0.0 1.0 8.0 0.0
5019.023101285394 1.0 0.0 0.0 0.0 0.0 1.0 8.0 0.0
5020.011606797426 1.0 0.0 0.0 0.0 0.0 1.0 8.0 0.0
5021.027609979689 1.0 0.0 0.0 0.0 0.0 1.0 8.0 0.0
5022.002347811583 1.0 0.0 0.0 0.0 0.0 1.0 8.0 0.0
5023.01107655555 1.0 0.0 0.0 0.0 0.0 1.0 8.0 0.0
5024.009736475773 1.0 0.0 0.0 0.0 0.0 1.0 8.0 0.0
5025.027609979689 1.0 0.0 0.0 0.0 0.0 1.0 8.0 0.0
5026.003274017021 1.0 0.0 0.0 0.0 0.0 1.0 8.0 0.0
5027.027609979689 1.0 0.0 0.0 0.0 0.0 1.0 8.0 0.0
5028.027609979689 1.0 0.0 0.0 0.0 0.0 1.0 8.0 0.0
5029.027609979689 1.0 0.0 0.0 0.0 0.0 1.0 8.0 0.0
5030.027609979689 1.0 0.0 0.0 0.0 0.0 1.0 8.0 0.0
5031.001719015232 1.0 0.0 0.0 0.0 0.0 1.0 8.0 0.0
5032.027609979689 1.0 0.0 0.0 0.0 0.0 1.0 8.0 0.0
5033.007827389255 1.0 0.0 0.0 0.0 0.0 1.0 8.0 0.0
5034.023730083732 1.0 0.0 0.0 0.0 0.0 1.0 8.0 0.0
5035.027609979689 1.0 0.0 0.0 0.0 0.0 1.0 8.0 0.0
5036.00840201818 1.0 0.0 0.0 0.0 0.0 1.0 8.0 0.0
5037.027609979689 1.0 0.0 0.0 0.0 0.0 1.0 8.0 0.0
5038.027609979689 1.0 0.0 0.0 0.0 0.0 1.0 8.0 0.0
5039.0136136172105 1.0 0.0 0.0 0.0 0.0 1.0 8.0 0.0
5040.027609979689 1.0 0.0 0.0 0.0 0.0 1.0 8.0 0.0
5041.027609979689 1.0 0.0 0.0 0.0 0.0 1.0 8.0 0.0
5042.019062457874 1.0 0.0 0.0 0.0 0.0 1.0 8.0 0.0
5043.027609979689 1.0 0.0 0.0 0.0 0.0 1.0 8.0 0.0
5044.0079279668125 1.0 0.0 0.0 0.0 0.0 1.0 8.0 0.0
5045.027609979689 1.0 0.0 0.0 0.0 0.0 1.0 8.0 0.0
5046.027609979689 1.0 0.0 0.0 0.0 0.0 1.0 8.0 0.0
5047.022819427079 1.0 0.0 0.0 0.0 0.0 1.0 8.0 0.0
5048.003738711365 1.0 0.0 0.0 0.0 0.0 1.0 8.0 0.0
5049.027609979689 1.0 0.0 0.0 0.0 0.0 1.0 8.0 0.0
5050.027609979689 1.0 0.0 0.0 0.0 0.0 1.0 8.0 0.0
5051.005431811117 1.0 0.0 0.0 0.0 0.0 1.0 8.0 0.0
5052.014615989534 1.0 0.0 0.0 0.0 0.0 1.0 8.0 0.0
5053.014200748466 1.0 0.0 0.0 0.0 0.0 1.0 8.0 0.0
5054.01897644619 1.0 0.0 0.0 0.0 0.0 1.0 8.0 0.0
5055.027609979689 1.0 0.0 0.0 0.0 0.0 1.0 8.0 0.0
5056.027609979689 1.0 0.0 0.0 0.0 0.0 1.0 8.0 0.0
5057.027609979689 1.0 0.0 0.0 0.0 0.0 1.0 8.0 0.0
5058.010310841846 1.0 0.0 0.0 0.0 0.0 1.0 8.0 0.0
5059.027609979689 1.0 0.0 0.0 0.0 0.0 1.0 8.0 0.0
5060.001126348486 1.0 0.0 0.0 0.0 0.0 1.0 8.0 0.0
5061.027609979689 1.0 0.0 0.0 0.0 0.0 1.0 8.0 0.0
5062.027609979689 1.0 0.0 0.0 0.0 0.0 1.0 8.0 0.0
5063.017637942333 1.0 0.0 0.0 0.0 0.0 1.0 8.0 0.0
5064.027609979689 1.0 0.0 0.0 0.0 0.0 1.0 8.0 0.0
5065.008512323749 1.0 0.0 0.0 0.0 0.0 1.0 8.0 0.0
5066.027609979689 1.0 0.0 0.0 0.0 0.0 1.0 8.0 0.0
5067.000681201214 1.0 0.0 0.0 0.0 0.0 1.0 8.0 0.0
5068.025151597244 1.0 0.0 0.0 0.0 0.0 1.0 8.0 0.0
5069.015304947865 1.0 0.0 0.0 0.0 0.0 1.0 8.0 0.0
5070.015582296616 1.0 0.0 0.0 0.0 0.0 1.0 8.0 0.0
5071.027609979689 1.0 0.0 0.0 0.0 0.0 1.0 8.0 0.0
5072.027609979689 1.0 0.0 0.0 0.0 0.0 1.0 8.0 0.0
5073.011660094644 1.0 0.0 0.0 0.0 0.0 1.0 8.0 0.0
5074.0214559655815 1.0 0.0 0.0 0.0 0.0 1.0 8.0 0.0
5075.027609979689 1.0 0.0 0.0 0.0 0.0 1.0 8.0 0.0
5076.013298271276 1.0 0.0 0.0 0.0 0.0 1.0 8.0 0.0
5077.000384005529 1.0 0.0 0.0 0.0 0.0 1.0 8.0 0.0
5078.027503505286 1.0 0.0 0.0 0.0 0.0 1.0 8.0 0.0
5079.027609979689 1.0 0.0 0.0 0.0 0.0 1.0 8.0 0.0
5080.027609979689 1.0 0.0 0.0 0.0 0.0 1.0 8.0 0.0
5081.0000348955755 1.0 0.0 0.0 0.0 0.0 1.0 8.0 0.0
5082.01918195456 1.0 0.0 0.0 0.0 0.0 1.0 8.0 0.0
5083.023697174841 1.0 0.0 0.0 0.0 0.0 1.0 8.0 0.0
5084.022387713908 1.0 0.0 0.0 0.0 0.0 1.0 8.0 0.0
5085.001058776812 1.0 0.0 0.0 0.0 0.0 1.0 8.0 0.0
5086.027609979689 1.0 0.0 0.0 0.0 0.0 1.0 8.0 0.0
5087.003211208776 1.0 0.0 0.0 0.0 0.0 1.0 8.0 0.0
5088.027609979689 1.0 0.0 0.0 0.0 0.0 1.0 8.0 0.0
5089.0034160271525 1.0 0.0 0.0 0.0 0.0 1.0 8.0 0.0
5090.027609979689 1.0 0.0 0.0 0.0 0.0 1.0 8.0 0.0
5091.027609979689 1.0 0.0 0.0 0.0 0.0 1.0 8.0 0.0
5092.001013953135 1.0 0.0 0.0 0.0 0.0 1.0 8.0 0.0
5093.027609979689 1.0 0.0 0.0 0.0 0.0 1.0 8.0 0.0
5094.008788250236 1.0 0.0 0.0 0.0 0.0 1.0 8.0 0.0
5095.027609979689 1.0 0.0 0.0 0.0 0.0 1.0 8.0 0.0
5096.009813160315 1.0 0.0 0.0 0.0 0.0 1.0 8.0 0.0
5097.0060703295985 1.0 0.0 0.0 0.0 0.0 1.0 8.0 0.0
5098.010171713328 1.0 0.0 0.0 0.0 0.0 1.0 8.0 0.0
5099.008488648304 1.0 0.0 0.0 0.0 0.0 1.0 8.0 0.0
5100.027609979689 1.0 0.0 0.0 0.0 0.0 1.0 8.0 0.0
5101.027212668719 1.0 0.0 0.0 0.0 0.0 1.0 8.0 0.0
5102.0204030244495 1.0 0.0 0.0 0.0 0.0 1.0 8.0 0.0
5103.027609979689 1.0 0.0 0.0 0.0 0.0 1.0 8.0 0.0
5104.012713371722 1.0 0.0 0.0 0.0 0.0 1.0 8.0 0.0
5105.027609979689 1.0 0.0 0.0 0.0 0.0 1.0 8.0 0.0
5106.002624387424 1.0 0.0 0.0 0.0 0.0 1.0 8.0 0.0
5107.010209635784 1.0 0.0 0.0 0.0 0.0 1.0 8.0 0.0
5108.027609979689 1.0 0.0 0.0 0.0 0.0 1.0 8.0 0.0
5109.025589922842 1.0 0.0 0.0 0.0 0.0 1.0 8.0 0.0
5110.009310964433 1.0 0.0 0.0 0.0 0.0 1.0 8.0 0.0
5111.01631531736 1.0 0.0 0.0 0.0 0.0 1.0 8.0 0.0
5112.008181576838 1.0 0.0 0.0 0.0 0.0 1.0 8.0 0.0
5113.013066834912 1.0 0.0 0.0 0.0 0.0 1.0 8.0 0.0
5114.0234000482715 1.0 0.0 0.0 0.0 0.0 1.0 8.0 0.0
5115.00957552327 1.0 0.0 0.0 0.0 0.0 1.0 8.0 0.0
5116.010627922781 1.0 0.0 0.0 0.0 0.0 1.0 8.0 0.0
5117.027609979689 1.0 0.0 0.0 0.0 0.0 1.0 8.0 0.0
5118.020990950444 1.0 0.0 0.0 0.0 0.0 1.0 8.0 0.0
5119.027609979689 1.0 0.0 0.0 0.0 0.0 1.0 8.0 0.0
5120.0040930037485 1.0 0.0 0.0 0.0 0.0 1.0 8.0 0.0
5121.017095017323 1.0 0.0 0.0 0.0 0.0 1.0 8.0 0.0
5122.027471581419 1.0 0.0 0.0 0.0 0.0 1.0 8.0 0.0
5123.005944053602 1.0 0.0 0.0 0.0 0.0 1.0 8.0 0.0
5124.001734050167 1.0 0.0 0.0 0.0 0.0 1.0 8.0 0.0
5125.027609979689 1.0 0.0 0.0 0.0 0.0 1.0 8.0 0.0
5126.010944433541 1.0 0.0 0.0 0.0 0.0 1.0 8.0 0.0
5127.002397687095 1.0 0.0 0.0 0.0 0.0 1.0 8.0 0.0
5128.027609979689 1.0 0.0 0.0 0.0 0.0 1.0 8.0 0.0
5129.0185935697 1.0 0.0 0.0 0.0 0.0 1.0 8.0 0.0
5130.006894266763 1.0 0.0 0.0 0.0 0.0 1.0 8.0 0.0
5131.005023545143 1.0 0.0 0.0 0.0 0.0 1.0 8.0 0.0
5132.027609979689 1.0 0.0 0.0 0.0 0.0 1.0 8.0 0.0
5133.002707524274 1.0 0.0 0.0 0.0 0.0 1.0 8.0 0.0
5134.007318050315 1.0 0.0 0.0 0.0 0.0 1.0 8.0 0.0
5135.027609979689 1.0 0.0 0.0 0.0 0.0 1.0 8.0 0.0
5136.008004562674 1.0 0.0 0.0 0.0 0.0 1.0 8.0 0.0
5137.007911612215 1.0 0.0 0.0 0.0 0.0 1.0 8.0 0.0
5138.027609979689 1.0 0.0 0.0 0.0 0.0 1.0 8.0 0.0
5139.010504321024 1.0 0.0 0.0 0.0 0.0 1.0 8.0 0.0
5140.0087076314585 1.0 0.0 0.0 0.0 0.0 1.0 8.0 0.0
5141.01583535232 1.0 0.0 0.0 0.0 0.0 1.0 8.0 0.0
5142.027609979689 1.0 0.0 0.0 0.0 0.0 1.0 8.0 0.0
5143.013591956484 1.0 0.0 0.0 0.0 0.0 1.0 8.0 0.0
5144.014370359769 1.0 0.0 0.0 0.0 0.0 1.0 8.0 0.0
5145.027609979689 1.0 0.0 0.0 0.0 0.0 1.0 8.0 0.0
5146.005864082976 1.0 0.0 0.0 0.0 0.0 1.0 8.0 0.0
5147.027609979689 1.0 0.0 0.0 0.0 0.0 1.0 8.0 0.0
5148.003501562724 1.0 0.0 0.0 0.0 0.0 1.0 8.0 0.0
5149.027609979689 1.0 0.0 0.0 0.0 0.0 1.0 8.0 0.0
5150.019213172932 1.0 0.0 0.0 0.0 0.0 1.0 8.0 0.0
5151.027609979689 1.0 0.0 0.0 0.0 0.0 1.0 8.0 0.0
5152.019177195574 1.0 0.0 0.0 0.0 0.0 1.0 8.0 0.0
5153.015918130042 1.0 0.0 0.0 0.0 0.0 1.0 8.0 0.0
5154.027609979689 1.0 0.0 0.0 0.0 0.0 1.0 8.0 0.0
5155.027609979689 1.0 0.0 0.0 0.0 0.0 1.0 8.0 0.0
5156.009260879636 1.0 0.0 0.0 0.0 0.0 1.0 8.0 0.0
5157.007171243064 1.0 0.0 0.0 0.0 0.0 1.0 8.0 0.0
5158.013387327971 1.0 0.0 0.0 0.0 0.0 1.0 8.0 0.0
5159.005765802316 1.0 0.0 0.0 0.0 0.0 1.0 8.0 0.0
5160.027609979689 1.0 0.0 0.0 0.0 0.0 1.0 8.0 0.0
5161.019040403986 1.0 0.0 0.0 0.0 0.0 1.0 8.0 0.0
5162.012664959339 1.0 0.0 0.0 0.0 0.0 1.0 8.0 0.0
5163.00734709868 1.0 0.0 0.0 0.0 0.0 1.0 8.0 0.0
5164.011865016845 1.0 0.0 0.0 0.0 0.0 1.0 8.0 0.0
5165.027609979689 1.0 0.0 0.0 0.0 0.0 1.0 8.0 0.0
5166.001778508571 1.0 0.0 0.0 0.0 0.0 1.0 8.0 0.0
5167.027609979689 1.0 0.0 0.0 0.0 0.0 1.0 8.0 0.0
5168.027609979689 1.0 0.0 0.0 0.0 0.0 1.0 8.0 0.0
5169.027609979689 1.0 0.0 0.0 0.0 0.0 1.0 8.0 0.0
5170.027609979689 1.0 0.0 0.0 0.0 0.0 1.0 8.0 0.0
5171.027609979689 1.0 0.0 0.0 0.0 0.0 1.0 8.0 0.0
5172.003908235183 1.0 0.0 0.0 0.0 0.0 1.0 8.0 0.0
5173.027609979689 1.0 0.0 0.0 0.0 0.0 1.0 8.0 0.0
5174.006109097452 1.0 0.0 0.0 0.0 0.0 1.0 8.0 0.0
5175.027609979689 1.0 0.0 0.0 0.0 0.0 1.0 8.0 0.0
5176.027609979689 1.0 0.0 0.0 0.0 0.0 1.0 8.0 0.0
5177.027609979689 1.0 0.0 0.0 0.0 0.0 1.0 8.0 0.0
5178.009093561747 1.0 0.0 0.0 0.0 0.0 1.0 8.0 0.0
5179.002046994439 1.0 0.0 0.0 0.0 0.0 1.0 8.0 0.0
5180.027609979689 1.0 0.0 0.0 0.0 0.0 1.0 8.0 0.0
5181.014778017183 1.0 0.0 0.0 0.0 0.0 1.0 8.0 0.0
5182.023671305618 1.0 0.0 0.0 0.0 0.0 1.0 8.0 0.0
5183.027609979689 1.0 0.0 0.0 0.0 0.0 1.0 8.0 0.0
5184.019537620429 1.0 0.0 0.0 0.0 0.0 1.0 8.0 0.0
5185.022239138268 1.0 0.0 0.0 0.0 0.0 1.0 8.0 0.0
5186.002887435174 1.0 0.0 0.0 0.0 0.0 1.0 8.0 0.0
5187.027609979689 1.0 0.0 0.0 0.0 0.0 1.0 8.0 0.0
5188.027609979689 1.0 0.0 0.0 0.0 0.0 1.0 8.0 0.0
5189.01601757612 1.0 0.0 0.0 0.0 0.0 1.0 8.0 0.0
5190.027609979689 1.0 0.0 0.0 0.0 0.0 1.0 8.0 0.0
5191.027609979689 1.0 0.0 0.0 0.0 0.0 1.0 8.0 0.0
5192.027609979689 1.0 0.0 0.0 0.0 0.0 1.0 8.0 0.0
5193.019329783903 1.0 0.0 0.0 0.0 0.0 1.0 8.0 0.0
5194.027609979689 1.0 0.0 0.0 0.0 0.0 1.0 8.0 0.0
5195.027609979689 1.0 0.0 0.0 0.0 0.0 1.0 8.0 0.0
5196.015201113322 1.0 0.0 0.0 0.0 0.0 1.0 8.0 0.0
5197.001509134764 1.0 0.0 0.0 0.0 0.0 1.0 8.0 0.0
5198.026460467028 1.0 0.0 0.0 0.0 0.0 1.0 8.0 0.0
5199.003439317917 1.0 0.0 0.0 0.0 0.0 1.0 8.0 0.0
5200.027609979689 1.0 0.0 0.0 0.0 0.0 1.0 8.0 0.0
5201.027609979689 1.0 0.0 0.0 0.0 0.0 1.0 8.0 0.0
5202.001691256813 1.0 0.0 0.0 0.0 1.0 1.0 7.575 0.0
5203.027609979689 0.975 0.024999999999999994 0.0 0.0 1.0 1.0 6.675 0.0475609756097561
5204.009398569086 0.65 0.35 0.0 0.0 1.0 1.0 6.125 0.44390243902439025
5205.011678143372 0.32499999999999996 0.675 0.0 0.0 1.0 1.0 6.3 0.42804878048780487
5206.027609979689 0.09999999999999999 0.9 0.0 0.0 1.0 1.0 6.875 0.17560975609756097
5207.006840441167 0.024999999999999994 0.975 0.0 0.0 1.0 1.0 7.625 0.0475609756097561
5208.024321681903 0.024999999999999994 0.975 0.0 0.0 1.0 1.0 7.925 0.0475609756097561
5209.027609979689 0.0 1.0 0.0 0.0 1.0 1.0 7.95 0.0
5210.011245025037 0.0 1.0 0.0 0.0 1.0 1.0 7.95 0.0
5211.027609979689 0.0 1.0 0.0 0.0 1.0 1.0 8.0 0.0
5212.027609979689 0.0 1.0 0.0 0.0 1.0 1.0 8.0 0.0
5213.027609979689 0.0 1.0 0.0 0.0 1.0 1.0 8.0 0.0
5214.012256312383 0.0 1.0 0.0 0.0 1.0 1.0 8.0 0.0
5215.025638682539 0.0 1.0 0.0 0.0 1.0 1.0 8.0 0.0
5216.027609979689 0.0 1.0 0.0 0.0 1.0 1.0 8.0 0.0
5217.008262414192 0.0 1.0 0.0 0.0 1.0 1.0 8.0 0.0
5218.027609979689 0.0 1.0 0.0 0.0 1.0 1.0 8.0 0.0
5219.024851588794 0.0 1.0 0.0 0.0 1.0 1.0 8.0 0.0
5220.003461127516 0.0 1.0 0.0 0.0 1.0 1.0 8.0 0.0
5221.027609979689 0.0 1.0 0.0 0.0 1.0 1.0 8.0 0.0
5222.020965890453 0.0 1.0 0.0 0.0 1.0 1.0 8.0 0.0
5223.013192268689 0.0 1.0 0.0 0.0 1.0 1.0 8.0 0.0
5224.019608297372 0.0 1.0 0.0 0.0 1.0 1.0 8.0 0.0
5225.027609979689 0.0 1.0 0.0 0.0 1.0 1.0 8.0 0.0
5226.027609979689 0.0 1.0 0.0 0.0 1.0 1.0 8.0 0.0
5227.008731802361 0.0 1.0 0.0 0.0 1.0 1.0 8.0 0.0
5228.027609979689 0.0 1.0 0.0 0.0 1.0 1.0 8.0 0.0
5229.022405929415 0.0 1.0 0.0 0.0 1.0 1.0 8.0 0.0
5230.014235961635 0.0 1.0 0.0 0.0 1.0 1.0 8.0 0.0
5231.027609979689 0.0 1.0 0.0 0.0 1.0 1.0 8.0 0.0
5232.012444122265 0.0 1.0 0.0 0.0 1.0 1.0 8.0 0.0
5233.027609979689 0.0 1.0 0.0 0.0 1.0 1.0 8.0 0.0
5234.027609979689 0.0 1.0 0.0 0.0 1.0 1.0 8.0 0.0
5235.004245137807 0.0 1.0 0.0 0.0 1.0 1.0 8.0 0.0
5236.027609979689 0.0 1.0 0.0 0.0 1.0 1.0 8.0 0.0
5237.002678572038 0.0 1.0 0.0 0.0 1.0 1.0 8.0 0.0
5238.00454141925 0.0 1.0 0.0 0.0 1.0 1.0 8.0 0.0
5239.0138807869125 0.0 1.0 0.0 0.0 1.0 1.0 8.0 0.0
5240.002346659609 0.0 1.0 0.0 0.0 1.0 1.0 8.0 0.0
5241.008286043314 0.0 1.0 0.0 0.0 1.0 1.0 8.0 0.0
5242.018642126312 0.0 1.0 0.0 0.0 1.0 1.0 8.0 0.0
5243.027609979689 0.0 1.0 0.0 0.0 1.0 1.0 8.0 0.0
5244.009917710903 0.0 1.0 0.0 0.0 1.0 1.0 8.0 0.0
5245.014153574115 0.0 1.0 0.0 0.0 1.0 1.0 8.0 0.0
5246.027609979689 0.0 1.0 0.0 0.0 1.0 1.0 8.0 0.0
5247.005438104233 0.0 1.0 0.0 0.0 1.0 1.0 8.0 0.0
5248.015991455805 0.0 1.0 0.0 0.0 1.0 1.0 8.0 0.0
5249.000914893018 0.0 1.0 0.0 0.0 1.0 1.0 8.0 0.0
5250.019272668515 0.0 1.0 0.0 0.0 1.0 1.0 8.0 0.0
5251.012136729305 0.0 1.0 0.0 0.0 1.0 1.0 8.0 0.0
5252.027609979689 0.0 1.0 0.0 0.0 1.0 1.0 8.0 0.0
5253.027609979689 0.0 1.0 0.0 0.0 1.0 1.0 8.0 0.0
5254.01037978973 0.0 1.0 0.0 0.0 1.0 1.0 8.0 0.0
5255.007323504229 0.0 1.0 0.0 0.0 1.0 1.0 8.0 0.0
5256.027609979689 0.0 1.0 0.0 0.0 1.0 1.0 8.0 0.0
5257.027609979689 0.0 1.0 0.0 0.0 1.0 1.0 8.0 0.0
5258.027609979689 0.0 1.0 0.0 0.0 1.0 1.0 8.0 0.0
5259.027609979689 0.0 1.0 0.0 0.0 1.0 1.0 8.0 0.0
5260.003631552359 0.0 1.0 0.0 0.0 1.0 1.0 8.0 0.0
5261.012099717026 0.0 1.0 0.0 0.0 1.0 1.0 8.0 0.0
5262.000844349244 0.0 1.0 0.0 0.0 1.0 1.0 8.0 0.0
5263.008919838135 0.0 1.0 0.0 0.0 1.0 1.0 8.0 0.0
5264.027609979689 0.0 1.0 0.0 0.0 1.0 1.0 8.0 0.0
5265.027609979689 0.0 1.0 0.0 0.0 1.0 1.0 8.0 0.0
5266.027609979689 0.0 1.0 0.0 0.0 1.0 1.0 8.0 0.0
5267.027609979689 0.0 1.0 0.0 0.0 1.0 1.0 8.0 0.0
5268.026017206347 0.0 1.0 0.0 0.0 1.0 1.0 8.0 0.0
5269.0010128291715 0.0 1.0 0.0 0.0 1.0 1.0 8.0 0.0
5270.010894927493 0.0 1.0 0.0 0.0 1.0 1.0 8.0 0.0
5271.011003542396 0.0 1.0 0.0 0.0 1.0 1.0 8.0 0.0
5272.0049774369045 0.0 1.0 0.0 0.0 1.0 1.0 8.0 0.0
5273.015459511754 0.0 1.0 0.0 0.0 1.0 1.0 8.0 0.0
5274.027609979689 0.0 1.0 0.0 0.0 1.0 1.0 8.0 0.0
5275.0021684256035 0.0 1.0 0.0 0.0 1.0 1.0 8.0 0.0
5276.022258406565 0.0 1.0 0.0 0.0 1.0 1.0 8.0 0.0
5277.027609979689 0.0 1.0 0.0 0.0 1.0 1.0 8.0 0.0
5278.012195638314 0.0 1.0 0.0 0.0 1.0 1.0 8.0 0.0
5279.009001827316 0.0 1.0 0.0 0.0 1.0 1.0 8.0 0.0
5280.027609979689 0.0 1.0 0.0 0.0 1.0 1.0 8.0 0.0
5281.027609979689 0.0 1.0 0.0 0.0 1.0 1.0 8.0 0.0
5282.027609979689 0.0 1.0 0.0 0.0 1.0 1.0 8.0 0.0
5283.003741028631 0.0 1.0 0.0 0.0 1.0 1.0 8.0 0.0
5284.027609979689 0.0 1.0 0.0 0.0 1.0 1.0 8.0 0.0
5285.017569077901 0.0 1.0 0.0 0.0 1.0 1.0 8.0 0.0
5286.027609979689 0.0 1.0 0.0 0.0 1.0 1.0 8.0 0.0
5287.027609979689 0.0 1.0 0.0 0.0 1.0 1.0 8.0 0.0
5288.008152289782 0.0 1.0 0.0 0.0 1.0 1.0 8.0 0.0
5289.027609979689 0.0 1.0 0.0 0.0 1.0 1.0 8.0 0.0
5290.010264266912 0.0 1.0 0.0 0.0 1.0 1.0 8.0 0.0
5291.027609979689 0.0 1.0 0.0 0.0 1.0 1.0 8.0 0.0
5292.003404041038 0.0 1.0 0.0 0.0 1.0 1.0 8.0 0.0
5293.007295251762 0.0 1.0 0.0 0.0 1.0 1.0 8.0 0.0
5294.027609979689 0.0 1.0 0.0 0.0 1.0 1.0 8.0 0.0
5295.027609979689 0.0 1.0 0.0 0.0 1.0 1.0 8.0 0.0
5296.018103736678 0.0 1.0 0.0 0.0 1.0 1.0 8.0 0.0
5297.015209525735 0.0 1.0 0.0 0.0 1.0 1.0 8.0 0.0
5298.001291038276 0.0 1.0 0.0 0.0 1.0 1.0 8.0 0.0
5299.005783217389 0.0 1.0 0.0 0.0 1.0 1.0 8.0 0.0
5300.027609979689 0.0 1.0 0.0 0.0 1.0 1.0 8.0 0.0
5301.001765032485 0.0 1.0 0.0 0.0 1.0 1.0 8.0 0.0
5302.000326042962 0.0 1.0 0.0 0.0 1.0 1.0 8.0 0.0
5303.027609979689 0.0 1.0 0.0 0.0 1.0 1.0 8.0 0.0
5304.001589049809 0.0 1.0 0.0 0.0 1.0 1.0 8.0 0.0
5305.013312768428 0.0 1.0 0.0 0.0 1.0 1.0 8.0 0.0
5306.004260426761 0.0 1.0 0.0 0.0 1.0 1.0 8.0 0.0
5307.000890092677 0.0 1.0 0.0 0.0 1.0 1.0 8.0 0.0
5308.013379126576 0.0 1.0 0.0 0.0 1.0 1.0 8.0 0.0
5309.010921558423 0.0 1.0 0.0 0.0 1.0 1.0 8.0 0.0
5310.027609979689 0.0 1.0 0.0 0.0 1.0 1.0 8.0 0.0
5311.027609979689 0.0 1.0 0.0 0.0 1.0 1.0 8.0 0.0
5312.027609979689 0.0 1.0 0.0 0.0 1.0 1.0 7.525 0.0
5313.012526740403 0.0 1.0 0.0 0.0 1.0 1.0 6.475 0.0
5314.009206394081 0.0 1.0 0.0 0.0 1.0 1.0 6.075 0.0
5315.027609979689 0.0 1.0 0.0 0.0 1.0 1.0 6.0 0.0
5316.026193497297 0.0 1.0 0.0 0.0 1.0 1.0 6.0 0.0
5317.027609979689 0.0 1.0 0.0 0.0 1.0 1.0 6.0 0.0
5318.002726887041 0.0 1.0 0.0 0.0 1.0 1.0 6.0 0.0
5319.001756875813 0.0 1.0 0.0 0.0 1.0 1.0 6.0 0.0
5320.002851817656 0.0 1.0 0.0 0.0 1.0 1.0 6.0 0.0
5321.01013821734 0.0 1.0 0.0 0.0 1.0 1.0 6.0 0.0
5322.023725548218 0.0 1.0 0.0 0.0 1.0 1.0 6.0 0.0
5323.01008792669 0.0 1.0 0.0 0.0 1.0 1.0 6.0 0.0
5324.027609979689 0.0 1.0 0.0 0.0 1.0 1.0 6.0 0.0
5325.0012498917085 0.0 1.0 0.0 0.0 1.0 1.0 6.0 0.0
5326.016032927097 0.0 1.0 0.0 0.0 1.0 1.0 6.0 0.0
5327.005030220567 0.0 1.0 0.0 0.0 1.0 1.0 6.0 0.0
5328.02687570221 0.0 1.0 0.0 0.0 1.0 1.0 6.0 0.0
5329.023836867519 0.0 1.0 0.0 0.0 1.0 1.0 6.0 0.0
5330.01054633688 0.02499999999999999 0.425 0.0 0.55 0.0 1.0 6.025 0.5036585365853659
5331.027609979689 0.675 0.07500000000000001 0.0 0.25 0.0 1.0 6.4 0.46463414634146344
5332.006102116201 0.975 0.024999999999999988 0.0 0.0 0.0 1.0 7.55 0.0475609756097561
5333.027609979689 1.0 0.0 0.0 0.0 0.0 1.0 8.575 0.0
5334.007695540782 1.0 0.0 0.0 0.0 0.0 1.0 8.95 0.0
5335.0177981197885 1.0 0.0 0.0 0.0 0.0 1.0 9.0 0.0
5336.0244361742625 1.0 0.0 0.0 0.0 0.0 1.0 9.0 0.0
5337.012056122388 1.0 0.0 0.0 0.0 0.0 1.0 9.0 0.0
5338.027609979689 1.0 0.0 0.0 0.0 0.0 1.0 9.0 0.0
5339.009453525534 1.0 0.0 0.0 0.0 0.0 1.0 9.0 0.0
5340.013968137245 1.0 0.0 0.0 0.0 0.0 1.0 9.0 0.0
5341.027609979689 1.0 0.0 0.0 0.0 0.0 1.0 9.0 0.0
5342.004867437691 1.0 0.0 0.0 0.0 0.0 1.0 9.0 0.0
5343.027609979689 1.0 0.0 0.0 0.0 0.0 1.0 9.0 0.0
5344.00981154348 1.0 0.0 0.0 0.0 0.0 1.0 9.0 0.0
5345.027609979689 1.0 0.0 0.0 0.0 0.0 1.0 9.0 0.0
5346.001574187114 1.0 0.0 0.0 0.0 0.0 1.0 9.0 0.0
5347.012596159755 1.0 0.0 0.0 0.0 0.0 1.0 9.0 0.0
5348.027609979689 1.0 0.0 0.0 0.0 0.0 1.0 9.0 0.0
5349.027609979689 1.0 0.0 0.0 0.0 0.0 1.0 9.0 0.0
5350.027609979689 1.0 0.0 0.0 0.0 0.0 1.0 9.0 0.0
5351.011882972214 1.0 0.0 0.0 0.0 0.0 1.0 9.0 0.0
5352.027609979689 1.0 0.0 0.0 0.0 0.0 1.0 9.0 0.0
5353.011831980134 1.0 0.0 0.0 0.0 0.0 1.0 9.0 0.0
5354.00294714429 1.0 0.0 0.0 0.0 0.0 1.0 9.0 0.0
5355.002048940682 1.0 0.0 0.0 0.0 0.0 1.0 9.0 0.0
5356.027609979689 1.0 0.0 0.0 0.0 0.0 1.0 9.0 0.0
5357.027609979689 1.0 0.0 0.0 0.0 0.0 1.0 9.0 0.0
5358.027609979689 1.0 0.0 0.0 0.0 0.0 1.0 9.0 0.0
5359.011078569113 1.0 0.0 0.0 0.0 0.0 1.0 9.0 0.0
5360.000805969377 1.0 0.0 0.0 0.0 0.0 1.0 9.0 0.0
5361.006840300442 1.0 0.0 0.0 0.0 0.0 1.0 9.0 0.0
5362.027609979689 1.0 0.0 0.0 0.0 0.0 1.0 9.0 0.0
5363.027609979689 1.0 0.0 0.0 0.0 0.0 1.0 9.0 0.0
5364.014512611233 1.0 0.0 0.0 0.0 0.0 1.0 9.0 0.0
5365.017840962775 1.0 0.0 0.0 0.0 0.0 1.0 9.0 0.0
5366.027609979689 1.0 0.0 0.0 0.0 0.0 1.0 9.0 0.0
5367.027609979689 1.0 0.0 0.0 0.0 0.0 1.0 9.0 0.0
5368.02289382037 1.0 0.0 0.0 0.0 0.0 1.0 9.0 0.0
5369.025022614639 1.0 0.0 0.0 0.0 0.0 1.0 9.0 0.0
5370.025565151287 1.0 0.0 0.0 0.0 0.0 1.0 9.0 0.0
5371.027609979689 1.0 0.0 0.0 0.0 0.0 1.0 9.0 0.0
5372.027609979689 1.0 0.0 0.0 0.0 0.0 1.0 9.0 0.0
5373.013426743116 1.0 0.0 0.0 0.0 0.0 1.0 9.0 0.0
5374.027609979689 1.0 0.0 0.0 0.0 0.0 1.0 9.0 0.0
5375.025191562338 1.0 0.0 0.0 0.0 0.0 1.0 9.0 0.0
5376.00047939168 1.0 0.0 0.0 0.0 0.0 1.0 9.0 0.0
5377.010591646884 1.0 0.0 0.0 0.0 0.0 1.0 9.0 0.0
5378.018208693349 1.0 0.0 0.0 0.0 0.0 1.0 9.0 0.0
5379.027609979689 1.0 0.0 0.0 0.0 0.0 1.0 9.0 0.0
5380.027609979689 1.0 0.0 0.0 0.0 0.0 1.0 9.0 0.0
5381.027609979689 1.0 0.0 0.0 0.0 0.0 1.0 9.0 0.0
5382.0164716485715 1.0 0.0 0.0 0.0 0.0 1.0 9.0 0.0
5383.005375401085 1.0 0.0 0.0 0.0 0.0 1.0 9.0 0.0
5384.027609979689 1.0 0.0 0.0 0.0 0.0 1.0 9.0 0.0
5385.0045965316895 1.0 0.0 0.0 0.0 0.0 1.0 9.0 0.0
5386.019594772437 1.0 0.0 0.0 0.0 0.0 1.0 9.0 0.0
5387.027609979689 1.0 0.0 0.0 0.0 0.0 1.0 9.0 0.0
5388.015981774011 1.0 0.0 0.0 0.0 0.0 1.0 9.0 0.0
5389.007051539478 1.0 0.0 0.0 0.0 0.0 1.0 9.0 0.0
5390.027609979689 1.0 0.0 0.0 0.0 0.0 1.0 9.0 0.0
5391.023538818915 1.0 0.0 0.0 0.0 0.0 1.0 9.0 0.0
5392.027609979689 1.0 0.0 0.0 0.0 0.0 1.0 9.0 0.0
5393.015927851957 1.0 0.0 0.0 0.0 0.0 1.0 9.0 0.0
5394.027609979689 1.0 0.0 0.0 0.0 0.0 1.0 9.0 0.0
5395.027609979689 1.0 0.0 0.0 0.0 0.0 1.0 9.0 0.0
5396.018386658839 1.0 0.0 0.0 0.0 0.0 1.0 9.0 0.0
5397.027609979689 1.0 0.0 0.0 0.0 0.0 1.0 9.0 0.0
5398.007537709264 1.0 0.0 0.0 0.0 0.0 1.0 9.0 0.0
5399.027609979689 1.0 0.0 0.0 0.0 0.0 1.0 9.0 0.0
5400.027609979689 1.0 0.0 0.0 0.0 0.0 1.0 9.0 0.0
5401.026533238014 1.0 0.0 0.0 0.0 0.0 1.0 9.0 0.0
5402.027609979689 0.95 0.0 0.04999999999999999 0.0 0.0 1.0 9.0 0.09268292682926829
5403.024219437356 0.775 0.0 0.225 0.0 0.0 1.0 9.05 0.3402439024390244
5404.004992937389 0.45 0.0 0.55 0.0 0.0 1.0 9.275 0.48292682926829267
5405.019305767691 0.125 0.0 0.875 0.0 0.0 1.0 9.65 0.21341463414634146
5406.027609979689 0.07500000000000001 0.0 0.925 0.0 0.0 1.0 10.35 0.1353658536585366
5407.016706062536 0.024999999999999994 0.0 0.975 0.0 0.0 1.0 10.75 0.0475609756097561
5408.000213550272 0.0 0.0 1.0 0.0 0.0 1.0 10.95 0.0
5409.027609979689 0.0 0.0 1.0 0.0 0.0 1.0 10.975 0.0
5410.0191922665235 0.0 0.0 1.0 0.0 0.0 1.0 11.0 0.0
5411.000626206365 0.0 0.0 1.0 0.0 0.0 1.0 11.0 0.0
5412.018630207496 0.0 0.0 1.0 0.0 0.0 1.0 11.0 0.0
5413.020262769915 0.0 0.0 1.0 0.0 0.0 1.0 11.0 0.0
5414.010566506291 0.0 0.0 1.0 0.0 0.0 1.0 11.0 0.0
5415.005616858109 0.0 0.0 1.0 0.0 0.0 1.0 11.0 0.0
5416.00146429375 0.0 0.0 1.0 0.0 0.0 1.0 11.0 0.0
5417.016890877671 0.0 0.0 1.0 0.0 0.0 1.0 11.0 0.0
5418.027609979689 0.0 0.0 1.0 0.0 0.0 1.0 11.0 0.0
5419.027609979689 0.0 0.0 1.0 0.0 0.0 1.0 11.0 0.0
5420.022082549526 0.0 0.0 1.0 0.0 0.0 1.0 11.0 0.0
5421.027149206086 0.0 0.0 1.0 0.0 0.0 1.0 11.0 0.0
5422.027609979689 0.0 0.0 1.0 0.0 0.0 1.0 11.0 0.0
5423.027609979689 0.0 0.0 1.0 0.0 0.0 1.0 11.0 0.0
5424.002981541397 0.0 0.0 1.0 0.0 0.0 1.0 11.0 0.0
5425.027609979689 0.0 0.0 1.0 0.0 0.0 1.0 11.0 0.0
5426.02185457217 0.0 0.0 1.0 0.0 0.0 1.0 11.0 0.0
5427.02635547109 0.0 0.0 1.0 0.0 0.0 1.0 11.0 0.0
5428.027609979689 0.0 0.0 1.0 0.0 0.0 1.0 11.0 0.0
5429.027609979689 0.0 0.0 1.0 0.0 0.0 1.0 11.0 0.0
5430.017478078162 0.0 0.0 1.0 0.0 0.0 1.0 11.0 0.0
5431.00827259325 0.0 0.0 1.0 0.0 0.0 1.0 11.0 0.0
5432.027609979689 0.0 0.0 1.0 0.0 0.0 1.0 11.0 0.0
5433.005519570268 0.0 0.0 1.0 0.0 0.0 1.0 11.0 0.0
5434.027609979689 0.0 0.0 1.0 0.0 0.0 1.0 11.0 0.0
5435.006500086553 0.0 0.0 1.0 0.0 0.0 1.0 11.0 0.0
5436.012093348167 0.0 0.0 1.0 0.0 0.0 1.0 11.0 0.0
5437.007139342501 0.0 0.0 1.0 0.0 0.0 1.0 11.0 0.0
5438.020823160056 0.0 0.0 1.0 0.0 0.0 1.0 11.0 0.0
5439.026962041865 0.0 0.0 1.0 0.0 0.0 1.0 11.0 0.0
5440.009603415868 0.0 0.0 1.0 0.0 0.0 1.0 11.0 0.0
5441.000385776489 0.0 0.0 1.0 0.0 0.0 1.0 11.0 0.0
5442.0122043953725 0.0 0.0 1.0 0.0 0.0 1.0 11.0 0.0
5443.006615942493 0.0 0.0 1.0 0.0 0.0 1.0 11.0 0.0
5444.01592664354 0.0 0.0 1.0 0.0 0.0 1.0 11.0 0.0
5445.0075765651145 0.0 0.0 1.0 0.0 0.0 1.0 11.0 0.0
5446.027609979689 0.0 0.0 1.0 0.0 0.0 1.0 11.0 0.0
5447.027609979689 0.0 0.0 1.0 0.0 0.0 1.0 11.0 0.0
5448.027609979689 0.0 0.0 1.0 0.0 0.0 1.0 11.0 0.0
5449.0149487015615 0.0 0.0 1.0 0.0 0.0 1.0 11.0 0.0
5450.0214942311795 0.0 0.0 1.0 0.0 0.0 1.0 11.0 0.0
5451.009080903547 0.0 0.0 1.0 0.0 0.0 1.0 11.0 0.0
5452.027609979689 0.0 0.0 1.0 0.0 0.0 1.0 11.0 0.0
5453.004558519495 0.0 0.0 1.0 0.0 0.0 1.0 11.0 0.0
5454.027609979689 0.0 0.0 1.0 0.0 0.0 1.0 11.0 0.0
5455.027609979689 0.0 0.0 1.0 0.0 0.0 1.0 11.0 0.0
5456.027609979689 0.0 0.0 1.0 0.0 0.0 1.0 11.0 0.0
5457.027609979689 0.0 0.0 1.0 0.0 0.0 1.0 11.0 0.0
5458.018384510449 0.0 0.0 1.0 0.0 0.0 1.0 11.0 0.0
5459.003062131161 0.0 0.0 1.0 0.0 0.0 1.0 11.0 0.0
5460.010087443172 0.0 0.0 1.0 0.0 0.0 1.0 11.0 0.0
5461.003490729197 0.0 0.0 1.0 0.0 0.0 1.0 11.0 0.0
5462.01425879846 0.0 0.0 1.0 0.0 0.0 1.0 11.0 0.0
5463.027609979689 0.0 0.0 1.0 0.0 0.0 1.0 11.0 0.0
5464.01259552236 0.0 0.0 1.0 0.0 0.0 1.0 11.0 0.0
5465.027609979689 0.0 0.0 1.0 0.0 0.0 1.0 11.0 0.0
5466.027609979689 0.0 0.0 1.0 0.0 0.0 1.0 11.0 0.0
5467.003523914457 0.0 0.0 1.0 0.0 0.0 1.0 11.0 0.0
5468.027609979689 0.0 0.0 1.0 0.0 0.0 1.0 11.0 0.0
5469.001037281779 0.0 0.0 1.0 0.0 0.0 1.0 11.0 0.0
5470.027609979689 0.0 0.0 1.0 0.0 0.0 1.0 11.0 0.0
5471.002807973806 0.0 0.0 1.0 0.0 0.0 1.0 11.0 0.0
5472.002826206911 0.0 0.0 1.0 0.0 0.0 1.0 11.0 0.0
5473.002947856208 0.0 0.0 1.0 0.0 0.0 1.0 11.0 0.0
5474.027609979689 0.0 0.0 1.0 0.0 0.0 1.0 11.0 0.0
5475.027609979689 0.0 0.0 1.0 0.0 0.0 1.0 11.0 0.0
5476.027609979689 0.0 0.0 1.0 0.0 0.0 1.0 11.0 0.0
5477.027609979689 0.0 0.0 1.0 0.0 0.0 1.0 11.0 0.0
5478.027609979689 0.0 0.0 1.0 0.0 0.0 1.0 11.0 0.0
5479.027609979689 0.0 0.0 1.0 0.0 0.0 1.0 11.0 0.0
5480.022924898775 0.0 0.0 1.0 0.0 0.0 1.0 11.0 0.0
5481.027609979689 0.0 0.0 1.0 0.0 0.0 1.0 11.0 0.0
5482.027609979689 0.0 0.0 1.0 0.0 0.0 1.0 11.0 0.0
5483.027609979689 0.0 0.0 1.0 0.0 0.0 1.0 11.0 0.0
5484.027609979689 0.0 0.0 1.0 0.0 0.0 1.0 11.0 0.0
5485.027609979689 0.0 0.0 1.0 0.0 0.0 1.0 11.0 0.0
5486.0126415194545 0.0 0.0 1.0 0.0 0.0 1.0 11.0 0.0
5487.024354899573 0.0 0.0 1.0 0.0 0.0 1.0 11.0 0.0
5488.009695857161 0.0 0.0 1.0 0.0 0.0 1.0 11.0 0.0
5489.027609979689 0.0 0.0 1.0 0.0 0.0 1.0 11.0 0.0
5490.019094742193 0.0 0.0 1.0 0.0 0.0 1.0 11.0 0.0
5491.027609979689 0.0 0.0 1.0 0.0 0.0 1.0 11.0 0.0
5492.001329008038 0.0 0.0 1.0 0.0 0.0 1.0 11.0 0.0
5493.027609979689 0.0 0.0 1.0 0.0 0.0 1.0 11.0 0.0
5494.024124137294 0.0 0.0 1.0 0.0 0.0 1.0 11.0 0.0
5495.027609979689 0.0 0.0 1.0 0.0 0.0 1.0 11.0 0.0
5496.027609979689 0.0 0.0 1.0 0.0 0.0 1.0 11.0 0.0
5497.011300875012 0.0 0.0 1.0 0.0 0.0 1.0 11.0 0.0
5498.027609979689 0.0 0.0 1.0 0.0 0.0 1.0 11.0 0.0
5499.011704282195 0.0 0.0 1.0 0.0 0.0 1.0 11.0 0.0
5500.002398717341 0.0 0.0 1.0 0.0 0.0 1.0 11.0 0.0
5501.003664727884 0.0 0.0 1.0 0.0 0.0 1.0 11.0 0.0
5502.017669476784 0.0 0.0 1.0 0.0 0.0 1.0 11.0 0.0
5503.027609979689 0.0 0.0 1.0 0.0 0.0 1.0 11.0 0.0
5504.005917985345 0.0 0.0 1.0 0.0 0.0 1.0 11.0 0.0
5505.015390541587 0.0 0.0 1.0 0.0 0.0 1.0 11.0 0.0
5506.027609979689 0.0 0.0 1.0 0.0 0.0 1.0 11.0 0.0
5507.0252555435345 0.0 0.0 1.0 0.0 0.0 1.0 11.0 0.0
5508.027609979689 0.0 0.0 1.0 0.0 0.0 1.0 11.0 0.0
5509.027609979689 0.0 0.0 1.0 0.0 0.0 1.0 11.0 0.0
5510.005817380909 0.0 0.0 1.0 0.0 0.0 1.0 11.0 0.0
5511.016379032884 0.0 0.0 1.0 0.0 0.0 1.0 11.0 0.0
5512.002422529041 0.0 0.0 1.0 0.0 0.0 1.0 11.0 0.0
5513.027609979689 0.0 0.0 1.0 0.0 0.0 1.0 11.0 0.0
5514.016315672445 0.0 0.0 1.0 0.0 0.0 1.0 11.0 0.0
5515.003653622357 0.0 0.0 1.0 0.0 0.0 1.0 11.0 0.0
5516.002737437555 0.0 0.0 1.0 0.0 0.0 1.0 11.0 0.0
5517.001543386983 0.0 0.0 1.0 0.0 0.0 1.0 11.0 0.0
5518.010158182714 0.0 0.0 1.0 0.0 0.0 1.0 11.0 0.0
5519.004523419078 0.0 0.0 1.0 0.0 0.0 1.0 11.0 0.0
5520.027609979689 0.0 0.0 1.0 0.0 0.0 1.0 11.0 0.0
5521.008046130735 0.0 0.0 1.0 0.0 0.0 1.0 11.0 0.0
5522.0163503897 0.0 0.0 1.0 0.0 0.0 1.0 11.0 0.0
5523.010565072142 0.0 0.0 1.0 0.0 0.0 1.0 11.0 0.0
5524.027609979689 0.0 0.0 1.0 0.0 0.0 1.0 11.0 0.0
5525.020687530292 0.0 0.0 1.0 0.0 0.0 1.0 11.0 0.0
5526.010898752357 0.0 0.0 1.0 0.0 0.0 1.0 11.0 0.0
5527.026736163504 0.0 0.0 1.0 0.0 0.0 1.0 11.0 0.0
5528.027609979689 0.0 0.0 1.0 0.0 0.0 1.0 11.0 0.0
5529.022542151431 0.0 0.0 1.0 0.0 0.0 1.0 11.0 0.0
5530.027609979689 0.0 0.0 1.0 0.0 0.0 1.0 11.0 0.0
5531.027609979689 0.0 0.0 1.0 0.0 0.0 1.0 11.0 0.0
5532.0112930761525 0.0 0.0 1.0 0.0 0.0 1.0 11.0 0.0
5533.012412950907 0.0 0.0 1.0 0.0 0.0 1.0 11.0 0.0
5534.009491646151 0.0 0.0 1.0 0.0 0.0 1.0 11.0 0.0
5535.0101443774765 0.0 0.0 1.0 0.0 0.0 1.0 11.0 0.0
5536.027609979689 0.0 0.0 1.0 0.0 0.0 1.0 11.0 0.0
5537.027609979689 0.0 0.0 1.0 0.0 0.0 1.0 11.0 0.0
5538.015126479122 0.0 0.0 1.0 0.0 0.0 1.0 11.0 0.0
5539.027609979689 0.0 0.0 1.0 0.0 0.0 1.0 11.0 0.0
5540.027609979689 0.0 0.0 1.0 0.0 0.0 1.0 11.0 0.0
5541.027609979689 0.0 0.0 1.0 0.0 0.0 1.0 11.0 0.0
5542.0216983884 0.0 0.0 1.0 0.0 0.0 1.0 11.0 0.0
5543.027609979689 0.0 0.0 1.0 0.0 0.0 1.0 11.0 0.0
5544.020476316827 0.0 0.0 1.0 0.0 0.0 1.0 11.0 0.0
5545.002849724001 0.0 0.0 1.0 0.0 0.0 1.0 11.0 0.0
5546.001949034735 0.0 0.0 1.0 0.0 0.0 1.0 11.0 0.0
5547.003921638591 0.0 0.0 1.0 0.0 0.0 1.0 11.0 0.0
5548.013528027936 0.0 0.0 1.0 0.0 0.0 1.0 11.0 0.0
5549.00311781254 0.0 0.0 1.0 0.0 0.0 1.0 11.0 0.0
5550.023287419155 0.0 0.0 1.0 0.0 0.0 1.0 11.0 0.0
5551.018004367142 0.0 0.0 1.0 0.0 0.0 1.0 11.0 0.0
5552.027609979689 0.0 0.0 1.0 0.0 0.0 1.0 11.0 0.0
5553.021212897133 0.0 0.0 1.0 0.0 0.0 1.0 11.0 0.0
5554.016295045395 0.0 0.0 1.0 0.0 0.0 1.0 11.0 0.0
5555.027609979689 0.0 0.0 0.825 0.175 0.0 0.0 11.0 0.2817073170731707
5556.017326704818 0.0 0.0 0.125 0.875 0.0 0.0 11.15 0.21341463414634146
5557.027609979689 0.0 0.0 0.024999999999999988 0.975 0.0 0.0 11.9 0.0475609756097561
5558.02389381693 0.0 0.0 0.024999999999999988 0.975 0.0 0.0 12.7 0.0475609756097561
5559.027609979689 0.0 0.0 0.0 1.0 0.0 0.0 12.875 0.0
5560.010989086453 0.0 0.0 0.0 1.0 0.0 0.0 13.0 0.0
5561.013099661192 0.0 0.0 0.0 1.0 0.0 0.0 13.0 0.0
5562.007972074229 0.0 0.0 0.0 1.0 0.0 0.0 13.0 0.0
5563.027609979689 0.0 0.0 0.0 1.0 0.0 0.0 13.0 0.0
5564.005434355664 0.0 0.0 0.0 1.0 0.0 0.0 13.0 0.0
5565.022198841187 0.0 0.0 0.0 1.0 0.0 0.0 13.0 0.0
5566.025432967671 0.0 0.0 0.0 1.0 0.0 0.0 13.0 0.0
5567.027609979689 0.0 0.0 0.0 1.0 0.0 0.0 13.0 0.0
5568.01931154237 0.0 0.0 0.0 1.0 0.0 0.0 13.0 0.0
5569.00557292643 0.0 0.0 0.0 1.0 0.0 0.0 13.0 0.0
5570.005537760756 0.0 0.0 0.0 1.0 0.0 0.0 13.0 0.0
5571.027609979689 0.0 0.0 0.0 1.0 0.0 0.0 13.0 0.0
5572.01058047174 0.0 0.0 0.0 1.0 0.0 0.0 13.0 0.0
5573.027609979689 0.0 0.0 0.0 1.0 0.0 0.0 13.0 0.0
5574.019516365881 0.0 0.0 0.0 1.0 0.0 0.0 13.0 0.0
5575.027609979689 0.0 0.0 0.0 1.0 0.0 0.0 13.0 0.0
5576.027609979689 0.0 0.0 0.0 1.0 0.0 0.0 13.0 0.0
5577.021947411244 0.0 0.0 0.0 1.0 0.0 0.0 13.0 0.0
5578.005160975508 0.0 0.0 0.0 1.0 0.0 0.0 13.0 0.0
5579.01260959195 0.0 0.0 0.0 1.0 0.0 0.0 13.0 0.0
5580.023368168745 0.0 0.0 0.0 1.0 0.0 0.0 13.0 0.0
5581.026094406822 0.0 0.0 0.0 1.0 0.0 0.0 13.0 0.0
5582.027609979689 0.0 0.0 0.0 1.0 0.0 0.0 13.0 0.0
5583.027609979689 0.0 0.0 0.0 1.0 0.0 0.0 13.0 0.0
5584.027609979689 0.0 0.0 0.0 1.0 0.0 0.0 13.0 0.0
5585.027609979689 0.0 0.0 0.0 1.0 0.0 0.0 13.0 0.0
5586.027609979689 0.0 0.0 0.0 1.0 0.0 0.0 13.0 0.0
5587.02063689289 0.0 0.0 0.0 1.0 0.0 0.0 13.0 0.0
5588.027609979689 0.0 0.0 0.0 1.0 0.0 0.0 13.0 0.0
5589.027609979689 0.0 0.0 0.0 1.0 0.0 0.0 13.0 0.0
5590.003963899716 0.0 0.0 0.0 1.0 0.0 0.0 13.0 0.0
5591.027609979689 0.0 0.0 0.0 1.0 0.0 0.0 13.0 0.0
5592.015165080517 0.0 0.0 0.0 1.0 0.0 0.0 13.0 0.0
5593.005593948204 0.0 0.0 0.0 1.0 0.0 0.0 13.0 0.0
5594.011617460722 0.0 0.0 0.0 1.0 0.0 0.0 13.0 0.0
5595.027609979689 0.0 0.0 0.0 1.0 0.0 0.0 13.0 0.0
5596.025504882127 0.0 0.0 0.0 1.0 0.0 0.0 13.0 0.0
5597.027609979689 0.0 0.0 0.0 1.0 0.0 0.0 13.0 0.0
5598.002609361705 0.0 0.0 0.0 1.0 0.0 0.0 13.0 0.0
5599.021465470604 0.0 0.0 0.0 1.0 0.0 0.0 13.0 0.0
5600.027609979689 0.0 0.0 0.0 1.0 0.0 0.0 13.0 0.0
5601.008034626286 0.0 0.0 0.0 1.0 0.0 0.0 13.0 0.0
5602.008209066818 0.0 0.0 0.0 1.0 0.0 0.0 13.0 0.0
5603.017813946231 0.0 0.0 0.0 1.0 0.0 0.0 13.0 0.0
5604.0169266735375 0.0 0.0 0.0 1.0 0.0 0.0 13.0 0.0
5605.027609979689 0.0 0.0 0.0 1.0 0.0 0.0 13.0 0.0
5606.0076521144565 0.0 0.0 0.0 1.0 0.0 0.0 13.0 0.0
5607.027609979689 0.0 0.0 0.0 1.0 0.0 0.0 13.0 0.0
5608.006275925893 0.0 0.0 0.0 1.0 0.0 0.0 13.0 0.0
5609.01689146522 0.0 0.0 0.0 1.0 0.0 0.0 13.0 0.0
5610.00225505694 0.0 0.0 0.0 1.0 0.0 0.0 13.0 0.0
5611.011345312546 0.0 0.0 0.0 1.0 0.0 0.0 13.0 0.0
5612.027609979689 0.0 0.0 0.0 1.0 0.0 0.0 13.0 0.0
5613.012110313838 0.0 0.0 0.0 1.0 0.0 0.0 13.0 0.0
5614.026562127171 0.0 0.0 0.0 1.0 0.0 0.0 13.0 0.0
5615.010333707019 0.0 0.0 0.0 1.0 0.0 0.0 13.0 0.0
5616.027609979689 0.0 0.0 0.0 1.0 0.0 0.0 13.0 0.0
5617.027609979689 0.0 0.0 0.0 1.0 0.0 0.0 13.0 0.0
5618.004715951684 0.0 0.0 0.0 1.0 0.0 0.0 13.0 0.0
5619.022098627211 0.0 0.0 0.0 1.0 0.0 0.0 13.0 0.0
5620.009021625831 0.0 0.0 0.0 1.0 0.0 0.0 13.0 0.0
5621.011252240092 0.0 0.0 0.0 1.0 0.0 0.0 13.0 0.0
5622.002368569921 0.0 0.0 0.0 1.0 0.0 0.0 13.0 0.0
5623.0018868399475 0.0 0.0 0.0 1.0 0.0 0.0 13.0 0.0
5624.005996287934 0.0 0.0 0.0 1.0 0.0 0.0 13.0 0.0
5625.020639931897 0.0 0.0 0.0 1.0 0.0 0.0 13.0 0.0
5626.027609979689 0.0 0.0 0.0 1.0 0.0 0.0 13.0 0.0
5627.016181785861 0.0 0.0 0.0 1.0 0.0 0.0 13.0 0.0
5628.0031551466855 0.0 0.0 0.0 1.0 0.0 0.0 13.0 0.0
5629.027502025851 0.0 0.0 0.0 1.0 0.0 0.0 13.0 0.0
5630.027609979689 0.0 0.0 0.0 1.0 0.0 0.0 13.0 0.0
5631.01497405893 0.0 0.0 0.0 1.0 0.0 0.0 13.0 0.0
5632.027609979689 0.0 0.0 0.0 1.0 0.0 0.0 13.0 0.0
5633.027609979689 0.0 0.0 0.0 1.0 0.0 0.0 13.0 0.0
5634.000816048646 0.0 0.0 0.0 1.0 0.0 0.0 13.0 0.0
5635.027609979689 0.0 0.0 0.0 1.0 0.0 0.0 13.0 0.0
5636.020208458298 0.0 0.0 0.0 1.0 0.0 0.0 13.0 0.0
5637.027609979689 0.0 0.0 0.0 1.0 0.0 0.0 13.0 0.0
5638.018078754563 0.0 0.0 0.0 1.0 0.0 0.0 13.0 0.0
5639.027609979689 0.0 0.0 0.0 1.0 0.0 0.0 13.0 0.0
5640.027609979689 0.0 0.0 0.0 1.0 0.0 0.0 13.0 0.0
5641.002858790997 0.0 0.0 0.0 1.0 0.0 0.0 13.0 0.0
5642.027609979689 0.0 0.0 0.0 1.0 0.0 0.0 13.0 0.0
5643.027609979689 0.0 0.0 0.0 1.0 0.0 0.0 13.0 0.0
5644.007800999557 0.0 0.0 0.0 1.0 0.0 0.0 13.0 0.0
5645.023839972421 0.0 0.0 0.0 1.0 0.0 0.0 13.0 0.0
5646.007599795924 0.0 0.0 0.0 1.0 0.0 0.0 13.0 0.0
5647.027609979689 0.0 0.0 0.0 1.0 0.0 0.0 13.0 0.0
5648.019230405842 0.0 0.0 0.0 1.0 0.0 0.0 13.0 0.0
5649.004375110099 0.0 0.0 0.0 1.0 0.0 0.0 13.0 0.0
5650.023209067743 0.0 0.0 0.0 1.0 0.0 0.0 13.0 0.0
5651.027609979689 0.0 0.0 0.0 1.0 0.0 0.0 13.0 0.0
5652.027609979689 0.0 0.0 0.0 1.0 0.0 0.0 13.0 0.0
5653.002823217931 0.0 0.0 0.0 1.0 0.0 0.0 13.0 0.0
5654.001168999732 0.0 0.0 0.0 1.0 0.0 0.0 13.0 0.0
5655.012309548809 0.0 0.0 0.0 1.0 0.0 0.0 13.0 0.0
5656.01132527527 0.0 0.0 0.0 1.0 0.0 0.0 13.0 0.0
5657.027609979689 0.0 0.0 0.0 1.0 0.0 0.0 13.0 0.0
5658.027609979689 0.0 0.0 0.0 1.0 0.0 0.0 13.0 0.0
5659.015499774663 0.0 0.0 0.0 1.0 0.0 0.0 13.0 0.0
5660.027609979689 0.0 0.0 0.0 1.0 0.0 0.0 13.0 0.0
5661.016569621119 0.0 0.0 0.0 1.0 0.0 0.0 13.0 0.0
5662.017921072459 0.0 0.0 0.0 1.0 0.0 0.0 13.0 0.0
5663.027609979689 0.0 0.0 0.0 1.0 0.0 0.0 13.0 0.0
5664.027609979689 0.0 0.0 0.0 1.0 0.0 0.0 13.0 0.0
5665.013708136822 0.0 0.0 0.0 1.0 0.0 0.0 13.0 0.0
5666.01182742216 0.0 0.0 0.0 1.0 0.0 0.0 13.0 0.0
5667.027609979689 0.0 0.0 0.0 1.0 0.0 0.0 13.0 0.0
5668.007876093825 0.0 0.0 0.0 1.0 0.0 0.0 13.0 0.0
5669.012230117059 0.0 0.0 0.0 1.0 0.0 0.0 13.0 0.0
5670.012369341567 0.0 0.0 0.0 1.0 0.0 0.0 13.0 0.0
5671.007851279053 0.0 0.0 0.0 1.0 0.0 0.0 13.0 0.0
5672.027609979689 0.0 0.0 0.0 1.0 0.0 0.0 13.0 0.0
5673.027609979689 0.0 0.0 0.0 1.0 0.0 0.0 13.0 0.0
5674.027609979689 0.0 0.0 0.0 1.0 0.0 0.0 13.0 0.0
5675.005271146536 0.0 0.0 0.0 1.0 0.0 0.0 13.0 0.0
5676.001977471487 0.0 0.0 0.0 1.0 0.0 0.0 13.0 0.0
5677.0025974088785 0.0 0.0 0.0 1.0 0.0 0.0 13.0 0.0
5678.027609979689 0.0 0.0 0.0 1.0 0.0 0.0 13.0 0.0
5679.015219262195 0.0 0.0 0.0 1.0 0.0 0.0 13.0 0.0
5680.0061951683965 0.0 0.0 0.0 1.0 0.0 0.0 13.0 0.0
5681.027609979689 0.0 0.0 0.0 1.0 0.0 0.0 13.0 0.0
5682.00215614765 0.0 0.0 0.0 1.0 0.0 0.0 13.0 0.0
5683.027609979689 0.0 0.0 0.0 1.0 0.0 0.0 13.0 0.0
5684.019266188502 0.0 0.0 0.0 1.0 0.0 0.0 13.0 0.0
5685.027609979689 0.0 0.0 0.0 1.0 0.0 0.0 13.0 0.0
5686.017545928387 0.0 0.0 0.0 1.0 0.0 0.0 13.0 0.0
5687.004290283384 0.0 0.0 0.0 1.0 0.0 0.0 13.0 0.0
5688.009685364367 0.0 0.0 0.0 1.0 0.0 0.0 13.0 0.0
5689.000380075349 0.0 0.0 0.0 1.0 0.0 0.0 13.0 0.0
5690.025016419086 0.0 0.0 0.0 1.0 0.0 0.0 13.0 0.0
5691.004851133265 0.0 0.0 0.0 1.0 0.0 0.0 13.0 0.0
5692.016449842136 0.0 0.0 0.0 1.0 0.0 0.0 13.0 0.0
5693.026042443074 0.0 0.0 0.0 1.0 0.0 0.0 13.0 0.0
5694.00267318475 0.0 0.0 0.0 1.0 0.0 0.0 13.0 0.0
5695.022356796925 0.0 0.0 0.0 1.0 0.0 0.0 13.0 0.0
5696.0078275757405 0.0 0.0 0.0 1.0 0.0 0.0 13.0 0.0
5697.004386740075 0.0 0.0 0.0 1.0 0.0 0.0 13.0 0.0
5698.0154964740905 0.0 0.0 0.0 1.0 0.0 0.0 13.0 0.0
5699.021380891628 0.0 0.0 0.0 1.0 0.0 0.0 13.0 0.0
5700.013684402129 0.0 0.0 0.0 1.0 0.0 0.0 13.0 0.0
5701.0122432553535 0.0 0.0 0.0 1.0 0.0 0.0 13.0 0.0
5702.024055676975 0.0 0.0 0.0 1.0 0.0 0.0 13.0 0.0
5703.027609979689 0.0 0.0 0.0 1.0 0.0 0.0 13.0 0.0
5704.002206016684 0.0 0.0 0.0 1.0 0.0 0.0 13.0 0.0
5705.0128486409285 0.0 0.0 0.0 1.0 0.0 0.0 13.0 0.0
5706.017114230905 0.0 0.0 0.0 1.0 0.0 0.0 13.0 0.0
5707.027609979689 0.0 0.0 0.0 1.0 0.0 0.0 13.0 0.0
5708.012617136702 0.0 0.0 0.0 1.0 0.0 0.0 13.0 0.0
5709.027609979689 0.0 0.0 0.0 1.0 0.0 0.0 13.0 0.0
5710.001191958426 0.0 0.0 0.0 1.0 0.0 0.0 13.0 0.0
5711.027609979689 0.0 0.0 0.0 1.0 0.0 0.0 13.0 0.0
5712.027609979689 0.0 0.0 0.0 1.0 0.0 0.0 13.0 0.0
5713.027609979689 0.0 0.0 0.0 1.0 0.0 0.0 13.0 0.0
5714.025734644358 0.0 0.0 0.0 1.0 0.0 0.0 13.0 0.0
5715.009861416068 0.0 0.0 0.0 1.0 0.0 0.0 13.0 0.0
5716.012873467991 0.0 0.0 0.0 1.0 0.0 0.0 13.0 0.0
5717.005136294492 0.0 0.0 0.0 1.0 0.0 0.0 13.0 0.0
5718.014192282891 0.0 0.0 0.0 1.0 0.0 0.0 13.0 0.0
5719.027609979689 0.0 0.0 0.0 1.0 0.0 0.0 13.0 0.0
5720.0147608034495 0.0 0.0 0.0 1.0 0.0 0.0 13.0 0.0
5721.0223689562645 0.0 0.0 0.0 1.0 0.0 0.0 13.0 0.0
5722.027609979689 0.0 0.0 0.0 1.0 0.0 0.0 13.0 0.0
5723.027609979689 0.0 0.0 0.0 1.0 0.0 0.0 13.0 0.0
5724.0116722608955 0.0 0.0 0.0 1.0 0.0 0.0 13.0 0.0
5725.027609979689 0.0 0.0 0.0 1.0 0.0 0.0 13.0 0.0
5726.02345628227 0.0 0.0 0.0 1.0 0.0 0.0 13.0 0.0
5727.027609979689 0.0 0.0 0.0 1.0 0.0 0.0 13.0 0.0
5728.0263019266995 0.0 0.0 0.0 1.0 0.0 0.0 13.0 0.0
5729.011029258797 0.0 0.0 0.0 1.0 0.0 0.0 13.0 0.0
5730.004251447521 0.0 0.0 0.0 1.0 0.0 0.0 13.0 0.0
5731.027609979689 0.0 0.0 0.0 1.0 0.0 0.0 13.0 0.0
5732.000509905791 0.0 0.0 0.0 1.0 0.0 0.0 13.0 0.0
5733.022139787187 0.0 0.0 0.0 1.0 0.0 0.0 13.0 0.0
5734.014170724379 0.0 0.0 0.0 1.0 0.0 0.0 13.0 0.0
5735.027609979689 0.0 0.0 0.0 1.0 0.0 0.0 13.0 0.0
5736.027609979689 0.0 0.0 0.0 1.0 0.0 0.0 13.0 0.0
5737.027609979689 0.0 0.0 0.0 1.0 0.0 0.0 13.0 0.0
5738.027609979689 0.0 0.0 0.0 1.0 0.0 0.0 13.0 0.0
5739.027609979689 0.0 0.0 0.0 1.0 0.0 0.0 13.0 0.0
5740.027609979689 0.0 0.0 0.0 1.0 0.0 0.0 13.0 0.0
5741.016913238935 0.0 0.0 0.0 1.0 0.0 0.0 13.0 0.0
5742.027609979689 0.0 0.0 0.0 1.0 0.0 0.0 13.0 0.0
5743.027609979689 0.0 0.0 0.0 1.0 0.0 0.0 13.0 0.0
5744.008655586458 0.0 0.0 0.0 1.0 0.0 0.0 13.0 0.0
5745.027609979689 0.0 0.0 0.0 1.0 0.0 0.0 13.0 0.0
5746.004869899538 0.0 0.0 0.0 1.0 0.0 0.0 13.0 0.0
5747.025902999314 0.0 0.0 0.0 1.0 0.0 0.0 13.0 0.0
5748.027609979689 0.0 0.0 0.0 1.0 0.0 0.0 13.0 0.0
5749.003465623628 0.0 0.0 0.0 1.0 0.0 0.0 13.0 0.0
5750.006866212167 0.0 0.0 0.0 1.0 0.0 0.0 13.0 0.0
5751.006477241536 0.0 0.0 0.0 1.0 0.0 0.0 13.0 0.0
5752.001383836588 0.0 0.0 0.0 1.0 0.0 0.0 13.0 0.0
5753.005099042882 0.0 0.0 0.0 1.0 0.0 0.0 13.0 0.0
5754.027609979689 0.0 0.0 0.0 1.0 0.0 0.0 13.0 0.0
5755.027609979689 0.0 0.0 0.0 1.0 0.0 0.0 13.0 0.0
5756.027609979689 0.0 0.0 0.0 1.0 0.0 0.0 13.0 0.0
5757.011515187539 0.0 0.0 0.0 1.0 0.0 0.0 13.0 0.0
5758.011376274853 0.0 0.0 0.0 1.0 0.0 0.0 13.0 0.0
5759.016964853657 0.0 0.0 0.0 1.0 0.0 0.0 13.0 0.0
5760.002106708116 0.0 0.0 0.0 1.0 0.0 0.0 13.0 0.0
5761.023613045807 0.0 0.0 0.0 1.0 0.0 0.0 13.0 0.0
5762.001269475313 0.0 0.0 0.0 1.0 0.0 0.0 13.0 0.0
5763.011231008767 0.0 0.0 0.0 1.0 0.0 0.0 13.0 0.0
5764.003518048357 0.0 0.0 0.0 1.0 0.0 0.0 13.0 0.0
5765.027609979689 0.0 0.0 0.0 1.0 0.0 0.0 13.0 0.0
5766.02010428265 0.0 0.0 0.0 1.0 0.0 0.0 13.0 0.0
5767.027609979689 0.0 0.0 0.0 1.0 0.0 0.0 13.0 0.0
5768.0094002236865 0.0 0.0 0.0 1.0 0.0 0.0 13.0 0.0
5769.027609979689 0.0 0.0 0.0 1.0 0.0 0.0 13.0 0.0
5770.0050617018605 0.0 0.0 0.0 1.0 0.0 0.0 13.0 0.0
5771.000333872747 0.0 0.0 0.0 1.0 0.0 0.0 13.0 0.0
5772.000061208556 0.0 0.0 0.0 1.0 0.0 0.0 13.0 0.0
5773.027609979689 0.0 0.0 0.0 1.0 0.0 0.0 13.0 0.0
5774.007156298964 0.0 0.0 0.0 1.0 0.0 0.0 13.0 0.0
5775.027609979689 0.0 0.0 0.0 1.0 0.0 0.0 13.0 0.0
5776.000500759754 0.0 0.0 0.0 1.0 0.0 0.0 13.0 0.0
5777.027609979689 0.0 0.0 0.0 1.0 0.0 0.0 13.0 0.0
5778.0216764101415 0.0 0.0 0.0 1.0 0.0 0.0 13.0 0.0
5779.0186877800315 0.0 0.0 0.0 1.0 0.0 0.0 13.0 0.0
5780.00902630503 0.0 0.0 0.0 1.0 0.0 0.0 13.0 0.0
5781.010628344615 0.0 0.0 0.0 1.0 0.0 0.0 13.0 0.0
5782.010571812664 0.0 0.0 0.0 1.0 0.0 0.0 13.0 0.0
5783.027609979689 0.0 0.0 0.0 1.0 0.0 0.0 13.0 0.0
5784.022039442945 0.0 0.0 0.0 1.0 0.0 0.0 13.0 0.0
5785.013761340501 0.0 0.0 0.0 1.0 0.0 0.0 13.0 0.0
5786.005902513725 0.0 0.0 0.0 1.0 0.0 0.0 13.0 0.0
5787.001716892628 0.0 0.0 0.0 1.0 0.0 0.0 13.0 0.0
5788.027609979689 0.0 0.0 0.0 1.0 0.0 0.0 13.0 0.0
5789.020041101462 0.0 0.0 0.0 1.0 0.0 0.0 13.0 0.0
5790.027609979689 0.0 0.0 0.0 1.0 0.0 0.0 13.0 0.0
5791.001589053152 0.0 0.0 0.0 1.0 0.0 0.0 13.0 0.0
5792.027609979689 0.0 0.0 0.0 1.0 0.0 0.0 13.0 0.0
5793.027609979689 0.0 0.0 0.0 1.0 0.0 0.0 13.0 0.0
5794.004993591432 0.0 0.0 0.0 1.0 0.0 0.0 13.0 0.0
5795.027609979689 0.0 0.0 0.0 1.0 0.0 0.0 13.0 0.0
5796.027609979689 0.0 0.0 0.0 1.0 0.0 0.0 13.0 0.0
5797.013993135193 0.0 0.0 0.0 1.0 0.0 0.0 13.0 0.0
5798.027609979689 0.0 0.0 0.0 1.0 0.0 0.0 13.0 0.0
5799.01721206306 0.0 0.0 0.0 1.0 0.0 0.0 13.0 0.0
5800.027609979689 0.0 0.0 0.0 1.0 0.0 0.0 13.0 0.0
5801.027609979689 0.0 0.0 0.0 1.0 0.0 0.0 13.0 0.0
5802.027609979689 0.0 0.0 0.0 1.0 0.0 0.0 13.0 0.0
5803.015212450995 0.0 0.0 0.0 1.0 0.0 0.0 13.0 0.0
5804.011696907204 0.0 0.0 0.0 1.0 0.0 0.0 13.0 0.0
5805.0019907089645 0.0 0.0 0.0 1.0 0.0 0.0 13.0 0.0
5806.016725983434 0.0 0.0 0.0 1.0 0.0 0.0 13.0 0.0
5807.026867033631 0.0 0.0 0.0 1.0 0.0 0.0 13.0 0.0
5808.0069364879955 0.0 0.0 0.0 1.0 0.0 0.0 13.0 0.0
5809.011624309427 0.0 0.0 0.0 1.0 0.0 0.0 13.0 0.0
5810.027609979689 0.0 0.0 0.0 1.0 0.0 0.0 13.0 0.0
5811.027609979689 0.0 0.0 0.0 1.0 0.0 0.0 13.0 0.0
5812.027609979689 0.0 0.0 0.0 1.0 0.0 0.0 13.0 0.0
5813.027609979689 0.0 0.0 0.0 1.0 0.0 0.0 13.0 0.0
5814.017689330428 0.0 0.0 0.0 1.0 0.0 0.0 13.0 0.0
5815.009367731874 0.0 0.0 0.0 1.0 0.0 0.0 13.0 0.0
5816.0130600373905 0.0 0.0 0.0 1.0 0.0 0.0 13.0 0.0
5817.008720704132 0.0 0.0 0.0 1.0 0.0 0.0 13.0 0.0
5818.027609979689 0.0 0.0 0.0 1.0 0.0 0.0 13.0 0.0
5819.027609979689 0.0 0.0 0.0 1.0 0.0 0.0 13.0 0.0
5820.02158694405 0.0 0.0 0.0 1.0 0.0 0.0 13.0 0.0
5821.001989277063 0.0 0.0 0.0 1.0 0.0 0.0 13.0 0.0
5822.006863710818 0.0 0.0 0.0 1.0 0.0 0.0 13.0 0.0
5823.000750244088 0.0 0.0 0.0 1.0 0.0 0.0 13.0 0.0
5824.011400911424 0.0 0.0 0.0 1.0 0.0 0.0 13.0 0.0
5825.007360168638 0.0 0.0 0.0 1.0 0.0 0.0 13.0 0.0
5826.018788134459 0.0 0.0 0.0 1.0 0.0 0.0 13.0 0.0
5827.000994002713 0.0 0.0 0.0 1.0 0.0 0.0 13.0 0.0
5828.014797727493 0.0 0.0 0.0 1.0 0.0 0.0 13.0 0.0
5829.027609979689 0.0 0.0 0.0 1.0 0.0 0.0 13.0 0.0
5830.017131767125 0.0 0.0 0.0 1.0 0.0 0.0 13.0 0.0
5831.027609979689 0.0 0.0 0.0 1.0 0.0 0.0 13.0 0.0
5832.027609979689 0.0 0.0 0.0 1.0 0.0 0.0 13.0 0.0
5833.00912999906 0.0 0.0 0.0 1.0 0.0 0.0 13.0 0.0
5834.008379559189 0.0 0.0 0.0 1.0 0.0 0.0 13.0 0.0
5835.0188934115695 0.0 0.0 0.0 1.0 0.0 0.0 13.0 0.0
5836.024068211452 0.0 0.0 0.0 1.0 0.0 0.0 13.0 0.0
5837.023554151816 0.0 0.0 0.0 1.0 0.0 0.0 13.0 0.0
5838.027609979689 0.0 0.0 0.0 1.0 0.0 0.0 13.0 0.0
5839.021640851622 0.0 0.0 0.0 1.0 0.0 0.0 13.0 0.0
5840.027609979689 0.0 0.0 0.0 1.0 0.0 0.0 13.0 0.0
5841.013887448549 0.0 0.0 0.0 1.0 0.0 0.0 13.0 0.0
5842.010562865472 0.0 0.0 0.0 1.0 0.0 0.0 13.0 0.0
5843.015312066151 0.0 0.0 0.0 1.0 0.0 0.0 13.0 0.0
5844.027609979689 0.0 0.0 0.0 1.0 0.0 0.0 13.0 0.0
5845.027609979689 0.0 0.0 0.0 1.0 0.0 0.0 13.0 0.0
5846.012065416886 0.0 0.0 0.0 1.0 0.0 0.0 13.0 0.0
5847.006954308024 0.0 0.0 0.0 1.0 0.0 0.0 13.0 0.0
5848.027609979689 0.0 0.0 0.0 1.0 0.0 0.0 13.0 0.0
5849.022425591495 0.0 0.0 0.0 1.0 0.0 0.0 13.0 0.0
5850.027609979689 0.0 0.0 0.0 1.0 0.0 0.0 13.0 0.0
5851.0271889262085 0.0 0.0 0.0 1.0 0.0 0.0 13.0 0.0
5852.027609979689 0.0 0.0 0.0 1.0 0.0 0.0 13.0 0.0
5853.027609979689 0.0 0.0 0.0 1.0 0.0 0.0 13.0 0.0
5854.027609979689 0.0 0.0 0.0 1.0 0.0 0.0 13.0 0.0
5855.021384446848 0.0 0.0 0.0 1.0 0.0 0.0 13.0 0.0
5856.0032008391345 0.0 0.0 0.0 1.0 0.0 0.0 13.0 0.0
5857.027609979689 0.0 0.0 0.0 1.0 0.0 0.0 13.0 0.0
5858.024696099392 0.0 0.0 0.0 1.0 0.0 0.0 13.0 0.0
5859.027609979689 0.0 0.0 0.0 1.0 0.0 0.0 13.0 0.0
5860.01738842403 0.0 0.0 0.0 1.0 0.0 0.0 13.0 0.0
5861.007758910599 0.0 0.0 0.0 1.0 0.0 0.0 13.0 0.0
5862.003403787246 0.0 0.0 0.0 1.0 0.0 0.0 13.0 0.0
5863.027609979689 0.0 0.0 0.0 1.0 0.0 0.0 13.0 0.0
5864.024673060752 0.0 0.0 0.0 1.0 0.0 0.0 13.0 0.0
5865.027609979689 0.0 0.0 0.0 1.0 0.0 0.0 13.0 0.0
5866.027609979689 0.0 0.0 0.0 1.0 0.0 0.0 13.0 0.0
5867.0039543498115 0.0 0.0 0.0 1.0 0.0 0.0 13.0 0.0
5868.027609979689 0.0 0.0 0.0 1.0 0.0 0.0 13.0 0.0
5869.027609979689 0.0 0.0 0.0 1.0 0.0 0.0 13.0 0.0
5870.027609979689 0.0 0.0 0.0 1.0 0.0 0.0 13.0 0.0
5871.005291290761 0.0 0.0 0.0 1.0 0.0 0.0 13.0 0.0
5872.000737925706 0.0 0.0 0.0 1.0 0.0 0.0 13.0 0.0
5873.001876223719 0.0 0.0 0.0 1.0 0.0 0.0 13.0 0.0
5874.007804950742 0.0 0.0 0.0 1.0 0.0 0.0 13.0 0.0
5875.022294317878 0.0 0.0 0.0 1.0 0.0 0.0 13.0 0.0
5876.027609979689 0.0 0.0 0.0 1.0 0.0 0.0 13.0 0.0
5877.027609979689 0.0 0.0 0.0 1.0 0.0 0.0 13.0 0.0
5878.0149960473345 0.0 0.0 0.0 1.0 0.0 0.0 13.0 0.0
5879.01731257106 0.0 0.0 0.0 1.0 0.0 0.0 13.0 0.0
5880.027609979689 0.0 0.0 0.0 1.0 0.0 0.0 13.0 0.0
5881.0173881884075 0.0 0.0 0.0 1.0 0.0 0.0 13.0 0.0
5882.027609979689 0.0 0.0 0.0 1.0 0.0 0.0 13.0 0.0
5883.027609979689 0.0 0.0 0.0 1.0 0.0 0.0 13.0 0.0
5884.027609979689 0.0 0.0 0.0 1.0 0.0 0.0 13.0 0.0
5885.013173089098 0.0 0.0 0.0 1.0 0.0 0.0 13.0 0.0
5886.012613157756 0.0 0.0 0.0 1.0 0.0 0.0 13.0 0.0
5887.0143033822205 0.0 0.0 0.0 1.0 0.0 0.0 13.0 0.0
5888.004821647131 0.0 0.0 0.0 1.0 0.0 0.0 13.0 0.0
5889.013767701411 0.0 0.0 0.0 1.0 0.0 0.0 13.0 0.0
5890.010344722637 0.0 0.0 0.0 1.0 0.0 0.0 13.0 0.0
5891.027609979689 0.0 0.0 0.0 1.0 0.0 0.0 13.0 0.0
5892.027609979689 0.0 0.0 0.0 1.0 0.0 0.0 13.0 0.0
5893.014734344073 0.0 0.0 0.0 1.0 0.0 0.0 13.0 0.0
5894.027609979689 0.0 0.0 0.0 1.0 0.0 0.0 13.0 0.0
5895.018563748308 0.0 0.0 0.0 1.0 0.0 0.0 13.0 0.0
5896.027609979689 0.0 0.0 0.0 1.0 0.0 0.0 13.0 0.0
5897.001396790011 0.0 0.0 0.0 1.0 0.0 0.0 13.0 0.0
5898.027609979689 0.0 0.0 0.0 1.0 0.0 0.0 13.0 0.0
5899.027609979689 0.0 0.0 0.0 1.0 0.0 0.0 13.0 0.0
5900.027609979689 0.0 0.0 0.0 1.0 0.0 0.0 13.0 0.0
5901.027609979689 0.0 0.0 0.0 1.0 0.0 0.0 13.0 0.0
5902.027609979689 0.0 0.0 0.0 1.0 0.0 0.0 13.0 0.0
5903.027609979689 0.0 0.0 0.0 1.0 0.0 0.0 13.0 0.0
5904.014344293794 0.0 0.0 0.0 1.0 0.0 0.0 13.0 0.0
5905.015424993314 0.0 0.0 0.0 1.0 0.0 0.0 13.0 0.0
5906.027609979689 0.0 0.0 0.0 1.0 0.0 0.0 13.0 0.0
5907.000665861271 0.0 0.0 0.0 1.0 0.0 0.0 13.0 0.0
5908.027609979689 0.0 0.0 0.0 1.0 0.0 0.0 13.0 0.0
5909.027609979689 0.0 0.0 0.0 1.0 0.0 0.0 13.0 0.0
5910.001935247944 0.0 0.0 0.0 1.0 0.0 0.0 13.0 0.0
5911.027609979689 0.0 0.0 0.0 1.0 0.0 0.0 13.0 0.0
5912.007362262233 0.0 0.0 0.0 1.0 0.0 0.0 13.0 0.0
5913.027609979689 0.0 0.0 0.0 1.0 0.0 0.0 13.0 0.0
5914.027609979689 0.0 0.0 0.0 1.0 0.0 0.0 13.0 0.0
5915.027609979689 0.0 0.0 0.0 1.0 0.0 0.0 13.0 0.0
5916.027609979689 0.0 0.0 0.0 1.0 0.0 0.0 13.0 0.0
5917.027609979689 0.0 0.0 0.0 1.0 0.0 0.0 13.0 0.0
5918.027609979689 0.0 0.0 0.0 1.0 0.0 0.0 13.0 0.0
5919.027609979689 0.0 0.0 0.0 1.0 0.0 0.0 13.0 0.0
5920.027609979689 0.0 0.0 0.0 1.0 0.0 0.0 13.0 0.0
5921.000418077074 0.0 0.0 0.0 1.0 0.0 0.0 13.0 0.0
5922.027609979689 0.0 0.0 0.0 1.0 0.0 0.0 13.0 0.0
5923.027609979689 0.0 0.0 0.0 1.0 0.0 0.0 13.0 0.0
5924.027609979689 0.0 0.0 0.0 1.0 0.0 0.0 13.0 0.0
5925.027609979689 0.0 0.0 0.0 1.0 0.0 0.0 13.0 0.0
5926.020529904834 0.0 0.0 0.0 1.0 0.0 0.0 13.0 0.0
5927.001248244954 0.0 0.0 0.0 1.0 0.0 0.0 13.0 0.0
5928.011254935732 0.0 0.0 0.0 1.0 0.0 0.0 13.0 0.0
5929.027609979689 0.0 0.0 0.0 1.0 0.0 0.0 13.0 0.0
5930.023853033837 0.0 0.0 0.0 1.0 0.0 0.0 13.0 0.0
5931.027609979689 0.0 0.0 0.0 1.0 0.0 0.0 13.0 0.0
5932.007441321262 0.0 0.0 0.0 1.0 0.0 0.0 13.0 0.0
5933.008778265051 0.0 0.0 0.0 1.0 0.0 0.0 13.0 0.0
5934.000468505071 0.0 0.0 0.0 1.0 0.0 0.0 13.0 0.0
5935.018433028893 0.0 0.0 0.0 1.0 0.0 0.0 13.0 0.0
5936.027609979689 0.0 0.0 0.0 1.0 0.0 0.0 13.0 0.0
5937.027609979689 0.0 0.0 0.0 1.0 0.0 0.0 13.0 0.0
5938.008253322734 0.0 0.0 0.0 1.0 0.0 0.0 13.0 0.0
5939.027609979689 0.0 0.0 0.0 1.0 0.0 0.0 13.0 0.0
5940.027609979689 0.0 0.0 0.0 1.0 0.0 0.0 13.0 0.0
5941.006007697469 0.0 0.0 0.0 1.0 0.0 0.0 13.0 0.0
5942.027609979689 0.0 0.0 0.0 1.0 0.0 0.0 13.0 0.0
5943.027609979689 0.0 0.0 0.0 1.0 0.0 0.0 13.0 0.0
5944.010381168494 0.0 0.0 0.0 1.0 0.0 0.0 13.0 0.0
5945.001649482925 0.0 0.0 0.0 1.0 0.0 0.0 13.0 0.0
5946.008128366708 0.0 0.0 0.0 1.0 0.0 0.0 13.0 0.0
5947.027609979689 0.0 0.0 0.0 1.0 0.0 0.0 13.0 0.0
5948.007122992194 0.0 0.0 0.0 1.0 0.0 0.0 13.0 0.0
5949.027609979689 0.0 0.0 0.0 1.0 0.0 0.0 13.0 0.0
5950.027609979689 0.0 0.0 0.0 1.0 0.0 0.0 13.0 0.0
5951.027609979689 0.0 0.0 0.0 1.0 0.0 0.0 13.0 0.0
5952.003535765559 0.0 0.0 0.0 1.0 0.0 0.0 13.0 0.0
5953.023577400206 0.0 0.0 0.0 1.0 0.0 0.0 13.0 0.0
5954.001884722141 0.0 0.0 0.0 1.0 0.0 0.0 13.0 0.0
5955.007194401274 0.0 0.0 0.0 1.0 0.0 0.0 13.0 0.0
5956.027609979689 0.0 0.0 0.0 1.0 0.0 0.0 13.0 0.0
5957.027609979689 0.0 0.0 0.0 1.0 0.0 0.0 13.0 0.0
5958.019039865374 0.0 0.0 0.0 1.0 0.0 0.0 13.0 0.0
5959.027609979689 0.0 0.0 0.0 1.0 0.0 0.0 13.0 0.0
5960.0151193582 0.0 0.0 0.0 1.0 0.0 0.0 13.0 0.0
5961.027609979689 0.0 0.0 0.0 1.0 0.0 0.0 13.0 0.0
5962.027609979689 0.0 0.0 0.0 1.0 0.0 0.0 13.0 0.0
5963.027609979689 0.0 0.0 0.0 1.0 0.0 0.0 13.0 0.0
5964.027609979689 0.0 0.0 0.0 1.0 0.0 0.0 13.0 0.0
5965.005186212643 0.0 0.0 0.0 1.0 0.0 0.0 13.0 0.0
5966.027609979689 0.0 0.0 0.0 1.0 0.0 0.0 13.0 0.0
5967.027609979689 0.0 0.0 0.0 1.0 0.0 0.0 13.0 0.0
5968.012505847313 0.0 0.0 0.0 1.0 0.0 0.0 13.0 0.0
5969.019660848883 0.0 0.0 0.0 1.0 0.0 0.0 13.0 0.0
5970.021130356637 0.0 0.0 0.0 1.0 0.0 0.0 13.0 0.0
5971.02588940382 0.0 0.0 0.0 1.0 0.0 0.0 13.0 0.0
5972.027609979689 0.0 0.0 0.0 1.0 0.0 0.0 13.0 0.0
5973.027609979689 0.0 0.0 0.0 1.0 0.0 0.0 13.0 0.0
5974.027609979689 0.0 0.0 0.0 1.0 0.0 0.0 13.0 0.0
5975.027609979689 0.0 0.0 0.0 1.0 0.0 0.0 13.0 0.0
5976.021847159021 0.0 0.0 0.0 1.0 0.0 0.0 13.0 0.0
5977.027609979689 0.0 0.0 0.0 1.0 0.0 0.0 13.0 0.0
5978.027609979689 0.0 0.0 0.0 1.0 0.0 0.0 13.0 0.0
5979.027609979689 0.0 0.0 0.0 1.0 0.0 0.0 13.0 0.0
5980.027609979689 0.0 0.0 0.0 1.0 0.0 0.0 13.0 0.0
5981.005742894707 0.0 0.0 0.0 1.0 0.0 0.0 13.0 0.0
5982.023900221944 0.0 0.0 0.0 1.0 0.0 0.0 13.0 0.0
5983.009488842094 0.0 0.0 0.0 1.0 0.0 0.0 13.0 0.0
5984.027609979689 0.0 0.0 0.0 1.0 0.0 0.0 13.0 0.0
5985.018778586441 0.0 0.0 0.0 1.0 0.0 0.0 13.0 0.0
5986.027609979689 0.0 0.0 0.0 1.0 0.0 0.0 13.0 0.0
5987.018467685981 0.0 0.0 0.0 1.0 0.0 0.0 13.0 0.0
5988.007556858001 0.0 0.0 0.0 1.0 0.0 0.0 13.0 0.0
5989.011444820963 0.0 0.0 0.0 1.0 0.0 0.0 13.0 0.0
5990.001268809147 0.0 0.0 0.0 1.0 0.0 0.0 13.0 0.0
5991.027609979689 0.0 0.0 0.0 1.0 0.0 0.0 13.0 0.0
5992.027609979689 0.0 0.0 0.0 1.0 0.0 0.0 13.0 0.0
5993.027609979689 0.0 0.0 0.0 1.0 0.0 0.0 13.0 0.0
5994.027609979689 0.0 0.0 0.0 1.0 0.0 0.0 13.0 0.0
5995.027609979689 0.0 0.0 0.0 1.0 0.0 0.0 13.0 0.0
5996.027609979689 0.0 0.0 0.0 1.0 0.0 0.0 13.0 0.0
5997.027609979689 0.0 0.0 0.0 1.0 0.0 0.0 13.0 0.0
5998.027609979689 0.0 0.0 0.0 1.0 0.0 0.0 13.0 0.0
5999.012844954197 0.0 0.0 0.0 1.0 0.0 0.0 13.0 0.0
6000.0182957173765 0.0 0.0 0.0 1.0 0.0 0.0 13.0 0.0
#####################################################################
# End of data export. Simulation finished at: 2026-01-22T18:46+0000 #
#####################################################################
