#####################################################################
# Alchemist log file - simulation started at: 2026-01-25T11:59+0000 #
#####################################################################
#
# seed = 84.0, connection_range_percentage = 0.3, variability = 4.0, history_length = 1200
#
# The columns have the following meaning: 
# time wandering[mean] defending[mean] solving[mean] wait[mean] attacked[max] alarm[max] historySize[mean] disagreementRate 
0.0 NaN NaN NaN NaN 0.0 0.0 NaN 0.0
0.0 0.0 0.0 0.0 1.0 0.0 0.0 2.0 0.0
1.004154866429255 0.0 0.0 0.0 1.0 0.0 0.0 2.275 0.0
2.0048739129363566 0.0 0.0 0.0 1.0 0.0 0.0 2.875 0.0
3.0048739129363566 0.0 0.0 0.0 1.0 0.0 0.0 2.95 0.0
4.004873912936357 0.0 0.0 0.0 1.0 0.0 0.0 3.0 0.0
5.002302889404131 0.0 0.0 0.0 1.0 0.0 0.0 3.0 0.0
6.004873912936357 0.0 0.0 0.0 1.0 0.0 0.0 3.0 0.0
7.004873912936357 0.0 0.0 0.0 1.0 0.0 0.0 3.0 0.0
8.004873912936358 0.0 0.0 0.0 1.0 0.0 0.0 3.0 0.0
9.004873912936358 0.0 0.0 0.0 1.0 0.0 0.0 3.0 0.0
10.004873912936358 0.0 0.0 0.0 1.0 0.0 0.0 3.0 0.0
11.004873912936358 0.0 0.0 0.0 1.0 0.0 0.0 3.0 0.0
12.000235014258745 0.0 0.0 0.0 1.0 0.0 0.0 3.0 0.0
13.003118505635943 0.0 0.0 0.0 1.0 0.0 0.0 3.0 0.0
14.004873912936358 0.0 0.0 0.0 1.0 0.0 0.0 3.0 0.0
15.00366800824188 0.0 0.0 0.0 1.0 0.0 0.0 3.0 0.0
16.004873912936358 0.0 0.0 0.0 1.0 0.0 0.0 3.0 0.0
17.004873912936358 0.0 0.0 0.0 1.0 0.0 0.0 3.0 0.0
18.004873912936358 0.0 0.0 0.0 1.0 0.0 0.0 3.0 0.0
19.004873912936358 0.0 0.0 0.0 1.0 0.0 0.0 3.0 0.0
20.004873912936358 0.0 0.0 0.0 1.0 0.0 0.0 3.0 0.0
21.00034555322666 0.0 0.0 0.0 1.0 0.0 0.0 3.0 0.0
22.00302571785917 0.0 0.0 0.0 1.0 0.0 0.0 3.0 0.0
23.004873912936358 0.0 0.0 0.0 1.0 0.0 0.0 3.0 0.0
24.004873912936358 0.0 0.0 0.0 1.0 0.0 0.0 3.0 0.0
25.004873912936358 0.0 0.0 0.0 1.0 0.0 0.0 3.0 0.0
26.004873912936358 0.0 0.0 0.0 1.0 0.0 0.0 3.0 0.0
27.004873912936358 0.0 0.0 0.0 1.0 0.0 0.0 3.0 0.0
28.004873912936358 0.0 0.0 0.0 1.0 0.0 0.0 3.0 0.0
29.004873912936358 0.0 0.0 0.0 1.0 0.0 0.0 3.0 0.0
30.004873912936358 0.0 0.0 0.0 1.0 0.0 0.0 3.0 0.0
31.004441823468788 0.0 0.0 0.0 1.0 0.0 0.0 3.0 0.0
32.00487391293636 0.0 0.0 0.0 1.0 0.0 0.0 3.0 0.0
33.00487391293636 0.0 0.0 0.0 1.0 0.0 0.0 3.0 0.0
34.00487391293636 0.0 0.0 0.0 1.0 0.0 0.0 3.0 0.0
35.003075090936896 0.0 0.0 0.0 1.0 0.0 0.0 3.0 0.0
36.00487391293636 0.0 0.0 0.0 1.0 0.0 0.0 3.0 0.0
37.00487391293636 0.0 0.0 0.0 1.0 0.0 0.0 3.0 0.0
38.00487391293636 0.0 0.0 0.0 1.0 0.0 0.0 3.0 0.0
39.00487391293636 0.0 0.0 0.0 1.0 0.0 0.0 3.0 0.0
40.00487391293636 0.0 0.0 0.0 1.0 0.0 0.0 3.0 0.0
41.00487391293636 0.0 0.0 0.0 1.0 0.0 0.0 3.0 0.0
42.00487391293636 0.0 0.0 0.0 1.0 0.0 0.0 3.0 0.0
43.00487391293636 0.0 0.0 0.0 1.0 0.0 0.0 3.0 0.0
44.00487391293636 0.0 0.0 0.0 1.0 0.0 0.0 3.0 0.0
45.00487391293636 0.0 0.0 0.0 1.0 0.0 0.0 3.0 0.0
46.00487391293636 0.0 0.0 0.0 1.0 0.0 0.0 3.0 0.0
47.00487391293636 0.0 0.0 0.0 1.0 0.0 0.0 3.0 0.0
48.00487391293636 0.0 0.0 0.0 1.0 0.0 0.0 3.0 0.0
49.00487391293636 0.0 0.0 0.0 1.0 0.0 0.0 3.0 0.0
50.00410408493774 0.0 0.0 0.0 1.0 0.0 0.0 3.0 0.0
51.00487391293636 0.0 0.0 0.0 1.0 0.0 0.0 3.0 0.0
52.00487391293636 0.0 0.0 0.0 1.0 0.0 0.0 3.0 0.0
53.00487391293636 0.0 0.0 0.0 1.0 0.0 0.0 3.0 0.0
54.00487391293636 0.0 0.0 0.0 1.0 0.0 0.0 3.0 0.0
55.00487391293636 0.0 0.0 0.0 1.0 0.0 0.0 3.0 0.0
56.00487391293636 0.0 0.0 0.0 1.0 0.0 0.0 3.0 0.0
57.00487391293636 0.0 0.0 0.0 1.0 0.0 0.0 3.0 0.0
58.00487391293636 0.0 0.0 0.0 1.0 0.0 0.0 3.0 0.0
59.00487391293636 0.0 0.0 0.0 1.0 0.0 0.0 3.0 0.0
60.00351525977069 0.0 0.0 0.0 1.0 0.0 0.0 3.0 0.0
61.00487391293636 0.0 0.0 0.0 1.0 0.0 0.0 3.0 0.0
62.00487391293636 0.0 0.0 0.0 1.0 0.0 0.0 3.0 0.0
63.000281272797686 0.0 0.0 0.0 1.0 0.0 0.0 3.0 0.0
64.00487391293636 0.0 0.0 0.0 1.0 0.0 0.0 3.0 0.0
65.00487391293636 0.0 0.0 0.0 1.0 0.0 0.0 3.0 0.0
66.00487391293636 0.0 0.0 0.0 1.0 0.0 0.0 3.0 0.0
67.00487391293636 0.0 0.0 0.0 1.0 0.0 0.0 3.0 0.0
68.00487391293636 0.0 0.0 0.0 1.0 0.0 0.0 3.0 0.0
69.00487391293636 0.0 0.0 0.0 1.0 0.0 0.0 3.0 0.0
70.00487391293636 0.0 0.0 0.0 1.0 0.0 0.0 3.0 0.0
71.00487391293636 0.0 0.0 0.0 1.0 0.0 0.0 3.0 0.0
72.00487391293636 0.0 0.0 0.0 1.0 0.0 0.0 3.0 0.0
73.00487391293636 0.0 0.0 0.0 1.0 0.0 0.0 3.0 0.0
74.00487391293636 0.0 0.0 0.0 1.0 0.0 0.0 3.0 0.0
75.00487391293636 0.0 0.0 0.0 1.0 0.0 0.0 3.0 0.0
76.00487391293636 0.0 0.0 0.0 1.0 0.0 0.0 3.0 0.0
77.00487391293636 0.0 0.0 0.0 1.0 0.0 0.0 3.0 0.0
78.00161383792643 0.0 0.0 0.0 1.0 0.0 0.0 3.0 0.0
79.00487391293636 0.0 0.0 0.0 1.0 0.0 0.0 3.0 0.0
80.00487391293636 0.0 0.0 0.0 1.0 0.0 0.0 3.0 0.0
81.00487391293636 0.0 0.0 0.0 1.0 0.0 0.0 3.0 0.0
82.00487391293636 0.0 0.0 0.0 1.0 0.0 0.0 3.0 0.0
83.00487391293636 0.0 0.0 0.0 1.0 0.0 0.0 3.0 0.0
84.00487391293636 0.0 0.0 0.0 1.0 0.0 0.0 3.0 0.0
85.00141737478346 0.0 0.0 0.0 1.0 0.0 0.0 3.0 0.0
86.00487391293636 0.0 0.0 0.0 1.0 0.0 0.0 3.0 0.0
87.00331455557084 0.0 0.0 0.0 1.0 0.0 0.0 3.0 0.0
88.00487391293636 0.0 0.0 0.0 1.0 0.0 0.0 3.0 0.0
89.00487391293636 0.0 0.0 0.0 1.0 0.0 0.0 3.0 0.0
90.00487391293636 0.0 0.0 0.0 1.0 0.0 0.0 3.0 0.0
91.00487391293636 0.0 0.0 0.0 1.0 0.0 0.0 3.0 0.0
92.00487391293636 0.0 0.0 0.0 1.0 0.0 0.0 3.0 0.0
93.00487391293636 0.0 0.0 0.0 1.0 0.0 0.0 3.0 0.0
94.00487391293636 0.0 0.0 0.0 1.0 0.0 0.0 3.0 0.0
95.0014234667089 0.0 0.0 0.0 1.0 0.0 0.0 3.0 0.0
96.00487391293636 0.0 0.0 0.0 1.0 0.0 0.0 3.0 0.0
97.00487391293636 0.0 0.0 0.0 1.0 0.0 0.0 3.0 0.0
98.00487391293636 0.0 0.0 0.0 1.0 0.0 0.0 3.0 0.0
99.00487391293636 0.0 0.0 0.0 1.0 0.0 0.0 3.0 0.0
100.00487391293636 0.0 0.0 0.0 1.0 0.0 0.0 3.0 0.0
101.00487391293636 0.0 0.0 0.0 1.0 0.0 0.0 3.0 0.0
102.00487391293636 0.0 0.0 0.0 1.0 0.0 0.0 3.0 0.0
103.00487391293636 0.0 0.0 0.0 1.0 0.0 0.0 3.0 0.0
104.00487391293636 0.0 0.0 0.0 1.0 0.0 0.0 3.0 0.0
105.00487391293636 0.0 0.0 0.0 1.0 0.0 0.0 3.0 0.0
106.00487391293636 0.0 0.0 0.0 1.0 0.0 0.0 3.0 0.0
107.00487391293636 0.0 0.0 0.0 1.0 0.0 0.0 3.0 0.0
108.0022347755295 0.0 0.0 0.0 1.0 0.0 0.0 3.0 0.0
109.00487391293636 0.0 0.0 0.0 1.0 0.0 0.0 3.0 0.0
110.00487391293636 0.0 0.0 0.0 1.0 0.0 0.0 3.0 0.0
111.00487391293636 0.0 0.0 0.0 1.0 0.0 0.0 3.0 0.0
112.00487391293636 0.0 0.0 0.0 1.0 0.0 0.0 3.0 0.0
113.00487391293636 0.0 0.0 0.0 1.0 0.0 0.0 3.0 0.0
114.00487391293636 0.0 0.0 0.0 1.0 0.0 0.0 3.0 0.0
115.00487391293636 0.0 0.0 0.0 1.0 0.0 0.0 3.0 0.0
116.00487391293636 0.0 0.0 0.0 1.0 0.0 0.0 3.0 0.0
117.00250997089235 0.0 0.0 0.0 1.0 0.0 0.0 3.0 0.0
118.00487391293636 0.0 0.0 0.0 1.0 0.0 0.0 3.0 0.0
119.00487391293636 0.0 0.0 0.0 1.0 0.0 0.0 3.0 0.0
120.00487391293636 0.0 0.0 0.0 1.0 0.0 0.0 3.0 0.0
121.00487391293636 0.0 0.0 0.0 1.0 0.0 0.0 3.0 0.0
122.00487391293636 0.0 0.0 0.0 1.0 0.0 0.0 3.0 0.0
123.00487391293636 0.0 0.0 0.0 1.0 0.0 0.0 3.0 0.0
124.00487391293636 0.0 0.0 0.0 1.0 0.0 0.0 3.0 0.0
125.00487391293636 0.0 0.0 0.0 1.0 0.0 0.0 3.0 0.0
126.002843742348 0.0 0.0 0.0 1.0 0.0 0.0 3.0 0.0
127.00487391293636 0.0 0.0 0.0 1.0 0.0 0.0 3.0 0.0
128.00487391293638 0.0 0.0 0.0 1.0 0.0 0.0 3.0 0.0
129.00487391293638 0.0 0.0 0.0 1.0 0.0 0.0 3.0 0.0
130.00487391293638 0.0 0.0 0.0 1.0 0.0 0.0 3.0 0.0
131.00487391293638 0.0 0.0 0.0 1.0 0.0 0.0 3.0 0.0
132.00487391293638 0.0 0.0 0.0 1.0 0.0 0.0 3.0 0.0
133.00487391293638 0.0 0.0 0.0 1.0 0.0 0.0 3.0 0.0
134.00487391293638 0.0 0.0 0.0 1.0 0.0 0.0 3.0 0.0
135.00064932663628 0.0 0.0 0.0 1.0 0.0 0.0 3.0 0.0
136.00487391293638 0.0 0.0 0.0 1.0 0.0 0.0 3.0 0.0
137.00487391293638 0.0 0.0 0.0 1.0 0.0 0.0 3.0 0.0
138.00487391293638 0.0 0.0 0.0 1.0 0.0 0.0 3.0 0.0
139.00487391293638 0.0 0.0 0.0 1.0 0.0 0.0 3.0 0.0
140.00487391293638 0.0 0.0 0.0 1.0 0.0 0.0 3.0 0.0
141.00487391293638 0.0 0.0 0.0 1.0 0.0 0.0 3.0 0.0
142.00037317901592 0.0 0.0 0.0 1.0 0.0 0.0 3.0 0.0
143.00487391293638 0.0 0.0 0.0 1.0 0.0 0.0 3.0 0.0
144.00487391293638 0.0 0.0 0.0 1.0 0.0 0.0 3.0 0.0
145.00487391293638 0.0 0.0 0.0 1.0 0.0 0.0 3.0 0.0
146.00487391293638 0.0 0.0 0.0 1.0 0.0 0.0 3.0 0.0
147.00487391293638 0.0 0.0 0.0 1.0 0.0 0.0 3.0 0.0
148.00487391293638 0.0 0.0 0.0 1.0 0.0 0.0 3.0 0.0
149.00487391293638 0.0 0.0 0.0 1.0 0.0 0.0 3.0 0.0
150.00487391293638 0.0 0.0 0.0 1.0 0.0 0.0 3.0 0.0
151.00487391293638 0.0 0.0 0.0 1.0 0.0 0.0 3.0 0.0
152.00487391293638 0.0 0.0 0.0 1.0 0.0 0.0 3.0 0.0
153.00487391293638 0.0 0.0 0.0 1.0 0.0 0.0 3.0 0.0
154.00487391293638 0.0 0.0 0.0 1.0 0.0 0.0 3.0 0.0
155.00487391293638 0.0 0.0 0.0 1.0 0.0 0.0 3.0 0.0
156.00487391293638 0.0 0.0 0.0 1.0 0.0 0.0 3.0 0.0
157.00487391293638 0.0 0.0 0.0 1.0 0.0 0.0 3.0 0.0
158.00487391293638 0.0 0.0 0.0 1.0 0.0 0.0 3.0 0.0
159.00487391293638 0.0 0.0 0.0 1.0 0.0 0.0 3.0 0.0
160.00487391293638 0.0 0.0 0.0 1.0 0.0 0.0 3.0 0.0
161.00319903913598 0.0 0.0 0.0 1.0 0.0 0.0 3.0 0.0
162.00487391293638 0.0 0.0 0.0 1.0 0.0 0.0 3.0 0.0
163.00198904931688 0.0 0.0 0.0 1.0 0.0 0.0 3.0 0.0
164.00487391293638 0.0 0.0 0.0 1.0 0.0 0.0 3.0 0.0
165.00487391293638 0.0 0.0 0.0 1.0 0.0 0.0 3.0 0.0
166.00487391293638 0.0 0.0 0.0 1.0 0.0 0.0 3.0 0.0
167.00487391293638 0.0 0.0 0.0 1.0 0.0 0.0 3.0 0.0
168.00487391293638 0.0 0.0 0.0 1.0 0.0 0.0 3.0 0.0
169.00487391293638 0.0 0.0 0.0 1.0 0.0 0.0 3.0 0.0
170.00487391293638 0.0 0.0 0.0 1.0 0.0 0.0 3.0 0.0
171.00487391293638 0.0 0.0 0.0 1.0 0.0 0.0 3.0 0.0
172.00487391293638 0.0 0.0 0.0 1.0 0.0 0.0 3.0 0.0
173.00487391293638 0.0 0.0 0.0 1.0 0.0 0.0 3.0 0.0
174.00152581275535 0.0 0.0 0.0 1.0 0.0 0.0 3.0 0.0
175.00321736514186 0.0 0.0 0.0 1.0 0.0 0.0 3.0 0.0
176.00487391293638 0.0 0.0 0.0 1.0 0.0 0.0 3.0 0.0
177.00487391293638 0.0 0.0 0.0 1.0 0.0 0.0 3.0 0.0
178.00487391293638 0.0 0.0 0.0 1.0 0.0 0.0 3.0 0.0
179.00320765708065 0.0 0.0 0.0 1.0 0.0 0.0 3.0 0.0
180.00487391293638 0.0 0.0 0.0 1.0 0.0 0.0 3.0 0.0
181.00487391293638 0.0 0.0 0.0 1.0 0.0 0.0 3.0 0.0
182.00487391293638 0.0 0.0 0.0 1.0 0.0 0.0 3.0 0.0
183.00487391293638 0.0 0.0 0.0 1.0 0.0 0.0 3.0 0.0
184.00487391293638 0.0 0.0 0.0 1.0 0.0 0.0 3.0 0.0
185.00487391293638 0.0 0.0 0.0 1.0 0.0 0.0 3.0 0.0
186.00487391293638 0.0 0.0 0.0 1.0 0.0 0.0 3.0 0.0
187.00487391293638 0.0 0.0 0.0 1.0 0.0 0.0 3.0 0.0
188.00487391293638 0.0 0.0 0.0 1.0 0.0 0.0 3.0 0.0
189.00487391293638 0.0 0.0 0.0 1.0 0.0 0.0 3.0 0.0
190.00487391293638 0.0 0.0 0.0 1.0 0.0 0.0 3.0 0.0
191.00487391293638 0.0 0.0 0.0 1.0 0.0 0.0 3.0 0.0
192.00487391293638 0.0 0.0 0.0 1.0 0.0 0.0 3.0 0.0
193.00487391293638 0.0 0.0 0.0 1.0 0.0 0.0 3.0 0.0
194.00487391293638 0.0 0.0 0.0 1.0 0.0 0.0 3.0 0.0
195.00487391293638 0.0 0.0 0.0 1.0 0.0 0.0 3.0 0.0
196.00487391293638 0.0 0.0 0.0 1.0 0.0 0.0 3.0 0.0
197.00487391293638 0.0 0.0 0.0 1.0 0.0 0.0 3.0 0.0
198.00487391293638 0.0 0.0 0.0 1.0 0.0 0.0 3.0 0.0
199.00487391293638 0.0 0.0 0.0 1.0 0.0 0.0 3.0 0.0
200.00007769150227 0.0 0.0 0.0 1.0 0.0 0.0 3.0 0.0
201.00487391293638 0.0 0.0 0.0 1.0 0.0 0.0 3.0 0.0
202.00487391293638 0.0 0.0 0.0 1.0 0.0 0.0 3.0 0.0
203.00487391293638 0.0 0.0 0.0 1.0 0.0 0.0 3.0 0.0
204.00487391293638 0.0 0.0 0.0 1.0 0.0 0.0 3.0 0.0
205.00487391293638 0.0 0.0 0.0 1.0 0.0 0.0 3.0 0.0
206.00487391293638 0.0 0.0 0.0 1.0 0.0 0.0 3.0 0.0
207.00487391293638 0.0 0.0 0.0 1.0 0.0 0.0 3.0 0.0
208.00487391293638 0.0 0.0 0.0 1.0 0.0 0.0 3.0 0.0
209.00487391293638 0.0 0.0 0.0 1.0 0.0 0.0 3.0 0.0
210.00487391293638 0.0 0.0 0.0 1.0 0.0 0.0 3.0 0.0
211.00487391293638 0.0 0.0 0.0 1.0 0.0 0.0 3.0 0.0
212.00487391293638 0.0 0.0 0.0 1.0 0.0 0.0 3.0 0.0
213.00487391293638 0.0 0.0 0.0 1.0 0.0 0.0 3.0 0.0
214.00487391293638 0.0 0.0 0.0 1.0 0.0 0.0 3.0 0.0
215.00487391293638 0.0 0.0 0.0 1.0 0.0 0.0 3.0 0.0
216.00487391293638 0.0 0.0 0.0 1.0 0.0 0.0 3.0 0.0
217.00487391293638 0.0 0.0 0.0 1.0 0.0 0.0 3.0 0.0
218.00487391293638 0.0 0.0 0.0 1.0 0.0 0.0 3.0 0.0
219.00487391293638 0.0 0.0 0.0 1.0 0.0 0.0 3.0 0.0
220.00487391293638 0.0 0.0 0.0 1.0 0.0 0.0 3.0 0.0
221.00487391293638 0.0 0.0 0.0 1.0 0.0 0.0 3.0 0.0
222.0015530132835 0.0 0.0 0.0 1.0 0.0 0.0 3.0 0.0
223.00054299708722 0.0 0.0 0.0 1.0 0.0 0.0 3.0 0.0
224.00487391293638 0.0 0.0 0.0 1.0 0.0 0.0 3.0 0.0
225.00487391293638 0.0 0.0 0.0 1.0 0.0 0.0 3.0 0.0
226.00487391293638 0.0 0.0 0.0 1.0 0.0 0.0 3.0 0.0
227.00487391293638 0.0 0.0 0.0 1.0 0.0 0.0 3.0 0.0
228.00487391293638 0.0 0.0 0.0 1.0 0.0 0.0 3.0 0.0
229.00487391293638 0.0 0.0 0.0 1.0 0.0 0.0 3.0 0.0
230.00487391293638 0.0 0.0 0.0 1.0 0.0 0.0 3.0 0.0
231.00487391293638 0.0 0.0 0.0 1.0 0.0 0.0 3.0 0.0
232.00487391293638 0.0 0.0 0.0 1.0 0.0 0.0 3.0 0.0
233.00487391293638 0.0 0.0 0.0 1.0 0.0 0.0 3.0 0.0
234.00487391293638 0.0 0.0 0.0 1.0 0.0 0.0 3.0 0.0
235.00487391293638 0.0 0.0 0.0 1.0 0.0 0.0 3.0 0.0
236.00316957510884 0.0 0.0 0.0 1.0 0.0 0.0 3.0 0.0
237.00487391293638 0.0 0.0 0.0 1.0 0.0 0.0 3.0 0.0
238.00487391293638 0.0 0.0 0.0 1.0 0.0 0.0 3.0 0.0
239.00487391293638 0.0 0.0 0.0 1.0 0.0 0.0 3.0 0.0
240.00487391293638 0.0 0.0 0.0 1.0 0.0 0.0 3.0 0.0
241.00487391293638 0.0 0.0 0.0 1.0 0.0 0.0 3.0 0.0
242.00367997410865 0.0 0.0 0.0 1.0 0.0 0.0 3.0 0.0
243.00487391293638 0.0 0.0 0.0 1.0 0.0 0.0 3.0 0.0
244.00487391293638 0.0 0.0 0.0 1.0 0.0 0.0 3.0 0.0
245.00487391293638 0.0 0.0 0.0 1.0 0.0 0.0 3.0 0.0
246.00487391293638 0.0 0.0 0.0 1.0 0.0 0.0 3.0 0.0
247.00487391293638 0.0 0.0 0.0 1.0 0.0 0.0 3.0 0.0
248.00487391293638 0.0 0.0 0.0 1.0 0.0 0.0 3.0 0.0
249.0021910930258 0.0 0.0 0.0 1.0 0.0 0.0 3.0 0.0
250.00487391293638 0.0 0.0 0.0 1.0 0.0 0.0 3.0 0.0
251.00487391293638 0.0 0.0 0.0 1.0 0.0 0.0 3.0 0.0
252.00487391293638 0.0 0.0 0.0 1.0 0.0 0.0 3.0 0.0
253.00487391293638 0.0 0.0 0.0 1.0 0.0 0.0 3.0 0.0
254.00487391293638 0.0 0.0 0.0 1.0 0.0 0.0 3.0 0.0
255.00487391293638 0.0 0.0 0.0 1.0 0.0 0.0 3.0 0.0
256.0048739129364 0.0 0.0 0.0 1.0 0.0 0.0 3.0 0.0
257.0048739129364 0.0 0.0 0.0 1.0 0.0 0.0 3.0 0.0
258.0048739129364 0.0 0.0 0.0 1.0 0.0 0.0 3.0 0.0
259.0048739129364 0.0 0.0 0.0 1.0 0.0 0.0 3.0 0.0
260.0017375353993 0.0 0.0 0.0 1.0 0.0 0.0 3.0 0.0
261.0048739129364 0.0 0.0 0.0 1.0 0.0 0.0 3.0 0.0
262.0048739129364 0.0 0.0 0.0 1.0 0.0 0.0 3.0 0.0
263.0048739129364 0.0 0.0 0.0 1.0 0.0 0.0 3.0 0.0
264.00482625788857 0.0 0.0 0.0 1.0 0.0 0.0 3.0 0.0
265.0048739129364 0.0 0.0 0.0 1.0 0.0 0.0 3.0 0.0
266.0048739129364 0.0 0.0 0.0 1.0 0.0 0.0 3.0 0.0
267.0048739129364 0.0 0.0 0.0 1.0 0.0 0.0 3.0 0.0
268.0048739129364 0.0 0.0 0.0 1.0 0.0 0.0 3.0 0.0
269.00110261286204 0.0 0.0 0.0 1.0 0.0 0.0 3.0 0.0
270.0044036061727 0.0 0.0 0.0 1.0 0.0 0.0 3.0 0.0
271.0048739129364 0.0 0.0 0.0 1.0 0.0 0.0 3.0 0.0
272.0048739129364 0.0 0.0 0.0 1.0 0.0 0.0 3.0 0.0
273.0048739129364 0.0 0.0 0.0 1.0 0.0 0.0 3.0 0.0
274.0048739129364 0.0 0.0 0.0 1.0 0.0 0.0 3.0 0.0
275.0048739129364 0.0 0.0 0.0 1.0 0.0 0.0 3.0 0.0
276.0048739129364 0.0 0.0 0.0 1.0 0.0 0.0 3.0 0.0
277.0048739129364 0.0 0.0 0.0 1.0 0.0 0.0 3.0 0.0
278.0048739129364 0.0 0.0 0.0 1.0 0.0 0.0 3.0 0.0
279.0048739129364 0.0 0.0 0.0 1.0 0.0 0.0 3.0 0.0
280.0048739129364 0.0 0.0 0.0 1.0 0.0 0.0 3.0 0.0
281.0048739129364 0.0 0.0 0.0 1.0 0.0 0.0 3.0 0.0
282.0048739129364 0.0 0.0 0.0 1.0 0.0 0.0 3.0 0.0
283.0048739129364 0.0 0.0 0.0 1.0 0.0 0.0 3.0 0.0
284.0048739129364 0.0 0.0 0.0 1.0 0.0 0.0 3.0 0.0
285.0048739129364 0.0 0.0 0.0 1.0 0.0 0.0 3.0 0.0
286.0048739129364 0.0 0.0 0.0 1.0 0.0 0.0 3.0 0.0
287.0048739129364 0.0 0.0 0.0 1.0 0.0 0.0 3.0 0.0
288.0048739129364 0.0 0.0 0.0 1.0 0.0 0.0 3.0 0.0
289.0048739129364 0.0 0.0 0.0 1.0 0.0 0.0 3.0 0.0
290.0048739129364 0.0 0.0 0.0 1.0 0.0 0.0 3.0 0.0
291.00433920740255 0.0 0.0 0.0 1.0 0.0 0.0 3.0 0.0
292.0048739129364 0.0 0.0 0.0 1.0 0.0 0.0 3.0 0.0
293.0048739129364 0.0 0.0 0.0 1.0 0.0 0.0 3.0 0.0
294.0048739129364 0.0 0.0 0.0 1.0 0.0 0.0 3.0 0.0
295.00388536475026 0.0 0.0 0.0 1.0 0.0 0.0 3.0 0.0
296.0048739129364 0.0 0.0 0.0 1.0 0.0 0.0 3.0 0.0
297.0048739129364 0.0 0.0 0.0 1.0 0.0 0.0 3.0 0.0
298.0048739129364 0.0 0.0 0.0 1.0 0.0 0.0 3.0 0.0
299.0011750260133 0.0 0.0 0.0 1.0 0.0 0.0 3.0 0.0
300.0048739129364 0.0 0.0 0.0 1.0 0.0 0.0 3.0 0.0
301.0048739129364 0.0 0.0 0.0 1.0 0.0 0.0 3.0 0.0
302.0048739129364 0.0 0.0 0.0 1.0 0.0 0.0 3.0 0.0
303.0048739129364 0.0 0.0 0.0 1.0 0.0 0.0 3.0 0.0
304.0048739129364 0.0 0.0 0.0 1.0 0.0 0.0 3.0 0.0
305.0048739129364 0.0 0.0 0.0 1.0 0.0 0.0 3.0 0.0
306.0048739129364 0.0 0.0 0.0 1.0 0.0 0.0 3.0 0.0
307.0048739129364 0.0 0.0 0.0 1.0 0.0 0.0 3.0 0.0
308.0048739129364 0.0 0.0 0.0 1.0 0.0 0.0 3.0 0.0
309.0048739129364 0.0 0.0 0.0 1.0 0.0 0.0 3.0 0.0
310.0048739129364 0.0 0.0 0.0 1.0 0.0 0.0 3.0 0.0
311.0048739129364 0.0 0.0 0.0 1.0 0.0 0.0 3.0 0.0
312.0048739129364 0.0 0.0 0.0 1.0 0.0 0.0 3.0 0.0
313.0048739129364 0.0 0.0 0.0 1.0 0.0 0.0 3.0 0.0
314.0048739129364 0.0 0.0 0.0 1.0 0.0 0.0 3.0 0.0
315.0048739129364 0.0 0.0 0.0 1.0 0.0 0.0 3.0 0.0
316.0048739129364 0.0 0.0 0.0 1.0 0.0 0.0 3.0 0.0
317.0048739129364 0.0 0.0 0.0 1.0 0.0 0.0 3.0 0.0
318.0048739129364 0.0 0.0 0.0 1.0 0.0 0.0 3.0 0.0
319.0048739129364 0.0 0.0 0.0 1.0 0.0 0.0 3.0 0.0
320.0048739129364 0.0 0.0 0.0 1.0 0.0 0.0 3.0 0.0
321.0048739129364 0.0 0.0 0.0 1.0 0.0 0.0 3.0 0.0
322.0048739129364 0.0 0.0 0.0 1.0 0.0 0.0 3.0 0.0
323.0048739129364 0.0 0.0 0.0 1.0 0.0 0.0 3.0 0.0
324.0048739129364 0.0 0.0 0.0 1.0 0.0 0.0 3.0 0.0
325.0048739129364 0.0 0.0 0.0 1.0 0.0 0.0 3.0 0.0
326.0048739129364 0.0 0.0 0.0 1.0 0.0 0.0 3.0 0.0
327.0048739129364 0.0 0.0 0.0 1.0 0.0 0.0 3.0 0.0
328.0048739129364 0.0 0.0 0.0 1.0 0.0 0.0 3.0 0.0
329.0048739129364 0.0 0.0 0.0 1.0 0.0 0.0 3.0 0.0
330.0048739129364 0.0 0.0 0.0 1.0 0.0 0.0 3.0 0.0
331.0048739129364 0.0 0.0 0.0 1.0 0.0 0.0 3.0 0.0
332.00055530576424 0.0 0.0 0.0 1.0 0.0 0.0 3.0 0.0
333.0048739129364 0.0 0.0 0.0 1.0 0.0 0.0 3.0 0.0
334.0048739129364 0.0 0.0 0.0 1.0 0.0 0.0 3.0 0.0
335.0048739129364 0.0 0.0 0.0 1.0 0.0 0.0 3.0 0.0
336.0048739129364 0.0 0.0 0.0 1.0 0.0 0.0 3.0 0.0
337.0048739129364 0.0 0.0 0.0 1.0 0.0 0.0 3.0 0.0
338.0048739129364 0.0 0.0 0.0 1.0 0.0 0.0 3.0 0.0
339.0048739129364 0.0 0.0 0.0 1.0 0.0 0.0 3.0 0.0
340.0048739129364 0.0 0.0 0.0 1.0 0.0 0.0 3.0 0.0
341.0048739129364 0.0 0.0 0.0 1.0 0.0 0.0 3.0 0.0
342.0048739129364 0.0 0.0 0.0 1.0 0.0 0.0 3.0 0.0
343.0048739129364 0.0 0.0 0.0 1.0 0.0 0.0 3.0 0.0
344.0048739129364 0.0 0.0 0.0 1.0 0.0 0.0 3.0 0.0
345.0003463228096 0.0 0.0 0.0 1.0 0.0 0.0 3.0 0.0
346.0048739129364 0.0 0.0 0.0 1.0 0.0 0.0 3.0 0.0
347.0048739129364 0.0 0.0 0.0 1.0 0.0 0.0 3.0 0.0
348.0036118821166 0.0 0.0 0.0 1.0 0.0 0.0 3.0 0.0
349.0048739129364 0.0 0.0 0.0 1.0 0.0 0.0 3.0 0.0
350.0048739129364 0.0 0.0 0.0 1.0 0.0 0.0 3.0 0.0
351.0048739129364 0.0 0.0 0.0 1.0 0.0 0.0 3.0 0.0
352.0048739129364 0.0 0.0 0.0 1.0 0.0 0.0 3.0 0.0
353.0048739129364 0.0 0.0 0.0 1.0 0.0 0.0 3.0 0.0
354.0048739129364 0.0 0.0 0.0 1.0 0.0 0.0 3.0 0.0
355.0048739129364 0.0 0.0 0.0 1.0 0.0 0.0 3.0 0.0
356.0048739129364 0.0 0.0 0.0 1.0 0.0 0.0 3.0 0.0
357.0048739129364 0.0 0.0 0.0 1.0 0.0 0.0 3.0 0.0
358.0048739129364 0.0 0.0 0.0 1.0 0.0 0.0 3.0 0.0
359.0048739129364 0.0 0.0 0.0 1.0 0.0 0.0 3.0 0.0
360.0048739129364 0.0 0.0 0.0 1.0 0.0 0.0 3.0 0.0
361.0048739129364 0.0 0.0 0.0 1.0 0.0 0.0 3.0 0.0
362.0048739129364 0.0 0.0 0.0 1.0 0.0 0.0 3.0 0.0
363.0048739129364 0.0 0.0 0.0 1.0 0.0 0.0 3.0 0.0
364.0048739129364 0.0 0.0 0.0 1.0 0.0 0.0 3.0 0.0
365.00220555224826 0.0 0.0 0.0 1.0 0.0 0.0 3.0 0.0
366.0048739129364 0.0 0.0 0.0 1.0 0.0 0.0 3.0 0.0
367.0041537654664 0.0 0.0 0.0 1.0 0.0 0.0 3.0 0.0
368.0048739129364 0.0 0.0 0.0 1.0 0.0 0.0 3.0 0.0
369.00398780443993 0.0 0.0 0.0 1.0 0.0 0.0 3.0 0.0
370.0048739129364 0.0 0.0 0.0 1.0 0.0 0.0 3.0 0.0
371.0048739129364 0.0 0.0 0.0 1.0 0.0 0.0 3.0 0.0
372.0048739129364 0.0 0.0 0.0 1.0 0.0 0.0 3.0 0.0
373.0048739129364 0.0 0.0 0.0 1.0 0.0 0.0 3.0 0.0
374.0048739129364 0.0 0.0 0.0 1.0 0.0 0.0 3.0 0.0
375.0048739129364 0.0 0.0 0.0 1.0 0.0 0.0 3.0 0.0
376.0048739129364 0.0 0.0 0.0 1.0 0.0 0.0 3.0 0.0
377.0025594768343 0.0 0.0 0.0 1.0 0.0 0.0 3.0 0.0
378.0048739129364 0.0 0.0 0.0 1.0 0.0 0.0 3.0 0.0
379.0048739129364 0.0 0.0 0.0 1.0 0.0 0.0 3.0 0.0
380.00353400040774 0.0 0.0 0.0 1.0 0.0 0.0 3.0 0.0
381.002266399206 0.0 0.0 0.0 1.0 0.0 0.0 3.0 0.0
382.0048739129364 0.0 0.0 0.0 1.0 0.0 0.0 3.0 0.0
383.0048739129364 0.0 0.0 0.0 1.0 0.0 0.0 3.0 0.0
384.0048739129364 0.0 0.0 0.0 1.0 0.0 0.0 3.0 0.0
385.0048739129364 0.0 0.0 0.0 1.0 0.0 0.0 3.0 0.0
386.0048739129364 0.0 0.0 0.0 1.0 0.0 0.0 3.0 0.0
387.0048739129364 0.0 0.0 0.0 1.0 0.0 0.0 3.0 0.0
388.0048739129364 0.0 0.0 0.0 1.0 0.0 0.0 3.0 0.0
389.0048739129364 0.0 0.0 0.0 1.0 0.0 0.0 3.0 0.0
390.0048739129364 0.0 0.0 0.0 1.0 0.0 0.0 3.0 0.0
391.0048739129364 0.0 0.0 0.0 1.0 0.0 0.0 3.0 0.0
392.0048739129364 0.0 0.0 0.0 1.0 0.0 0.0 3.0 0.0
393.0048739129364 0.0 0.0 0.0 1.0 0.0 0.0 3.0 0.0
394.0048739129364 0.0 0.0 0.0 1.0 0.0 0.0 3.0 0.0
395.00273989149326 0.0 0.0 0.0 1.0 0.0 0.0 3.0 0.0
396.0048739129364 0.0 0.0 0.0 1.0 0.0 0.0 3.0 0.0
397.0048739129364 0.0 0.0 0.0 1.0 0.0 0.0 3.0 0.0
398.0048739129364 0.0 0.0 0.0 1.0 0.0 0.0 3.0 0.0
399.0048739129364 0.0 0.0 0.0 1.0 0.0 0.0 3.0 0.0
400.0048739129364 0.0 0.0 0.0 1.0 0.0 0.0 3.0 0.0
401.0048739129364 0.0 0.0 0.0 1.0 0.0 0.0 3.0 0.0
402.0048739129364 0.0 0.0 0.0 1.0 0.0 0.0 3.0 0.0
403.0048739129364 0.0 0.0 0.0 1.0 0.0 0.0 3.0 0.0
404.00296487088497 0.0 0.0 0.0 1.0 0.0 0.0 3.0 0.0
405.0048739129364 0.0 0.0 0.0 1.0 0.0 0.0 3.0 0.0
406.0048739129364 0.0 0.0 0.0 1.0 0.0 0.0 3.0 0.0
407.0048739129364 0.0 0.0 0.0 1.0 0.0 0.0 3.0 0.0
408.0048739129364 0.0 0.0 0.0 1.0 0.0 0.0 3.0 0.0
409.0048739129364 0.0 0.0 0.0 1.0 0.0 0.0 3.0 0.0
410.0048739129364 0.0 0.0 0.0 1.0 0.0 0.0 3.0 0.0
411.0013454612952 0.0 0.0 0.0 1.0 0.0 0.0 3.0 0.0
412.0048739129364 0.0 0.0 0.0 1.0 0.0 0.0 3.0 0.0
413.0048739129364 0.0 0.0 0.0 1.0 0.0 0.0 3.0 0.0
414.0048739129364 0.0 0.0 0.0 1.0 0.0 0.0 3.0 0.0
415.00463665919295 0.0 0.0 0.0 1.0 0.0 0.0 3.0 0.0
416.0048739129364 0.0 0.0 0.0 1.0 0.0 0.0 3.0 0.0
417.0048739129364 0.0 0.0 0.0 1.0 0.0 0.0 3.0 0.0
418.0048739129364 0.0 0.0 0.0 1.0 0.0 0.0 3.0 0.0
419.0048739129364 0.0 0.0 0.0 1.0 0.0 0.0 3.0 0.0
420.00174856727705 0.0 0.0 0.0 1.0 0.0 0.0 3.0 0.0
421.0048739129364 0.0 0.0 0.0 1.0 0.0 0.0 3.0 0.0
422.0048739129364 0.0 0.0 0.0 1.0 0.0 0.0 3.0 0.0
423.0048739129364 0.0 0.0 0.0 1.0 0.0 0.0 3.0 0.0
424.00060730292626 0.0 0.0 0.0 1.0 0.0 0.0 3.0 0.0
425.0048739129364 0.0 0.0 0.0 1.0 0.0 0.0 3.0 0.0
426.0048739129364 0.0 0.0 0.0 1.0 0.0 0.0 3.0 0.0
427.0048739129364 0.0 0.0 0.0 1.0 0.0 0.0 3.0 0.0
428.0048739129364 0.0 0.0 0.0 1.0 0.0 0.0 3.0 0.0
429.0048739129364 0.0 0.0 0.0 1.0 0.0 0.0 3.0 0.0
430.0048739129364 0.0 0.0 0.0 1.0 0.0 0.0 3.0 0.0
431.0029267693525 0.0 0.0 0.0 1.0 0.0 0.0 3.0 0.0
432.0048739129364 0.0 0.0 0.0 1.0 0.0 0.0 3.0 0.0
433.0033053457081 0.0 0.0 0.0 1.0 0.0 0.0 3.0 0.0
434.0030377044837 0.0 0.0 0.0 1.0 0.0 0.0 3.0 0.0
435.00417281022806 0.0 0.0 0.0 1.0 0.0 0.0 3.0 0.0
436.0027058610866 0.0 0.0 0.0 1.0 0.0 0.0 3.0 0.0
437.0048739129364 0.0 0.0 0.0 1.0 0.0 0.0 3.0 0.0
438.0048739129364 0.0 0.0 0.0 1.0 0.0 0.0 3.0 0.0
439.0048739129364 0.0 0.0 0.0 1.0 0.0 0.0 3.0 0.0
440.0048739129364 0.0 0.0 0.0 1.0 0.0 0.0 3.0 0.0
441.0048739129364 0.0 0.0 0.0 1.0 0.0 0.0 3.0 0.0
442.0048739129364 0.0 0.0 0.0 1.0 0.0 0.0 3.0 0.0
443.0048739129364 0.0 0.0 0.0 1.0 0.0 0.0 3.0 0.0
444.00163855259797 0.0 0.0 0.0 1.0 0.0 0.0 3.0 0.0
445.0048739129364 0.0 0.0 0.0 1.0 0.0 0.0 3.0 0.0
446.0044878188176 0.0 0.0 0.0 1.0 0.0 0.0 3.0 0.0
447.0001641918501 0.0 0.0 0.0 1.0 0.0 0.0 3.0 0.0
448.0048739129364 0.0 0.0 0.0 1.0 0.0 0.0 3.0 0.0
449.0048739129364 0.0 0.0 0.0 1.0 0.0 0.0 3.0 0.0
450.0048739129364 0.0 0.0 0.0 1.0 0.0 0.0 3.0 0.0
451.0014888277315 0.0 0.0 0.0 1.0 0.0 0.0 3.0 0.0
452.0048739129364 0.0 0.0 0.0 1.0 0.0 0.0 3.0 0.0
453.0048739129364 0.0 0.0 0.0 1.0 0.0 0.0 3.0 0.0
454.0048739129364 0.0 0.0 0.0 1.0 0.0 0.0 3.0 0.0
455.0048739129364 0.0 0.0 0.0 1.0 0.0 0.0 3.0 0.0
456.0048739129364 0.0 0.0 0.0 1.0 0.0 0.0 3.0 0.0
457.0048739129364 0.0 0.0 0.0 1.0 0.0 0.0 3.0 0.0
458.0048739129364 0.0 0.0 0.0 1.0 0.0 0.0 3.0 0.0
459.0048739129364 0.0 0.0 0.0 1.0 0.0 0.0 3.0 0.0
460.0048739129364 0.0 0.0 0.0 1.0 0.0 0.0 3.0 0.0
461.0048739129364 0.0 0.0 0.0 1.0 0.0 0.0 3.0 0.0
462.0048739129364 0.0 0.0 0.0 1.0 0.0 0.0 3.0 0.0
463.0048739129364 0.0 0.0 0.0 1.0 0.0 0.0 3.0 0.0
464.0048739129364 0.0 0.0 0.0 1.0 0.0 0.0 3.0 0.0
465.0048739129364 0.0 0.0 0.0 1.0 0.0 0.0 3.0 0.0
466.00112717484257 0.0 0.0 0.0 1.0 0.0 0.0 3.0 0.0
467.0048739129364 0.0 0.0 0.0 1.0 0.0 0.0 3.0 0.0
468.0048739129364 0.0 0.0 0.0 1.0 0.0 0.0 3.0 0.0
469.0048739129364 0.0 0.0 0.0 1.0 0.0 0.0 3.0 0.0
470.0048739129364 0.0 0.0 0.0 1.0 0.0 0.0 3.0 0.0
471.0048739129364 0.0 0.0 0.0 1.0 0.0 0.0 3.0 0.0
472.0048739129364 0.0 0.0 0.0 1.0 0.0 0.0 3.0 0.0
473.0048739129364 0.0 0.0 0.0 1.0 0.0 0.0 3.0 0.0
474.0048739129364 0.0 0.0 0.0 1.0 0.0 0.0 3.0 0.0
475.0048739129364 0.0 0.0 0.0 1.0 0.0 0.0 3.0 0.0
476.0048739129364 0.0 0.0 0.0 1.0 0.0 0.0 3.0 0.0
477.0048739129364 0.0 0.0 0.0 1.0 0.0 0.0 3.0 0.0
478.0048739129364 0.0 0.0 0.0 1.0 0.0 0.0 3.0 0.0
479.0048739129364 0.0 0.0 0.0 1.0 0.0 0.0 3.0 0.0
480.0042508556085 0.0 0.0 0.0 1.0 0.0 0.0 3.0 0.0
481.0007824002375 0.0 0.0 0.0 1.0 0.0 0.0 3.0 0.0
482.0048739129364 0.0 0.0 0.0 1.0 0.0 0.0 3.0 0.0
483.0048739129364 0.0 0.0 0.0 1.0 0.0 0.0 3.0 0.0
484.0048739129364 0.0 0.0 0.0 1.0 0.0 0.0 3.0 0.0
485.0048739129364 0.0 0.0 0.0 1.0 0.0 0.0 3.0 0.0
486.0048739129364 0.0 0.0 0.0 1.0 0.0 0.0 3.0 0.0
487.0048739129364 0.0 0.0 0.0 1.0 0.0 0.0 3.0 0.0
488.0048739129364 0.0 0.0 0.0 1.0 0.0 0.0 3.0 0.0
489.0048739129364 0.0 0.0 0.0 1.0 0.0 0.0 3.0 0.0
490.00074137196367 0.0 0.0 0.0 1.0 0.0 0.0 3.0 0.0
491.0048739129364 0.0 0.0 0.0 1.0 0.0 0.0 3.0 0.0
492.0048739129364 0.0 0.0 0.0 1.0 0.0 0.0 3.0 0.0
493.0031134441004 0.0 0.0 0.0 1.0 0.0 0.0 3.0 0.0
494.0048739129364 0.0 0.0 0.0 1.0 0.0 0.0 3.0 0.0
495.0048739129364 0.0 0.0 0.0 1.0 0.0 0.0 3.0 0.0
496.0001190826917 0.0 0.0 0.0 1.0 0.0 0.0 3.0 0.0
497.0048739129364 0.0 0.0 0.0 1.0 0.0 0.0 3.0 0.0
498.0048739129364 0.0 0.0 0.0 1.0 0.0 0.0 3.0 0.0
499.0048739129364 0.0 0.0 0.0 1.0 0.0 0.0 3.0 0.0
500.0048739129364 0.0 0.0 0.0 1.0 0.0 0.0 3.0 0.0
501.0048739129364 0.0 0.0 0.0 1.0 0.0 0.0 3.0 0.0
502.0048739129364 0.0 0.0 0.0 1.0 0.0 0.0 3.0 0.0
503.0048739129364 0.0 0.0 0.0 1.0 0.0 0.0 3.0 0.0
504.0048739129364 0.0 0.0 0.0 1.0 0.0 0.0 3.0 0.0
505.0048739129364 0.0 0.0 0.0 1.0 0.0 0.0 3.0 0.0
506.0048739129364 0.0 0.0 0.0 1.0 0.0 0.0 3.0 0.0
507.0048739129364 0.0 0.0 0.0 1.0 0.0 0.0 3.0 0.0
508.0048739129364 0.0 0.0 0.0 1.0 0.0 0.0 3.0 0.0
509.0048739129364 0.0 0.0 0.0 1.0 0.0 0.0 3.0 0.0
510.0048739129364 0.0 0.0 0.0 1.0 0.0 0.0 3.0 0.0
511.0048739129364 0.0 0.0 0.0 1.0 0.0 0.0 3.0 0.0
512.0048739129363 0.0 0.0 0.0 1.0 0.0 0.0 3.0 0.0
513.0048739129363 0.0 0.0 0.0 1.0 0.0 0.0 3.0 0.0
514.0048739129363 0.0 0.0 0.0 1.0 0.0 0.0 3.0 0.0
515.0048739129363 0.0 0.0 0.0 1.0 0.0 0.0 3.0 0.0
516.0048739129363 0.0 0.0 0.0 1.0 0.0 0.0 3.0 0.0
517.0048739129363 0.0 0.0 0.0 1.0 0.0 0.0 3.0 0.0
518.0034652176112 0.0 0.0 0.0 1.0 0.0 0.0 3.0 0.0
519.0048739129363 0.0 0.0 0.0 1.0 0.0 0.0 3.0 0.0
520.0048739129363 0.0 0.0 0.0 1.0 0.0 0.0 3.0 0.0
521.0007892143506 0.0 0.0 0.0 1.0 0.0 0.0 3.0 0.0
522.0048739129363 0.0 0.0 0.0 1.0 0.0 0.0 3.0 0.0
523.0048739129363 0.0 0.0 0.0 1.0 0.0 0.0 3.0 0.0
524.0048739129363 0.0 0.0 0.0 1.0 0.0 0.0 3.0 0.0
525.0048739129363 0.0 0.0 0.0 1.0 0.0 0.0 3.0 0.0
526.0048739129363 0.0 0.0 0.0 1.0 0.0 0.0 3.0 0.0
527.0048739129363 0.0 0.0 0.0 1.0 0.0 0.0 3.0 0.0
528.0048739129363 0.0 0.0 0.0 1.0 0.0 0.0 3.0 0.0
529.0048739129363 0.0 0.0 0.0 1.0 0.0 0.0 3.0 0.0
530.0048739129363 0.0 0.0 0.0 1.0 0.0 0.0 3.0 0.0
531.0048739129363 0.0 0.0 0.0 1.0 0.0 0.0 3.0 0.0
532.0048739129363 0.0 0.0 0.0 1.0 0.0 0.0 3.0 0.0
533.0048739129363 0.0 0.0 0.0 1.0 0.0 0.0 3.0 0.0
534.0048739129363 0.0 0.0 0.0 1.0 0.0 0.0 3.0 0.0
535.0048739129363 0.0 0.0 0.0 1.0 0.0 0.0 3.0 0.0
536.004396343612 0.0 0.0 0.0 1.0 0.0 0.0 3.0 0.0
537.0001581674848 0.0 0.0 0.0 1.0 0.0 0.0 3.0 0.0
538.0048739129363 0.0 0.0 0.0 1.0 0.0 0.0 3.0 0.0
539.0030539213831 0.0 0.0 0.0 1.0 0.0 0.0 3.0 0.0
540.0048739129363 0.0 0.0 0.0 1.0 0.0 0.0 3.0 0.0
541.0048739129363 0.0 0.0 0.0 1.0 0.0 0.0 3.0 0.0
542.0048739129363 0.0 0.0 0.0 1.0 0.0 0.0 3.0 0.0
543.0036746966844 0.0 0.0 0.0 1.0 0.0 0.0 3.0 0.0
544.0048739129363 0.0 0.0 0.0 1.0 0.0 0.0 3.0 0.0
545.0048739129363 0.0 0.0 0.0 1.0 0.0 0.0 3.0 0.0
546.0048739129363 0.0 0.0 0.0 1.0 0.0 0.0 3.0 0.0
547.0048739129363 0.0 0.0 0.0 1.0 0.0 0.0 3.0 0.0
548.0033943097013 0.0 0.0 0.0 1.0 0.0 0.0 3.0 0.0
549.0048739129363 0.0 0.0 0.0 1.0 0.0 0.0 3.0 0.0
550.0048739129363 0.0 0.0 0.0 1.0 0.0 0.0 3.0 0.0
551.0039325839268 0.0 0.0 0.0 1.0 0.0 0.0 3.0 0.0
552.0048739129363 0.0 0.0 0.0 1.0 0.0 0.0 3.0 0.0
553.0048739129363 0.0 0.0 0.0 1.0 0.0 0.0 3.0 0.0
554.0022228617853 0.0 0.0 0.0 1.0 0.0 0.0 3.0 0.0
555.0048739129363 0.0 0.0 0.0 1.0 0.0 0.0 3.0 0.0
556.0001499517646 0.0 0.0 0.0 1.0 0.0 0.0 3.0 0.0
557.0048739129363 0.0 0.0 0.0 1.0 0.0 0.0 3.0 0.0
558.0048739129363 0.0 0.0 0.0 1.0 0.0 0.0 3.0 0.0
559.0048739129363 0.0 0.0 0.0 1.0 0.0 0.0 3.0 0.0
560.0047594882536 0.0 0.0 0.0 1.0 0.0 0.0 3.0 0.0
561.0048739129363 0.0 0.0 0.0 1.0 0.0 0.0 3.0 0.0
562.0048739129363 0.0 0.0 0.0 1.0 0.0 0.0 3.0 0.0
563.0048739129363 0.0 0.0 0.0 1.0 0.0 0.0 3.0 0.0
564.0048739129363 0.0 0.0 0.0 1.0 0.0 0.0 3.0 0.0
565.0048739129363 0.0 0.0 0.0 1.0 0.0 0.0 3.0 0.0
566.0048739129363 0.0 0.0 0.0 1.0 0.0 0.0 3.0 0.0
567.0013770594368 0.0 0.0 0.0 1.0 0.0 0.0 3.0 0.0
568.0048739129363 0.0 0.0 0.0 1.0 0.0 0.0 3.0 0.0
569.0048739129363 0.0 0.0 0.0 1.0 0.0 0.0 3.0 0.0
570.0048739129363 0.0 0.0 0.0 1.0 0.0 0.0 3.0 0.0
571.0048739129363 0.0 0.0 0.0 1.0 0.0 0.0 3.0 0.0
572.0011510242192 0.0 0.0 0.0 1.0 0.0 0.0 3.0 0.0
573.0048739129363 0.0 0.0 0.0 1.0 0.0 0.0 3.0 0.0
574.0038684918221 0.0 0.0 0.0 1.0 0.0 0.0 3.0 0.0
575.0048739129363 0.0 0.0 0.0 1.0 0.0 0.0 3.0 0.0
576.0048739129363 0.0 0.0 0.0 1.0 0.0 0.0 3.0 0.0
577.0048739129363 0.0 0.0 0.0 1.0 0.0 0.0 3.0 0.0
578.0048739129363 0.0 0.0 0.0 1.0 0.0 0.0 3.0 0.0
579.0048739129363 0.0 0.0 0.0 1.0 0.0 0.0 3.0 0.0
580.0025277477397 0.0 0.0 0.0 1.0 0.0 0.0 3.0 0.0
581.0048739129363 0.0 0.0 0.0 1.0 0.0 0.0 3.0 0.0
582.0033128079691 0.0 0.0 0.0 1.0 0.0 0.0 3.0 0.0
583.0048739129363 0.0 0.0 0.0 1.0 0.0 0.0 3.0 0.0
584.0048739129363 0.0 0.0 0.0 1.0 0.0 0.0 3.0 0.0
585.0048739129363 0.0 0.0 0.0 1.0 0.0 0.0 3.0 0.0
586.0048739129363 0.0 0.0 0.0 1.0 0.0 0.0 3.0 0.0
587.0048739129363 0.0 0.0 0.0 1.0 0.0 0.0 3.0 0.0
588.0048739129363 0.0 0.0 0.0 1.0 0.0 0.0 3.0 0.0
589.0048739129363 0.0 0.0 0.0 1.0 0.0 0.0 3.0 0.0
590.0048739129363 0.0 0.0 0.0 1.0 0.0 0.0 3.0 0.0
591.0048739129363 0.0 0.0 0.0 1.0 0.0 0.0 3.0 0.0
592.0048739129363 0.0 0.0 0.0 1.0 0.0 0.0 3.0 0.0
593.0048739129363 0.0 0.0 0.0 1.0 0.0 0.0 3.0 0.0
594.002767493176 0.0 0.0 0.0 1.0 0.0 0.0 3.0 0.0
595.0048739129363 0.0 0.0 0.0 1.0 0.0 0.0 3.0 0.0
596.0048739129363 0.0 0.0 0.0 1.0 0.0 0.0 3.0 0.0
597.0008428714092 0.0 0.0 0.0 1.0 0.0 0.0 3.0 0.0
598.0016600299393 0.0 0.0 0.0 1.0 0.0 0.0 3.0 0.0
599.0034204536989 0.0 0.0 0.0 1.0 0.0 0.0 3.0 0.0
600.0 0.0 0.0 0.0 1.0 0.0 1.0 3.0 0.0
601.0048739129363 0.825 0.0 0.0 0.175 0.0 1.0 3.05 0.2817073170731707
602.0048739129363 0.95 0.0 0.0 0.049999999999999996 0.0 1.0 3.8 0.09268292682926829
603.0048739129363 0.975 0.0 0.0 0.024999999999999988 0.0 1.0 4.625 0.0475609756097561
604.0048739129363 1.0 0.0 0.0 0.0 0.0 1.0 4.925 0.0
605.0048739129363 1.0 0.0 0.0 0.0 0.0 1.0 4.95 0.0
606.0048739129363 1.0 0.0 0.0 0.0 0.0 1.0 5.0 0.0
607.0048739129363 1.0 0.0 0.0 0.0 0.0 1.0 5.0 0.0
608.0048739129363 1.0 0.0 0.0 0.0 0.0 1.0 5.0 0.0
609.0048739129363 1.0 0.0 0.0 0.0 0.0 1.0 5.0 0.0
610.0048739129363 1.0 0.0 0.0 0.0 0.0 1.0 5.0 0.0
611.0048739129363 1.0 0.0 0.0 0.0 0.0 1.0 5.0 0.0
612.0048739129363 1.0 0.0 0.0 0.0 0.0 1.0 5.0 0.0
613.0048739129363 1.0 0.0 0.0 0.0 0.0 1.0 5.0 0.0
614.0048739129363 1.0 0.0 0.0 0.0 0.0 1.0 5.0 0.0
615.0048739129363 1.0 0.0 0.0 0.0 0.0 1.0 5.0 0.0
616.0048739129363 1.0 0.0 0.0 0.0 0.0 1.0 5.0 0.0
617.0048739129363 1.0 0.0 0.0 0.0 0.0 1.0 5.0 0.0
618.0048739129363 1.0 0.0 0.0 0.0 0.0 1.0 5.0 0.0
619.0048739129363 1.0 0.0 0.0 0.0 0.0 1.0 5.0 0.0
620.0021964189867 1.0 0.0 0.0 0.0 0.0 1.0 5.0 0.0
621.0048739129363 1.0 0.0 0.0 0.0 0.0 1.0 5.0 0.0
622.00317454876 1.0 0.0 0.0 0.0 0.0 1.0 5.0 0.0
623.0048739129363 1.0 0.0 0.0 0.0 0.0 1.0 5.0 0.0
624.0048739129363 1.0 0.0 0.0 0.0 0.0 1.0 5.0 0.0
625.0036314603534 1.0 0.0 0.0 0.0 0.0 1.0 5.0 0.0
626.0048739129363 1.0 0.0 0.0 0.0 0.0 1.0 5.0 0.0
627.0048739129363 1.0 0.0 0.0 0.0 0.0 1.0 5.0 0.0
628.0010952628813 1.0 0.0 0.0 0.0 0.0 1.0 5.0 0.0
629.0048739129363 1.0 0.0 0.0 0.0 0.0 1.0 5.0 0.0
630.0048739129363 1.0 0.0 0.0 0.0 0.0 1.0 5.0 0.0
631.000750463078 1.0 0.0 0.0 0.0 0.0 1.0 5.0 0.0
632.0048739129363 1.0 0.0 0.0 0.0 0.0 1.0 5.0 0.0
633.0015682074509 1.0 0.0 0.0 0.0 0.0 1.0 5.0 0.0
634.0048739129363 1.0 0.0 0.0 0.0 0.0 1.0 5.0 0.0
635.0048739129363 1.0 0.0 0.0 0.0 0.0 1.0 5.0 0.0
636.0048739129363 1.0 0.0 0.0 0.0 0.0 1.0 5.0 0.0
637.0048739129363 1.0 0.0 0.0 0.0 0.0 1.0 5.0 0.0
638.0048739129363 1.0 0.0 0.0 0.0 0.0 1.0 5.0 0.0
639.0048739129363 1.0 0.0 0.0 0.0 0.0 1.0 5.0 0.0
640.0048739129363 1.0 0.0 0.0 0.0 0.0 1.0 5.0 0.0
641.0048739129363 1.0 0.0 0.0 0.0 0.0 1.0 5.0 0.0
642.0048739129363 1.0 0.0 0.0 0.0 0.0 1.0 5.0 0.0
643.0048739129363 1.0 0.0 0.0 0.0 0.0 1.0 5.0 0.0
644.0048739129363 1.0 0.0 0.0 0.0 0.0 1.0 5.0 0.0
645.0048739129363 1.0 0.0 0.0 0.0 0.0 1.0 5.0 0.0
646.0048739129363 1.0 0.0 0.0 0.0 0.0 1.0 5.0 0.0
647.0048739129363 1.0 0.0 0.0 0.0 0.0 1.0 5.0 0.0
648.0048739129363 1.0 0.0 0.0 0.0 0.0 1.0 5.0 0.0
649.0007506372211 1.0 0.0 0.0 0.0 0.0 1.0 5.0 0.0
650.0001842603718 1.0 0.0 0.0 0.0 0.0 1.0 5.0 0.0
651.0048739129363 1.0 0.0 0.0 0.0 0.0 1.0 5.0 0.0
652.0048739129363 1.0 0.0 0.0 0.0 0.0 1.0 5.0 0.0
653.0048739129363 1.0 0.0 0.0 0.0 0.0 1.0 5.0 0.0
654.0048739129363 1.0 0.0 0.0 0.0 0.0 1.0 5.0 0.0
655.0048739129363 1.0 0.0 0.0 0.0 0.0 1.0 5.0 0.0
656.0048739129363 1.0 0.0 0.0 0.0 0.0 1.0 5.0 0.0
657.0016703235933 1.0 0.0 0.0 0.0 0.0 1.0 5.0 0.0
658.0048739129363 1.0 0.0 0.0 0.0 0.0 1.0 5.0 0.0
659.0048739129363 1.0 0.0 0.0 0.0 0.0 1.0 5.0 0.0
660.0048739129363 1.0 0.0 0.0 0.0 0.0 1.0 5.0 0.0
661.0048739129363 1.0 0.0 0.0 0.0 0.0 1.0 5.0 0.0
662.0048739129363 1.0 0.0 0.0 0.0 0.0 1.0 5.0 0.0
663.0048739129363 1.0 0.0 0.0 0.0 0.0 1.0 5.0 0.0
664.0048739129363 1.0 0.0 0.0 0.0 0.0 1.0 5.0 0.0
665.0048739129363 1.0 0.0 0.0 0.0 0.0 1.0 5.0 0.0
666.0048739129363 1.0 0.0 0.0 0.0 0.0 1.0 5.0 0.0
667.0048739129363 1.0 0.0 0.0 0.0 0.0 1.0 5.0 0.0
668.0000126722681 1.0 0.0 0.0 0.0 0.0 1.0 5.0 0.0
669.0000646744397 1.0 0.0 0.0 0.0 0.0 1.0 5.0 0.0
670.0048739129363 1.0 0.0 0.0 0.0 0.0 1.0 5.0 0.0
671.0048739129363 1.0 0.0 0.0 0.0 0.0 1.0 5.0 0.0
672.0048739129363 1.0 0.0 0.0 0.0 0.0 1.0 5.0 0.0
673.0024877421636 1.0 0.0 0.0 0.0 0.0 1.0 5.0 0.0
674.0048739129363 1.0 0.0 0.0 0.0 0.0 1.0 5.0 0.0
675.0048739129363 1.0 0.0 0.0 0.0 0.0 1.0 5.0 0.0
676.0027183660919 1.0 0.0 0.0 0.0 0.0 1.0 5.0 0.0
677.0024804744128 1.0 0.0 0.0 0.0 0.0 1.0 5.0 0.0
678.0007676879072 1.0 0.0 0.0 0.0 0.0 1.0 5.0 0.0
679.0048739129363 1.0 0.0 0.0 0.0 0.0 1.0 5.0 0.0
680.0048739129363 1.0 0.0 0.0 0.0 0.0 1.0 5.0 0.0
681.0002515878435 1.0 0.0 0.0 0.0 0.0 1.0 5.0 0.0
682.0048739129363 1.0 0.0 0.0 0.0 0.0 1.0 5.0 0.0
683.0031742602935 1.0 0.0 0.0 0.0 0.0 1.0 5.0 0.0
684.0048739129363 1.0 0.0 0.0 0.0 0.0 1.0 5.0 0.0
685.0048739129363 1.0 0.0 0.0 0.0 0.0 1.0 5.0 0.0
686.0048739129363 1.0 0.0 0.0 0.0 0.0 1.0 5.0 0.0
687.0048739129363 1.0 0.0 0.0 0.0 0.0 1.0 5.0 0.0
688.0048739129363 1.0 0.0 0.0 0.0 0.0 1.0 5.0 0.0
689.0048739129363 1.0 0.0 0.0 0.0 0.0 1.0 5.0 0.0
690.0048739129363 1.0 0.0 0.0 0.0 0.0 1.0 5.0 0.0
691.0048739129363 1.0 0.0 0.0 0.0 0.0 1.0 5.0 0.0
692.0005915886983 1.0 0.0 0.0 0.0 0.0 1.0 5.0 0.0
693.0048739129363 1.0 0.0 0.0 0.0 0.0 1.0 5.0 0.0
694.0048739129363 1.0 0.0 0.0 0.0 0.0 1.0 5.0 0.0
695.0048739129363 1.0 0.0 0.0 0.0 0.0 1.0 5.0 0.0
696.0048739129363 1.0 0.0 0.0 0.0 0.0 1.0 5.0 0.0
697.0031053560314 1.0 0.0 0.0 0.0 0.0 1.0 5.0 0.0
698.0048739129363 1.0 0.0 0.0 0.0 0.0 1.0 5.0 0.0
699.0048739129363 1.0 0.0 0.0 0.0 0.0 1.0 5.0 0.0
700.0048739129363 1.0 0.0 0.0 0.0 0.0 1.0 5.0 0.0
701.0048739129363 1.0 0.0 0.0 0.0 0.0 1.0 5.0 0.0
702.0048739129363 1.0 0.0 0.0 0.0 0.0 1.0 5.0 0.0
703.0048739129363 1.0 0.0 0.0 0.0 0.0 1.0 5.0 0.0
704.0048739129363 1.0 0.0 0.0 0.0 0.0 1.0 5.0 0.0
705.0048739129363 1.0 0.0 0.0 0.0 0.0 1.0 5.0 0.0
706.0048739129363 1.0 0.0 0.0 0.0 0.0 1.0 5.0 0.0
707.0035563565564 1.0 0.0 0.0 0.0 0.0 1.0 5.0 0.0
708.0048739129363 1.0 0.0 0.0 0.0 0.0 1.0 5.0 0.0
709.0048739129363 1.0 0.0 0.0 0.0 0.0 1.0 5.0 0.0
710.0031914719618 1.0 0.0 0.0 0.0 0.0 1.0 5.0 0.0
711.0048739129363 1.0 0.0 0.0 0.0 0.0 1.0 5.0 0.0
712.0048739129363 1.0 0.0 0.0 0.0 0.0 1.0 5.0 0.0
713.0020166441069 1.0 0.0 0.0 0.0 0.0 1.0 5.0 0.0
714.0048739129363 1.0 0.0 0.0 0.0 0.0 1.0 5.0 0.0
715.0048739129363 1.0 0.0 0.0 0.0 0.0 1.0 5.0 0.0
716.0048739129363 1.0 0.0 0.0 0.0 0.0 1.0 5.0 0.0
717.0048739129363 1.0 0.0 0.0 0.0 0.0 1.0 5.0 0.0
718.0048739129363 1.0 0.0 0.0 0.0 0.0 1.0 5.0 0.0
719.0048739129363 1.0 0.0 0.0 0.0 0.0 1.0 5.0 0.0
720.0048739129363 1.0 0.0 0.0 0.0 0.0 1.0 5.0 0.0
721.0029264043935 1.0 0.0 0.0 0.0 0.0 1.0 5.0 0.0
722.0048739129363 1.0 0.0 0.0 0.0 0.0 1.0 5.0 0.0
723.0048739129363 1.0 0.0 0.0 0.0 0.0 1.0 5.0 0.0
724.0048739129363 1.0 0.0 0.0 0.0 0.0 1.0 5.0 0.0
725.0048739129363 1.0 0.0 0.0 0.0 0.0 1.0 5.0 0.0
726.0048739129363 1.0 0.0 0.0 0.0 0.0 1.0 5.0 0.0
727.0048739129363 1.0 0.0 0.0 0.0 0.0 1.0 5.0 0.0
728.0048739129363 1.0 0.0 0.0 0.0 0.0 1.0 5.0 0.0
729.0048739129363 1.0 0.0 0.0 0.0 0.0 1.0 5.0 0.0
730.0048739129363 1.0 0.0 0.0 0.0 0.0 1.0 5.0 0.0
731.0048739129363 1.0 0.0 0.0 0.0 0.0 1.0 5.0 0.0
732.0048739129363 1.0 0.0 0.0 0.0 0.0 1.0 5.0 0.0
733.0048739129363 1.0 0.0 0.0 0.0 0.0 1.0 5.0 0.0
734.0048739129363 1.0 0.0 0.0 0.0 0.0 1.0 5.0 0.0
735.0048739129363 1.0 0.0 0.0 0.0 0.0 1.0 5.0 0.0
736.0048739129363 1.0 0.0 0.0 0.0 0.0 1.0 5.0 0.0
737.0048739129363 1.0 0.0 0.0 0.0 0.0 1.0 5.0 0.0
738.0048739129363 1.0 0.0 0.0 0.0 0.0 1.0 5.0 0.0
739.0048739129363 1.0 0.0 0.0 0.0 0.0 1.0 5.0 0.0
740.0048739129363 1.0 0.0 0.0 0.0 0.0 1.0 5.0 0.0
741.0048739129363 1.0 0.0 0.0 0.0 0.0 1.0 5.0 0.0
742.0048739129363 1.0 0.0 0.0 0.0 0.0 1.0 5.0 0.0
743.0048739129363 1.0 0.0 0.0 0.0 0.0 1.0 5.0 0.0
744.0048739129363 1.0 0.0 0.0 0.0 0.0 1.0 5.0 0.0
745.0048739129363 1.0 0.0 0.0 0.0 0.0 1.0 5.0 0.0
746.0048739129363 1.0 0.0 0.0 0.0 0.0 1.0 5.0 0.0
747.0048739129363 1.0 0.0 0.0 0.0 0.0 1.0 5.0 0.0
748.0048739129363 1.0 0.0 0.0 0.0 0.0 1.0 5.0 0.0
749.0048739129363 1.0 0.0 0.0 0.0 0.0 1.0 5.0 0.0
750.0048739129363 1.0 0.0 0.0 0.0 0.0 1.0 5.0 0.0
751.0048739129363 1.0 0.0 0.0 0.0 0.0 1.0 5.0 0.0
752.0048739129363 1.0 0.0 0.0 0.0 0.0 1.0 5.0 0.0
753.0048739129363 1.0 0.0 0.0 0.0 0.0 1.0 5.0 0.0
754.0048739129363 1.0 0.0 0.0 0.0 0.0 1.0 5.0 0.0
755.0048739129363 1.0 0.0 0.0 0.0 0.0 1.0 5.0 0.0
756.0048739129363 1.0 0.0 0.0 0.0 0.0 1.0 5.0 0.0
757.0048739129363 1.0 0.0 0.0 0.0 0.0 1.0 5.0 0.0
758.0048739129363 1.0 0.0 0.0 0.0 0.0 1.0 5.0 0.0
759.0048739129363 1.0 0.0 0.0 0.0 0.0 1.0 5.0 0.0
760.0048739129363 1.0 0.0 0.0 0.0 0.0 1.0 5.0 0.0
761.0048739129363 1.0 0.0 0.0 0.0 0.0 1.0 5.0 0.0
762.0048739129363 1.0 0.0 0.0 0.0 0.0 1.0 5.0 0.0
763.0048739129363 1.0 0.0 0.0 0.0 0.0 1.0 5.0 0.0
764.002605820666 1.0 0.0 0.0 0.0 0.0 1.0 5.0 0.0
765.0048739129363 1.0 0.0 0.0 0.0 0.0 1.0 5.0 0.0
766.0048739129363 1.0 0.0 0.0 0.0 0.0 1.0 5.0 0.0
767.0048739129363 1.0 0.0 0.0 0.0 0.0 1.0 5.0 0.0
768.0048739129363 1.0 0.0 0.0 0.0 0.0 1.0 5.0 0.0
769.0011230980338 1.0 0.0 0.0 0.0 0.0 1.0 5.0 0.0
770.000976037097 1.0 0.0 0.0 0.0 0.0 1.0 5.0 0.0
771.0048739129363 1.0 0.0 0.0 0.0 0.0 1.0 5.0 0.0
772.0041287994707 1.0 0.0 0.0 0.0 0.0 1.0 5.0 0.0
773.0041369670898 1.0 0.0 0.0 0.0 0.0 1.0 5.0 0.0
774.0004174517425 1.0 0.0 0.0 0.0 0.0 1.0 5.0 0.0
775.0048739129363 1.0 0.0 0.0 0.0 0.0 1.0 5.0 0.0
776.0048739129363 1.0 0.0 0.0 0.0 0.0 1.0 5.0 0.0
777.0048739129363 1.0 0.0 0.0 0.0 0.0 1.0 5.0 0.0
778.0048739129363 1.0 0.0 0.0 0.0 0.0 1.0 5.0 0.0
779.0048739129363 1.0 0.0 0.0 0.0 0.0 1.0 5.0 0.0
780.0048739129363 1.0 0.0 0.0 0.0 0.0 1.0 5.0 0.0
781.0039133649225 1.0 0.0 0.0 0.0 0.0 1.0 5.0 0.0
782.0048739129363 1.0 0.0 0.0 0.0 0.0 1.0 5.0 0.0
783.0048739129363 1.0 0.0 0.0 0.0 0.0 1.0 5.0 0.0
784.0048739129363 1.0 0.0 0.0 0.0 0.0 1.0 5.0 0.0
785.0048739129363 1.0 0.0 0.0 0.0 0.0 1.0 5.0 0.0
786.0048739129363 1.0 0.0 0.0 0.0 0.0 1.0 5.0 0.0
787.0048739129363 1.0 0.0 0.0 0.0 0.0 1.0 5.0 0.0
788.0048739129363 1.0 0.0 0.0 0.0 0.0 1.0 5.0 0.0
789.0048739129363 1.0 0.0 0.0 0.0 0.0 1.0 5.0 0.0
790.0027960712608 1.0 0.0 0.0 0.0 0.0 1.0 5.0 0.0
791.0048739129363 1.0 0.0 0.0 0.0 0.0 1.0 5.0 0.0
792.0048739129363 1.0 0.0 0.0 0.0 0.0 1.0 5.0 0.0
793.0034623051112 1.0 0.0 0.0 0.0 0.0 1.0 5.0 0.0
794.0048739129363 1.0 0.0 0.0 0.0 0.0 1.0 5.0 0.0
795.0048739129363 1.0 0.0 0.0 0.0 0.0 1.0 5.0 0.0
796.0048739129363 1.0 0.0 0.0 0.0 0.0 1.0 5.0 0.0
797.0048739129363 1.0 0.0 0.0 0.0 0.0 1.0 5.0 0.0
798.0048739129363 1.0 0.0 0.0 0.0 0.0 1.0 5.0 0.0
799.0048739129363 1.0 0.0 0.0 0.0 0.0 1.0 5.0 0.0
800.0048739129363 1.0 0.0 0.0 0.0 0.0 1.0 5.0 0.0
801.0024867004041 1.0 0.0 0.0 0.0 0.0 1.0 5.0 0.0
802.0048739129363 1.0 0.0 0.0 0.0 0.0 1.0 5.0 0.0
803.0048739129363 1.0 0.0 0.0 0.0 0.0 1.0 5.0 0.0
804.0048739129363 1.0 0.0 0.0 0.0 0.0 1.0 5.0 0.0
805.0048739129363 1.0 0.0 0.0 0.0 0.0 1.0 5.0 0.0
806.0048739129363 1.0 0.0 0.0 0.0 0.0 1.0 5.0 0.0
807.0048739129363 1.0 0.0 0.0 0.0 0.0 1.0 5.0 0.0
808.0048739129363 1.0 0.0 0.0 0.0 0.0 1.0 5.0 0.0
809.0048739129363 1.0 0.0 0.0 0.0 0.0 1.0 5.0 0.0
810.0048739129363 1.0 0.0 0.0 0.0 0.0 1.0 5.0 0.0
811.0048739129363 1.0 0.0 0.0 0.0 0.0 1.0 5.0 0.0
812.0048739129363 1.0 0.0 0.0 0.0 0.0 1.0 5.0 0.0
813.0048739129363 1.0 0.0 0.0 0.0 0.0 1.0 5.0 0.0
814.0005256303788 1.0 0.0 0.0 0.0 0.0 1.0 5.0 0.0
815.0048739129363 1.0 0.0 0.0 0.0 0.0 1.0 5.0 0.0
816.0048739129363 1.0 0.0 0.0 0.0 0.0 1.0 5.0 0.0
817.0048739129363 1.0 0.0 0.0 0.0 0.0 1.0 5.0 0.0
818.0048739129363 1.0 0.0 0.0 0.0 0.0 1.0 5.0 0.0
819.0048739129363 1.0 0.0 0.0 0.0 0.0 1.0 5.0 0.0
820.0048739129363 1.0 0.0 0.0 0.0 0.0 1.0 5.0 0.0
821.0048739129363 1.0 0.0 0.0 0.0 0.0 1.0 5.0 0.0
822.0048739129363 1.0 0.0 0.0 0.0 0.0 1.0 5.0 0.0
823.0048739129363 1.0 0.0 0.0 0.0 0.0 1.0 5.0 0.0
824.0048739129363 1.0 0.0 0.0 0.0 0.0 1.0 5.0 0.0
825.0048739129363 1.0 0.0 0.0 0.0 0.0 1.0 5.0 0.0
826.0048739129363 1.0 0.0 0.0 0.0 0.0 1.0 5.0 0.0
827.0048739129363 1.0 0.0 0.0 0.0 0.0 1.0 5.0 0.0
828.0036312717931 1.0 0.0 0.0 0.0 0.0 1.0 5.0 0.0
829.0048739129363 1.0 0.0 0.0 0.0 0.0 1.0 5.0 0.0
830.0048739129363 1.0 0.0 0.0 0.0 0.0 1.0 5.0 0.0
831.0048739129363 1.0 0.0 0.0 0.0 0.0 1.0 5.0 0.0
832.0048739129363 1.0 0.0 0.0 0.0 0.0 1.0 5.0 0.0
833.0048739129363 1.0 0.0 0.0 0.0 0.0 1.0 5.0 0.0
834.0048739129363 1.0 0.0 0.0 0.0 0.0 1.0 5.0 0.0
835.0032317552542 1.0 0.0 0.0 0.0 0.0 1.0 5.0 0.0
836.0048739129363 1.0 0.0 0.0 0.0 0.0 1.0 5.0 0.0
837.0048739129363 1.0 0.0 0.0 0.0 0.0 1.0 5.0 0.0
838.0048739129363 1.0 0.0 0.0 0.0 0.0 1.0 5.0 0.0
839.0048739129363 1.0 0.0 0.0 0.0 0.0 1.0 5.0 0.0
840.0037311067499 1.0 0.0 0.0 0.0 0.0 1.0 5.0 0.0
841.0005539866468 1.0 0.0 0.0 0.0 0.0 1.0 5.0 0.0
842.0048739129363 1.0 0.0 0.0 0.0 0.0 1.0 5.0 0.0
843.0012565530172 1.0 0.0 0.0 0.0 0.0 1.0 5.0 0.0
844.0048739129363 1.0 0.0 0.0 0.0 0.0 1.0 5.0 0.0
845.0048739129363 1.0 0.0 0.0 0.0 0.0 1.0 5.0 0.0
846.0048739129363 1.0 0.0 0.0 0.0 0.0 1.0 5.0 0.0
847.0027580816017 1.0 0.0 0.0 0.0 0.0 1.0 5.0 0.0
848.0048739129363 1.0 0.0 0.0 0.0 0.0 1.0 5.0 0.0
849.0011699860999 1.0 0.0 0.0 0.0 0.0 1.0 5.0 0.0
850.0048739129363 1.0 0.0 0.0 0.0 0.0 1.0 5.0 0.0
851.0048739129363 1.0 0.0 0.0 0.0 0.0 1.0 5.0 0.0
852.0048739129363 1.0 0.0 0.0 0.0 0.0 1.0 5.0 0.0
853.0048739129363 1.0 0.0 0.0 0.0 0.0 1.0 5.0 0.0
854.0048739129363 1.0 0.0 0.0 0.0 0.0 1.0 5.0 0.0
855.0048739129363 1.0 0.0 0.0 0.0 0.0 1.0 5.0 0.0
856.0048739129363 1.0 0.0 0.0 0.0 0.0 1.0 5.0 0.0
857.0048739129363 1.0 0.0 0.0 0.0 0.0 1.0 5.0 0.0
858.0004606405528 1.0 0.0 0.0 0.0 0.0 1.0 5.0 0.0
859.0048739129363 1.0 0.0 0.0 0.0 0.0 1.0 5.0 0.0
860.0048739129363 1.0 0.0 0.0 0.0 0.0 1.0 5.0 0.0
861.0016908871153 1.0 0.0 0.0 0.0 0.0 1.0 5.0 0.0
862.0048739129363 1.0 0.0 0.0 0.0 0.0 1.0 5.0 0.0
863.0011802807571 1.0 0.0 0.0 0.0 0.0 1.0 5.0 0.0
864.0048739129363 1.0 0.0 0.0 0.0 0.0 1.0 5.0 0.0
865.0048739129363 1.0 0.0 0.0 0.0 0.0 1.0 5.0 0.0
866.0048739129363 1.0 0.0 0.0 0.0 0.0 1.0 5.0 0.0
867.0030653386199 1.0 0.0 0.0 0.0 0.0 1.0 5.0 0.0
868.0048739129363 1.0 0.0 0.0 0.0 0.0 1.0 5.0 0.0
869.0048739129363 1.0 0.0 0.0 0.0 0.0 1.0 5.0 0.0
870.0044543440171 1.0 0.0 0.0 0.0 0.0 1.0 5.0 0.0
871.0048739129363 1.0 0.0 0.0 0.0 0.0 1.0 5.0 0.0
872.0048739129363 1.0 0.0 0.0 0.0 0.0 1.0 5.0 0.0
873.0048739129363 1.0 0.0 0.0 0.0 0.0 1.0 5.0 0.0
874.0048739129363 1.0 0.0 0.0 0.0 0.0 1.0 5.0 0.0
875.0037166691759 1.0 0.0 0.0 0.0 0.0 1.0 5.0 0.0
876.0048739129363 1.0 0.0 0.0 0.0 0.0 1.0 5.0 0.0
877.0038236145926 1.0 0.0 0.0 0.0 0.0 1.0 5.0 0.0
878.0048739129363 1.0 0.0 0.0 0.0 0.0 1.0 5.0 0.0
879.0048739129363 1.0 0.0 0.0 0.0 0.0 1.0 5.0 0.0
880.0048739129363 1.0 0.0 0.0 0.0 0.0 1.0 5.0 0.0
881.0048739129363 1.0 0.0 0.0 0.0 0.0 1.0 5.0 0.0
882.0018280466176 1.0 0.0 0.0 0.0 0.0 1.0 5.0 0.0
883.0048739129363 1.0 0.0 0.0 0.0 0.0 1.0 5.0 0.0
884.0048739129363 1.0 0.0 0.0 0.0 0.0 1.0 5.0 0.0
885.0048739129363 1.0 0.0 0.0 0.0 0.0 1.0 5.0 0.0
886.0048739129363 1.0 0.0 0.0 0.0 0.0 1.0 5.0 0.0
887.0048739129363 1.0 0.0 0.0 0.0 0.0 1.0 5.0 0.0
888.0048739129363 1.0 0.0 0.0 0.0 0.0 1.0 5.0 0.0
889.0048739129363 1.0 0.0 0.0 0.0 0.0 1.0 5.0 0.0
890.0048739129363 1.0 0.0 0.0 0.0 0.0 1.0 5.0 0.0
891.0048739129363 1.0 0.0 0.0 0.0 0.0 1.0 5.0 0.0
892.0048739129363 1.0 0.0 0.0 0.0 0.0 1.0 5.0 0.0
893.0048739129363 1.0 0.0 0.0 0.0 0.0 1.0 5.0 0.0
894.0048739129363 1.0 0.0 0.0 0.0 0.0 1.0 5.0 0.0
895.0048739129363 1.0 0.0 0.0 0.0 0.0 1.0 5.0 0.0
896.0041706068821 1.0 0.0 0.0 0.0 0.0 1.0 5.0 0.0
897.0027702537544 1.0 0.0 0.0 0.0 0.0 1.0 5.0 0.0
898.0048739129363 1.0 0.0 0.0 0.0 0.0 1.0 5.0 0.0
899.0048739129363 1.0 0.0 0.0 0.0 0.0 1.0 5.0 0.0
900.0048739129363 1.0 0.0 0.0 0.0 0.0 1.0 5.0 0.0
901.0048739129363 1.0 0.0 0.0 0.0 0.0 1.0 5.0 0.0
902.0048739129363 1.0 0.0 0.0 0.0 0.0 1.0 5.0 0.0
903.0048739129363 1.0 0.0 0.0 0.0 0.0 1.0 5.0 0.0
904.0048739129363 1.0 0.0 0.0 0.0 0.0 1.0 5.0 0.0
905.0048739129363 1.0 0.0 0.0 0.0 0.0 1.0 5.0 0.0
906.0048739129363 1.0 0.0 0.0 0.0 0.0 1.0 5.0 0.0
907.0048739129363 1.0 0.0 0.0 0.0 0.0 1.0 5.0 0.0
908.0048739129363 1.0 0.0 0.0 0.0 0.0 1.0 5.0 0.0
909.0048739129363 1.0 0.0 0.0 0.0 0.0 1.0 5.0 0.0
910.0048739129363 1.0 0.0 0.0 0.0 0.0 1.0 5.0 0.0
911.0048739129363 1.0 0.0 0.0 0.0 0.0 1.0 5.0 0.0
912.0048739129363 1.0 0.0 0.0 0.0 0.0 1.0 5.0 0.0
913.0048739129363 1.0 0.0 0.0 0.0 0.0 1.0 5.0 0.0
914.0048739129363 1.0 0.0 0.0 0.0 0.0 1.0 5.0 0.0
915.0031652403849 1.0 0.0 0.0 0.0 0.0 1.0 5.0 0.0
916.0048739129363 1.0 0.0 0.0 0.0 0.0 1.0 5.0 0.0
917.0048739129363 1.0 0.0 0.0 0.0 0.0 1.0 5.0 0.0
918.0048739129363 1.0 0.0 0.0 0.0 0.0 1.0 5.0 0.0
919.0005114711909 1.0 0.0 0.0 0.0 0.0 1.0 5.0 0.0
920.0048739129363 1.0 0.0 0.0 0.0 0.0 1.0 5.0 0.0
921.0048739129363 1.0 0.0 0.0 0.0 0.0 1.0 5.0 0.0
922.0048739129363 1.0 0.0 0.0 0.0 0.0 1.0 5.0 0.0
923.0048739129363 1.0 0.0 0.0 0.0 0.0 1.0 5.0 0.0
924.0048739129363 1.0 0.0 0.0 0.0 0.0 1.0 5.0 0.0
925.0029336585727 1.0 0.0 0.0 0.0 0.0 1.0 5.0 0.0
926.0048739129363 1.0 0.0 0.0 0.0 0.0 1.0 5.0 0.0
927.0020038616959 1.0 0.0 0.0 0.0 0.0 1.0 5.0 0.0
928.0048739129363 1.0 0.0 0.0 0.0 0.0 1.0 5.0 0.0
929.0048739129363 1.0 0.0 0.0 0.0 0.0 1.0 5.0 0.0
930.0048739129363 1.0 0.0 0.0 0.0 0.0 1.0 5.0 0.0
931.0048739129363 1.0 0.0 0.0 0.0 0.0 1.0 5.0 0.0
932.0048739129363 1.0 0.0 0.0 0.0 0.0 1.0 5.0 0.0
933.0048739129363 1.0 0.0 0.0 0.0 0.0 1.0 5.0 0.0
934.0033055950951 1.0 0.0 0.0 0.0 0.0 1.0 5.0 0.0
935.0048739129363 1.0 0.0 0.0 0.0 0.0 1.0 5.0 0.0
936.0048739129363 1.0 0.0 0.0 0.0 0.0 1.0 5.0 0.0
937.0048739129363 1.0 0.0 0.0 0.0 0.0 1.0 5.0 0.0
938.0048739129363 1.0 0.0 0.0 0.0 0.0 1.0 5.0 0.0
939.0048739129363 1.0 0.0 0.0 0.0 0.0 1.0 5.0 0.0
940.0048739129363 1.0 0.0 0.0 0.0 0.0 1.0 5.0 0.0
941.0022546019787 1.0 0.0 0.0 0.0 0.0 1.0 5.0 0.0
942.0048739129363 1.0 0.0 0.0 0.0 0.0 1.0 5.0 0.0
943.0023379148621 1.0 0.0 0.0 0.0 0.0 1.0 5.0 0.0
944.0048739129363 1.0 0.0 0.0 0.0 0.0 1.0 5.0 0.0
945.0048739129363 1.0 0.0 0.0 0.0 0.0 1.0 5.0 0.0
946.0048739129363 1.0 0.0 0.0 0.0 0.0 1.0 5.0 0.0
947.0047160224116 1.0 0.0 0.0 0.0 0.0 1.0 5.0 0.0
948.0048739129363 1.0 0.0 0.0 0.0 0.0 1.0 5.0 0.0
949.0048739129363 1.0 0.0 0.0 0.0 0.0 1.0 5.0 0.0
950.0048739129363 1.0 0.0 0.0 0.0 0.0 1.0 5.0 0.0
951.0023494789549 1.0 0.0 0.0 0.0 0.0 1.0 5.0 0.0
952.0048739129363 1.0 0.0 0.0 0.0 0.0 1.0 5.0 0.0
953.0048739129363 1.0 0.0 0.0 0.0 0.0 1.0 5.0 0.0
954.0048739129363 1.0 0.0 0.0 0.0 0.0 1.0 5.0 0.0
955.0048739129363 1.0 0.0 0.0 0.0 0.0 1.0 5.0 0.0
956.0048739129363 1.0 0.0 0.0 0.0 0.0 1.0 5.0 0.0
957.0048739129363 1.0 0.0 0.0 0.0 0.0 1.0 5.0 0.0
958.0048739129363 1.0 0.0 0.0 0.0 0.0 1.0 5.0 0.0
959.0048739129363 1.0 0.0 0.0 0.0 0.0 1.0 5.0 0.0
960.0048739129363 1.0 0.0 0.0 0.0 0.0 1.0 5.0 0.0
961.003691856274 1.0 0.0 0.0 0.0 0.0 1.0 5.0 0.0
962.0048739129363 1.0 0.0 0.0 0.0 0.0 1.0 5.0 0.0
963.0048739129363 1.0 0.0 0.0 0.0 0.0 1.0 5.0 0.0
964.0048739129363 1.0 0.0 0.0 0.0 0.0 1.0 5.0 0.0
965.0048739129363 1.0 0.0 0.0 0.0 0.0 1.0 5.0 0.0
966.0048739129363 1.0 0.0 0.0 0.0 0.0 1.0 5.0 0.0
967.0048739129363 1.0 0.0 0.0 0.0 0.0 1.0 5.0 0.0
968.0048739129363 1.0 0.0 0.0 0.0 0.0 1.0 5.0 0.0
969.0048739129363 1.0 0.0 0.0 0.0 0.0 1.0 5.0 0.0
970.0048739129363 1.0 0.0 0.0 0.0 0.0 1.0 5.0 0.0
971.0048739129363 1.0 0.0 0.0 0.0 0.0 1.0 5.0 0.0
972.0014468616731 1.0 0.0 0.0 0.0 0.0 1.0 5.0 0.0
973.0048739129363 1.0 0.0 0.0 0.0 0.0 1.0 5.0 0.0
974.0048739129363 1.0 0.0 0.0 0.0 0.0 1.0 5.0 0.0
975.0017369023017 1.0 0.0 0.0 0.0 0.0 1.0 5.0 0.0
976.0048739129363 1.0 0.0 0.0 0.0 0.0 1.0 5.0 0.0
977.0011032260813 1.0 0.0 0.0 0.0 0.0 1.0 5.0 0.0
978.0048739129363 1.0 0.0 0.0 0.0 0.0 1.0 5.0 0.0
979.0048739129363 1.0 0.0 0.0 0.0 0.0 1.0 5.0 0.0
980.0045531745342 1.0 0.0 0.0 0.0 0.0 1.0 5.0 0.0
981.0048739129363 1.0 0.0 0.0 0.0 0.0 1.0 5.0 0.0
982.0023498149036 1.0 0.0 0.0 0.0 0.0 1.0 5.0 0.0
983.0048739129363 1.0 0.0 0.0 0.0 0.0 1.0 5.0 0.0
984.0048739129363 1.0 0.0 0.0 0.0 0.0 1.0 5.0 0.0
985.0048739129363 1.0 0.0 0.0 0.0 0.0 1.0 5.0 0.0
986.0048739129363 1.0 0.0 0.0 0.0 0.0 1.0 5.0 0.0
987.0048739129363 1.0 0.0 0.0 0.0 0.0 1.0 5.0 0.0
988.0048739129363 1.0 0.0 0.0 0.0 0.0 1.0 5.0 0.0
989.0048739129363 1.0 0.0 0.0 0.0 0.0 1.0 5.0 0.0
990.0048739129363 1.0 0.0 0.0 0.0 0.0 1.0 5.0 0.0
991.0048739129363 1.0 0.0 0.0 0.0 0.0 1.0 5.0 0.0
992.0048739129363 1.0 0.0 0.0 0.0 0.0 1.0 5.0 0.0
993.0048739129363 1.0 0.0 0.0 0.0 0.0 1.0 5.0 0.0
994.0048739129363 1.0 0.0 0.0 0.0 0.0 1.0 5.0 0.0
995.0048739129363 1.0 0.0 0.0 0.0 0.0 1.0 5.0 0.0
996.0002785038433 1.0 0.0 0.0 0.0 0.0 1.0 5.0 0.0
997.0048739129363 1.0 0.0 0.0 0.0 0.0 1.0 5.0 0.0
998.0048739129363 1.0 0.0 0.0 0.0 0.0 1.0 5.0 0.0
999.0048739129363 1.0 0.0 0.0 0.0 0.0 1.0 5.0 0.0
1000.0048739129363 1.0 0.0 0.0 0.0 0.0 1.0 5.0 0.0
1001.0048739129363 1.0 0.0 0.0 0.0 0.0 1.0 5.0 0.0
1002.0048739129363 1.0 0.0 0.0 0.0 0.0 1.0 5.0 0.0
1003.0048739129363 1.0 0.0 0.0 0.0 0.0 1.0 5.0 0.0
1004.0048739129363 1.0 0.0 0.0 0.0 0.0 1.0 5.0 0.0
1005.0048739129363 1.0 0.0 0.0 0.0 0.0 1.0 5.0 0.0
1006.0048739129363 1.0 0.0 0.0 0.0 0.0 1.0 5.0 0.0
1007.004540075474 1.0 0.0 0.0 0.0 0.0 1.0 5.0 0.0
1008.0048739129363 1.0 0.0 0.0 0.0 0.0 1.0 5.0 0.0
1009.0048739129363 1.0 0.0 0.0 0.0 0.0 1.0 5.0 0.0
1010.0048739129363 1.0 0.0 0.0 0.0 0.0 1.0 5.0 0.0
1011.0037767661348 1.0 0.0 0.0 0.0 0.0 1.0 5.0 0.0
1012.0048739129363 1.0 0.0 0.0 0.0 0.0 1.0 5.0 0.0
1013.0048739129363 1.0 0.0 0.0 0.0 0.0 1.0 5.0 0.0
1014.0048739129363 1.0 0.0 0.0 0.0 0.0 1.0 5.0 0.0
1015.0048739129363 1.0 0.0 0.0 0.0 0.0 1.0 5.0 0.0
1016.0048739129363 1.0 0.0 0.0 0.0 0.0 1.0 5.0 0.0
1017.0048739129363 1.0 0.0 0.0 0.0 0.0 1.0 5.0 0.0
1018.0048739129363 1.0 0.0 0.0 0.0 0.0 1.0 5.0 0.0
1019.0048739129363 1.0 0.0 0.0 0.0 0.0 1.0 5.0 0.0
1020.0048739129363 1.0 0.0 0.0 0.0 0.0 1.0 5.0 0.0
1021.0048739129363 1.0 0.0 0.0 0.0 0.0 1.0 5.0 0.0
1022.0048739129363 1.0 0.0 0.0 0.0 0.0 1.0 5.0 0.0
1023.0048739129363 1.0 0.0 0.0 0.0 0.0 1.0 5.0 0.0
1024.0048739129363 1.0 0.0 0.0 0.0 0.0 1.0 5.0 0.0
1025.0048739129363 1.0 0.0 0.0 0.0 0.0 1.0 5.0 0.0
1026.0048739129363 1.0 0.0 0.0 0.0 0.0 1.0 5.0 0.0
1027.0048739129363 1.0 0.0 0.0 0.0 0.0 1.0 5.0 0.0
1028.0048739129363 1.0 0.0 0.0 0.0 0.0 1.0 5.0 0.0
1029.0024697094298 1.0 0.0 0.0 0.0 0.0 1.0 5.0 0.0
1030.0048739129363 1.0 0.0 0.0 0.0 0.0 1.0 5.0 0.0
1031.0048739129363 1.0 0.0 0.0 0.0 0.0 1.0 5.0 0.0
1032.0048739129363 1.0 0.0 0.0 0.0 0.0 1.0 5.0 0.0
1033.0048739129363 1.0 0.0 0.0 0.0 0.0 1.0 5.0 0.0
1034.0048739129363 1.0 0.0 0.0 0.0 0.0 1.0 5.0 0.0
1035.0048739129363 1.0 0.0 0.0 0.0 0.0 1.0 5.0 0.0
1036.0048739129363 1.0 0.0 0.0 0.0 0.0 1.0 5.0 0.0
1037.0048739129363 1.0 0.0 0.0 0.0 0.0 1.0 5.0 0.0
1038.0048739129363 1.0 0.0 0.0 0.0 0.0 1.0 5.0 0.0
1039.0048739129363 1.0 0.0 0.0 0.0 0.0 1.0 5.0 0.0
1040.0048739129363 1.0 0.0 0.0 0.0 0.0 1.0 5.0 0.0
1041.0048739129363 1.0 0.0 0.0 0.0 0.0 1.0 5.0 0.0
1042.0048739129363 1.0 0.0 0.0 0.0 0.0 1.0 5.0 0.0
1043.0048739129363 1.0 0.0 0.0 0.0 0.0 1.0 5.0 0.0
1044.0048739129363 1.0 0.0 0.0 0.0 0.0 1.0 5.0 0.0
1045.0048739129363 1.0 0.0 0.0 0.0 0.0 1.0 5.0 0.0
1046.0048739129363 1.0 0.0 0.0 0.0 0.0 1.0 5.0 0.0
1047.0048739129363 1.0 0.0 0.0 0.0 0.0 1.0 5.0 0.0
1048.0048739129363 1.0 0.0 0.0 0.0 0.0 1.0 5.0 0.0
1049.0048739129363 1.0 0.0 0.0 0.0 0.0 1.0 5.0 0.0
1050.0048739129363 1.0 0.0 0.0 0.0 0.0 1.0 5.0 0.0
1051.0048739129363 1.0 0.0 0.0 0.0 0.0 1.0 5.0 0.0
1052.0041225032128 1.0 0.0 0.0 0.0 0.0 1.0 5.0 0.0
1053.0048739129363 1.0 0.0 0.0 0.0 0.0 1.0 5.0 0.0
1054.0048739129363 1.0 0.0 0.0 0.0 0.0 1.0 5.0 0.0
1055.0002181767838 1.0 0.0 0.0 0.0 0.0 1.0 5.0 0.0
1056.0048739129363 1.0 0.0 0.0 0.0 0.0 1.0 5.0 0.0
1057.0048739129363 1.0 0.0 0.0 0.0 0.0 1.0 5.0 0.0
1058.0048739129363 1.0 0.0 0.0 0.0 0.0 1.0 5.0 0.0
1059.0048739129363 1.0 0.0 0.0 0.0 0.0 1.0 5.0 0.0
1060.0048739129363 1.0 0.0 0.0 0.0 0.0 1.0 5.0 0.0
1061.0048739129363 1.0 0.0 0.0 0.0 0.0 1.0 5.0 0.0
1062.0016639868734 1.0 0.0 0.0 0.0 0.0 1.0 5.0 0.0
1063.0048739129363 1.0 0.0 0.0 0.0 0.0 1.0 5.0 0.0
1064.001460264133 1.0 0.0 0.0 0.0 0.0 1.0 5.0 0.0
1065.0048739129363 1.0 0.0 0.0 0.0 0.0 1.0 5.0 0.0
1066.0048739129363 1.0 0.0 0.0 0.0 0.0 1.0 5.0 0.0
1067.0048739129363 1.0 0.0 0.0 0.0 0.0 1.0 5.0 0.0
1068.0048739129363 1.0 0.0 0.0 0.0 0.0 1.0 5.0 0.0
1069.0048739129363 1.0 0.0 0.0 0.0 0.0 1.0 5.0 0.0
1070.0048739129363 1.0 0.0 0.0 0.0 0.0 1.0 5.0 0.0
1071.0048739129363 1.0 0.0 0.0 0.0 0.0 1.0 5.0 0.0
1072.0048739129363 1.0 0.0 0.0 0.0 0.0 1.0 5.0 0.0
1073.002925619601 1.0 0.0 0.0 0.0 0.0 1.0 5.0 0.0
1074.0048739129363 1.0 0.0 0.0 0.0 0.0 1.0 5.0 0.0
1075.0048739129363 1.0 0.0 0.0 0.0 0.0 1.0 5.0 0.0
1076.0048739129363 1.0 0.0 0.0 0.0 0.0 1.0 5.0 0.0
1077.0030438839008 1.0 0.0 0.0 0.0 0.0 1.0 5.0 0.0
1078.0021177347514 1.0 0.0 0.0 0.0 0.0 1.0 5.0 0.0
1079.0048739129363 1.0 0.0 0.0 0.0 0.0 1.0 5.0 0.0
1080.0024875741822 1.0 0.0 0.0 0.0 0.0 1.0 5.0 0.0
1081.0048739129363 1.0 0.0 0.0 0.0 0.0 1.0 5.0 0.0
1082.0048739129363 1.0 0.0 0.0 0.0 0.0 1.0 5.0 0.0
1083.0041673998483 1.0 0.0 0.0 0.0 0.0 1.0 5.0 0.0
1084.0048739129363 1.0 0.0 0.0 0.0 0.0 1.0 5.0 0.0
1085.0031297485207 1.0 0.0 0.0 0.0 0.0 1.0 5.0 0.0
1086.0048739129363 1.0 0.0 0.0 0.0 0.0 1.0 5.0 0.0
1087.0048739129363 1.0 0.0 0.0 0.0 0.0 1.0 5.0 0.0
1088.0048739129363 1.0 0.0 0.0 0.0 0.0 1.0 5.0 0.0
1089.0048739129363 1.0 0.0 0.0 0.0 0.0 1.0 5.0 0.0
1090.0048739129363 1.0 0.0 0.0 0.0 0.0 1.0 5.0 0.0
1091.0048739129363 1.0 0.0 0.0 0.0 0.0 1.0 5.0 0.0
1092.0048739129363 1.0 0.0 0.0 0.0 0.0 1.0 5.0 0.0
1093.0048739129363 1.0 0.0 0.0 0.0 0.0 1.0 5.0 0.0
1094.0048739129363 1.0 0.0 0.0 0.0 0.0 1.0 5.0 0.0
1095.0048739129363 1.0 0.0 0.0 0.0 0.0 1.0 5.0 0.0
1096.0048739129363 1.0 0.0 0.0 0.0 0.0 1.0 5.0 0.0
1097.0048739129363 1.0 0.0 0.0 0.0 0.0 1.0 5.0 0.0
1098.0011642659254 1.0 0.0 0.0 0.0 0.0 1.0 5.0 0.0
1099.0048739129363 1.0 0.0 0.0 0.0 0.0 1.0 5.0 0.0
1100.0048739129363 1.0 0.0 0.0 0.0 0.0 1.0 5.0 0.0
1101.0048739129363 1.0 0.0 0.0 0.0 0.0 1.0 5.0 0.0
1102.0048739129363 1.0 0.0 0.0 0.0 0.0 1.0 5.0 0.0
1103.0048739129363 1.0 0.0 0.0 0.0 0.0 1.0 5.0 0.0
1104.0048739129363 1.0 0.0 0.0 0.0 0.0 1.0 5.0 0.0
1105.0043481522493 1.0 0.0 0.0 0.0 0.0 1.0 5.0 0.0
1106.0048739129363 1.0 0.0 0.0 0.0 0.0 1.0 5.0 0.0
1107.0007319546685 1.0 0.0 0.0 0.0 0.0 1.0 5.0 0.0
1108.0048739129363 1.0 0.0 0.0 0.0 0.0 1.0 5.0 0.0
1109.0048739129363 1.0 0.0 0.0 0.0 0.0 1.0 5.0 0.0
1110.000691593293 1.0 0.0 0.0 0.0 0.0 1.0 5.0 0.0
1111.0034911935966 1.0 0.0 0.0 0.0 0.0 1.0 5.0 0.0
1112.0048739129363 1.0 0.0 0.0 0.0 0.0 1.0 5.0 0.0
1113.0048739129363 1.0 0.0 0.0 0.0 0.0 1.0 5.0 0.0
1114.0034894702676 1.0 0.0 0.0 0.0 0.0 1.0 5.0 0.0
1115.0048739129363 1.0 0.0 0.0 0.0 0.0 1.0 5.0 0.0
1116.0024448110773 1.0 0.0 0.0 0.0 0.0 1.0 5.0 0.0
1117.0020597429145 1.0 0.0 0.0 0.0 0.0 1.0 5.0 0.0
1118.0048739129363 1.0 0.0 0.0 0.0 0.0 1.0 5.0 0.0
1119.0048739129363 1.0 0.0 0.0 0.0 0.0 1.0 5.0 0.0
1120.0048739129363 1.0 0.0 0.0 0.0 0.0 1.0 5.0 0.0
1121.0048739129363 1.0 0.0 0.0 0.0 0.0 1.0 5.0 0.0
1122.0048739129363 1.0 0.0 0.0 0.0 0.0 1.0 5.0 0.0
1123.0048739129363 1.0 0.0 0.0 0.0 0.0 1.0 5.0 0.0
1124.0048739129363 1.0 0.0 0.0 0.0 0.0 1.0 5.0 0.0
1125.0048739129363 1.0 0.0 0.0 0.0 0.0 1.0 5.0 0.0
1126.0048739129363 1.0 0.0 0.0 0.0 0.0 1.0 5.0 0.0
1127.0048739129363 1.0 0.0 0.0 0.0 0.0 1.0 5.0 0.0
1128.0048739129363 1.0 0.0 0.0 0.0 0.0 1.0 5.0 0.0
1129.0048739129363 1.0 0.0 0.0 0.0 0.0 1.0 5.0 0.0
1130.0048739129363 1.0 0.0 0.0 0.0 0.0 1.0 5.0 0.0
1131.001198069584 1.0 0.0 0.0 0.0 0.0 1.0 5.0 0.0
1132.0048739129363 1.0 0.0 0.0 0.0 0.0 1.0 5.0 0.0
1133.0025261184007 1.0 0.0 0.0 0.0 0.0 1.0 5.0 0.0
1134.0048739129363 1.0 0.0 0.0 0.0 0.0 1.0 5.0 0.0
1135.0039855975901 1.0 0.0 0.0 0.0 0.0 1.0 5.0 0.0
1136.0014032778922 1.0 0.0 0.0 0.0 0.0 1.0 5.0 0.0
1137.0048739129363 1.0 0.0 0.0 0.0 0.0 1.0 5.0 0.0
1138.0048739129363 1.0 0.0 0.0 0.0 0.0 1.0 5.0 0.0
1139.0048739129363 1.0 0.0 0.0 0.0 0.0 1.0 5.0 0.0
1140.0048739129363 1.0 0.0 0.0 0.0 0.0 1.0 5.0 0.0
1141.0048739129363 1.0 0.0 0.0 0.0 0.0 1.0 5.0 0.0
1142.0048739129363 1.0 0.0 0.0 0.0 0.0 1.0 5.0 0.0
1143.0032542048705 1.0 0.0 0.0 0.0 0.0 1.0 5.0 0.0
1144.0048739129363 1.0 0.0 0.0 0.0 0.0 1.0 5.0 0.0
1145.0048739129363 1.0 0.0 0.0 0.0 0.0 1.0 5.0 0.0
1146.0048739129363 1.0 0.0 0.0 0.0 0.0 1.0 5.0 0.0
1147.0033393902206 1.0 0.0 0.0 0.0 0.0 1.0 5.0 0.0
1148.0033481939556 1.0 0.0 0.0 0.0 0.0 1.0 5.0 0.0
1149.0048739129363 1.0 0.0 0.0 0.0 0.0 1.0 5.0 0.0
1150.0019166897057 1.0 0.0 0.0 0.0 0.0 1.0 5.0 0.0
1151.0048739129363 1.0 0.0 0.0 0.0 0.0 1.0 5.0 0.0
1152.0048739129363 1.0 0.0 0.0 0.0 0.0 1.0 5.0 0.0
1153.0048739129363 1.0 0.0 0.0 0.0 0.0 1.0 5.0 0.0
1154.0048739129363 1.0 0.0 0.0 0.0 0.0 1.0 5.0 0.0
1155.0048739129363 1.0 0.0 0.0 0.0 0.0 1.0 5.0 0.0
1156.0048739129363 1.0 0.0 0.0 0.0 0.0 1.0 5.0 0.0
1157.0048739129363 1.0 0.0 0.0 0.0 0.0 1.0 5.0 0.0
1158.0048739129363 1.0 0.0 0.0 0.0 0.0 1.0 5.0 0.0
1159.0048739129363 1.0 0.0 0.0 0.0 0.0 1.0 5.0 0.0
1160.0048739129363 1.0 0.0 0.0 0.0 0.0 1.0 5.0 0.0
1161.0048739129363 1.0 0.0 0.0 0.0 0.0 1.0 5.0 0.0
1162.0048739129363 1.0 0.0 0.0 0.0 0.0 1.0 5.0 0.0
1163.0048739129363 1.0 0.0 0.0 0.0 0.0 1.0 5.0 0.0
1164.0048739129363 1.0 0.0 0.0 0.0 0.0 1.0 5.0 0.0
1165.0048739129363 1.0 0.0 0.0 0.0 0.0 1.0 5.0 0.0
1166.0048739129363 1.0 0.0 0.0 0.0 0.0 1.0 5.0 0.0
1167.0037066249802 1.0 0.0 0.0 0.0 0.0 1.0 5.0 0.0
1168.0048739129363 1.0 0.0 0.0 0.0 0.0 1.0 5.0 0.0
1169.0048739129363 1.0 0.0 0.0 0.0 0.0 1.0 5.0 0.0
1170.0048739129363 1.0 0.0 0.0 0.0 0.0 1.0 5.0 0.0
1171.0048739129363 1.0 0.0 0.0 0.0 0.0 1.0 5.0 0.0
1172.0048739129363 1.0 0.0 0.0 0.0 0.0 1.0 5.0 0.0
1173.0048739129363 1.0 0.0 0.0 0.0 0.0 1.0 5.0 0.0
1174.0048739129363 1.0 0.0 0.0 0.0 0.0 1.0 5.0 0.0
1175.0048739129363 1.0 0.0 0.0 0.0 0.0 1.0 5.0 0.0
1176.0048739129363 1.0 0.0 0.0 0.0 0.0 1.0 5.0 0.0
1177.0048739129363 1.0 0.0 0.0 0.0 0.0 1.0 5.0 0.0
1178.0048739129363 1.0 0.0 0.0 0.0 0.0 1.0 5.0 0.0
1179.0048739129363 1.0 0.0 0.0 0.0 0.0 1.0 5.0 0.0
1180.0048739129363 1.0 0.0 0.0 0.0 0.0 1.0 5.0 0.0
1181.0048739129363 1.0 0.0 0.0 0.0 0.0 1.0 5.0 0.0
1182.0048739129363 1.0 0.0 0.0 0.0 0.0 1.0 5.0 0.0
1183.0028954593859 1.0 0.0 0.0 0.0 0.0 1.0 5.0 0.0
1184.0048739129363 1.0 0.0 0.0 0.0 0.0 1.0 5.0 0.0
1185.0048739129363 1.0 0.0 0.0 0.0 0.0 1.0 5.0 0.0
1186.0048739129363 1.0 0.0 0.0 0.0 0.0 1.0 5.0 0.0
1187.0048739129363 1.0 0.0 0.0 0.0 0.0 1.0 5.0 0.0
1188.0048739129363 1.0 0.0 0.0 0.0 0.0 1.0 5.0 0.0
1189.0034281704332 1.0 0.0 0.0 0.0 0.0 1.0 5.0 0.0
1190.0048739129363 1.0 0.0 0.0 0.0 0.0 1.0 5.0 0.0
1191.002322877927 1.0 0.0 0.0 0.0 0.0 1.0 5.0 0.0
1192.0048739129363 1.0 0.0 0.0 0.0 0.0 1.0 5.0 0.0
1193.0048739129363 1.0 0.0 0.0 0.0 0.0 1.0 5.0 0.0
1194.0048739129363 1.0 0.0 0.0 0.0 0.0 1.0 5.0 0.0
1195.0013215354672 1.0 0.0 0.0 0.0 0.0 1.0 5.0 0.0
1196.0048739129363 1.0 0.0 0.0 0.0 0.0 1.0 5.0 0.0
1197.0048739129363 1.0 0.0 0.0 0.0 0.0 1.0 5.0 0.0
1198.0048739129363 1.0 0.0 0.0 0.0 0.0 1.0 5.0 0.0
1199.0048739129363 1.0 0.0 0.0 0.0 0.0 1.0 5.0 0.0
1200.0 1.0 0.0 0.0 0.0 0.0 1.0 5.0 0.0
1201.0 0.825 0.0 0.175 0.0 0.0 1.0 5.0 0.2817073170731707
1202.0 0.325 0.0 0.675 0.0 0.0 1.0 4.6 0.42804878048780487
1203.0 0.04999999999999998 0.0 0.95 0.0 0.0 1.0 4.925 0.09268292682926829
1204.0 0.02499999999999999 0.0 0.975 0.0 0.0 1.0 5.825 0.0475609756097561
1205.0 0.02499999999999999 0.0 0.975 0.0 0.0 1.0 5.925 0.0475609756097561
1206.0 0.0 0.0 1.0 0.0 0.0 1.0 5.95 0.0
1207.0 0.0 0.0 1.0 0.0 0.0 1.0 5.95 0.0
1208.0 0.0 0.0 1.0 0.0 0.0 1.0 6.0 0.0
1209.0 0.0 0.0 1.0 0.0 0.0 1.0 6.0 0.0
1210.0 0.0 0.0 1.0 0.0 0.0 1.0 6.0 0.0
1211.0 0.0 0.0 1.0 0.0 0.0 1.0 6.0 0.0
1212.0 0.0 0.0 1.0 0.0 0.0 1.0 6.0 0.0
1213.0 0.0 0.0 1.0 0.0 0.0 1.0 6.0 0.0
1214.0 0.0 0.0 1.0 0.0 0.0 1.0 6.0 0.0
1215.0 0.0 0.0 1.0 0.0 0.0 1.0 6.0 0.0
1216.0 0.0 0.0 1.0 0.0 0.0 1.0 6.0 0.0
1217.0 0.0 0.0 1.0 0.0 0.0 1.0 6.0 0.0
1218.0 0.0 0.0 1.0 0.0 0.0 1.0 6.0 0.0
1219.0 0.0 0.0 1.0 0.0 0.0 1.0 6.0 0.0
1220.0 0.0 0.0 1.0 0.0 0.0 1.0 6.0 0.0
1221.0 0.0 0.0 1.0 0.0 0.0 1.0 6.0 0.0
1222.0 0.0 0.0 1.0 0.0 0.0 1.0 6.0 0.0
1223.0 0.0 0.0 1.0 0.0 0.0 1.0 6.0 0.0
1224.0 0.0 0.0 1.0 0.0 0.0 1.0 6.0 0.0
1225.0 0.0 0.0 1.0 0.0 0.0 1.0 6.0 0.0
1226.0 0.0 0.0 1.0 0.0 0.0 1.0 6.0 0.0
1227.0 0.0 0.0 1.0 0.0 0.0 1.0 6.0 0.0
1228.0 0.0 0.0 1.0 0.0 0.0 1.0 6.0 0.0
1229.0 0.0 0.0 1.0 0.0 0.0 1.0 6.0 0.0
1230.0 0.0 0.0 1.0 0.0 0.0 1.0 6.0 0.0
1231.0 0.0 0.0 1.0 0.0 0.0 1.0 6.0 0.0
1232.0 0.0 0.0 1.0 0.0 0.0 1.0 6.0 0.0
1233.0 0.0 0.0 1.0 0.0 0.0 1.0 6.0 0.0
1234.0 0.0 0.0 1.0 0.0 0.0 1.0 6.0 0.0
1235.0 0.0 0.0 1.0 0.0 0.0 1.0 6.0 0.0
1236.0 0.0 0.0 1.0 0.0 0.0 1.0 6.0 0.0
1237.0 0.0 0.0 1.0 0.0 0.0 1.0 6.0 0.0
1238.0 0.0 0.0 1.0 0.0 0.0 1.0 6.0 0.0
1239.0 0.0 0.0 1.0 0.0 0.0 1.0 6.0 0.0
1240.0 0.0 0.0 1.0 0.0 0.0 1.0 6.0 0.0
1241.0 0.0 0.0 1.0 0.0 0.0 1.0 6.0 0.0
1242.0 0.0 0.0 1.0 0.0 0.0 1.0 6.0 0.0
1243.0 0.0 0.0 1.0 0.0 0.0 1.0 6.0 0.0
1244.0 0.0 0.0 1.0 0.0 0.0 1.0 6.0 0.0
1245.0 0.0 0.0 1.0 0.0 0.0 1.0 6.0 0.0
1246.0 0.0 0.0 1.0 0.0 0.0 1.0 6.0 0.0
1247.0 0.0 0.0 1.0 0.0 0.0 1.0 6.0 0.0
1248.0 0.0 0.0 1.0 0.0 0.0 1.0 6.0 0.0
1249.0 0.0 0.0 1.0 0.0 0.0 1.0 6.0 0.0
1250.0 0.0 0.0 1.0 0.0 0.0 1.0 6.0 0.0
1251.0 0.0 0.0 1.0 0.0 0.0 1.0 6.0 0.0
1252.0 0.0 0.0 1.0 0.0 0.0 1.0 6.0 0.0
1253.0 0.0 0.0 1.0 0.0 0.0 1.0 6.0 0.0
1254.0 0.0 0.0 1.0 0.0 0.0 1.0 6.0 0.0
1255.0 0.0 0.0 1.0 0.0 0.0 1.0 6.0 0.0
1256.0 0.0 0.0 1.0 0.0 0.0 1.0 6.0 0.0
1257.0 0.0 0.0 1.0 0.0 0.0 1.0 6.0 0.0
1258.0 0.0 0.0 1.0 0.0 0.0 1.0 6.0 0.0
1259.0 0.0 0.0 1.0 0.0 0.0 1.0 6.0 0.0
1260.0 0.0 0.0 1.0 0.0 0.0 1.0 6.0 0.0
1261.0 0.0 0.0 1.0 0.0 0.0 1.0 6.0 0.0
1262.0 0.0 0.0 1.0 0.0 0.0 1.0 6.0 0.0
1263.0 0.0 0.0 1.0 0.0 0.0 1.0 6.0 0.0
1264.0 0.0 0.0 1.0 0.0 0.0 1.0 6.0 0.0
1265.0 0.0 0.0 1.0 0.0 0.0 1.0 6.0 0.0
1266.0 0.0 0.0 1.0 0.0 0.0 1.0 6.0 0.0
1267.0 0.0 0.0 1.0 0.0 0.0 1.0 6.0 0.0
1268.0 0.0 0.0 1.0 0.0 0.0 1.0 6.0 0.0
1269.0 0.0 0.0 1.0 0.0 0.0 1.0 6.0 0.0
1270.0 0.0 0.0 1.0 0.0 0.0 1.0 6.0 0.0
1271.0 0.0 0.0 1.0 0.0 0.0 1.0 6.0 0.0
1272.0 0.0 0.0 1.0 0.0 0.0 1.0 6.0 0.0
1273.0 0.0 0.0 1.0 0.0 0.0 1.0 6.0 0.0
1274.0 0.0 0.0 1.0 0.0 0.0 1.0 6.0 0.0
1275.0 0.0 0.0 1.0 0.0 0.0 1.0 6.0 0.0
1276.0 0.0 0.0 1.0 0.0 0.0 1.0 6.0 0.0
1277.0 0.0 0.0 1.0 0.0 0.0 1.0 6.0 0.0
1278.0 0.0 0.0 1.0 0.0 0.0 1.0 6.0 0.0
1279.0 0.0 0.0 1.0 0.0 0.0 1.0 6.0 0.0
1280.0 0.0 0.0 1.0 0.0 0.0 1.0 6.0 0.0
1281.0 0.0 0.0 1.0 0.0 0.0 1.0 6.0 0.0
1282.0 0.0 0.0 1.0 0.0 0.0 1.0 6.0 0.0
1283.0 0.0 0.0 1.0 0.0 0.0 1.0 6.0 0.0
1284.0 0.0 0.0 1.0 0.0 0.0 1.0 6.0 0.0
1285.0 0.0 0.0 1.0 0.0 0.0 1.0 6.0 0.0
1286.0 0.0 0.0 1.0 0.0 0.0 1.0 6.0 0.0
1287.0 0.0 0.0 1.0 0.0 0.0 1.0 6.0 0.0
1288.0 0.0 0.0 1.0 0.0 0.0 1.0 6.0 0.0
1289.0 0.0 0.0 1.0 0.0 0.0 1.0 6.0 0.0
1290.0 0.0 0.0 1.0 0.0 0.0 1.0 6.0 0.0
1291.0 0.0 0.0 1.0 0.0 0.0 1.0 6.0 0.0
1292.0 0.0 0.0 1.0 0.0 0.0 1.0 6.0 0.0
1293.0 0.0 0.0 1.0 0.0 0.0 1.0 6.0 0.0
1294.0 0.0 0.0 1.0 0.0 0.0 1.0 6.0 0.0
1295.0 0.0 0.0 1.0 0.0 0.0 1.0 6.0 0.0
1296.0 0.0 0.0 1.0 0.0 0.0 1.0 6.0 0.0
1297.0 0.0 0.0 1.0 0.0 0.0 1.0 6.0 0.0
1298.0 0.0 0.0 1.0 0.0 0.0 1.0 6.0 0.0
1299.0 0.0 0.0 1.0 0.0 0.0 1.0 6.0 0.0
1300.0 0.0 0.0 1.0 0.0 0.0 1.0 6.0 0.0
1301.0 0.0 0.0 1.0 0.0 0.0 1.0 6.0 0.0
1302.0 0.0 0.0 1.0 0.0 0.0 1.0 6.0 0.0
1303.0 0.0 0.0 1.0 0.0 0.0 1.0 6.0 0.0
1304.0 0.0 0.0 1.0 0.0 0.0 1.0 6.0 0.0
1305.0 0.0 0.0 1.0 0.0 0.0 1.0 6.0 0.0
1306.0 0.0 0.0 1.0 0.0 0.0 1.0 6.0 0.0
1307.0 0.0 0.0 1.0 0.0 0.0 1.0 6.0 0.0
1308.0 0.0 0.0 1.0 0.0 0.0 1.0 6.0 0.0
1309.0 0.0 0.0 1.0 0.0 0.0 1.0 6.0 0.0
1310.0 0.0 0.0 1.0 0.0 0.0 1.0 6.0 0.0
1311.0 0.0 0.0 1.0 0.0 0.0 1.0 6.0 0.0
1312.0 0.0 0.0 1.0 0.0 0.0 1.0 6.0 0.0
1313.0 0.0 0.0 1.0 0.0 0.0 1.0 6.0 0.0
1314.0 0.0 0.0 1.0 0.0 0.0 1.0 6.0 0.0
1315.0 0.0 0.0 1.0 0.0 0.0 1.0 6.0 0.0
1316.0 0.0 0.0 0.25 0.75 0.0 0.0 6.05 0.36585365853658536
1317.0048739129363 0.0 0.0 0.02499999999999999 0.975 0.0 0.0 6.75 0.0475609756097561
1318.0048739129363 0.0 0.0 0.0 1.0 0.0 0.0 7.675 0.0
1319.0048739129363 0.0 0.0 0.0 1.0 0.0 0.0 7.9 0.0
1320.0048739129363 0.0 0.0 0.0 1.0 0.0 0.0 7.95 0.0
1321.0033588566876 0.0 0.0 0.0 1.0 0.0 0.0 7.95 0.0
1322.0048739129363 0.0 0.0 0.0 1.0 0.0 0.0 8.0 0.0
1323.0048739129363 0.0 0.0 0.0 1.0 0.0 0.0 8.0 0.0
1324.0048739129363 0.0 0.0 0.0 1.0 0.0 0.0 8.0 0.0
1325.0048739129363 0.0 0.0 0.0 1.0 0.0 0.0 8.0 0.0
1326.0048739129363 0.0 0.0 0.0 1.0 0.0 0.0 8.0 0.0
1327.0048739129363 0.0 0.0 0.0 1.0 0.0 0.0 8.0 0.0
1328.0048739129363 0.0 0.0 0.0 1.0 0.0 0.0 8.0 0.0
1329.0048739129363 0.0 0.0 0.0 1.0 0.0 0.0 8.0 0.0
1330.0048739129363 0.0 0.0 0.0 1.0 0.0 0.0 8.0 0.0
1331.0019733373806 0.0 0.0 0.0 1.0 0.0 0.0 8.0 0.0
1332.000543307324 0.0 0.0 0.0 1.0 0.0 0.0 8.0 0.0
1333.0048739129363 0.0 0.0 0.0 1.0 0.0 0.0 8.0 0.0
1334.0048739129363 0.0 0.0 0.0 1.0 0.0 0.0 8.0 0.0
1335.0048739129363 0.0 0.0 0.0 1.0 0.0 0.0 8.0 0.0
1336.0048739129363 0.0 0.0 0.0 1.0 0.0 0.0 8.0 0.0
1337.0048739129363 0.0 0.0 0.0 1.0 0.0 0.0 8.0 0.0
1338.0048739129363 0.0 0.0 0.0 1.0 0.0 0.0 8.0 0.0
1339.0048739129363 0.0 0.0 0.0 1.0 0.0 0.0 8.0 0.0
1340.0048739129363 0.0 0.0 0.0 1.0 0.0 0.0 8.0 0.0
1341.0048739129363 0.0 0.0 0.0 1.0 0.0 0.0 8.0 0.0
1342.0026069614105 0.0 0.0 0.0 1.0 0.0 0.0 8.0 0.0
1343.0047982571837 0.0 0.0 0.0 1.0 0.0 0.0 8.0 0.0
1344.0048739129363 0.0 0.0 0.0 1.0 0.0 0.0 8.0 0.0
1345.0048739129363 0.0 0.0 0.0 1.0 0.0 0.0 8.0 0.0
1346.0041920029269 0.0 0.0 0.0 1.0 0.0 0.0 8.0 0.0
1347.0048739129363 0.0 0.0 0.0 1.0 0.0 0.0 8.0 0.0
1348.0048739129363 0.0 0.0 0.0 1.0 0.0 0.0 8.0 0.0
1349.0048739129363 0.0 0.0 0.0 1.0 0.0 0.0 8.0 0.0
1350.0048739129363 0.0 0.0 0.0 1.0 0.0 0.0 8.0 0.0
1351.0033323642513 0.0 0.0 0.0 1.0 0.0 0.0 8.0 0.0
1352.0001998664088 0.0 0.0 0.0 1.0 0.0 0.0 8.0 0.0
1353.0022952960169 0.0 0.0 0.0 1.0 0.0 0.0 8.0 0.0
1354.0048739129363 0.0 0.0 0.0 1.0 0.0 0.0 8.0 0.0
1355.0048739129363 0.0 0.0 0.0 1.0 0.0 0.0 8.0 0.0
1356.0000282356364 0.0 0.0 0.0 1.0 0.0 0.0 8.0 0.0
1357.0048739129363 0.0 0.0 0.0 1.0 0.0 0.0 8.0 0.0
1358.0048739129363 0.0 0.0 0.0 1.0 0.0 0.0 8.0 0.0
1359.0040640337245 0.0 0.0 0.0 1.0 0.0 0.0 8.0 0.0
1360.0048739129363 0.0 0.0 0.0 1.0 0.0 0.0 8.0 0.0
1361.0020182239061 0.0 0.0 0.0 1.0 0.0 0.0 8.0 0.0
1362.0048739129363 0.0 0.0 0.0 1.0 0.0 0.0 8.0 0.0
1363.0048739129363 0.0 0.0 0.0 1.0 0.0 0.0 8.0 0.0
1364.0048739129363 0.0 0.0 0.0 1.0 0.0 0.0 8.0 0.0
1365.0048739129363 0.0 0.0 0.0 1.0 0.0 0.0 8.0 0.0
1366.0048739129363 0.0 0.0 0.0 1.0 0.0 0.0 8.0 0.0
1367.0048739129363 0.0 0.0 0.0 1.0 0.0 0.0 8.0 0.0
1368.0048739129363 0.0 0.0 0.0 1.0 0.0 0.0 8.0 0.0
1369.0048739129363 0.0 0.0 0.0 1.0 0.0 0.0 8.0 0.0
1370.0048739129363 0.0 0.0 0.0 1.0 0.0 0.0 8.0 0.0
1371.0048739129363 0.0 0.0 0.0 1.0 0.0 0.0 8.0 0.0
1372.0048739129363 0.0 0.0 0.0 1.0 0.0 0.0 8.0 0.0
1373.0048739129363 0.0 0.0 0.0 1.0 0.0 0.0 8.0 0.0
1374.0048739129363 0.0 0.0 0.0 1.0 0.0 0.0 8.0 0.0
1375.0018644228662 0.0 0.0 0.0 1.0 0.0 0.0 8.0 0.0
1376.0048739129363 0.0 0.0 0.0 1.0 0.0 0.0 8.0 0.0
1377.0048739129363 0.0 0.0 0.0 1.0 0.0 0.0 8.0 0.0
1378.0048739129363 0.0 0.0 0.0 1.0 0.0 0.0 8.0 0.0
1379.0048739129363 0.0 0.0 0.0 1.0 0.0 0.0 8.0 0.0
1380.0048739129363 0.0 0.0 0.0 1.0 0.0 0.0 8.0 0.0
1381.0048739129363 0.0 0.0 0.0 1.0 0.0 0.0 8.0 0.0
1382.0048739129363 0.0 0.0 0.0 1.0 0.0 0.0 8.0 0.0
1383.0010648828109 0.0 0.0 0.0 1.0 0.0 0.0 8.0 0.0
1384.0048739129363 0.0 0.0 0.0 1.0 0.0 0.0 8.0 0.0
1385.0048739129363 0.0 0.0 0.0 1.0 0.0 0.0 8.0 0.0
1386.0048739129363 0.0 0.0 0.0 1.0 0.0 0.0 8.0 0.0
1387.0048739129363 0.0 0.0 0.0 1.0 0.0 0.0 8.0 0.0
1388.0048739129363 0.0 0.0 0.0 1.0 0.0 0.0 8.0 0.0
1389.0048739129363 0.0 0.0 0.0 1.0 0.0 0.0 8.0 0.0
1390.0048739129363 0.0 0.0 0.0 1.0 0.0 0.0 8.0 0.0
1391.0048739129363 0.0 0.0 0.0 1.0 0.0 0.0 8.0 0.0
1392.0048739129363 0.0 0.0 0.0 1.0 0.0 0.0 8.0 0.0
1393.0001388002254 0.0 0.0 0.0 1.0 0.0 0.0 8.0 0.0
1394.0048739129363 0.0 0.0 0.0 1.0 0.0 0.0 8.0 0.0
1395.0048739129363 0.0 0.0 0.0 1.0 0.0 0.0 8.0 0.0
1396.0048739129363 0.0 0.0 0.0 1.0 0.0 0.0 8.0 0.0
1397.0048739129363 0.0 0.0 0.0 1.0 0.0 0.0 8.0 0.0
1398.0048739129363 0.0 0.0 0.0 1.0 0.0 0.0 8.0 0.0
1399.0014448309635 0.0 0.0 0.0 1.0 0.0 0.0 8.0 0.0
1400.0048739129363 0.0 0.0 0.0 1.0 0.0 0.0 8.0 0.0
1401.0048739129363 0.0 0.0 0.0 1.0 0.0 0.0 8.0 0.0
1402.0048739129363 0.0 0.0 0.0 1.0 0.0 0.0 8.0 0.0
1403.0048739129363 0.0 0.0 0.0 1.0 0.0 0.0 8.0 0.0
1404.0048739129363 0.0 0.0 0.0 1.0 0.0 0.0 8.0 0.0
1405.0048739129363 0.0 0.0 0.0 1.0 0.0 0.0 8.0 0.0
1406.0048739129363 0.0 0.0 0.0 1.0 0.0 0.0 8.0 0.0
1407.0048739129363 0.0 0.0 0.0 1.0 0.0 0.0 8.0 0.0
1408.0048739129363 0.0 0.0 0.0 1.0 0.0 0.0 8.0 0.0
1409.0048739129363 0.0 0.0 0.0 1.0 0.0 0.0 8.0 0.0
1410.0048739129363 0.0 0.0 0.0 1.0 0.0 0.0 8.0 0.0
1411.0048739129363 0.0 0.0 0.0 1.0 0.0 0.0 8.0 0.0
1412.0048739129363 0.0 0.0 0.0 1.0 0.0 0.0 8.0 0.0
1413.0048739129363 0.0 0.0 0.0 1.0 0.0 0.0 8.0 0.0
1414.0048739129363 0.0 0.0 0.0 1.0 0.0 0.0 8.0 0.0
1415.0048739129363 0.0 0.0 0.0 1.0 0.0 0.0 8.0 0.0
1416.0048739129363 0.0 0.0 0.0 1.0 0.0 0.0 8.0 0.0
1417.0010215410466 0.0 0.0 0.0 1.0 0.0 0.0 8.0 0.0
1418.0048739129363 0.0 0.0 0.0 1.0 0.0 0.0 8.0 0.0
1419.0048739129363 0.0 0.0 0.0 1.0 0.0 0.0 8.0 0.0
1420.0048739129363 0.0 0.0 0.0 1.0 0.0 0.0 8.0 0.0
1421.0048739129363 0.0 0.0 0.0 1.0 0.0 0.0 8.0 0.0
1422.0048739129363 0.0 0.0 0.0 1.0 0.0 0.0 8.0 0.0
1423.0048739129363 0.0 0.0 0.0 1.0 0.0 0.0 8.0 0.0
1424.0048739129363 0.0 0.0 0.0 1.0 0.0 0.0 8.0 0.0
1425.0048739129363 0.0 0.0 0.0 1.0 0.0 0.0 8.0 0.0
1426.0048739129363 0.0 0.0 0.0 1.0 0.0 0.0 8.0 0.0
1427.0048739129363 0.0 0.0 0.0 1.0 0.0 0.0 8.0 0.0
1428.0048739129363 0.0 0.0 0.0 1.0 0.0 0.0 8.0 0.0
1429.0048739129363 0.0 0.0 0.0 1.0 0.0 0.0 8.0 0.0
1430.0048739129363 0.0 0.0 0.0 1.0 0.0 0.0 8.0 0.0
1431.0048739129363 0.0 0.0 0.0 1.0 0.0 0.0 8.0 0.0
1432.0048739129363 0.0 0.0 0.0 1.0 0.0 0.0 8.0 0.0
1433.0048739129363 0.0 0.0 0.0 1.0 0.0 0.0 8.0 0.0
1434.0048739129363 0.0 0.0 0.0 1.0 0.0 0.0 8.0 0.0
1435.0048739129363 0.0 0.0 0.0 1.0 0.0 0.0 8.0 0.0
1436.0046517702333 0.0 0.0 0.0 1.0 0.0 0.0 8.0 0.0
1437.00017897636 0.0 0.0 0.0 1.0 0.0 0.0 8.0 0.0
1438.0048739129363 0.0 0.0 0.0 1.0 0.0 0.0 8.0 0.0
1439.0048739129363 0.0 0.0 0.0 1.0 0.0 0.0 8.0 0.0
1440.0048739129363 0.0 0.0 0.0 1.0 0.0 0.0 8.0 0.0
1441.0046478557642 0.0 0.0 0.0 1.0 0.0 0.0 8.0 0.0
1442.0048739129363 0.0 0.0 0.0 1.0 0.0 0.0 8.0 0.0
1443.0048739129363 0.0 0.0 0.0 1.0 0.0 0.0 8.0 0.0
1444.001252867719 0.0 0.0 0.0 1.0 0.0 0.0 8.0 0.0
1445.0003236968662 0.0 0.0 0.0 1.0 0.0 0.0 8.0 0.0
1446.0048739129363 0.0 0.0 0.0 1.0 0.0 0.0 8.0 0.0
1447.0048739129363 0.0 0.0 0.0 1.0 0.0 0.0 8.0 0.0
1448.0048739129363 0.0 0.0 0.0 1.0 0.0 0.0 8.0 0.0
1449.0048739129363 0.0 0.0 0.0 1.0 0.0 0.0 8.0 0.0
1450.0048739129363 0.0 0.0 0.0 1.0 0.0 0.0 8.0 0.0
1451.0048739129363 0.0 0.0 0.0 1.0 0.0 0.0 8.0 0.0
1452.0048739129363 0.0 0.0 0.0 1.0 0.0 0.0 8.0 0.0
1453.0048739129363 0.0 0.0 0.0 1.0 0.0 0.0 8.0 0.0
1454.0029333011726 0.0 0.0 0.0 1.0 0.0 0.0 8.0 0.0
1455.0048739129363 0.0 0.0 0.0 1.0 0.0 0.0 8.0 0.0
1456.0048739129363 0.0 0.0 0.0 1.0 0.0 0.0 8.0 0.0
1457.0048739129363 0.0 0.0 0.0 1.0 0.0 0.0 8.0 0.0
1458.001727094887 0.0 0.0 0.0 1.0 0.0 0.0 8.0 0.0
1459.0048739129363 0.0 0.0 0.0 1.0 0.0 0.0 8.0 0.0
1460.0048739129363 0.0 0.0 0.0 1.0 0.0 0.0 8.0 0.0
1461.004444410485 0.0 0.0 0.0 1.0 0.0 0.0 8.0 0.0
1462.0048739129363 0.0 0.0 0.0 1.0 0.0 0.0 8.0 0.0
1463.0027431645717 0.0 0.0 0.0 1.0 0.0 0.0 8.0 0.0
1464.0048739129363 0.0 0.0 0.0 1.0 0.0 0.0 8.0 0.0
1465.0048739129363 0.0 0.0 0.0 1.0 0.0 0.0 8.0 0.0
1466.0048739129363 0.0 0.0 0.0 1.0 0.0 0.0 8.0 0.0
1467.0048739129363 0.0 0.0 0.0 1.0 0.0 0.0 8.0 0.0
1468.0048739129363 0.0 0.0 0.0 1.0 0.0 0.0 8.0 0.0
1469.0048739129363 0.0 0.0 0.0 1.0 0.0 0.0 8.0 0.0
1470.0048739129363 0.0 0.0 0.0 1.0 0.0 0.0 8.0 0.0
1471.0048739129363 0.0 0.0 0.0 1.0 0.0 0.0 8.0 0.0
1472.0048739129363 0.0 0.0 0.0 1.0 0.0 0.0 8.0 0.0
1473.0048739129363 0.0 0.0 0.0 1.0 0.0 0.0 8.0 0.0
1474.0048739129363 0.0 0.0 0.0 1.0 0.0 0.0 8.0 0.0
1475.0048739129363 0.0 0.0 0.0 1.0 0.0 0.0 8.0 0.0
1476.0048739129363 0.0 0.0 0.0 1.0 0.0 0.0 8.0 0.0
1477.0011251409783 0.0 0.0 0.0 1.0 0.0 0.0 8.0 0.0
1478.0034598859515 0.0 0.0 0.0 1.0 0.0 0.0 8.0 0.0
1479.0048739129363 0.0 0.0 0.0 1.0 0.0 0.0 8.0 0.0
1480.0038046612513 0.0 0.0 0.0 1.0 0.0 0.0 8.0 0.0
1481.0048739129363 0.0 0.0 0.0 1.0 0.0 0.0 8.0 0.0
1482.0048739129363 0.0 0.0 0.0 1.0 0.0 0.0 8.0 0.0
1483.0048739129363 0.0 0.0 0.0 1.0 0.0 0.0 8.0 0.0
1484.0048739129363 0.0 0.0 0.0 1.0 0.0 0.0 8.0 0.0
1485.0048739129363 0.0 0.0 0.0 1.0 0.0 0.0 8.0 0.0
1486.0048739129363 0.0 0.0 0.0 1.0 0.0 0.0 8.0 0.0
1487.0048739129363 0.0 0.0 0.0 1.0 0.0 0.0 8.0 0.0
1488.0048739129363 0.0 0.0 0.0 1.0 0.0 0.0 8.0 0.0
1489.0048739129363 0.0 0.0 0.0 1.0 0.0 0.0 8.0 0.0
1490.0048739129363 0.0 0.0 0.0 1.0 0.0 0.0 8.0 0.0
1491.0048739129363 0.0 0.0 0.0 1.0 0.0 0.0 8.0 0.0
1492.0048739129363 0.0 0.0 0.0 1.0 0.0 0.0 8.0 0.0
1493.0048739129363 0.0 0.0 0.0 1.0 0.0 0.0 8.0 0.0
1494.0048739129363 0.0 0.0 0.0 1.0 0.0 0.0 8.0 0.0
1495.0014084525048 0.0 0.0 0.0 1.0 0.0 0.0 8.0 0.0
1496.0048739129363 0.0 0.0 0.0 1.0 0.0 0.0 8.0 0.0
1497.0048739129363 0.0 0.0 0.0 1.0 0.0 0.0 8.0 0.0
1498.0048739129363 0.0 0.0 0.0 1.0 0.0 0.0 8.0 0.0
1499.0048739129363 0.0 0.0 0.0 1.0 0.0 0.0 8.0 0.0
1500.0048739129363 0.0 0.0 0.0 1.0 0.0 0.0 8.0 0.0
1501.0026951216353 0.0 0.0 0.0 1.0 0.0 0.0 8.0 0.0
1502.0048739129363 0.0 0.0 0.0 1.0 0.0 0.0 8.0 0.0
1503.0048739129363 0.0 0.0 0.0 1.0 0.0 0.0 8.0 0.0
1504.0048739129363 0.0 0.0 0.0 1.0 0.0 0.0 8.0 0.0
1505.0048739129363 0.0 0.0 0.0 1.0 0.0 0.0 8.0 0.0
1506.0048739129363 0.0 0.0 0.0 1.0 0.0 0.0 8.0 0.0
1507.0048739129363 0.0 0.0 0.0 1.0 0.0 0.0 8.0 0.0
1508.0048739129363 0.0 0.0 0.0 1.0 0.0 0.0 8.0 0.0
1509.0048739129363 0.0 0.0 0.0 1.0 0.0 0.0 8.0 0.0
1510.0048739129363 0.0 0.0 0.0 1.0 0.0 0.0 8.0 0.0
1511.0048739129363 0.0 0.0 0.0 1.0 0.0 0.0 8.0 0.0
1512.0048739129363 0.0 0.0 0.0 1.0 0.0 0.0 8.0 0.0
1513.0048739129363 0.0 0.0 0.0 1.0 0.0 0.0 8.0 0.0
1514.0048739129363 0.0 0.0 0.0 1.0 0.0 0.0 8.0 0.0
1515.0048739129363 0.0 0.0 0.0 1.0 0.0 0.0 8.0 0.0
1516.0048739129363 0.0 0.0 0.0 1.0 0.0 0.0 8.0 0.0
1517.0048739129363 0.0 0.0 0.0 1.0 0.0 0.0 8.0 0.0
1518.0048739129363 0.0 0.0 0.0 1.0 0.0 0.0 8.0 0.0
1519.0048739129363 0.0 0.0 0.0 1.0 0.0 0.0 8.0 0.0
1520.0048739129363 0.0 0.0 0.0 1.0 0.0 0.0 8.0 0.0
1521.0048739129363 0.0 0.0 0.0 1.0 0.0 0.0 8.0 0.0
1522.0048739129363 0.0 0.0 0.0 1.0 0.0 0.0 8.0 0.0
1523.0029943211732 0.0 0.0 0.0 1.0 0.0 0.0 8.0 0.0
1524.0048739129363 0.0 0.0 0.0 1.0 0.0 0.0 8.0 0.0
1525.0048739129363 0.0 0.0 0.0 1.0 0.0 0.0 8.0 0.0
1526.0048739129363 0.0 0.0 0.0 1.0 0.0 0.0 8.0 0.0
1527.0048739129363 0.0 0.0 0.0 1.0 0.0 0.0 8.0 0.0
1528.0048739129363 0.0 0.0 0.0 1.0 0.0 0.0 8.0 0.0
1529.0022994966616 0.0 0.0 0.0 1.0 0.0 0.0 8.0 0.0
1530.0048739129363 0.0 0.0 0.0 1.0 0.0 0.0 8.0 0.0
1531.0048739129363 0.0 0.0 0.0 1.0 0.0 0.0 8.0 0.0
1532.0048739129363 0.0 0.0 0.0 1.0 0.0 0.0 8.0 0.0
1533.0048739129363 0.0 0.0 0.0 1.0 0.0 0.0 8.0 0.0
1534.0048739129363 0.0 0.0 0.0 1.0 0.0 0.0 8.0 0.0
1535.0048739129363 0.0 0.0 0.0 1.0 0.0 0.0 8.0 0.0
1536.0048739129363 0.0 0.0 0.0 1.0 0.0 0.0 8.0 0.0
1537.0048739129363 0.0 0.0 0.0 1.0 0.0 0.0 8.0 0.0
1538.0048739129363 0.0 0.0 0.0 1.0 0.0 0.0 8.0 0.0
1539.0048739129363 0.0 0.0 0.0 1.0 0.0 0.0 8.0 0.0
1540.0048739129363 0.0 0.0 0.0 1.0 0.0 0.0 8.0 0.0
1541.0048739129363 0.0 0.0 0.0 1.0 0.0 0.0 8.0 0.0
1542.0048739129363 0.0 0.0 0.0 1.0 0.0 0.0 8.0 0.0
1543.0044284597275 0.0 0.0 0.0 1.0 0.0 0.0 8.0 0.0
1544.0048739129363 0.0 0.0 0.0 1.0 0.0 0.0 8.0 0.0
1545.0048739129363 0.0 0.0 0.0 1.0 0.0 0.0 8.0 0.0
1546.0048739129363 0.0 0.0 0.0 1.0 0.0 0.0 8.0 0.0
1547.0048739129363 0.0 0.0 0.0 1.0 0.0 0.0 8.0 0.0
1548.0048739129363 0.0 0.0 0.0 1.0 0.0 0.0 8.0 0.0
1549.0048739129363 0.0 0.0 0.0 1.0 0.0 0.0 8.0 0.0
1550.0048739129363 0.0 0.0 0.0 1.0 0.0 0.0 8.0 0.0
1551.0048739129363 0.0 0.0 0.0 1.0 0.0 0.0 8.0 0.0
1552.0048739129363 0.0 0.0 0.0 1.0 0.0 0.0 8.0 0.0
1553.0039933163193 0.0 0.0 0.0 1.0 0.0 0.0 8.0 0.0
1554.0048739129363 0.0 0.0 0.0 1.0 0.0 0.0 8.0 0.0
1555.0048739129363 0.0 0.0 0.0 1.0 0.0 0.0 8.0 0.0
1556.0048739129363 0.0 0.0 0.0 1.0 0.0 0.0 8.0 0.0
1557.0048739129363 0.0 0.0 0.0 1.0 0.0 0.0 8.0 0.0
1558.0048739129363 0.0 0.0 0.0 1.0 0.0 0.0 8.0 0.0
1559.0048739129363 0.0 0.0 0.0 1.0 0.0 0.0 8.0 0.0
1560.0048739129363 0.0 0.0 0.0 1.0 0.0 0.0 8.0 0.0
1561.0048739129363 0.0 0.0 0.0 1.0 0.0 0.0 8.0 0.0
1562.0048739129363 0.0 0.0 0.0 1.0 0.0 0.0 8.0 0.0
1563.0048739129363 0.0 0.0 0.0 1.0 0.0 0.0 8.0 0.0
1564.0048739129363 0.0 0.0 0.0 1.0 0.0 0.0 8.0 0.0
1565.0048739129363 0.0 0.0 0.0 1.0 0.0 0.0 8.0 0.0
1566.0048739129363 0.0 0.0 0.0 1.0 0.0 0.0 8.0 0.0
1567.0048739129363 0.0 0.0 0.0 1.0 0.0 0.0 8.0 0.0
1568.0048739129363 0.0 0.0 0.0 1.0 0.0 0.0 8.0 0.0
1569.0048739129363 0.0 0.0 0.0 1.0 0.0 0.0 8.0 0.0
1570.0048739129363 0.0 0.0 0.0 1.0 0.0 0.0 8.0 0.0
1571.0011888038612 0.0 0.0 0.0 1.0 0.0 0.0 8.0 0.0
1572.0026101489455 0.0 0.0 0.0 1.0 0.0 0.0 8.0 0.0
1573.0031392073379 0.0 0.0 0.0 1.0 0.0 0.0 8.0 0.0
1574.0031956559183 0.0 0.0 0.0 1.0 0.0 0.0 8.0 0.0
1575.0048739129363 0.0 0.0 0.0 1.0 0.0 0.0 8.0 0.0
1576.0048739129363 0.0 0.0 0.0 1.0 0.0 0.0 8.0 0.0
1577.0013244391394 0.0 0.0 0.0 1.0 0.0 0.0 8.0 0.0
1578.000179465781 0.0 0.0 0.0 1.0 0.0 0.0 8.0 0.0
1579.0048739129363 0.0 0.0 0.0 1.0 0.0 0.0 8.0 0.0
1580.0048739129363 0.0 0.0 0.0 1.0 0.0 0.0 8.0 0.0
1581.0017449209251 0.0 0.0 0.0 1.0 0.0 0.0 8.0 0.0
1582.0048739129363 0.0 0.0 0.0 1.0 0.0 0.0 8.0 0.0
1583.0048739129363 0.0 0.0 0.0 1.0 0.0 0.0 8.0 0.0
1584.0048739129363 0.0 0.0 0.0 1.0 0.0 0.0 8.0 0.0
1585.0048739129363 0.0 0.0 0.0 1.0 0.0 0.0 8.0 0.0
1586.0048739129363 0.0 0.0 0.0 1.0 0.0 0.0 8.0 0.0
1587.0048739129363 0.0 0.0 0.0 1.0 0.0 0.0 8.0 0.0
1588.0048739129363 0.0 0.0 0.0 1.0 0.0 0.0 8.0 0.0
1589.0048739129363 0.0 0.0 0.0 1.0 0.0 0.0 8.0 0.0
1590.0048739129363 0.0 0.0 0.0 1.0 0.0 0.0 8.0 0.0
1591.0048739129363 0.0 0.0 0.0 1.0 0.0 0.0 8.0 0.0
1592.0048739129363 0.0 0.0 0.0 1.0 0.0 0.0 8.0 0.0
1593.0048739129363 0.0 0.0 0.0 1.0 0.0 0.0 8.0 0.0
1594.0048739129363 0.0 0.0 0.0 1.0 0.0 0.0 8.0 0.0
1595.0048739129363 0.0 0.0 0.0 1.0 0.0 0.0 8.0 0.0
1596.0048739129363 0.0 0.0 0.0 1.0 0.0 0.0 8.0 0.0
1597.0048739129363 0.0 0.0 0.0 1.0 0.0 0.0 8.0 0.0
1598.0048739129363 0.0 0.0 0.0 1.0 0.0 0.0 8.0 0.0
1599.0048739129363 0.0 0.0 0.0 1.0 0.0 0.0 8.0 0.0
1600.0048739129363 0.0 0.0 0.0 1.0 0.0 0.0 8.0 0.0
1601.0048739129363 0.0 0.0 0.0 1.0 0.0 0.0 8.0 0.0
1602.0048739129363 0.0 0.0 0.0 1.0 0.0 0.0 8.0 0.0
1603.0048739129363 0.0 0.0 0.0 1.0 0.0 0.0 8.0 0.0
1604.0006927446923 0.0 0.0 0.0 1.0 0.0 0.0 8.0 0.0
1605.0048739129363 0.0 0.0 0.0 1.0 0.0 0.0 8.0 0.0
1606.0048739129363 0.0 0.0 0.0 1.0 0.0 0.0 8.0 0.0
1607.0019708056552 0.0 0.0 0.0 1.0 0.0 0.0 8.0 0.0
1608.0031364798585 0.0 0.0 0.0 1.0 0.0 0.0 8.0 0.0
1609.0048739129363 0.0 0.0 0.0 1.0 0.0 0.0 8.0 0.0
1610.001791919 0.0 0.0 0.0 1.0 0.0 0.0 8.0 0.0
1611.0048739129363 0.0 0.0 0.0 1.0 0.0 0.0 8.0 0.0
1612.0048739129363 0.0 0.0 0.0 1.0 0.0 0.0 8.0 0.0
1613.0048739129363 0.0 0.0 0.0 1.0 0.0 0.0 8.0 0.0
1614.00077916391 0.0 0.0 0.0 1.0 0.0 0.0 8.0 0.0
1615.001194327625 0.0 0.0 0.0 1.0 0.0 0.0 8.0 0.0
1616.0048739129363 0.0 0.0 0.0 1.0 0.0 0.0 8.0 0.0
1617.0048739129363 0.0 0.0 0.0 1.0 0.0 0.0 8.0 0.0
1618.0048739129363 0.0 0.0 0.0 1.0 0.0 0.0 8.0 0.0
1619.0048739129363 0.0 0.0 0.0 1.0 0.0 0.0 8.0 0.0
1620.0048739129363 0.0 0.0 0.0 1.0 0.0 0.0 8.0 0.0
1621.0048739129363 0.0 0.0 0.0 1.0 0.0 0.0 8.0 0.0
1622.0048739129363 0.0 0.0 0.0 1.0 0.0 0.0 8.0 0.0
1623.0048739129363 0.0 0.0 0.0 1.0 0.0 0.0 8.0 0.0
1624.0048739129363 0.0 0.0 0.0 1.0 0.0 0.0 8.0 0.0
1625.0048739129363 0.0 0.0 0.0 1.0 0.0 0.0 8.0 0.0
1626.0048739129363 0.0 0.0 0.0 1.0 0.0 0.0 8.0 0.0
1627.0048739129363 0.0 0.0 0.0 1.0 0.0 0.0 8.0 0.0
1628.0048739129363 0.0 0.0 0.0 1.0 0.0 0.0 8.0 0.0
1629.0048739129363 0.0 0.0 0.0 1.0 0.0 0.0 8.0 0.0
1630.0042799246917 0.0 0.0 0.0 1.0 0.0 0.0 8.0 0.0
1631.0048739129363 0.0 0.0 0.0 1.0 0.0 0.0 8.0 0.0
1632.001037218606 0.0 0.0 0.0 1.0 0.0 0.0 8.0 0.0
1633.0048739129363 0.0 0.0 0.0 1.0 0.0 0.0 8.0 0.0
1634.0048739129363 0.0 0.0 0.0 1.0 0.0 0.0 8.0 0.0
1635.000882137224 0.0 0.0 0.0 1.0 0.0 0.0 8.0 0.0
1636.0002613178444 0.0 0.0 0.0 1.0 0.0 0.0 8.0 0.0
1637.0048739129363 0.0 0.0 0.0 1.0 0.0 0.0 8.0 0.0
1638.0048739129363 0.0 0.0 0.0 1.0 0.0 0.0 8.0 0.0
1639.0048739129363 0.0 0.0 0.0 1.0 0.0 0.0 8.0 0.0
1640.0048739129363 0.0 0.0 0.0 1.0 0.0 0.0 8.0 0.0
1641.0048739129363 0.0 0.0 0.0 1.0 0.0 0.0 8.0 0.0
1642.0048739129363 0.0 0.0 0.0 1.0 0.0 0.0 8.0 0.0
1643.001463891128 0.0 0.0 0.0 1.0 0.0 0.0 8.0 0.0
1644.0048739129363 0.0 0.0 0.0 1.0 0.0 0.0 8.0 0.0
1645.0038689893674 0.0 0.0 0.0 1.0 0.0 0.0 8.0 0.0
1646.0048739129363 0.0 0.0 0.0 1.0 0.0 0.0 8.0 0.0
1647.0048739129363 0.0 0.0 0.0 1.0 0.0 0.0 8.0 0.0
1648.0048739129363 0.0 0.0 0.0 1.0 0.0 0.0 8.0 0.0
1649.0048739129363 0.0 0.0 0.0 1.0 0.0 0.0 8.0 0.0
1650.0048739129363 0.0 0.0 0.0 1.0 0.0 0.0 8.0 0.0
1651.0048739129363 0.0 0.0 0.0 1.0 0.0 0.0 8.0 0.0
1652.0048739129363 0.0 0.0 0.0 1.0 0.0 0.0 8.0 0.0
1653.0048739129363 0.0 0.0 0.0 1.0 0.0 0.0 8.0 0.0
1654.0048739129363 0.0 0.0 0.0 1.0 0.0 0.0 8.0 0.0
1655.0048739129363 0.0 0.0 0.0 1.0 0.0 0.0 8.0 0.0
1656.0048739129363 0.0 0.0 0.0 1.0 0.0 0.0 8.0 0.0
1657.0048739129363 0.0 0.0 0.0 1.0 0.0 0.0 8.0 0.0
1658.0048739129363 0.0 0.0 0.0 1.0 0.0 0.0 8.0 0.0
1659.0048739129363 0.0 0.0 0.0 1.0 0.0 0.0 8.0 0.0
1660.0048739129363 0.0 0.0 0.0 1.0 0.0 0.0 8.0 0.0
1661.003426146842 0.0 0.0 0.0 1.0 0.0 0.0 8.0 0.0
1662.0048739129363 0.0 0.0 0.0 1.0 0.0 0.0 8.0 0.0
1663.0048739129363 0.0 0.0 0.0 1.0 0.0 0.0 8.0 0.0
1664.0048739129363 0.0 0.0 0.0 1.0 0.0 0.0 8.0 0.0
1665.0048739129363 0.0 0.0 0.0 1.0 0.0 0.0 8.0 0.0
1666.0048739129363 0.0 0.0 0.0 1.0 0.0 0.0 8.0 0.0
1667.0048739129363 0.0 0.0 0.0 1.0 0.0 0.0 8.0 0.0
1668.0048739129363 0.0 0.0 0.0 1.0 0.0 0.0 8.0 0.0
1669.0048739129363 0.0 0.0 0.0 1.0 0.0 0.0 8.0 0.0
1670.0048739129363 0.0 0.0 0.0 1.0 0.0 0.0 8.0 0.0
1671.0048739129363 0.0 0.0 0.0 1.0 0.0 0.0 8.0 0.0
1672.0048739129363 0.0 0.0 0.0 1.0 0.0 0.0 8.0 0.0
1673.0048739129363 0.0 0.0 0.0 1.0 0.0 0.0 8.0 0.0
1674.0004368609234 0.0 0.0 0.0 1.0 0.0 0.0 8.0 0.0
1675.0048739129363 0.0 0.0 0.0 1.0 0.0 0.0 8.0 0.0
1676.0048739129363 0.0 0.0 0.0 1.0 0.0 0.0 8.0 0.0
1677.0011932759155 0.0 0.0 0.0 1.0 0.0 0.0 8.0 0.0
1678.0048739129363 0.0 0.0 0.0 1.0 0.0 0.0 8.0 0.0
1679.0048739129363 0.0 0.0 0.0 1.0 0.0 0.0 8.0 0.0
1680.0048739129363 0.0 0.0 0.0 1.0 0.0 0.0 8.0 0.0
1681.0022641176138 0.0 0.0 0.0 1.0 0.0 0.0 8.0 0.0
1682.0048739129363 0.0 0.0 0.0 1.0 0.0 0.0 8.0 0.0
1683.0048739129363 0.0 0.0 0.0 1.0 0.0 0.0 8.0 0.0
1684.0048739129363 0.0 0.0 0.0 1.0 0.0 0.0 8.0 0.0
1685.0048739129363 0.0 0.0 0.0 1.0 0.0 0.0 8.0 0.0
1686.0048739129363 0.0 0.0 0.0 1.0 0.0 0.0 8.0 0.0
1687.0030024179207 0.0 0.0 0.0 1.0 0.0 0.0 8.0 0.0
1688.0048739129363 0.0 0.0 0.0 1.0 0.0 0.0 8.0 0.0
1689.0014732688262 0.0 0.0 0.0 1.0 0.0 0.0 8.0 0.0
1690.0048739129363 0.0 0.0 0.0 1.0 0.0 0.0 8.0 0.0
1691.0048739129363 0.0 0.0 0.0 1.0 0.0 0.0 8.0 0.0
1692.0048739129363 0.0 0.0 0.0 1.0 0.0 0.0 8.0 0.0
1693.0048739129363 0.0 0.0 0.0 1.0 0.0 0.0 8.0 0.0
1694.0048739129363 0.0 0.0 0.0 1.0 0.0 0.0 8.0 0.0
1695.0048739129363 0.0 0.0 0.0 1.0 0.0 0.0 8.0 0.0
1696.0048739129363 0.0 0.0 0.0 1.0 0.0 0.0 8.0 0.0
1697.0004854683423 0.0 0.0 0.0 1.0 0.0 0.0 8.0 0.0
1698.0048739129363 0.0 0.0 0.0 1.0 0.0 0.0 8.0 0.0
1699.0048739129363 0.0 0.0 0.0 1.0 0.0 0.0 8.0 0.0
1700.0048739129363 0.0 0.0 0.0 1.0 0.0 0.0 8.0 0.0
1701.0026388638207 0.0 0.0 0.0 1.0 0.0 0.0 8.0 0.0
1702.0021945035558 0.0 0.0 0.0 1.0 0.0 0.0 8.0 0.0
1703.0048739129363 0.0 0.0 0.0 1.0 0.0 0.0 8.0 0.0
1704.0048739129363 0.0 0.0 0.0 1.0 0.0 0.0 8.0 0.0
1705.0048739129363 0.0 0.0 0.0 1.0 0.0 0.0 8.0 0.0
1706.0048739129363 0.0 0.0 0.0 1.0 0.0 0.0 8.0 0.0
1707.0048739129363 0.0 0.0 0.0 1.0 0.0 0.0 8.0 0.0
1708.0005708223896 0.0 0.0 0.0 1.0 0.0 0.0 8.0 0.0
1709.0048739129363 0.0 0.0 0.0 1.0 0.0 0.0 8.0 0.0
1710.0030170247226 0.0 0.0 0.0 1.0 0.0 0.0 8.0 0.0
1711.0048739129363 0.0 0.0 0.0 1.0 0.0 0.0 8.0 0.0
1712.0015680370482 0.0 0.0 0.0 1.0 0.0 0.0 8.0 0.0
1713.0048739129363 0.0 0.0 0.0 1.0 0.0 0.0 8.0 0.0
1714.0048739129363 0.0 0.0 0.0 1.0 0.0 0.0 8.0 0.0
1715.0048739129363 0.0 0.0 0.0 1.0 0.0 0.0 8.0 0.0
1716.0048739129363 0.0 0.0 0.0 1.0 0.0 0.0 8.0 0.0
1717.0044476613573 0.0 0.0 0.0 1.0 0.0 0.0 8.0 0.0
1718.0041123098363 0.0 0.0 0.0 1.0 0.0 0.0 8.0 0.0
1719.0048739129363 0.0 0.0 0.0 1.0 0.0 0.0 8.0 0.0
1720.0048739129363 0.0 0.0 0.0 1.0 0.0 0.0 8.0 0.0
1721.0048739129363 0.0 0.0 0.0 1.0 0.0 0.0 8.0 0.0
1722.0048739129363 0.0 0.0 0.0 1.0 0.0 0.0 8.0 0.0
1723.0048739129363 0.0 0.0 0.0 1.0 0.0 0.0 8.0 0.0
1724.0014098795693 0.0 0.0 0.0 1.0 0.0 0.0 8.0 0.0
1725.0048739129363 0.0 0.0 0.0 1.0 0.0 0.0 8.0 0.0
1726.0048739129363 0.0 0.0 0.0 1.0 0.0 0.0 8.0 0.0
1727.0025553803641 0.0 0.0 0.0 1.0 0.0 0.0 8.0 0.0
1728.0048739129363 0.0 0.0 0.0 1.0 0.0 0.0 8.0 0.0
1729.0048739129363 0.0 0.0 0.0 1.0 0.0 0.0 8.0 0.0
1730.0048739129363 0.0 0.0 0.0 1.0 0.0 0.0 8.0 0.0
1731.0048739129363 0.0 0.0 0.0 1.0 0.0 0.0 8.0 0.0
1732.0028813210029 0.0 0.0 0.0 1.0 0.0 0.0 8.0 0.0
1733.0048739129363 0.0 0.0 0.0 1.0 0.0 0.0 8.0 0.0
1734.0048739129363 0.0 0.0 0.0 1.0 0.0 0.0 8.0 0.0
1735.0048739129363 0.0 0.0 0.0 1.0 0.0 0.0 8.0 0.0
1736.0043025382683 0.0 0.0 0.0 1.0 0.0 0.0 8.0 0.0
1737.0048739129363 0.0 0.0 0.0 1.0 0.0 0.0 8.0 0.0
1738.0048739129363 0.0 0.0 0.0 1.0 0.0 0.0 8.0 0.0
1739.0048739129363 0.0 0.0 0.0 1.0 0.0 0.0 8.0 0.0
1740.0016863938386 0.0 0.0 0.0 1.0 0.0 0.0 8.0 0.0
1741.0048739129363 0.0 0.0 0.0 1.0 0.0 0.0 8.0 0.0
1742.0011499259779 0.0 0.0 0.0 1.0 0.0 0.0 8.0 0.0
1743.002924194047 0.0 0.0 0.0 1.0 0.0 0.0 8.0 0.0
1744.0048739129363 0.0 0.0 0.0 1.0 0.0 0.0 8.0 0.0
1745.0048739129363 0.0 0.0 0.0 1.0 0.0 0.0 8.0 0.0
1746.0048739129363 0.0 0.0 0.0 1.0 0.0 0.0 8.0 0.0
1747.0048739129363 0.0 0.0 0.0 1.0 0.0 0.0 8.0 0.0
1748.0048739129363 0.0 0.0 0.0 1.0 0.0 0.0 8.0 0.0
1749.0048739129363 0.0 0.0 0.0 1.0 0.0 0.0 8.0 0.0
1750.0048739129363 0.0 0.0 0.0 1.0 0.0 0.0 8.0 0.0
1751.0048739129363 0.0 0.0 0.0 1.0 0.0 0.0 8.0 0.0
1752.0048739129363 0.0 0.0 0.0 1.0 0.0 0.0 8.0 0.0
1753.0048739129363 0.0 0.0 0.0 1.0 0.0 0.0 8.0 0.0
1754.0048739129363 0.0 0.0 0.0 1.0 0.0 0.0 8.0 0.0
1755.0048739129363 0.0 0.0 0.0 1.0 0.0 0.0 8.0 0.0
1756.0048739129363 0.0 0.0 0.0 1.0 0.0 0.0 8.0 0.0
1757.0013038804675 0.0 0.0 0.0 1.0 0.0 0.0 8.0 0.0
1758.0048739129363 0.0 0.0 0.0 1.0 0.0 0.0 8.0 0.0
1759.0021486540272 0.0 0.0 0.0 1.0 0.0 0.0 8.0 0.0
1760.0048739129363 0.0 0.0 0.0 1.0 0.0 0.0 8.0 0.0
1761.0048739129363 0.0 0.0 0.0 1.0 0.0 0.0 8.0 0.0
1762.0048739129363 0.0 0.0 0.0 1.0 0.0 0.0 8.0 0.0
1763.0048739129363 0.0 0.0 0.0 1.0 0.0 0.0 8.0 0.0
1764.0048739129363 0.0 0.0 0.0 1.0 0.0 0.0 8.0 0.0
1765.0048739129363 0.0 0.0 0.0 1.0 0.0 0.0 8.0 0.0
1766.0048739129363 0.0 0.0 0.0 1.0 0.0 0.0 8.0 0.0
1767.0048739129363 0.0 0.0 0.0 1.0 0.0 0.0 8.0 0.0
1768.0048739129363 0.0 0.0 0.0 1.0 0.0 0.0 8.0 0.0
1769.0048739129363 0.0 0.0 0.0 1.0 0.0 0.0 8.0 0.0
1770.0048739129363 0.0 0.0 0.0 1.0 0.0 0.0 8.0 0.0
1771.0048739129363 0.0 0.0 0.0 1.0 0.0 0.0 8.0 0.0
1772.0048739129363 0.0 0.0 0.0 1.0 0.0 0.0 8.0 0.0
1773.0048739129363 0.0 0.0 0.0 1.0 0.0 0.0 8.0 0.0
1774.0048739129363 0.0 0.0 0.0 1.0 0.0 0.0 8.0 0.0
1775.0048739129363 0.0 0.0 0.0 1.0 0.0 0.0 8.0 0.0
1776.0048739129363 0.0 0.0 0.0 1.0 0.0 0.0 8.0 0.0
1777.0048739129363 0.0 0.0 0.0 1.0 0.0 0.0 8.0 0.0
1778.0048739129363 0.0 0.0 0.0 1.0 0.0 0.0 8.0 0.0
1779.0048739129363 0.0 0.0 0.0 1.0 0.0 0.0 8.0 0.0
1780.0048739129363 0.0 0.0 0.0 1.0 0.0 0.0 8.0 0.0
1781.0048739129363 0.0 0.0 0.0 1.0 0.0 0.0 8.0 0.0
1782.0048739129363 0.0 0.0 0.0 1.0 0.0 0.0 8.0 0.0
1783.0048739129363 0.0 0.0 0.0 1.0 0.0 0.0 8.0 0.0
1784.0048739129363 0.0 0.0 0.0 1.0 0.0 0.0 8.0 0.0
1785.0048739129363 0.0 0.0 0.0 1.0 0.0 0.0 8.0 0.0
1786.0048739129363 0.0 0.0 0.0 1.0 0.0 0.0 8.0 0.0
1787.0048739129363 0.0 0.0 0.0 1.0 0.0 0.0 8.0 0.0
1788.0048739129363 0.0 0.0 0.0 1.0 0.0 0.0 8.0 0.0
1789.0048739129363 0.0 0.0 0.0 1.0 0.0 0.0 8.0 0.0
1790.0048739129363 0.0 0.0 0.0 1.0 0.0 0.0 8.0 0.0
1791.0048739129363 0.0 0.0 0.0 1.0 0.0 0.0 8.0 0.0
1792.0048739129363 0.0 0.0 0.0 1.0 0.0 0.0 8.0 0.0
1793.0048739129363 0.0 0.0 0.0 1.0 0.0 0.0 8.0 0.0
1794.0048739129363 0.0 0.0 0.0 1.0 0.0 0.0 8.0 0.0
1795.0048739129363 0.0 0.0 0.0 1.0 0.0 0.0 8.0 0.0
1796.0048739129363 0.0 0.0 0.0 1.0 0.0 0.0 8.0 0.0
1797.0048739129363 0.0 0.0 0.0 1.0 0.0 0.0 8.0 0.0
1798.0048739129363 0.0 0.0 0.0 1.0 0.0 0.0 8.0 0.0
1799.0048739129363 0.0 0.0 0.0 1.0 0.0 0.0 8.0 0.0
1800.0048739129363 0.0 0.0 0.0 1.0 0.0 0.0 7.925 0.0
1801.0048739129363 0.0 0.0 0.0 1.0 0.0 0.0 7.4 0.0
1802.0048739129363 0.0 0.0 0.0 1.0 0.0 0.0 6.725 0.0
1803.0048739129363 0.0 0.0 0.0 1.0 0.0 0.0 6.05 0.0
1804.0048739129363 0.0 0.0 0.0 1.0 0.0 0.0 6.0 0.0
1805.0048739129363 0.0 0.0 0.0 1.0 0.0 0.0 6.0 0.0
1806.0033995056324 0.0 0.0 0.0 1.0 0.0 0.0 6.0 0.0
1807.0048739129363 0.0 0.0 0.0 1.0 0.0 0.0 6.0 0.0
1808.0048739129363 0.0 0.0 0.0 1.0 0.0 0.0 6.0 0.0
1809.0048739129363 0.0 0.0 0.0 1.0 0.0 0.0 6.0 0.0
1810.0048739129363 0.0 0.0 0.0 1.0 0.0 0.0 6.0 0.0
1811.0048739129363 0.0 0.0 0.0 1.0 0.0 0.0 6.0 0.0
1812.0048739129363 0.0 0.0 0.0 1.0 0.0 0.0 6.0 0.0
1813.0048739129363 0.0 0.0 0.0 1.0 0.0 0.0 6.0 0.0
1814.0048739129363 0.0 0.0 0.0 1.0 0.0 0.0 6.0 0.0
1815.0048739129363 0.0 0.0 0.0 1.0 0.0 0.0 6.0 0.0
1816.0048739129363 0.0 0.0 0.0 1.0 0.0 0.0 6.0 0.0
1817.0048739129363 0.0 0.0 0.0 1.0 0.0 0.0 6.0 0.0
1818.0048739129363 0.0 0.0 0.0 1.0 0.0 0.0 6.0 0.0
1819.0048739129363 0.0 0.0 0.0 1.0 0.0 0.0 6.0 0.0
1820.0048739129363 0.0 0.0 0.0 1.0 0.0 0.0 6.0 0.0
1821.0048739129363 0.0 0.0 0.0 1.0 0.0 0.0 6.0 0.0
1822.0048739129363 0.0 0.0 0.0 1.0 0.0 0.0 6.0 0.0
1823.0048739129363 0.0 0.0 0.0 1.0 0.0 0.0 6.0 0.0
1824.0029444241652 0.0 0.0 0.0 1.0 0.0 0.0 6.0 0.0
1825.0048739129363 0.0 0.0 0.0 1.0 0.0 0.0 6.0 0.0
1826.0048739129363 0.0 0.0 0.0 1.0 0.0 0.0 6.0 0.0
1827.0048739129363 0.0 0.0 0.0 1.0 0.0 0.0 6.0 0.0
1828.0048739129363 0.0 0.0 0.0 1.0 0.0 0.0 6.0 0.0
1829.000240052201 0.0 0.0 0.0 1.0 0.0 0.0 6.0 0.0
1830.0048739129363 0.0 0.0 0.0 1.0 0.0 0.0 6.0 0.0
1831.0048739129363 0.0 0.0 0.0 1.0 0.0 0.0 6.0 0.0
1832.003737039164 0.0 0.0 0.0 1.0 0.0 0.0 6.0 0.0
1833.0048739129363 0.0 0.0 0.0 1.0 0.0 0.0 6.0 0.0
1834.0048739129363 0.0 0.0 0.0 1.0 0.0 0.0 6.0 0.0
1835.0048739129363 0.0 0.0 0.0 1.0 0.0 0.0 6.0 0.0
1836.0048739129363 0.0 0.0 0.0 1.0 0.0 0.0 6.0 0.0
1837.0048739129363 0.0 0.0 0.0 1.0 0.0 0.0 6.0 0.0
1838.0048739129363 0.0 0.0 0.0 1.0 0.0 0.0 6.0 0.0
1839.0048739129363 0.0 0.0 0.0 1.0 0.0 0.0 6.0 0.0
1840.0048739129363 0.0 0.0 0.0 1.0 0.0 0.0 6.0 0.0
1841.0048739129363 0.0 0.0 0.0 1.0 0.0 0.0 6.0 0.0
1842.0048739129363 0.0 0.0 0.0 1.0 0.0 0.0 6.0 0.0
1843.0048739129363 0.0 0.0 0.0 1.0 0.0 0.0 6.0 0.0
1844.0048739129363 0.0 0.0 0.0 1.0 0.0 0.0 6.0 0.0
1845.0048739129363 0.0 0.0 0.0 1.0 0.0 0.0 6.0 0.0
1846.0048739129363 0.0 0.0 0.0 1.0 0.0 0.0 6.0 0.0
1847.0048739129363 0.0 0.0 0.0 1.0 0.0 0.0 6.0 0.0
1848.0048739129363 0.0 0.0 0.0 1.0 0.0 0.0 6.0 0.0
1849.0048739129363 0.0 0.0 0.0 1.0 0.0 0.0 6.0 0.0
1850.0048739129363 0.0 0.0 0.0 1.0 0.0 0.0 6.0 0.0
1851.0048739129363 0.0 0.0 0.0 1.0 0.0 0.0 6.0 0.0
1852.0048739129363 0.0 0.0 0.0 1.0 0.0 0.0 6.0 0.0
1853.0048739129363 0.0 0.0 0.0 1.0 0.0 0.0 6.0 0.0
1854.0048739129363 0.0 0.0 0.0 1.0 0.0 0.0 6.0 0.0
1855.0048739129363 0.0 0.0 0.0 1.0 0.0 0.0 6.0 0.0
1856.0020478766842 0.0 0.0 0.0 1.0 0.0 0.0 6.0 0.0
1857.0048739129363 0.0 0.0 0.0 1.0 0.0 0.0 6.0 0.0
1858.0004837272886 0.0 0.0 0.0 1.0 0.0 0.0 6.0 0.0
1859.0048739129363 0.0 0.0 0.0 1.0 0.0 0.0 6.0 0.0
1860.000514755075 0.0 0.0 0.0 1.0 0.0 0.0 6.0 0.0
1861.0048139273636 0.0 0.0 0.0 1.0 0.0 0.0 6.0 0.0
1862.0048739129363 0.0 0.0 0.0 1.0 0.0 0.0 6.0 0.0
1863.0005710346568 0.0 0.0 0.0 1.0 0.0 0.0 6.0 0.0
1864.0048739129363 0.0 0.0 0.0 1.0 0.0 0.0 6.0 0.0
1865.0048739129363 0.0 0.0 0.0 1.0 0.0 0.0 6.0 0.0
1866.0012578994683 0.0 0.0 0.0 1.0 0.0 0.0 6.0 0.0
1867.0048739129363 0.0 0.0 0.0 1.0 0.0 0.0 6.0 0.0
1868.0048739129363 0.0 0.0 0.0 1.0 0.0 0.0 6.0 0.0
1869.0048739129363 0.0 0.0 0.0 1.0 0.0 0.0 6.0 0.0
1870.0048739129363 0.0 0.0 0.0 1.0 0.0 0.0 6.0 0.0
1871.0048739129363 0.0 0.0 0.0 1.0 0.0 0.0 6.0 0.0
1872.0048739129363 0.0 0.0 0.0 1.0 0.0 0.0 6.0 0.0
1873.0048739129363 0.0 0.0 0.0 1.0 0.0 0.0 6.0 0.0
1874.0048739129363 0.0 0.0 0.0 1.0 0.0 0.0 6.0 0.0
1875.0048739129363 0.0 0.0 0.0 1.0 0.0 0.0 6.0 0.0
1876.0048739129363 0.0 0.0 0.0 1.0 0.0 0.0 6.0 0.0
1877.0048739129363 0.0 0.0 0.0 1.0 0.0 0.0 6.0 0.0
1878.0048739129363 0.0 0.0 0.0 1.0 0.0 0.0 6.0 0.0
1879.0048739129363 0.0 0.0 0.0 1.0 0.0 0.0 6.0 0.0
1880.0048739129363 0.0 0.0 0.0 1.0 0.0 0.0 6.0 0.0
1881.0048739129363 0.0 0.0 0.0 1.0 0.0 0.0 6.0 0.0
1882.0012845166075 0.0 0.0 0.0 1.0 0.0 0.0 6.0 0.0
1883.0048739129363 0.0 0.0 0.0 1.0 0.0 0.0 6.0 0.0
1884.0048739129363 0.0 0.0 0.0 1.0 0.0 0.0 6.0 0.0
1885.0048739129363 0.0 0.0 0.0 1.0 0.0 0.0 6.0 0.0
1886.0048739129363 0.0 0.0 0.0 1.0 0.0 0.0 6.0 0.0
1887.0048739129363 0.0 0.0 0.0 1.0 0.0 0.0 6.0 0.0
1888.0048739129363 0.0 0.0 0.0 1.0 0.0 0.0 6.0 0.0
1889.0048739129363 0.0 0.0 0.0 1.0 0.0 0.0 6.0 0.0
1890.0048739129363 0.0 0.0 0.0 1.0 0.0 0.0 6.0 0.0
1891.0048739129363 0.0 0.0 0.0 1.0 0.0 0.0 6.0 0.0
1892.0048739129363 0.0 0.0 0.0 1.0 0.0 0.0 6.0 0.0
1893.0008954314103 0.0 0.0 0.0 1.0 0.0 0.0 6.0 0.0
1894.0048739129363 0.0 0.0 0.0 1.0 0.0 0.0 6.0 0.0
1895.0048739129363 0.0 0.0 0.0 1.0 0.0 0.0 6.0 0.0
1896.0048739129363 0.0 0.0 0.0 1.0 0.0 0.0 6.0 0.0
1897.0048739129363 0.0 0.0 0.0 1.0 0.0 0.0 6.0 0.0
1898.0047382414934 0.0 0.0 0.0 1.0 0.0 0.0 6.0 0.0
1899.0048739129363 0.0 0.0 0.0 1.0 0.0 0.0 6.0 0.0
1900.0048739129363 0.0 0.0 0.0 1.0 0.0 0.0 6.0 0.0
1901.0048739129363 0.0 0.0 0.0 1.0 0.0 0.0 6.0 0.0
1902.0028724285664 0.0 0.0 0.0 1.0 0.0 0.0 6.0 0.0
1903.0048739129363 0.0 0.0 0.0 1.0 0.0 0.0 6.0 0.0
1904.0048739129363 0.0 0.0 0.0 1.0 0.0 0.0 6.0 0.0
1905.0048739129363 0.0 0.0 0.0 1.0 0.0 0.0 6.0 0.0
1906.0040313764566 0.0 0.0 0.0 1.0 0.0 0.0 6.0 0.0
1907.0003098349182 0.0 0.0 0.0 1.0 0.0 0.0 6.0 0.0
1908.0048739129363 0.0 0.0 0.0 1.0 0.0 0.0 6.0 0.0
1909.0048739129363 0.0 0.0 0.0 1.0 0.0 0.0 6.0 0.0
1910.0048739129363 0.0 0.0 0.0 1.0 0.0 0.0 6.0 0.0
1911.0048739129363 0.0 0.0 0.0 1.0 0.0 0.0 6.0 0.0
1912.0048739129363 0.0 0.0 0.0 1.0 0.0 0.0 6.0 0.0
1913.0048739129363 0.0 0.0 0.0 1.0 0.0 0.0 6.0 0.0
1914.0048739129363 0.0 0.0 0.0 1.0 0.0 0.0 6.0 0.0
1915.0004918350753 0.0 0.0 0.0 1.0 0.0 0.0 6.0 0.0
1916.0048739129363 0.0 0.0 0.0 1.0 0.0 0.0 6.0 0.0
1917.0048739129363 0.0 0.0 0.0 1.0 0.0 0.0 6.0 0.0
1918.0048739129363 0.0 0.0 0.0 1.0 0.0 0.0 6.0 0.0
1919.0048739129363 0.0 0.0 0.0 1.0 0.0 0.0 6.0 0.0
1920.0048739129363 0.0 0.0 0.0 1.0 0.0 0.0 6.0 0.0
1921.0048739129363 0.0 0.0 0.0 1.0 0.0 0.0 6.0 0.0
1922.001076190037 0.0 0.0 0.0 1.0 0.0 0.0 6.0 0.0
1923.0048739129363 0.0 0.0 0.0 1.0 0.0 0.0 6.0 0.0
1924.0048739129363 0.0 0.0 0.0 1.0 0.0 0.0 6.0 0.0
1925.0048739129363 0.0 0.0 0.0 1.0 0.0 0.0 6.0 0.0
1926.0048739129363 0.0 0.0 0.0 1.0 0.0 0.0 6.0 0.0
1927.0048739129363 0.0 0.0 0.0 1.0 0.0 0.0 6.0 0.0
1928.0013505049885 0.0 0.0 0.0 1.0 0.0 0.0 6.0 0.0
1929.0048739129363 0.0 0.0 0.0 1.0 0.0 0.0 6.0 0.0
1930.0017838758645 0.0 0.0 0.0 1.0 0.0 0.0 6.0 0.0
1931.0048739129363 0.0 0.0 0.0 1.0 0.0 0.0 6.0 0.0
1932.0048739129363 0.0 0.0 0.0 1.0 0.0 0.0 6.0 0.0
1933.0048739129363 0.0 0.0 0.0 1.0 0.0 0.0 6.0 0.0
1934.0048739129363 0.0 0.0 0.0 1.0 0.0 0.0 6.0 0.0
1935.0048739129363 0.0 0.0 0.0 1.0 0.0 0.0 6.0 0.0
1936.0048739129363 0.0 0.0 0.0 1.0 0.0 0.0 6.0 0.0
1937.0048739129363 0.0 0.0 0.0 1.0 0.0 0.0 6.0 0.0
1938.0048739129363 0.0 0.0 0.0 1.0 0.0 0.0 6.0 0.0
1939.0048739129363 0.0 0.0 0.0 1.0 0.0 0.0 6.0 0.0
1940.0048739129363 0.0 0.0 0.0 1.0 0.0 0.0 6.0 0.0
1941.0048739129363 0.0 0.0 0.0 1.0 0.0 0.0 6.0 0.0
1942.0043818611166 0.0 0.0 0.0 1.0 0.0 0.0 6.0 0.0
1943.0048739129363 0.0 0.0 0.0 1.0 0.0 0.0 6.0 0.0
1944.0048739129363 0.0 0.0 0.0 1.0 0.0 0.0 6.0 0.0
1945.0048739129363 0.0 0.0 0.0 1.0 0.0 0.0 6.0 0.0
1946.0048739129363 0.0 0.0 0.0 1.0 0.0 0.0 6.0 0.0
1947.0048739129363 0.0 0.0 0.0 1.0 0.0 0.0 6.0 0.0
1948.0048739129363 0.0 0.0 0.0 1.0 0.0 0.0 6.0 0.0
1949.0048739129363 0.0 0.0 0.0 1.0 0.0 0.0 6.0 0.0
1950.0048739129363 0.0 0.0 0.0 1.0 0.0 0.0 6.0 0.0
1951.0048739129363 0.0 0.0 0.0 1.0 0.0 0.0 6.0 0.0
1952.0040522933332 0.0 0.0 0.0 1.0 0.0 0.0 6.0 0.0
1953.0048739129363 0.0 0.0 0.0 1.0 0.0 0.0 6.0 0.0
1954.0048739129363 0.0 0.0 0.0 1.0 0.0 0.0 6.0 0.0
1955.0041171088794 0.0 0.0 0.0 1.0 0.0 0.0 6.0 0.0
1956.0048739129363 0.0 0.0 0.0 1.0 0.0 0.0 6.0 0.0
1957.0048739129363 0.0 0.0 0.0 1.0 0.0 0.0 6.0 0.0
1958.0048739129363 0.0 0.0 0.0 1.0 0.0 0.0 6.0 0.0
1959.000833884311 0.0 0.0 0.0 1.0 0.0 0.0 6.0 0.0
1960.0048739129363 0.0 0.0 0.0 1.0 0.0 0.0 6.0 0.0
1961.0048739129363 0.0 0.0 0.0 1.0 0.0 0.0 6.0 0.0
1962.0048739129363 0.0 0.0 0.0 1.0 0.0 0.0 6.0 0.0
1963.0048739129363 0.0 0.0 0.0 1.0 0.0 0.0 6.0 0.0
1964.0000792083438 0.0 0.0 0.0 1.0 0.0 0.0 6.0 0.0
1965.0048739129363 0.0 0.0 0.0 1.0 0.0 0.0 6.0 0.0
1966.0048739129363 0.0 0.0 0.0 1.0 0.0 0.0 6.0 0.0
1967.0048739129363 0.0 0.0 0.0 1.0 0.0 0.0 6.0 0.0
1968.0048739129363 0.0 0.0 0.0 1.0 0.0 0.0 6.0 0.0
1969.0048739129363 0.0 0.0 0.0 1.0 0.0 0.0 6.0 0.0
1970.0048739129363 0.0 0.0 0.0 1.0 0.0 0.0 6.0 0.0
1971.0048739129363 0.0 0.0 0.0 1.0 0.0 0.0 6.0 0.0
1972.0048739129363 0.0 0.0 0.0 1.0 0.0 0.0 6.0 0.0
1973.0048739129363 0.0 0.0 0.0 1.0 0.0 0.0 6.0 0.0
1974.0016571004114 0.0 0.0 0.0 1.0 0.0 0.0 6.0 0.0
1975.0048700698042 0.0 0.0 0.0 1.0 0.0 0.0 6.0 0.0
1976.0048739129363 0.0 0.0 0.0 1.0 0.0 0.0 6.0 0.0
1977.0048739129363 0.0 0.0 0.0 1.0 0.0 0.0 6.0 0.0
1978.0048739129363 0.0 0.0 0.0 1.0 0.0 0.0 6.0 0.0
1979.0048739129363 0.0 0.0 0.0 1.0 0.0 0.0 6.0 0.0
1980.0048739129363 0.0 0.0 0.0 1.0 0.0 0.0 6.0 0.0
1981.0048739129363 0.0 0.0 0.0 1.0 0.0 0.0 6.0 0.0
1982.0048739129363 0.0 0.0 0.0 1.0 0.0 0.0 6.0 0.0
1983.0030669710707 0.0 0.0 0.0 1.0 0.0 0.0 6.0 0.0
1984.0048739129363 0.0 0.0 0.0 1.0 0.0 0.0 6.0 0.0
1985.0048739129363 0.0 0.0 0.0 1.0 0.0 0.0 6.0 0.0
1986.0048739129363 0.0 0.0 0.0 1.0 0.0 0.0 6.0 0.0
1987.004283775438 0.0 0.0 0.0 1.0 0.0 0.0 6.0 0.0
1988.0048739129363 0.0 0.0 0.0 1.0 0.0 0.0 6.0 0.0
1989.0037002549138 0.0 0.0 0.0 1.0 0.0 0.0 6.0 0.0
1990.0048739129363 0.0 0.0 0.0 1.0 0.0 0.0 6.0 0.0
1991.0048739129363 0.0 0.0 0.0 1.0 0.0 0.0 6.0 0.0
1992.0048739129363 0.0 0.0 0.0 1.0 0.0 0.0 6.0 0.0
1993.000507805757 0.0 0.0 0.0 1.0 0.0 0.0 6.0 0.0
1994.0048739129363 0.0 0.0 0.0 1.0 0.0 0.0 6.0 0.0
1995.0048739129363 0.0 0.0 0.0 1.0 0.0 0.0 6.0 0.0
1996.0048739129363 0.0 0.0 0.0 1.0 0.0 0.0 6.0 0.0
1997.0048739129363 0.0 0.0 0.0 1.0 0.0 0.0 6.0 0.0
1998.0048739129363 0.0 0.0 0.0 1.0 0.0 0.0 6.0 0.0
1999.0048739129363 0.0 0.0 0.0 1.0 0.0 0.0 6.0 0.0
2000.0048739129363 0.0 0.0 0.0 1.0 0.0 0.0 6.0 0.0
2001.0024144825204 0.42499999999999993 0.0 0.0 0.575 0.0 1.0 6.0 0.4768292682926829
2002.0048739129363 0.95 0.0 0.0 0.04999999999999998 0.0 1.0 6.275 0.09268292682926829
2003.0048739129363 1.0 0.0 0.0 0.0 0.0 1.0 7.2 0.0
2004.0048739129363 1.0 0.0 0.0 0.0 0.0 1.0 7.925 0.0
2005.0048739129363 1.0 0.0 0.0 0.0 0.0 1.0 8.0 0.0
2006.0048739129363 1.0 0.0 0.0 0.0 0.0 1.0 8.0 0.0
2007.0048739129363 1.0 0.0 0.0 0.0 0.0 1.0 8.0 0.0
2008.0048739129363 1.0 0.0 0.0 0.0 0.0 1.0 8.0 0.0
2009.0048739129363 1.0 0.0 0.0 0.0 0.0 1.0 8.0 0.0
2010.0048739129363 1.0 0.0 0.0 0.0 0.0 1.0 8.0 0.0
2011.0048739129363 1.0 0.0 0.0 0.0 0.0 1.0 8.0 0.0
2012.0048739129363 1.0 0.0 0.0 0.0 0.0 1.0 8.0 0.0
2013.0048739129363 1.0 0.0 0.0 0.0 0.0 1.0 8.0 0.0
2014.0048739129363 1.0 0.0 0.0 0.0 0.0 1.0 8.0 0.0
2015.0048739129363 1.0 0.0 0.0 0.0 0.0 1.0 8.0 0.0
2016.0048739129363 1.0 0.0 0.0 0.0 0.0 1.0 8.0 0.0
2017.0048739129363 1.0 0.0 0.0 0.0 0.0 1.0 8.0 0.0
2018.0048739129363 1.0 0.0 0.0 0.0 0.0 1.0 8.0 0.0
2019.0048739129363 1.0 0.0 0.0 0.0 0.0 1.0 8.0 0.0
2020.0048739129363 1.0 0.0 0.0 0.0 0.0 1.0 8.0 0.0
2021.002295266461 1.0 0.0 0.0 0.0 0.0 1.0 8.0 0.0
2022.0048739129363 1.0 0.0 0.0 0.0 0.0 1.0 8.0 0.0
2023.0048739129363 1.0 0.0 0.0 0.0 0.0 1.0 8.0 0.0
2024.0048739129363 1.0 0.0 0.0 0.0 0.0 1.0 8.0 0.0
2025.0003706695718 1.0 0.0 0.0 0.0 0.0 1.0 8.0 0.0
2026.0048739129363 1.0 0.0 0.0 0.0 0.0 1.0 8.0 0.0
2027.0048739129363 1.0 0.0 0.0 0.0 0.0 1.0 8.0 0.0
2028.0048739129363 1.0 0.0 0.0 0.0 0.0 1.0 8.0 0.0
2029.0048739129363 1.0 0.0 0.0 0.0 0.0 1.0 8.0 0.0
2030.0048739129363 1.0 0.0 0.0 0.0 0.0 1.0 8.0 0.0
2031.0024701354994 1.0 0.0 0.0 0.0 0.0 1.0 8.0 0.0
2032.0003089104225 1.0 0.0 0.0 0.0 0.0 1.0 8.0 0.0
2033.0048739129363 1.0 0.0 0.0 0.0 0.0 1.0 8.0 0.0
2034.0048739129363 1.0 0.0 0.0 0.0 0.0 1.0 8.0 0.0
2035.0048739129363 1.0 0.0 0.0 0.0 0.0 1.0 8.0 0.0
2036.0048739129363 1.0 0.0 0.0 0.0 0.0 1.0 8.0 0.0
2037.0048739129363 1.0 0.0 0.0 0.0 0.0 1.0 8.0 0.0
2038.0048739129363 1.0 0.0 0.0 0.0 0.0 1.0 8.0 0.0
2039.0003047050739 1.0 0.0 0.0 0.0 0.0 1.0 8.0 0.0
2040.0025425466176 1.0 0.0 0.0 0.0 0.0 1.0 8.0 0.0
2041.0048739129363 1.0 0.0 0.0 0.0 0.0 1.0 8.0 0.0
2042.0048739129363 1.0 0.0 0.0 0.0 0.0 1.0 8.0 0.0
2043.0048739129363 1.0 0.0 0.0 0.0 0.0 1.0 8.0 0.0
2044.0048739129363 1.0 0.0 0.0 0.0 0.0 1.0 8.0 0.0
2045.0002828367515 1.0 0.0 0.0 0.0 0.0 1.0 8.0 0.0
2046.0048739129363 1.0 0.0 0.0 0.0 0.0 1.0 8.0 0.0
2047.0048739129363 1.0 0.0 0.0 0.0 0.0 1.0 8.0 0.0
2048.002057806325 1.0 0.0 0.0 0.0 0.0 1.0 8.0 0.0
2049.004873912936 1.0 0.0 0.0 0.0 0.0 1.0 8.0 0.0
2050.004873912936 1.0 0.0 0.0 0.0 0.0 1.0 8.0 0.0
2051.004873912936 1.0 0.0 0.0 0.0 0.0 1.0 8.0 0.0
2052.004873912936 1.0 0.0 0.0 0.0 0.0 1.0 8.0 0.0
2053.004873912936 1.0 0.0 0.0 0.0 0.0 1.0 8.0 0.0
2054.004873912936 1.0 0.0 0.0 0.0 0.0 1.0 8.0 0.0
2055.004873912936 1.0 0.0 0.0 0.0 0.0 1.0 8.0 0.0
2056.004873912936 1.0 0.0 0.0 0.0 0.0 1.0 8.0 0.0
2057.0047946281265 1.0 0.0 0.0 0.0 0.0 1.0 8.0 0.0
2058.004873912936 1.0 0.0 0.0 0.0 0.0 1.0 8.0 0.0
2059.004873912936 1.0 0.0 0.0 0.0 0.0 1.0 8.0 0.0
2060.004873912936 1.0 0.0 0.0 0.0 0.0 1.0 8.0 0.0
2061.0039906064317 1.0 0.0 0.0 0.0 0.0 1.0 8.0 0.0
2062.004873912936 1.0 0.0 0.0 0.0 0.0 1.0 8.0 0.0
2063.004873912936 1.0 0.0 0.0 0.0 0.0 1.0 8.0 0.0
2064.0021609793216 1.0 0.0 0.0 0.0 0.0 1.0 8.0 0.0
2065.004873912936 1.0 0.0 0.0 0.0 0.0 1.0 8.0 0.0
2066.004873912936 1.0 0.0 0.0 0.0 0.0 1.0 8.0 0.0
2067.004873912936 1.0 0.0 0.0 0.0 0.0 1.0 8.0 0.0
2068.004873912936 1.0 0.0 0.0 0.0 0.0 1.0 8.0 0.0
2069.004873912936 1.0 0.0 0.0 0.0 0.0 1.0 8.0 0.0
2070.004873912936 1.0 0.0 0.0 0.0 0.0 1.0 8.0 0.0
2071.004873912936 1.0 0.0 0.0 0.0 0.0 1.0 8.0 0.0
2072.004873912936 1.0 0.0 0.0 0.0 0.0 1.0 8.0 0.0
2073.004873912936 1.0 0.0 0.0 0.0 0.0 1.0 8.0 0.0
2074.004873912936 1.0 0.0 0.0 0.0 0.0 1.0 8.0 0.0
2075.0039512854755 1.0 0.0 0.0 0.0 0.0 1.0 8.0 0.0
2076.004873912936 1.0 0.0 0.0 0.0 0.0 1.0 8.0 0.0
2077.004873912936 1.0 0.0 0.0 0.0 0.0 1.0 8.0 0.0
2078.0006534767913 1.0 0.0 0.0 0.0 0.0 1.0 8.0 0.0
2079.004873912936 1.0 0.0 0.0 0.0 0.0 1.0 8.0 0.0
2080.004873912936 1.0 0.0 0.0 0.0 0.0 1.0 8.0 0.0
2081.004873912936 1.0 0.0 0.0 0.0 0.0 1.0 8.0 0.0
2082.004873912936 1.0 0.0 0.0 0.0 0.0 1.0 8.0 0.0
2083.004873912936 1.0 0.0 0.0 0.0 0.0 1.0 8.0 0.0
2084.004873912936 1.0 0.0 0.0 0.0 0.0 1.0 8.0 0.0
2085.001726308273 1.0 0.0 0.0 0.0 0.0 1.0 8.0 0.0
2086.004873912936 1.0 0.0 0.0 0.0 0.0 1.0 8.0 0.0
2087.004873912936 1.0 0.0 0.0 0.0 0.0 1.0 8.0 0.0
2088.004873912936 1.0 0.0 0.0 0.0 0.0 1.0 8.0 0.0
2089.004873912936 1.0 0.0 0.0 0.0 0.0 1.0 8.0 0.0
2090.0006768130575 1.0 0.0 0.0 0.0 0.0 1.0 8.0 0.0
2091.004873912936 1.0 0.0 0.0 0.0 0.0 1.0 8.0 0.0
2092.004873912936 1.0 0.0 0.0 0.0 0.0 1.0 8.0 0.0
2093.004873912936 1.0 0.0 0.0 0.0 0.0 1.0 8.0 0.0
2094.004873912936 1.0 0.0 0.0 0.0 0.0 1.0 8.0 0.0
2095.004873912936 1.0 0.0 0.0 0.0 0.0 1.0 8.0 0.0
2096.004873912936 1.0 0.0 0.0 0.0 0.0 1.0 8.0 0.0
2097.004873912936 1.0 0.0 0.0 0.0 0.0 1.0 8.0 0.0
2098.004873912936 1.0 0.0 0.0 0.0 0.0 1.0 8.0 0.0
2099.0037118008318 1.0 0.0 0.0 0.0 0.0 1.0 8.0 0.0
2100.004873912936 1.0 0.0 0.0 0.0 0.0 1.0 8.0 0.0
2101.004873912936 1.0 0.0 0.0 0.0 0.0 1.0 8.0 0.0
2102.0036117479744 1.0 0.0 0.0 0.0 0.0 1.0 8.0 0.0
2103.004873912936 1.0 0.0 0.0 0.0 0.0 1.0 8.0 0.0
2104.004873912936 1.0 0.0 0.0 0.0 0.0 1.0 8.0 0.0
2105.004873912936 1.0 0.0 0.0 0.0 0.0 1.0 8.0 0.0
2106.004873912936 1.0 0.0 0.0 0.0 0.0 1.0 8.0 0.0
2107.004873912936 1.0 0.0 0.0 0.0 0.0 1.0 8.0 0.0
2108.004873912936 1.0 0.0 0.0 0.0 0.0 1.0 8.0 0.0
2109.0034627343853 1.0 0.0 0.0 0.0 0.0 1.0 8.0 0.0
2110.004873912936 1.0 0.0 0.0 0.0 0.0 1.0 8.0 0.0
2111.004873912936 1.0 0.0 0.0 0.0 0.0 1.0 8.0 0.0
2112.0043693872904 1.0 0.0 0.0 0.0 0.0 1.0 8.0 0.0
2113.004873912936 1.0 0.0 0.0 0.0 0.0 1.0 8.0 0.0
2114.004873912936 1.0 0.0 0.0 0.0 0.0 1.0 8.0 0.0
2115.004873912936 1.0 0.0 0.0 0.0 0.0 1.0 8.0 0.0
2116.004873912936 1.0 0.0 0.0 0.0 0.0 1.0 8.0 0.0
2117.004873912936 1.0 0.0 0.0 0.0 0.0 1.0 8.0 0.0
2118.004873912936 1.0 0.0 0.0 0.0 0.0 1.0 8.0 0.0
2119.004873912936 1.0 0.0 0.0 0.0 0.0 1.0 8.0 0.0
2120.004873912936 1.0 0.0 0.0 0.0 0.0 1.0 8.0 0.0
2121.0005430197584 1.0 0.0 0.0 0.0 0.0 1.0 8.0 0.0
2122.004873912936 1.0 0.0 0.0 0.0 0.0 1.0 8.0 0.0
2123.004873912936 1.0 0.0 0.0 0.0 0.0 1.0 8.0 0.0
2124.004873912936 1.0 0.0 0.0 0.0 0.0 1.0 8.0 0.0
2125.004873912936 1.0 0.0 0.0 0.0 0.0 1.0 8.0 0.0
2126.004873912936 1.0 0.0 0.0 0.0 0.0 1.0 8.0 0.0
2127.004873912936 1.0 0.0 0.0 0.0 0.0 1.0 8.0 0.0
2128.004873912936 1.0 0.0 0.0 0.0 0.0 1.0 8.0 0.0
2129.004873912936 1.0 0.0 0.0 0.0 0.0 1.0 8.0 0.0
2130.004873912936 1.0 0.0 0.0 0.0 0.0 1.0 8.0 0.0
2131.004873912936 1.0 0.0 0.0 0.0 0.0 1.0 8.0 0.0
2132.004873912936 1.0 0.0 0.0 0.0 0.0 1.0 8.0 0.0
2133.004873912936 1.0 0.0 0.0 0.0 0.0 1.0 8.0 0.0
2134.004873912936 1.0 0.0 0.0 0.0 0.0 1.0 8.0 0.0
2135.004873912936 1.0 0.0 0.0 0.0 0.0 1.0 8.0 0.0
2136.004873912936 1.0 0.0 0.0 0.0 0.0 1.0 8.0 0.0
2137.004873912936 1.0 0.0 0.0 0.0 0.0 1.0 8.0 0.0
2138.004873912936 1.0 0.0 0.0 0.0 0.0 1.0 8.0 0.0
2139.004873912936 1.0 0.0 0.0 0.0 0.0 1.0 8.0 0.0
2140.004873912936 1.0 0.0 0.0 0.0 0.0 1.0 8.0 0.0
2141.004873912936 1.0 0.0 0.0 0.0 0.0 1.0 8.0 0.0
2142.004873912936 1.0 0.0 0.0 0.0 0.0 1.0 8.0 0.0
2143.0028823251296 1.0 0.0 0.0 0.0 0.0 1.0 8.0 0.0
2144.0030208241983 1.0 0.0 0.0 0.0 0.0 1.0 8.0 0.0
2145.004873912936 1.0 0.0 0.0 0.0 0.0 1.0 8.0 0.0
2146.004873912936 1.0 0.0 0.0 0.0 0.0 1.0 8.0 0.0
2147.004873912936 1.0 0.0 0.0 0.0 0.0 1.0 8.0 0.0
2148.004873912936 1.0 0.0 0.0 0.0 0.0 1.0 8.0 0.0
2149.004873912936 1.0 0.0 0.0 0.0 0.0 1.0 8.0 0.0
2150.004873912936 1.0 0.0 0.0 0.0 0.0 1.0 8.0 0.0
2151.004873912936 1.0 0.0 0.0 0.0 0.0 1.0 8.0 0.0
2152.004873912936 1.0 0.0 0.0 0.0 0.0 1.0 8.0 0.0
2153.0035763978435 1.0 0.0 0.0 0.0 0.0 1.0 8.0 0.0
2154.004873912936 1.0 0.0 0.0 0.0 0.0 1.0 8.0 0.0
2155.004873912936 1.0 0.0 0.0 0.0 0.0 1.0 8.0 0.0
2156.004873912936 1.0 0.0 0.0 0.0 0.0 1.0 8.0 0.0
2157.004873912936 1.0 0.0 0.0 0.0 0.0 1.0 8.0 0.0
2158.004873912936 1.0 0.0 0.0 0.0 0.0 1.0 8.0 0.0
2159.004873912936 1.0 0.0 0.0 0.0 0.0 1.0 8.0 0.0
2160.004873912936 1.0 0.0 0.0 0.0 0.0 1.0 8.0 0.0
2161.004873912936 1.0 0.0 0.0 0.0 0.0 1.0 8.0 0.0
2162.004873912936 1.0 0.0 0.0 0.0 0.0 1.0 8.0 0.0
2163.004873912936 1.0 0.0 0.0 0.0 0.0 1.0 8.0 0.0
2164.004873912936 1.0 0.0 0.0 0.0 0.0 1.0 8.0 0.0
2165.004873912936 1.0 0.0 0.0 0.0 0.0 1.0 8.0 0.0
2166.004873912936 1.0 0.0 0.0 0.0 0.0 1.0 8.0 0.0
2167.004873912936 1.0 0.0 0.0 0.0 0.0 1.0 8.0 0.0
2168.004873912936 1.0 0.0 0.0 0.0 0.0 1.0 8.0 0.0
2169.004873912936 1.0 0.0 0.0 0.0 0.0 1.0 8.0 0.0
2170.004873912936 1.0 0.0 0.0 0.0 0.0 1.0 8.0 0.0
2171.004873912936 1.0 0.0 0.0 0.0 0.0 1.0 8.0 0.0
2172.004873912936 1.0 0.0 0.0 0.0 0.0 1.0 8.0 0.0
2173.003472219464 1.0 0.0 0.0 0.0 0.0 1.0 8.0 0.0
2174.004873912936 1.0 0.0 0.0 0.0 0.0 1.0 8.0 0.0
2175.004873912936 1.0 0.0 0.0 0.0 0.0 1.0 8.0 0.0
2176.004873912936 1.0 0.0 0.0 0.0 0.0 1.0 8.0 0.0
2177.004873912936 1.0 0.0 0.0 0.0 0.0 1.0 8.0 0.0
2178.004873912936 1.0 0.0 0.0 0.0 0.0 1.0 8.0 0.0
2179.004873912936 1.0 0.0 0.0 0.0 0.0 1.0 8.0 0.0
2180.004873912936 1.0 0.0 0.0 0.0 0.0 1.0 8.0 0.0
2181.002369567695 1.0 0.0 0.0 0.0 0.0 1.0 8.0 0.0
2182.004873912936 1.0 0.0 0.0 0.0 0.0 1.0 8.0 0.0
2183.004873912936 1.0 0.0 0.0 0.0 0.0 1.0 8.0 0.0
2184.004873912936 1.0 0.0 0.0 0.0 0.0 1.0 8.0 0.0
2185.004873912936 1.0 0.0 0.0 0.0 0.0 1.0 8.0 0.0
2186.0009707042373 1.0 0.0 0.0 0.0 0.0 1.0 8.0 0.0
2187.004873912936 1.0 0.0 0.0 0.0 0.0 1.0 8.0 0.0
2188.004873912936 1.0 0.0 0.0 0.0 0.0 1.0 8.0 0.0
2189.004873912936 1.0 0.0 0.0 0.0 0.0 1.0 8.0 0.0
2190.004873912936 1.0 0.0 0.0 0.0 0.0 1.0 8.0 0.0
2191.004873912936 1.0 0.0 0.0 0.0 0.0 1.0 8.0 0.0
2192.004873912936 1.0 0.0 0.0 0.0 0.0 1.0 8.0 0.0
2193.004873912936 1.0 0.0 0.0 0.0 0.0 1.0 8.0 0.0
2194.0018680611684 1.0 0.0 0.0 0.0 0.0 1.0 8.0 0.0
2195.004873912936 1.0 0.0 0.0 0.0 0.0 1.0 8.0 0.0
2196.004873912936 1.0 0.0 0.0 0.0 0.0 1.0 8.0 0.0
2197.0031273518994 1.0 0.0 0.0 0.0 0.0 1.0 8.0 0.0
2198.004873912936 1.0 0.0 0.0 0.0 0.0 1.0 8.0 0.0
2199.0022151611684 1.0 0.0 0.0 0.0 0.0 1.0 8.0 0.0
2200.004873912936 1.0 0.0 0.0 0.0 0.0 1.0 8.0 0.0
2201.004873912936 1.0 0.0 0.0 0.0 0.0 1.0 8.0 0.0
2202.004873912936 1.0 0.0 0.0 0.0 0.0 1.0 8.0 0.0
2203.004873912936 1.0 0.0 0.0 0.0 0.0 1.0 8.0 0.0
2204.001478222565 1.0 0.0 0.0 0.0 0.0 1.0 8.0 0.0
2205.004873912936 1.0 0.0 0.0 0.0 0.0 1.0 8.0 0.0
2206.004873912936 1.0 0.0 0.0 0.0 0.0 1.0 8.0 0.0
2207.004873912936 1.0 0.0 0.0 0.0 0.0 1.0 8.0 0.0
2208.004873912936 1.0 0.0 0.0 0.0 0.0 1.0 8.0 0.0
2209.004873912936 1.0 0.0 0.0 0.0 0.0 1.0 8.0 0.0
2210.0023827336986 1.0 0.0 0.0 0.0 0.0 1.0 8.0 0.0
2211.004873912936 1.0 0.0 0.0 0.0 0.0 1.0 8.0 0.0
2212.004873912936 1.0 0.0 0.0 0.0 0.0 1.0 8.0 0.0
2213.004873912936 1.0 0.0 0.0 0.0 0.0 1.0 8.0 0.0
2214.00131924974 1.0 0.0 0.0 0.0 0.0 1.0 8.0 0.0
2215.004873912936 1.0 0.0 0.0 0.0 0.0 1.0 8.0 0.0
2216.004873912936 1.0 0.0 0.0 0.0 0.0 1.0 8.0 0.0
2217.004873912936 1.0 0.0 0.0 0.0 0.0 1.0 8.0 0.0
2218.004873912936 1.0 0.0 0.0 0.0 0.0 1.0 8.0 0.0
2219.004873912936 1.0 0.0 0.0 0.0 0.0 1.0 8.0 0.0
2220.003826498013 1.0 0.0 0.0 0.0 0.0 1.0 8.0 0.0
2221.004873912936 1.0 0.0 0.0 0.0 0.0 1.0 8.0 0.0
2222.004873912936 1.0 0.0 0.0 0.0 0.0 1.0 8.0 0.0
2223.004873912936 1.0 0.0 0.0 0.0 0.0 1.0 8.0 0.0
2224.004873912936 1.0 0.0 0.0 0.0 0.0 1.0 8.0 0.0
2225.004873912936 1.0 0.0 0.0 0.0 0.0 1.0 8.0 0.0
2226.004873912936 1.0 0.0 0.0 0.0 0.0 1.0 8.0 0.0
2227.004873912936 1.0 0.0 0.0 0.0 0.0 1.0 8.0 0.0
2228.004873912936 1.0 0.0 0.0 0.0 0.0 1.0 8.0 0.0
2229.004873912936 1.0 0.0 0.0 0.0 0.0 1.0 8.0 0.0
2230.004873912936 1.0 0.0 0.0 0.0 0.0 1.0 8.0 0.0
2231.004873912936 1.0 0.0 0.0 0.0 0.0 1.0 8.0 0.0
2232.004873912936 1.0 0.0 0.0 0.0 0.0 1.0 8.0 0.0
2233.004873912936 1.0 0.0 0.0 0.0 0.0 1.0 8.0 0.0
2234.004873912936 1.0 0.0 0.0 0.0 0.0 1.0 8.0 0.0
2235.004873912936 1.0 0.0 0.0 0.0 0.0 1.0 8.0 0.0
2236.004873912936 1.0 0.0 0.0 0.0 0.0 1.0 8.0 0.0
2237.004873912936 1.0 0.0 0.0 0.0 0.0 1.0 8.0 0.0
2238.004873912936 1.0 0.0 0.0 0.0 0.0 1.0 8.0 0.0
2239.004873912936 1.0 0.0 0.0 0.0 0.0 1.0 8.0 0.0
2240.004873912936 1.0 0.0 0.0 0.0 0.0 1.0 8.0 0.0
2241.0006473165254 1.0 0.0 0.0 0.0 0.0 1.0 8.0 0.0
2242.004873912936 1.0 0.0 0.0 0.0 0.0 1.0 8.0 0.0
2243.004873912936 1.0 0.0 0.0 0.0 0.0 1.0 8.0 0.0
2244.004873912936 1.0 0.0 0.0 0.0 0.0 1.0 8.0 0.0
2245.004873912936 1.0 0.0 0.0 0.0 0.0 1.0 8.0 0.0
2246.004873912936 1.0 0.0 0.0 0.0 0.0 1.0 8.0 0.0
2247.004235149976 1.0 0.0 0.0 0.0 0.0 1.0 8.0 0.0
2248.004873912936 1.0 0.0 0.0 0.0 0.0 1.0 8.0 0.0
2249.004873912936 1.0 0.0 0.0 0.0 0.0 1.0 8.0 0.0
2250.004873912936 1.0 0.0 0.0 0.0 0.0 1.0 8.0 0.0
2251.004873912936 1.0 0.0 0.0 0.0 0.0 1.0 8.0 0.0
2252.004873912936 1.0 0.0 0.0 0.0 0.0 1.0 8.0 0.0
2253.004873912936 1.0 0.0 0.0 0.0 0.0 1.0 8.0 0.0
2254.004873912936 1.0 0.0 0.0 0.0 0.0 1.0 8.0 0.0
2255.004873912936 1.0 0.0 0.0 0.0 0.0 1.0 8.0 0.0
2256.004873912936 1.0 0.0 0.0 0.0 0.0 1.0 8.0 0.0
2257.004873912936 1.0 0.0 0.0 0.0 0.0 1.0 8.0 0.0
2258.004873912936 1.0 0.0 0.0 0.0 0.0 1.0 8.0 0.0
2259.0014034888786 1.0 0.0 0.0 0.0 0.0 1.0 8.0 0.0
2260.004873912936 1.0 0.0 0.0 0.0 0.0 1.0 8.0 0.0
2261.004873912936 1.0 0.0 0.0 0.0 0.0 1.0 8.0 0.0
2262.004873912936 1.0 0.0 0.0 0.0 0.0 1.0 8.0 0.0
2263.004873912936 1.0 0.0 0.0 0.0 0.0 1.0 8.0 0.0
2264.004873912936 1.0 0.0 0.0 0.0 0.0 1.0 8.0 0.0
2265.004873912936 1.0 0.0 0.0 0.0 0.0 1.0 8.0 0.0
2266.004873912936 1.0 0.0 0.0 0.0 0.0 1.0 8.0 0.0
2267.004873912936 1.0 0.0 0.0 0.0 0.0 1.0 8.0 0.0
2268.002840944231 1.0 0.0 0.0 0.0 0.0 1.0 8.0 0.0
2269.003728105345 1.0 0.0 0.0 0.0 0.0 1.0 8.0 0.0
2270.004873912936 1.0 0.0 0.0 0.0 0.0 1.0 8.0 0.0
2271.004873912936 1.0 0.0 0.0 0.0 0.0 1.0 8.0 0.0
2272.004873912936 1.0 0.0 0.0 0.0 0.0 1.0 8.0 0.0
2273.0019417451285 1.0 0.0 0.0 0.0 0.0 1.0 8.0 0.0
2274.004873912936 1.0 0.0 0.0 0.0 0.0 1.0 8.0 0.0
2275.004873912936 1.0 0.0 0.0 0.0 0.0 1.0 8.0 0.0
2276.004873912936 1.0 0.0 0.0 0.0 0.0 1.0 8.0 0.0
2277.004873912936 1.0 0.0 0.0 0.0 0.0 1.0 8.0 0.0
2278.004873912936 1.0 0.0 0.0 0.0 0.0 1.0 8.0 0.0
2279.004873912936 1.0 0.0 0.0 0.0 0.0 1.0 8.0 0.0
2280.004873912936 1.0 0.0 0.0 0.0 0.0 1.0 8.0 0.0
2281.004873912936 1.0 0.0 0.0 0.0 0.0 1.0 8.0 0.0
2282.004873912936 1.0 0.0 0.0 0.0 0.0 1.0 8.0 0.0
2283.004873912936 1.0 0.0 0.0 0.0 0.0 1.0 8.0 0.0
2284.004873912936 1.0 0.0 0.0 0.0 0.0 1.0 8.0 0.0
2285.004873912936 1.0 0.0 0.0 0.0 0.0 1.0 8.0 0.0
2286.004873912936 1.0 0.0 0.0 0.0 0.0 1.0 8.0 0.0
2287.004873912936 1.0 0.0 0.0 0.0 0.0 1.0 8.0 0.0
2288.004873912936 1.0 0.0 0.0 0.0 0.0 1.0 8.0 0.0
2289.004873912936 1.0 0.0 0.0 0.0 0.0 1.0 8.0 0.0
2290.002422473841 1.0 0.0 0.0 0.0 0.0 1.0 8.0 0.0
2291.004873912936 1.0 0.0 0.0 0.0 0.0 1.0 8.0 0.0
2292.004873912936 1.0 0.0 0.0 0.0 0.0 1.0 8.0 0.0
2293.004873912936 1.0 0.0 0.0 0.0 0.0 1.0 8.0 0.0
2294.001841611842 1.0 0.0 0.0 0.0 0.0 1.0 8.0 0.0
2295.0024659421515 1.0 0.0 0.0 0.0 0.0 1.0 8.0 0.0
2296.004873912936 1.0 0.0 0.0 0.0 0.0 1.0 8.0 0.0
2297.0006975515184 1.0 0.0 0.0 0.0 0.0 1.0 8.0 0.0
2298.004873912936 1.0 0.0 0.0 0.0 0.0 1.0 8.0 0.0
2299.004873912936 1.0 0.0 0.0 0.0 0.0 1.0 8.0 0.0
2300.004873912936 1.0 0.0 0.0 0.0 0.0 1.0 8.0 0.0
2301.004873912936 1.0 0.0 0.0 0.0 0.0 1.0 8.0 0.0
2302.004873912936 1.0 0.0 0.0 0.0 0.0 1.0 8.0 0.0
2303.004873912936 1.0 0.0 0.0 0.0 0.0 1.0 8.0 0.0
2304.004873912936 1.0 0.0 0.0 0.0 0.0 1.0 8.0 0.0
2305.004873912936 1.0 0.0 0.0 0.0 0.0 1.0 8.0 0.0
2306.004873912936 1.0 0.0 0.0 0.0 0.0 1.0 8.0 0.0
2307.002494014274 1.0 0.0 0.0 0.0 0.0 1.0 8.0 0.0
2308.004873912936 1.0 0.0 0.0 0.0 0.0 1.0 8.0 0.0
2309.004873912936 1.0 0.0 0.0 0.0 0.0 1.0 8.0 0.0
2310.004873912936 1.0 0.0 0.0 0.0 0.0 1.0 8.0 0.0
2311.004873912936 1.0 0.0 0.0 0.0 0.0 1.0 8.0 0.0
2312.004873912936 1.0 0.0 0.0 0.0 0.0 1.0 8.0 0.0
2313.004873912936 1.0 0.0 0.0 0.0 0.0 1.0 8.0 0.0
2314.004873912936 1.0 0.0 0.0 0.0 0.0 1.0 8.0 0.0
2315.0020816982965 1.0 0.0 0.0 0.0 0.0 1.0 8.0 0.0
2316.004873912936 1.0 0.0 0.0 0.0 0.0 1.0 8.0 0.0
2317.004873912936 1.0 0.0 0.0 0.0 0.0 1.0 8.0 0.0
2318.004873912936 1.0 0.0 0.0 0.0 0.0 1.0 8.0 0.0
2319.004873912936 1.0 0.0 0.0 0.0 0.0 1.0 8.0 0.0
2320.004873912936 1.0 0.0 0.0 0.0 0.0 1.0 8.0 0.0
2321.004873912936 1.0 0.0 0.0 0.0 0.0 1.0 8.0 0.0
2322.004873912936 1.0 0.0 0.0 0.0 0.0 1.0 8.0 0.0
2323.004873912936 1.0 0.0 0.0 0.0 0.0 1.0 8.0 0.0
2324.004873912936 1.0 0.0 0.0 0.0 0.0 1.0 8.0 0.0
2325.004873912936 1.0 0.0 0.0 0.0 0.0 1.0 8.0 0.0
2326.004873912936 1.0 0.0 0.0 0.0 0.0 1.0 8.0 0.0
2327.003937353673 1.0 0.0 0.0 0.0 0.0 1.0 8.0 0.0
2328.004873912936 1.0 0.0 0.0 0.0 0.0 1.0 8.0 0.0
2329.004873912936 1.0 0.0 0.0 0.0 0.0 1.0 8.0 0.0
2330.004873912936 1.0 0.0 0.0 0.0 0.0 1.0 8.0 0.0
2331.004873912936 1.0 0.0 0.0 0.0 0.0 1.0 8.0 0.0
2332.001726366984 1.0 0.0 0.0 0.0 0.0 1.0 8.0 0.0
2333.003095525897 1.0 0.0 0.0 0.0 0.0 1.0 8.0 0.0
2334.004873912936 1.0 0.0 0.0 0.0 0.0 1.0 8.0 0.0
2335.004873912936 1.0 0.0 0.0 0.0 0.0 1.0 8.0 0.0
2336.004873912936 1.0 0.0 0.0 0.0 0.0 1.0 8.0 0.0
2337.0025907347517 1.0 0.0 0.0 0.0 0.0 1.0 8.0 0.0
2338.004873912936 1.0 0.0 0.0 0.0 0.0 1.0 8.0 0.0
2339.004873912936 1.0 0.0 0.0 0.0 0.0 1.0 8.0 0.0
2340.0036872217875 1.0 0.0 0.0 0.0 0.0 1.0 8.0 0.0
2341.004873912936 1.0 0.0 0.0 0.0 0.0 1.0 8.0 0.0
2342.004873912936 1.0 0.0 0.0 0.0 0.0 1.0 8.0 0.0
2343.004873912936 1.0 0.0 0.0 0.0 0.0 1.0 8.0 0.0
2344.0017646842152 1.0 0.0 0.0 0.0 0.0 1.0 8.0 0.0
2345.004873912936 1.0 0.0 0.0 0.0 0.0 1.0 8.0 0.0
2346.004873912936 1.0 0.0 0.0 0.0 0.0 1.0 8.0 0.0
2347.0024065495923 1.0 0.0 0.0 0.0 0.0 1.0 8.0 0.0
2348.0004425501934 1.0 0.0 0.0 0.0 0.0 1.0 8.0 0.0
2349.004873912936 1.0 0.0 0.0 0.0 0.0 1.0 8.0 0.0
2350.004873912936 1.0 0.0 0.0 0.0 0.0 1.0 8.0 0.0
2351.004873912936 1.0 0.0 0.0 0.0 0.0 1.0 8.0 0.0
2352.004873912936 1.0 0.0 0.0 0.0 0.0 1.0 8.0 0.0
2353.004873912936 1.0 0.0 0.0 0.0 0.0 1.0 8.0 0.0
2354.002149404825 1.0 0.0 0.0 0.0 0.0 1.0 8.0 0.0
2355.004873912936 1.0 0.0 0.0 0.0 0.0 1.0 8.0 0.0
2356.004873912936 1.0 0.0 0.0 0.0 0.0 1.0 8.0 0.0
2357.004873912936 1.0 0.0 0.0 0.0 0.0 1.0 8.0 0.0
2358.004873912936 1.0 0.0 0.0 0.0 0.0 1.0 8.0 0.0
2359.004873912936 1.0 0.0 0.0 0.0 0.0 1.0 8.0 0.0
2360.004873912936 1.0 0.0 0.0 0.0 0.0 1.0 8.0 0.0
2361.004873912936 1.0 0.0 0.0 0.0 0.0 1.0 8.0 0.0
2362.004873912936 1.0 0.0 0.0 0.0 0.0 1.0 8.0 0.0
2363.004873912936 1.0 0.0 0.0 0.0 0.0 1.0 8.0 0.0
2364.004873912936 1.0 0.0 0.0 0.0 0.0 1.0 8.0 0.0
2365.004873912936 1.0 0.0 0.0 0.0 0.0 1.0 8.0 0.0
2366.004873912936 1.0 0.0 0.0 0.0 0.0 1.0 8.0 0.0
2367.003141843039 1.0 0.0 0.0 0.0 0.0 1.0 8.0 0.0
2368.004873912936 1.0 0.0 0.0 0.0 0.0 1.0 8.0 0.0
2369.004873912936 1.0 0.0 0.0 0.0 0.0 1.0 8.0 0.0
2370.004873912936 1.0 0.0 0.0 0.0 0.0 1.0 8.0 0.0
2371.004873912936 1.0 0.0 0.0 0.0 0.0 1.0 8.0 0.0
2372.004873912936 1.0 0.0 0.0 0.0 0.0 1.0 8.0 0.0
2373.004873912936 1.0 0.0 0.0 0.0 0.0 1.0 8.0 0.0
2374.004873912936 1.0 0.0 0.0 0.0 0.0 1.0 8.0 0.0
2375.004873912936 1.0 0.0 0.0 0.0 0.0 1.0 8.0 0.0
2376.004873912936 1.0 0.0 0.0 0.0 0.0 1.0 8.0 0.0
2377.004873912936 1.0 0.0 0.0 0.0 0.0 1.0 8.0 0.0
2378.0032170839822 1.0 0.0 0.0 0.0 0.0 1.0 8.0 0.0
2379.004873912936 1.0 0.0 0.0 0.0 0.0 1.0 8.0 0.0
2380.004873912936 1.0 0.0 0.0 0.0 0.0 1.0 8.0 0.0
2381.004873912936 1.0 0.0 0.0 0.0 0.0 1.0 8.0 0.0
2382.0008624857414 1.0 0.0 0.0 0.0 0.0 1.0 8.0 0.0
2383.004873912936 1.0 0.0 0.0 0.0 0.0 1.0 8.0 0.0
2384.004873912936 1.0 0.0 0.0 0.0 0.0 1.0 8.0 0.0
2385.004873912936 1.0 0.0 0.0 0.0 0.0 1.0 8.0 0.0
2386.004873912936 1.0 0.0 0.0 0.0 0.0 1.0 8.0 0.0
2387.004873912936 1.0 0.0 0.0 0.0 0.0 1.0 8.0 0.0
2388.004873912936 1.0 0.0 0.0 0.0 0.0 1.0 8.0 0.0
2389.004873912936 1.0 0.0 0.0 0.0 0.0 1.0 8.0 0.0
2390.004873912936 1.0 0.0 0.0 0.0 0.0 1.0 8.0 0.0
2391.004873912936 1.0 0.0 0.0 0.0 0.0 1.0 8.0 0.0
2392.004873912936 1.0 0.0 0.0 0.0 0.0 1.0 8.0 0.0
2393.004873912936 1.0 0.0 0.0 0.0 0.0 1.0 8.0 0.0
2394.004873912936 1.0 0.0 0.0 0.0 0.0 1.0 8.0 0.0
2395.004873912936 1.0 0.0 0.0 0.0 0.0 1.0 8.0 0.0
2396.004873912936 1.0 0.0 0.0 0.0 0.0 1.0 8.0 0.0
2397.004873912936 1.0 0.0 0.0 0.0 0.0 1.0 8.0 0.0
2398.0011547953354 1.0 0.0 0.0 0.0 0.0 1.0 8.0 0.0
2399.004066312912 1.0 0.0 0.0 0.0 0.0 1.0 8.0 0.0
2400.0 1.0 0.0 0.0 0.0 1.0 1.0 7.85 0.0
2401.004873912936 1.0 0.0 0.0 0.0 1.0 1.0 7.2 0.0
2402.0023868382855 0.725 0.275 0.0 0.0 1.0 1.0 6.375 0.38902439024390245
2403.004873912936 0.3 0.7 0.0 0.0 1.0 1.0 6.375 0.4097560975609756
2404.004873912936 0.024999999999999994 0.975 0.0 0.0 1.0 1.0 6.775 0.0475609756097561
2405.004873912936 0.0 1.0 0.0 0.0 1.0 1.0 7.45 0.0
2406.004873912936 0.0 1.0 0.0 0.0 1.0 1.0 7.875 0.0
2407.004873912936 0.0 1.0 0.0 0.0 1.0 1.0 7.975 0.0
2408.004873912936 0.0 1.0 0.0 0.0 1.0 1.0 8.0 0.0
2409.004873912936 0.0 1.0 0.0 0.0 1.0 1.0 8.0 0.0
2410.004873912936 0.0 1.0 0.0 0.0 1.0 1.0 8.0 0.0
2411.004873912936 0.0 1.0 0.0 0.0 1.0 1.0 8.0 0.0
2412.004873912936 0.0 1.0 0.0 0.0 1.0 1.0 8.0 0.0
2413.0007123374394 0.0 1.0 0.0 0.0 1.0 1.0 8.0 0.0
2414.004873912936 0.0 1.0 0.0 0.0 1.0 1.0 8.0 0.0
2415.004873912936 0.0 1.0 0.0 0.0 1.0 1.0 8.0 0.0
2416.004873912936 0.0 1.0 0.0 0.0 1.0 1.0 8.0 0.0
2417.004873912936 0.0 1.0 0.0 0.0 1.0 1.0 8.0 0.0
2418.002184226852 0.0 1.0 0.0 0.0 1.0 1.0 8.0 0.0
2419.004873912936 0.0 1.0 0.0 0.0 1.0 1.0 8.0 0.0
2420.004873912936 0.0 1.0 0.0 0.0 1.0 1.0 8.0 0.0
2421.004873912936 0.0 1.0 0.0 0.0 1.0 1.0 8.0 0.0
2422.004873912936 0.0 1.0 0.0 0.0 1.0 1.0 8.0 0.0
2423.004873912936 0.0 1.0 0.0 0.0 1.0 1.0 8.0 0.0
2424.0002757720017 0.0 1.0 0.0 0.0 1.0 1.0 8.0 0.0
2425.004873912936 0.0 1.0 0.0 0.0 1.0 1.0 8.0 0.0
2426.004873912936 0.0 1.0 0.0 0.0 1.0 1.0 8.0 0.0
2427.004873912936 0.0 1.0 0.0 0.0 1.0 1.0 8.0 0.0
2428.004873912936 0.0 1.0 0.0 0.0 1.0 1.0 8.0 0.0
2429.004873912936 0.0 1.0 0.0 0.0 1.0 1.0 8.0 0.0
2430.0003907724868 0.0 1.0 0.0 0.0 1.0 1.0 8.0 0.0
2431.0029720321936 0.0 1.0 0.0 0.0 1.0 1.0 8.0 0.0
2432.004873912936 0.0 1.0 0.0 0.0 1.0 1.0 8.0 0.0
2433.004873912936 0.0 1.0 0.0 0.0 1.0 1.0 8.0 0.0
2434.004873912936 0.0 1.0 0.0 0.0 1.0 1.0 8.0 0.0
2435.004873912936 0.0 1.0 0.0 0.0 1.0 1.0 8.0 0.0
2436.004873912936 0.0 1.0 0.0 0.0 1.0 1.0 8.0 0.0
2437.004873912936 0.0 1.0 0.0 0.0 1.0 1.0 8.0 0.0
2438.004873912936 0.0 1.0 0.0 0.0 1.0 1.0 8.0 0.0
2439.004873912936 0.0 1.0 0.0 0.0 1.0 1.0 8.0 0.0
2440.004873912936 0.0 1.0 0.0 0.0 1.0 1.0 8.0 0.0
2441.004873912936 0.0 1.0 0.0 0.0 1.0 1.0 8.0 0.0
2442.004873912936 0.0 1.0 0.0 0.0 1.0 1.0 8.0 0.0
2443.001281943105 0.0 1.0 0.0 0.0 1.0 1.0 8.0 0.0
2444.004873912936 0.0 1.0 0.0 0.0 1.0 1.0 8.0 0.0
2445.004873912936 0.0 1.0 0.0 0.0 1.0 1.0 8.0 0.0
2446.004873912936 0.0 1.0 0.0 0.0 1.0 1.0 8.0 0.0
2447.004873912936 0.0 1.0 0.0 0.0 1.0 1.0 8.0 0.0
2448.004873912936 0.0 1.0 0.0 0.0 1.0 1.0 8.0 0.0
2449.004873912936 0.0 1.0 0.0 0.0 1.0 1.0 8.0 0.0
2450.0039194775068 0.0 1.0 0.0 0.0 1.0 1.0 8.0 0.0
2451.004873912936 0.0 1.0 0.0 0.0 1.0 1.0 8.0 0.0
2452.004873912936 0.0 1.0 0.0 0.0 1.0 1.0 8.0 0.0
2453.004873912936 0.0 1.0 0.0 0.0 1.0 1.0 8.0 0.0
2454.004873912936 0.0 1.0 0.0 0.0 1.0 1.0 8.0 0.0
2455.004873912936 0.0 1.0 0.0 0.0 1.0 1.0 8.0 0.0
2456.004873912936 0.0 1.0 0.0 0.0 1.0 1.0 8.0 0.0
2457.004873912936 0.0 1.0 0.0 0.0 1.0 1.0 8.0 0.0
2458.004873912936 0.0 1.0 0.0 0.0 1.0 1.0 8.0 0.0
2459.00046098553 0.0 1.0 0.0 0.0 1.0 1.0 8.0 0.0
2460.004873912936 0.0 1.0 0.0 0.0 1.0 1.0 8.0 0.0
2461.004873912936 0.0 1.0 0.0 0.0 1.0 1.0 8.0 0.0
2462.004873912936 0.0 1.0 0.0 0.0 1.0 1.0 8.0 0.0
2463.000791580165 0.0 1.0 0.0 0.0 1.0 1.0 8.0 0.0
2464.004873912936 0.0 1.0 0.0 0.0 1.0 1.0 8.0 0.0
2465.004873912936 0.0 1.0 0.0 0.0 1.0 1.0 8.0 0.0
2466.004873912936 0.0 1.0 0.0 0.0 1.0 1.0 8.0 0.0
2467.004873912936 0.0 1.0 0.0 0.0 1.0 1.0 8.0 0.0
2468.004873912936 0.0 1.0 0.0 0.0 1.0 1.0 8.0 0.0
2469.004873912936 0.0 1.0 0.0 0.0 1.0 1.0 8.0 0.0
2470.004873912936 0.0 1.0 0.0 0.0 1.0 1.0 8.0 0.0
2471.002852386039 0.0 1.0 0.0 0.0 1.0 1.0 8.0 0.0
2472.004873912936 0.0 1.0 0.0 0.0 1.0 1.0 8.0 0.0
2473.004873912936 0.0 1.0 0.0 0.0 1.0 1.0 8.0 0.0
2474.004873912936 0.0 1.0 0.0 0.0 1.0 1.0 8.0 0.0
2475.004873912936 0.0 1.0 0.0 0.0 1.0 1.0 8.0 0.0
2476.004873912936 0.0 1.0 0.0 0.0 1.0 1.0 8.0 0.0
2477.004873912936 0.0 1.0 0.0 0.0 1.0 1.0 8.0 0.0
2478.004873912936 0.0 1.0 0.0 0.0 1.0 1.0 8.0 0.0
2479.004873912936 0.0 1.0 0.0 0.0 1.0 1.0 8.0 0.0
2480.004873912936 0.0 1.0 0.0 0.0 1.0 1.0 8.0 0.0
2481.004873912936 0.0 1.0 0.0 0.0 1.0 1.0 8.0 0.0
2482.004873912936 0.0 1.0 0.0 0.0 1.0 1.0 8.0 0.0
2483.004873912936 0.0 1.0 0.0 0.0 1.0 1.0 8.0 0.0
2484.004873912936 0.0 1.0 0.0 0.0 1.0 1.0 8.0 0.0
2485.004873912936 0.0 1.0 0.0 0.0 1.0 1.0 8.0 0.0
2486.004873912936 0.0 1.0 0.0 0.0 1.0 1.0 8.0 0.0
2487.003754684017 0.0 1.0 0.0 0.0 1.0 1.0 8.0 0.0
2488.0041827983455 0.0 1.0 0.0 0.0 1.0 1.0 8.0 0.0
2489.004873912936 0.0 1.0 0.0 0.0 1.0 1.0 8.0 0.0
2490.004873912936 0.0 1.0 0.0 0.0 1.0 1.0 8.0 0.0
2491.004873912936 0.0 1.0 0.0 0.0 1.0 1.0 8.0 0.0
2492.004873912936 0.0 1.0 0.0 0.0 1.0 1.0 8.0 0.0
2493.004873912936 0.0 1.0 0.0 0.0 1.0 1.0 8.0 0.0
2494.004873912936 0.0 1.0 0.0 0.0 1.0 1.0 8.0 0.0
2495.004873912936 0.0 1.0 0.0 0.0 1.0 1.0 8.0 0.0
2496.004873912936 0.0 1.0 0.0 0.0 1.0 1.0 8.0 0.0
2497.004873912936 0.0 1.0 0.0 0.0 1.0 1.0 8.0 0.0
2498.004873912936 0.0 1.0 0.0 0.0 1.0 1.0 8.0 0.0
2499.004873912936 0.0 1.0 0.0 0.0 1.0 1.0 8.0 0.0
2500.004873912936 0.0 1.0 0.0 0.0 1.0 1.0 8.0 0.0
2501.004873912936 0.0 1.0 0.0 0.0 1.0 1.0 8.0 0.0
2502.004873912936 0.0 1.0 0.0 0.0 1.0 1.0 8.0 0.0
2503.004873912936 0.0 1.0 0.0 0.0 1.0 1.0 8.0 0.0
2504.004873912936 0.0 1.0 0.0 0.0 1.0 1.0 8.0 0.0
2505.004873912936 0.0 1.0 0.0 0.0 1.0 1.0 8.0 0.0
2506.003831626122 0.0 1.0 0.0 0.0 1.0 1.0 8.0 0.0
2507.004873912936 0.0 1.0 0.0 0.0 1.0 1.0 8.0 0.0
2508.004873912936 0.0 1.0 0.0 0.0 1.0 1.0 8.0 0.0
2509.004873912936 0.0 1.0 0.0 0.0 1.0 1.0 8.0 0.0
2510.004873912936 0.0 1.0 0.0 0.0 1.0 1.0 8.0 0.0
2511.004873912936 0.0 1.0 0.0 0.0 1.0 1.0 8.0 0.0
2512.004873912936 0.0 1.0 0.0 0.0 1.0 1.0 8.0 0.0
2513.0004266785622 0.0 1.0 0.0 0.0 1.0 1.0 8.0 0.0
2514.004873912936 0.0 1.0 0.0 0.0 1.0 1.0 8.0 0.0
2515.004873912936 0.0 1.0 0.0 0.0 1.0 1.0 7.675 0.0
2516.004873912936 0.0 1.0 0.0 0.0 1.0 1.0 7.1 0.0
2517.004873912936 0.0 1.0 0.0 0.0 1.0 1.0 6.45 0.0
2518.0035694872886 0.0 1.0 0.0 0.0 1.0 1.0 6.125 0.0
2519.004873912936 0.0 1.0 0.0 0.0 1.0 1.0 6.05 0.0
2520.004873912936 0.0 1.0 0.0 0.0 1.0 1.0 6.025 0.0
2521.004873912936 0.0 1.0 0.0 0.0 1.0 1.0 6.0 0.0
2522.004873912936 0.0 1.0 0.0 0.0 1.0 1.0 6.0 0.0
2523.004873912936 0.0 1.0 0.0 0.0 1.0 1.0 6.0 0.0
2524.004873912936 0.0 1.0 0.0 0.0 1.0 1.0 6.0 0.0
2525.004873912936 0.0 1.0 0.0 0.0 1.0 1.0 6.0 0.0
2526.004873912936 0.0 1.0 0.0 0.0 1.0 1.0 6.0 0.0
2527.004873912936 0.0 1.0 0.0 0.0 1.0 1.0 6.0 0.0
2528.002296020071 0.0 1.0 0.0 0.0 1.0 1.0 6.0 0.0
2529.004873912936 0.0 1.0 0.0 0.0 1.0 1.0 6.0 0.0
2530.004873912936 0.0 1.0 0.0 0.0 1.0 1.0 6.0 0.0
2531.004873912936 0.0 1.0 0.0 0.0 1.0 1.0 6.0 0.0
2532.004873912936 0.0 1.0 0.0 0.0 1.0 1.0 6.0 0.0
2533.004873912936 0.0 1.0 0.0 0.0 1.0 1.0 6.0 0.0
2534.004873912936 0.0 1.0 0.0 0.0 1.0 1.0 6.0 0.0
2535.004873912936 0.0 1.0 0.0 0.0 1.0 1.0 6.0 0.0
2536.004873912936 0.0 1.0 0.0 0.0 1.0 1.0 6.0 0.0
2537.004873912936 0.0 1.0 0.0 0.0 1.0 1.0 6.0 0.0
2538.004873912936 0.0 1.0 0.0 0.0 0.0 1.0 6.0 0.0
2539.000448681451 0.125 0.2 0.0 0.675 0.0 1.0 6.1 0.4768292682926829
2540.004873912936 0.85 0.024999999999999994 0.0 0.125 0.0 1.0 6.775 0.2548780487804878
2541.004873912936 1.0 0.0 0.0 0.0 0.0 1.0 7.65 0.0
2542.004873912936 1.0 0.0 0.0 0.0 0.0 1.0 8.525 0.0
2543.004873912936 1.0 0.0 0.0 0.0 0.0 1.0 8.85 0.0
2544.004873912936 1.0 0.0 0.0 0.0 0.0 1.0 8.975 0.0
2545.004873912936 1.0 0.0 0.0 0.0 0.0 1.0 8.975 0.0
2546.0020417608434 1.0 0.0 0.0 0.0 0.0 1.0 9.0 0.0
2547.0018638693045 1.0 0.0 0.0 0.0 0.0 1.0 9.0 0.0
2548.004873912936 1.0 0.0 0.0 0.0 0.0 1.0 9.0 0.0
2549.004873912936 1.0 0.0 0.0 0.0 0.0 1.0 9.0 0.0
2550.004873912936 1.0 0.0 0.0 0.0 0.0 1.0 9.0 0.0
2551.004873912936 1.0 0.0 0.0 0.0 0.0 1.0 9.0 0.0
2552.004873912936 1.0 0.0 0.0 0.0 0.0 1.0 9.0 0.0
2553.004873912936 1.0 0.0 0.0 0.0 0.0 1.0 9.0 0.0
2554.004873912936 1.0 0.0 0.0 0.0 0.0 1.0 9.0 0.0
2555.004873912936 1.0 0.0 0.0 0.0 0.0 1.0 9.0 0.0
2556.004873912936 1.0 0.0 0.0 0.0 0.0 1.0 9.0 0.0
2557.004873912936 1.0 0.0 0.0 0.0 0.0 1.0 9.0 0.0
2558.004873912936 1.0 0.0 0.0 0.0 0.0 1.0 9.0 0.0
2559.004873912936 1.0 0.0 0.0 0.0 0.0 1.0 9.0 0.0
2560.004873912936 1.0 0.0 0.0 0.0 0.0 1.0 9.0 0.0
2561.004873912936 1.0 0.0 0.0 0.0 0.0 1.0 9.0 0.0
2562.004873912936 1.0 0.0 0.0 0.0 0.0 1.0 9.0 0.0
2563.004873912936 1.0 0.0 0.0 0.0 0.0 1.0 9.0 0.0
2564.004873912936 1.0 0.0 0.0 0.0 0.0 1.0 9.0 0.0
2565.004873912936 1.0 0.0 0.0 0.0 0.0 1.0 9.0 0.0
2566.004873912936 1.0 0.0 0.0 0.0 0.0 1.0 9.0 0.0
2567.004873912936 1.0 0.0 0.0 0.0 0.0 1.0 9.0 0.0
2568.004873912936 1.0 0.0 0.0 0.0 0.0 1.0 9.0 0.0
2569.0030316832367 1.0 0.0 0.0 0.0 0.0 1.0 9.0 0.0
2570.004873912936 1.0 0.0 0.0 0.0 0.0 1.0 9.0 0.0
2571.004873912936 1.0 0.0 0.0 0.0 0.0 1.0 9.0 0.0
2572.003052894667 1.0 0.0 0.0 0.0 0.0 1.0 9.0 0.0
2573.004873912936 1.0 0.0 0.0 0.0 0.0 1.0 9.0 0.0
2574.004873912936 1.0 0.0 0.0 0.0 0.0 1.0 9.0 0.0
2575.004873912936 1.0 0.0 0.0 0.0 0.0 1.0 9.0 0.0
2576.004873912936 1.0 0.0 0.0 0.0 0.0 1.0 9.0 0.0
2577.004873912936 1.0 0.0 0.0 0.0 0.0 1.0 9.0 0.0
2578.004873912936 1.0 0.0 0.0 0.0 0.0 1.0 9.0 0.0
2579.004873912936 1.0 0.0 0.0 0.0 0.0 1.0 9.0 0.0
2580.004873912936 1.0 0.0 0.0 0.0 0.0 1.0 9.0 0.0
2581.004548920514 1.0 0.0 0.0 0.0 0.0 1.0 9.0 0.0
2582.004873912936 1.0 0.0 0.0 0.0 0.0 1.0 9.0 0.0
2583.0014757993363 1.0 0.0 0.0 0.0 0.0 1.0 9.0 0.0
2584.004873912936 1.0 0.0 0.0 0.0 0.0 1.0 9.0 0.0
2585.0019421820634 1.0 0.0 0.0 0.0 0.0 1.0 9.0 0.0
2586.004873912936 1.0 0.0 0.0 0.0 0.0 1.0 9.0 0.0
2587.004873912936 1.0 0.0 0.0 0.0 0.0 1.0 9.0 0.0
2588.004873912936 1.0 0.0 0.0 0.0 0.0 1.0 9.0 0.0
2589.0006044968027 1.0 0.0 0.0 0.0 0.0 1.0 9.0 0.0
2590.004873912936 1.0 0.0 0.0 0.0 0.0 1.0 9.0 0.0
2591.004873912936 1.0 0.0 0.0 0.0 0.0 1.0 9.0 0.0
2592.004873912936 1.0 0.0 0.0 0.0 0.0 1.0 9.0 0.0
2593.004873912936 1.0 0.0 0.0 0.0 0.0 1.0 9.0 0.0
2594.004873912936 1.0 0.0 0.0 0.0 0.0 1.0 9.0 0.0
2595.004873912936 1.0 0.0 0.0 0.0 0.0 1.0 9.0 0.0
2596.004873912936 1.0 0.0 0.0 0.0 0.0 1.0 9.0 0.0
2597.004873912936 1.0 0.0 0.0 0.0 0.0 1.0 9.0 0.0
2598.004873912936 1.0 0.0 0.0 0.0 0.0 1.0 9.0 0.0
2599.004873912936 1.0 0.0 0.0 0.0 0.0 1.0 9.0 0.0
2600.004873912936 1.0 0.0 0.0 0.0 0.0 1.0 9.0 0.0
2601.002069785891 1.0 0.0 0.0 0.0 0.0 1.0 9.0 0.0
2602.004873912936 1.0 0.0 0.0 0.0 0.0 1.0 9.0 0.0
2603.004873912936 1.0 0.0 0.0 0.0 0.0 1.0 9.0 0.0
2604.0006896261716 1.0 0.0 0.0 0.0 0.0 1.0 9.0 0.0
2605.004873912936 1.0 0.0 0.0 0.0 0.0 1.0 9.0 0.0
2606.004873912936 1.0 0.0 0.0 0.0 0.0 1.0 9.0 0.0
2607.004873912936 1.0 0.0 0.0 0.0 0.0 1.0 9.0 0.0
2608.004873912936 1.0 0.0 0.0 0.0 0.0 1.0 9.0 0.0
2609.004873912936 1.0 0.0 0.0 0.0 0.0 1.0 9.0 0.0
2610.004873912936 1.0 0.0 0.0 0.0 0.0 1.0 9.0 0.0
2611.004873912936 1.0 0.0 0.0 0.0 0.0 1.0 9.0 0.0
2612.004873912936 1.0 0.0 0.0 0.0 0.0 1.0 9.0 0.0
2613.004873912936 1.0 0.0 0.0 0.0 0.0 1.0 9.0 0.0
2614.0047936412434 1.0 0.0 0.0 0.0 0.0 1.0 9.0 0.0
2615.004873912936 1.0 0.0 0.0 0.0 0.0 1.0 9.0 0.0
2616.0010609438855 1.0 0.0 0.0 0.0 0.0 1.0 9.0 0.0
2617.004873912936 1.0 0.0 0.0 0.0 0.0 1.0 9.0 0.0
2618.004873912936 1.0 0.0 0.0 0.0 0.0 1.0 9.0 0.0
2619.004873912936 1.0 0.0 0.0 0.0 0.0 1.0 9.0 0.0
2620.003525269979 1.0 0.0 0.0 0.0 0.0 1.0 9.0 0.0
2621.004873912936 1.0 0.0 0.0 0.0 0.0 1.0 9.0 0.0
2622.001002213669 1.0 0.0 0.0 0.0 0.0 1.0 9.0 0.0
2623.004873912936 1.0 0.0 0.0 0.0 0.0 1.0 9.0 0.0
2624.004873912936 1.0 0.0 0.0 0.0 0.0 1.0 9.0 0.0
2625.0030210014324 1.0 0.0 0.0 0.0 0.0 1.0 9.0 0.0
2626.004873912936 1.0 0.0 0.0 0.0 0.0 1.0 9.0 0.0
2627.004873912936 1.0 0.0 0.0 0.0 0.0 1.0 9.0 0.0
2628.004873912936 1.0 0.0 0.0 0.0 0.0 1.0 9.0 0.0
2629.004873912936 1.0 0.0 0.0 0.0 0.0 1.0 9.0 0.0
2630.004873912936 1.0 0.0 0.0 0.0 0.0 1.0 9.0 0.0
2631.0017689161373 1.0 0.0 0.0 0.0 0.0 1.0 9.0 0.0
2632.004873912936 1.0 0.0 0.0 0.0 0.0 1.0 9.0 0.0
2633.004873912936 1.0 0.0 0.0 0.0 0.0 1.0 9.0 0.0
2634.004873912936 1.0 0.0 0.0 0.0 0.0 1.0 9.0 0.0
2635.004873912936 0.825 0.0 0.175 0.0 0.0 1.0 9.0 0.2817073170731707
2636.004873912936 0.4000000000000001 0.0 0.5999999999999999 0.0 0.0 1.0 9.125 0.4682926829268293
2637.0011661609533 0.1 0.0 0.9 0.0 0.0 1.0 9.65 0.17560975609756097
2638.004873912936 0.024999999999999988 0.0 0.975 0.0 0.0 1.0 10.45 0.0475609756097561
2639.004873912936 0.0 0.0 1.0 0.0 0.0 1.0 10.875 0.0
2640.004873912936 0.0 0.0 1.0 0.0 0.0 1.0 11.0 0.0
2641.004873912936 0.0 0.0 1.0 0.0 0.0 1.0 11.0 0.0
2642.004873912936 0.0 0.0 1.0 0.0 0.0 1.0 11.0 0.0
2643.004873912936 0.0 0.0 1.0 0.0 0.0 1.0 11.0 0.0
2644.004873912936 0.0 0.0 1.0 0.0 0.0 1.0 11.0 0.0
2645.004873912936 0.0 0.0 1.0 0.0 0.0 1.0 11.0 0.0
2646.000643577369 0.0 0.0 1.0 0.0 0.0 1.0 11.0 0.0
2647.004873912936 0.0 0.0 1.0 0.0 0.0 1.0 11.0 0.0
2648.004873912936 0.0 0.0 1.0 0.0 0.0 1.0 11.0 0.0
2649.004873912936 0.0 0.0 1.0 0.0 0.0 1.0 11.0 0.0
2650.0007634943577 0.0 0.0 1.0 0.0 0.0 1.0 11.0 0.0
2651.0020834007387 0.0 0.0 1.0 0.0 0.0 1.0 11.0 0.0
2652.004873912936 0.0 0.0 1.0 0.0 0.0 1.0 11.0 0.0
2653.004873912936 0.0 0.0 1.0 0.0 0.0 1.0 11.0 0.0
2654.004873912936 0.0 0.0 1.0 0.0 0.0 1.0 11.0 0.0
2655.004873912936 0.0 0.0 1.0 0.0 0.0 1.0 11.0 0.0
2656.004873912936 0.0 0.0 1.0 0.0 0.0 1.0 11.0 0.0
2657.004873912936 0.0 0.0 1.0 0.0 0.0 1.0 11.0 0.0
2658.004873912936 0.0 0.0 1.0 0.0 0.0 1.0 11.0 0.0
2659.004873912936 0.0 0.0 1.0 0.0 0.0 1.0 11.0 0.0
2660.002115325658 0.0 0.0 1.0 0.0 0.0 1.0 11.0 0.0
2661.004873912936 0.0 0.0 1.0 0.0 0.0 1.0 11.0 0.0
2662.004873912936 0.0 0.0 1.0 0.0 0.0 1.0 11.0 0.0
2663.004873912936 0.0 0.0 1.0 0.0 0.0 1.0 11.0 0.0
2664.004873912936 0.0 0.0 1.0 0.0 0.0 1.0 11.0 0.0
2665.004873912936 0.0 0.0 1.0 0.0 0.0 1.0 11.0 0.0
2666.004873912936 0.0 0.0 1.0 0.0 0.0 1.0 11.0 0.0
2667.004873912936 0.0 0.0 1.0 0.0 0.0 1.0 11.0 0.0
2668.004873912936 0.0 0.0 1.0 0.0 0.0 1.0 11.0 0.0
2669.004873912936 0.0 0.0 1.0 0.0 0.0 1.0 11.0 0.0
2670.004873912936 0.0 0.0 1.0 0.0 0.0 1.0 11.0 0.0
2671.0013909401687 0.0 0.0 1.0 0.0 0.0 1.0 11.0 0.0
2672.0027682046184 0.0 0.0 1.0 0.0 0.0 1.0 11.0 0.0
2673.004873912936 0.0 0.0 1.0 0.0 0.0 1.0 11.0 0.0
2674.004873912936 0.0 0.0 1.0 0.0 0.0 1.0 11.0 0.0
2675.004873912936 0.0 0.0 1.0 0.0 0.0 1.0 11.0 0.0
2676.004873912936 0.0 0.0 1.0 0.0 0.0 1.0 11.0 0.0
2677.004873912936 0.0 0.0 1.0 0.0 0.0 1.0 11.0 0.0
2678.004873912936 0.0 0.0 1.0 0.0 0.0 1.0 11.0 0.0
2679.004873912936 0.0 0.0 1.0 0.0 0.0 1.0 11.0 0.0
2680.004873912936 0.0 0.0 1.0 0.0 0.0 1.0 11.0 0.0
2681.004873912936 0.0 0.0 1.0 0.0 0.0 1.0 11.0 0.0
2682.004873912936 0.0 0.0 1.0 0.0 0.0 1.0 11.0 0.0
2683.004873912936 0.0 0.0 1.0 0.0 0.0 1.0 11.0 0.0
2684.004873912936 0.0 0.0 1.0 0.0 0.0 1.0 11.0 0.0
2685.004873912936 0.0 0.0 1.0 0.0 0.0 1.0 11.0 0.0
2686.004873912936 0.0 0.0 1.0 0.0 0.0 1.0 11.0 0.0
2687.004873912936 0.0 0.0 1.0 0.0 0.0 1.0 11.0 0.0
2688.0037773981812 0.0 0.0 1.0 0.0 0.0 1.0 11.0 0.0
2689.000219041255 0.0 0.0 1.0 0.0 0.0 1.0 11.0 0.0
2690.004873912936 0.0 0.0 1.0 0.0 0.0 1.0 11.0 0.0
2691.004873912936 0.0 0.0 1.0 0.0 0.0 1.0 11.0 0.0
2692.004873912936 0.0 0.0 1.0 0.0 0.0 1.0 11.0 0.0
2693.004873912936 0.0 0.0 1.0 0.0 0.0 1.0 11.0 0.0
2694.004873912936 0.0 0.0 1.0 0.0 0.0 1.0 11.0 0.0
2695.004873912936 0.0 0.0 1.0 0.0 0.0 1.0 11.0 0.0
2696.004873912936 0.0 0.0 1.0 0.0 0.0 1.0 11.0 0.0
2697.004873912936 0.0 0.0 1.0 0.0 0.0 1.0 11.0 0.0
2698.004873912936 0.0 0.0 1.0 0.0 0.0 1.0 11.0 0.0
2699.004873912936 0.0 0.0 1.0 0.0 0.0 1.0 11.0 0.0
2700.004873912936 0.0 0.0 1.0 0.0 0.0 1.0 11.0 0.0
2701.004873912936 0.0 0.0 1.0 0.0 0.0 1.0 11.0 0.0
2702.004873912936 0.0 0.0 1.0 0.0 0.0 1.0 11.0 0.0
2703.004873912936 0.0 0.0 1.0 0.0 0.0 1.0 11.0 0.0
2704.004873912936 0.0 0.0 1.0 0.0 0.0 1.0 11.0 0.0
2705.004873912936 0.0 0.0 1.0 0.0 0.0 1.0 11.0 0.0
2706.004873912936 0.0 0.0 1.0 0.0 0.0 1.0 11.0 0.0
2707.004873912936 0.0 0.0 1.0 0.0 0.0 1.0 11.0 0.0
2708.004873912936 0.0 0.0 1.0 0.0 0.0 1.0 11.0 0.0
2709.004873912936 0.0 0.0 1.0 0.0 0.0 1.0 11.0 0.0
2710.004873912936 0.0 0.0 1.0 0.0 0.0 1.0 11.0 0.0
2711.0019757964374 0.0 0.0 1.0 0.0 0.0 1.0 11.0 0.0
2712.004873912936 0.0 0.0 1.0 0.0 0.0 1.0 11.0 0.0
2713.0041448696898 0.0 0.0 1.0 0.0 0.0 1.0 11.0 0.0
2714.004873912936 0.0 0.0 1.0 0.0 0.0 1.0 11.0 0.0
2715.004873912936 0.0 0.0 1.0 0.0 0.0 1.0 11.0 0.0
2716.004873912936 0.0 0.0 1.0 0.0 0.0 1.0 11.0 0.0
2717.004873912936 0.0 0.0 1.0 0.0 0.0 1.0 11.0 0.0
2718.004873912936 0.0 0.0 1.0 0.0 0.0 1.0 11.0 0.0
2719.004873912936 0.0 0.0 1.0 0.0 0.0 1.0 11.0 0.0
2720.0041603184686 0.0 0.0 1.0 0.0 0.0 1.0 11.0 0.0
2721.002881176091 0.0 0.0 1.0 0.0 0.0 1.0 11.0 0.0
2722.004873912936 0.0 0.0 1.0 0.0 0.0 1.0 11.0 0.0
2723.0016577870238 0.0 0.0 1.0 0.0 0.0 1.0 11.0 0.0
2724.004873912936 0.0 0.0 1.0 0.0 0.0 1.0 11.0 0.0
2725.004873912936 0.0 0.0 1.0 0.0 0.0 1.0 11.0 0.0
2726.004873912936 0.0 0.0 1.0 0.0 0.0 1.0 11.0 0.0
2727.004873912936 0.0 0.0 1.0 0.0 0.0 1.0 11.0 0.0
2728.004873912936 0.0 0.0 1.0 0.0 0.0 1.0 11.0 0.0
2729.004873912936 0.0 0.0 1.0 0.0 0.0 1.0 11.0 0.0
2730.004873912936 0.0 0.0 1.0 0.0 0.0 1.0 11.0 0.0
2731.004873912936 0.0 0.0 1.0 0.0 0.0 1.0 11.0 0.0
2732.001443265582 0.0 0.0 1.0 0.0 0.0 1.0 11.0 0.0
2733.004873912936 0.0 0.0 1.0 0.0 0.0 1.0 11.0 0.0
2734.004873912936 0.0 0.0 1.0 0.0 0.0 1.0 11.0 0.0
2735.0003719116753 0.0 0.0 1.0 0.0 0.0 1.0 11.0 0.0
2736.004873912936 0.0 0.0 1.0 0.0 0.0 1.0 11.0 0.0
2737.004873912936 0.0 0.0 1.0 0.0 0.0 1.0 11.0 0.0
2738.004873912936 0.0 0.0 1.0 0.0 0.0 1.0 11.0 0.0
2739.004873912936 0.0 0.0 1.0 0.0 0.0 1.0 11.0 0.0
2740.004873912936 0.0 0.0 1.0 0.0 0.0 1.0 11.0 0.0
2741.004873912936 0.0 0.0 1.0 0.0 0.0 1.0 11.0 0.0
2742.004873912936 0.0 0.0 1.0 0.0 0.0 1.0 11.0 0.0
2743.004873912936 0.0 0.0 1.0 0.0 0.0 1.0 11.0 0.0
2744.001514859729 0.0 0.0 1.0 0.0 0.0 1.0 11.0 0.0
2745.004873912936 0.0 0.0 1.0 0.0 0.0 1.0 11.0 0.0
2746.004873912936 0.0 0.0 1.0 0.0 0.0 1.0 11.0 0.0
2747.004873912936 0.0 0.0 1.0 0.0 0.0 1.0 11.0 0.0
2748.004873912936 0.0 0.0 1.0 0.0 0.0 1.0 11.0 0.0
2749.004873912936 0.0 0.0 1.0 0.0 0.0 1.0 11.0 0.0
2750.0032274512328 0.0 0.0 1.0 0.0 0.0 1.0 11.0 0.0
2751.004873912936 0.0 0.0 1.0 0.0 0.0 1.0 11.0 0.0
2752.004873912936 0.0 0.0 1.0 0.0 0.0 1.0 11.0 0.0
2753.004873912936 0.0 0.0 1.0 0.0 0.0 1.0 11.0 0.0
2754.004873912936 0.0 0.0 1.0 0.0 0.0 1.0 11.0 0.0
2755.0031289136805 0.0 0.0 1.0 0.0 0.0 1.0 11.0 0.0
2756.004873912936 0.0 0.0 1.0 0.0 0.0 1.0 11.0 0.0
2757.004873912936 0.0 0.0 1.0 0.0 0.0 1.0 11.0 0.0
2758.000379338084 0.0 0.0 1.0 0.0 0.0 1.0 11.0 0.0
2759.004873912936 0.0 0.0 1.0 0.0 0.0 1.0 11.0 0.0
2760.004873912936 0.0 0.0 1.0 0.0 0.0 1.0 11.0 0.0
2761.004873912936 0.0 0.0 1.0 0.0 0.0 1.0 11.0 0.0
2762.004873912936 0.0 0.0 1.0 0.0 0.0 1.0 11.0 0.0
2763.004873912936 0.0 0.0 1.0 0.0 0.0 1.0 11.0 0.0
2764.004873912936 0.0 0.0 1.0 0.0 0.0 1.0 11.0 0.0
2765.004873912936 0.0 0.0 1.0 0.0 0.0 1.0 11.0 0.0
2766.004873912936 0.0 0.0 1.0 0.0 0.0 1.0 11.0 0.0
2767.004873912936 0.0 0.0 1.0 0.0 0.0 1.0 11.0 0.0
2768.000088123579 0.0 0.0 1.0 0.0 0.0 1.0 11.0 0.0
2769.004873912936 0.0 0.0 1.0 0.0 0.0 1.0 11.0 0.0
2770.004873912936 0.0 0.0 1.0 0.0 0.0 1.0 11.0 0.0
2771.004873912936 0.0 0.0 1.0 0.0 0.0 1.0 11.0 0.0
2772.004873912936 0.0 0.0 1.0 0.0 0.0 1.0 11.0 0.0
2773.004873912936 0.0 0.0 1.0 0.0 0.0 1.0 11.0 0.0
2774.004873912936 0.0 0.0 1.0 0.0 0.0 1.0 11.0 0.0
2775.004873912936 0.0 0.0 1.0 0.0 0.0 1.0 11.0 0.0
2776.004873912936 0.0 0.0 1.0 0.0 0.0 1.0 11.0 0.0
2777.004873912936 0.0 0.0 1.0 0.0 0.0 1.0 11.0 0.0
2778.004873912936 0.0 0.0 1.0 0.0 0.0 1.0 11.0 0.0
2779.004873912936 0.0 0.0 1.0 0.0 0.0 1.0 11.0 0.0
2780.0044819198974 0.0 0.0 1.0 0.0 0.0 1.0 11.0 0.0
2781.004873912936 0.0 0.0 1.0 0.0 0.0 1.0 11.0 0.0
2782.004873912936 0.0 0.0 1.0 0.0 0.0 1.0 11.0 0.0
2783.004873912936 0.0 0.0 1.0 0.0 0.0 1.0 11.0 0.0
2784.004873912936 0.0 0.0 1.0 0.0 0.0 1.0 11.0 0.0
2785.004873912936 0.0 0.0 1.0 0.0 0.0 1.0 11.0 0.0
2786.004873912936 0.0 0.0 1.0 0.0 0.0 1.0 11.0 0.0
2787.004873912936 0.0 0.0 1.0 0.0 0.0 1.0 11.0 0.0
2788.004873912936 0.0 0.0 1.0 0.0 0.0 1.0 11.0 0.0
2789.004873912936 0.0 0.0 1.0 0.0 0.0 1.0 11.0 0.0
2790.004873912936 0.0 0.0 1.0 0.0 0.0 1.0 11.0 0.0
2791.004873912936 0.0 0.0 1.0 0.0 0.0 1.0 11.0 0.0
2792.004873912936 0.0 0.0 1.0 0.0 0.0 1.0 11.0 0.0
2793.0031030034424 0.0 0.0 1.0 0.0 0.0 1.0 11.0 0.0
2794.004873912936 0.0 0.0 1.0 0.0 0.0 1.0 11.0 0.0
2795.004873912936 0.0 0.0 1.0 0.0 0.0 1.0 11.0 0.0
2796.004873912936 0.0 0.0 1.0 0.0 0.0 1.0 11.0 0.0
2797.004873912936 0.0 0.0 1.0 0.0 0.0 1.0 11.0 0.0
2798.004873912936 0.0 0.0 1.0 0.0 0.0 1.0 11.0 0.0
2799.004873912936 0.0 0.0 1.0 0.0 0.0 1.0 11.0 0.0
2800.004873912936 0.0 0.0 1.0 0.0 0.0 1.0 11.0 0.0
2801.004873912936 0.0 0.0 1.0 0.0 0.0 1.0 11.0 0.0
2802.004873912936 0.0 0.0 1.0 0.0 0.0 1.0 11.0 0.0
2803.004873912936 0.0 0.0 1.0 0.0 0.0 1.0 11.0 0.0
2804.001991569416 0.0 0.0 1.0 0.0 0.0 1.0 11.0 0.0
2805.0016967743873 0.0 0.0 1.0 0.0 0.0 1.0 11.0 0.0
2806.004873912936 0.0 0.0 1.0 0.0 0.0 1.0 11.0 0.0
2807.004873912936 0.0 0.0 0.675 0.32499999999999996 0.0 0.0 11.0 0.42804878048780487
2808.0036826688065 0.0 0.0 0.04999999999999998 0.95 0.0 0.0 11.325 0.09268292682926829
2809.004873912936 0.0 0.0 0.0 1.0 0.0 0.0 12.3 0.0
2810.004873912936 0.0 0.0 0.0 1.0 0.0 0.0 12.875 0.0
2811.004873912936 0.0 0.0 0.0 1.0 0.0 0.0 13.0 0.0
2812.004873912936 0.0 0.0 0.0 1.0 0.0 0.0 13.0 0.0
2813.004873912936 0.0 0.0 0.0 1.0 0.0 0.0 13.0 0.0
2814.004873912936 0.0 0.0 0.0 1.0 0.0 0.0 13.0 0.0
2815.004873912936 0.0 0.0 0.0 1.0 0.0 0.0 13.0 0.0
2816.004873912936 0.0 0.0 0.0 1.0 0.0 0.0 13.0 0.0
2817.004873912936 0.0 0.0 0.0 1.0 0.0 0.0 13.0 0.0
2818.0007944651525 0.0 0.0 0.0 1.0 0.0 0.0 13.0 0.0
2819.004873912936 0.0 0.0 0.0 1.0 0.0 0.0 13.0 0.0
2820.004873912936 0.0 0.0 0.0 1.0 0.0 0.0 13.0 0.0
2821.004873912936 0.0 0.0 0.0 1.0 0.0 0.0 13.0 0.0
2822.004873912936 0.0 0.0 0.0 1.0 0.0 0.0 13.0 0.0
2823.004873912936 0.0 0.0 0.0 1.0 0.0 0.0 13.0 0.0
2824.004873912936 0.0 0.0 0.0 1.0 0.0 0.0 13.0 0.0
2825.004873912936 0.0 0.0 0.0 1.0 0.0 0.0 13.0 0.0
2826.004873912936 0.0 0.0 0.0 1.0 0.0 0.0 13.0 0.0
2827.004873912936 0.0 0.0 0.0 1.0 0.0 0.0 13.0 0.0
2828.004873912936 0.0 0.0 0.0 1.0 0.0 0.0 13.0 0.0
2829.004873912936 0.0 0.0 0.0 1.0 0.0 0.0 13.0 0.0
2830.004873912936 0.0 0.0 0.0 1.0 0.0 0.0 13.0 0.0
2831.004873912936 0.0 0.0 0.0 1.0 0.0 0.0 13.0 0.0
2832.004873912936 0.0 0.0 0.0 1.0 0.0 0.0 13.0 0.0
2833.004873912936 0.0 0.0 0.0 1.0 0.0 0.0 13.0 0.0
2834.001360721632 0.0 0.0 0.0 1.0 0.0 0.0 13.0 0.0
2835.004873912936 0.0 0.0 0.0 1.0 0.0 0.0 13.0 0.0
2836.004873912936 0.0 0.0 0.0 1.0 0.0 0.0 13.0 0.0
2837.004873912936 0.0 0.0 0.0 1.0 0.0 0.0 13.0 0.0
2838.004873912936 0.0 0.0 0.0 1.0 0.0 0.0 13.0 0.0
2839.004873912936 0.0 0.0 0.0 1.0 0.0 0.0 13.0 0.0
2840.004873912936 0.0 0.0 0.0 1.0 0.0 0.0 13.0 0.0
2841.004873912936 0.0 0.0 0.0 1.0 0.0 0.0 13.0 0.0
2842.004873912936 0.0 0.0 0.0 1.0 0.0 0.0 13.0 0.0
2843.004873912936 0.0 0.0 0.0 1.0 0.0 0.0 13.0 0.0
2844.004873912936 0.0 0.0 0.0 1.0 0.0 0.0 13.0 0.0
2845.004873912936 0.0 0.0 0.0 1.0 0.0 0.0 13.0 0.0
2846.004873912936 0.0 0.0 0.0 1.0 0.0 0.0 13.0 0.0
2847.004873912936 0.0 0.0 0.0 1.0 0.0 0.0 13.0 0.0
2848.004873912936 0.0 0.0 0.0 1.0 0.0 0.0 13.0 0.0
2849.004873912936 0.0 0.0 0.0 1.0 0.0 0.0 13.0 0.0
2850.004873912936 0.0 0.0 0.0 1.0 0.0 0.0 13.0 0.0
2851.004873912936 0.0 0.0 0.0 1.0 0.0 0.0 13.0 0.0
2852.00182549145 0.0 0.0 0.0 1.0 0.0 0.0 13.0 0.0
2853.004873912936 0.0 0.0 0.0 1.0 0.0 0.0 13.0 0.0
2854.004873912936 0.0 0.0 0.0 1.0 0.0 0.0 13.0 0.0
2855.004873912936 0.0 0.0 0.0 1.0 0.0 0.0 13.0 0.0
2856.004873912936 0.0 0.0 0.0 1.0 0.0 0.0 13.0 0.0
2857.004873912936 0.0 0.0 0.0 1.0 0.0 0.0 13.0 0.0
2858.004873912936 0.0 0.0 0.0 1.0 0.0 0.0 13.0 0.0
2859.004873912936 0.0 0.0 0.0 1.0 0.0 0.0 13.0 0.0
2860.004873912936 0.0 0.0 0.0 1.0 0.0 0.0 13.0 0.0
2861.004873912936 0.0 0.0 0.0 1.0 0.0 0.0 13.0 0.0
2862.004873912936 0.0 0.0 0.0 1.0 0.0 0.0 13.0 0.0
2863.004873912936 0.0 0.0 0.0 1.0 0.0 0.0 13.0 0.0
2864.004873912936 0.0 0.0 0.0 1.0 0.0 0.0 13.0 0.0
2865.004723452987 0.0 0.0 0.0 1.0 0.0 0.0 13.0 0.0
2866.004873912936 0.0 0.0 0.0 1.0 0.0 0.0 13.0 0.0
2867.004873912936 0.0 0.0 0.0 1.0 0.0 0.0 13.0 0.0
2868.0006796811026 0.0 0.0 0.0 1.0 0.0 0.0 13.0 0.0
2869.004873912936 0.0 0.0 0.0 1.0 0.0 0.0 13.0 0.0
2870.004873912936 0.0 0.0 0.0 1.0 0.0 0.0 13.0 0.0
2871.004873912936 0.0 0.0 0.0 1.0 0.0 0.0 13.0 0.0
2872.004873912936 0.0 0.0 0.0 1.0 0.0 0.0 13.0 0.0
2873.004873912936 0.0 0.0 0.0 1.0 0.0 0.0 13.0 0.0
2874.004873912936 0.0 0.0 0.0 1.0 0.0 0.0 13.0 0.0
2875.004873912936 0.0 0.0 0.0 1.0 0.0 0.0 13.0 0.0
2876.004873912936 0.0 0.0 0.0 1.0 0.0 0.0 13.0 0.0
2877.004873912936 0.0 0.0 0.0 1.0 0.0 0.0 13.0 0.0
2878.004873912936 0.0 0.0 0.0 1.0 0.0 0.0 13.0 0.0
2879.004873912936 0.0 0.0 0.0 1.0 0.0 0.0 13.0 0.0
2880.004873912936 0.0 0.0 0.0 1.0 0.0 0.0 13.0 0.0
2881.0041797701197 0.0 0.0 0.0 1.0 0.0 0.0 13.0 0.0
2882.004873912936 0.0 0.0 0.0 1.0 0.0 0.0 13.0 0.0
2883.004873912936 0.0 0.0 0.0 1.0 0.0 0.0 13.0 0.0
2884.004873912936 0.0 0.0 0.0 1.0 0.0 0.0 13.0 0.0
2885.004873912936 0.0 0.0 0.0 1.0 0.0 0.0 13.0 0.0
2886.004873912936 0.0 0.0 0.0 1.0 0.0 0.0 13.0 0.0
2887.004873912936 0.0 0.0 0.0 1.0 0.0 0.0 13.0 0.0
2888.004873912936 0.0 0.0 0.0 1.0 0.0 0.0 13.0 0.0
2889.004873912936 0.0 0.0 0.0 1.0 0.0 0.0 13.0 0.0
2890.004873912936 0.0 0.0 0.0 1.0 0.0 0.0 13.0 0.0
2891.004873912936 0.0 0.0 0.0 1.0 0.0 0.0 13.0 0.0
2892.004873912936 0.0 0.0 0.0 1.0 0.0 0.0 13.0 0.0
2893.003548699501 0.0 0.0 0.0 1.0 0.0 0.0 13.0 0.0
2894.004873912936 0.0 0.0 0.0 1.0 0.0 0.0 13.0 0.0
2895.004873912936 0.0 0.0 0.0 1.0 0.0 0.0 13.0 0.0
2896.0006945338105 0.0 0.0 0.0 1.0 0.0 0.0 13.0 0.0
2897.004873912936 0.0 0.0 0.0 1.0 0.0 0.0 13.0 0.0
2898.004873912936 0.0 0.0 0.0 1.0 0.0 0.0 13.0 0.0
2899.004873912936 0.0 0.0 0.0 1.0 0.0 0.0 13.0 0.0
2900.0029792428136 0.0 0.0 0.0 1.0 0.0 0.0 13.0 0.0
2901.004873912936 0.0 0.0 0.0 1.0 0.0 0.0 13.0 0.0
2902.004101345665 0.0 0.0 0.0 1.0 0.0 0.0 13.0 0.0
2903.004873912936 0.0 0.0 0.0 1.0 0.0 0.0 13.0 0.0
2904.004873912936 0.0 0.0 0.0 1.0 0.0 0.0 13.0 0.0
2905.004873912936 0.0 0.0 0.0 1.0 0.0 0.0 13.0 0.0
2906.004873912936 0.0 0.0 0.0 1.0 0.0 0.0 13.0 0.0
2907.004873912936 0.0 0.0 0.0 1.0 0.0 0.0 13.0 0.0
2908.004873912936 0.0 0.0 0.0 1.0 0.0 0.0 13.0 0.0
2909.004873912936 0.0 0.0 0.0 1.0 0.0 0.0 13.0 0.0
2910.0024168146233 0.0 0.0 0.0 1.0 0.0 0.0 13.0 0.0
2911.004873912936 0.0 0.0 0.0 1.0 0.0 0.0 13.0 0.0
2912.004873912936 0.0 0.0 0.0 1.0 0.0 0.0 13.0 0.0
2913.004873912936 0.0 0.0 0.0 1.0 0.0 0.0 13.0 0.0
2914.004873912936 0.0 0.0 0.0 1.0 0.0 0.0 13.0 0.0
2915.004873912936 0.0 0.0 0.0 1.0 0.0 0.0 13.0 0.0
2916.004873912936 0.0 0.0 0.0 1.0 0.0 0.0 13.0 0.0
2917.004873912936 0.0 0.0 0.0 1.0 0.0 0.0 13.0 0.0
2918.004873912936 0.0 0.0 0.0 1.0 0.0 0.0 13.0 0.0
2919.004873912936 0.0 0.0 0.0 1.0 0.0 0.0 13.0 0.0
2920.002193870619 0.0 0.0 0.0 1.0 0.0 0.0 13.0 0.0
2921.0005729674226 0.0 0.0 0.0 1.0 0.0 0.0 13.0 0.0
2922.004873912936 0.0 0.0 0.0 1.0 0.0 0.0 13.0 0.0
2923.004873912936 0.0 0.0 0.0 1.0 0.0 0.0 13.0 0.0
2924.004873912936 0.0 0.0 0.0 1.0 0.0 0.0 13.0 0.0
2925.004873912936 0.0 0.0 0.0 1.0 0.0 0.0 13.0 0.0
2926.004873912936 0.0 0.0 0.0 1.0 0.0 0.0 13.0 0.0
2927.004873912936 0.0 0.0 0.0 1.0 0.0 0.0 13.0 0.0
2928.002905920866 0.0 0.0 0.0 1.0 0.0 0.0 13.0 0.0
2929.004873912936 0.0 0.0 0.0 1.0 0.0 0.0 13.0 0.0
2930.004873912936 0.0 0.0 0.0 1.0 0.0 0.0 13.0 0.0
2931.004873912936 0.0 0.0 0.0 1.0 0.0 0.0 13.0 0.0
2932.00032563103 0.0 0.0 0.0 1.0 0.0 0.0 13.0 0.0
2933.004873912936 0.0 0.0 0.0 1.0 0.0 0.0 13.0 0.0
2934.003944630291 0.0 0.0 0.0 1.0 0.0 0.0 13.0 0.0
2935.004873912936 0.0 0.0 0.0 1.0 0.0 0.0 13.0 0.0
2936.004873912936 0.0 0.0 0.0 1.0 0.0 0.0 13.0 0.0
2937.004873912936 0.0 0.0 0.0 1.0 0.0 0.0 13.0 0.0
2938.004873912936 0.0 0.0 0.0 1.0 0.0 0.0 13.0 0.0
2939.004873912936 0.0 0.0 0.0 1.0 0.0 0.0 13.0 0.0
2940.004873912936 0.0 0.0 0.0 1.0 0.0 0.0 13.0 0.0
2941.0010695146416 0.0 0.0 0.0 1.0 0.0 0.0 13.0 0.0
2942.004873912936 0.0 0.0 0.0 1.0 0.0 0.0 13.0 0.0
2943.004873912936 0.0 0.0 0.0 1.0 0.0 0.0 13.0 0.0
2944.004873912936 0.0 0.0 0.0 1.0 0.0 0.0 13.0 0.0
2945.004873912936 0.0 0.0 0.0 1.0 0.0 0.0 13.0 0.0
2946.004873912936 0.0 0.0 0.0 1.0 0.0 0.0 13.0 0.0
2947.00396197514 0.0 0.0 0.0 1.0 0.0 0.0 13.0 0.0
2948.004873912936 0.0 0.0 0.0 1.0 0.0 0.0 13.0 0.0
2949.004873912936 0.0 0.0 0.0 1.0 0.0 0.0 13.0 0.0
2950.004873912936 0.0 0.0 0.0 1.0 0.0 0.0 13.0 0.0
2951.0047494884748 0.0 0.0 0.0 1.0 0.0 0.0 13.0 0.0
2952.003377796577 0.0 0.0 0.0 1.0 0.0 0.0 13.0 0.0
2953.004873912936 0.0 0.0 0.0 1.0 0.0 0.0 13.0 0.0
2954.004873912936 0.0 0.0 0.0 1.0 0.0 0.0 13.0 0.0
2955.004873912936 0.0 0.0 0.0 1.0 0.0 0.0 13.0 0.0
2956.004873912936 0.0 0.0 0.0 1.0 0.0 0.0 13.0 0.0
2957.0045715664846 0.0 0.0 0.0 1.0 0.0 0.0 13.0 0.0
2958.004873912936 0.0 0.0 0.0 1.0 0.0 0.0 13.0 0.0
2959.004873912936 0.0 0.0 0.0 1.0 0.0 0.0 13.0 0.0
2960.004873912936 0.0 0.0 0.0 1.0 0.0 0.0 13.0 0.0
2961.004873912936 0.0 0.0 0.0 1.0 0.0 0.0 13.0 0.0
2962.004873912936 0.0 0.0 0.0 1.0 0.0 0.0 13.0 0.0
2963.004873912936 0.0 0.0 0.0 1.0 0.0 0.0 13.0 0.0
2964.004873912936 0.0 0.0 0.0 1.0 0.0 0.0 13.0 0.0
2965.004873912936 0.0 0.0 0.0 1.0 0.0 0.0 13.0 0.0
2966.004873912936 0.0 0.0 0.0 1.0 0.0 0.0 13.0 0.0
2967.004873912936 0.0 0.0 0.0 1.0 0.0 0.0 13.0 0.0
2968.004873912936 0.0 0.0 0.0 1.0 0.0 0.0 13.0 0.0
2969.004873912936 0.0 0.0 0.0 1.0 0.0 0.0 13.0 0.0
2970.004873912936 0.0 0.0 0.0 1.0 0.0 0.0 13.0 0.0
2971.0016122211355 0.0 0.0 0.0 1.0 0.0 0.0 13.0 0.0
2972.004873912936 0.0 0.0 0.0 1.0 0.0 0.0 13.0 0.0
2973.004873912936 0.0 0.0 0.0 1.0 0.0 0.0 13.0 0.0
2974.004873912936 0.0 0.0 0.0 1.0 0.0 0.0 13.0 0.0
2975.004873912936 0.0 0.0 0.0 1.0 0.0 0.0 13.0 0.0
2976.004873912936 0.0 0.0 0.0 1.0 0.0 0.0 13.0 0.0
2977.004873912936 0.0 0.0 0.0 1.0 0.0 0.0 13.0 0.0
2978.004873912936 0.0 0.0 0.0 1.0 0.0 0.0 13.0 0.0
2979.0029965134026 0.0 0.0 0.0 1.0 0.0 0.0 13.0 0.0
2980.004873912936 0.0 0.0 0.0 1.0 0.0 0.0 13.0 0.0
2981.004873912936 0.0 0.0 0.0 1.0 0.0 0.0 13.0 0.0
2982.004873912936 0.0 0.0 0.0 1.0 0.0 0.0 13.0 0.0
2983.004873912936 0.0 0.0 0.0 1.0 0.0 0.0 13.0 0.0
2984.004873912936 0.0 0.0 0.0 1.0 0.0 0.0 13.0 0.0
2985.004873912936 0.0 0.0 0.0 1.0 0.0 0.0 13.0 0.0
2986.004873912936 0.0 0.0 0.0 1.0 0.0 0.0 13.0 0.0
2987.004873912936 0.0 0.0 0.0 1.0 0.0 0.0 13.0 0.0
2988.004873912936 0.0 0.0 0.0 1.0 0.0 0.0 13.0 0.0
2989.004873912936 0.0 0.0 0.0 1.0 0.0 0.0 13.0 0.0
2990.004873912936 0.0 0.0 0.0 1.0 0.0 0.0 13.0 0.0
2991.004873912936 0.0 0.0 0.0 1.0 0.0 0.0 13.0 0.0
2992.004873912936 0.0 0.0 0.0 1.0 0.0 0.0 13.0 0.0
2993.004873912936 0.0 0.0 0.0 1.0 0.0 0.0 13.0 0.0
2994.004873912936 0.0 0.0 0.0 1.0 0.0 0.0 13.0 0.0
2995.004873912936 0.0 0.0 0.0 1.0 0.0 0.0 13.0 0.0
2996.004873912936 0.0 0.0 0.0 1.0 0.0 0.0 13.0 0.0
2997.004873912936 0.0 0.0 0.0 1.0 0.0 0.0 13.0 0.0
2998.004873912936 0.0 0.0 0.0 1.0 0.0 0.0 13.0 0.0
2999.00022580192 0.0 0.0 0.0 1.0 0.0 0.0 13.0 0.0
3000.004873912936 0.0 0.0 0.0 1.0 0.0 0.0 13.0 0.0
3001.004873912936 0.0 0.0 0.0 1.0 0.0 0.0 13.0 0.0
3002.004873912936 0.0 0.0 0.0 1.0 0.0 0.0 13.0 0.0
3003.004873912936 0.0 0.0 0.0 1.0 0.0 0.0 13.0 0.0
3004.004873912936 0.0 0.0 0.0 1.0 0.0 0.0 13.0 0.0
3005.004873912936 0.0 0.0 0.0 1.0 0.0 0.0 13.0 0.0
3006.004873912936 0.0 0.0 0.0 1.0 0.0 0.0 13.0 0.0
3007.004873912936 0.0 0.0 0.0 1.0 0.0 0.0 13.0 0.0
3008.004873912936 0.0 0.0 0.0 1.0 0.0 0.0 13.0 0.0
3009.004873912936 0.0 0.0 0.0 1.0 0.0 0.0 13.0 0.0
3010.004873912936 0.0 0.0 0.0 1.0 0.0 0.0 13.0 0.0
3011.004873912936 0.0 0.0 0.0 1.0 0.0 0.0 13.0 0.0
3012.003751265472 0.0 0.0 0.0 1.0 0.0 0.0 13.0 0.0
3013.004873912936 0.0 0.0 0.0 1.0 0.0 0.0 13.0 0.0
3014.004873912936 0.0 0.0 0.0 1.0 0.0 0.0 13.0 0.0
3015.004873912936 0.0 0.0 0.0 1.0 0.0 0.0 13.0 0.0
3016.004873912936 0.0 0.0 0.0 1.0 0.0 0.0 13.0 0.0
3017.004873912936 0.0 0.0 0.0 1.0 0.0 0.0 13.0 0.0
3018.004873912936 0.0 0.0 0.0 1.0 0.0 0.0 13.0 0.0
3019.004873912936 0.0 0.0 0.0 1.0 0.0 0.0 13.0 0.0
3020.001480201334 0.0 0.0 0.0 1.0 0.0 0.0 13.0 0.0
3021.004873912936 0.0 0.0 0.0 1.0 0.0 0.0 13.0 0.0
3022.004873912936 0.0 0.0 0.0 1.0 0.0 0.0 13.0 0.0
3023.004873912936 0.0 0.0 0.0 1.0 0.0 0.0 13.0 0.0
3024.004873912936 0.0 0.0 0.0 1.0 0.0 0.0 13.0 0.0
3025.004873912936 0.0 0.0 0.0 1.0 0.0 0.0 13.0 0.0
3026.004873912936 0.0 0.0 0.0 1.0 0.0 0.0 13.0 0.0
3027.004873912936 0.0 0.0 0.0 1.0 0.0 0.0 13.0 0.0
3028.004873912936 0.0 0.0 0.0 1.0 0.0 0.0 13.0 0.0
3029.004873912936 0.0 0.0 0.0 1.0 0.0 0.0 13.0 0.0
3030.000839785219 0.0 0.0 0.0 1.0 0.0 0.0 13.0 0.0
3031.004873912936 0.0 0.0 0.0 1.0 0.0 0.0 13.0 0.0
3032.004873912936 0.0 0.0 0.0 1.0 0.0 0.0 13.0 0.0
3033.004873912936 0.0 0.0 0.0 1.0 0.0 0.0 13.0 0.0
3034.004873912936 0.0 0.0 0.0 1.0 0.0 0.0 13.0 0.0
3035.004873912936 0.0 0.0 0.0 1.0 0.0 0.0 13.0 0.0
3036.004873912936 0.0 0.0 0.0 1.0 0.0 0.0 13.0 0.0
3037.004873912936 0.0 0.0 0.0 1.0 0.0 0.0 13.0 0.0
3038.004873912936 0.0 0.0 0.0 1.0 0.0 0.0 13.0 0.0
3039.004873912936 0.0 0.0 0.0 1.0 0.0 0.0 13.0 0.0
3040.0031940294393 0.0 0.0 0.0 1.0 0.0 0.0 13.0 0.0
3041.004873912936 0.0 0.0 0.0 1.0 0.0 0.0 13.0 0.0
3042.004873912936 0.0 0.0 0.0 1.0 0.0 0.0 13.0 0.0
3043.004873912936 0.0 0.0 0.0 1.0 0.0 0.0 13.0 0.0
3044.004873912936 0.0 0.0 0.0 1.0 0.0 0.0 13.0 0.0
3045.004873912936 0.0 0.0 0.0 1.0 0.0 0.0 13.0 0.0
3046.004873912936 0.0 0.0 0.0 1.0 0.0 0.0 13.0 0.0
3047.004873912936 0.0 0.0 0.0 1.0 0.0 0.0 13.0 0.0
3048.004873912936 0.0 0.0 0.0 1.0 0.0 0.0 13.0 0.0
3049.004873912936 0.0 0.0 0.0 1.0 0.0 0.0 13.0 0.0
3050.004873912936 0.0 0.0 0.0 1.0 0.0 0.0 13.0 0.0
3051.004873912936 0.0 0.0 0.0 1.0 0.0 0.0 13.0 0.0
3052.004873912936 0.0 0.0 0.0 1.0 0.0 0.0 13.0 0.0
3053.004873912936 0.0 0.0 0.0 1.0 0.0 0.0 13.0 0.0
3054.0025696041357 0.0 0.0 0.0 1.0 0.0 0.0 13.0 0.0
3055.004873912936 0.0 0.0 0.0 1.0 0.0 0.0 13.0 0.0
3056.004873912936 0.0 0.0 0.0 1.0 0.0 0.0 13.0 0.0
3057.004873912936 0.0 0.0 0.0 1.0 0.0 0.0 13.0 0.0
3058.004873912936 0.0 0.0 0.0 1.0 0.0 0.0 13.0 0.0
3059.004873912936 0.0 0.0 0.0 1.0 0.0 0.0 13.0 0.0
3060.004873912936 0.0 0.0 0.0 1.0 0.0 0.0 13.0 0.0
3061.004873912936 0.0 0.0 0.0 1.0 0.0 0.0 13.0 0.0
3062.004873912936 0.0 0.0 0.0 1.0 0.0 0.0 13.0 0.0
3063.004873912936 0.0 0.0 0.0 1.0 0.0 0.0 13.0 0.0
3064.004873912936 0.0 0.0 0.0 1.0 0.0 0.0 13.0 0.0
3065.0024774188314 0.0 0.0 0.0 1.0 0.0 0.0 13.0 0.0
3066.004873912936 0.0 0.0 0.0 1.0 0.0 0.0 13.0 0.0
3067.004873912936 0.0 0.0 0.0 1.0 0.0 0.0 13.0 0.0
3068.004873912936 0.0 0.0 0.0 1.0 0.0 0.0 13.0 0.0
3069.004873912936 0.0 0.0 0.0 1.0 0.0 0.0 13.0 0.0
3070.004873912936 0.0 0.0 0.0 1.0 0.0 0.0 13.0 0.0
3071.004873912936 0.0 0.0 0.0 1.0 0.0 0.0 13.0 0.0
3072.004873912936 0.0 0.0 0.0 1.0 0.0 0.0 13.0 0.0
3073.004873912936 0.0 0.0 0.0 1.0 0.0 0.0 13.0 0.0
3074.004873912936 0.0 0.0 0.0 1.0 0.0 0.0 13.0 0.0
3075.004873912936 0.0 0.0 0.0 1.0 0.0 0.0 13.0 0.0
3076.004873912936 0.0 0.0 0.0 1.0 0.0 0.0 13.0 0.0
3077.004873912936 0.0 0.0 0.0 1.0 0.0 0.0 13.0 0.0
3078.004873912936 0.0 0.0 0.0 1.0 0.0 0.0 13.0 0.0
3079.004873912936 0.0 0.0 0.0 1.0 0.0 0.0 13.0 0.0
3080.004873912936 0.0 0.0 0.0 1.0 0.0 0.0 13.0 0.0
3081.004873912936 0.0 0.0 0.0 1.0 0.0 0.0 13.0 0.0
3082.004873912936 0.0 0.0 0.0 1.0 0.0 0.0 13.0 0.0
3083.004873912936 0.0 0.0 0.0 1.0 0.0 0.0 13.0 0.0
3084.004873912936 0.0 0.0 0.0 1.0 0.0 0.0 13.0 0.0
3085.004873912936 0.0 0.0 0.0 1.0 0.0 0.0 13.0 0.0
3086.004873912936 0.0 0.0 0.0 1.0 0.0 0.0 13.0 0.0
3087.004873912936 0.0 0.0 0.0 1.0 0.0 0.0 13.0 0.0
3088.004873912936 0.0 0.0 0.0 1.0 0.0 0.0 13.0 0.0
3089.004873912936 0.0 0.0 0.0 1.0 0.0 0.0 13.0 0.0
3090.004098745479 0.0 0.0 0.0 1.0 0.0 0.0 13.0 0.0
3091.004873912936 0.0 0.0 0.0 1.0 0.0 0.0 13.0 0.0
3092.004873912936 0.0 0.0 0.0 1.0 0.0 0.0 13.0 0.0
3093.004873912936 0.0 0.0 0.0 1.0 0.0 0.0 13.0 0.0
3094.004873912936 0.0 0.0 0.0 1.0 0.0 0.0 13.0 0.0
3095.004873912936 0.0 0.0 0.0 1.0 0.0 0.0 13.0 0.0
3096.004873912936 0.0 0.0 0.0 1.0 0.0 0.0 13.0 0.0
3097.0030804102635 0.0 0.0 0.0 1.0 0.0 0.0 13.0 0.0
3098.004873912936 0.0 0.0 0.0 1.0 0.0 0.0 13.0 0.0
3099.004873912936 0.0 0.0 0.0 1.0 0.0 0.0 13.0 0.0
3100.004873912936 0.0 0.0 0.0 1.0 0.0 0.0 13.0 0.0
3101.004873912936 0.0 0.0 0.0 1.0 0.0 0.0 13.0 0.0
3102.004873912936 0.0 0.0 0.0 1.0 0.0 0.0 13.0 0.0
3103.004873912936 0.0 0.0 0.0 1.0 0.0 0.0 13.0 0.0
3104.004873912936 0.0 0.0 0.0 1.0 0.0 0.0 13.0 0.0
3105.004873912936 0.0 0.0 0.0 1.0 0.0 0.0 13.0 0.0
3106.004873912936 0.0 0.0 0.0 1.0 0.0 0.0 13.0 0.0
3107.004873912936 0.0 0.0 0.0 1.0 0.0 0.0 13.0 0.0
3108.002046230307 0.0 0.0 0.0 1.0 0.0 0.0 13.0 0.0
3109.004873912936 0.0 0.0 0.0 1.0 0.0 0.0 13.0 0.0
3110.004873912936 0.0 0.0 0.0 1.0 0.0 0.0 13.0 0.0
3111.004873912936 0.0 0.0 0.0 1.0 0.0 0.0 13.0 0.0
3112.004873912936 0.0 0.0 0.0 1.0 0.0 0.0 13.0 0.0
3113.004873912936 0.0 0.0 0.0 1.0 0.0 0.0 13.0 0.0
3114.004873912936 0.0 0.0 0.0 1.0 0.0 0.0 13.0 0.0
3115.004873912936 0.0 0.0 0.0 1.0 0.0 0.0 13.0 0.0
3116.004873912936 0.0 0.0 0.0 1.0 0.0 0.0 13.0 0.0
3117.004873912936 0.0 0.0 0.0 1.0 0.0 0.0 13.0 0.0
3118.004873912936 0.0 0.0 0.0 1.0 0.0 0.0 13.0 0.0
3119.004873912936 0.0 0.0 0.0 1.0 0.0 0.0 13.0 0.0
3120.004873912936 0.0 0.0 0.0 1.0 0.0 0.0 13.0 0.0
3121.004873912936 0.0 0.0 0.0 1.0 0.0 0.0 13.0 0.0
3122.001837127386 0.0 0.0 0.0 1.0 0.0 0.0 13.0 0.0
3123.004873912936 0.0 0.0 0.0 1.0 0.0 0.0 13.0 0.0
3124.004873912936 0.0 0.0 0.0 1.0 0.0 0.0 13.0 0.0
3125.004873912936 0.0 0.0 0.0 1.0 0.0 0.0 13.0 0.0
3126.004873912936 0.0 0.0 0.0 1.0 0.0 0.0 13.0 0.0
3127.004873912936 0.0 0.0 0.0 1.0 0.0 0.0 13.0 0.0
3128.004873912936 0.0 0.0 0.0 1.0 0.0 0.0 13.0 0.0
3129.004873912936 0.0 0.0 0.0 1.0 0.0 0.0 13.0 0.0
3130.004873912936 0.0 0.0 0.0 1.0 0.0 0.0 13.0 0.0
3131.004873912936 0.0 0.0 0.0 1.0 0.0 0.0 13.0 0.0
3132.004873912936 0.0 0.0 0.0 1.0 0.0 0.0 13.0 0.0
3133.00272659182 0.0 0.0 0.0 1.0 0.0 0.0 13.0 0.0
3134.004873912936 0.0 0.0 0.0 1.0 0.0 0.0 13.0 0.0
3135.004873912936 0.0 0.0 0.0 1.0 0.0 0.0 13.0 0.0
3136.004873912936 0.0 0.0 0.0 1.0 0.0 0.0 13.0 0.0
3137.004873912936 0.0 0.0 0.0 1.0 0.0 0.0 13.0 0.0
3138.004873912936 0.0 0.0 0.0 1.0 0.0 0.0 13.0 0.0
3139.004873912936 0.0 0.0 0.0 1.0 0.0 0.0 13.0 0.0
3140.0025109226167 0.0 0.0 0.0 1.0 0.0 0.0 13.0 0.0
3141.004873912936 0.0 0.0 0.0 1.0 0.0 0.0 13.0 0.0
3142.004873912936 0.0 0.0 0.0 1.0 0.0 0.0 13.0 0.0
3143.004873912936 0.0 0.0 0.0 1.0 0.0 0.0 13.0 0.0
3144.004873912936 0.0 0.0 0.0 1.0 0.0 0.0 13.0 0.0
3145.004873912936 0.0 0.0 0.0 1.0 0.0 0.0 13.0 0.0
3146.004873912936 0.0 0.0 0.0 1.0 0.0 0.0 13.0 0.0
3147.004873912936 0.0 0.0 0.0 1.0 0.0 0.0 13.0 0.0
3148.004873912936 0.0 0.0 0.0 1.0 0.0 0.0 13.0 0.0
3149.004873912936 0.0 0.0 0.0 1.0 0.0 0.0 13.0 0.0
3150.004873912936 0.0 0.0 0.0 1.0 0.0 0.0 13.0 0.0
3151.004873912936 0.0 0.0 0.0 1.0 0.0 0.0 13.0 0.0
3152.004873912936 0.0 0.0 0.0 1.0 0.0 0.0 13.0 0.0
3153.004873912936 0.0 0.0 0.0 1.0 0.0 0.0 13.0 0.0
3154.004873912936 0.0 0.0 0.0 1.0 0.0 0.0 13.0 0.0
3155.004873912936 0.0 0.0 0.0 1.0 0.0 0.0 13.0 0.0
3156.004873912936 0.0 0.0 0.0 1.0 0.0 0.0 13.0 0.0
3157.004873912936 0.0 0.0 0.0 1.0 0.0 0.0 13.0 0.0
3158.004873912936 0.0 0.0 0.0 1.0 0.0 0.0 13.0 0.0
3159.004873912936 0.0 0.0 0.0 1.0 0.0 0.0 13.0 0.0
3160.0029567117545 0.0 0.0 0.0 1.0 0.0 0.0 13.0 0.0
3161.004873912936 0.0 0.0 0.0 1.0 0.0 0.0 13.0 0.0
3162.004873912936 0.0 0.0 0.0 1.0 0.0 0.0 13.0 0.0
3163.004873912936 0.0 0.0 0.0 1.0 0.0 0.0 13.0 0.0
3164.004873912936 0.0 0.0 0.0 1.0 0.0 0.0 13.0 0.0
3165.004873912936 0.0 0.0 0.0 1.0 0.0 0.0 13.0 0.0
3166.004873912936 0.0 0.0 0.0 1.0 0.0 0.0 13.0 0.0
3167.003644338691 0.0 0.0 0.0 1.0 0.0 0.0 13.0 0.0
3168.004873912936 0.0 0.0 0.0 1.0 0.0 0.0 13.0 0.0
3169.004873912936 0.0 0.0 0.0 1.0 0.0 0.0 13.0 0.0
3170.004873912936 0.0 0.0 0.0 1.0 0.0 0.0 13.0 0.0
3171.004873912936 0.0 0.0 0.0 1.0 0.0 0.0 13.0 0.0
3172.004873912936 0.0 0.0 0.0 1.0 0.0 0.0 13.0 0.0
3173.004873912936 0.0 0.0 0.0 1.0 0.0 0.0 13.0 0.0
3174.004873912936 0.0 0.0 0.0 1.0 0.0 0.0 13.0 0.0
3175.001394528914 0.0 0.0 0.0 1.0 0.0 0.0 13.0 0.0
3176.0041712088946 0.0 0.0 0.0 1.0 0.0 0.0 13.0 0.0
3177.004873912936 0.0 0.0 0.0 1.0 0.0 0.0 13.0 0.0
3178.004873912936 0.0 0.0 0.0 1.0 0.0 0.0 13.0 0.0
3179.004873912936 0.0 0.0 0.0 1.0 0.0 0.0 13.0 0.0
3180.004873912936 0.0 0.0 0.0 1.0 0.0 0.0 13.0 0.0
3181.004873912936 0.0 0.0 0.0 1.0 0.0 0.0 13.0 0.0
3182.004873912936 0.0 0.0 0.0 1.0 0.0 0.0 13.0 0.0
3183.004873912936 0.0 0.0 0.0 1.0 0.0 0.0 13.0 0.0
3184.001413399992 0.0 0.0 0.0 1.0 0.0 0.0 13.0 0.0
3185.004873912936 0.0 0.0 0.0 1.0 0.0 0.0 13.0 0.0
3186.004873912936 0.0 0.0 0.0 1.0 0.0 0.0 13.0 0.0
3187.004873912936 0.0 0.0 0.0 1.0 0.0 0.0 13.0 0.0
3188.0000465533963 0.0 0.0 0.0 1.0 0.0 0.0 13.0 0.0
3189.004873912936 0.0 0.0 0.0 1.0 0.0 0.0 13.0 0.0
3190.004873912936 0.0 0.0 0.0 1.0 0.0 0.0 13.0 0.0
3191.0000828210514 0.0 0.0 0.0 1.0 0.0 0.0 13.0 0.0
3192.004873912936 0.0 0.0 0.0 1.0 0.0 0.0 13.0 0.0
3193.004873912936 0.0 0.0 0.0 1.0 0.0 0.0 13.0 0.0
3194.004873912936 0.0 0.0 0.0 1.0 0.0 0.0 13.0 0.0
3195.004873912936 0.0 0.0 0.0 1.0 0.0 0.0 13.0 0.0
3196.004873912936 0.0 0.0 0.0 1.0 0.0 0.0 13.0 0.0
3197.0007917809435 0.0 0.0 0.0 1.0 0.0 0.0 13.0 0.0
3198.004873912936 0.0 0.0 0.0 1.0 0.0 0.0 13.0 0.0
3199.004873912936 0.0 0.0 0.0 1.0 0.0 0.0 13.0 0.0
3200.004446744667 0.0 0.0 0.0 1.0 0.0 0.0 13.0 0.0
3201.004873912936 0.0 0.0 0.0 1.0 0.0 0.0 12.475 0.0
3202.004873912936 0.0 0.0 0.0 1.0 0.0 0.0 11.875 0.0
3203.004873912936 0.0 0.0 0.0 1.0 0.0 0.0 11.4 0.0
3204.004873912936 0.0 0.0 0.0 1.0 0.0 0.0 11.2 0.0
3205.004873912936 0.0 0.0 0.0 1.0 0.0 0.0 11.05 0.0
3206.004873912936 0.0 0.0 0.0 1.0 0.0 0.0 11.0 0.0
3207.004873912936 0.0 0.0 0.0 1.0 0.0 0.0 11.0 0.0
3208.004873912936 0.0 0.0 0.0 1.0 0.0 0.0 11.0 0.0
3209.004873912936 0.0 0.0 0.0 1.0 0.0 0.0 11.0 0.0
3210.004873912936 0.0 0.0 0.0 1.0 0.0 0.0 11.0 0.0
3211.003708510035 0.0 0.0 0.0 1.0 0.0 0.0 11.0 0.0
3212.004873912936 0.0 0.0 0.0 1.0 0.0 0.0 11.0 0.0
3213.004873912936 0.0 0.0 0.0 1.0 0.0 0.0 11.0 0.0
3214.004873912936 0.0 0.0 0.0 1.0 0.0 0.0 11.0 0.0
3215.004873912936 0.0 0.0 0.0 1.0 0.0 0.0 11.0 0.0
3216.004873912936 0.0 0.0 0.0 1.0 0.0 0.0 11.0 0.0
3217.004873912936 0.0 0.0 0.0 1.0 0.0 0.0 11.0 0.0
3218.004873912936 0.0 0.0 0.0 1.0 0.0 0.0 11.0 0.0
3219.004873912936 0.0 0.0 0.0 1.0 0.0 0.0 11.0 0.0
3220.004873912936 0.0 0.0 0.0 1.0 0.0 0.0 11.0 0.0
3221.004873912936 0.0 0.0 0.0 1.0 0.0 0.0 11.0 0.0
3222.004873912936 0.0 0.0 0.0 1.0 0.0 0.0 11.0 0.0
3223.004873912936 0.0 0.0 0.0 1.0 0.0 0.0 11.0 0.0
3224.0044601873083 0.0 0.0 0.0 1.0 0.0 0.0 11.0 0.0
3225.004873912936 0.0 0.0 0.0 1.0 0.0 0.0 11.0 0.0
3226.004873912936 0.0 0.0 0.0 1.0 0.0 0.0 11.0 0.0
3227.004873912936 0.0 0.0 0.0 1.0 0.0 0.0 11.0 0.0
3228.0017208195663 0.0 0.0 0.0 1.0 0.0 0.0 11.0 0.0
3229.0033705671704 0.0 0.0 0.0 1.0 0.0 0.0 11.0 0.0
3230.004873912936 0.0 0.0 0.0 1.0 0.0 0.0 11.0 0.0
3231.004873912936 0.0 0.0 0.0 1.0 0.0 0.0 11.0 0.0
3232.004041952994 0.0 0.0 0.0 1.0 0.0 0.0 11.0 0.0
3233.004873912936 0.0 0.0 0.0 1.0 0.0 0.0 11.0 0.0
3234.004873912936 0.0 0.0 0.0 1.0 0.0 0.0 11.0 0.0
3235.0044262312354 0.0 0.0 0.0 1.0 0.0 0.0 11.0 0.0
3236.004873912936 0.0 0.0 0.0 1.0 0.0 0.0 11.0 0.0
3237.004873912936 0.0 0.0 0.0 1.0 0.0 0.0 11.0 0.0
3238.004873912936 0.0 0.0 0.0 1.0 0.0 0.0 11.0 0.0
3239.004873912936 0.0 0.0 0.0 1.0 0.0 0.0 11.0 0.0
3240.004873912936 0.0 0.0 0.0 1.0 0.0 0.0 11.0 0.0
3241.004873912936 0.0 0.0 0.0 1.0 0.0 0.0 11.0 0.0
3242.0005773059042 0.0 0.0 0.0 1.0 0.0 0.0 11.0 0.0
3243.004873912936 0.0 0.0 0.0 1.0 0.0 0.0 11.0 0.0
3244.004873912936 0.0 0.0 0.0 1.0 0.0 0.0 11.0 0.0
3245.004873912936 0.0 0.0 0.0 1.0 0.0 0.0 11.0 0.0
3246.004873912936 0.0 0.0 0.0 1.0 0.0 0.0 11.0 0.0
3247.004873912936 0.0 0.0 0.0 1.0 0.0 0.0 11.0 0.0
3248.003224420886 0.0 0.0 0.0 1.0 0.0 0.0 11.0 0.0
3249.004873912936 0.0 0.0 0.0 1.0 0.0 0.0 11.0 0.0
3250.0024041789907 0.0 0.0 0.0 1.0 0.0 0.0 11.0 0.0
3251.004873912936 0.0 0.0 0.0 1.0 0.0 0.0 11.0 0.0
3252.004873912936 0.0 0.0 0.0 1.0 0.0 0.0 11.0 0.0
3253.004873912936 0.0 0.0 0.0 1.0 0.0 0.0 11.0 0.0
3254.004873912936 0.0 0.0 0.0 1.0 0.0 0.0 11.0 0.0
3255.004873912936 0.0 0.0 0.0 1.0 0.0 0.0 11.0 0.0
3256.004873912936 0.0 0.0 0.0 1.0 0.0 0.0 11.0 0.0
3257.004364929637 0.0 0.0 0.0 1.0 0.0 0.0 11.0 0.0
3258.004873912936 0.0 0.0 0.0 1.0 0.0 0.0 11.0 0.0
3259.004873912936 0.0 0.0 0.0 1.0 0.0 0.0 11.0 0.0
3260.004873912936 0.0 0.0 0.0 1.0 0.0 0.0 11.0 0.0
3261.004873912936 0.0 0.0 0.0 1.0 0.0 0.0 11.0 0.0
3262.004873912936 0.0 0.0 0.0 1.0 0.0 0.0 11.0 0.0
3263.004873912936 0.0 0.0 0.0 1.0 0.0 0.0 11.0 0.0
3264.004873912936 0.0 0.0 0.0 1.0 0.0 0.0 11.0 0.0
3265.004873912936 0.0 0.0 0.0 1.0 0.0 0.0 11.0 0.0
3266.004873912936 0.0 0.0 0.0 1.0 0.0 0.0 11.0 0.0
3267.004873912936 0.0 0.0 0.0 1.0 0.0 0.0 11.0 0.0
3268.003297662372 0.0 0.0 0.0 1.0 0.0 0.0 11.0 0.0
3269.004873912936 0.0 0.0 0.0 1.0 0.0 0.0 11.0 0.0
3270.004873912936 0.0 0.0 0.0 1.0 0.0 0.0 11.0 0.0
3271.004873912936 0.0 0.0 0.0 1.0 0.0 0.0 11.0 0.0
3272.004480680789 0.0 0.0 0.0 1.0 0.0 0.0 11.0 0.0
3273.004873912936 0.0 0.0 0.0 1.0 0.0 0.0 11.0 0.0
3274.004873912936 0.0 0.0 0.0 1.0 0.0 0.0 11.0 0.0
3275.004873912936 0.0 0.0 0.0 1.0 0.0 0.0 11.0 0.0
3276.004873912936 0.0 0.0 0.0 1.0 0.0 0.0 11.0 0.0
3277.004873912936 0.0 0.0 0.0 1.0 0.0 0.0 11.0 0.0
3278.004873912936 0.0 0.0 0.0 1.0 0.0 0.0 11.0 0.0
3279.004873912936 0.0 0.0 0.0 1.0 0.0 0.0 11.0 0.0
3280.004873912936 0.0 0.0 0.0 1.0 0.0 0.0 11.0 0.0
3281.004873912936 0.0 0.0 0.0 1.0 0.0 0.0 11.0 0.0
3282.004873912936 0.0 0.0 0.0 1.0 0.0 0.0 11.0 0.0
3283.004873912936 0.0 0.0 0.0 1.0 0.0 0.0 11.0 0.0
3284.004873912936 0.0 0.0 0.0 1.0 0.0 0.0 11.0 0.0
3285.004873912936 0.0 0.0 0.0 1.0 0.0 0.0 11.0 0.0
3286.004873912936 0.0 0.0 0.0 1.0 0.0 0.0 11.0 0.0
3287.0016012016454 0.0 0.0 0.0 1.0 0.0 0.0 11.0 0.0
3288.004873912936 0.0 0.0 0.0 1.0 0.0 0.0 11.0 0.0
3289.004873912936 0.0 0.0 0.0 1.0 0.0 0.0 11.0 0.0
3290.004873912936 0.0 0.0 0.0 1.0 0.0 0.0 11.0 0.0
3291.004873912936 0.0 0.0 0.0 1.0 0.0 0.0 11.0 0.0
3292.004873912936 0.0 0.0 0.0 1.0 0.0 0.0 11.0 0.0
3293.004873912936 0.0 0.0 0.0 1.0 0.0 0.0 11.0 0.0
3294.004873912936 0.0 0.0 0.0 1.0 0.0 0.0 11.0 0.0
3295.004873912936 0.0 0.0 0.0 1.0 0.0 0.0 11.0 0.0
3296.004873912936 0.0 0.0 0.0 1.0 0.0 0.0 11.0 0.0
3297.004873912936 0.0 0.0 0.0 1.0 0.0 0.0 11.0 0.0
3298.004873912936 0.0 0.0 0.0 1.0 0.0 0.0 11.0 0.0
3299.004873912936 0.0 0.0 0.0 1.0 0.0 0.0 11.0 0.0
3300.004873912936 0.0 0.0 0.0 1.0 0.0 0.0 11.0 0.0
3301.004873912936 0.0 0.0 0.0 1.0 0.0 0.0 11.0 0.0
3302.004873912936 0.0 0.0 0.0 1.0 0.0 0.0 11.0 0.0
3303.004873912936 0.0 0.0 0.0 1.0 0.0 0.0 11.0 0.0
3304.0037821237815 0.0 0.0 0.0 1.0 0.0 0.0 11.0 0.0
3305.0026717327232 0.0 0.0 0.0 1.0 0.0 0.0 11.0 0.0
3306.000159433802 0.0 0.0 0.0 1.0 0.0 0.0 11.0 0.0
3307.002000451418 0.0 0.0 0.0 1.0 0.0 0.0 11.0 0.0
3308.004873912936 0.0 0.0 0.0 1.0 0.0 0.0 11.0 0.0
3309.004873912936 0.0 0.0 0.0 1.0 0.0 0.0 11.0 0.0
3310.002677400163 0.0 0.0 0.0 1.0 0.0 0.0 11.0 0.0
3311.004873912936 0.0 0.0 0.0 1.0 0.0 0.0 11.0 0.0
3312.004873912936 0.0 0.0 0.0 1.0 0.0 0.0 11.0 0.0
3313.004873912936 0.0 0.0 0.0 1.0 0.0 0.0 11.0 0.0
3314.004873912936 0.0 0.0 0.0 1.0 0.0 0.0 11.0 0.0
3315.004873912936 0.0 0.0 0.0 1.0 0.0 0.0 11.0 0.0
3316.004873912936 0.0 0.0 0.0 1.0 0.0 0.0 11.0 0.0
3317.0004687343367 0.0 0.0 0.0 1.0 0.0 0.0 11.0 0.0
3318.004873912936 0.0 0.0 0.0 1.0 0.0 0.0 11.0 0.0
3319.004873912936 0.0 0.0 0.0 1.0 0.0 0.0 11.0 0.0
3320.004873912936 0.0 0.0 0.0 1.0 0.0 0.0 11.0 0.0
3321.0011958352884 0.0 0.0 0.0 1.0 0.0 0.0 11.0 0.0
3322.004873912936 0.0 0.0 0.0 1.0 0.0 0.0 11.0 0.0
3323.004069770866 0.0 0.0 0.0 1.0 0.0 0.0 11.0 0.0
3324.004873912936 0.0 0.0 0.0 1.0 0.0 0.0 11.0 0.0
3325.000905882361 0.0 0.0 0.0 1.0 0.0 0.0 11.0 0.0
3326.004873912936 0.0 0.0 0.0 1.0 0.0 0.0 11.0 0.0
3327.004873912936 0.0 0.0 0.0 1.0 0.0 0.0 11.0 0.0
3328.004873912936 0.0 0.0 0.0 1.0 0.0 0.0 11.0 0.0
3329.004873912936 0.0 0.0 0.0 1.0 0.0 0.0 11.0 0.0
3330.004873912936 0.0 0.0 0.0 1.0 0.0 0.0 11.0 0.0
3331.004873912936 0.0 0.0 0.0 1.0 0.0 0.0 11.0 0.0
3332.0030639936404 0.0 0.0 0.0 1.0 0.0 0.0 11.0 0.0
3333.004873912936 0.0 0.0 0.0 1.0 0.0 0.0 11.0 0.0
3334.004873912936 0.0 0.0 0.0 1.0 0.0 0.0 11.0 0.0
3335.004873912936 0.0 0.0 0.0 1.0 0.0 0.0 11.0 0.0
3336.004873912936 0.0 0.0 0.0 1.0 0.0 0.0 11.0 0.0
3337.004873912936 0.0 0.0 0.0 1.0 0.0 0.0 11.0 0.0
3338.004873912936 0.0 0.0 0.0 1.0 0.0 0.0 11.0 0.0
3339.004873912936 0.0 0.0 0.0 1.0 0.0 0.0 11.0 0.0
3340.004873912936 0.0 0.0 0.0 1.0 0.0 0.0 11.0 0.0
3341.004873912936 0.0 0.0 0.0 1.0 0.0 0.0 11.0 0.0
3342.000598839178 0.0 0.0 0.0 1.0 0.0 0.0 11.0 0.0
3343.004873912936 0.0 0.0 0.0 1.0 0.0 0.0 11.0 0.0
3344.004873912936 0.0 0.0 0.0 1.0 0.0 0.0 11.0 0.0
3345.004873912936 0.0 0.0 0.0 1.0 0.0 0.0 11.0 0.0
3346.004873912936 0.0 0.0 0.0 1.0 0.0 0.0 11.0 0.0
3347.004873912936 0.0 0.0 0.0 1.0 0.0 0.0 11.0 0.0
3348.004873912936 0.0 0.0 0.0 1.0 0.0 0.0 11.0 0.0
3349.004873912936 0.0 0.0 0.0 1.0 0.0 0.0 11.0 0.0
3350.004873912936 0.0 0.0 0.0 1.0 0.0 0.0 11.0 0.0
3351.001006121639 0.0 0.0 0.0 1.0 0.0 0.0 11.0 0.0
3352.004873912936 0.0 0.0 0.0 1.0 0.0 0.0 11.0 0.0
3353.004873912936 0.0 0.0 0.0 1.0 0.0 0.0 11.0 0.0
3354.004873912936 0.0 0.0 0.0 1.0 0.0 0.0 11.0 0.0
3355.004873912936 0.0 0.0 0.0 1.0 0.0 0.0 11.0 0.0
3356.003795522105 0.0 0.0 0.0 1.0 0.0 0.0 11.0 0.0
3357.004873912936 0.0 0.0 0.0 1.0 0.0 0.0 11.0 0.0
3358.004873912936 0.0 0.0 0.0 1.0 0.0 0.0 11.0 0.0
3359.004873912936 0.0 0.0 0.0 1.0 0.0 0.0 11.0 0.0
3360.004873912936 0.0 0.0 0.0 1.0 0.0 0.0 11.0 0.0
3361.004873912936 0.0 0.0 0.0 1.0 0.0 0.0 11.0 0.0
3362.004873912936 0.0 0.0 0.0 1.0 0.0 0.0 11.0 0.0
3363.0012576820855 0.0 0.0 0.0 1.0 0.0 0.0 11.0 0.0
3364.004401392023 0.0 0.0 0.0 1.0 0.0 0.0 11.0 0.0
3365.004873912936 0.0 0.0 0.0 1.0 0.0 0.0 11.0 0.0
3366.004873912936 0.0 0.0 0.0 1.0 0.0 0.0 11.0 0.0
3367.004873912936 0.0 0.0 0.0 1.0 0.0 0.0 11.0 0.0
3368.004873912936 0.0 0.0 0.0 1.0 0.0 0.0 11.0 0.0
3369.004873912936 0.0 0.0 0.0 1.0 0.0 0.0 11.0 0.0
3370.004873912936 0.0 0.0 0.0 1.0 0.0 0.0 11.0 0.0
3371.004873912936 0.0 0.0 0.0 1.0 0.0 0.0 11.0 0.0
3372.004873912936 0.0 0.0 0.0 1.0 0.0 0.0 11.0 0.0
3373.004873912936 0.0 0.0 0.0 1.0 0.0 0.0 11.0 0.0
3374.004873912936 0.0 0.0 0.0 1.0 0.0 0.0 11.0 0.0
3375.004873912936 0.0 0.0 0.0 1.0 0.0 0.0 11.0 0.0
3376.004873912936 0.0 0.0 0.0 1.0 0.0 0.0 11.0 0.0
3377.004873912936 0.0 0.0 0.0 1.0 0.0 0.0 11.0 0.0
3378.004873912936 0.0 0.0 0.0 1.0 0.0 0.0 11.0 0.0
3379.004873912936 0.0 0.0 0.0 1.0 0.0 0.0 11.0 0.0
3380.004873912936 0.0 0.0 0.0 1.0 0.0 0.0 11.0 0.0
3381.004873912936 0.0 0.0 0.0 1.0 0.0 0.0 11.0 0.0
3382.004873912936 0.0 0.0 0.0 1.0 0.0 0.0 11.0 0.0
3383.0045632961574 0.0 0.0 0.0 1.0 0.0 0.0 11.0 0.0
3384.004873912936 0.0 0.0 0.0 1.0 0.0 0.0 11.0 0.0
3385.004873912936 0.0 0.0 0.0 1.0 0.0 0.0 11.0 0.0
3386.004873912936 0.0 0.0 0.0 1.0 0.0 0.0 11.0 0.0
3387.004873912936 0.0 0.0 0.0 1.0 0.0 0.0 11.0 0.0
3388.0019989535826 0.0 0.0 0.0 1.0 0.0 0.0 11.0 0.0
3389.004873912936 0.0 0.0 0.0 1.0 0.0 0.0 11.0 0.0
3390.004873912936 0.0 0.0 0.0 1.0 0.0 0.0 11.0 0.0
3391.004873912936 0.0 0.0 0.0 1.0 0.0 0.0 11.0 0.0
3392.004873912936 0.0 0.0 0.0 1.0 0.0 0.0 11.0 0.0
3393.004873912936 0.0 0.0 0.0 1.0 0.0 0.0 11.0 0.0
3394.004873912936 0.0 0.0 0.0 1.0 0.0 0.0 11.0 0.0
3395.004873912936 0.0 0.0 0.0 1.0 0.0 0.0 11.0 0.0
3396.004873912936 0.0 0.0 0.0 1.0 0.0 0.0 11.0 0.0
3397.004873912936 0.0 0.0 0.0 1.0 0.0 0.0 11.0 0.0
3398.004873912936 0.0 0.0 0.0 1.0 0.0 0.0 11.0 0.0
3399.004873912936 0.0 0.0 0.0 1.0 0.0 0.0 11.0 0.0
3400.004873912936 0.0 0.0 0.0 1.0 0.0 0.0 11.0 0.0
3401.004873912936 0.0 0.0 0.0 1.0 0.0 0.0 11.0 0.0
3402.004873912936 0.8 0.0 0.0 0.20000000000000004 0.0 1.0 11.05 0.3121951219512195
3403.004873912936 0.975 0.0 0.0 0.02499999999999999 0.0 1.0 11.725 0.0475609756097561
3404.004873912936 0.975 0.0 0.0 0.02499999999999999 0.0 1.0 12.5 0.0475609756097561
3405.0046410981236 1.0 0.0 0.0 0.0 0.0 1.0 12.9 0.0
3406.004873912936 1.0 0.0 0.0 0.0 0.0 1.0 12.95 0.0
3407.004873912936 1.0 0.0 0.0 0.0 0.0 1.0 13.0 0.0
3408.004873912936 1.0 0.0 0.0 0.0 0.0 1.0 13.0 0.0
3409.004873912936 1.0 0.0 0.0 0.0 0.0 1.0 13.0 0.0
3410.004873912936 1.0 0.0 0.0 0.0 0.0 1.0 13.0 0.0
3411.004873912936 1.0 0.0 0.0 0.0 0.0 1.0 13.0 0.0
3412.004873912936 1.0 0.0 0.0 0.0 0.0 1.0 13.0 0.0
3413.004873912936 1.0 0.0 0.0 0.0 0.0 1.0 13.0 0.0
3414.0045905923525 1.0 0.0 0.0 0.0 0.0 1.0 13.0 0.0
3415.004873912936 1.0 0.0 0.0 0.0 0.0 1.0 13.0 0.0
3416.004873912936 1.0 0.0 0.0 0.0 0.0 1.0 13.0 0.0
3417.004873912936 1.0 0.0 0.0 0.0 0.0 1.0 13.0 0.0
3418.000238106739 1.0 0.0 0.0 0.0 0.0 1.0 13.0 0.0
3419.0011982119263 1.0 0.0 0.0 0.0 0.0 1.0 13.0 0.0
3420.004873912936 1.0 0.0 0.0 0.0 0.0 1.0 13.0 0.0
3421.004873912936 1.0 0.0 0.0 0.0 0.0 1.0 13.0 0.0
3422.004873912936 1.0 0.0 0.0 0.0 0.0 1.0 13.0 0.0
3423.004873912936 1.0 0.0 0.0 0.0 0.0 1.0 13.0 0.0
3424.004873912936 1.0 0.0 0.0 0.0 0.0 1.0 13.0 0.0
3425.004873912936 1.0 0.0 0.0 0.0 0.0 1.0 13.0 0.0
3426.004873912936 1.0 0.0 0.0 0.0 0.0 1.0 13.0 0.0
3427.004873912936 1.0 0.0 0.0 0.0 0.0 1.0 13.0 0.0
3428.004873912936 1.0 0.0 0.0 0.0 0.0 1.0 13.0 0.0
3429.004873912936 1.0 0.0 0.0 0.0 0.0 1.0 13.0 0.0
3430.004873912936 1.0 0.0 0.0 0.0 0.0 1.0 13.0 0.0
3431.004873912936 1.0 0.0 0.0 0.0 0.0 1.0 13.0 0.0
3432.004873912936 1.0 0.0 0.0 0.0 0.0 1.0 13.0 0.0
3433.004873912936 1.0 0.0 0.0 0.0 0.0 1.0 13.0 0.0
3434.004873912936 1.0 0.0 0.0 0.0 0.0 1.0 13.0 0.0
3435.00480294331 1.0 0.0 0.0 0.0 0.0 1.0 13.0 0.0
3436.004873912936 1.0 0.0 0.0 0.0 0.0 1.0 13.0 0.0
3437.004873912936 1.0 0.0 0.0 0.0 0.0 1.0 13.0 0.0
3438.004873912936 1.0 0.0 0.0 0.0 0.0 1.0 13.0 0.0
3439.004873912936 1.0 0.0 0.0 0.0 0.0 1.0 13.0 0.0
3440.004873912936 1.0 0.0 0.0 0.0 0.0 1.0 13.0 0.0
3441.004873912936 1.0 0.0 0.0 0.0 0.0 1.0 13.0 0.0
3442.004873912936 1.0 0.0 0.0 0.0 0.0 1.0 13.0 0.0
3443.004873912936 1.0 0.0 0.0 0.0 0.0 1.0 13.0 0.0
3444.004873912936 1.0 0.0 0.0 0.0 0.0 1.0 13.0 0.0
3445.004228961618 1.0 0.0 0.0 0.0 0.0 1.0 13.0 0.0
3446.004873912936 1.0 0.0 0.0 0.0 0.0 1.0 13.0 0.0
3447.004873912936 1.0 0.0 0.0 0.0 0.0 1.0 13.0 0.0
3448.0032828394383 1.0 0.0 0.0 0.0 0.0 1.0 13.0 0.0
3449.004873912936 1.0 0.0 0.0 0.0 0.0 1.0 13.0 0.0
3450.003360738425 1.0 0.0 0.0 0.0 0.0 1.0 13.0 0.0
3451.004873912936 1.0 0.0 0.0 0.0 0.0 1.0 13.0 0.0
3452.004873912936 1.0 0.0 0.0 0.0 0.0 1.0 13.0 0.0
3453.004873912936 1.0 0.0 0.0 0.0 0.0 1.0 13.0 0.0
3454.004873912936 1.0 0.0 0.0 0.0 0.0 1.0 13.0 0.0
3455.004873912936 1.0 0.0 0.0 0.0 0.0 1.0 13.0 0.0
3456.004873912936 1.0 0.0 0.0 0.0 0.0 1.0 13.0 0.0
3457.004873912936 1.0 0.0 0.0 0.0 0.0 1.0 13.0 0.0
3458.004873912936 1.0 0.0 0.0 0.0 0.0 1.0 13.0 0.0
3459.004873912936 1.0 0.0 0.0 0.0 0.0 1.0 13.0 0.0
3460.004873912936 1.0 0.0 0.0 0.0 0.0 1.0 13.0 0.0
3461.004873912936 1.0 0.0 0.0 0.0 0.0 1.0 13.0 0.0
3462.004873912936 1.0 0.0 0.0 0.0 0.0 1.0 13.0 0.0
3463.003647206323 1.0 0.0 0.0 0.0 0.0 1.0 13.0 0.0
3464.004873912936 1.0 0.0 0.0 0.0 0.0 1.0 13.0 0.0
3465.004873912936 1.0 0.0 0.0 0.0 0.0 1.0 13.0 0.0
3466.004873912936 1.0 0.0 0.0 0.0 0.0 1.0 13.0 0.0
3467.004873912936 1.0 0.0 0.0 0.0 0.0 1.0 13.0 0.0
3468.004873912936 1.0 0.0 0.0 0.0 0.0 1.0 13.0 0.0
3469.004873912936 1.0 0.0 0.0 0.0 0.0 1.0 13.0 0.0
3470.004873912936 1.0 0.0 0.0 0.0 0.0 1.0 13.0 0.0
3471.004873912936 1.0 0.0 0.0 0.0 0.0 1.0 13.0 0.0
3472.004873912936 1.0 0.0 0.0 0.0 0.0 1.0 13.0 0.0
3473.004873912936 1.0 0.0 0.0 0.0 0.0 1.0 13.0 0.0
3474.004873912936 1.0 0.0 0.0 0.0 0.0 1.0 13.0 0.0
3475.004873912936 1.0 0.0 0.0 0.0 0.0 1.0 13.0 0.0
3476.004873912936 1.0 0.0 0.0 0.0 0.0 1.0 13.0 0.0
3477.004873912936 1.0 0.0 0.0 0.0 0.0 1.0 13.0 0.0
3478.004873912936 1.0 0.0 0.0 0.0 0.0 1.0 13.0 0.0
3479.002670103852 1.0 0.0 0.0 0.0 0.0 1.0 13.0 0.0
3480.004873912936 1.0 0.0 0.0 0.0 0.0 1.0 13.0 0.0
3481.004873912936 1.0 0.0 0.0 0.0 0.0 1.0 13.0 0.0
3482.004873912936 1.0 0.0 0.0 0.0 0.0 1.0 13.0 0.0
3483.004873912936 1.0 0.0 0.0 0.0 0.0 1.0 13.0 0.0
3484.004873912936 1.0 0.0 0.0 0.0 0.0 1.0 13.0 0.0
3485.004873912936 1.0 0.0 0.0 0.0 0.0 1.0 13.0 0.0
3486.004873912936 1.0 0.0 0.0 0.0 0.0 1.0 13.0 0.0
3487.004873912936 1.0 0.0 0.0 0.0 0.0 1.0 13.0 0.0
3488.004873912936 1.0 0.0 0.0 0.0 0.0 1.0 13.0 0.0
3489.004873912936 1.0 0.0 0.0 0.0 0.0 1.0 13.0 0.0
3490.004873912936 1.0 0.0 0.0 0.0 0.0 1.0 13.0 0.0
3491.004873912936 1.0 0.0 0.0 0.0 0.0 1.0 13.0 0.0
3492.004873912936 1.0 0.0 0.0 0.0 0.0 1.0 13.0 0.0
3493.004873912936 1.0 0.0 0.0 0.0 0.0 1.0 13.0 0.0
3494.004873912936 1.0 0.0 0.0 0.0 0.0 1.0 13.0 0.0
3495.004873912936 1.0 0.0 0.0 0.0 0.0 1.0 13.0 0.0
3496.004873912936 1.0 0.0 0.0 0.0 0.0 1.0 13.0 0.0
3497.0044662411315 1.0 0.0 0.0 0.0 0.0 1.0 13.0 0.0
3498.004873912936 1.0 0.0 0.0 0.0 0.0 1.0 13.0 0.0
3499.003518369468 1.0 0.0 0.0 0.0 0.0 1.0 13.0 0.0
3500.004873912936 1.0 0.0 0.0 0.0 0.0 1.0 13.0 0.0
3501.004873912936 1.0 0.0 0.0 0.0 0.0 1.0 13.0 0.0
3502.0011605168315 1.0 0.0 0.0 0.0 0.0 1.0 13.0 0.0
3503.004873912936 1.0 0.0 0.0 0.0 0.0 1.0 13.0 0.0
3504.0036084630838 1.0 0.0 0.0 0.0 0.0 1.0 13.0 0.0
3505.004873912936 1.0 0.0 0.0 0.0 0.0 1.0 13.0 0.0
3506.004873912936 1.0 0.0 0.0 0.0 0.0 1.0 13.0 0.0
3507.002848946426 1.0 0.0 0.0 0.0 0.0 1.0 13.0 0.0
3508.004873912936 1.0 0.0 0.0 0.0 0.0 1.0 13.0 0.0
3509.004873912936 1.0 0.0 0.0 0.0 0.0 1.0 13.0 0.0
3510.004873912936 1.0 0.0 0.0 0.0 0.0 1.0 13.0 0.0
3511.004873912936 1.0 0.0 0.0 0.0 0.0 1.0 13.0 0.0
3512.004873912936 1.0 0.0 0.0 0.0 0.0 1.0 13.0 0.0
3513.004873912936 1.0 0.0 0.0 0.0 0.0 1.0 13.0 0.0
3514.004873912936 1.0 0.0 0.0 0.0 0.0 1.0 13.0 0.0
3515.004873912936 1.0 0.0 0.0 0.0 0.0 1.0 13.0 0.0
3516.004873912936 1.0 0.0 0.0 0.0 0.0 1.0 13.0 0.0
3517.004873912936 1.0 0.0 0.0 0.0 0.0 1.0 13.0 0.0
3518.004873912936 1.0 0.0 0.0 0.0 0.0 1.0 13.0 0.0
3519.004873912936 1.0 0.0 0.0 0.0 0.0 1.0 13.0 0.0
3520.0004451945465 1.0 0.0 0.0 0.0 0.0 1.0 13.0 0.0
3521.004873912936 1.0 0.0 0.0 0.0 0.0 1.0 13.0 0.0
3522.004873912936 1.0 0.0 0.0 0.0 0.0 1.0 13.0 0.0
3523.004873912936 1.0 0.0 0.0 0.0 0.0 1.0 13.0 0.0
3524.0011934473364 1.0 0.0 0.0 0.0 0.0 1.0 13.0 0.0
3525.004873912936 1.0 0.0 0.0 0.0 0.0 1.0 13.0 0.0
3526.004873912936 1.0 0.0 0.0 0.0 0.0 1.0 13.0 0.0
3527.004873912936 1.0 0.0 0.0 0.0 0.0 1.0 13.0 0.0
3528.004873912936 1.0 0.0 0.0 0.0 0.0 1.0 13.0 0.0
3529.004873912936 1.0 0.0 0.0 0.0 0.0 1.0 13.0 0.0
3530.004873912936 1.0 0.0 0.0 0.0 0.0 1.0 13.0 0.0
3531.004873912936 1.0 0.0 0.0 0.0 0.0 1.0 13.0 0.0
3532.004873912936 1.0 0.0 0.0 0.0 0.0 1.0 13.0 0.0
3533.004873912936 1.0 0.0 0.0 0.0 0.0 1.0 13.0 0.0
3534.004873912936 1.0 0.0 0.0 0.0 0.0 1.0 13.0 0.0
3535.004873912936 1.0 0.0 0.0 0.0 0.0 1.0 13.0 0.0
3536.004873912936 1.0 0.0 0.0 0.0 0.0 1.0 13.0 0.0
3537.004873912936 1.0 0.0 0.0 0.0 0.0 1.0 13.0 0.0
3538.004873912936 1.0 0.0 0.0 0.0 0.0 1.0 13.0 0.0
3539.004873912936 1.0 0.0 0.0 0.0 0.0 1.0 13.0 0.0
3540.004873912936 1.0 0.0 0.0 0.0 0.0 1.0 13.0 0.0
3541.004873912936 1.0 0.0 0.0 0.0 0.0 1.0 13.0 0.0
3542.004873912936 1.0 0.0 0.0 0.0 0.0 1.0 13.0 0.0
3543.0013920027386 1.0 0.0 0.0 0.0 0.0 1.0 13.0 0.0
3544.004873912936 1.0 0.0 0.0 0.0 0.0 1.0 13.0 0.0
3545.004873912936 1.0 0.0 0.0 0.0 0.0 1.0 13.0 0.0
3546.0042571079807 1.0 0.0 0.0 0.0 0.0 1.0 13.0 0.0
3547.004873912936 1.0 0.0 0.0 0.0 0.0 1.0 13.0 0.0
3548.004873912936 1.0 0.0 0.0 0.0 0.0 1.0 13.0 0.0
3549.0031677475376 1.0 0.0 0.0 0.0 0.0 1.0 13.0 0.0
3550.004873912936 1.0 0.0 0.0 0.0 0.0 1.0 13.0 0.0
3551.004873912936 1.0 0.0 0.0 0.0 0.0 1.0 13.0 0.0
3552.004873912936 1.0 0.0 0.0 0.0 0.0 1.0 13.0 0.0
3553.004873912936 1.0 0.0 0.0 0.0 0.0 1.0 13.0 0.0
3554.004873912936 1.0 0.0 0.0 0.0 0.0 1.0 13.0 0.0
3555.0023029319295 1.0 0.0 0.0 0.0 0.0 1.0 13.0 0.0
3556.004873912936 1.0 0.0 0.0 0.0 0.0 1.0 13.0 0.0
3557.004844111184 1.0 0.0 0.0 0.0 0.0 1.0 13.0 0.0
3558.004873912936 1.0 0.0 0.0 0.0 0.0 1.0 13.0 0.0
3559.0040360555395 1.0 0.0 0.0 0.0 0.0 1.0 13.0 0.0
3560.004873912936 1.0 0.0 0.0 0.0 0.0 1.0 13.0 0.0
3561.004873912936 1.0 0.0 0.0 0.0 0.0 1.0 13.0 0.0
3562.003980191225 1.0 0.0 0.0 0.0 0.0 1.0 13.0 0.0
3563.004873912936 1.0 0.0 0.0 0.0 0.0 1.0 13.0 0.0
3564.004873912936 1.0 0.0 0.0 0.0 0.0 1.0 13.0 0.0
3565.004873912936 1.0 0.0 0.0 0.0 0.0 1.0 13.0 0.0
3566.004873912936 1.0 0.0 0.0 0.0 0.0 1.0 13.0 0.0
3567.004873912936 1.0 0.0 0.0 0.0 0.0 1.0 13.0 0.0
3568.0047091893757 1.0 0.0 0.0 0.0 0.0 1.0 13.0 0.0
3569.004873912936 1.0 0.0 0.0 0.0 0.0 1.0 13.0 0.0
3570.004873912936 1.0 0.0 0.0 0.0 0.0 1.0 13.0 0.0
3571.004873912936 1.0 0.0 0.0 0.0 0.0 1.0 13.0 0.0
3572.004873912936 1.0 0.0 0.0 0.0 0.0 1.0 13.0 0.0
3573.004873912936 1.0 0.0 0.0 0.0 0.0 1.0 13.0 0.0
3574.0025590780606 1.0 0.0 0.0 0.0 0.0 1.0 13.0 0.0
3575.004873912936 1.0 0.0 0.0 0.0 0.0 1.0 13.0 0.0
3576.004873912936 1.0 0.0 0.0 0.0 0.0 1.0 13.0 0.0
3577.004873912936 1.0 0.0 0.0 0.0 0.0 1.0 13.0 0.0
3578.004873912936 1.0 0.0 0.0 0.0 0.0 1.0 13.0 0.0
3579.004873912936 1.0 0.0 0.0 0.0 0.0 1.0 13.0 0.0
3580.0022525774534 1.0 0.0 0.0 0.0 0.0 1.0 13.0 0.0
3581.004873912936 1.0 0.0 0.0 0.0 0.0 1.0 13.0 0.0
3582.004873912936 1.0 0.0 0.0 0.0 0.0 1.0 13.0 0.0
3583.000174669864 1.0 0.0 0.0 0.0 0.0 1.0 13.0 0.0
3584.004873912936 1.0 0.0 0.0 0.0 0.0 1.0 13.0 0.0
3585.0006203651474 1.0 0.0 0.0 0.0 0.0 1.0 13.0 0.0
3586.004873912936 1.0 0.0 0.0 0.0 0.0 1.0 13.0 0.0
3587.004873912936 1.0 0.0 0.0 0.0 0.0 1.0 13.0 0.0
3588.004873912936 1.0 0.0 0.0 0.0 0.0 1.0 13.0 0.0
3589.004873912936 1.0 0.0 0.0 0.0 0.0 1.0 13.0 0.0
3590.0003415382794 1.0 0.0 0.0 0.0 0.0 1.0 13.0 0.0
3591.004873912936 1.0 0.0 0.0 0.0 0.0 1.0 13.0 0.0
3592.004873912936 1.0 0.0 0.0 0.0 0.0 1.0 13.0 0.0
3593.004873912936 1.0 0.0 0.0 0.0 0.0 1.0 13.0 0.0
3594.004873912936 1.0 0.0 0.0 0.0 0.0 1.0 13.0 0.0
3595.004873912936 1.0 0.0 0.0 0.0 0.0 1.0 13.0 0.0
3596.004873912936 1.0 0.0 0.0 0.0 0.0 1.0 13.0 0.0
3597.004873912936 1.0 0.0 0.0 0.0 0.0 1.0 13.0 0.0
3598.004873912936 1.0 0.0 0.0 0.0 0.0 1.0 13.0 0.0
3599.004873912936 1.0 0.0 0.0 0.0 0.0 1.0 13.0 0.0
3600.004873912936 1.0 0.0 0.0 0.0 0.0 1.0 12.9 0.0
3601.004873912936 1.0 0.0 0.0 0.0 0.0 1.0 12.425 0.0
3602.004873912936 1.0 0.0 0.0 0.0 0.0 1.0 12.125 0.0
3603.004873912936 1.0 0.0 0.0 0.0 0.0 1.0 11.725 0.0
3604.004873912936 1.0 0.0 0.0 0.0 0.0 1.0 11.25 0.0
3605.004873912936 1.0 0.0 0.0 0.0 0.0 1.0 11.05 0.0
3606.004873912936 1.0 0.0 0.0 0.0 0.0 1.0 11.025 0.0
3607.004873912936 1.0 0.0 0.0 0.0 0.0 1.0 11.0 0.0
3608.004873912936 1.0 0.0 0.0 0.0 0.0 1.0 11.0 0.0
3609.004873912936 1.0 0.0 0.0 0.0 0.0 1.0 11.0 0.0
3610.004873912936 1.0 0.0 0.0 0.0 0.0 1.0 11.0 0.0
3611.004873912936 1.0 0.0 0.0 0.0 0.0 1.0 11.0 0.0
3612.004873912936 1.0 0.0 0.0 0.0 0.0 1.0 11.0 0.0
3613.004873912936 1.0 0.0 0.0 0.0 0.0 1.0 11.0 0.0
3614.004873912936 1.0 0.0 0.0 0.0 0.0 1.0 11.0 0.0
3615.001166116379 1.0 0.0 0.0 0.0 0.0 1.0 11.0 0.0
3616.004873912936 1.0 0.0 0.0 0.0 0.0 1.0 11.0 0.0
3617.004873912936 1.0 0.0 0.0 0.0 0.0 1.0 11.0 0.0
3618.004873912936 1.0 0.0 0.0 0.0 0.0 1.0 11.0 0.0
3619.004873912936 1.0 0.0 0.0 0.0 0.0 1.0 11.0 0.0
3620.0010465363043 1.0 0.0 0.0 0.0 0.0 1.0 11.0 0.0
3621.004873912936 1.0 0.0 0.0 0.0 0.0 1.0 11.0 0.0
3622.004873912936 1.0 0.0 0.0 0.0 0.0 1.0 11.0 0.0
3623.004873912936 1.0 0.0 0.0 0.0 0.0 1.0 11.0 0.0
3624.004873912936 1.0 0.0 0.0 0.0 0.0 1.0 11.0 0.0
3625.004873912936 1.0 0.0 0.0 0.0 0.0 1.0 11.0 0.0
3626.004873912936 1.0 0.0 0.0 0.0 0.0 1.0 11.0 0.0
3627.004873912936 1.0 0.0 0.0 0.0 0.0 1.0 11.0 0.0
3628.004873912936 1.0 0.0 0.0 0.0 0.0 1.0 11.0 0.0
3629.004873912936 1.0 0.0 0.0 0.0 0.0 1.0 11.0 0.0
3630.004873912936 1.0 0.0 0.0 0.0 0.0 1.0 11.0 0.0
3631.004873912936 1.0 0.0 0.0 0.0 0.0 1.0 11.0 0.0
3632.004873912936 1.0 0.0 0.0 0.0 0.0 1.0 11.0 0.0
3633.004873912936 1.0 0.0 0.0 0.0 0.0 1.0 11.0 0.0
3634.004873912936 1.0 0.0 0.0 0.0 0.0 1.0 11.0 0.0
3635.004873912936 1.0 0.0 0.0 0.0 0.0 1.0 11.0 0.0
3636.004873912936 1.0 0.0 0.0 0.0 0.0 1.0 11.0 0.0
3637.004873912936 1.0 0.0 0.0 0.0 0.0 1.0 11.0 0.0
3638.004873912936 1.0 0.0 0.0 0.0 0.0 1.0 11.0 0.0
3639.004873912936 1.0 0.0 0.0 0.0 0.0 1.0 11.0 0.0
3640.004873912936 1.0 0.0 0.0 0.0 0.0 1.0 11.0 0.0
3641.004873912936 1.0 0.0 0.0 0.0 0.0 1.0 11.0 0.0
3642.004873912936 1.0 0.0 0.0 0.0 0.0 1.0 11.0 0.0
3643.004873912936 1.0 0.0 0.0 0.0 0.0 1.0 11.0 0.0
3644.0047236637793 1.0 0.0 0.0 0.0 0.0 1.0 11.0 0.0
3645.003833446717 1.0 0.0 0.0 0.0 0.0 1.0 11.0 0.0
3646.004873912936 1.0 0.0 0.0 0.0 0.0 1.0 11.0 0.0
3647.004873912936 1.0 0.0 0.0 0.0 0.0 1.0 11.0 0.0
3648.004873912936 1.0 0.0 0.0 0.0 0.0 1.0 11.0 0.0
3649.004873912936 1.0 0.0 0.0 0.0 0.0 1.0 11.0 0.0
3650.0024809275305 1.0 0.0 0.0 0.0 0.0 1.0 11.0 0.0
3651.004873912936 1.0 0.0 0.0 0.0 0.0 1.0 11.0 0.0
3652.004873912936 1.0 0.0 0.0 0.0 0.0 1.0 11.0 0.0
3653.004873912936 1.0 0.0 0.0 0.0 0.0 1.0 11.0 0.0
3654.004873912936 1.0 0.0 0.0 0.0 0.0 1.0 11.0 0.0
3655.004873912936 1.0 0.0 0.0 0.0 0.0 1.0 11.0 0.0
3656.004873912936 1.0 0.0 0.0 0.0 0.0 1.0 11.0 0.0
3657.004873912936 1.0 0.0 0.0 0.0 0.0 1.0 11.0 0.0
3658.004873912936 1.0 0.0 0.0 0.0 0.0 1.0 11.0 0.0
3659.004873912936 1.0 0.0 0.0 0.0 0.0 1.0 11.0 0.0
3660.004873912936 1.0 0.0 0.0 0.0 0.0 1.0 11.0 0.0
3661.004873912936 1.0 0.0 0.0 0.0 0.0 1.0 11.0 0.0
3662.004873912936 1.0 0.0 0.0 0.0 0.0 1.0 11.0 0.0
3663.004873912936 1.0 0.0 0.0 0.0 0.0 1.0 11.0 0.0
3664.004873912936 1.0 0.0 0.0 0.0 0.0 1.0 11.0 0.0
3665.004873912936 1.0 0.0 0.0 0.0 0.0 1.0 11.0 0.0
3666.004873912936 1.0 0.0 0.0 0.0 0.0 1.0 11.0 0.0
3667.004873912936 1.0 0.0 0.0 0.0 0.0 1.0 11.0 0.0
3668.002124801574 1.0 0.0 0.0 0.0 0.0 1.0 11.0 0.0
3669.004873912936 1.0 0.0 0.0 0.0 0.0 1.0 11.0 0.0
3670.004873912936 1.0 0.0 0.0 0.0 0.0 1.0 11.0 0.0
3671.004873912936 1.0 0.0 0.0 0.0 0.0 1.0 11.0 0.0
3672.004873912936 1.0 0.0 0.0 0.0 0.0 1.0 11.0 0.0
3673.004873912936 1.0 0.0 0.0 0.0 0.0 1.0 11.0 0.0
3674.004873912936 1.0 0.0 0.0 0.0 0.0 1.0 11.0 0.0
3675.003915464461 1.0 0.0 0.0 0.0 0.0 1.0 11.0 0.0
3676.004873912936 1.0 0.0 0.0 0.0 0.0 1.0 11.0 0.0
3677.004873912936 1.0 0.0 0.0 0.0 0.0 1.0 11.0 0.0
3678.004873912936 1.0 0.0 0.0 0.0 0.0 1.0 11.0 0.0
3679.004873912936 1.0 0.0 0.0 0.0 0.0 1.0 11.0 0.0
3680.004873912936 1.0 0.0 0.0 0.0 0.0 1.0 11.0 0.0
3681.004873912936 1.0 0.0 0.0 0.0 0.0 1.0 11.0 0.0
3682.004873912936 1.0 0.0 0.0 0.0 0.0 1.0 11.0 0.0
3683.004873912936 1.0 0.0 0.0 0.0 0.0 1.0 11.0 0.0
3684.004873912936 1.0 0.0 0.0 0.0 0.0 1.0 11.0 0.0
3685.004873912936 1.0 0.0 0.0 0.0 0.0 1.0 11.0 0.0
3686.004873912936 1.0 0.0 0.0 0.0 0.0 1.0 11.0 0.0
3687.002693364611 1.0 0.0 0.0 0.0 0.0 1.0 11.0 0.0
3688.004873912936 1.0 0.0 0.0 0.0 0.0 1.0 11.0 0.0
3689.00280002627 1.0 0.0 0.0 0.0 0.0 1.0 11.0 0.0
3690.004873912936 1.0 0.0 0.0 0.0 0.0 1.0 11.0 0.0
3691.004873912936 1.0 0.0 0.0 0.0 0.0 1.0 11.0 0.0
3692.004873912936 1.0 0.0 0.0 0.0 0.0 1.0 11.0 0.0
3693.004873912936 1.0 0.0 0.0 0.0 0.0 1.0 11.0 0.0
3694.004873912936 1.0 0.0 0.0 0.0 0.0 1.0 11.0 0.0
3695.004873912936 1.0 0.0 0.0 0.0 0.0 1.0 11.0 0.0
3696.004873912936 1.0 0.0 0.0 0.0 0.0 1.0 11.0 0.0
3697.004873912936 1.0 0.0 0.0 0.0 0.0 1.0 11.0 0.0
3698.004873912936 1.0 0.0 0.0 0.0 0.0 1.0 11.0 0.0
3699.004873912936 1.0 0.0 0.0 0.0 0.0 1.0 11.0 0.0
3700.004873912936 1.0 0.0 0.0 0.0 0.0 1.0 11.0 0.0
3701.004873912936 1.0 0.0 0.0 0.0 0.0 1.0 11.0 0.0
3702.004873912936 1.0 0.0 0.0 0.0 0.0 1.0 11.0 0.0
3703.004873912936 1.0 0.0 0.0 0.0 0.0 1.0 11.0 0.0
3704.004873912936 1.0 0.0 0.0 0.0 0.0 1.0 11.0 0.0
3705.004873912936 1.0 0.0 0.0 0.0 0.0 1.0 11.0 0.0
3706.004873912936 1.0 0.0 0.0 0.0 0.0 1.0 11.0 0.0
3707.004873912936 1.0 0.0 0.0 0.0 0.0 1.0 11.0 0.0
3708.004873912936 1.0 0.0 0.0 0.0 0.0 1.0 11.0 0.0
3709.004873912936 1.0 0.0 0.0 0.0 0.0 1.0 11.0 0.0
3710.004873912936 1.0 0.0 0.0 0.0 0.0 1.0 11.0 0.0
3711.004873912936 1.0 0.0 0.0 0.0 0.0 1.0 11.0 0.0
3712.004873912936 1.0 0.0 0.0 0.0 0.0 1.0 11.0 0.0
3713.004873912936 1.0 0.0 0.0 0.0 0.0 1.0 11.0 0.0
3714.004873912936 1.0 0.0 0.0 0.0 0.0 1.0 11.0 0.0
3715.004873912936 1.0 0.0 0.0 0.0 0.0 1.0 11.0 0.0
3716.004873912936 1.0 0.0 0.0 0.0 0.0 1.0 11.0 0.0
3717.004873912936 1.0 0.0 0.0 0.0 0.0 1.0 11.0 0.0
3718.002867891993 1.0 0.0 0.0 0.0 0.0 1.0 11.0 0.0
3719.004873912936 1.0 0.0 0.0 0.0 0.0 1.0 11.0 0.0
3720.004873912936 1.0 0.0 0.0 0.0 0.0 1.0 11.0 0.0
3721.002857564081 1.0 0.0 0.0 0.0 0.0 1.0 11.0 0.0
3722.004873912936 1.0 0.0 0.0 0.0 0.0 1.0 11.0 0.0
3723.004873912936 1.0 0.0 0.0 0.0 0.0 1.0 11.0 0.0
3724.004873912936 1.0 0.0 0.0 0.0 0.0 1.0 11.0 0.0
3725.004873912936 1.0 0.0 0.0 0.0 0.0 1.0 11.0 0.0
3726.004873912936 1.0 0.0 0.0 0.0 0.0 1.0 11.0 0.0
3727.004873912936 1.0 0.0 0.0 0.0 0.0 1.0 11.0 0.0
3728.004873912936 1.0 0.0 0.0 0.0 0.0 1.0 11.0 0.0
3729.004667863175 1.0 0.0 0.0 0.0 0.0 1.0 11.0 0.0
3730.004873912936 1.0 0.0 0.0 0.0 0.0 1.0 11.0 0.0
3731.002797051686 1.0 0.0 0.0 0.0 0.0 1.0 11.0 0.0
3732.004873912936 1.0 0.0 0.0 0.0 0.0 1.0 11.0 0.0
3733.004873912936 1.0 0.0 0.0 0.0 0.0 1.0 11.0 0.0
3734.004873912936 1.0 0.0 0.0 0.0 0.0 1.0 11.0 0.0
3735.004873912936 1.0 0.0 0.0 0.0 0.0 1.0 11.0 0.0
3736.004873912936 1.0 0.0 0.0 0.0 0.0 1.0 11.0 0.0
3737.004873912936 1.0 0.0 0.0 0.0 0.0 1.0 11.0 0.0
3738.004873912936 1.0 0.0 0.0 0.0 0.0 1.0 10.925 0.0
3739.004873912936 1.0 0.0 0.0 0.0 0.0 1.0 10.25 0.0
3740.004873912936 1.0 0.0 0.0 0.0 0.0 1.0 9.1 0.0
3741.004873912936 1.0 0.0 0.0 0.0 0.0 1.0 8.375 0.0
3742.004873912936 1.0 0.0 0.0 0.0 0.0 1.0 8.225 0.0
3743.004873912936 1.0 0.0 0.0 0.0 0.0 1.0 8.075 0.0
3744.004873912936 1.0 0.0 0.0 0.0 0.0 1.0 8.025 0.0
3745.004873912936 1.0 0.0 0.0 0.0 0.0 1.0 8.0 0.0
3746.000109800613 1.0 0.0 0.0 0.0 0.0 1.0 8.0 0.0
3747.004873912936 1.0 0.0 0.0 0.0 0.0 1.0 8.0 0.0
3748.004873912936 1.0 0.0 0.0 0.0 0.0 1.0 8.0 0.0
3749.004873912936 1.0 0.0 0.0 0.0 0.0 1.0 8.0 0.0
3750.004873912936 1.0 0.0 0.0 0.0 0.0 1.0 8.0 0.0
3751.004873912936 1.0 0.0 0.0 0.0 0.0 1.0 8.0 0.0
3752.004873912936 1.0 0.0 0.0 0.0 0.0 1.0 8.0 0.0
3753.004873912936 1.0 0.0 0.0 0.0 0.0 1.0 8.0 0.0
3754.004873912936 1.0 0.0 0.0 0.0 0.0 1.0 8.0 0.0
3755.004873912936 1.0 0.0 0.0 0.0 0.0 1.0 8.0 0.0
3756.004873912936 1.0 0.0 0.0 0.0 0.0 1.0 8.0 0.0
3757.004873912936 1.0 0.0 0.0 0.0 0.0 1.0 8.0 0.0
3758.0042906349877 1.0 0.0 0.0 0.0 0.0 1.0 8.0 0.0
3759.004873912936 1.0 0.0 0.0 0.0 0.0 1.0 8.0 0.0
3760.004873912936 1.0 0.0 0.0 0.0 0.0 1.0 8.0 0.0
3761.004873912936 1.0 0.0 0.0 0.0 0.0 1.0 8.0 0.0
3762.004873912936 1.0 0.0 0.0 0.0 0.0 1.0 8.0 0.0
3763.004873912936 1.0 0.0 0.0 0.0 0.0 1.0 8.0 0.0
3764.004873912936 1.0 0.0 0.0 0.0 0.0 1.0 8.0 0.0
3765.001472326741 1.0 0.0 0.0 0.0 0.0 1.0 8.0 0.0
3766.004873912936 1.0 0.0 0.0 0.0 0.0 1.0 8.0 0.0
3767.004873912936 1.0 0.0 0.0 0.0 0.0 1.0 8.0 0.0
3768.004873912936 1.0 0.0 0.0 0.0 0.0 1.0 8.0 0.0
3769.004873912936 1.0 0.0 0.0 0.0 0.0 1.0 8.0 0.0
3770.004873912936 1.0 0.0 0.0 0.0 0.0 1.0 8.0 0.0
3771.004873912936 1.0 0.0 0.0 0.0 0.0 1.0 8.0 0.0
3772.004873912936 1.0 0.0 0.0 0.0 0.0 1.0 8.0 0.0
3773.004873912936 1.0 0.0 0.0 0.0 0.0 1.0 8.0 0.0
3774.004873912936 1.0 0.0 0.0 0.0 0.0 1.0 8.0 0.0
3775.004873912936 1.0 0.0 0.0 0.0 0.0 1.0 8.0 0.0
3776.004873912936 1.0 0.0 0.0 0.0 0.0 1.0 8.0 0.0
3777.004873912936 1.0 0.0 0.0 0.0 0.0 1.0 8.0 0.0
3778.004873912936 1.0 0.0 0.0 0.0 0.0 1.0 8.0 0.0
3779.004873912936 1.0 0.0 0.0 0.0 0.0 1.0 8.0 0.0
3780.004873912936 1.0 0.0 0.0 0.0 0.0 1.0 8.0 0.0
3781.004873912936 1.0 0.0 0.0 0.0 0.0 1.0 8.0 0.0
3782.004873912936 1.0 0.0 0.0 0.0 0.0 1.0 8.0 0.0
3783.000406329767 1.0 0.0 0.0 0.0 0.0 1.0 8.0 0.0
3784.004873912936 1.0 0.0 0.0 0.0 0.0 1.0 8.0 0.0
3785.0004684129945 1.0 0.0 0.0 0.0 0.0 1.0 8.0 0.0
3786.004873912936 1.0 0.0 0.0 0.0 0.0 1.0 8.0 0.0
3787.0034224642377 1.0 0.0 0.0 0.0 0.0 1.0 8.0 0.0
3788.004873912936 1.0 0.0 0.0 0.0 0.0 1.0 8.0 0.0
3789.004873912936 1.0 0.0 0.0 0.0 0.0 1.0 8.0 0.0
3790.004873912936 1.0 0.0 0.0 0.0 0.0 1.0 8.0 0.0
3791.004873912936 1.0 0.0 0.0 0.0 0.0 1.0 8.0 0.0
3792.001046640132 1.0 0.0 0.0 0.0 0.0 1.0 8.0 0.0
3793.004873912936 1.0 0.0 0.0 0.0 0.0 1.0 8.0 0.0
3794.000255821483 1.0 0.0 0.0 0.0 0.0 1.0 8.0 0.0
3795.004873912936 1.0 0.0 0.0 0.0 0.0 1.0 8.0 0.0
3796.004873912936 1.0 0.0 0.0 0.0 0.0 1.0 8.0 0.0
3797.004873912936 1.0 0.0 0.0 0.0 0.0 1.0 8.0 0.0
3798.0010144100406 1.0 0.0 0.0 0.0 0.0 1.0 8.0 0.0
3799.004873912936 1.0 0.0 0.0 0.0 0.0 1.0 8.0 0.0
3800.004873912936 1.0 0.0 0.0 0.0 0.0 1.0 8.0 0.0
3801.002329591443 1.0 0.0 0.0 0.0 0.0 1.0 8.0 0.0
3802.004873912936 1.0 0.0 0.0 0.0 0.0 1.0 8.0 0.0
3803.004873912936 1.0 0.0 0.0 0.0 0.0 1.0 8.0 0.0
3804.004873912936 1.0 0.0 0.0 0.0 0.0 1.0 8.0 0.0
3805.004873912936 1.0 0.0 0.0 0.0 0.0 1.0 8.0 0.0
3806.004873912936 1.0 0.0 0.0 0.0 0.0 1.0 8.0 0.0
3807.004873912936 1.0 0.0 0.0 0.0 0.0 1.0 8.0 0.0
3808.004873912936 1.0 0.0 0.0 0.0 0.0 1.0 8.0 0.0
3809.002939574323 1.0 0.0 0.0 0.0 0.0 1.0 8.0 0.0
3810.004873912936 1.0 0.0 0.0 0.0 0.0 1.0 8.0 0.0
3811.0046268982087 1.0 0.0 0.0 0.0 0.0 1.0 8.0 0.0
3812.004873912936 1.0 0.0 0.0 0.0 0.0 1.0 8.0 0.0
3813.004873912936 1.0 0.0 0.0 0.0 0.0 1.0 8.0 0.0
3814.004873912936 1.0 0.0 0.0 0.0 0.0 1.0 8.0 0.0
3815.004873912936 1.0 0.0 0.0 0.0 0.0 1.0 8.0 0.0
3816.004873912936 1.0 0.0 0.0 0.0 0.0 1.0 8.0 0.0
3817.004873912936 1.0 0.0 0.0 0.0 0.0 1.0 8.0 0.0
3818.004873912936 1.0 0.0 0.0 0.0 0.0 1.0 8.0 0.0
3819.004873912936 1.0 0.0 0.0 0.0 0.0 1.0 8.0 0.0
3820.004873912936 1.0 0.0 0.0 0.0 0.0 1.0 8.0 0.0
3821.004873912936 1.0 0.0 0.0 0.0 0.0 1.0 8.0 0.0
3822.004873912936 1.0 0.0 0.0 0.0 0.0 1.0 8.0 0.0
3823.004873912936 1.0 0.0 0.0 0.0 0.0 1.0 8.0 0.0
3824.002994953183 1.0 0.0 0.0 0.0 0.0 1.0 8.0 0.0
3825.004873912936 1.0 0.0 0.0 0.0 0.0 1.0 8.0 0.0
3826.001600009436 1.0 0.0 0.0 0.0 0.0 1.0 8.0 0.0
3827.004873912936 1.0 0.0 0.0 0.0 0.0 1.0 8.0 0.0
3828.004873912936 1.0 0.0 0.0 0.0 0.0 1.0 8.0 0.0
3829.001635914086 1.0 0.0 0.0 0.0 0.0 1.0 8.0 0.0
3830.004873912936 1.0 0.0 0.0 0.0 0.0 1.0 8.0 0.0
3831.0019768795764 1.0 0.0 0.0 0.0 0.0 1.0 8.0 0.0
3832.004873912936 1.0 0.0 0.0 0.0 0.0 1.0 8.0 0.0
3833.004873912936 1.0 0.0 0.0 0.0 0.0 1.0 8.0 0.0
3834.004873912936 1.0 0.0 0.0 0.0 0.0 1.0 8.0 0.0
3835.004873912936 1.0 0.0 0.0 0.0 0.0 1.0 7.85 0.0
3836.0045349792676 1.0 0.0 0.0 0.0 0.0 1.0 7.125 0.0
3837.004873912936 1.0 0.0 0.0 0.0 0.0 1.0 6.275 0.0
3838.004873912936 1.0 0.0 0.0 0.0 0.0 1.0 6.05 0.0
3839.004873912936 1.0 0.0 0.0 0.0 0.0 1.0 6.05 0.0
3840.004873912936 1.0 0.0 0.0 0.0 0.0 1.0 6.05 0.0
3841.004873912936 1.0 0.0 0.0 0.0 0.0 1.0 6.0 0.0
3842.004873912936 1.0 0.0 0.0 0.0 0.0 1.0 6.0 0.0
3843.004873912936 1.0 0.0 0.0 0.0 0.0 1.0 6.0 0.0
3844.001363724649 1.0 0.0 0.0 0.0 0.0 1.0 6.0 0.0
3845.004873912936 1.0 0.0 0.0 0.0 0.0 1.0 6.0 0.0
3846.004873912936 1.0 0.0 0.0 0.0 0.0 1.0 6.0 0.0
3847.004873912936 1.0 0.0 0.0 0.0 0.0 1.0 6.0 0.0
3848.004873912936 1.0 0.0 0.0 0.0 0.0 1.0 6.0 0.0
3849.004873912936 1.0 0.0 0.0 0.0 0.0 1.0 6.0 0.0
3850.004873912936 1.0 0.0 0.0 0.0 0.0 1.0 6.0 0.0
3851.004873912936 1.0 0.0 0.0 0.0 0.0 1.0 6.0 0.0
3852.004873912936 1.0 0.0 0.0 0.0 0.0 1.0 6.0 0.0
3853.004388629117 1.0 0.0 0.0 0.0 0.0 1.0 6.0 0.0
3854.004873912936 1.0 0.0 0.0 0.0 0.0 1.0 6.0 0.0
3855.004873912936 1.0 0.0 0.0 0.0 0.0 1.0 6.0 0.0
3856.004873912936 1.0 0.0 0.0 0.0 0.0 1.0 6.0 0.0
3857.003382231732 1.0 0.0 0.0 0.0 0.0 1.0 6.0 0.0
3858.004873912936 1.0 0.0 0.0 0.0 0.0 1.0 6.0 0.0
3859.0023684613275 1.0 0.0 0.0 0.0 0.0 1.0 6.0 0.0
3860.004873912936 1.0 0.0 0.0 0.0 0.0 1.0 6.0 0.0
3861.004873912936 1.0 0.0 0.0 0.0 0.0 1.0 6.0 0.0
3862.004873912936 1.0 0.0 0.0 0.0 0.0 1.0 6.0 0.0
3863.004873912936 1.0 0.0 0.0 0.0 0.0 1.0 6.0 0.0
3864.004873912936 1.0 0.0 0.0 0.0 0.0 1.0 6.0 0.0
3865.004873912936 1.0 0.0 0.0 0.0 0.0 1.0 6.0 0.0
3866.004873912936 1.0 0.0 0.0 0.0 0.0 1.0 6.0 0.0
3867.000327479628 1.0 0.0 0.0 0.0 0.0 1.0 6.0 0.0
3868.004873912936 1.0 0.0 0.0 0.0 0.0 1.0 6.0 0.0
3869.004873912936 1.0 0.0 0.0 0.0 0.0 1.0 6.0 0.0
3870.004873912936 1.0 0.0 0.0 0.0 0.0 1.0 6.0 0.0
3871.004873912936 1.0 0.0 0.0 0.0 0.0 1.0 6.0 0.0
3872.002358497715 1.0 0.0 0.0 0.0 0.0 1.0 6.0 0.0
3873.004873912936 1.0 0.0 0.0 0.0 0.0 1.0 6.0 0.0
3874.004873912936 1.0 0.0 0.0 0.0 0.0 1.0 6.0 0.0
3875.0000876318313 1.0 0.0 0.0 0.0 0.0 1.0 6.0 0.0
3876.004873912936 1.0 0.0 0.0 0.0 0.0 1.0 6.0 0.0
3877.0033940323924 1.0 0.0 0.0 0.0 0.0 1.0 6.0 0.0
3878.004873912936 1.0 0.0 0.0 0.0 0.0 1.0 6.0 0.0
3879.004873912936 1.0 0.0 0.0 0.0 0.0 1.0 6.0 0.0
3880.0010531379344 1.0 0.0 0.0 0.0 0.0 1.0 6.0 0.0
3881.001834761006 1.0 0.0 0.0 0.0 0.0 1.0 6.0 0.0
3882.004873912936 1.0 0.0 0.0 0.0 0.0 1.0 6.0 0.0
3883.004873912936 1.0 0.0 0.0 0.0 0.0 1.0 6.0 0.0
3884.004873912936 1.0 0.0 0.0 0.0 0.0 1.0 6.0 0.0
3885.004873912936 1.0 0.0 0.0 0.0 0.0 1.0 6.0 0.0
3886.004873912936 1.0 0.0 0.0 0.0 0.0 1.0 6.0 0.0
3887.004873912936 1.0 0.0 0.0 0.0 0.0 1.0 6.0 0.0
3888.004873912936 1.0 0.0 0.0 0.0 0.0 1.0 6.0 0.0
3889.004873912936 1.0 0.0 0.0 0.0 0.0 1.0 6.0 0.0
3890.004873912936 1.0 0.0 0.0 0.0 0.0 1.0 6.0 0.0
3891.004873912936 1.0 0.0 0.0 0.0 0.0 1.0 6.0 0.0
3892.004873912936 1.0 0.0 0.0 0.0 0.0 1.0 6.0 0.0
3893.004873912936 1.0 0.0 0.0 0.0 0.0 1.0 6.0 0.0
3894.004873912936 1.0 0.0 0.0 0.0 0.0 1.0 6.0 0.0
3895.004873912936 1.0 0.0 0.0 0.0 0.0 1.0 6.0 0.0
3896.004873912936 1.0 0.0 0.0 0.0 0.0 1.0 6.0 0.0
3897.004873912936 1.0 0.0 0.0 0.0 0.0 1.0 6.0 0.0
3898.004873912936 1.0 0.0 0.0 0.0 0.0 1.0 6.0 0.0
3899.004873912936 1.0 0.0 0.0 0.0 0.0 1.0 6.0 0.0
3900.004873912936 1.0 0.0 0.0 0.0 0.0 1.0 6.0 0.0
3901.004873912936 1.0 0.0 0.0 0.0 0.0 1.0 6.0 0.0
3902.004873912936 1.0 0.0 0.0 0.0 0.0 1.0 6.0 0.0
3903.004873912936 1.0 0.0 0.0 0.0 0.0 1.0 6.0 0.0
3904.004873912936 1.0 0.0 0.0 0.0 0.0 1.0 6.0 0.0
3905.004873912936 1.0 0.0 0.0 0.0 0.0 1.0 6.0 0.0
3906.004873912936 1.0 0.0 0.0 0.0 0.0 1.0 6.0 0.0
3907.004873912936 1.0 0.0 0.0 0.0 0.0 1.0 6.0 0.0
3908.0006781866136 1.0 0.0 0.0 0.0 0.0 1.0 6.0 0.0
3909.004873912936 1.0 0.0 0.0 0.0 0.0 1.0 6.0 0.0
3910.004873912936 1.0 0.0 0.0 0.0 0.0 1.0 6.0 0.0
3911.004873912936 1.0 0.0 0.0 0.0 0.0 1.0 6.0 0.0
3912.004873912936 1.0 0.0 0.0 0.0 0.0 1.0 6.0 0.0
3913.004873912936 1.0 0.0 0.0 0.0 0.0 1.0 6.0 0.0
3914.004873912936 1.0 0.0 0.0 0.0 0.0 1.0 6.0 0.0
3915.004873912936 1.0 0.0 0.0 0.0 0.0 1.0 6.0 0.0
3916.004873912936 1.0 0.0 0.0 0.0 0.0 1.0 6.0 0.0
3917.004873912936 1.0 0.0 0.0 0.0 0.0 1.0 6.0 0.0
3918.003301301007 1.0 0.0 0.0 0.0 0.0 1.0 6.0 0.0
3919.004873912936 1.0 0.0 0.0 0.0 0.0 1.0 6.0 0.0
3920.004873912936 1.0 0.0 0.0 0.0 0.0 1.0 6.0 0.0
3921.004873912936 1.0 0.0 0.0 0.0 0.0 1.0 6.0 0.0
3922.004873912936 1.0 0.0 0.0 0.0 0.0 1.0 6.0 0.0
3923.000157082016 1.0 0.0 0.0 0.0 0.0 1.0 6.0 0.0
3924.004873912936 1.0 0.0 0.0 0.0 0.0 1.0 6.0 0.0
3925.004873912936 1.0 0.0 0.0 0.0 0.0 1.0 6.0 0.0
3926.004873912936 1.0 0.0 0.0 0.0 0.0 1.0 6.0 0.0
3927.004873912936 1.0 0.0 0.0 0.0 0.0 1.0 6.0 0.0
3928.004873912936 1.0 0.0 0.0 0.0 0.0 1.0 6.0 0.0
3929.004873912936 1.0 0.0 0.0 0.0 0.0 1.0 6.0 0.0
3930.004873912936 1.0 0.0 0.0 0.0 0.0 1.0 6.0 0.0
3931.004873912936 1.0 0.0 0.0 0.0 0.0 1.0 6.0 0.0
3932.004873912936 1.0 0.0 0.0 0.0 0.0 1.0 6.0 0.0
3933.004873912936 1.0 0.0 0.0 0.0 0.0 1.0 6.0 0.0
3934.004873912936 1.0 0.0 0.0 0.0 0.0 1.0 6.0 0.0
3935.001002614288 1.0 0.0 0.0 0.0 0.0 1.0 6.0 0.0
3936.004873912936 1.0 0.0 0.0 0.0 0.0 1.0 6.0 0.0
3937.002402462678 1.0 0.0 0.0 0.0 0.0 1.0 6.0 0.0
3938.004873912936 1.0 0.0 0.0 0.0 0.0 1.0 6.0 0.0
3939.004873912936 1.0 0.0 0.0 0.0 0.0 1.0 6.0 0.0
3940.004873912936 1.0 0.0 0.0 0.0 0.0 1.0 6.0 0.0
3941.004873912936 1.0 0.0 0.0 0.0 0.0 1.0 6.0 0.0
3942.001885851701 1.0 0.0 0.0 0.0 0.0 1.0 6.0 0.0
3943.004873912936 1.0 0.0 0.0 0.0 0.0 1.0 6.0 0.0
3944.004873912936 1.0 0.0 0.0 0.0 0.0 1.0 6.0 0.0
3945.004873912936 1.0 0.0 0.0 0.0 0.0 1.0 6.0 0.0
3946.004873912936 1.0 0.0 0.0 0.0 0.0 1.0 6.0 0.0
3947.004873912936 1.0 0.0 0.0 0.0 0.0 1.0 6.0 0.0
3948.004873912936 1.0 0.0 0.0 0.0 0.0 1.0 6.0 0.0
3949.0003603758487 1.0 0.0 0.0 0.0 0.0 1.0 6.0 0.0
3950.004873912936 1.0 0.0 0.0 0.0 0.0 1.0 6.0 0.0
3951.004873912936 1.0 0.0 0.0 0.0 0.0 1.0 6.0 0.0
3952.004873912936 1.0 0.0 0.0 0.0 0.0 1.0 6.0 0.0
3953.0025308049812 1.0 0.0 0.0 0.0 0.0 1.0 6.0 0.0
3954.004873912936 1.0 0.0 0.0 0.0 0.0 1.0 6.0 0.0
3955.004873912936 1.0 0.0 0.0 0.0 0.0 1.0 6.0 0.0
3956.004873912936 1.0 0.0 0.0 0.0 0.0 1.0 6.0 0.0
3957.004873912936 1.0 0.0 0.0 0.0 0.0 1.0 6.0 0.0
3958.004873912936 1.0 0.0 0.0 0.0 0.0 1.0 6.0 0.0
3959.004873912936 1.0 0.0 0.0 0.0 0.0 1.0 6.0 0.0
3960.004873912936 1.0 0.0 0.0 0.0 0.0 1.0 6.0 0.0
3961.004873912936 1.0 0.0 0.0 0.0 0.0 1.0 6.0 0.0
3962.004873912936 1.0 0.0 0.0 0.0 0.0 1.0 6.0 0.0
3963.004873912936 1.0 0.0 0.0 0.0 0.0 1.0 6.0 0.0
3964.004873912936 1.0 0.0 0.0 0.0 0.0 1.0 6.0 0.0
3965.004873912936 1.0 0.0 0.0 0.0 0.0 1.0 6.0 0.0
3966.004873912936 1.0 0.0 0.0 0.0 0.0 1.0 6.0 0.0
3967.004873912936 1.0 0.0 0.0 0.0 0.0 1.0 6.0 0.0
3968.004873912936 1.0 0.0 0.0 0.0 0.0 1.0 6.0 0.0
3969.004873912936 1.0 0.0 0.0 0.0 0.0 1.0 6.0 0.0
3970.004873912936 1.0 0.0 0.0 0.0 0.0 1.0 6.0 0.0
3971.004873912936 1.0 0.0 0.0 0.0 0.0 1.0 6.0 0.0
3972.004873912936 1.0 0.0 0.0 0.0 0.0 1.0 6.0 0.0
3973.004873912936 1.0 0.0 0.0 0.0 0.0 1.0 6.0 0.0
3974.004873912936 1.0 0.0 0.0 0.0 0.0 1.0 6.0 0.0
3975.004873912936 1.0 0.0 0.0 0.0 0.0 1.0 6.0 0.0
3976.004873912936 1.0 0.0 0.0 0.0 0.0 1.0 6.0 0.0
3977.004873912936 1.0 0.0 0.0 0.0 0.0 1.0 6.0 0.0
3978.004873912936 1.0 0.0 0.0 0.0 0.0 1.0 6.0 0.0
3979.004873912936 1.0 0.0 0.0 0.0 0.0 1.0 6.0 0.0
3980.004873912936 1.0 0.0 0.0 0.0 0.0 1.0 6.0 0.0
3981.002190122708 1.0 0.0 0.0 0.0 0.0 1.0 6.0 0.0
3982.004873912936 1.0 0.0 0.0 0.0 0.0 1.0 6.0 0.0
3983.0013624127205 1.0 0.0 0.0 0.0 0.0 1.0 6.0 0.0
3984.004722494091 1.0 0.0 0.0 0.0 0.0 1.0 6.0 0.0
3985.004873912936 1.0 0.0 0.0 0.0 0.0 1.0 6.0 0.0
3986.004873912936 1.0 0.0 0.0 0.0 0.0 1.0 6.0 0.0
3987.000406151185 1.0 0.0 0.0 0.0 0.0 1.0 6.0 0.0
3988.004873912936 1.0 0.0 0.0 0.0 0.0 1.0 6.0 0.0
3989.004873912936 1.0 0.0 0.0 0.0 0.0 1.0 6.0 0.0
3990.004873912936 1.0 0.0 0.0 0.0 0.0 1.0 6.0 0.0
3991.0014898003556 1.0 0.0 0.0 0.0 0.0 1.0 6.0 0.0
3992.004873912936 1.0 0.0 0.0 0.0 0.0 1.0 6.0 0.0
3993.004873912936 1.0 0.0 0.0 0.0 0.0 1.0 6.0 0.0
3994.004873912936 1.0 0.0 0.0 0.0 0.0 1.0 6.0 0.0
3995.004873912936 1.0 0.0 0.0 0.0 0.0 1.0 6.0 0.0
3996.004873912936 1.0 0.0 0.0 0.0 0.0 1.0 6.0 0.0
3997.004873912936 1.0 0.0 0.0 0.0 0.0 1.0 6.0 0.0
3998.004873912936 1.0 0.0 0.0 0.0 0.0 1.0 6.0 0.0
3999.004873912936 1.0 0.0 0.0 0.0 0.0 1.0 6.0 0.0
4000.004873912936 1.0 0.0 0.0 0.0 0.0 1.0 6.0 0.0
#####################################################################
# End of data export. Simulation finished at: 2026-01-25T11:59+0000 #
#####################################################################
