#####################################################################
# Alchemist log file - simulation started at: 2026-05-19T13:10+0000 #
#####################################################################
#
# seed = 98.0, connection_range_percentage = 0.15000000000000002, variability = 10.0, history_length = 1200, drones = 160
#
# The columns have the following meaning: 
# time wandering[mean] defending[mean] solving[mean] wait[mean] attacked[max] alarm[max] historySize[mean] disagreementRate 
0.0 NaN NaN NaN NaN 0.0 0.0 NaN 0.0
0.0 0.0 0.0 0.0 1.0 0.0 0.0 2.0 0.0
1.0012732048910897 0.0 0.0 0.0 1.0 0.0 0.0 2.475 0.0
2.0012732048910897 0.0 0.0 0.0 1.0 0.0 0.0 3.0 0.0
3.0012732048910897 0.0 0.0 0.0 1.0 0.0 0.0 3.0 0.0
4.00127320489109 0.0 0.0 0.0 1.0 0.0 0.0 3.0 0.0
5.00127320489109 0.0 0.0 0.0 1.0 0.0 0.0 3.0 0.0
6.00127320489109 0.0 0.0 0.0 1.0 0.0 0.0 3.0 0.0
7.00127320489109 0.0 0.0 0.0 1.0 0.0 0.0 3.0 0.0
8.00127320489109 0.0 0.0 0.0 1.0 0.0 0.0 3.0 0.0
9.00127320489109 0.0 0.0 0.0 1.0 0.0 0.0 3.0 0.0
10.00127320489109 0.0 0.0 0.0 1.0 0.0 0.0 3.0 0.0
11.00127320489109 0.0 0.0 0.0 1.0 0.0 0.0 3.0 0.0
12.00127320489109 0.0 0.0 0.0 1.0 0.0 0.0 3.0 0.0
13.00127320489109 0.0 0.0 0.0 1.0 0.0 0.0 3.0 0.0
14.00127320489109 0.0 0.0 0.0 1.0 0.0 0.0 3.0 0.0
15.00127320489109 0.0 0.0 0.0 1.0 0.0 0.0 3.0 0.0
16.001273204891092 0.0 0.0 0.0 1.0 0.0 0.0 3.0 0.0
17.001273204891092 0.0 0.0 0.0 1.0 0.0 0.0 3.0 0.0
18.001273204891092 0.0 0.0 0.0 1.0 0.0 0.0 3.0 0.0
19.001273204891092 0.0 0.0 0.0 1.0 0.0 0.0 3.0 0.0
20.001273204891092 0.0 0.0 0.0 1.0 0.0 0.0 3.0 0.0
21.001273204891092 0.0 0.0 0.0 1.0 0.0 0.0 3.0 0.0
22.001273204891092 0.0 0.0 0.0 1.0 0.0 0.0 3.0 0.0
23.001273204891092 0.0 0.0 0.0 1.0 0.0 0.0 3.0 0.0
24.001273204891092 0.0 0.0 0.0 1.0 0.0 0.0 3.0 0.0
25.001273204891092 0.0 0.0 0.0 1.0 0.0 0.0 3.0 0.0
26.001273204891092 0.0 0.0 0.0 1.0 0.0 0.0 3.0 0.0
27.001244288673906 0.0 0.0 0.0 1.0 0.0 0.0 3.0 0.0
28.001273204891092 0.0 0.0 0.0 1.0 0.0 0.0 3.0 0.0
29.001273204891092 0.0 0.0 0.0 1.0 0.0 0.0 3.0 0.0
30.001273204891092 0.0 0.0 0.0 1.0 0.0 0.0 3.0 0.0
31.001273204891092 0.0 0.0 0.0 1.0 0.0 0.0 3.0 0.0
32.00127320489109 0.0 0.0 0.0 1.0 0.0 0.0 3.0 0.0
33.00127320489109 0.0 0.0 0.0 1.0 0.0 0.0 3.0 0.0
34.00127320489109 0.0 0.0 0.0 1.0 0.0 0.0 3.0 0.0
35.00127320489109 0.0 0.0 0.0 1.0 0.0 0.0 3.0 0.0
36.00127320489109 0.0 0.0 0.0 1.0 0.0 0.0 3.0 0.0
37.00014899665098 0.0 0.0 0.0 1.0 0.0 0.0 3.0 0.0
38.00127320489109 0.0 0.0 0.0 1.0 0.0 0.0 3.0 0.0
39.00127320489109 0.0 0.0 0.0 1.0 0.0 0.0 3.0 0.0
40.00046496413295 0.0 0.0 0.0 1.0 0.0 0.0 3.0 0.0
41.00127320489109 0.0 0.0 0.0 1.0 0.0 0.0 3.0 0.0
42.00127320489109 0.0 0.0 0.0 1.0 0.0 0.0 3.0 0.0
43.00127320489109 0.0 0.0 0.0 1.0 0.0 0.0 3.0 0.0
44.00127320489109 0.0 0.0 0.0 1.0 0.0 0.0 3.0 0.0
45.00127320489109 0.0 0.0 0.0 1.0 0.0 0.0 3.0 0.0
46.00127320489109 0.0 0.0 0.0 1.0 0.0 0.0 3.0 0.0
47.00127320489109 0.0 0.0 0.0 1.0 0.0 0.0 3.0 0.0
48.00127320489109 0.0 0.0 0.0 1.0 0.0 0.0 3.0 0.0
49.00127320489109 0.0 0.0 0.0 1.0 0.0 0.0 3.0 0.0
50.00127320489109 0.0 0.0 0.0 1.0 0.0 0.0 3.0 0.0
51.00127320489109 0.0 0.0 0.0 1.0 0.0 0.0 3.0 0.0
52.00127320489109 0.0 0.0 0.0 1.0 0.0 0.0 3.0 0.0
53.00008794508572 0.0 0.0 0.0 1.0 0.0 0.0 3.0 0.0
54.00127320489109 0.0 0.0 0.0 1.0 0.0 0.0 3.0 0.0
55.00127320489109 0.0 0.0 0.0 1.0 0.0 0.0 3.0 0.0
56.00127320489109 0.0 0.0 0.0 1.0 0.0 0.0 3.0 0.0
57.00127320489109 0.0 0.0 0.0 1.0 0.0 0.0 3.0 0.0
58.00127320489109 0.0 0.0 0.0 1.0 0.0 0.0 3.0 0.0
59.00127320489109 0.0 0.0 0.0 1.0 0.0 0.0 3.0 0.0
60.00127320489109 0.0 0.0 0.0 1.0 0.0 0.0 3.0 0.0
61.00127320489109 0.0 0.0 0.0 1.0 0.0 0.0 3.0 0.0
62.00104087806095 0.0 0.0 0.0 1.0 0.0 0.0 3.0 0.0
63.00127320489109 0.0 0.0 0.0 1.0 0.0 0.0 3.0 0.0
64.00127320489109 0.0 0.0 0.0 1.0 0.0 0.0 3.0 0.0
65.00127320489109 0.0 0.0 0.0 1.0 0.0 0.0 3.0 0.0
66.00127320489109 0.0 0.0 0.0 1.0 0.0 0.0 3.0 0.0
67.00127320489109 0.0 0.0 0.0 1.0 0.0 0.0 3.0 0.0
68.00127320489109 0.0 0.0 0.0 1.0 0.0 0.0 3.0 0.0
69.00065946800042 0.0 0.0 0.0 1.0 0.0 0.0 3.0 0.0
70.00127320489109 0.0 0.0 0.0 1.0 0.0 0.0 3.0 0.0
71.00127320489109 0.0 0.0 0.0 1.0 0.0 0.0 3.0 0.0
72.00127320489109 0.0 0.0 0.0 1.0 0.0 0.0 3.0 0.0
73.00127320489109 0.0 0.0 0.0 1.0 0.0 0.0 3.0 0.0
74.00127320489109 0.0 0.0 0.0 1.0 0.0 0.0 3.0 0.0
75.00127320489109 0.0 0.0 0.0 1.0 0.0 0.0 3.0 0.0
76.00127320489109 0.0 0.0 0.0 1.0 0.0 0.0 3.0 0.0
77.00127320489109 0.0 0.0 0.0 1.0 0.0 0.0 3.0 0.0
78.00127320489109 0.0 0.0 0.0 1.0 0.0 0.0 3.0 0.0
79.00127320489109 0.0 0.0 0.0 1.0 0.0 0.0 3.0 0.0
80.00127320489109 0.0 0.0 0.0 1.0 0.0 0.0 3.0 0.0
81.00127320489109 0.0 0.0 0.0 1.0 0.0 0.0 3.0 0.0
82.00127320489109 0.0 0.0 0.0 1.0 0.0 0.0 3.0 0.0
83.00036620889207 0.0 0.0 0.0 1.0 0.0 0.0 3.0 0.0
84.00127320489109 0.0 0.0 0.0 1.0 0.0 0.0 3.0 0.0
85.00036904365227 0.0 0.0 0.0 1.0 0.0 0.0 3.0 0.0
86.00127320489109 0.0 0.0 0.0 1.0 0.0 0.0 3.0 0.0
87.00127320489109 0.0 0.0 0.0 1.0 0.0 0.0 3.0 0.0
88.00127320489109 0.0 0.0 0.0 1.0 0.0 0.0 3.0 0.0
89.00009188230915 0.0 0.0 0.0 1.0 0.0 0.0 3.0 0.0
90.00127320489109 0.0 0.0 0.0 1.0 0.0 0.0 3.0 0.0
91.00127320489109 0.0 0.0 0.0 1.0 0.0 0.0 3.0 0.0
92.00056679739795 0.0 0.0 0.0 1.0 0.0 0.0 3.0 0.0
93.00127320489109 0.0 0.0 0.0 1.0 0.0 0.0 3.0 0.0
94.00127320489109 0.0 0.0 0.0 1.0 0.0 0.0 3.0 0.0
95.00127320489109 0.0 0.0 0.0 1.0 0.0 0.0 3.0 0.0
96.00127320489109 0.0 0.0 0.0 1.0 0.0 0.0 3.0 0.0
97.00007049493132 0.0 0.0 0.0 1.0 0.0 0.0 3.0 0.0
98.00112376048148 0.0 0.0 0.0 1.0 0.0 0.0 3.0 0.0
99.00127320489109 0.0 0.0 0.0 1.0 0.0 0.0 3.0 0.0
100.00127320489109 0.0 0.0 0.0 1.0 0.0 0.0 3.0 0.0
101.00048043883807 0.0 0.0 0.0 1.0 0.0 0.0 3.0 0.0
102.00127320489109 0.0 0.0 0.0 1.0 0.0 0.0 3.0 0.0
103.00014277060137 0.0 0.0 0.0 1.0 0.0 0.0 3.0 0.0
104.00127320489109 0.0 0.0 0.0 1.0 0.0 0.0 3.0 0.0
105.00089417072263 0.0 0.0 0.0 1.0 0.0 0.0 3.0 0.0
106.00127320489109 0.0 0.0 0.0 1.0 0.0 0.0 3.0 0.0
107.00127320489109 0.0 0.0 0.0 1.0 0.0 0.0 3.0 0.0
108.00033434680918 0.0 0.0 0.0 1.0 0.0 0.0 3.0 0.0
109.00127320489109 0.0 0.0 0.0 1.0 0.0 0.0 3.0 0.0
110.00020127931678 0.0 0.0 0.0 1.0 0.0 0.0 3.0 0.0
111.00127320489109 0.0 0.0 0.0 1.0 0.0 0.0 3.0 0.0
112.00127320489109 0.0 0.0 0.0 1.0 0.0 0.0 3.0 0.0
113.00127320489109 0.0 0.0 0.0 1.0 0.0 0.0 3.0 0.0
114.00127320489109 0.0 0.0 0.0 1.0 0.0 0.0 3.0 0.0
115.00127320489109 0.0 0.0 0.0 1.0 0.0 0.0 3.0 0.0
116.00127320489109 0.0 0.0 0.0 1.0 0.0 0.0 3.0 0.0
117.0003365706379 0.0 0.0 0.0 1.0 0.0 0.0 3.0 0.0
118.00019515564469 0.0 0.0 0.0 1.0 0.0 0.0 3.0 0.0
119.00127320489109 0.0 0.0 0.0 1.0 0.0 0.0 3.0 0.0
120.00127320489109 0.0 0.0 0.0 1.0 0.0 0.0 3.0 0.0
121.00127320489109 0.0 0.0 0.0 1.0 0.0 0.0 3.0 0.0
122.00127320489109 0.0 0.0 0.0 1.0 0.0 0.0 3.0 0.0
123.00127320489109 0.0 0.0 0.0 1.0 0.0 0.0 3.0 0.0
124.00127320489109 0.0 0.0 0.0 1.0 0.0 0.0 3.0 0.0
125.00127320489109 0.0 0.0 0.0 1.0 0.0 0.0 3.0 0.0
126.00047364611231 0.0 0.0 0.0 1.0 0.0 0.0 3.0 0.0
127.00127320489109 0.0 0.0 0.0 1.0 0.0 0.0 3.0 0.0
128.0012732048911 0.0 0.0 0.0 1.0 0.0 0.0 3.0 0.0
129.0012732048911 0.0 0.0 0.0 1.0 0.0 0.0 3.0 0.0
130.0012732048911 0.0 0.0 0.0 1.0 0.0 0.0 3.0 0.0
131.0012732048911 0.0 0.0 0.0 1.0 0.0 0.0 3.0 0.0
132.0012732048911 0.0 0.0 0.0 1.0 0.0 0.0 3.0 0.0
133.0012732048911 0.0 0.0 0.0 1.0 0.0 0.0 3.0 0.0
134.0012732048911 0.0 0.0 0.0 1.0 0.0 0.0 3.0 0.0
135.0012732048911 0.0 0.0 0.0 1.0 0.0 0.0 3.0 0.0
136.0012732048911 0.0 0.0 0.0 1.0 0.0 0.0 3.0 0.0
137.0012732048911 0.0 0.0 0.0 1.0 0.0 0.0 3.0 0.0
138.0012732048911 0.0 0.0 0.0 1.0 0.0 0.0 3.0 0.0
139.0012732048911 0.0 0.0 0.0 1.0 0.0 0.0 3.0 0.0
140.0012732048911 0.0 0.0 0.0 1.0 0.0 0.0 3.0 0.0
141.0012732048911 0.0 0.0 0.0 1.0 0.0 0.0 3.0 0.0
142.0012732048911 0.0 0.0 0.0 1.0 0.0 0.0 3.0 0.0
143.0012732048911 0.0 0.0 0.0 1.0 0.0 0.0 3.0 0.0
144.0012732048911 0.0 0.0 0.0 1.0 0.0 0.0 3.0 0.0
145.0012732048911 0.0 0.0 0.0 1.0 0.0 0.0 3.0 0.0
146.0012732048911 0.0 0.0 0.0 1.0 0.0 0.0 3.0 0.0
147.0012732048911 0.0 0.0 0.0 1.0 0.0 0.0 3.0 0.0
148.0012732048911 0.0 0.0 0.0 1.0 0.0 0.0 3.0 0.0
149.0012732048911 0.0 0.0 0.0 1.0 0.0 0.0 3.0 0.0
150.0012732048911 0.0 0.0 0.0 1.0 0.0 0.0 3.0 0.0
151.00111442847447 0.0 0.0 0.0 1.0 0.0 0.0 3.0 0.0
152.0012732048911 0.0 0.0 0.0 1.0 0.0 0.0 3.0 0.0
153.0012732048911 0.0 0.0 0.0 1.0 0.0 0.0 3.0 0.0
154.0012732048911 0.0 0.0 0.0 1.0 0.0 0.0 3.0 0.0
155.00088292578545 0.0 0.0 0.0 1.0 0.0 0.0 3.0 0.0
156.0012732048911 0.0 0.0 0.0 1.0 0.0 0.0 3.0 0.0
157.0012732048911 0.0 0.0 0.0 1.0 0.0 0.0 3.0 0.0
158.0012732048911 0.0 0.0 0.0 1.0 0.0 0.0 3.0 0.0
159.0005570195039 0.0 0.0 0.0 1.0 0.0 0.0 3.0 0.0
160.00031014479583 0.0 0.0 0.0 1.0 0.0 0.0 3.0 0.0
161.00121380843024 0.0 0.0 0.0 1.0 0.0 0.0 3.0 0.0
162.0012732048911 0.0 0.0 0.0 1.0 0.0 0.0 3.0 0.0
163.0012732048911 0.0 0.0 0.0 1.0 0.0 0.0 3.0 0.0
164.0012732048911 0.0 0.0 0.0 1.0 0.0 0.0 3.0 0.0
165.0012732048911 0.0 0.0 0.0 1.0 0.0 0.0 3.0 0.0
166.0012732048911 0.0 0.0 0.0 1.0 0.0 0.0 3.0 0.0
167.0012732048911 0.0 0.0 0.0 1.0 0.0 0.0 3.0 0.0
168.0012732048911 0.0 0.0 0.0 1.0 0.0 0.0 3.0 0.0
169.0012732048911 0.0 0.0 0.0 1.0 0.0 0.0 3.0 0.0
170.0012732048911 0.0 0.0 0.0 1.0 0.0 0.0 3.0 0.0
171.0012732048911 0.0 0.0 0.0 1.0 0.0 0.0 3.0 0.0
172.0012732048911 0.0 0.0 0.0 1.0 0.0 0.0 3.0 0.0
173.0012732048911 0.0 0.0 0.0 1.0 0.0 0.0 3.0 0.0
174.0012732048911 0.0 0.0 0.0 1.0 0.0 0.0 3.0 0.0
175.0012732048911 0.0 0.0 0.0 1.0 0.0 0.0 3.0 0.0
176.0012732048911 0.0 0.0 0.0 1.0 0.0 0.0 3.0 0.0
177.0012732048911 0.0 0.0 0.0 1.0 0.0 0.0 3.0 0.0
178.0012732048911 0.0 0.0 0.0 1.0 0.0 0.0 3.0 0.0
179.0012732048911 0.0 0.0 0.0 1.0 0.0 0.0 3.0 0.0
180.0012732048911 0.0 0.0 0.0 1.0 0.0 0.0 3.0 0.0
181.0012732048911 0.0 0.0 0.0 1.0 0.0 0.0 3.0 0.0
182.0012732048911 0.0 0.0 0.0 1.0 0.0 0.0 3.0 0.0
183.0012732048911 0.0 0.0 0.0 1.0 0.0 0.0 3.0 0.0
184.0012732048911 0.0 0.0 0.0 1.0 0.0 0.0 3.0 0.0
185.0012732048911 0.0 0.0 0.0 1.0 0.0 0.0 3.0 0.0
186.0012732048911 0.0 0.0 0.0 1.0 0.0 0.0 3.0 0.0
187.0012732048911 0.0 0.0 0.0 1.0 0.0 0.0 3.0 0.0
188.0012732048911 0.0 0.0 0.0 1.0 0.0 0.0 3.0 0.0
189.0012732048911 0.0 0.0 0.0 1.0 0.0 0.0 3.0 0.0
190.0012732048911 0.0 0.0 0.0 1.0 0.0 0.0 3.0 0.0
191.0012732048911 0.0 0.0 0.0 1.0 0.0 0.0 3.0 0.0
192.0012732048911 0.0 0.0 0.0 1.0 0.0 0.0 3.0 0.0
193.0012732048911 0.0 0.0 0.0 1.0 0.0 0.0 3.0 0.0
194.0012732048911 0.0 0.0 0.0 1.0 0.0 0.0 3.0 0.0
195.0012732048911 0.0 0.0 0.0 1.0 0.0 0.0 3.0 0.0
196.0012732048911 0.0 0.0 0.0 1.0 0.0 0.0 3.0 0.0
197.001006873875 0.0 0.0 0.0 1.0 0.0 0.0 3.0 0.0
198.0012732048911 0.0 0.0 0.0 1.0 0.0 0.0 3.0 0.0
199.00042648346937 0.0 0.0 0.0 1.0 0.0 0.0 3.0 0.0
200.0012732048911 0.0 0.0 0.0 1.0 0.0 0.0 3.0 0.0
201.0012732048911 0.0 0.0 0.0 1.0 0.0 0.0 3.0 0.0
202.0012732048911 0.0 0.0 0.0 1.0 0.0 0.0 3.0 0.0
203.0012732048911 0.0 0.0 0.0 1.0 0.0 0.0 3.0 0.0
204.00014347014348 0.0 0.0 0.0 1.0 0.0 0.0 3.0 0.0
205.0012732048911 0.0 0.0 0.0 1.0 0.0 0.0 3.0 0.0
206.0012732048911 0.0 0.0 0.0 1.0 0.0 0.0 3.0 0.0
207.0012732048911 0.0 0.0 0.0 1.0 0.0 0.0 3.0 0.0
208.0012732048911 0.0 0.0 0.0 1.0 0.0 0.0 3.0 0.0
209.0012732048911 0.0 0.0 0.0 1.0 0.0 0.0 3.0 0.0
210.00004562459378 0.0 0.0 0.0 1.0 0.0 0.0 3.0 0.0
211.0009804865384 0.0 0.0 0.0 1.0 0.0 0.0 3.0 0.0
212.0012732048911 0.0 0.0 0.0 1.0 0.0 0.0 3.0 0.0
213.0012732048911 0.0 0.0 0.0 1.0 0.0 0.0 3.0 0.0
214.0012732048911 0.0 0.0 0.0 1.0 0.0 0.0 3.0 0.0
215.0012732048911 0.0 0.0 0.0 1.0 0.0 0.0 3.0 0.0
216.0012732048911 0.0 0.0 0.0 1.0 0.0 0.0 3.0 0.0
217.0002792709351 0.0 0.0 0.0 1.0 0.0 0.0 3.0 0.0
218.0012732048911 0.0 0.0 0.0 1.0 0.0 0.0 3.0 0.0
219.0012732048911 0.0 0.0 0.0 1.0 0.0 0.0 3.0 0.0
220.0012732048911 0.0 0.0 0.0 1.0 0.0 0.0 3.0 0.0
221.0012732048911 0.0 0.0 0.0 1.0 0.0 0.0 3.0 0.0
222.0012732048911 0.0 0.0 0.0 1.0 0.0 0.0 3.0 0.0
223.0012732048911 0.0 0.0 0.0 1.0 0.0 0.0 3.0 0.0
224.0012732048911 0.0 0.0 0.0 1.0 0.0 0.0 3.0 0.0
225.0012732048911 0.0 0.0 0.0 1.0 0.0 0.0 3.0 0.0
226.0012732048911 0.0 0.0 0.0 1.0 0.0 0.0 3.0 0.0
227.0012732048911 0.0 0.0 0.0 1.0 0.0 0.0 3.0 0.0
228.0012732048911 0.0 0.0 0.0 1.0 0.0 0.0 3.0 0.0
229.0012732048911 0.0 0.0 0.0 1.0 0.0 0.0 3.0 0.0
230.0012732048911 0.0 0.0 0.0 1.0 0.0 0.0 3.0 0.0
231.0012732048911 0.0 0.0 0.0 1.0 0.0 0.0 3.0 0.0
232.0012732048911 0.0 0.0 0.0 1.0 0.0 0.0 3.0 0.0
233.0012732048911 0.0 0.0 0.0 1.0 0.0 0.0 3.0 0.0
234.0012732048911 0.0 0.0 0.0 1.0 0.0 0.0 3.0 0.0
235.0004910297985 0.0 0.0 0.0 1.0 0.0 0.0 3.0 0.0
236.0012732048911 0.0 0.0 0.0 1.0 0.0 0.0 3.0 0.0
237.0012732048911 0.0 0.0 0.0 1.0 0.0 0.0 3.0 0.0
238.0012732048911 0.0 0.0 0.0 1.0 0.0 0.0 3.0 0.0
239.0012732048911 0.0 0.0 0.0 1.0 0.0 0.0 3.0 0.0
240.0012732048911 0.0 0.0 0.0 1.0 0.0 0.0 3.0 0.0
241.00003955180878 0.0 0.0 0.0 1.0 0.0 0.0 3.0 0.0
242.0012732048911 0.0 0.0 0.0 1.0 0.0 0.0 3.0 0.0
243.0012732048911 0.0 0.0 0.0 1.0 0.0 0.0 3.0 0.0
244.0012732048911 0.0 0.0 0.0 1.0 0.0 0.0 3.0 0.0
245.0012732048911 0.0 0.0 0.0 1.0 0.0 0.0 3.0 0.0
246.00058800702186 0.0 0.0 0.0 1.0 0.0 0.0 3.0 0.0
247.0012732048911 0.0 0.0 0.0 1.0 0.0 0.0 3.0 0.0
248.0012732048911 0.0 0.0 0.0 1.0 0.0 0.0 3.0 0.0
249.0012732048911 0.0 0.0 0.0 1.0 0.0 0.0 3.0 0.0
250.0012732048911 0.0 0.0 0.0 1.0 0.0 0.0 3.0 0.0
251.0012732048911 0.0 0.0 0.0 1.0 0.0 0.0 3.0 0.0
252.0012732048911 0.0 0.0 0.0 1.0 0.0 0.0 3.0 0.0
253.0012732048911 0.0 0.0 0.0 1.0 0.0 0.0 3.0 0.0
254.0008116129392 0.0 0.0 0.0 1.0 0.0 0.0 3.0 0.0
255.0012732048911 0.0 0.0 0.0 1.0 0.0 0.0 3.0 0.0
256.0012732048911 0.0 0.0 0.0 1.0 0.0 0.0 3.0 0.0
257.0012732048911 0.0 0.0 0.0 1.0 0.0 0.0 3.0 0.0
258.0012732048911 0.0 0.0 0.0 1.0 0.0 0.0 3.0 0.0
259.0012732048911 0.0 0.0 0.0 1.0 0.0 0.0 3.0 0.0
260.0012732048911 0.0 0.0 0.0 1.0 0.0 0.0 3.0 0.0
261.0012732048911 0.0 0.0 0.0 1.0 0.0 0.0 3.0 0.0
262.0012732048911 0.0 0.0 0.0 1.0 0.0 0.0 3.0 0.0
263.0000802930943 0.0 0.0 0.0 1.0 0.0 0.0 3.0 0.0
264.0012732048911 0.0 0.0 0.0 1.0 0.0 0.0 3.0 0.0
265.0012732048911 0.0 0.0 0.0 1.0 0.0 0.0 3.0 0.0
266.0012732048911 0.0 0.0 0.0 1.0 0.0 0.0 3.0 0.0
267.0012732048911 0.0 0.0 0.0 1.0 0.0 0.0 3.0 0.0
268.0012732048911 0.0 0.0 0.0 1.0 0.0 0.0 3.0 0.0
269.0012732048911 0.0 0.0 0.0 1.0 0.0 0.0 3.0 0.0
270.0012732048911 0.0 0.0 0.0 1.0 0.0 0.0 3.0 0.0
271.0012732048911 0.0 0.0 0.0 1.0 0.0 0.0 3.0 0.0
272.0012732048911 0.0 0.0 0.0 1.0 0.0 0.0 3.0 0.0
273.0012732048911 0.0 0.0 0.0 1.0 0.0 0.0 3.0 0.0
274.0012732048911 0.0 0.0 0.0 1.0 0.0 0.0 3.0 0.0
275.0012732048911 0.0 0.0 0.0 1.0 0.0 0.0 3.0 0.0
276.0012732048911 0.0 0.0 0.0 1.0 0.0 0.0 3.0 0.0
277.0012732048911 0.0 0.0 0.0 1.0 0.0 0.0 3.0 0.0
278.0012732048911 0.0 0.0 0.0 1.0 0.0 0.0 3.0 0.0
279.0012732048911 0.0 0.0 0.0 1.0 0.0 0.0 3.0 0.0
280.0012732048911 0.0 0.0 0.0 1.0 0.0 0.0 3.0 0.0
281.0012732048911 0.0 0.0 0.0 1.0 0.0 0.0 3.0 0.0
282.000845656501 0.0 0.0 0.0 1.0 0.0 0.0 3.0 0.0
283.0012732048911 0.0 0.0 0.0 1.0 0.0 0.0 3.0 0.0
284.0006831391424 0.0 0.0 0.0 1.0 0.0 0.0 3.0 0.0
285.0012732048911 0.0 0.0 0.0 1.0 0.0 0.0 3.0 0.0
286.0012732048911 0.0 0.0 0.0 1.0 0.0 0.0 3.0 0.0
287.0012732048911 0.0 0.0 0.0 1.0 0.0 0.0 3.0 0.0
288.0012732048911 0.0 0.0 0.0 1.0 0.0 0.0 3.0 0.0
289.0012732048911 0.0 0.0 0.0 1.0 0.0 0.0 3.0 0.0
290.00096302606806 0.0 0.0 0.0 1.0 0.0 0.0 3.0 0.0
291.0012732048911 0.0 0.0 0.0 1.0 0.0 0.0 3.0 0.0
292.0012732048911 0.0 0.0 0.0 1.0 0.0 0.0 3.0 0.0
293.00025080540524 0.0 0.0 0.0 1.0 0.0 0.0 3.0 0.0
294.00000494742216 0.0 0.0 0.0 1.0 0.0 0.0 3.0 0.0
295.0012732048911 0.0 0.0 0.0 1.0 0.0 0.0 3.0 0.0
296.0012732048911 0.0 0.0 0.0 1.0 0.0 0.0 3.0 0.0
297.0012732048911 0.0 0.0 0.0 1.0 0.0 0.0 3.0 0.0
298.0012732048911 0.0 0.0 0.0 1.0 0.0 0.0 3.0 0.0
299.0012732048911 0.0 0.0 0.0 1.0 0.0 0.0 3.0 0.0
300.00050198841154 0.0 0.0 0.0 1.0 0.0 0.0 3.0 0.0
301.0012732048911 0.0 0.0 0.0 1.0 0.0 0.0 3.0 0.0
302.0012732048911 0.0 0.0 0.0 1.0 0.0 0.0 3.0 0.0
303.0012732048911 0.0 0.0 0.0 1.0 0.0 0.0 3.0 0.0
304.0012732048911 0.0 0.0 0.0 1.0 0.0 0.0 3.0 0.0
305.0012732048911 0.0 0.0 0.0 1.0 0.0 0.0 3.0 0.0
306.0012732048911 0.0 0.0 0.0 1.0 0.0 0.0 3.0 0.0
307.0012732048911 0.0 0.0 0.0 1.0 0.0 0.0 3.0 0.0
308.0012732048911 0.0 0.0 0.0 1.0 0.0 0.0 3.0 0.0
309.0012732048911 0.0 0.0 0.0 1.0 0.0 0.0 3.0 0.0
310.0012732048911 0.0 0.0 0.0 1.0 0.0 0.0 3.0 0.0
311.0012732048911 0.0 0.0 0.0 1.0 0.0 0.0 3.0 0.0
312.00028764781274 0.0 0.0 0.0 1.0 0.0 0.0 3.0 0.0
313.0012732048911 0.0 0.0 0.0 1.0 0.0 0.0 3.0 0.0
314.0012732048911 0.0 0.0 0.0 1.0 0.0 0.0 3.0 0.0
315.0012732048911 0.0 0.0 0.0 1.0 0.0 0.0 3.0 0.0
316.0012732048911 0.0 0.0 0.0 1.0 0.0 0.0 3.0 0.0
317.0012732048911 0.0 0.0 0.0 1.0 0.0 0.0 3.0 0.0
318.0012732048911 0.0 0.0 0.0 1.0 0.0 0.0 3.0 0.0
319.0012732048911 0.0 0.0 0.0 1.0 0.0 0.0 3.0 0.0
320.0012732048911 0.0 0.0 0.0 1.0 0.0 0.0 3.0 0.0
321.0012732048911 0.0 0.0 0.0 1.0 0.0 0.0 3.0 0.0
322.0012732048911 0.0 0.0 0.0 1.0 0.0 0.0 3.0 0.0
323.0012732048911 0.0 0.0 0.0 1.0 0.0 0.0 3.0 0.0
324.0012583652987 0.0 0.0 0.0 1.0 0.0 0.0 3.0 0.0
325.0012732048911 0.0 0.0 0.0 1.0 0.0 0.0 3.0 0.0
326.0012732048911 0.0 0.0 0.0 1.0 0.0 0.0 3.0 0.0
327.00050178083274 0.0 0.0 0.0 1.0 0.0 0.0 3.0 0.0
328.0012732048911 0.0 0.0 0.0 1.0 0.0 0.0 3.0 0.0
329.0012732048911 0.0 0.0 0.0 1.0 0.0 0.0 3.0 0.0
330.0012732048911 0.0 0.0 0.0 1.0 0.0 0.0 3.0 0.0
331.0012732048911 0.0 0.0 0.0 1.0 0.0 0.0 3.0 0.0
332.0012732048911 0.0 0.0 0.0 1.0 0.0 0.0 3.0 0.0
333.0012732048911 0.0 0.0 0.0 1.0 0.0 0.0 3.0 0.0
334.0012732048911 0.0 0.0 0.0 1.0 0.0 0.0 3.0 0.0
335.0012732048911 0.0 0.0 0.0 1.0 0.0 0.0 3.0 0.0
336.0012732048911 0.0 0.0 0.0 1.0 0.0 0.0 3.0 0.0
337.0012732048911 0.0 0.0 0.0 1.0 0.0 0.0 3.0 0.0
338.0012732048911 0.0 0.0 0.0 1.0 0.0 0.0 3.0 0.0
339.0007355630459 0.0 0.0 0.0 1.0 0.0 0.0 3.0 0.0
340.000462917557 0.0 0.0 0.0 1.0 0.0 0.0 3.0 0.0
341.0012732048911 0.0 0.0 0.0 1.0 0.0 0.0 3.0 0.0
342.0012732048911 0.0 0.0 0.0 1.0 0.0 0.0 3.0 0.0
343.0012732048911 0.0 0.0 0.0 1.0 0.0 0.0 3.0 0.0
344.0004568350352 0.0 0.0 0.0 1.0 0.0 0.0 3.0 0.0
345.0012732048911 0.0 0.0 0.0 1.0 0.0 0.0 3.0 0.0
346.0012732048911 0.0 0.0 0.0 1.0 0.0 0.0 3.0 0.0
347.0012732048911 0.0 0.0 0.0 1.0 0.0 0.0 3.0 0.0
348.0006258759112 0.0 0.0 0.0 1.0 0.0 0.0 3.0 0.0
349.0012732048911 0.0 0.0 0.0 1.0 0.0 0.0 3.0 0.0
350.0012732048911 0.0 0.0 0.0 1.0 0.0 0.0 3.0 0.0
351.0008954022734 0.0 0.0 0.0 1.0 0.0 0.0 3.0 0.0
352.0012732048911 0.0 0.0 0.0 1.0 0.0 0.0 3.0 0.0
353.0012732048911 0.0 0.0 0.0 1.0 0.0 0.0 3.0 0.0
354.0000893178774 0.0 0.0 0.0 1.0 0.0 0.0 3.0 0.0
355.0012732048911 0.0 0.0 0.0 1.0 0.0 0.0 3.0 0.0
356.0012732048911 0.0 0.0 0.0 1.0 0.0 0.0 3.0 0.0
357.0008176196571 0.0 0.0 0.0 1.0 0.0 0.0 3.0 0.0
358.0012732048911 0.0 0.0 0.0 1.0 0.0 0.0 3.0 0.0
359.0012732048911 0.0 0.0 0.0 1.0 0.0 0.0 3.0 0.0
360.0012732048911 0.0 0.0 0.0 1.0 0.0 0.0 3.0 0.0
361.0012732048911 0.0 0.0 0.0 1.0 0.0 0.0 3.0 0.0
362.0012732048911 0.0 0.0 0.0 1.0 0.0 0.0 3.0 0.0
363.0012732048911 0.0 0.0 0.0 1.0 0.0 0.0 3.0 0.0
364.0012732048911 0.0 0.0 0.0 1.0 0.0 0.0 3.0 0.0
365.00032888199655 0.0 0.0 0.0 1.0 0.0 0.0 3.0 0.0
366.0012732048911 0.0 0.0 0.0 1.0 0.0 0.0 3.0 0.0
367.0012732048911 0.0 0.0 0.0 1.0 0.0 0.0 3.0 0.0
368.0012732048911 0.0 0.0 0.0 1.0 0.0 0.0 3.0 0.0
369.0007917550469 0.0 0.0 0.0 1.0 0.0 0.0 3.0 0.0
370.0012732048911 0.0 0.0 0.0 1.0 0.0 0.0 3.0 0.0
371.0008859321479 0.0 0.0 0.0 1.0 0.0 0.0 3.0 0.0
372.0012732048911 0.0 0.0 0.0 1.0 0.0 0.0 3.0 0.0
373.00008915810844 0.0 0.0 0.0 1.0 0.0 0.0 3.0 0.0
374.0012732048911 0.0 0.0 0.0 1.0 0.0 0.0 3.0 0.0
375.0000459772078 0.0 0.0 0.0 1.0 0.0 0.0 3.0 0.0
376.0012732048911 0.0 0.0 0.0 1.0 0.0 0.0 3.0 0.0
377.0012732048911 0.0 0.0 0.0 1.0 0.0 0.0 3.0 0.0
378.0012732048911 0.0 0.0 0.0 1.0 0.0 0.0 3.0 0.0
379.00039636856667 0.0 0.0 0.0 1.0 0.0 0.0 3.0 0.0
380.0012732048911 0.0 0.0 0.0 1.0 0.0 0.0 3.0 0.0
381.0002638256377 0.0 0.0 0.0 1.0 0.0 0.0 3.0 0.0
382.0012732048911 0.0 0.0 0.0 1.0 0.0 0.0 3.0 0.0
383.00118437572974 0.0 0.0 0.0 1.0 0.0 0.0 3.0 0.0
384.0012732048911 0.0 0.0 0.0 1.0 0.0 0.0 3.0 0.0
385.0012732048911 0.0 0.0 0.0 1.0 0.0 0.0 3.0 0.0
386.0012732048911 0.0 0.0 0.0 1.0 0.0 0.0 3.0 0.0
387.0012732048911 0.0 0.0 0.0 1.0 0.0 0.0 3.0 0.0
388.0012732048911 0.0 0.0 0.0 1.0 0.0 0.0 3.0 0.0
389.0003279240166 0.0 0.0 0.0 1.0 0.0 0.0 3.0 0.0
390.0012732048911 0.0 0.0 0.0 1.0 0.0 0.0 3.0 0.0
391.0012732048911 0.0 0.0 0.0 1.0 0.0 0.0 3.0 0.0
392.0012732048911 0.0 0.0 0.0 1.0 0.0 0.0 3.0 0.0
393.0012732048911 0.0 0.0 0.0 1.0 0.0 0.0 3.0 0.0
394.0012732048911 0.0 0.0 0.0 1.0 0.0 0.0 3.0 0.0
395.0009759899447 0.0 0.0 0.0 1.0 0.0 0.0 3.0 0.0
396.0012732048911 0.0 0.0 0.0 1.0 0.0 0.0 3.0 0.0
397.0012732048911 0.0 0.0 0.0 1.0 0.0 0.0 3.0 0.0
398.0004149388657 0.0 0.0 0.0 1.0 0.0 0.0 3.0 0.0
399.0012732048911 0.0 0.0 0.0 1.0 0.0 0.0 3.0 0.0
400.0012732048911 0.0 0.0 0.0 1.0 0.0 0.0 3.0 0.0
401.0012732048911 0.0 0.0 0.0 1.0 0.0 0.0 3.0 0.0
402.0012732048911 0.0 0.0 0.0 1.0 0.0 0.0 3.0 0.0
403.0007226273848 0.0 0.0 0.0 1.0 0.0 0.0 3.0 0.0
404.0012732048911 0.0 0.0 0.0 1.0 0.0 0.0 3.0 0.0
405.0012732048911 0.0 0.0 0.0 1.0 0.0 0.0 3.0 0.0
406.000221873175 0.0 0.0 0.0 1.0 0.0 0.0 3.0 0.0
407.0012732048911 0.0 0.0 0.0 1.0 0.0 0.0 3.0 0.0
408.0009414046675 0.0 0.0 0.0 1.0 0.0 0.0 3.0 0.0
409.00040877164116 0.0 0.0 0.0 1.0 0.0 0.0 3.0 0.0
410.0012732048911 0.0 0.0 0.0 1.0 0.0 0.0 3.0 0.0
411.00122494382475 0.0 0.0 0.0 1.0 0.0 0.0 3.0 0.0
412.0012732048911 0.0 0.0 0.0 1.0 0.0 0.0 3.0 0.0
413.0012732048911 0.0 0.0 0.0 1.0 0.0 0.0 3.0 0.0
414.0012732048911 0.0 0.0 0.0 1.0 0.0 0.0 3.0 0.0
415.0012732048911 0.0 0.0 0.0 1.0 0.0 0.0 3.0 0.0
416.0012732048911 0.0 0.0 0.0 1.0 0.0 0.0 3.0 0.0
417.0012732048911 0.0 0.0 0.0 1.0 0.0 0.0 3.0 0.0
418.00071896116094 0.0 0.0 0.0 1.0 0.0 0.0 3.0 0.0
419.0012732048911 0.0 0.0 0.0 1.0 0.0 0.0 3.0 0.0
420.0012732048911 0.0 0.0 0.0 1.0 0.0 0.0 3.0 0.0
421.00045774797417 0.0 0.0 0.0 1.0 0.0 0.0 3.0 0.0
422.0012732048911 0.0 0.0 0.0 1.0 0.0 0.0 3.0 0.0
423.0006148269969 0.0 0.0 0.0 1.0 0.0 0.0 3.0 0.0
424.0012732048911 0.0 0.0 0.0 1.0 0.0 0.0 3.0 0.0
425.0012732048911 0.0 0.0 0.0 1.0 0.0 0.0 3.0 0.0
426.0012732048911 0.0 0.0 0.0 1.0 0.0 0.0 3.0 0.0
427.0012732048911 0.0 0.0 0.0 1.0 0.0 0.0 3.0 0.0
428.0012732048911 0.0 0.0 0.0 1.0 0.0 0.0 3.0 0.0
429.0012732048911 0.0 0.0 0.0 1.0 0.0 0.0 3.0 0.0
430.0012732048911 0.0 0.0 0.0 1.0 0.0 0.0 3.0 0.0
431.0003342727981 0.0 0.0 0.0 1.0 0.0 0.0 3.0 0.0
432.0012732048911 0.0 0.0 0.0 1.0 0.0 0.0 3.0 0.0
433.0012732048911 0.0 0.0 0.0 1.0 0.0 0.0 3.0 0.0
434.00029167986736 0.0 0.0 0.0 1.0 0.0 0.0 3.0 0.0
435.0012732048911 0.0 0.0 0.0 1.0 0.0 0.0 3.0 0.0
436.0012732048911 0.0 0.0 0.0 1.0 0.0 0.0 3.0 0.0
437.0012732048911 0.0 0.0 0.0 1.0 0.0 0.0 3.0 0.0
438.0012732048911 0.0 0.0 0.0 1.0 0.0 0.0 3.0 0.0
439.0012732048911 0.0 0.0 0.0 1.0 0.0 0.0 3.0 0.0
440.0012732048911 0.0 0.0 0.0 1.0 0.0 0.0 3.0 0.0
441.0012732048911 0.0 0.0 0.0 1.0 0.0 0.0 3.0 0.0
442.0012732048911 0.0 0.0 0.0 1.0 0.0 0.0 3.0 0.0
443.0012732048911 0.0 0.0 0.0 1.0 0.0 0.0 3.0 0.0
444.0012732048911 0.0 0.0 0.0 1.0 0.0 0.0 3.0 0.0
445.0012732048911 0.0 0.0 0.0 1.0 0.0 0.0 3.0 0.0
446.0012732048911 0.0 0.0 0.0 1.0 0.0 0.0 3.0 0.0
447.0012732048911 0.0 0.0 0.0 1.0 0.0 0.0 3.0 0.0
448.0012732048911 0.0 0.0 0.0 1.0 0.0 0.0 3.0 0.0
449.0012732048911 0.0 0.0 0.0 1.0 0.0 0.0 3.0 0.0
450.0012732048911 0.0 0.0 0.0 1.0 0.0 0.0 3.0 0.0
451.0012732048911 0.0 0.0 0.0 1.0 0.0 0.0 3.0 0.0
452.0012732048911 0.0 0.0 0.0 1.0 0.0 0.0 3.0 0.0
453.0012732048911 0.0 0.0 0.0 1.0 0.0 0.0 3.0 0.0
454.0012732048911 0.0 0.0 0.0 1.0 0.0 0.0 3.0 0.0
455.0012732048911 0.0 0.0 0.0 1.0 0.0 0.0 3.0 0.0
456.0012732048911 0.0 0.0 0.0 1.0 0.0 0.0 3.0 0.0
457.000857679844 0.0 0.0 0.0 1.0 0.0 0.0 3.0 0.0
458.0012732048911 0.0 0.0 0.0 1.0 0.0 0.0 3.0 0.0
459.0012732048911 0.0 0.0 0.0 1.0 0.0 0.0 3.0 0.0
460.0012732048911 0.0 0.0 0.0 1.0 0.0 0.0 3.0 0.0
461.0012732048911 0.0 0.0 0.0 1.0 0.0 0.0 3.0 0.0
462.0012732048911 0.0 0.0 0.0 1.0 0.0 0.0 3.0 0.0
463.0012732048911 0.0 0.0 0.0 1.0 0.0 0.0 3.0 0.0
464.0012732048911 0.0 0.0 0.0 1.0 0.0 0.0 3.0 0.0
465.0012732048911 0.0 0.0 0.0 1.0 0.0 0.0 3.0 0.0
466.0007391340748 0.0 0.0 0.0 1.0 0.0 0.0 3.0 0.0
467.0012732048911 0.0 0.0 0.0 1.0 0.0 0.0 3.0 0.0
468.0012732048911 0.0 0.0 0.0 1.0 0.0 0.0 3.0 0.0
469.0012732048911 0.0 0.0 0.0 1.0 0.0 0.0 3.0 0.0
470.0012732048911 0.0 0.0 0.0 1.0 0.0 0.0 3.0 0.0
471.000684938482 0.0 0.0 0.0 1.0 0.0 0.0 3.0 0.0
472.0012732048911 0.0 0.0 0.0 1.0 0.0 0.0 3.0 0.0
473.0012732048911 0.0 0.0 0.0 1.0 0.0 0.0 3.0 0.0
474.00044402511 0.0 0.0 0.0 1.0 0.0 0.0 3.0 0.0
475.0012732048911 0.0 0.0 0.0 1.0 0.0 0.0 3.0 0.0
476.0012732048911 0.0 0.0 0.0 1.0 0.0 0.0 3.0 0.0
477.0012732048911 0.0 0.0 0.0 1.0 0.0 0.0 3.0 0.0
478.0012732048911 0.0 0.0 0.0 1.0 0.0 0.0 3.0 0.0
479.0012732048911 0.0 0.0 0.0 1.0 0.0 0.0 3.0 0.0
480.0009961445419 0.0 0.0 0.0 1.0 0.0 0.0 3.0 0.0
481.0012732048911 0.0 0.0 0.0 1.0 0.0 0.0 3.0 0.0
482.0012732048911 0.0 0.0 0.0 1.0 0.0 0.0 3.0 0.0
483.00090505450527 0.0 0.0 0.0 1.0 0.0 0.0 3.0 0.0
484.0012732048911 0.0 0.0 0.0 1.0 0.0 0.0 3.0 0.0
485.0012732048911 0.0 0.0 0.0 1.0 0.0 0.0 3.0 0.0
486.0012732048911 0.0 0.0 0.0 1.0 0.0 0.0 3.0 0.0
487.0012732048911 0.0 0.0 0.0 1.0 0.0 0.0 3.0 0.0
488.0012732048911 0.0 0.0 0.0 1.0 0.0 0.0 3.0 0.0
489.0012732048911 0.0 0.0 0.0 1.0 0.0 0.0 3.0 0.0
490.001234440624 0.0 0.0 0.0 1.0 0.0 0.0 3.0 0.0
491.0012732048911 0.0 0.0 0.0 1.0 0.0 0.0 3.0 0.0
492.0012732048911 0.0 0.0 0.0 1.0 0.0 0.0 3.0 0.0
493.0012732048911 0.0 0.0 0.0 1.0 0.0 0.0 3.0 0.0
494.00092483678577 0.0 0.0 0.0 1.0 0.0 0.0 3.0 0.0
495.0012732048911 0.0 0.0 0.0 1.0 0.0 0.0 3.0 0.0
496.00116368789867 0.0 0.0 0.0 1.0 0.0 0.0 3.0 0.0
497.0012732048911 0.0 0.0 0.0 1.0 0.0 0.0 3.0 0.0
498.0012732048911 0.0 0.0 0.0 1.0 0.0 0.0 3.0 0.0
499.0012732048911 0.0 0.0 0.0 1.0 0.0 0.0 3.0 0.0
500.00094372390436 0.0 0.0 0.0 1.0 0.0 0.0 3.0 0.0
501.0000234162779 0.0 0.0 0.0 1.0 0.0 0.0 3.0 0.0
502.0012732048911 0.0 0.0 0.0 1.0 0.0 0.0 3.0 0.0
503.0012732048911 0.0 0.0 0.0 1.0 0.0 0.0 3.0 0.0
504.0012732048911 0.0 0.0 0.0 1.0 0.0 0.0 3.0 0.0
505.0012732048911 0.0 0.0 0.0 1.0 0.0 0.0 3.0 0.0
506.0012732048911 0.0 0.0 0.0 1.0 0.0 0.0 3.0 0.0
507.00039412087716 0.0 0.0 0.0 1.0 0.0 0.0 3.0 0.0
508.00033130086047 0.0 0.0 0.0 1.0 0.0 0.0 3.0 0.0
509.0012732048911 0.0 0.0 0.0 1.0 0.0 0.0 3.0 0.0
510.0012732048911 0.0 0.0 0.0 1.0 0.0 0.0 3.0 0.0
511.0012732048911 0.0 0.0 0.0 1.0 0.0 0.0 3.0 0.0
512.001273204891 0.0 0.0 0.0 1.0 0.0 0.0 3.0 0.0
513.001273204891 0.0 0.0 0.0 1.0 0.0 0.0 3.0 0.0
514.001273204891 0.0 0.0 0.0 1.0 0.0 0.0 3.0 0.0
515.001273204891 0.0 0.0 0.0 1.0 0.0 0.0 3.0 0.0
516.001273204891 0.0 0.0 0.0 1.0 0.0 0.0 3.0 0.0
517.001273204891 0.0 0.0 0.0 1.0 0.0 0.0 3.0 0.0
518.001273204891 0.0 0.0 0.0 1.0 0.0 0.0 3.0 0.0
519.001273204891 0.0 0.0 0.0 1.0 0.0 0.0 3.0 0.0
520.001273204891 0.0 0.0 0.0 1.0 0.0 0.0 3.0 0.0
521.001273204891 0.0 0.0 0.0 1.0 0.0 0.0 3.0 0.0
522.001273204891 0.0 0.0 0.0 1.0 0.0 0.0 3.0 0.0
523.001273204891 0.0 0.0 0.0 1.0 0.0 0.0 3.0 0.0
524.001273204891 0.0 0.0 0.0 1.0 0.0 0.0 3.0 0.0
525.0002672031613 0.0 0.0 0.0 1.0 0.0 0.0 3.0 0.0
526.001273204891 0.0 0.0 0.0 1.0 0.0 0.0 3.0 0.0
527.001273204891 0.0 0.0 0.0 1.0 0.0 0.0 3.0 0.0
528.001273204891 0.0 0.0 0.0 1.0 0.0 0.0 3.0 0.0
529.0005130282009 0.0 0.0 0.0 1.0 0.0 0.0 3.0 0.0
530.001273204891 0.0 0.0 0.0 1.0 0.0 0.0 3.0 0.0
531.0002773943198 0.0 0.0 0.0 1.0 0.0 0.0 3.0 0.0
532.001273204891 0.0 0.0 0.0 1.0 0.0 0.0 3.0 0.0
533.001273204891 0.0 0.0 0.0 1.0 0.0 0.0 3.0 0.0
534.001273204891 0.0 0.0 0.0 1.0 0.0 0.0 3.0 0.0
535.001273204891 0.0 0.0 0.0 1.0 0.0 0.0 3.0 0.0
536.001273204891 0.0 0.0 0.0 1.0 0.0 0.0 3.0 0.0
537.001273204891 0.0 0.0 0.0 1.0 0.0 0.0 3.0 0.0
538.000899758326 0.0 0.0 0.0 1.0 0.0 0.0 3.0 0.0
539.0011052291381 0.0 0.0 0.0 1.0 0.0 0.0 3.0 0.0
540.001273204891 0.0 0.0 0.0 1.0 0.0 0.0 3.0 0.0
541.001273204891 0.0 0.0 0.0 1.0 0.0 0.0 3.0 0.0
542.0003117521667 0.0 0.0 0.0 1.0 0.0 0.0 3.0 0.0
543.001273204891 0.0 0.0 0.0 1.0 0.0 0.0 3.0 0.0
544.001273204891 0.0 0.0 0.0 1.0 0.0 0.0 3.0 0.0
545.001273204891 0.0 0.0 0.0 1.0 0.0 0.0 3.0 0.0
546.001273204891 0.0 0.0 0.0 1.0 0.0 0.0 3.0 0.0
547.001273204891 0.0 0.0 0.0 1.0 0.0 0.0 3.0 0.0
548.001273204891 0.0 0.0 0.0 1.0 0.0 0.0 3.0 0.0
549.001273204891 0.0 0.0 0.0 1.0 0.0 0.0 3.0 0.0
550.00039791716 0.0 0.0 0.0 1.0 0.0 0.0 3.0 0.0
551.001273204891 0.0 0.0 0.0 1.0 0.0 0.0 3.0 0.0
552.001273204891 0.0 0.0 0.0 1.0 0.0 0.0 3.0 0.0
553.001273204891 0.0 0.0 0.0 1.0 0.0 0.0 3.0 0.0
554.001273204891 0.0 0.0 0.0 1.0 0.0 0.0 3.0 0.0
555.001273204891 0.0 0.0 0.0 1.0 0.0 0.0 3.0 0.0
556.001273204891 0.0 0.0 0.0 1.0 0.0 0.0 3.0 0.0
557.001273204891 0.0 0.0 0.0 1.0 0.0 0.0 3.0 0.0
558.001273204891 0.0 0.0 0.0 1.0 0.0 0.0 3.0 0.0
559.001273204891 0.0 0.0 0.0 1.0 0.0 0.0 3.0 0.0
560.001273204891 0.0 0.0 0.0 1.0 0.0 0.0 3.0 0.0
561.001273204891 0.0 0.0 0.0 1.0 0.0 0.0 3.0 0.0
562.001273204891 0.0 0.0 0.0 1.0 0.0 0.0 3.0 0.0
563.0005859017789 0.0 0.0 0.0 1.0 0.0 0.0 3.0 0.0
564.001273204891 0.0 0.0 0.0 1.0 0.0 0.0 3.0 0.0
565.001273204891 0.0 0.0 0.0 1.0 0.0 0.0 3.0 0.0
566.001273204891 0.0 0.0 0.0 1.0 0.0 0.0 3.0 0.0
567.000032965532 0.0 0.0 0.0 1.0 0.0 0.0 3.0 0.0
568.001273204891 0.0 0.0 0.0 1.0 0.0 0.0 3.0 0.0
569.001273204891 0.0 0.0 0.0 1.0 0.0 0.0 3.0 0.0
570.001273204891 0.0 0.0 0.0 1.0 0.0 0.0 3.0 0.0
571.001273204891 0.0 0.0 0.0 1.0 0.0 0.0 3.0 0.0
572.001273204891 0.0 0.0 0.0 1.0 0.0 0.0 3.0 0.0
573.001273204891 0.0 0.0 0.0 1.0 0.0 0.0 3.0 0.0
574.001273204891 0.0 0.0 0.0 1.0 0.0 0.0 3.0 0.0
575.001273204891 0.0 0.0 0.0 1.0 0.0 0.0 3.0 0.0
576.001273204891 0.0 0.0 0.0 1.0 0.0 0.0 3.0 0.0
577.001273204891 0.0 0.0 0.0 1.0 0.0 0.0 3.0 0.0
578.001273204891 0.0 0.0 0.0 1.0 0.0 0.0 3.0 0.0
579.001273204891 0.0 0.0 0.0 1.0 0.0 0.0 3.0 0.0
580.001273204891 0.0 0.0 0.0 1.0 0.0 0.0 3.0 0.0
581.001273204891 0.0 0.0 0.0 1.0 0.0 0.0 3.0 0.0
582.001273204891 0.0 0.0 0.0 1.0 0.0 0.0 3.0 0.0
583.001273204891 0.0 0.0 0.0 1.0 0.0 0.0 3.0 0.0
584.001273204891 0.0 0.0 0.0 1.0 0.0 0.0 3.0 0.0
585.001273204891 0.0 0.0 0.0 1.0 0.0 0.0 3.0 0.0
586.001273204891 0.0 0.0 0.0 1.0 0.0 0.0 3.0 0.0
587.001273204891 0.0 0.0 0.0 1.0 0.0 0.0 3.0 0.0
588.001273204891 0.0 0.0 0.0 1.0 0.0 0.0 3.0 0.0
589.001273204891 0.0 0.0 0.0 1.0 0.0 0.0 3.0 0.0
590.001273204891 0.0 0.0 0.0 1.0 0.0 0.0 3.0 0.0
591.001273204891 0.0 0.0 0.0 1.0 0.0 0.0 3.0 0.0
592.001273204891 0.0 0.0 0.0 1.0 0.0 0.0 3.0 0.0
593.000068078865 0.0 0.0 0.0 1.0 0.0 0.0 3.0 0.0
594.001273204891 0.0 0.0 0.0 1.0 0.0 0.0 3.0 0.0
595.001273204891 0.0 0.0 0.0 1.0 0.0 0.0 3.0 0.0
596.001273204891 0.0 0.0 0.0 1.0 0.0 0.0 3.0 0.0
597.001273204891 0.0 0.0 0.0 1.0 0.0 0.0 3.0 0.0
598.001273204891 0.0 0.0 0.0 1.0 0.0 0.0 3.0 0.0
599.001273204891 0.0 0.0 0.0 1.0 0.0 0.0 3.0 0.0
600.0009639600296 0.0 0.0 0.0 1.0 0.0 0.0 3.0 0.0
601.001273204891 0.0 0.0 0.0 1.0 0.0 0.0 3.0 0.0
602.0007572206426 0.0 0.0 0.0 1.0 0.0 0.0 3.0 0.0
603.001273204891 0.0 0.0 0.0 1.0 0.0 0.0 3.0 0.0
604.001273204891 0.0 0.0 0.0 1.0 0.0 0.0 3.0 0.0
605.001273204891 0.0 0.0 0.0 1.0 0.0 0.0 3.0 0.0
606.001273204891 0.0 0.0 0.0 1.0 0.0 0.0 3.0 0.0
607.001273204891 0.0 0.0 0.0 1.0 0.0 0.0 3.0 0.0
608.0007712436364 0.0 0.0 0.0 1.0 0.0 0.0 3.0 0.0
609.001273204891 0.0 0.0 0.0 1.0 0.0 0.0 3.0 0.0
610.001273204891 0.0 0.0 0.0 1.0 0.0 0.0 3.0 0.0
611.001273204891 0.0 0.0 0.0 1.0 0.0 0.0 3.0 0.0
612.001273204891 0.0 0.0 0.0 1.0 0.0 0.0 3.0 0.0
613.0007758231695 0.0 0.0 0.0 1.0 0.0 0.0 3.0 0.0
614.001273204891 0.0 0.0 0.0 1.0 0.0 0.0 3.0 0.0
615.001273204891 0.0 0.0 0.0 1.0 0.0 0.0 3.0 0.0
616.0007895197546 0.0 0.0 0.0 1.0 0.0 0.0 3.0 0.0
617.001273204891 0.0 0.0 0.0 1.0 0.0 0.0 3.0 0.0
618.001273204891 0.0 0.0 0.0 1.0 0.0 0.0 3.0 0.0
619.001273204891 0.0 0.0 0.0 1.0 0.0 0.0 3.0 0.0
620.001273204891 0.0 0.0 0.0 1.0 0.0 0.0 3.0 0.0
621.001273204891 0.0 0.0 0.0 1.0 0.0 0.0 3.0 0.0
622.0001469778508 0.0 0.0 0.0 1.0 0.0 0.0 3.0 0.0
623.001273204891 0.0 0.0 0.0 1.0 0.0 0.0 3.0 0.0
624.001273204891 0.0 0.0 0.0 1.0 0.0 0.0 3.0 0.0
625.0003048863258 0.0 0.0 0.0 1.0 0.0 0.0 3.0 0.0
626.001273204891 0.0 0.0 0.0 1.0 0.0 0.0 3.0 0.0
627.001273204891 0.0 0.0 0.0 1.0 0.0 0.0 3.0 0.0
628.001273204891 0.0 0.0 0.0 1.0 0.0 0.0 3.0 0.0
629.0002831015105 0.0 0.0 0.0 1.0 0.0 0.0 3.0 0.0
630.001273204891 0.0 0.0 0.0 1.0 0.0 0.0 3.0 0.0
631.0003405945713 0.0 0.0 0.0 1.0 0.0 0.0 3.0 0.0
632.001273204891 0.0 0.0 0.0 1.0 0.0 0.0 3.0 0.0
633.001273204891 0.0 0.0 0.0 1.0 0.0 0.0 3.0 0.0
634.0011692923022 0.0 0.0 0.0 1.0 0.0 0.0 3.0 0.0
635.001273204891 0.0 0.0 0.0 1.0 0.0 0.0 3.0 0.0
636.001273204891 0.0 0.0 0.0 1.0 0.0 0.0 3.0 0.0
637.001273204891 0.0 0.0 0.0 1.0 0.0 0.0 3.0 0.0
638.001273204891 0.0 0.0 0.0 1.0 0.0 0.0 3.0 0.0
639.001273204891 0.0 0.0 0.0 1.0 0.0 0.0 3.0 0.0
640.001273204891 0.0 0.0 0.0 1.0 0.0 0.0 3.0 0.0
641.001273204891 0.0 0.0 0.0 1.0 0.0 0.0 3.0 0.0
642.001273204891 0.0 0.0 0.0 1.0 0.0 0.0 3.0 0.0
643.001273204891 0.0 0.0 0.0 1.0 0.0 0.0 3.0 0.0
644.001273204891 0.0 0.0 0.0 1.0 0.0 0.0 3.0 0.0
645.001273204891 0.0 0.0 0.0 1.0 0.0 0.0 3.0 0.0
646.001273204891 0.0 0.0 0.0 1.0 0.0 0.0 3.0 0.0
647.001273204891 0.0 0.0 0.0 1.0 0.0 0.0 3.0 0.0
648.001273204891 0.0 0.0 0.0 1.0 0.0 0.0 3.0 0.0
649.001273204891 0.0 0.0 0.0 1.0 0.0 0.0 3.0 0.0
650.001273204891 0.0 0.0 0.0 1.0 0.0 0.0 3.0 0.0
651.001273204891 0.0 0.0 0.0 1.0 0.0 0.0 3.0 0.0
652.0007158572984 0.0 0.0 0.0 1.0 0.0 0.0 3.0 0.0
653.001273204891 0.0 0.0 0.0 1.0 0.0 0.0 3.0 0.0
654.001273204891 0.0 0.0 0.0 1.0 0.0 0.0 3.0 0.0
655.001273204891 0.0 0.0 0.0 1.0 0.0 0.0 3.0 0.0
656.0002155510651 0.0 0.0 0.0 1.0 0.0 0.0 3.0 0.0
657.001273204891 0.0 0.0 0.0 1.0 0.0 0.0 3.0 0.0
658.001273204891 0.0 0.0 0.0 1.0 0.0 0.0 3.0 0.0
659.001273204891 0.0 0.0 0.0 1.0 0.0 0.0 3.0 0.0
660.001273204891 0.0 0.0 0.0 1.0 0.0 0.0 3.0 0.0
661.001273204891 0.0 0.0 0.0 1.0 0.0 0.0 3.0 0.0
662.001273204891 0.0 0.0 0.0 1.0 0.0 0.0 3.0 0.0
663.001273204891 0.0 0.0 0.0 1.0 0.0 0.0 3.0 0.0
664.001273204891 0.0 0.0 0.0 1.0 0.0 0.0 3.0 0.0
665.001273204891 0.0 0.0 0.0 1.0 0.0 0.0 3.0 0.0
666.001273204891 0.0 0.0 0.0 1.0 0.0 0.0 3.0 0.0
667.001273204891 0.0 0.0 0.0 1.0 0.0 0.0 3.0 0.0
668.001273204891 0.0 0.0 0.0 1.0 0.0 0.0 3.0 0.0
669.001273204891 0.0 0.0 0.0 1.0 0.0 0.0 3.0 0.0
670.001273204891 0.0 0.0 0.0 1.0 0.0 0.0 3.0 0.0
671.0007687223812 0.0 0.0 0.0 1.0 0.0 0.0 3.0 0.0
672.001273204891 0.0 0.0 0.0 1.0 0.0 0.0 3.0 0.0
673.001273204891 0.0 0.0 0.0 1.0 0.0 0.0 3.0 0.0
674.0003458419193 0.0 0.0 0.0 1.0 0.0 0.0 3.0 0.0
675.001273204891 0.0 0.0 0.0 1.0 0.0 0.0 3.0 0.0
676.001109229544 0.0 0.0 0.0 1.0 0.0 0.0 3.0 0.0
677.001273204891 0.0 0.0 0.0 1.0 0.0 0.0 3.0 0.0
678.001273204891 0.0 0.0 0.0 1.0 0.0 0.0 3.0 0.0
679.0011162196295 0.0 0.0 0.0 1.0 0.0 0.0 3.0 0.0
680.001273204891 0.0 0.0 0.0 1.0 0.0 0.0 3.0 0.0
681.0007473769664 0.0 0.0 0.0 1.0 0.0 0.0 3.0 0.0
682.0010720455259 0.0 0.0 0.0 1.0 0.0 0.0 3.0 0.0
683.001273204891 0.0 0.0 0.0 1.0 0.0 0.0 3.0 0.0
684.0004491940246 0.0 0.0 0.0 1.0 0.0 0.0 3.0 0.0
685.001273204891 0.0 0.0 0.0 1.0 0.0 0.0 3.0 0.0
686.001273204891 0.0 0.0 0.0 1.0 0.0 0.0 3.0 0.0
687.001273204891 0.0 0.0 0.0 1.0 0.0 0.0 3.0 0.0
688.0002202851211 0.0 0.0 0.0 1.0 0.0 0.0 3.0 0.0
689.001273204891 0.0 0.0 0.0 1.0 0.0 0.0 3.0 0.0
690.001273204891 0.0 0.0 0.0 1.0 0.0 0.0 3.0 0.0
691.0001509323457 0.0 0.0 0.0 1.0 0.0 0.0 3.0 0.0
692.001273204891 0.0 0.0 0.0 1.0 0.0 0.0 3.0 0.0
693.001273204891 0.0 0.0 0.0 1.0 0.0 0.0 3.0 0.0
694.001273204891 0.0 0.0 0.0 1.0 0.0 0.0 3.0 0.0
695.0012310468991 0.0 0.0 0.0 1.0 0.0 0.0 3.0 0.0
696.001273204891 0.0 0.0 0.0 1.0 0.0 0.0 3.0 0.0
697.001273204891 0.0 0.0 0.0 1.0 0.0 0.0 3.0 0.0
698.001273204891 0.0 0.0 0.0 1.0 0.0 0.0 3.0 0.0
699.001273204891 0.0 0.0 0.0 1.0 0.0 0.0 3.0 0.0
700.001273204891 0.0 0.0 0.0 1.0 0.0 0.0 3.0 0.0
701.001273204891 0.0 0.0 0.0 1.0 0.0 0.0 3.0 0.0
702.001273204891 0.0 0.0 0.0 1.0 0.0 0.0 3.0 0.0
703.001273204891 0.0 0.0 0.0 1.0 0.0 0.0 3.0 0.0
704.001273204891 0.0 0.0 0.0 1.0 0.0 0.0 3.0 0.0
705.001273204891 0.0 0.0 0.0 1.0 0.0 0.0 3.0 0.0
706.001273204891 0.0 0.0 0.0 1.0 0.0 0.0 3.0 0.0
707.001273204891 0.0 0.0 0.0 1.0 0.0 0.0 3.0 0.0
708.001273204891 0.0 0.0 0.0 1.0 0.0 0.0 3.0 0.0
709.001273204891 0.0 0.0 0.0 1.0 0.0 0.0 3.0 0.0
710.001273204891 0.0 0.0 0.0 1.0 0.0 0.0 3.0 0.0
711.001273204891 0.0 0.0 0.0 1.0 0.0 0.0 3.0 0.0
712.001273204891 0.0 0.0 0.0 1.0 0.0 0.0 3.0 0.0
713.001273204891 0.0 0.0 0.0 1.0 0.0 0.0 3.0 0.0
714.001273204891 0.0 0.0 0.0 1.0 0.0 0.0 3.0 0.0
715.001273204891 0.0 0.0 0.0 1.0 0.0 0.0 3.0 0.0
716.001273204891 0.0 0.0 0.0 1.0 0.0 0.0 3.0 0.0
717.001273204891 0.0 0.0 0.0 1.0 0.0 0.0 3.0 0.0
718.0001818849663 0.0 0.0 0.0 1.0 0.0 0.0 3.0 0.0
719.001273204891 0.0 0.0 0.0 1.0 0.0 0.0 3.0 0.0
720.001273204891 0.0 0.0 0.0 1.0 0.0 0.0 3.0 0.0
721.001273204891 0.0 0.0 0.0 1.0 0.0 0.0 3.0 0.0
722.001273204891 0.0 0.0 0.0 1.0 0.0 0.0 3.0 0.0
723.001273204891 0.0 0.0 0.0 1.0 0.0 0.0 3.0 0.0
724.001273204891 0.0 0.0 0.0 1.0 0.0 0.0 3.0 0.0
725.001273204891 0.0 0.0 0.0 1.0 0.0 0.0 3.0 0.0
726.001273204891 0.0 0.0 0.0 1.0 0.0 0.0 3.0 0.0
727.001273204891 0.0 0.0 0.0 1.0 0.0 0.0 3.0 0.0
728.001273204891 0.0 0.0 0.0 1.0 0.0 0.0 3.0 0.0
729.001273204891 0.0 0.0 0.0 1.0 0.0 0.0 3.0 0.0
730.001273204891 0.0 0.0 0.0 1.0 0.0 0.0 3.0 0.0
731.001273204891 0.0 0.0 0.0 1.0 0.0 0.0 3.0 0.0
732.001273204891 0.0 0.0 0.0 1.0 0.0 0.0 3.0 0.0
733.001273204891 0.0 0.0 0.0 1.0 0.0 0.0 3.0 0.0
734.0005939733982 0.0 0.0 0.0 1.0 0.0 0.0 3.0 0.0
735.001273204891 0.0 0.0 0.0 1.0 0.0 0.0 3.0 0.0
736.001273204891 0.0 0.0 0.0 1.0 0.0 0.0 3.0 0.0
737.001273204891 0.0 0.0 0.0 1.0 0.0 0.0 3.0 0.0
738.001273204891 0.0 0.0 0.0 1.0 0.0 0.0 3.0 0.0
739.001273204891 0.0 0.0 0.0 1.0 0.0 0.0 3.0 0.0
740.001273204891 0.0 0.0 0.0 1.0 0.0 0.0 3.0 0.0
741.001273204891 0.0 0.0 0.0 1.0 0.0 0.0 3.0 0.0
742.0000656085163 0.0 0.0 0.0 1.0 0.0 0.0 3.0 0.0
743.001273204891 0.0 0.0 0.0 1.0 0.0 0.0 3.0 0.0
744.001273204891 0.0 0.0 0.0 1.0 0.0 0.0 3.0 0.0
745.001273204891 0.0 0.0 0.0 1.0 0.0 0.0 3.0 0.0
746.0002675394541 0.0 0.0 0.0 1.0 0.0 0.0 3.0 0.0
747.001273204891 0.0 0.0 0.0 1.0 0.0 0.0 3.0 0.0
748.001273204891 0.0 0.0 0.0 1.0 0.0 0.0 3.0 0.0
749.001273204891 0.0 0.0 0.0 1.0 0.0 0.0 3.0 0.0
750.001273204891 0.0 0.0 0.0 1.0 0.0 0.0 3.0 0.0
751.001273204891 0.0 0.0 0.0 1.0 0.0 0.0 3.0 0.0
752.001273204891 0.0 0.0 0.0 1.0 0.0 0.0 3.0 0.0
753.001273204891 0.0 0.0 0.0 1.0 0.0 0.0 3.0 0.0
754.001273204891 0.0 0.0 0.0 1.0 0.0 0.0 3.0 0.0
755.001273204891 0.0 0.0 0.0 1.0 0.0 0.0 3.0 0.0
756.0007963314166 0.0 0.0 0.0 1.0 0.0 0.0 3.0 0.0
757.0011726851939 0.0 0.0 0.0 1.0 0.0 0.0 3.0 0.0
758.001273204891 0.0 0.0 0.0 1.0 0.0 0.0 3.0 0.0
759.0007244070575 0.0 0.0 0.0 1.0 0.0 0.0 3.0 0.0
760.0010736596922 0.0 0.0 0.0 1.0 0.0 0.0 3.0 0.0
761.001273204891 0.0 0.0 0.0 1.0 0.0 0.0 3.0 0.0
762.000827846562 0.0 0.0 0.0 1.0 0.0 0.0 3.0 0.0
763.001273204891 0.0 0.0 0.0 1.0 0.0 0.0 3.0 0.0
764.001273204891 0.0 0.0 0.0 1.0 0.0 0.0 3.0 0.0
765.001273204891 0.0 0.0 0.0 1.0 0.0 0.0 3.0 0.0
766.001273204891 0.0 0.0 0.0 1.0 0.0 0.0 3.0 0.0
767.001273204891 0.0 0.0 0.0 1.0 0.0 0.0 3.0 0.0
768.001273204891 0.0 0.0 0.0 1.0 0.0 0.0 3.0 0.0
769.001273204891 0.0 0.0 0.0 1.0 0.0 0.0 3.0 0.0
770.001273204891 0.0 0.0 0.0 1.0 0.0 0.0 3.0 0.0
771.001273204891 0.0 0.0 0.0 1.0 0.0 0.0 3.0 0.0
772.0007915988601 0.0 0.0 0.0 1.0 0.0 0.0 3.0 0.0
773.001273204891 0.0 0.0 0.0 1.0 0.0 0.0 3.0 0.0
774.001273204891 0.0 0.0 0.0 1.0 0.0 0.0 3.0 0.0
775.0012416623309 0.0 0.0 0.0 1.0 0.0 0.0 3.0 0.0
776.001273204891 0.0 0.0 0.0 1.0 0.0 0.0 3.0 0.0
777.001273204891 0.0 0.0 0.0 1.0 0.0 0.0 3.0 0.0
778.0001935394264 0.0 0.0 0.0 1.0 0.0 0.0 3.0 0.0
779.001273204891 0.0 0.0 0.0 1.0 0.0 0.0 3.0 0.0
780.001273204891 0.0 0.0 0.0 1.0 0.0 0.0 3.0 0.0
781.001273204891 0.0 0.0 0.0 1.0 0.0 0.0 3.0 0.0
782.001273204891 0.0 0.0 0.0 1.0 0.0 0.0 3.0 0.0
783.0006332039884 0.0 0.0 0.0 1.0 0.0 0.0 3.0 0.0
784.001273204891 0.0 0.0 0.0 1.0 0.0 0.0 3.0 0.0
785.001273204891 0.0 0.0 0.0 1.0 0.0 0.0 3.0 0.0
786.001273204891 0.0 0.0 0.0 1.0 0.0 0.0 3.0 0.0
787.0006571947072 0.0 0.0 0.0 1.0 0.0 0.0 3.0 0.0
788.001273204891 0.0 0.0 0.0 1.0 0.0 0.0 3.0 0.0
789.001273204891 0.0 0.0 0.0 1.0 0.0 0.0 3.0 0.0
790.001273204891 0.0 0.0 0.0 1.0 0.0 0.0 3.0 0.0
791.001273204891 0.0 0.0 0.0 1.0 0.0 0.0 3.0 0.0
792.001273204891 0.0 0.0 0.0 1.0 0.0 0.0 3.0 0.0
793.001273204891 0.0 0.0 0.0 1.0 0.0 0.0 3.0 0.0
794.001273204891 0.0 0.0 0.0 1.0 0.0 0.0 3.0 0.0
795.001273204891 0.0 0.0 0.0 1.0 0.0 0.0 3.0 0.0
796.001273204891 0.0 0.0 0.0 1.0 0.0 0.0 3.0 0.0
797.001273204891 0.0 0.0 0.0 1.0 0.0 0.0 3.0 0.0
798.001273204891 0.0 0.0 0.0 1.0 0.0 0.0 3.0 0.0
799.001273204891 0.0 0.0 0.0 1.0 0.0 0.0 3.0 0.0
800.001273204891 0.0 0.0 0.0 1.0 0.0 0.0 3.0 0.0
801.001273204891 0.0 0.0 0.0 1.0 0.0 0.0 3.0 0.0
802.0011502270149 0.0 0.0 0.0 1.0 0.0 0.0 3.0 0.0
803.001273204891 0.0 0.0 0.0 1.0 0.0 0.0 3.0 0.0
804.0006153899802 0.0 0.0 0.0 1.0 0.0 0.0 3.0 0.0
805.001273204891 0.0 0.0 0.0 1.0 0.0 0.0 3.0 0.0
806.001273204891 0.0 0.0 0.0 1.0 0.0 0.0 3.0 0.0
807.001273204891 0.0 0.0 0.0 1.0 0.0 0.0 3.0 0.0
808.001273204891 0.0 0.0 0.0 1.0 0.0 0.0 3.0 0.0
809.001273204891 0.0 0.0 0.0 1.0 0.0 0.0 3.0 0.0
810.001273204891 0.0 0.0 0.0 1.0 0.0 0.0 3.0 0.0
811.0003158526108 0.0 0.0 0.0 1.0 0.0 0.0 3.0 0.0
812.001273204891 0.0 0.0 0.0 1.0 0.0 0.0 3.0 0.0
813.001273204891 0.0 0.0 0.0 1.0 0.0 0.0 3.0 0.0
814.001273204891 0.0 0.0 0.0 1.0 0.0 0.0 3.0 0.0
815.001273204891 0.0 0.0 0.0 1.0 0.0 0.0 3.0 0.0
816.001273204891 0.0 0.0 0.0 1.0 0.0 0.0 3.0 0.0
817.001273204891 0.0 0.0 0.0 1.0 0.0 0.0 3.0 0.0
818.001273204891 0.0 0.0 0.0 1.0 0.0 0.0 3.0 0.0
819.001273204891 0.0 0.0 0.0 1.0 0.0 0.0 3.0 0.0
820.001273204891 0.0 0.0 0.0 1.0 0.0 0.0 3.0 0.0
821.0005045122405 0.0 0.0 0.0 1.0 0.0 0.0 3.0 0.0
822.001273204891 0.0 0.0 0.0 1.0 0.0 0.0 3.0 0.0
823.001273204891 0.0 0.0 0.0 1.0 0.0 0.0 3.0 0.0
824.001273204891 0.0 0.0 0.0 1.0 0.0 0.0 3.0 0.0
825.001273204891 0.0 0.0 0.0 1.0 0.0 0.0 3.0 0.0
826.001273204891 0.0 0.0 0.0 1.0 0.0 0.0 3.0 0.0
827.0008590941371 0.0 0.0 0.0 1.0 0.0 0.0 3.0 0.0
828.001273204891 0.0 0.0 0.0 1.0 0.0 0.0 3.0 0.0
829.0006053183458 0.0 0.0 0.0 1.0 0.0 0.0 3.0 0.0
830.000036856238 0.0 0.0 0.0 1.0 0.0 0.0 3.0 0.0
831.001273204891 0.0 0.0 0.0 1.0 0.0 0.0 3.0 0.0
832.0001080169707 0.0 0.0 0.0 1.0 0.0 0.0 3.0 0.0
833.001273204891 0.0 0.0 0.0 1.0 0.0 0.0 3.0 0.0
834.001273204891 0.0 0.0 0.0 1.0 0.0 0.0 3.0 0.0
835.001273204891 0.0 0.0 0.0 1.0 0.0 0.0 3.0 0.0
836.001273204891 0.0 0.0 0.0 1.0 0.0 0.0 3.0 0.0
837.001273204891 0.0 0.0 0.0 1.0 0.0 0.0 3.0 0.0
838.000658430461 0.0 0.0 0.0 1.0 0.0 0.0 3.0 0.0
839.001273204891 0.0 0.0 0.0 1.0 0.0 0.0 3.0 0.0
840.001273204891 0.0 0.0 0.0 1.0 0.0 0.0 3.0 0.0
841.001273204891 0.0 0.0 0.0 1.0 0.0 0.0 3.0 0.0
842.001273204891 0.0 0.0 0.0 1.0 0.0 0.0 3.0 0.0
843.0010576441028 0.0 0.0 0.0 1.0 0.0 0.0 3.0 0.0
844.00001113538 0.0 0.0 0.0 1.0 0.0 0.0 3.0 0.0
845.001273204891 0.0 0.0 0.0 1.0 0.0 0.0 3.0 0.0
846.001273204891 0.0 0.0 0.0 1.0 0.0 0.0 3.0 0.0
847.0002617289995 0.0 0.0 0.0 1.0 0.0 0.0 3.0 0.0
848.001273204891 0.0 0.0 0.0 1.0 0.0 0.0 3.0 0.0
849.001273204891 0.0 0.0 0.0 1.0 0.0 0.0 3.0 0.0
850.001273204891 0.0 0.0 0.0 1.0 0.0 0.0 3.0 0.0
851.001273204891 0.0 0.0 0.0 1.0 0.0 0.0 3.0 0.0
852.001273204891 0.0 0.0 0.0 1.0 0.0 0.0 3.0 0.0
853.001273204891 0.0 0.0 0.0 1.0 0.0 0.0 3.0 0.0
854.001273204891 0.0 0.0 0.0 1.0 0.0 0.0 3.0 0.0
855.001273204891 0.0 0.0 0.0 1.0 0.0 0.0 3.0 0.0
856.001273204891 0.0 0.0 0.0 1.0 0.0 0.0 3.0 0.0
857.001273204891 0.0 0.0 0.0 1.0 0.0 0.0 3.0 0.0
858.0008193081684 0.0 0.0 0.0 1.0 0.0 0.0 3.0 0.0
859.001273204891 0.0 0.0 0.0 1.0 0.0 0.0 3.0 0.0
860.001273204891 0.0 0.0 0.0 1.0 0.0 0.0 3.0 0.0
861.001273204891 0.0 0.0 0.0 1.0 0.0 0.0 3.0 0.0
862.001273204891 0.0 0.0 0.0 1.0 0.0 0.0 3.0 0.0
863.001273204891 0.0 0.0 0.0 1.0 0.0 0.0 3.0 0.0
864.001273204891 0.0 0.0 0.0 1.0 0.0 0.0 3.0 0.0
865.0002468093236 0.0 0.0 0.0 1.0 0.0 0.0 3.0 0.0
866.001273204891 0.0 0.0 0.0 1.0 0.0 0.0 3.0 0.0
867.001273204891 0.0 0.0 0.0 1.0 0.0 0.0 3.0 0.0
868.001273204891 0.0 0.0 0.0 1.0 0.0 0.0 3.0 0.0
869.001273204891 0.0 0.0 0.0 1.0 0.0 0.0 3.0 0.0
870.001273204891 0.0 0.0 0.0 1.0 0.0 0.0 3.0 0.0
871.001273204891 0.0 0.0 0.0 1.0 0.0 0.0 3.0 0.0
872.001273204891 0.0 0.0 0.0 1.0 0.0 0.0 3.0 0.0
873.001273204891 0.0 0.0 0.0 1.0 0.0 0.0 3.0 0.0
874.001273204891 0.0 0.0 0.0 1.0 0.0 0.0 3.0 0.0
875.001273204891 0.0 0.0 0.0 1.0 0.0 0.0 3.0 0.0
876.0006485923452 0.0 0.0 0.0 1.0 0.0 0.0 3.0 0.0
877.001273204891 0.0 0.0 0.0 1.0 0.0 0.0 3.0 0.0
878.001273204891 0.0 0.0 0.0 1.0 0.0 0.0 3.0 0.0
879.001273204891 0.0 0.0 0.0 1.0 0.0 0.0 3.0 0.0
880.001273204891 0.0 0.0 0.0 1.0 0.0 0.0 3.0 0.0
881.0009869441802 0.0 0.0 0.0 1.0 0.0 0.0 3.0 0.0
882.000542948287 0.0 0.0 0.0 1.0 0.0 0.0 3.0 0.0
883.001273204891 0.0 0.0 0.0 1.0 0.0 0.0 3.0 0.0
884.001273204891 0.0 0.0 0.0 1.0 0.0 0.0 3.0 0.0
885.001273204891 0.0 0.0 0.0 1.0 0.0 0.0 3.0 0.0
886.0009237772783 0.0 0.0 0.0 1.0 0.0 0.0 3.0 0.0
887.001273204891 0.0 0.0 0.0 1.0 0.0 0.0 3.0 0.0
888.001273204891 0.0 0.0 0.0 1.0 0.0 0.0 3.0 0.0
889.001273204891 0.0 0.0 0.0 1.0 0.0 0.0 3.0 0.0
890.001273204891 0.0 0.0 0.0 1.0 0.0 0.0 3.0 0.0
891.001273204891 0.0 0.0 0.0 1.0 0.0 0.0 3.0 0.0
892.001273204891 0.0 0.0 0.0 1.0 0.0 0.0 3.0 0.0
893.001273204891 0.0 0.0 0.0 1.0 0.0 0.0 3.0 0.0
894.001273204891 0.0 0.0 0.0 1.0 0.0 0.0 3.0 0.0
895.001273204891 0.0 0.0 0.0 1.0 0.0 0.0 3.0 0.0
896.001273204891 0.0 0.0 0.0 1.0 0.0 0.0 3.0 0.0
897.001273204891 0.0 0.0 0.0 1.0 0.0 0.0 3.0 0.0
898.001273204891 0.0 0.0 0.0 1.0 0.0 0.0 3.0 0.0
899.001273204891 0.0 0.0 0.0 1.0 0.0 0.0 3.0 0.0
900.000739973627 0.0 0.0 0.0 1.0 0.0 0.0 3.0 0.0
901.0007333482198 0.0 0.0 0.0 1.0 0.0 0.0 3.0 0.0
902.001273204891 0.0 0.0 0.0 1.0 0.0 0.0 3.0 0.0
903.001273204891 0.0 0.0 0.0 1.0 0.0 0.0 3.0 0.0
904.001273204891 0.0 0.0 0.0 1.0 0.0 0.0 3.0 0.0
905.0005898415224 0.0 0.0 0.0 1.0 0.0 0.0 3.0 0.0
906.001273204891 0.0 0.0 0.0 1.0 0.0 0.0 3.0 0.0
907.001273204891 0.0 0.0 0.0 1.0 0.0 0.0 3.0 0.0
908.0000017784664 0.0 0.0 0.0 1.0 0.0 0.0 3.0 0.0
909.001273204891 0.0 0.0 0.0 1.0 0.0 0.0 3.0 0.0
910.001273204891 0.0 0.0 0.0 1.0 0.0 0.0 3.0 0.0
911.001273204891 0.0 0.0 0.0 1.0 0.0 0.0 3.0 0.0
912.001273204891 0.0 0.0 0.0 1.0 0.0 0.0 3.0 0.0
913.001273204891 0.0 0.0 0.0 1.0 0.0 0.0 3.0 0.0
914.001273204891 0.0 0.0 0.0 1.0 0.0 0.0 3.0 0.0
915.0001081898669 0.0 0.0 0.0 1.0 0.0 0.0 3.0 0.0
916.001273204891 0.0 0.0 0.0 1.0 0.0 0.0 3.0 0.0
917.001273204891 0.0 0.0 0.0 1.0 0.0 0.0 3.0 0.0
918.001273204891 0.0 0.0 0.0 1.0 0.0 0.0 3.0 0.0
919.001273204891 0.0 0.0 0.0 1.0 0.0 0.0 3.0 0.0
920.001273204891 0.0 0.0 0.0 1.0 0.0 0.0 3.0 0.0
921.001273204891 0.0 0.0 0.0 1.0 0.0 0.0 3.0 0.0
922.001273204891 0.0 0.0 0.0 1.0 0.0 0.0 3.0 0.0
923.001273204891 0.0 0.0 0.0 1.0 0.0 0.0 3.0 0.0
924.001273204891 0.0 0.0 0.0 1.0 0.0 0.0 3.0 0.0
925.001273204891 0.0 0.0 0.0 1.0 0.0 0.0 3.0 0.0
926.001273204891 0.0 0.0 0.0 1.0 0.0 0.0 3.0 0.0
927.0006668854176 0.0 0.0 0.0 1.0 0.0 0.0 3.0 0.0
928.0003387393896 0.0 0.0 0.0 1.0 0.0 0.0 3.0 0.0
929.001273204891 0.0 0.0 0.0 1.0 0.0 0.0 3.0 0.0
930.001273204891 0.0 0.0 0.0 1.0 0.0 0.0 3.0 0.0
931.001273204891 0.0 0.0 0.0 1.0 0.0 0.0 3.0 0.0
932.001273204891 0.0 0.0 0.0 1.0 0.0 0.0 3.0 0.0
933.001273204891 0.0 0.0 0.0 1.0 0.0 0.0 3.0 0.0
934.001273204891 0.0 0.0 0.0 1.0 0.0 0.0 3.0 0.0
935.001273204891 0.0 0.0 0.0 1.0 0.0 0.0 3.0 0.0
936.0005469511232 0.0 0.0 0.0 1.0 0.0 0.0 3.0 0.0
937.001273204891 0.0 0.0 0.0 1.0 0.0 0.0 3.0 0.0
938.001273204891 0.0 0.0 0.0 1.0 0.0 0.0 3.0 0.0
939.001273204891 0.0 0.0 0.0 1.0 0.0 0.0 3.0 0.0
940.001273204891 0.0 0.0 0.0 1.0 0.0 0.0 3.0 0.0
941.001273204891 0.0 0.0 0.0 1.0 0.0 0.0 3.0 0.0
942.001273204891 0.0 0.0 0.0 1.0 0.0 0.0 3.0 0.0
943.000089031379 0.0 0.0 0.0 1.0 0.0 0.0 3.0 0.0
944.001273204891 0.0 0.0 0.0 1.0 0.0 0.0 3.0 0.0
945.001273204891 0.0 0.0 0.0 1.0 0.0 0.0 3.0 0.0
946.001273204891 0.0 0.0 0.0 1.0 0.0 0.0 3.0 0.0
947.001273204891 0.0 0.0 0.0 1.0 0.0 0.0 3.0 0.0
948.001273204891 0.0 0.0 0.0 1.0 0.0 0.0 3.0 0.0
949.001273204891 0.0 0.0 0.0 1.0 0.0 0.0 3.0 0.0
950.001273204891 0.0 0.0 0.0 1.0 0.0 0.0 3.0 0.0
951.001273204891 0.0 0.0 0.0 1.0 0.0 0.0 3.0 0.0
952.001273204891 0.0 0.0 0.0 1.0 0.0 0.0 3.0 0.0
953.0000724174485 0.0 0.0 0.0 1.0 0.0 0.0 3.0 0.0
954.001273204891 0.0 0.0 0.0 1.0 0.0 0.0 3.0 0.0
955.001273204891 0.0 0.0 0.0 1.0 0.0 0.0 3.0 0.0
956.001273204891 0.0 0.0 0.0 1.0 0.0 0.0 3.0 0.0
957.001273204891 0.0 0.0 0.0 1.0 0.0 0.0 3.0 0.0
958.001273204891 0.0 0.0 0.0 1.0 0.0 0.0 3.0 0.0
959.001273204891 0.0 0.0 0.0 1.0 0.0 0.0 3.0 0.0
960.001273204891 0.0 0.0 0.0 1.0 0.0 0.0 3.0 0.0
961.001273204891 0.0 0.0 0.0 1.0 0.0 0.0 3.0 0.0
962.001273204891 0.0 0.0 0.0 1.0 0.0 0.0 3.0 0.0
963.001273204891 0.0 0.0 0.0 1.0 0.0 0.0 3.0 0.0
964.001273204891 0.0 0.0 0.0 1.0 0.0 0.0 3.0 0.0
965.000554703283 0.0 0.0 0.0 1.0 0.0 0.0 3.0 0.0
966.001273204891 0.0 0.0 0.0 1.0 0.0 0.0 3.0 0.0
967.0003559156747 0.0 0.0 0.0 1.0 0.0 0.0 3.0 0.0
968.001273204891 0.0 0.0 0.0 1.0 0.0 0.0 3.0 0.0
969.001273204891 0.0 0.0 0.0 1.0 0.0 0.0 3.0 0.0
970.001273204891 0.0 0.0 0.0 1.0 0.0 0.0 3.0 0.0
971.001273204891 0.0 0.0 0.0 1.0 0.0 0.0 3.0 0.0
972.001273204891 0.0 0.0 0.0 1.0 0.0 0.0 3.0 0.0
973.001273204891 0.0 0.0 0.0 1.0 0.0 0.0 3.0 0.0
974.001273204891 0.0 0.0 0.0 1.0 0.0 0.0 3.0 0.0
975.001273204891 0.0 0.0 0.0 1.0 0.0 0.0 3.0 0.0
976.001273204891 0.0 0.0 0.0 1.0 0.0 0.0 3.0 0.0
977.001273204891 0.0 0.0 0.0 1.0 0.0 0.0 3.0 0.0
978.001273204891 0.0 0.0 0.0 1.0 0.0 0.0 3.0 0.0
979.001273204891 0.0 0.0 0.0 1.0 0.0 0.0 3.0 0.0
980.001273204891 0.0 0.0 0.0 1.0 0.0 0.0 3.0 0.0
981.001273204891 0.0 0.0 0.0 1.0 0.0 0.0 3.0 0.0
982.001273204891 0.0 0.0 0.0 1.0 0.0 0.0 3.0 0.0
983.001273204891 0.0 0.0 0.0 1.0 0.0 0.0 3.0 0.0
984.000439662653 0.0 0.0 0.0 1.0 0.0 0.0 3.0 0.0
985.0001863317767 0.0 0.0 0.0 1.0 0.0 0.0 3.0 0.0
986.001273204891 0.0 0.0 0.0 1.0 0.0 0.0 3.0 0.0
987.001273204891 0.0 0.0 0.0 1.0 0.0 0.0 3.0 0.0
988.001273204891 0.0 0.0 0.0 1.0 0.0 0.0 3.0 0.0
989.001273204891 0.0 0.0 0.0 1.0 0.0 0.0 3.0 0.0
990.0003362779509 0.0 0.0 0.0 1.0 0.0 0.0 3.0 0.0
991.0011808970057 0.0 0.0 0.0 1.0 0.0 0.0 3.0 0.0
992.001273204891 0.0 0.0 0.0 1.0 0.0 0.0 3.0 0.0
993.001273204891 0.0 0.0 0.0 1.0 0.0 0.0 3.0 0.0
994.001273204891 0.0 0.0 0.0 1.0 0.0 0.0 3.0 0.0
995.001273204891 0.0 0.0 0.0 1.0 0.0 0.0 3.0 0.0
996.0009513924574 0.0 0.0 0.0 1.0 0.0 0.0 3.0 0.0
997.001273204891 0.0 0.0 0.0 1.0 0.0 0.0 3.0 0.0
998.001273204891 0.0 0.0 0.0 1.0 0.0 0.0 3.0 0.0
999.000705670761 0.0 0.0 0.0 1.0 0.0 0.0 3.0 0.0
1000.0007518852456 0.0 0.0 0.0 1.0 0.0 0.0 3.0 0.0
1001.001273204891 0.0 0.0 0.0 1.0 0.0 0.0 3.0 0.0
1002.001273204891 0.0 0.0 0.0 1.0 0.0 0.0 3.0 0.0
1003.001273204891 0.0 0.0 0.0 1.0 0.0 0.0 3.0 0.0
1004.001273204891 0.0 0.0 0.0 1.0 0.0 0.0 3.0 0.0
1005.001273204891 0.0 0.0 0.0 1.0 0.0 0.0 3.0 0.0
1006.0004994109271 0.0 0.0 0.0 1.0 0.0 0.0 3.0 0.0
1007.001273204891 0.0 0.0 0.0 1.0 0.0 0.0 3.0 0.0
1008.001273204891 0.0 0.0 0.0 1.0 0.0 0.0 3.0 0.0
1009.001273204891 0.0 0.0 0.0 1.0 0.0 0.0 3.0 0.0
1010.001273204891 0.0 0.0 0.0 1.0 0.0 0.0 3.0 0.0
1011.001273204891 0.0 0.0 0.0 1.0 0.0 0.0 3.0 0.0
1012.001273204891 0.0 0.0 0.0 1.0 0.0 0.0 3.0 0.0
1013.001273204891 0.0 0.0 0.0 1.0 0.0 0.0 3.0 0.0
1014.0006592953786 0.0 0.0 0.0 1.0 0.0 0.0 3.0 0.0
1015.001273204891 0.0 0.0 0.0 1.0 0.0 0.0 3.0 0.0
1016.000741559934 0.0 0.0 0.0 1.0 0.0 0.0 3.0 0.0
1017.001273204891 0.0 0.0 0.0 1.0 0.0 0.0 3.0 0.0
1018.001273204891 0.0 0.0 0.0 1.0 0.0 0.0 3.0 0.0
1019.001273204891 0.0 0.0 0.0 1.0 0.0 0.0 3.0 0.0
1020.001273204891 0.0 0.0 0.0 1.0 0.0 0.0 3.0 0.0
1021.001273204891 0.0 0.0 0.0 1.0 0.0 0.0 3.0 0.0
1022.001273204891 0.0 0.0 0.0 1.0 0.0 0.0 3.0 0.0
1023.0010506353829 0.0 0.0 0.0 1.0 0.0 0.0 3.0 0.0
1024.001273204891 0.0 0.0 0.0 1.0 0.0 0.0 3.0 0.0
1025.001273204891 0.0 0.0 0.0 1.0 0.0 0.0 3.0 0.0
1026.0001972553268 0.0 0.0 0.0 1.0 0.0 0.0 3.0 0.0
1027.001273204891 0.0 0.0 0.0 1.0 0.0 0.0 3.0 0.0
1028.0006128705284 0.0 0.0 0.0 1.0 0.0 0.0 3.0 0.0
1029.001273204891 0.0 0.0 0.0 1.0 0.0 0.0 3.0 0.0
1030.001273204891 0.0 0.0 0.0 1.0 0.0 0.0 3.0 0.0
1031.001273204891 0.0 0.0 0.0 1.0 0.0 0.0 3.0 0.0
1032.001273204891 0.0 0.0 0.0 1.0 0.0 0.0 3.0 0.0
1033.001273204891 0.0 0.0 0.0 1.0 0.0 0.0 3.0 0.0
1034.001273204891 0.0 0.0 0.0 1.0 0.0 0.0 3.0 0.0
1035.001273204891 0.0 0.0 0.0 1.0 0.0 0.0 3.0 0.0
1036.001273204891 0.0 0.0 0.0 1.0 0.0 0.0 3.0 0.0
1037.001273204891 0.0 0.0 0.0 1.0 0.0 0.0 3.0 0.0
1038.001273204891 0.0 0.0 0.0 1.0 0.0 0.0 3.0 0.0
1039.001273204891 0.0 0.0 0.0 1.0 0.0 0.0 3.0 0.0
1040.001273204891 0.0 0.0 0.0 1.0 0.0 0.0 3.0 0.0
1041.001273204891 0.0 0.0 0.0 1.0 0.0 0.0 3.0 0.0
1042.001273204891 0.0 0.0 0.0 1.0 0.0 0.0 3.0 0.0
1043.001273204891 0.0 0.0 0.0 1.0 0.0 0.0 3.0 0.0
1044.0010774472703 0.0 0.0 0.0 1.0 0.0 0.0 3.0 0.0
1045.001273204891 0.0 0.0 0.0 1.0 0.0 0.0 3.0 0.0
1046.001273204891 0.0 0.0 0.0 1.0 0.0 0.0 3.0 0.0
1047.001273204891 0.0 0.0 0.0 1.0 0.0 0.0 3.0 0.0
1048.001273204891 0.0 0.0 0.0 1.0 0.0 0.0 3.0 0.0
1049.001273204891 0.0 0.0 0.0 1.0 0.0 0.0 3.0 0.0
1050.001273204891 0.0 0.0 0.0 1.0 0.0 0.0 3.0 0.0
1051.001273204891 0.0 0.0 0.0 1.0 0.0 0.0 3.0 0.0
1052.001273204891 0.0 0.0 0.0 1.0 0.0 0.0 3.0 0.0
1053.001273204891 0.0 0.0 0.0 1.0 0.0 0.0 3.0 0.0
1054.001273204891 0.0 0.0 0.0 1.0 0.0 0.0 3.0 0.0
1055.001273204891 0.0 0.0 0.0 1.0 0.0 0.0 3.0 0.0
1056.001273204891 0.0 0.0 0.0 1.0 0.0 0.0 3.0 0.0
1057.001273204891 0.0 0.0 0.0 1.0 0.0 0.0 3.0 0.0
1058.001273204891 0.0 0.0 0.0 1.0 0.0 0.0 3.0 0.0
1059.001273204891 0.0 0.0 0.0 1.0 0.0 0.0 3.0 0.0
1060.000292062736 0.0 0.0 0.0 1.0 0.0 0.0 3.0 0.0
1061.001273204891 0.0 0.0 0.0 1.0 0.0 0.0 3.0 0.0
1062.001273204891 0.0 0.0 0.0 1.0 0.0 0.0 3.0 0.0
1063.001273204891 0.0 0.0 0.0 1.0 0.0 0.0 3.0 0.0
1064.001273204891 0.0 0.0 0.0 1.0 0.0 0.0 3.0 0.0
1065.001273204891 0.0 0.0 0.0 1.0 0.0 0.0 3.0 0.0
1066.001273204891 0.0 0.0 0.0 1.0 0.0 0.0 3.0 0.0
1067.001273204891 0.0 0.0 0.0 1.0 0.0 0.0 3.0 0.0
1068.001273204891 0.0 0.0 0.0 1.0 0.0 0.0 3.0 0.0
1069.001273204891 0.0 0.0 0.0 1.0 0.0 0.0 3.0 0.0
1070.001273204891 0.0 0.0 0.0 1.0 0.0 0.0 3.0 0.0
1071.001273204891 0.0 0.0 0.0 1.0 0.0 0.0 3.0 0.0
1072.001273204891 0.0 0.0 0.0 1.0 0.0 0.0 3.0 0.0
1073.001273204891 0.0 0.0 0.0 1.0 0.0 0.0 3.0 0.0
1074.001273204891 0.0 0.0 0.0 1.0 0.0 0.0 3.0 0.0
1075.0011909180905 0.0 0.0 0.0 1.0 0.0 0.0 3.0 0.0
1076.001273204891 0.0 0.0 0.0 1.0 0.0 0.0 3.0 0.0
1077.001273204891 0.0 0.0 0.0 1.0 0.0 0.0 3.0 0.0
1078.0003530596398 0.0 0.0 0.0 1.0 0.0 0.0 3.0 0.0
1079.001273204891 0.0 0.0 0.0 1.0 0.0 0.0 3.0 0.0
1080.001273204891 0.0 0.0 0.0 1.0 0.0 0.0 3.0 0.0
1081.001273204891 0.0 0.0 0.0 1.0 0.0 0.0 3.0 0.0
1082.001273204891 0.0 0.0 0.0 1.0 0.0 0.0 3.0 0.0
1083.001273204891 0.0 0.0 0.0 1.0 0.0 0.0 3.0 0.0
1084.001273204891 0.0 0.0 0.0 1.0 0.0 0.0 3.0 0.0
1085.001273204891 0.0 0.0 0.0 1.0 0.0 0.0 3.0 0.0
1086.001273204891 0.0 0.0 0.0 1.0 0.0 0.0 3.0 0.0
1087.001273204891 0.0 0.0 0.0 1.0 0.0 0.0 3.0 0.0
1088.001273204891 0.0 0.0 0.0 1.0 0.0 0.0 3.0 0.0
1089.0005220326893 0.0 0.0 0.0 1.0 0.0 0.0 3.0 0.0
1090.001273204891 0.0 0.0 0.0 1.0 0.0 0.0 3.0 0.0
1091.001273204891 0.0 0.0 0.0 1.0 0.0 0.0 3.0 0.0
1092.001273204891 0.0 0.0 0.0 1.0 0.0 0.0 3.0 0.0
1093.001273204891 0.0 0.0 0.0 1.0 0.0 0.0 3.0 0.0
1094.001273204891 0.0 0.0 0.0 1.0 0.0 0.0 3.0 0.0
1095.001273204891 0.0 0.0 0.0 1.0 0.0 0.0 3.0 0.0
1096.001273204891 0.0 0.0 0.0 1.0 0.0 0.0 3.0 0.0
1097.001273204891 0.0 0.0 0.0 1.0 0.0 0.0 3.0 0.0
1098.001273204891 0.0 0.0 0.0 1.0 0.0 0.0 3.0 0.0
1099.001273204891 0.0 0.0 0.0 1.0 0.0 0.0 3.0 0.0
1100.0 0.0 0.0 0.0 1.0 0.0 1.0 3.0 0.0
1101.0007826787098 0.9625 0.0 0.0 0.037499999999999964 0.0 1.0 3.03125 0.07173913043478261
1102.001273204891 1.0 0.0 0.0 0.0 0.0 1.0 3.91875 0.0
1103.001273204891 1.0 0.0 0.0 0.0 0.0 1.0 4.91875 0.0
1104.0003965127598 1.0 0.0 0.0 0.0 0.0 1.0 5.0 0.0
1105.001273204891 1.0 0.0 0.0 0.0 0.0 1.0 5.0 0.0
1106.001273204891 1.0 0.0 0.0 0.0 0.0 1.0 5.0 0.0
1107.001273204891 1.0 0.0 0.0 0.0 0.0 1.0 5.0 0.0
1108.001273204891 1.0 0.0 0.0 0.0 0.0 1.0 5.0 0.0
1109.001273204891 1.0 0.0 0.0 0.0 0.0 1.0 5.0 0.0
1110.0000821931367 1.0 0.0 0.0 0.0 0.0 1.0 5.0 0.0
1111.001273204891 1.0 0.0 0.0 0.0 0.0 1.0 5.0 0.0
1112.001273204891 1.0 0.0 0.0 0.0 0.0 1.0 5.0 0.0
1113.001273204891 1.0 0.0 0.0 0.0 0.0 1.0 5.0 0.0
1114.001273204891 1.0 0.0 0.0 0.0 0.0 1.0 5.0 0.0
1115.0012114342896 1.0 0.0 0.0 0.0 0.0 1.0 5.0 0.0
1116.001273204891 1.0 0.0 0.0 0.0 0.0 1.0 5.0 0.0
1117.001273204891 1.0 0.0 0.0 0.0 0.0 1.0 5.0 0.0
1118.001273204891 1.0 0.0 0.0 0.0 0.0 1.0 5.0 0.0
1119.001273204891 1.0 0.0 0.0 0.0 0.0 1.0 5.0 0.0
1120.001273204891 1.0 0.0 0.0 0.0 0.0 1.0 5.0 0.0
1121.001273204891 1.0 0.0 0.0 0.0 0.0 1.0 5.0 0.0
1122.001273204891 1.0 0.0 0.0 0.0 0.0 1.0 5.0 0.0
1123.00001504319 1.0 0.0 0.0 0.0 0.0 1.0 5.0 0.0
1124.001273204891 1.0 0.0 0.0 0.0 0.0 1.0 5.0 0.0
1125.001273204891 1.0 0.0 0.0 0.0 0.0 1.0 5.0 0.0
1126.001273204891 1.0 0.0 0.0 0.0 0.0 1.0 5.0 0.0
1127.001273204891 1.0 0.0 0.0 0.0 0.0 1.0 5.0 0.0
1128.001273204891 1.0 0.0 0.0 0.0 0.0 1.0 5.0 0.0
1129.001273204891 1.0 0.0 0.0 0.0 0.0 1.0 5.0 0.0
1130.001273204891 1.0 0.0 0.0 0.0 0.0 1.0 5.0 0.0
1131.001273204891 1.0 0.0 0.0 0.0 0.0 1.0 5.0 0.0
1132.001273204891 1.0 0.0 0.0 0.0 0.0 1.0 5.0 0.0
1133.001273204891 1.0 0.0 0.0 0.0 0.0 1.0 5.0 0.0
1134.001273204891 1.0 0.0 0.0 0.0 0.0 1.0 5.0 0.0
1135.001273204891 1.0 0.0 0.0 0.0 0.0 1.0 5.0 0.0
1136.0002360024712 1.0 0.0 0.0 0.0 0.0 1.0 5.0 0.0
1137.001273204891 1.0 0.0 0.0 0.0 0.0 1.0 5.0 0.0
1138.0002334410835 1.0 0.0 0.0 0.0 0.0 1.0 5.0 0.0
1139.001273204891 1.0 0.0 0.0 0.0 0.0 1.0 5.0 0.0
1140.001273204891 1.0 0.0 0.0 0.0 0.0 1.0 5.0 0.0
1141.000055860034 1.0 0.0 0.0 0.0 0.0 1.0 5.0 0.0
1142.001273204891 1.0 0.0 0.0 0.0 0.0 1.0 5.0 0.0
1143.001273204891 1.0 0.0 0.0 0.0 0.0 1.0 5.0 0.0
1144.001273204891 1.0 0.0 0.0 0.0 0.0 1.0 5.0 0.0
1145.001273204891 1.0 0.0 0.0 0.0 0.0 1.0 5.0 0.0
1146.001273204891 1.0 0.0 0.0 0.0 0.0 1.0 5.0 0.0
1147.001273204891 1.0 0.0 0.0 0.0 0.0 1.0 5.0 0.0
1148.001273204891 1.0 0.0 0.0 0.0 0.0 1.0 5.0 0.0
1149.0001258206817 1.0 0.0 0.0 0.0 0.0 1.0 5.0 0.0
1150.001273204891 1.0 0.0 0.0 0.0 0.0 1.0 5.0 0.0
1151.001273204891 1.0 0.0 0.0 0.0 0.0 1.0 5.0 0.0
1152.001273204891 1.0 0.0 0.0 0.0 0.0 1.0 5.0 0.0
1153.001273204891 1.0 0.0 0.0 0.0 0.0 1.0 5.0 0.0
1154.001273204891 1.0 0.0 0.0 0.0 0.0 1.0 5.0 0.0
1155.0008851813154 1.0 0.0 0.0 0.0 0.0 1.0 5.0 0.0
1156.0007766791111 1.0 0.0 0.0 0.0 0.0 1.0 5.0 0.0
1157.001055644419 1.0 0.0 0.0 0.0 0.0 1.0 5.0 0.0
1158.001273204891 1.0 0.0 0.0 0.0 0.0 1.0 5.0 0.0
1159.0002922942392 1.0 0.0 0.0 0.0 0.0 1.0 5.0 0.0
1160.001273204891 1.0 0.0 0.0 0.0 0.0 1.0 5.0 0.0
1161.001273204891 1.0 0.0 0.0 0.0 0.0 1.0 5.0 0.0
1162.001273204891 1.0 0.0 0.0 0.0 0.0 1.0 5.0 0.0
1163.001273204891 1.0 0.0 0.0 0.0 0.0 1.0 5.0 0.0
1164.001273204891 1.0 0.0 0.0 0.0 0.0 1.0 5.0 0.0
1165.001273204891 1.0 0.0 0.0 0.0 0.0 1.0 5.0 0.0
1166.00071311813 1.0 0.0 0.0 0.0 0.0 1.0 5.0 0.0
1167.001273204891 1.0 0.0 0.0 0.0 0.0 1.0 5.0 0.0
1168.001273204891 1.0 0.0 0.0 0.0 0.0 1.0 5.0 0.0
1169.001273204891 1.0 0.0 0.0 0.0 0.0 1.0 5.0 0.0
1170.001273204891 1.0 0.0 0.0 0.0 0.0 1.0 5.0 0.0
1171.001273204891 1.0 0.0 0.0 0.0 0.0 1.0 5.0 0.0
1172.001273204891 1.0 0.0 0.0 0.0 0.0 1.0 5.0 0.0
1173.001273204891 1.0 0.0 0.0 0.0 0.0 1.0 5.0 0.0
1174.001273204891 1.0 0.0 0.0 0.0 0.0 1.0 5.0 0.0
1175.001273204891 1.0 0.0 0.0 0.0 0.0 1.0 5.0 0.0
1176.001273204891 1.0 0.0 0.0 0.0 0.0 1.0 5.0 0.0
1177.0004187491909 1.0 0.0 0.0 0.0 0.0 1.0 5.0 0.0
1178.001273204891 1.0 0.0 0.0 0.0 0.0 1.0 5.0 0.0
1179.001273204891 1.0 0.0 0.0 0.0 0.0 1.0 5.0 0.0
1180.001273204891 1.0 0.0 0.0 0.0 0.0 1.0 5.0 0.0
1181.001273204891 1.0 0.0 0.0 0.0 0.0 1.0 5.0 0.0
1182.001273204891 1.0 0.0 0.0 0.0 0.0 1.0 5.0 0.0
1183.001273204891 1.0 0.0 0.0 0.0 0.0 1.0 5.0 0.0
1184.001273204891 1.0 0.0 0.0 0.0 0.0 1.0 5.0 0.0
1185.001273204891 1.0 0.0 0.0 0.0 0.0 1.0 5.0 0.0
1186.001273204891 1.0 0.0 0.0 0.0 0.0 1.0 5.0 0.0
1187.001273204891 1.0 0.0 0.0 0.0 0.0 1.0 5.0 0.0
1188.001273204891 1.0 0.0 0.0 0.0 0.0 1.0 5.0 0.0
1189.001273204891 1.0 0.0 0.0 0.0 0.0 1.0 5.0 0.0
1190.000785305721 1.0 0.0 0.0 0.0 0.0 1.0 5.0 0.0
1191.001273204891 1.0 0.0 0.0 0.0 0.0 1.0 5.0 0.0
1192.001273204891 1.0 0.0 0.0 0.0 0.0 1.0 5.0 0.0
1193.000700196335 1.0 0.0 0.0 0.0 0.0 1.0 5.0 0.0
1194.001273204891 1.0 0.0 0.0 0.0 0.0 1.0 5.0 0.0
1195.001273204891 1.0 0.0 0.0 0.0 0.0 1.0 5.0 0.0
1196.001273204891 1.0 0.0 0.0 0.0 0.0 1.0 5.0 0.0
1197.001273204891 1.0 0.0 0.0 0.0 0.0 1.0 5.0 0.0
1198.001273204891 1.0 0.0 0.0 0.0 0.0 1.0 5.0 0.0
1199.000003656414 1.0 0.0 0.0 0.0 0.0 1.0 5.0 0.0
1200.0 1.0 0.0 0.0 0.0 0.0 1.0 5.0 0.0
1201.0 0.5 0.0 0.5 0.0 0.0 1.0 4.98125 0.4968944099378882
1202.0 0.012500000000000006 0.0 0.9875 0.0 0.0 1.0 4.58125 0.02453416149068323
1203.0 0.0 0.0 1.0 0.0 0.0 1.0 5.55 0.0
1204.0 0.0 0.0 1.0 0.0 0.0 1.0 6.0 0.0
1205.0 0.0 0.0 1.0 0.0 0.0 1.0 6.0 0.0
1206.0 0.0 0.0 1.0 0.0 0.0 1.0 6.0 0.0
1207.0 0.0 0.0 1.0 0.0 0.0 1.0 6.0 0.0
1208.0 0.0 0.0 1.0 0.0 0.0 1.0 6.0 0.0
1209.0 0.0 0.0 1.0 0.0 0.0 1.0 6.0 0.0
1210.0 0.0 0.0 1.0 0.0 0.0 1.0 6.0 0.0
1211.0 0.0 0.0 1.0 0.0 0.0 1.0 6.0 0.0
1212.0 0.0 0.0 1.0 0.0 0.0 1.0 6.0 0.0
1213.0 0.0 0.0 1.0 0.0 0.0 1.0 6.0 0.0
1214.0 0.0 0.0 1.0 0.0 0.0 1.0 6.0 0.0
1215.0 0.0 0.0 1.0 0.0 0.0 1.0 6.0 0.0
1216.0 0.0 0.0 1.0 0.0 0.0 1.0 6.0 0.0
1217.0 0.0 0.0 1.0 0.0 0.0 1.0 6.0 0.0
1218.0 0.0 0.0 1.0 0.0 0.0 1.0 6.0 0.0
1219.0 0.0 0.0 1.0 0.0 0.0 1.0 6.0 0.0
1220.0 0.0 0.0 1.0 0.0 0.0 1.0 6.0 0.0
1221.0 0.0 0.0 1.0 0.0 0.0 1.0 6.0 0.0
1222.0 0.0 0.0 1.0 0.0 0.0 1.0 6.0 0.0
1223.0 0.0 0.0 1.0 0.0 0.0 1.0 6.0 0.0
1224.0 0.0 0.0 1.0 0.0 0.0 1.0 6.0 0.0
1225.0 0.0 0.0 1.0 0.0 0.0 1.0 6.0 0.0
1226.0 0.0 0.0 1.0 0.0 0.0 1.0 6.0 0.0
1227.0 0.0 0.0 1.0 0.0 0.0 1.0 6.0 0.0
1228.0 0.0 0.0 1.0 0.0 0.0 1.0 6.0 0.0
1229.0 0.0 0.0 1.0 0.0 0.0 1.0 6.0 0.0
1230.0 0.0 0.0 1.0 0.0 0.0 1.0 6.0 0.0
1231.0 0.0 0.0 1.0 0.0 0.0 1.0 6.0 0.0
1232.0 0.0 0.0 1.0 0.0 0.0 1.0 6.0 0.0
1233.0 0.0 0.0 1.0 0.0 0.0 1.0 6.0 0.0
1234.0 0.0 0.0 1.0 0.0 0.0 1.0 6.0 0.0
1235.0 0.0 0.0 1.0 0.0 0.0 1.0 6.0 0.0
1236.0 0.0 0.0 1.0 0.0 0.0 1.0 6.0 0.0
1237.0 0.0 0.0 1.0 0.0 0.0 1.0 6.0 0.0
1238.0 0.0 0.0 1.0 0.0 0.0 1.0 6.0 0.0
1239.0 0.0 0.0 1.0 0.0 0.0 1.0 6.0 0.0
1240.0 0.0 0.0 1.0 0.0 0.0 1.0 6.0 0.0
1241.0 0.0 0.0 1.0 0.0 0.0 1.0 6.0 0.0
1242.0 0.0 0.0 1.0 0.0 0.0 1.0 6.0 0.0
1243.0 0.0 0.0 1.0 0.0 0.0 1.0 6.0 0.0
1244.0 0.0 0.0 1.0 0.0 0.0 1.0 6.0 0.0
1245.0 0.0 0.0 1.0 0.0 0.0 1.0 6.0 0.0
1246.0 0.0 0.0 1.0 0.0 0.0 1.0 6.0 0.0
1247.0 0.0 0.0 1.0 0.0 0.0 1.0 6.0 0.0
1248.0 0.0 0.0 1.0 0.0 0.0 1.0 6.0 0.0
1249.0 0.0 0.0 1.0 0.0 0.0 1.0 6.0 0.0
1250.0 0.0 0.0 1.0 0.0 0.0 1.0 6.0 0.0
1251.0 0.0 0.0 1.0 0.0 0.0 1.0 6.0 0.0
1252.0 0.0 0.0 1.0 0.0 0.0 1.0 6.0 0.0
1253.0 0.0 0.0 1.0 0.0 0.0 1.0 6.0 0.0
1254.0 0.0 0.0 1.0 0.0 0.0 1.0 6.0 0.0
1255.0 0.0 0.0 1.0 0.0 0.0 1.0 6.0 0.0
1256.0 0.0 0.0 1.0 0.0 0.0 1.0 6.0 0.0
1257.0 0.0 0.0 1.0 0.0 0.0 1.0 6.0 0.0
1258.0 0.0 0.0 1.0 0.0 0.0 1.0 6.0 0.0
1259.0 0.0 0.0 1.0 0.0 0.0 1.0 6.0 0.0
1260.0 0.0 0.0 1.0 0.0 0.0 1.0 6.0 0.0
1261.0 0.0 0.0 1.0 0.0 0.0 1.0 6.0 0.0
1262.0 0.0 0.0 1.0 0.0 0.0 1.0 6.0 0.0
1263.0 0.0 0.0 1.0 0.0 0.0 1.0 6.0 0.0
1264.0 0.0 0.0 1.0 0.0 0.0 1.0 6.0 0.0
1265.0 0.0 0.0 1.0 0.0 0.0 1.0 6.0 0.0
1266.0 0.0 0.0 1.0 0.0 0.0 1.0 6.0 0.0
1267.0 0.0 0.0 1.0 0.0 0.0 1.0 6.0 0.0
1268.0 0.0 0.0 1.0 0.0 0.0 1.0 6.0 0.0
1269.0 0.0 0.0 1.0 0.0 0.0 1.0 6.0 0.0
1270.0 0.0 0.0 1.0 0.0 0.0 1.0 6.0 0.0
1271.0 0.0 0.0 1.0 0.0 0.0 1.0 6.0 0.0
1272.0 0.0 0.0 1.0 0.0 0.0 1.0 6.0 0.0
1273.0 0.0 0.0 1.0 0.0 0.0 1.0 6.0 0.0
1274.0 0.0 0.0 1.0 0.0 0.0 1.0 6.0 0.0
1275.0 0.0 0.0 1.0 0.0 0.0 1.0 6.0 0.0
1276.0 0.0 0.0 1.0 0.0 0.0 1.0 6.0 0.0
1277.0 0.0 0.0 1.0 0.0 0.0 1.0 6.0 0.0
1278.0 0.0 0.0 1.0 0.0 0.0 1.0 6.0 0.0
1279.0 0.0 0.0 1.0 0.0 0.0 1.0 6.0 0.0
1280.0 0.0 0.0 1.0 0.0 0.0 1.0 6.0 0.0
1281.0 0.0 0.0 1.0 0.0 0.0 1.0 6.0 0.0
1282.0 0.0 0.0 1.0 0.0 0.0 1.0 6.0 0.0
1283.0 0.0 0.0 1.0 0.0 0.0 1.0 6.0 0.0
1284.0 0.0 0.0 1.0 0.0 0.0 1.0 6.0 0.0
1285.0 0.0 0.0 1.0 0.0 0.0 1.0 6.0 0.0
1286.0 0.0 0.0 1.0 0.0 0.0 1.0 6.0 0.0
1287.0 0.0 0.0 1.0 0.0 0.0 1.0 6.0 0.0
1288.0 0.0 0.0 1.0 0.0 0.0 1.0 6.0 0.0
1289.0 0.0 0.0 1.0 0.0 0.0 1.0 6.0 0.0
1290.0 0.0 0.0 1.0 0.0 0.0 1.0 6.0 0.0
1291.0 0.0 0.0 1.0 0.0 0.0 1.0 6.0 0.0
1292.0 0.0 0.0 1.0 0.0 0.0 1.0 6.0 0.0
1293.0 0.0 0.0 1.0 0.0 0.0 1.0 6.0 0.0
1294.0 0.0 0.0 1.0 0.0 0.0 1.0 6.0 0.0
1295.0 0.0 0.0 0.11875000000000002 0.88125 0.0 0.0 6.0 0.20799689440993788
1296.001273204891 0.0 0.0 0.0 1.0 0.0 0.0 6.88125 0.0
1297.001273204891 0.0 0.0 0.0 1.0 0.0 0.0 7.88125 0.0
1298.001273204891 0.0 0.0 0.0 1.0 0.0 0.0 8.0 0.0
1299.001273204891 0.0 0.0 0.0 1.0 0.0 0.0 8.0 0.0
1300.001273204891 0.0 0.0 0.0 1.0 0.0 0.0 8.0 0.0
1301.001273204891 0.0 0.0 0.0 1.0 0.0 0.0 8.0 0.0
1302.0000733064658 0.0 0.0 0.0 1.0 0.0 0.0 8.0 0.0
1303.001273204891 0.0 0.0 0.0 1.0 0.0 0.0 8.0 0.0
1304.0006313221857 0.0 0.0 0.0 1.0 0.0 0.0 8.0 0.0
1305.0007134687316 0.0 0.0 0.0 1.0 0.0 0.0 8.0 0.0
1306.0004481663045 0.0 0.0 0.0 1.0 0.0 0.0 8.0 0.0
1307.001273204891 0.0 0.0 0.0 1.0 0.0 0.0 8.0 0.0
1308.00095804037 0.0 0.0 0.0 1.0 0.0 0.0 8.0 0.0
1309.001273204891 0.0 0.0 0.0 1.0 0.0 0.0 8.0 0.0
1310.000468948398 0.0 0.0 0.0 1.0 0.0 0.0 8.0 0.0
1311.001273204891 0.0 0.0 0.0 1.0 0.0 0.0 8.0 0.0
1312.0011428651903 0.0 0.0 0.0 1.0 0.0 0.0 8.0 0.0
1313.001273204891 0.0 0.0 0.0 1.0 0.0 0.0 8.0 0.0
1314.001273204891 0.0 0.0 0.0 1.0 0.0 0.0 8.0 0.0
1315.001273204891 0.0 0.0 0.0 1.0 0.0 0.0 8.0 0.0
1316.001273204891 0.0 0.0 0.0 1.0 0.0 0.0 8.0 0.0
1317.001273204891 0.0 0.0 0.0 1.0 0.0 0.0 8.0 0.0
1318.001260743883 0.0 0.0 0.0 1.0 0.0 0.0 8.0 0.0
1319.001273204891 0.0 0.0 0.0 1.0 0.0 0.0 8.0 0.0
1320.001273204891 0.0 0.0 0.0 1.0 0.0 0.0 8.0 0.0
1321.001273204891 0.0 0.0 0.0 1.0 0.0 0.0 8.0 0.0
1322.001273204891 0.0 0.0 0.0 1.0 0.0 0.0 8.0 0.0
1323.001273204891 0.0 0.0 0.0 1.0 0.0 0.0 8.0 0.0
1324.001273204891 0.0 0.0 0.0 1.0 0.0 0.0 8.0 0.0
1325.001273204891 0.0 0.0 0.0 1.0 0.0 0.0 8.0 0.0
1326.001273204891 0.0 0.0 0.0 1.0 0.0 0.0 8.0 0.0
1327.001273204891 0.0 0.0 0.0 1.0 0.0 0.0 8.0 0.0
1328.001273204891 0.0 0.0 0.0 1.0 0.0 0.0 8.0 0.0
1329.001273204891 0.0 0.0 0.0 1.0 0.0 0.0 8.0 0.0
1330.001273204891 0.0 0.0 0.0 1.0 0.0 0.0 8.0 0.0
1331.001273204891 0.0 0.0 0.0 1.0 0.0 0.0 8.0 0.0
1332.001273204891 0.0 0.0 0.0 1.0 0.0 0.0 8.0 0.0
1333.001273204891 0.0 0.0 0.0 1.0 0.0 0.0 8.0 0.0
1334.001273204891 0.0 0.0 0.0 1.0 0.0 0.0 8.0 0.0
1335.001273204891 0.0 0.0 0.0 1.0 0.0 0.0 8.0 0.0
1336.001273204891 0.0 0.0 0.0 1.0 0.0 0.0 8.0 0.0
1337.001273204891 0.0 0.0 0.0 1.0 0.0 0.0 8.0 0.0
1338.001273204891 0.0 0.0 0.0 1.0 0.0 0.0 8.0 0.0
1339.001273204891 0.0 0.0 0.0 1.0 0.0 0.0 8.0 0.0
1340.001273204891 0.0 0.0 0.0 1.0 0.0 0.0 8.0 0.0
1341.0000329142179 0.0 0.0 0.0 1.0 0.0 0.0 8.0 0.0
1342.001273204891 0.0 0.0 0.0 1.0 0.0 0.0 8.0 0.0
1343.001273204891 0.0 0.0 0.0 1.0 0.0 0.0 8.0 0.0
1344.0004229701203 0.0 0.0 0.0 1.0 0.0 0.0 8.0 0.0
1345.001273204891 0.0 0.0 0.0 1.0 0.0 0.0 8.0 0.0
1346.001273204891 0.0 0.0 0.0 1.0 0.0 0.0 8.0 0.0
1347.001273204891 0.0 0.0 0.0 1.0 0.0 0.0 8.0 0.0
1348.001273204891 0.0 0.0 0.0 1.0 0.0 0.0 8.0 0.0
1349.001273204891 0.0 0.0 0.0 1.0 0.0 0.0 8.0 0.0
1350.001273204891 0.0 0.0 0.0 1.0 0.0 0.0 8.0 0.0
1351.000880121409 0.0 0.0 0.0 1.0 0.0 0.0 8.0 0.0
1352.001273204891 0.0 0.0 0.0 1.0 0.0 0.0 8.0 0.0
1353.001273204891 0.0 0.0 0.0 1.0 0.0 0.0 8.0 0.0
1354.001273204891 0.0 0.0 0.0 1.0 0.0 0.0 8.0 0.0
1355.001273204891 0.0 0.0 0.0 1.0 0.0 0.0 8.0 0.0
1356.001273204891 0.0 0.0 0.0 1.0 0.0 0.0 8.0 0.0
1357.001273204891 0.0 0.0 0.0 1.0 0.0 0.0 8.0 0.0
1358.001273204891 0.0 0.0 0.0 1.0 0.0 0.0 8.0 0.0
1359.001273204891 0.0 0.0 0.0 1.0 0.0 0.0 8.0 0.0
1360.001273204891 0.0 0.0 0.0 1.0 0.0 0.0 8.0 0.0
1361.0008922787722 0.0 0.0 0.0 1.0 0.0 0.0 8.0 0.0
1362.001273204891 0.0 0.0 0.0 1.0 0.0 0.0 8.0 0.0
1363.001273204891 0.0 0.0 0.0 1.0 0.0 0.0 8.0 0.0
1364.001273204891 0.0 0.0 0.0 1.0 0.0 0.0 8.0 0.0
1365.001273204891 0.0 0.0 0.0 1.0 0.0 0.0 8.0 0.0
1366.001273204891 0.0 0.0 0.0 1.0 0.0 0.0 8.0 0.0
1367.001273204891 0.0 0.0 0.0 1.0 0.0 0.0 8.0 0.0
1368.001273204891 0.0 0.0 0.0 1.0 0.0 0.0 8.0 0.0
1369.001273204891 0.0 0.0 0.0 1.0 0.0 0.0 8.0 0.0
1370.001273204891 0.0 0.0 0.0 1.0 0.0 0.0 8.0 0.0
1371.001273204891 0.0 0.0 0.0 1.0 0.0 0.0 8.0 0.0
1372.0010032558946 0.0 0.0 0.0 1.0 0.0 0.0 8.0 0.0
1373.001273204891 0.0 0.0 0.0 1.0 0.0 0.0 8.0 0.0
1374.001273204891 0.0 0.0 0.0 1.0 0.0 0.0 8.0 0.0
1375.001273204891 0.0 0.0 0.0 1.0 0.0 0.0 8.0 0.0
1376.001273204891 0.0 0.0 0.0 1.0 0.0 0.0 8.0 0.0
1377.001273204891 0.0 0.0 0.0 1.0 0.0 0.0 8.0 0.0
1378.001273204891 0.0 0.0 0.0 1.0 0.0 0.0 8.0 0.0
1379.000027557209 0.0 0.0 0.0 1.0 0.0 0.0 8.0 0.0
1380.001273204891 0.0 0.0 0.0 1.0 0.0 0.0 8.0 0.0
1381.001218376588 0.0 0.0 0.0 1.0 0.0 0.0 8.0 0.0
1382.001273204891 0.0 0.0 0.0 1.0 0.0 0.0 8.0 0.0
1383.001273204891 0.0 0.0 0.0 1.0 0.0 0.0 8.0 0.0
1384.001273204891 0.0 0.0 0.0 1.0 0.0 0.0 8.0 0.0
1385.001273204891 0.0 0.0 0.0 1.0 0.0 0.0 8.0 0.0
1386.0003410241043 0.0 0.0 0.0 1.0 0.0 0.0 8.0 0.0
1387.001273204891 0.0 0.0 0.0 1.0 0.0 0.0 8.0 0.0
1388.001273204891 0.0 0.0 0.0 1.0 0.0 0.0 8.0 0.0
1389.001273204891 0.0 0.0 0.0 1.0 0.0 0.0 8.0 0.0
1390.001273204891 0.0 0.0 0.0 1.0 0.0 0.0 8.0 0.0
1391.001273204891 0.0 0.0 0.0 1.0 0.0 0.0 8.0 0.0
1392.001273204891 0.0 0.0 0.0 1.0 0.0 0.0 8.0 0.0
1393.001273204891 0.0 0.0 0.0 1.0 0.0 0.0 8.0 0.0
1394.001273204891 0.0 0.0 0.0 1.0 0.0 0.0 8.0 0.0
1395.001273204891 0.0 0.0 0.0 1.0 0.0 0.0 8.0 0.0
1396.001273204891 0.0 0.0 0.0 1.0 0.0 0.0 8.0 0.0
1397.001273204891 0.0 0.0 0.0 1.0 0.0 0.0 8.0 0.0
1398.001273204891 0.0 0.0 0.0 1.0 0.0 0.0 8.0 0.0
1399.001273204891 0.0 0.0 0.0 1.0 0.0 0.0 8.0 0.0
1400.001273204891 0.0 0.0 0.0 1.0 0.0 0.0 8.0 0.0
1401.0000197793436 0.0 0.0 0.0 1.0 0.0 0.0 8.0 0.0
1402.001273204891 0.0 0.0 0.0 1.0 0.0 0.0 8.0 0.0
1403.001273204891 0.0 0.0 0.0 1.0 0.0 0.0 8.0 0.0
1404.001273204891 0.0 0.0 0.0 1.0 0.0 0.0 8.0 0.0
1405.0011064023818 0.0 0.0 0.0 1.0 0.0 0.0 8.0 0.0
1406.001273204891 0.0 0.0 0.0 1.0 0.0 0.0 8.0 0.0
1407.001273204891 0.0 0.0 0.0 1.0 0.0 0.0 8.0 0.0
1408.001273204891 0.0 0.0 0.0 1.0 0.0 0.0 8.0 0.0
1409.001273204891 0.0 0.0 0.0 1.0 0.0 0.0 8.0 0.0
1410.001273204891 0.0 0.0 0.0 1.0 0.0 0.0 8.0 0.0
1411.001273204891 0.0 0.0 0.0 1.0 0.0 0.0 8.0 0.0
1412.0000309054521 0.0 0.0 0.0 1.0 0.0 0.0 8.0 0.0
1413.001273204891 0.0 0.0 0.0 1.0 0.0 0.0 8.0 0.0
1414.001273204891 0.0 0.0 0.0 1.0 0.0 0.0 8.0 0.0
1415.001273204891 0.0 0.0 0.0 1.0 0.0 0.0 8.0 0.0
1416.001273204891 0.0 0.0 0.0 1.0 0.0 0.0 8.0 0.0
1417.001273204891 0.0 0.0 0.0 1.0 0.0 0.0 8.0 0.0
1418.001273204891 0.0 0.0 0.0 1.0 0.0 0.0 8.0 0.0
1419.0011970650546 0.0 0.0 0.0 1.0 0.0 0.0 8.0 0.0
1420.001273204891 0.0 0.0 0.0 1.0 0.0 0.0 8.0 0.0
1421.001273204891 0.0 0.0 0.0 1.0 0.0 0.0 8.0 0.0
1422.0004457682726 0.0 0.0 0.0 1.0 0.0 0.0 8.0 0.0
1423.001273204891 0.0 0.0 0.0 1.0 0.0 0.0 8.0 0.0
1424.0011409588067 0.0 0.0 0.0 1.0 0.0 0.0 8.0 0.0
1425.001273204891 0.0 0.0 0.0 1.0 0.0 0.0 8.0 0.0
1426.0000174585477 0.0 0.0 0.0 1.0 0.0 0.0 8.0 0.0
1427.001273204891 0.0 0.0 0.0 1.0 0.0 0.0 8.0 0.0
1428.001273204891 0.0 0.0 0.0 1.0 0.0 0.0 8.0 0.0
1429.0002939241795 0.0 0.0 0.0 1.0 0.0 0.0 8.0 0.0
1430.001273204891 0.0 0.0 0.0 1.0 0.0 0.0 8.0 0.0
1431.001273204891 0.0 0.0 0.0 1.0 0.0 0.0 8.0 0.0
1432.001273204891 0.0 0.0 0.0 1.0 0.0 0.0 8.0 0.0
1433.001273204891 0.0 0.0 0.0 1.0 0.0 0.0 8.0 0.0
1434.001273204891 0.0 0.0 0.0 1.0 0.0 0.0 8.0 0.0
1435.001273204891 0.0 0.0 0.0 1.0 0.0 0.0 8.0 0.0
1436.001273204891 0.0 0.0 0.0 1.0 0.0 0.0 8.0 0.0
1437.000825468519 0.0 0.0 0.0 1.0 0.0 0.0 8.0 0.0
1438.001273204891 0.0 0.0 0.0 1.0 0.0 0.0 8.0 0.0
1439.001273204891 0.0 0.0 0.0 1.0 0.0 0.0 8.0 0.0
1440.001273204891 0.0 0.0 0.0 1.0 0.0 0.0 8.0 0.0
1441.0002131953693 0.0 0.0 0.0 1.0 0.0 0.0 8.0 0.0
1442.001273204891 0.0 0.0 0.0 1.0 0.0 0.0 8.0 0.0
1443.001273204891 0.0 0.0 0.0 1.0 0.0 0.0 8.0 0.0
1444.0011174745587 0.0 0.0 0.0 1.0 0.0 0.0 8.0 0.0
1445.001273204891 0.0 0.0 0.0 1.0 0.0 0.0 8.0 0.0
1446.001273204891 0.0 0.0 0.0 1.0 0.0 0.0 8.0 0.0
1447.001273204891 0.0 0.0 0.0 1.0 0.0 0.0 8.0 0.0
1448.001273204891 0.0 0.0 0.0 1.0 0.0 0.0 8.0 0.0
1449.001273204891 0.0 0.0 0.0 1.0 0.0 0.0 8.0 0.0
1450.001273204891 0.0 0.0 0.0 1.0 0.0 0.0 8.0 0.0
1451.001273204891 0.0 0.0 0.0 1.0 0.0 0.0 8.0 0.0
1452.001273204891 0.0 0.0 0.0 1.0 0.0 0.0 8.0 0.0
1453.001273204891 0.0 0.0 0.0 1.0 0.0 0.0 8.0 0.0
1454.001273204891 0.0 0.0 0.0 1.0 0.0 0.0 8.0 0.0
1455.001273204891 0.0 0.0 0.0 1.0 0.0 0.0 8.0 0.0
1456.001273204891 0.0 0.0 0.0 1.0 0.0 0.0 8.0 0.0
1457.001273204891 0.0 0.0 0.0 1.0 0.0 0.0 8.0 0.0
1458.001273204891 0.0 0.0 0.0 1.0 0.0 0.0 8.0 0.0
1459.001273204891 0.0 0.0 0.0 1.0 0.0 0.0 8.0 0.0
1460.001273204891 0.0 0.0 0.0 1.0 0.0 0.0 8.0 0.0
1461.001273204891 0.0 0.0 0.0 1.0 0.0 0.0 8.0 0.0
1462.001273204891 0.0 0.0 0.0 1.0 0.0 0.0 8.0 0.0
1463.0001734941661 0.0 0.0 0.0 1.0 0.0 0.0 8.0 0.0
1464.0000080899208 0.0 0.0 0.0 1.0 0.0 0.0 8.0 0.0
1465.001273204891 0.0 0.0 0.0 1.0 0.0 0.0 8.0 0.0
1466.001273204891 0.0 0.0 0.0 1.0 0.0 0.0 8.0 0.0
1467.001273204891 0.0 0.0 0.0 1.0 0.0 0.0 8.0 0.0
1468.001273204891 0.0 0.0 0.0 1.0 0.0 0.0 8.0 0.0
1469.0003517990785 0.0 0.0 0.0 1.0 0.0 0.0 8.0 0.0
1470.001273204891 0.0 0.0 0.0 1.0 0.0 0.0 8.0 0.0
1471.001273204891 0.0 0.0 0.0 1.0 0.0 0.0 8.0 0.0
1472.0003970850585 0.0 0.0 0.0 1.0 0.0 0.0 8.0 0.0
1473.0005115719605 0.0 0.0 0.0 1.0 0.0 0.0 8.0 0.0
1474.001273204891 0.0 0.0 0.0 1.0 0.0 0.0 8.0 0.0
1475.001273204891 0.0 0.0 0.0 1.0 0.0 0.0 8.0 0.0
1476.001273204891 0.0 0.0 0.0 1.0 0.0 0.0 8.0 0.0
1477.001273204891 0.0 0.0 0.0 1.0 0.0 0.0 8.0 0.0
1478.001273204891 0.0 0.0 0.0 1.0 0.0 0.0 8.0 0.0
1479.001273204891 0.0 0.0 0.0 1.0 0.0 0.0 8.0 0.0
1480.001273204891 0.0 0.0 0.0 1.0 0.0 0.0 8.0 0.0
1481.001273204891 0.0 0.0 0.0 1.0 0.0 0.0 8.0 0.0
1482.0010934322759 0.0 0.0 0.0 1.0 0.0 0.0 8.0 0.0
1483.001273204891 0.0 0.0 0.0 1.0 0.0 0.0 8.0 0.0
1484.001273204891 0.0 0.0 0.0 1.0 0.0 0.0 8.0 0.0
1485.001273204891 0.0 0.0 0.0 1.0 0.0 0.0 8.0 0.0
1486.0005522304596 0.0 0.0 0.0 1.0 0.0 0.0 8.0 0.0
1487.001273204891 0.0 0.0 0.0 1.0 0.0 0.0 8.0 0.0
1488.001273204891 0.0 0.0 0.0 1.0 0.0 0.0 8.0 0.0
1489.001273204891 0.0 0.0 0.0 1.0 0.0 0.0 8.0 0.0
1490.001273204891 0.0 0.0 0.0 1.0 0.0 0.0 8.0 0.0
1491.001273204891 0.0 0.0 0.0 1.0 0.0 0.0 8.0 0.0
1492.001273204891 0.0 0.0 0.0 1.0 0.0 0.0 8.0 0.0
1493.0009579999155 0.0 0.0 0.0 1.0 0.0 0.0 8.0 0.0
1494.000456497513 0.0 0.0 0.0 1.0 0.0 0.0 8.0 0.0
1495.001273204891 0.0 0.0 0.0 1.0 0.0 0.0 8.0 0.0
1496.001273204891 0.0 0.0 0.0 1.0 0.0 0.0 8.0 0.0
1497.001273204891 0.0 0.0 0.0 1.0 0.0 0.0 8.0 0.0
1498.001273204891 0.0 0.0 0.0 1.0 0.0 0.0 8.0 0.0
1499.001273204891 0.0 0.0 0.0 1.0 0.0 0.0 8.0 0.0
1500.0000443668177 0.0 0.0 0.0 1.0 0.0 0.0 8.0 0.0
1501.0002478761314 0.0 0.0 0.0 1.0 0.0 0.0 8.0 0.0
1502.001273204891 0.0 0.0 0.0 1.0 0.0 0.0 8.0 0.0
1503.001273204891 0.0 0.0 0.0 1.0 0.0 0.0 8.0 0.0
1504.001273204891 0.0 0.0 0.0 1.0 0.0 0.0 8.0 0.0
1505.001273204891 0.0 0.0 0.0 1.0 0.0 0.0 8.0 0.0
1506.001273204891 0.0 0.0 0.0 1.0 0.0 0.0 8.0 0.0
1507.001273204891 0.0 0.0 0.0 1.0 0.0 0.0 8.0 0.0
1508.001273204891 0.0 0.0 0.0 1.0 0.0 0.0 8.0 0.0
1509.0002056802577 0.0 0.0 0.0 1.0 0.0 0.0 8.0 0.0
1510.001273204891 0.0 0.0 0.0 1.0 0.0 0.0 8.0 0.0
1511.0008072192338 0.0 0.0 0.0 1.0 0.0 0.0 8.0 0.0
1512.000400306626 0.0 0.0 0.0 1.0 0.0 0.0 8.0 0.0
1513.001273204891 0.0 0.0 0.0 1.0 0.0 0.0 8.0 0.0
1514.001273204891 0.0 0.0 0.0 1.0 0.0 0.0 8.0 0.0
1515.001273204891 0.0 0.0 0.0 1.0 0.0 0.0 8.0 0.0
1516.0007217969794 0.0 0.0 0.0 1.0 0.0 0.0 8.0 0.0
1517.001273204891 0.0 0.0 0.0 1.0 0.0 0.0 8.0 0.0
1518.001273204891 0.0 0.0 0.0 1.0 0.0 0.0 8.0 0.0
1519.001273204891 0.0 0.0 0.0 1.0 0.0 0.0 8.0 0.0
1520.001273204891 0.0 0.0 0.0 1.0 0.0 0.0 8.0 0.0
1521.0010122497429 0.0 0.0 0.0 1.0 0.0 0.0 8.0 0.0
1522.001273204891 0.0 0.0 0.0 1.0 0.0 0.0 8.0 0.0
1523.001273204891 0.0 0.0 0.0 1.0 0.0 0.0 8.0 0.0
1524.001273204891 0.0 0.0 0.0 1.0 0.0 0.0 8.0 0.0
1525.000273836588 0.0 0.0 0.0 1.0 0.0 0.0 8.0 0.0
1526.001273204891 0.0 0.0 0.0 1.0 0.0 0.0 8.0 0.0
1527.001273204891 0.0 0.0 0.0 1.0 0.0 0.0 8.0 0.0
1528.001273204891 0.0 0.0 0.0 1.0 0.0 0.0 8.0 0.0
1529.0000654120336 0.0 0.0 0.0 1.0 0.0 0.0 8.0 0.0
1530.001273204891 0.0 0.0 0.0 1.0 0.0 0.0 8.0 0.0
1531.001273204891 0.0 0.0 0.0 1.0 0.0 0.0 8.0 0.0
1532.001273204891 0.0 0.0 0.0 1.0 0.0 0.0 8.0 0.0
1533.001273204891 0.0 0.0 0.0 1.0 0.0 0.0 8.0 0.0
1534.001273204891 0.0 0.0 0.0 1.0 0.0 0.0 8.0 0.0
1535.001273204891 0.0 0.0 0.0 1.0 0.0 0.0 8.0 0.0
1536.0004160302221 0.0 0.0 0.0 1.0 0.0 0.0 8.0 0.0
1537.001273204891 0.0 0.0 0.0 1.0 0.0 0.0 8.0 0.0
1538.001273204891 0.0 0.0 0.0 1.0 0.0 0.0 8.0 0.0
1539.0000967221658 0.0 0.0 0.0 1.0 0.0 0.0 8.0 0.0
1540.001273204891 0.0 0.0 0.0 1.0 0.0 0.0 8.0 0.0
1541.001273204891 0.0 0.0 0.0 1.0 0.0 0.0 8.0 0.0
1542.001273204891 0.0 0.0 0.0 1.0 0.0 0.0 8.0 0.0
1543.001273204891 0.0 0.0 0.0 1.0 0.0 0.0 8.0 0.0
1544.001273204891 0.0 0.0 0.0 1.0 0.0 0.0 8.0 0.0
1545.001273204891 0.0 0.0 0.0 1.0 0.0 0.0 8.0 0.0
1546.001273204891 0.0 0.0 0.0 1.0 0.0 0.0 8.0 0.0
1547.001273204891 0.0 0.0 0.0 1.0 0.0 0.0 8.0 0.0
1548.0003353472985 0.0 0.0 0.0 1.0 0.0 0.0 8.0 0.0
1549.001273204891 0.0 0.0 0.0 1.0 0.0 0.0 8.0 0.0
1550.001273204891 0.0 0.0 0.0 1.0 0.0 0.0 8.0 0.0
1551.0000025326162 0.0 0.0 0.0 1.0 0.0 0.0 8.0 0.0
1552.001273204891 0.0 0.0 0.0 1.0 0.0 0.0 8.0 0.0
1553.001273204891 0.0 0.0 0.0 1.0 0.0 0.0 8.0 0.0
1554.001273204891 0.0 0.0 0.0 1.0 0.0 0.0 8.0 0.0
1555.0008668834012 0.0 0.0 0.0 1.0 0.0 0.0 8.0 0.0
1556.001273204891 0.0 0.0 0.0 1.0 0.0 0.0 8.0 0.0
1557.001273204891 0.0 0.0 0.0 1.0 0.0 0.0 8.0 0.0
1558.0012459688726 0.0 0.0 0.0 1.0 0.0 0.0 8.0 0.0
1559.0005151580597 0.0 0.0 0.0 1.0 0.0 0.0 8.0 0.0
1560.001273204891 0.0 0.0 0.0 1.0 0.0 0.0 8.0 0.0
1561.001273204891 0.0 0.0 0.0 1.0 0.0 0.0 8.0 0.0
1562.001273204891 0.0 0.0 0.0 1.0 0.0 0.0 8.0 0.0
1563.001273204891 0.0 0.0 0.0 1.0 0.0 0.0 8.0 0.0
1564.0004070232317 0.0 0.0 0.0 1.0 0.0 0.0 8.0 0.0
1565.001273204891 0.0 0.0 0.0 1.0 0.0 0.0 8.0 0.0
1566.001273204891 0.0 0.0 0.0 1.0 0.0 0.0 8.0 0.0
1567.001273204891 0.0 0.0 0.0 1.0 0.0 0.0 8.0 0.0
1568.001273204891 0.0 0.0 0.0 1.0 0.0 0.0 8.0 0.0
1569.001273204891 0.0 0.0 0.0 1.0 0.0 0.0 8.0 0.0
1570.001082126636 0.0 0.0 0.0 1.0 0.0 0.0 8.0 0.0
1571.000346557352 0.0 0.0 0.0 1.0 0.0 0.0 8.0 0.0
1572.001273204891 0.0 0.0 0.0 1.0 0.0 0.0 8.0 0.0
1573.001273204891 0.0 0.0 0.0 1.0 0.0 0.0 8.0 0.0
1574.000678998251 0.0 0.0 0.0 1.0 0.0 0.0 8.0 0.0
1575.001273204891 0.0 0.0 0.0 1.0 0.0 0.0 8.0 0.0
1576.001273204891 0.0 0.0 0.0 1.0 0.0 0.0 8.0 0.0
1577.001273204891 0.0 0.0 0.0 1.0 0.0 0.0 8.0 0.0
1578.0004121067984 0.0 0.0 0.0 1.0 0.0 0.0 8.0 0.0
1579.001273204891 0.0 0.0 0.0 1.0 0.0 0.0 8.0 0.0
1580.001273204891 0.0 0.0 0.0 1.0 0.0 0.0 8.0 0.0
1581.001273204891 0.0 0.0 0.0 1.0 0.0 0.0 8.0 0.0
1582.001273204891 0.0 0.0 0.0 1.0 0.0 0.0 8.0 0.0
1583.001273204891 0.0 0.0 0.0 1.0 0.0 0.0 8.0 0.0
1584.001273204891 0.0 0.0 0.0 1.0 0.0 0.0 8.0 0.0
1585.001273204891 0.0 0.0 0.0 1.0 0.0 0.0 8.0 0.0
1586.001273204891 0.0 0.0 0.0 1.0 0.0 0.0 8.0 0.0
1587.0004349503401 0.0 0.0 0.0 1.0 0.0 0.0 8.0 0.0
1588.001273204891 0.0 0.0 0.0 1.0 0.0 0.0 8.0 0.0
1589.001273204891 0.0 0.0 0.0 1.0 0.0 0.0 8.0 0.0
1590.001273204891 0.0 0.0 0.0 1.0 0.0 0.0 8.0 0.0
1591.001273204891 0.0 0.0 0.0 1.0 0.0 0.0 8.0 0.0
1592.001273204891 0.0 0.0 0.0 1.0 0.0 0.0 8.0 0.0
1593.001273204891 0.0 0.0 0.0 1.0 0.0 0.0 8.0 0.0
1594.000906884013 0.0 0.0 0.0 1.0 0.0 0.0 8.0 0.0
1595.000017419091 0.0 0.0 0.0 1.0 0.0 0.0 8.0 0.0
1596.001273204891 0.0 0.0 0.0 1.0 0.0 0.0 8.0 0.0
1597.0006843265435 0.0 0.0 0.0 1.0 0.0 0.0 8.0 0.0
1598.001273204891 0.0 0.0 0.0 1.0 0.0 0.0 8.0 0.0
1599.001273204891 0.0 0.0 0.0 1.0 0.0 0.0 8.0 0.0
1600.0005771966003 0.0 0.0 0.0 1.0 0.0 0.0 8.0 0.0
1601.001273204891 0.0 0.0 0.0 1.0 0.0 0.0 8.0 0.0
1602.001273204891 0.0 0.0 0.0 1.0 0.0 0.0 8.0 0.0
1603.001273204891 0.0 0.0 0.0 1.0 0.0 0.0 8.0 0.0
1604.001273204891 0.0 0.0 0.0 1.0 0.0 0.0 8.0 0.0
1605.001273204891 0.0 0.0 0.0 1.0 0.0 0.0 8.0 0.0
1606.0009841461365 0.0 0.0 0.0 1.0 0.0 0.0 8.0 0.0
1607.001273204891 0.0 0.0 0.0 1.0 0.0 0.0 8.0 0.0
1608.0011977933589 0.0 0.0 0.0 1.0 0.0 0.0 8.0 0.0
1609.001273204891 0.0 0.0 0.0 1.0 0.0 0.0 8.0 0.0
1610.001273204891 0.0 0.0 0.0 1.0 0.0 0.0 8.0 0.0
1611.001273204891 0.0 0.0 0.0 1.0 0.0 0.0 8.0 0.0
1612.0007649286151 0.0 0.0 0.0 1.0 0.0 0.0 8.0 0.0
1613.001273204891 0.0 0.0 0.0 1.0 0.0 0.0 8.0 0.0
1614.001273204891 0.0 0.0 0.0 1.0 0.0 0.0 8.0 0.0
1615.001273204891 0.0 0.0 0.0 1.0 0.0 0.0 8.0 0.0
1616.001273204891 0.0 0.0 0.0 1.0 0.0 0.0 8.0 0.0
1617.001273204891 0.0 0.0 0.0 1.0 0.0 0.0 8.0 0.0
1618.001273204891 0.0 0.0 0.0 1.0 0.0 0.0 8.0 0.0
1619.001273204891 0.0 0.0 0.0 1.0 0.0 0.0 8.0 0.0
1620.001273204891 0.0 0.0 0.0 1.0 0.0 0.0 8.0 0.0
1621.001273204891 0.0 0.0 0.0 1.0 0.0 0.0 8.0 0.0
1622.001273204891 0.0 0.0 0.0 1.0 0.0 0.0 8.0 0.0
1623.001273204891 0.0 0.0 0.0 1.0 0.0 0.0 8.0 0.0
1624.001273204891 0.0 0.0 0.0 1.0 0.0 0.0 8.0 0.0
1625.001273204891 0.0 0.0 0.0 1.0 0.0 0.0 8.0 0.0
1626.001273204891 0.0 0.0 0.0 1.0 0.0 0.0 8.0 0.0
1627.0005700031868 0.0 0.0 0.0 1.0 0.0 0.0 8.0 0.0
1628.001273204891 0.0 0.0 0.0 1.0 0.0 0.0 8.0 0.0
1629.001273204891 0.0 0.0 0.0 1.0 0.0 0.0 8.0 0.0
1630.001273204891 0.0 0.0 0.0 1.0 0.0 0.0 8.0 0.0
1631.001273204891 0.0 0.0 0.0 1.0 0.0 0.0 8.0 0.0
1632.001273204891 0.0 0.0 0.0 1.0 0.0 0.0 8.0 0.0
1633.001273204891 0.0 0.0 0.0 1.0 0.0 0.0 8.0 0.0
1634.001273204891 0.0 0.0 0.0 1.0 0.0 0.0 8.0 0.0
1635.001273204891 0.0 0.0 0.0 1.0 0.0 0.0 8.0 0.0
1636.001273204891 0.0 0.0 0.0 1.0 0.0 0.0 8.0 0.0
1637.001273204891 0.0 0.0 0.0 1.0 0.0 0.0 8.0 0.0
1638.000194509376 0.0 0.0 0.0 1.0 0.0 0.0 8.0 0.0
1639.001273204891 0.0 0.0 0.0 1.0 0.0 0.0 8.0 0.0
1640.001273204891 0.0 0.0 0.0 1.0 0.0 0.0 8.0 0.0
1641.001273204891 0.0 0.0 0.0 1.0 0.0 0.0 8.0 0.0
1642.001273204891 0.0 0.0 0.0 1.0 0.0 0.0 8.0 0.0
1643.001273204891 0.0 0.0 0.0 1.0 0.0 0.0 8.0 0.0
1644.001273204891 0.0 0.0 0.0 1.0 0.0 0.0 8.0 0.0
1645.001273204891 0.0 0.0 0.0 1.0 0.0 0.0 8.0 0.0
1646.001273204891 0.0 0.0 0.0 1.0 0.0 0.0 8.0 0.0
1647.001273204891 0.0 0.0 0.0 1.0 0.0 0.0 8.0 0.0
1648.001273204891 0.0 0.0 0.0 1.0 0.0 0.0 8.0 0.0
1649.001273204891 0.0 0.0 0.0 1.0 0.0 0.0 8.0 0.0
1650.001273204891 0.0 0.0 0.0 1.0 0.0 0.0 8.0 0.0
1651.001273204891 0.0 0.0 0.0 1.0 0.0 0.0 8.0 0.0
1652.001273204891 0.0 0.0 0.0 1.0 0.0 0.0 8.0 0.0
1653.0002418447007 0.0 0.0 0.0 1.0 0.0 0.0 8.0 0.0
1654.001273204891 0.0 0.0 0.0 1.0 0.0 0.0 8.0 0.0
1655.001273204891 0.0 0.0 0.0 1.0 0.0 0.0 8.0 0.0
1656.001273204891 0.0 0.0 0.0 1.0 0.0 0.0 8.0 0.0
1657.001101070299 0.0 0.0 0.0 1.0 0.0 0.0 8.0 0.0
1658.001273204891 0.0 0.0 0.0 1.0 0.0 0.0 8.0 0.0
1659.001273204891 0.0 0.0 0.0 1.0 0.0 0.0 8.0 0.0
1660.001273204891 0.0 0.0 0.0 1.0 0.0 0.0 8.0 0.0
1661.001273204891 0.0 0.0 0.0 1.0 0.0 0.0 8.0 0.0
1662.001273204891 0.0 0.0 0.0 1.0 0.0 0.0 8.0 0.0
1663.001273204891 0.0 0.0 0.0 1.0 0.0 0.0 8.0 0.0
1664.0002318844686 0.0 0.0 0.0 1.0 0.0 0.0 8.0 0.0
1665.001273204891 0.0 0.0 0.0 1.0 0.0 0.0 8.0 0.0
1666.001273204891 0.0 0.0 0.0 1.0 0.0 0.0 8.0 0.0
1667.001273204891 0.0 0.0 0.0 1.0 0.0 0.0 8.0 0.0
1668.001273204891 0.0 0.0 0.0 1.0 0.0 0.0 8.0 0.0
1669.001273204891 0.0 0.0 0.0 1.0 0.0 0.0 8.0 0.0
1670.0007986922687 0.0 0.0 0.0 1.0 0.0 0.0 8.0 0.0
1671.0004221295087 0.0 0.0 0.0 1.0 0.0 0.0 8.0 0.0
1672.0011640106957 0.0 0.0 0.0 1.0 0.0 0.0 8.0 0.0
1673.0002917554345 0.0 0.0 0.0 1.0 0.0 0.0 8.0 0.0
1674.001273204891 0.0 0.0 0.0 1.0 0.0 0.0 8.0 0.0
1675.001273204891 0.0 0.0 0.0 1.0 0.0 0.0 8.0 0.0
1676.001273204891 0.0 0.0 0.0 1.0 0.0 0.0 8.0 0.0
1677.001273204891 0.0 0.0 0.0 1.0 0.0 0.0 8.0 0.0
1678.001273204891 0.0 0.0 0.0 1.0 0.0 0.0 8.0 0.0
1679.001273204891 0.0 0.0 0.0 1.0 0.0 0.0 8.0 0.0
1680.001273204891 0.0 0.0 0.0 1.0 0.0 0.0 8.0 0.0
1681.001273204891 0.0 0.0 0.0 1.0 0.0 0.0 8.0 0.0
1682.001273204891 0.0 0.0 0.0 1.0 0.0 0.0 8.0 0.0
1683.001273204891 0.0 0.0 0.0 1.0 0.0 0.0 8.0 0.0
1684.0002792877006 0.0 0.0 0.0 1.0 0.0 0.0 8.0 0.0
1685.001273204891 0.0 0.0 0.0 1.0 0.0 0.0 8.0 0.0
1686.001273204891 0.0 0.0 0.0 1.0 0.0 0.0 8.0 0.0
1687.000826290792 0.0 0.0 0.0 1.0 0.0 0.0 8.0 0.0
1688.001273204891 0.0 0.0 0.0 1.0 0.0 0.0 8.0 0.0
1689.001273204891 0.0 0.0 0.0 1.0 0.0 0.0 8.0 0.0
1690.001273204891 0.0 0.0 0.0 1.0 0.0 0.0 8.0 0.0
1691.001273204891 0.0 0.0 0.0 1.0 0.0 0.0 8.0 0.0
1692.001273204891 0.0 0.0 0.0 1.0 0.0 0.0 8.0 0.0
1693.001273204891 0.0 0.0 0.0 1.0 0.0 0.0 8.0 0.0
1694.001273204891 0.0 0.0 0.0 1.0 0.0 0.0 8.0 0.0
1695.001273204891 0.0 0.0 0.0 1.0 0.0 0.0 8.0 0.0
1696.001273204891 0.0 0.0 0.0 1.0 0.0 0.0 8.0 0.0
1697.0005663267161 0.0 0.0 0.0 1.0 0.0 0.0 8.0 0.0
1698.0001878012974 0.0 0.0 0.0 1.0 0.0 0.0 8.0 0.0
1699.001273204891 0.0 0.0 0.0 1.0 0.0 0.0 8.0 0.0
1700.001273204891 0.0 0.0 0.0 1.0 0.0 0.0 8.0 0.0
1701.001273204891 0.0 0.0 0.0 1.0 0.0 0.0 8.0 0.0
1702.001273204891 0.0 0.0 0.0 1.0 0.0 0.0 8.0 0.0
1703.00120886374 0.0 0.0 0.0 1.0 0.0 0.0 8.0 0.0
1704.001273204891 0.0 0.0 0.0 1.0 0.0 0.0 8.0 0.0
1705.001273204891 0.0 0.0 0.0 1.0 0.0 0.0 8.0 0.0
1706.001273204891 0.0 0.0 0.0 1.0 0.0 0.0 8.0 0.0
1707.001273204891 0.0 0.0 0.0 1.0 0.0 0.0 8.0 0.0
1708.001273204891 0.0 0.0 0.0 1.0 0.0 0.0 8.0 0.0
1709.001273204891 0.0 0.0 0.0 1.0 0.0 0.0 8.0 0.0
1710.001273204891 0.0 0.0 0.0 1.0 0.0 0.0 8.0 0.0
1711.001273204891 0.0 0.0 0.0 1.0 0.0 0.0 8.0 0.0
1712.001273204891 0.0 0.0 0.0 1.0 0.0 0.0 8.0 0.0
1713.001273204891 0.0 0.0 0.0 1.0 0.0 0.0 8.0 0.0
1714.001273204891 0.0 0.0 0.0 1.0 0.0 0.0 8.0 0.0
1715.001273204891 0.0 0.0 0.0 1.0 0.0 0.0 8.0 0.0
1716.001224336444 0.0 0.0 0.0 1.0 0.0 0.0 8.0 0.0
1717.001273204891 0.0 0.0 0.0 1.0 0.0 0.0 8.0 0.0
1718.001273204891 0.0 0.0 0.0 1.0 0.0 0.0 8.0 0.0
1719.001273204891 0.0 0.0 0.0 1.0 0.0 0.0 8.0 0.0
1720.001273204891 0.0 0.0 0.0 1.0 0.0 0.0 8.0 0.0
1721.001273204891 0.0 0.0 0.0 1.0 0.0 0.0 8.0 0.0
1722.001273204891 0.0 0.0 0.0 1.0 0.0 0.0 8.0 0.0
1723.0000913892475 0.0 0.0 0.0 1.0 0.0 0.0 8.0 0.0
1724.001273204891 0.0 0.0 0.0 1.0 0.0 0.0 8.0 0.0
1725.001273204891 0.0 0.0 0.0 1.0 0.0 0.0 8.0 0.0
1726.001273204891 0.0 0.0 0.0 1.0 0.0 0.0 8.0 0.0
1727.001273204891 0.0 0.0 0.0 1.0 0.0 0.0 8.0 0.0
1728.001273204891 0.0 0.0 0.0 1.0 0.0 0.0 8.0 0.0
1729.001273204891 0.0 0.0 0.0 1.0 0.0 0.0 8.0 0.0
1730.001273204891 0.0 0.0 0.0 1.0 0.0 0.0 8.0 0.0
1731.001273204891 0.0 0.0 0.0 1.0 0.0 0.0 8.0 0.0
1732.001273204891 0.0 0.0 0.0 1.0 0.0 0.0 8.0 0.0
1733.001273204891 0.0 0.0 0.0 1.0 0.0 0.0 8.0 0.0
1734.001273204891 0.0 0.0 0.0 1.0 0.0 0.0 8.0 0.0
1735.001273204891 0.0 0.0 0.0 1.0 0.0 0.0 8.0 0.0
1736.001273204891 0.0 0.0 0.0 1.0 0.0 0.0 8.0 0.0
1737.001273204891 0.0 0.0 0.0 1.0 0.0 0.0 8.0 0.0
1738.001273204891 0.0 0.0 0.0 1.0 0.0 0.0 8.0 0.0
1739.001273204891 0.0 0.0 0.0 1.0 0.0 0.0 8.0 0.0
1740.001273204891 0.0 0.0 0.0 1.0 0.0 0.0 8.0 0.0
1741.001027211146 0.0 0.0 0.0 1.0 0.0 0.0 8.0 0.0
1742.001273204891 0.0 0.0 0.0 1.0 0.0 0.0 8.0 0.0
1743.001273204891 0.0 0.0 0.0 1.0 0.0 0.0 8.0 0.0
1744.001273204891 0.0 0.0 0.0 1.0 0.0 0.0 8.0 0.0
1745.001273204891 0.0 0.0 0.0 1.0 0.0 0.0 8.0 0.0
1746.001273204891 0.0 0.0 0.0 1.0 0.0 0.0 8.0 0.0
1747.001273204891 0.0 0.0 0.0 1.0 0.0 0.0 8.0 0.0
1748.001273204891 0.0 0.0 0.0 1.0 0.0 0.0 8.0 0.0
1749.001273204891 0.0 0.0 0.0 1.0 0.0 0.0 8.0 0.0
1750.0003565121326 0.0 0.0 0.0 1.0 0.0 0.0 8.0 0.0
1751.001273204891 0.0 0.0 0.0 1.0 0.0 0.0 8.0 0.0
1752.0003281674392 0.0 0.0 0.0 1.0 0.0 0.0 8.0 0.0
1753.001273204891 0.0 0.0 0.0 1.0 0.0 0.0 8.0 0.0
1754.0002583415467 0.0 0.0 0.0 1.0 0.0 0.0 8.0 0.0
1755.001273204891 0.0 0.0 0.0 1.0 0.0 0.0 8.0 0.0
1756.001273204891 0.0 0.0 0.0 1.0 0.0 0.0 8.0 0.0
1757.001273204891 0.0 0.0 0.0 1.0 0.0 0.0 8.0 0.0
1758.001102080677 0.0 0.0 0.0 1.0 0.0 0.0 8.0 0.0
1759.001273204891 0.0 0.0 0.0 1.0 0.0 0.0 8.0 0.0
1760.001273204891 0.0 0.0 0.0 1.0 0.0 0.0 8.0 0.0
1761.001273204891 0.0 0.0 0.0 1.0 0.0 0.0 8.0 0.0
1762.001273204891 0.0 0.0 0.0 1.0 0.0 0.0 8.0 0.0
1763.001273204891 0.0 0.0 0.0 1.0 0.0 0.0 8.0 0.0
1764.001273204891 0.0 0.0 0.0 1.0 0.0 0.0 8.0 0.0
1765.001273204891 0.0 0.0 0.0 1.0 0.0 0.0 8.0 0.0
1766.001273204891 0.0 0.0 0.0 1.0 0.0 0.0 8.0 0.0
1767.001273204891 0.0 0.0 0.0 1.0 0.0 0.0 8.0 0.0
1768.001273204891 0.0 0.0 0.0 1.0 0.0 0.0 8.0 0.0
1769.001273204891 0.0 0.0 0.0 1.0 0.0 0.0 8.0 0.0
1770.001273204891 0.0 0.0 0.0 1.0 0.0 0.0 8.0 0.0
1771.0008334385498 0.0 0.0 0.0 1.0 0.0 0.0 8.0 0.0
1772.0011665582067 0.0 0.0 0.0 1.0 0.0 0.0 8.0 0.0
1773.0004035832796 0.0 0.0 0.0 1.0 0.0 0.0 8.0 0.0
1774.001273204891 0.0 0.0 0.0 1.0 0.0 0.0 8.0 0.0
1775.001273204891 0.0 0.0 0.0 1.0 0.0 0.0 8.0 0.0
1776.001273204891 0.0 0.0 0.0 1.0 0.0 0.0 8.0 0.0
1777.001273204891 0.0 0.0 0.0 1.0 0.0 0.0 8.0 0.0
1778.001273204891 0.0 0.0 0.0 1.0 0.0 0.0 8.0 0.0
1779.001273204891 0.0 0.0 0.0 1.0 0.0 0.0 8.0 0.0
1780.0010362799167 0.0 0.0 0.0 1.0 0.0 0.0 8.0 0.0
1781.0004200471283 0.0 0.0 0.0 1.0 0.0 0.0 8.0 0.0
1782.001273204891 0.0 0.0 0.0 1.0 0.0 0.0 8.0 0.0
1783.001273204891 0.0 0.0 0.0 1.0 0.0 0.0 8.0 0.0
1784.001273204891 0.0 0.0 0.0 1.0 0.0 0.0 8.0 0.0
1785.001273204891 0.0 0.0 0.0 1.0 0.0 0.0 8.0 0.0
1786.001273204891 0.0 0.0 0.0 1.0 0.0 0.0 8.0 0.0
1787.001273204891 0.0 0.0 0.0 1.0 0.0 0.0 8.0 0.0
1788.001273204891 0.0 0.0 0.0 1.0 0.0 0.0 8.0 0.0
1789.001273204891 0.0 0.0 0.0 1.0 0.0 0.0 8.0 0.0
1790.000213678245 0.0 0.0 0.0 1.0 0.0 0.0 8.0 0.0
1791.0001288307217 0.0 0.0 0.0 1.0 0.0 0.0 8.0 0.0
1792.001273204891 0.0 0.0 0.0 1.0 0.0 0.0 8.0 0.0
1793.0007726871454 0.0 0.0 0.0 1.0 0.0 0.0 8.0 0.0
1794.001273204891 0.0 0.0 0.0 1.0 0.0 0.0 8.0 0.0
1795.001273204891 0.0 0.0 0.0 1.0 0.0 0.0 8.0 0.0
1796.001273204891 0.0 0.0 0.0 1.0 0.0 0.0 8.0 0.0
1797.001273204891 0.0 0.0 0.0 1.0 0.0 0.0 8.0 0.0
1798.001273204891 0.0 0.0 0.0 1.0 0.0 0.0 8.0 0.0
1799.001273204891 0.0 0.0 0.0 1.0 0.0 0.0 8.0 0.0
1800.0006862294547 0.0 0.0 0.0 1.0 0.0 0.0 8.0 0.0
1801.001273204891 0.0 0.0 0.0 1.0 0.0 0.0 8.0 0.0
1802.001273204891 0.0 0.0 0.0 1.0 0.0 0.0 8.0 0.0
1803.001273204891 0.0 0.0 0.0 1.0 0.0 0.0 8.0 0.0
1804.001273204891 0.0 0.0 0.0 1.0 0.0 0.0 8.0 0.0
1805.001273204891 0.0 0.0 0.0 1.0 0.0 0.0 8.0 0.0
1806.001273204891 0.0 0.0 0.0 1.0 0.0 0.0 8.0 0.0
1807.001273204891 0.0 0.0 0.0 1.0 0.0 0.0 8.0 0.0
1808.001273204891 0.0 0.0 0.0 1.0 0.0 0.0 8.0 0.0
1809.001273204891 0.0 0.0 0.0 1.0 0.0 0.0 8.0 0.0
1810.001249312052 0.0 0.0 0.0 1.0 0.0 0.0 8.0 0.0
1811.001273204891 0.0 0.0 0.0 1.0 0.0 0.0 8.0 0.0
1812.001273204891 0.0 0.0 0.0 1.0 0.0 0.0 8.0 0.0
1813.001273204891 0.0 0.0 0.0 1.0 0.0 0.0 8.0 0.0
1814.001273204891 0.0 0.0 0.0 1.0 0.0 0.0 8.0 0.0
1815.001273204891 0.0 0.0 0.0 1.0 0.0 0.0 8.0 0.0
1816.0002579121028 0.0 0.0 0.0 1.0 0.0 0.0 8.0 0.0
1817.001273204891 0.0 0.0 0.0 1.0 0.0 0.0 8.0 0.0
1818.001273204891 0.0 0.0 0.0 1.0 0.0 0.0 8.0 0.0
1819.001273204891 0.0 0.0 0.0 1.0 0.0 0.0 8.0 0.0
1820.001273204891 0.0 0.0 0.0 1.0 0.0 0.0 8.0 0.0
1821.001273204891 0.0 0.0 0.0 1.0 0.0 0.0 8.0 0.0
1822.0002719536453 0.0 0.0 0.0 1.0 0.0 0.0 8.0 0.0
1823.0000029591952 0.0 0.0 0.0 1.0 0.0 0.0 8.0 0.0
1824.0010925269783 0.0 0.0 0.0 1.0 0.0 0.0 8.0 0.0
1825.001273204891 0.0 0.0 0.0 1.0 0.0 0.0 8.0 0.0
1826.001273204891 0.0 0.0 0.0 1.0 0.0 0.0 8.0 0.0
1827.001273204891 0.0 0.0 0.0 1.0 0.0 0.0 8.0 0.0
1828.001273204891 0.0 0.0 0.0 1.0 0.0 0.0 8.0 0.0
1829.001273204891 0.0 0.0 0.0 1.0 0.0 0.0 8.0 0.0
1830.001273204891 0.0 0.0 0.0 1.0 0.0 0.0 8.0 0.0
1831.001273204891 0.0 0.0 0.0 1.0 0.0 0.0 8.0 0.0
1832.001273204891 0.0 0.0 0.0 1.0 0.0 0.0 8.0 0.0
1833.001273204891 0.0 0.0 0.0 1.0 0.0 0.0 8.0 0.0
1834.001273204891 0.0 0.0 0.0 1.0 0.0 0.0 8.0 0.0
1835.001273204891 0.0 0.0 0.0 1.0 0.0 0.0 8.0 0.0
1836.0004594549341 0.0 0.0 0.0 1.0 0.0 0.0 8.0 0.0
1837.001273204891 0.0 0.0 0.0 1.0 0.0 0.0 8.0 0.0
1838.001273204891 0.0 0.0 0.0 1.0 0.0 0.0 8.0 0.0
1839.001273204891 0.0 0.0 0.0 1.0 0.0 0.0 8.0 0.0
1840.001273204891 0.0 0.0 0.0 1.0 0.0 0.0 8.0 0.0
1841.000050352907 0.0 0.0 0.0 1.0 0.0 0.0 8.0 0.0
1842.001273204891 0.0 0.0 0.0 1.0 0.0 0.0 8.0 0.0
1843.001273204891 0.0 0.0 0.0 1.0 0.0 0.0 8.0 0.0
1844.001273204891 0.0 0.0 0.0 1.0 0.0 0.0 8.0 0.0
1845.001273204891 0.0 0.0 0.0 1.0 0.0 0.0 8.0 0.0
1846.001273204891 0.0 0.0 0.0 1.0 0.0 0.0 8.0 0.0
1847.000848599315 0.0 0.0 0.0 1.0 0.0 0.0 8.0 0.0
1848.001273204891 0.0 0.0 0.0 1.0 0.0 0.0 8.0 0.0
1849.001273204891 0.0 0.0 0.0 1.0 0.0 0.0 8.0 0.0
1850.001273204891 0.0 0.0 0.0 1.0 0.0 0.0 8.0 0.0
1851.0011865483925 0.0 0.0 0.0 1.0 0.0 0.0 8.0 0.0
1852.001273204891 0.0 0.0 0.0 1.0 0.0 0.0 8.0 0.0
1853.001273204891 0.0 0.0 0.0 1.0 0.0 0.0 8.0 0.0
1854.001273204891 0.0 0.0 0.0 1.0 0.0 0.0 8.0 0.0
1855.001273204891 0.0 0.0 0.0 1.0 0.0 0.0 8.0 0.0
1856.001273204891 0.0 0.0 0.0 1.0 0.0 0.0 8.0 0.0
1857.001273204891 0.0 0.0 0.0 1.0 0.0 0.0 8.0 0.0
1858.001273204891 0.0 0.0 0.0 1.0 0.0 0.0 8.0 0.0
1859.001273204891 0.0 0.0 0.0 1.0 0.0 0.0 8.0 0.0
1860.001273204891 0.0 0.0 0.0 1.0 0.0 0.0 8.0 0.0
1861.001273204891 0.0 0.0 0.0 1.0 0.0 0.0 8.0 0.0
1862.001273204891 0.0 0.0 0.0 1.0 0.0 0.0 8.0 0.0
1863.001273204891 0.0 0.0 0.0 1.0 0.0 0.0 8.0 0.0
1864.001273204891 0.0 0.0 0.0 1.0 0.0 0.0 8.0 0.0
1865.001273204891 0.0 0.0 0.0 1.0 0.0 0.0 8.0 0.0
1866.0003143909607 0.0 0.0 0.0 1.0 0.0 0.0 8.0 0.0
1867.0012381348918 0.0 0.0 0.0 1.0 0.0 0.0 8.0 0.0
1868.001273204891 0.0 0.0 0.0 1.0 0.0 0.0 8.0 0.0
1869.001273204891 0.0 0.0 0.0 1.0 0.0 0.0 8.0 0.0
1870.001273204891 0.0 0.0 0.0 1.0 0.0 0.0 8.0 0.0
1871.001273204891 0.0 0.0 0.0 1.0 0.0 0.0 8.0 0.0
1872.001273204891 0.0 0.0 0.0 1.0 0.0 0.0 8.0 0.0
1873.001273204891 0.0 0.0 0.0 1.0 0.0 0.0 8.0 0.0
1874.001273204891 0.0 0.0 0.0 1.0 0.0 0.0 8.0 0.0
1875.001273204891 0.0 0.0 0.0 1.0 0.0 0.0 8.0 0.0
1876.001273204891 0.0 0.0 0.0 1.0 0.0 0.0 8.0 0.0
1877.001273204891 0.0 0.0 0.0 1.0 0.0 0.0 8.0 0.0
1878.001273204891 0.0 0.0 0.0 1.0 0.0 0.0 8.0 0.0
1879.0001010415378 0.0 0.0 0.0 1.0 0.0 0.0 8.0 0.0
1880.0008109495693 0.0 0.0 0.0 1.0 0.0 0.0 8.0 0.0
1881.001273204891 0.0 0.0 0.0 1.0 0.0 0.0 8.0 0.0
1882.001273204891 0.0 0.0 0.0 1.0 0.0 0.0 8.0 0.0
1883.0010046248558 0.0 0.0 0.0 1.0 0.0 0.0 8.0 0.0
1884.001273204891 0.0 0.0 0.0 1.0 0.0 0.0 8.0 0.0
1885.001273204891 0.0 0.0 0.0 1.0 0.0 0.0 8.0 0.0
1886.001273204891 0.0 0.0 0.0 1.0 0.0 0.0 8.0 0.0
1887.001273204891 0.0 0.0 0.0 1.0 0.0 0.0 8.0 0.0
1888.001273204891 0.0 0.0 0.0 1.0 0.0 0.0 8.0 0.0
1889.001273204891 0.0 0.0 0.0 1.0 0.0 0.0 8.0 0.0
1890.0011911685358 0.0 0.0 0.0 1.0 0.0 0.0 8.0 0.0
1891.0000450827476 0.0 0.0 0.0 1.0 0.0 0.0 8.0 0.0
1892.001273204891 0.0 0.0 0.0 1.0 0.0 0.0 8.0 0.0
1893.001273204891 0.0 0.0 0.0 1.0 0.0 0.0 8.0 0.0
1894.001273204891 0.0 0.0 0.0 1.0 0.0 0.0 8.0 0.0
1895.0009267628157 0.0 0.0 0.0 1.0 0.0 0.0 8.0 0.0
1896.0006805754435 0.0 0.0 0.0 1.0 0.0 0.0 8.0 0.0
1897.001273204891 0.0 0.0 0.0 1.0 0.0 0.0 8.0 0.0
1898.001273204891 0.0 0.0 0.0 1.0 0.0 0.0 8.0 0.0
1899.001273204891 0.0 0.0 0.0 1.0 0.0 0.0 8.0 0.0
1900.001273204891 0.0 0.0 0.0 1.0 0.0 0.0 8.0 0.0
1901.001273204891 0.0 0.0 0.0 1.0 0.0 0.0 8.0 0.0
1902.0011884994715 0.0 0.0 0.0 1.0 0.0 0.0 8.0 0.0
1903.001273204891 0.0 0.0 0.0 1.0 0.0 0.0 8.0 0.0
1904.001273204891 0.0 0.0 0.0 1.0 0.0 0.0 8.0 0.0
1905.001273204891 0.0 0.0 0.0 1.0 0.0 0.0 8.0 0.0
1906.0012391446073 0.0 0.0 0.0 1.0 0.0 0.0 8.0 0.0
1907.001273204891 0.0 0.0 0.0 1.0 0.0 0.0 8.0 0.0
1908.001273204891 0.0 0.0 0.0 1.0 0.0 0.0 8.0 0.0
1909.001273204891 0.0 0.0 0.0 1.0 0.0 0.0 8.0 0.0
1910.001273204891 0.0 0.0 0.0 1.0 0.0 0.0 8.0 0.0
1911.001273204891 0.0 0.0 0.0 1.0 0.0 0.0 8.0 0.0
1912.001273204891 0.0 0.0 0.0 1.0 0.0 0.0 8.0 0.0
1913.001273204891 0.0 0.0 0.0 1.0 0.0 0.0 8.0 0.0
1914.001229172335 0.0 0.0 0.0 1.0 0.0 0.0 8.0 0.0
1915.001273204891 0.0 0.0 0.0 1.0 0.0 0.0 8.0 0.0
1916.001273204891 0.0 0.0 0.0 1.0 0.0 0.0 8.0 0.0
1917.001273204891 0.0 0.0 0.0 1.0 0.0 0.0 8.0 0.0
1918.001273204891 0.0 0.0 0.0 1.0 0.0 0.0 8.0 0.0
1919.001273204891 0.0 0.0 0.0 1.0 0.0 0.0 8.0 0.0
1920.001273204891 0.0 0.0 0.0 1.0 0.0 0.0 8.0 0.0
1921.001273204891 0.0 0.0 0.0 1.0 0.0 0.0 8.0 0.0
1922.001273204891 0.0 0.0 0.0 1.0 0.0 0.0 8.0 0.0
1923.001273204891 0.0 0.0 0.0 1.0 0.0 0.0 8.0 0.0
1924.0000191005931 0.0 0.0 0.0 1.0 0.0 0.0 8.0 0.0
1925.001273204891 0.0 0.0 0.0 1.0 0.0 0.0 8.0 0.0
1926.001273204891 0.0 0.0 0.0 1.0 0.0 0.0 8.0 0.0
1927.001273204891 0.0 0.0 0.0 1.0 0.0 0.0 8.0 0.0
1928.001273204891 0.0 0.0 0.0 1.0 0.0 0.0 8.0 0.0
1929.0000554498538 0.0 0.0 0.0 1.0 0.0 0.0 8.0 0.0
1930.001273204891 0.0 0.0 0.0 1.0 0.0 0.0 8.0 0.0
1931.001273204891 0.0 0.0 0.0 1.0 0.0 0.0 8.0 0.0
1932.001273204891 0.0 0.0 0.0 1.0 0.0 0.0 8.0 0.0
1933.001273204891 0.0 0.0 0.0 1.0 0.0 0.0 8.0 0.0
1934.001273204891 0.0 0.0 0.0 1.0 0.0 0.0 8.0 0.0
1935.001273204891 0.0 0.0 0.0 1.0 0.0 0.0 8.0 0.0
1936.001273204891 0.0 0.0 0.0 1.0 0.0 0.0 8.0 0.0
1937.0005130607356 0.0 0.0 0.0 1.0 0.0 0.0 8.0 0.0
1938.0012698032745 0.0 0.0 0.0 1.0 0.0 0.0 8.0 0.0
1939.001273204891 0.0 0.0 0.0 1.0 0.0 0.0 8.0 0.0
1940.0002551769066 0.0 0.0 0.0 1.0 0.0 0.0 8.0 0.0
1941.000496533676 0.0 0.0 0.0 1.0 0.0 0.0 8.0 0.0
1942.001273204891 0.0 0.0 0.0 1.0 0.0 0.0 8.0 0.0
1943.001273204891 0.0 0.0 0.0 1.0 0.0 0.0 8.0 0.0
1944.0003952710956 0.0 0.0 0.0 1.0 0.0 0.0 8.0 0.0
1945.001273204891 0.0 0.0 0.0 1.0 0.0 0.0 8.0 0.0
1946.001273204891 0.0 0.0 0.0 1.0 0.0 0.0 8.0 0.0
1947.001273204891 0.0 0.0 0.0 1.0 0.0 0.0 8.0 0.0
1948.001273204891 0.0 0.0 0.0 1.0 0.0 0.0 8.0 0.0
1949.001273204891 0.0 0.0 0.0 1.0 0.0 0.0 8.0 0.0
1950.001273204891 0.0 0.0 0.0 1.0 0.0 0.0 8.0 0.0
1951.0006667328817 0.0 0.0 0.0 1.0 0.0 0.0 8.0 0.0
1952.001273204891 0.0 0.0 0.0 1.0 0.0 0.0 8.0 0.0
1953.001273204891 0.0 0.0 0.0 1.0 0.0 0.0 8.0 0.0
1954.001273204891 0.0 0.0 0.0 1.0 0.0 0.0 8.0 0.0
1955.001273204891 0.0 0.0 0.0 1.0 0.0 0.0 8.0 0.0
1956.001273204891 0.0 0.0 0.0 1.0 0.0 0.0 8.0 0.0
1957.001273204891 0.0 0.0 0.0 1.0 0.0 0.0 8.0 0.0
1958.001273204891 0.0 0.0 0.0 1.0 0.0 0.0 8.0 0.0
1959.001273204891 0.0 0.0 0.0 1.0 0.0 0.0 8.0 0.0
1960.001273204891 0.0 0.0 0.0 1.0 0.0 0.0 8.0 0.0
1961.001273204891 0.0 0.0 0.0 1.0 0.0 0.0 8.0 0.0
1962.001273204891 0.0 0.0 0.0 1.0 0.0 0.0 8.0 0.0
1963.0011048828783 0.0 0.0 0.0 1.0 0.0 0.0 8.0 0.0
1964.001273204891 0.0 0.0 0.0 1.0 0.0 0.0 8.0 0.0
1965.001273204891 0.0 0.0 0.0 1.0 0.0 0.0 8.0 0.0
1966.001273204891 0.0 0.0 0.0 1.0 0.0 0.0 8.0 0.0
1967.001273204891 0.0 0.0 0.0 1.0 0.0 0.0 8.0 0.0
1968.001273204891 0.0 0.0 0.0 1.0 0.0 0.0 8.0 0.0
1969.001273204891 0.0 0.0 0.0 1.0 0.0 0.0 8.0 0.0
1970.001273204891 0.0 0.0 0.0 1.0 0.0 0.0 8.0 0.0
1971.001273204891 0.0 0.0 0.0 1.0 0.0 0.0 8.0 0.0
1972.001273204891 0.0 0.0 0.0 1.0 0.0 0.0 8.0 0.0
1973.001273204891 0.0 0.0 0.0 1.0 0.0 0.0 8.0 0.0
1974.001273204891 0.0 0.0 0.0 1.0 0.0 0.0 8.0 0.0
1975.001273204891 0.0 0.0 0.0 1.0 0.0 0.0 8.0 0.0
1976.001273204891 0.0 0.0 0.0 1.0 0.0 0.0 8.0 0.0
1977.001273204891 0.0 0.0 0.0 1.0 0.0 0.0 8.0 0.0
1978.001273204891 0.0 0.0 0.0 1.0 0.0 0.0 8.0 0.0
1979.001273204891 0.0 0.0 0.0 1.0 0.0 0.0 8.0 0.0
1980.001273204891 0.0 0.0 0.0 1.0 0.0 0.0 8.0 0.0
1981.001273204891 0.0 0.0 0.0 1.0 0.0 0.0 8.0 0.0
1982.001273204891 0.0 0.0 0.0 1.0 0.0 0.0 8.0 0.0
1983.001273204891 0.0 0.0 0.0 1.0 0.0 0.0 8.0 0.0
1984.001273204891 0.0 0.0 0.0 1.0 0.0 0.0 8.0 0.0
1985.0007266674138 0.0 0.0 0.0 1.0 0.0 0.0 8.0 0.0
1986.001273204891 0.0 0.0 0.0 1.0 0.0 0.0 8.0 0.0
1987.001273204891 0.0 0.0 0.0 1.0 0.0 0.0 8.0 0.0
1988.001273204891 0.0 0.0 0.0 1.0 0.0 0.0 8.0 0.0
1989.001273204891 0.0 0.0 0.0 1.0 0.0 0.0 8.0 0.0
1990.001273204891 0.0 0.0 0.0 1.0 0.0 0.0 8.0 0.0
1991.001056108162 0.0 0.0 0.0 1.0 0.0 0.0 8.0 0.0
1992.001273204891 0.0 0.0 0.0 1.0 0.0 0.0 8.0 0.0
1993.001273204891 0.0 0.0 0.0 1.0 0.0 0.0 8.0 0.0
1994.001273204891 0.0 0.0 0.0 1.0 0.0 0.0 8.0 0.0
1995.0011966932034 0.0 0.0 0.0 1.0 0.0 0.0 8.0 0.0
1996.0002141825264 0.0 0.0 0.0 1.0 0.0 0.0 8.0 0.0
1997.001273204891 0.0 0.0 0.0 1.0 0.0 0.0 8.0 0.0
1998.001273204891 0.0 0.0 0.0 1.0 0.0 0.0 8.0 0.0
1999.001273204891 0.0 0.0 0.0 1.0 0.0 0.0 8.0 0.0
2000.001273204891 0.0 0.0 0.0 1.0 0.0 0.0 8.0 0.0
2001.001273204891 0.0 0.0 0.0 1.0 0.0 0.0 8.0 0.0
2002.001273204891 0.0 0.0 0.0 1.0 0.0 0.0 8.0 0.0
2003.001273204891 0.0 0.0 0.0 1.0 0.0 0.0 8.0 0.0
2004.001273204891 0.0 0.0 0.0 1.0 0.0 0.0 8.0 0.0
2005.001273204891 0.0 0.0 0.0 1.0 0.0 0.0 8.0 0.0
2006.001273204891 0.0 0.0 0.0 1.0 0.0 0.0 8.0 0.0
2007.001273204891 0.0 0.0 0.0 1.0 0.0 0.0 8.0 0.0
2008.001273204891 0.0 0.0 0.0 1.0 0.0 0.0 8.0 0.0
2009.0011365990135 0.0 0.0 0.0 1.0 0.0 0.0 8.0 0.0
2010.001273204891 0.0 0.0 0.0 1.0 0.0 0.0 8.0 0.0
2011.001273204891 0.0 0.0 0.0 1.0 0.0 0.0 8.0 0.0
2012.001273204891 0.0 0.0 0.0 1.0 0.0 0.0 8.0 0.0
2013.001273204891 0.0 0.0 0.0 1.0 0.0 0.0 8.0 0.0
2014.001273204891 0.0 0.0 0.0 1.0 0.0 0.0 8.0 0.0
2015.001273204891 0.0 0.0 0.0 1.0 0.0 0.0 8.0 0.0
2016.000305617854 0.0 0.0 0.0 1.0 0.0 0.0 8.0 0.0
2017.001273204891 0.0 0.0 0.0 1.0 0.0 0.0 8.0 0.0
2018.001273204891 0.0 0.0 0.0 1.0 0.0 0.0 8.0 0.0
2019.001273204891 0.0 0.0 0.0 1.0 0.0 0.0 8.0 0.0
2020.001273204891 0.0 0.0 0.0 1.0 0.0 0.0 8.0 0.0
2021.001273204891 0.0 0.0 0.0 1.0 0.0 0.0 8.0 0.0
2022.001273204891 0.0 0.0 0.0 1.0 0.0 0.0 8.0 0.0
2023.001273204891 0.0 0.0 0.0 1.0 0.0 0.0 8.0 0.0
2024.001273204891 0.0 0.0 0.0 1.0 0.0 0.0 8.0 0.0
2025.001273204891 0.0 0.0 0.0 1.0 0.0 0.0 8.0 0.0
2026.0009724963027 0.0 0.0 0.0 1.0 0.0 0.0 8.0 0.0
2027.001273204891 0.0 0.0 0.0 1.0 0.0 0.0 8.0 0.0
2028.001273204891 0.0 0.0 0.0 1.0 0.0 0.0 8.0 0.0
2029.001273204891 0.0 0.0 0.0 1.0 0.0 0.0 8.0 0.0
2030.001273204891 0.0 0.0 0.0 1.0 0.0 0.0 8.0 0.0
2031.001273204891 0.0 0.0 0.0 1.0 0.0 0.0 8.0 0.0
2032.001273204891 0.0 0.0 0.0 1.0 0.0 0.0 8.0 0.0
2033.0007076246004 0.0 0.0 0.0 1.0 0.0 0.0 8.0 0.0
2034.001273204891 0.0 0.0 0.0 1.0 0.0 0.0 8.0 0.0
2035.001273204891 0.0 0.0 0.0 1.0 0.0 0.0 8.0 0.0
2036.001273204891 0.0 0.0 0.0 1.0 0.0 0.0 8.0 0.0
2037.0004652099376 0.0 0.0 0.0 1.0 0.0 0.0 8.0 0.0
2038.001273204891 0.0 0.0 0.0 1.0 0.0 0.0 8.0 0.0
2039.001273204891 0.0 0.0 0.0 1.0 0.0 0.0 8.0 0.0
2040.0006693112089 0.0 0.0 0.0 1.0 0.0 0.0 8.0 0.0
2041.001273204891 0.0 0.0 0.0 1.0 0.0 0.0 8.0 0.0
2042.001273204891 0.0 0.0 0.0 1.0 0.0 0.0 8.0 0.0
2043.001273204891 0.0 0.0 0.0 1.0 0.0 0.0 8.0 0.0
2044.001273204891 0.0 0.0 0.0 1.0 0.0 0.0 8.0 0.0
2045.001273204891 0.0 0.0 0.0 1.0 0.0 0.0 8.0 0.0
2046.001273204891 0.0 0.0 0.0 1.0 0.0 0.0 8.0 0.0
2047.001273204891 0.0 0.0 0.0 1.0 0.0 0.0 8.0 0.0
2048.001273204891 0.0 0.0 0.0 1.0 0.0 0.0 8.0 0.0
2049.001273204891 0.0 0.0 0.0 1.0 0.0 0.0 8.0 0.0
2050.001273204891 0.0 0.0 0.0 1.0 0.0 0.0 8.0 0.0
2051.001273204891 0.0 0.0 0.0 1.0 0.0 0.0 8.0 0.0
2052.001273204891 0.0 0.0 0.0 1.0 0.0 0.0 8.0 0.0
2053.001273204891 0.0 0.0 0.0 1.0 0.0 0.0 8.0 0.0
2054.001216748574 0.0 0.0 0.0 1.0 0.0 0.0 8.0 0.0
2055.001273204891 0.0 0.0 0.0 1.0 0.0 0.0 8.0 0.0
2056.001273204891 0.0 0.0 0.0 1.0 0.0 0.0 8.0 0.0
2057.001273204891 0.0 0.0 0.0 1.0 0.0 0.0 8.0 0.0
2058.001273204891 0.0 0.0 0.0 1.0 0.0 0.0 8.0 0.0
2059.001273204891 0.0 0.0 0.0 1.0 0.0 0.0 8.0 0.0
2060.001273204891 0.0 0.0 0.0 1.0 0.0 0.0 8.0 0.0
2061.000307597321 0.0 0.0 0.0 1.0 0.0 0.0 8.0 0.0
2062.001273204891 0.0 0.0 0.0 1.0 0.0 0.0 8.0 0.0
2063.001273204891 0.0 0.0 0.0 1.0 0.0 0.0 8.0 0.0
2064.001273204891 0.0 0.0 0.0 1.0 0.0 0.0 8.0 0.0
2065.001273204891 0.0 0.0 0.0 1.0 0.0 0.0 8.0 0.0
2066.001273204891 0.0 0.0 0.0 1.0 0.0 0.0 8.0 0.0
2067.001273204891 0.0 0.0 0.0 1.0 0.0 0.0 8.0 0.0
2068.001273204891 0.0 0.0 0.0 1.0 0.0 0.0 8.0 0.0
2069.001273204891 0.0 0.0 0.0 1.0 0.0 0.0 8.0 0.0
2070.001273204891 0.0 0.0 0.0 1.0 0.0 0.0 8.0 0.0
2071.001273204891 0.0 0.0 0.0 1.0 0.0 0.0 8.0 0.0
2072.000555552622 0.0 0.0 0.0 1.0 0.0 0.0 8.0 0.0
2073.000608693149 0.0 0.0 0.0 1.0 0.0 0.0 8.0 0.0
2074.001273204891 0.0 0.0 0.0 1.0 0.0 0.0 8.0 0.0
2075.000821103789 0.0 0.0 0.0 1.0 0.0 0.0 8.0 0.0
2076.001273204891 0.0 0.0 0.0 1.0 0.0 0.0 8.0 0.0
2077.001273204891 0.0 0.0 0.0 1.0 0.0 0.0 8.0 0.0
2078.001273204891 0.0 0.0 0.0 1.0 0.0 0.0 8.0 0.0
2079.001273204891 0.0 0.0 0.0 1.0 0.0 0.0 8.0 0.0
2080.001273204891 0.0 0.0 0.0 1.0 0.0 0.0 8.0 0.0
2081.000326229498 0.0 0.0 0.0 1.0 0.0 0.0 8.0 0.0
2082.001273204891 0.0 0.0 0.0 1.0 0.0 0.0 8.0 0.0
2083.001273204891 0.0 0.0 0.0 1.0 0.0 0.0 8.0 0.0
2084.001273204891 0.0 0.0 0.0 1.0 0.0 0.0 8.0 0.0
2085.001273204891 0.0 0.0 0.0 1.0 0.0 0.0 8.0 0.0
2086.001273204891 0.0 0.0 0.0 1.0 0.0 0.0 8.0 0.0
2087.001273204891 0.0 0.0 0.0 1.0 0.0 0.0 8.0 0.0
2088.00118947799 0.0 0.0 0.0 1.0 0.0 0.0 8.0 0.0
2089.001273204891 0.0 0.0 0.0 1.0 0.0 0.0 8.0 0.0
2090.0000199220094 0.0 0.0 0.0 1.0 0.0 0.0 8.0 0.0
2091.001273204891 0.0 0.0 0.0 1.0 0.0 0.0 8.0 0.0
2092.001273204891 0.0 0.0 0.0 1.0 0.0 0.0 8.0 0.0
2093.001181078087 0.0 0.0 0.0 1.0 0.0 0.0 8.0 0.0
2094.001273204891 0.0 0.0 0.0 1.0 0.0 0.0 8.0 0.0
2095.001273204891 0.0 0.0 0.0 1.0 0.0 0.0 8.0 0.0
2096.001273204891 0.0 0.0 0.0 1.0 0.0 0.0 8.0 0.0
2097.001273204891 0.0 0.0 0.0 1.0 0.0 0.0 8.0 0.0
2098.001273204891 0.0 0.0 0.0 1.0 0.0 0.0 8.0 0.0
2099.001273204891 0.0 0.0 0.0 1.0 0.0 0.0 8.0 0.0
2100.001273204891 0.0 0.0 0.0 1.0 0.0 0.0 8.0 0.0
2101.001273204891 0.0 0.0 0.0 1.0 0.0 0.0 8.0 0.0
2102.0001273170487 0.0 0.0 0.0 1.0 0.0 0.0 8.0 0.0
2103.001273204891 0.0 0.0 0.0 1.0 0.0 0.0 8.0 0.0
2104.001273204891 0.0 0.0 0.0 1.0 0.0 0.0 8.0 0.0
2105.001273204891 0.0 0.0 0.0 1.0 0.0 0.0 8.0 0.0
2106.001273204891 0.0 0.0 0.0 1.0 0.0 0.0 8.0 0.0
2107.001273204891 0.0 0.0 0.0 1.0 0.0 0.0 8.0 0.0
2108.001273204891 0.0 0.0 0.0 1.0 0.0 0.0 8.0 0.0
2109.0007314312115 0.0 0.0 0.0 1.0 0.0 0.0 8.0 0.0
2110.001273204891 0.0 0.0 0.0 1.0 0.0 0.0 8.0 0.0
2111.001273204891 0.0 0.0 0.0 1.0 0.0 0.0 8.0 0.0
2112.001273204891 0.0 0.0 0.0 1.0 0.0 0.0 8.0 0.0
2113.001273204891 0.0 0.0 0.0 1.0 0.0 0.0 8.0 0.0
2114.001273204891 0.0 0.0 0.0 1.0 0.0 0.0 8.0 0.0
2115.001273204891 0.0 0.0 0.0 1.0 0.0 0.0 8.0 0.0
2116.001273204891 0.0 0.0 0.0 1.0 0.0 0.0 8.0 0.0
2117.0010233432613 0.0 0.0 0.0 1.0 0.0 0.0 8.0 0.0
2118.000099899227 0.0 0.0 0.0 1.0 0.0 0.0 8.0 0.0
2119.001273204891 0.0 0.0 0.0 1.0 0.0 0.0 8.0 0.0
2120.001273204891 0.0 0.0 0.0 1.0 0.0 0.0 8.0 0.0
2121.001273204891 0.0 0.0 0.0 1.0 0.0 0.0 8.0 0.0
2122.001273204891 0.0 0.0 0.0 1.0 0.0 0.0 8.0 0.0
2123.001273204891 0.0 0.0 0.0 1.0 0.0 0.0 8.0 0.0
2124.001273204891 0.0 0.0 0.0 1.0 0.0 0.0 8.0 0.0
2125.0004196016343 0.0 0.0 0.0 1.0 0.0 0.0 8.0 0.0
2126.001273204891 0.0 0.0 0.0 1.0 0.0 0.0 8.0 0.0
2127.0003029529744 0.0 0.0 0.0 1.0 0.0 0.0 8.0 0.0
2128.001273204891 0.0 0.0 0.0 1.0 0.0 0.0 8.0 0.0
2129.001273204891 0.0 0.0 0.0 1.0 0.0 0.0 8.0 0.0
2130.001273204891 0.0 0.0 0.0 1.0 0.0 0.0 8.0 0.0
2131.001273204891 0.0 0.0 0.0 1.0 0.0 0.0 8.0 0.0
2132.001100905398 0.0 0.0 0.0 1.0 0.0 0.0 8.0 0.0
2133.001273204891 0.0 0.0 0.0 1.0 0.0 0.0 8.0 0.0
2134.001273204891 0.0 0.0 0.0 1.0 0.0 0.0 8.0 0.0
2135.0009352603147 0.0 0.0 0.0 1.0 0.0 0.0 8.0 0.0
2136.001273204891 0.0 0.0 0.0 1.0 0.0 0.0 8.0 0.0
2137.001273204891 0.0 0.0 0.0 1.0 0.0 0.0 8.0 0.0
2138.001273204891 0.0 0.0 0.0 1.0 0.0 0.0 8.0 0.0
2139.000990064979 0.0 0.0 0.0 1.0 0.0 0.0 8.0 0.0
2140.0005376159884 0.0 0.0 0.0 1.0 0.0 0.0 8.0 0.0
2141.001273204891 0.0 0.0 0.0 1.0 0.0 0.0 8.0 0.0
2142.001273204891 0.0 0.0 0.0 1.0 0.0 0.0 8.0 0.0
2143.001273204891 0.0 0.0 0.0 1.0 0.0 0.0 8.0 0.0
2144.001273204891 0.0 0.0 0.0 1.0 0.0 0.0 8.0 0.0
2145.001273204891 0.0 0.0 0.0 1.0 0.0 0.0 8.0 0.0
2146.001273204891 0.0 0.0 0.0 1.0 0.0 0.0 8.0 0.0
2147.001273204891 0.0 0.0 0.0 1.0 0.0 0.0 8.0 0.0
2148.001273204891 0.0 0.0 0.0 1.0 0.0 0.0 8.0 0.0
2149.001273204891 0.0 0.0 0.0 1.0 0.0 0.0 8.0 0.0
2150.001273204891 0.0 0.0 0.0 1.0 0.0 0.0 8.0 0.0
2151.001273204891 0.0 0.0 0.0 1.0 0.0 0.0 8.0 0.0
2152.0005375849964 0.0 0.0 0.0 1.0 0.0 0.0 8.0 0.0
2153.001273204891 0.0 0.0 0.0 1.0 0.0 0.0 8.0 0.0
2154.001273204891 0.0 0.0 0.0 1.0 0.0 0.0 8.0 0.0
2155.001273204891 0.0 0.0 0.0 1.0 0.0 0.0 8.0 0.0
2156.001273204891 0.0 0.0 0.0 1.0 0.0 0.0 8.0 0.0
2157.001273204891 0.0 0.0 0.0 1.0 0.0 0.0 8.0 0.0
2158.001273204891 0.0 0.0 0.0 1.0 0.0 0.0 8.0 0.0
2159.001273204891 0.0 0.0 0.0 1.0 0.0 0.0 8.0 0.0
2160.001273204891 0.0 0.0 0.0 1.0 0.0 0.0 8.0 0.0
2161.001273204891 0.0 0.0 0.0 1.0 0.0 0.0 8.0 0.0
2162.001273204891 0.0 0.0 0.0 1.0 0.0 0.0 8.0 0.0
2163.001273204891 0.0 0.0 0.0 1.0 0.0 0.0 8.0 0.0
2164.0000779340626 0.0 0.0 0.0 1.0 0.0 0.0 8.0 0.0
2165.000202414181 0.0 0.0 0.0 1.0 0.0 0.0 8.0 0.0
2166.0001155905147 0.0 0.0 0.0 1.0 0.0 0.0 8.0 0.0
2167.001273204891 0.0 0.0 0.0 1.0 0.0 0.0 8.0 0.0
2168.001273204891 0.0 0.0 0.0 1.0 0.0 0.0 8.0 0.0
2169.001273204891 0.0 0.0 0.0 1.0 0.0 0.0 8.0 0.0
2170.001273204891 0.0 0.0 0.0 1.0 0.0 0.0 8.0 0.0
2171.001273204891 0.0 0.0 0.0 1.0 0.0 0.0 8.0 0.0
2172.001273204891 0.0 0.0 0.0 1.0 0.0 0.0 8.0 0.0
2173.001273204891 0.0 0.0 0.0 1.0 0.0 0.0 8.0 0.0
2174.001273204891 0.0 0.0 0.0 1.0 0.0 0.0 8.0 0.0
2175.001273204891 0.0 0.0 0.0 1.0 0.0 0.0 8.0 0.0
2176.001273204891 0.0 0.0 0.0 1.0 0.0 0.0 8.0 0.0
2177.001273204891 0.0 0.0 0.0 1.0 0.0 0.0 8.0 0.0
2178.001273204891 0.0 0.0 0.0 1.0 0.0 0.0 8.0 0.0
2179.001273204891 0.0 0.0 0.0 1.0 0.0 0.0 8.0 0.0
2180.001273204891 0.0 0.0 0.0 1.0 0.0 0.0 8.0 0.0
2181.001273204891 0.0 0.0 0.0 1.0 0.0 0.0 8.0 0.0
2182.001273204891 0.0 0.0 0.0 1.0 0.0 0.0 8.0 0.0
2183.001273204891 0.0 0.0 0.0 1.0 0.0 0.0 8.0 0.0
2184.001273204891 0.0 0.0 0.0 1.0 0.0 0.0 8.0 0.0
2185.001273204891 0.0 0.0 0.0 1.0 0.0 0.0 8.0 0.0
2186.001273204891 0.0 0.0 0.0 1.0 0.0 0.0 8.0 0.0
2187.001273204891 0.0 0.0 0.0 1.0 0.0 0.0 8.0 0.0
2188.001273204891 0.0 0.0 0.0 1.0 0.0 0.0 8.0 0.0
2189.001273204891 0.0 0.0 0.0 1.0 0.0 0.0 8.0 0.0
2190.001273204891 0.0 0.0 0.0 1.0 0.0 0.0 8.0 0.0
2191.001273204891 0.0 0.0 0.0 1.0 0.0 0.0 8.0 0.0
2192.001273204891 0.0 0.0 0.0 1.0 0.0 0.0 8.0 0.0
2193.001273204891 0.0 0.0 0.0 1.0 0.0 0.0 8.0 0.0
2194.001273204891 0.0 0.0 0.0 1.0 0.0 0.0 8.0 0.0
2195.001273204891 0.0 0.0 0.0 1.0 0.0 0.0 8.0 0.0
2196.001273204891 0.0 0.0 0.0 1.0 0.0 0.0 8.0 0.0
2197.001273204891 0.0 0.0 0.0 1.0 0.0 0.0 8.0 0.0
2198.001273204891 0.0 0.0 0.0 1.0 0.0 0.0 8.0 0.0
2199.001273204891 0.0 0.0 0.0 1.0 0.0 0.0 8.0 0.0
2200.001273204891 0.0 0.0 0.0 1.0 0.0 0.0 8.0 0.0
2201.001273204891 0.0 0.0 0.0 1.0 0.0 0.0 8.0 0.0
2202.000800961409 0.0 0.0 0.0 1.0 0.0 0.0 8.0 0.0
2203.001273204891 0.0 0.0 0.0 1.0 0.0 0.0 8.0 0.0
2204.001273204891 0.0 0.0 0.0 1.0 0.0 0.0 8.0 0.0
2205.001273204891 0.0 0.0 0.0 1.0 0.0 0.0 8.0 0.0
2206.001273204891 0.0 0.0 0.0 1.0 0.0 0.0 8.0 0.0
2207.0002770546557 0.0 0.0 0.0 1.0 0.0 0.0 8.0 0.0
2208.001273204891 0.0 0.0 0.0 1.0 0.0 0.0 8.0 0.0
2209.001273204891 0.0 0.0 0.0 1.0 0.0 0.0 8.0 0.0
2210.001273204891 0.0 0.0 0.0 1.0 0.0 0.0 8.0 0.0
2211.001273204891 0.0 0.0 0.0 1.0 0.0 0.0 8.0 0.0
2212.001273204891 0.0 0.0 0.0 1.0 0.0 0.0 8.0 0.0
2213.001273204891 0.0 0.0 0.0 1.0 0.0 0.0 8.0 0.0
2214.0010034203674 0.0 0.0 0.0 1.0 0.0 0.0 8.0 0.0
2215.00038301916 0.0 0.0 0.0 1.0 0.0 0.0 8.0 0.0
2216.001273204891 0.0 0.0 0.0 1.0 0.0 0.0 8.0 0.0
2217.001273204891 0.0 0.0 0.0 1.0 0.0 0.0 8.0 0.0
2218.001273204891 0.0 0.0 0.0 1.0 0.0 0.0 8.0 0.0
2219.001273204891 0.0 0.0 0.0 1.0 0.0 0.0 8.0 0.0
2220.001273204891 0.0 0.0 0.0 1.0 0.0 0.0 8.0 0.0
2221.001273204891 0.0 0.0 0.0 1.0 0.0 0.0 8.0 0.0
2222.001273204891 0.0 0.0 0.0 1.0 0.0 0.0 8.0 0.0
2223.001273204891 0.0 0.0 0.0 1.0 0.0 0.0 8.0 0.0
2224.001273204891 0.0 0.0 0.0 1.0 0.0 0.0 8.0 0.0
2225.001273204891 0.0 0.0 0.0 1.0 0.0 0.0 8.0 0.0
2226.001273204891 0.0 0.0 0.0 1.0 0.0 0.0 8.0 0.0
2227.001273204891 0.0 0.0 0.0 1.0 0.0 0.0 8.0 0.0
2228.001273204891 0.0 0.0 0.0 1.0 0.0 0.0 8.0 0.0
2229.001273204891 0.0 0.0 0.0 1.0 0.0 0.0 8.0 0.0
2230.001273204891 0.0 0.0 0.0 1.0 0.0 0.0 8.0 0.0
2231.001273204891 0.0 0.0 0.0 1.0 0.0 0.0 8.0 0.0
2232.0006477232632 0.0 0.0 0.0 1.0 0.0 0.0 8.0 0.0
2233.001273204891 0.0 0.0 0.0 1.0 0.0 0.0 8.0 0.0
2234.001190452363 0.0 0.0 0.0 1.0 0.0 0.0 8.0 0.0
2235.001273204891 0.0 0.0 0.0 1.0 0.0 0.0 8.0 0.0
2236.001273204891 0.0 0.0 0.0 1.0 0.0 0.0 8.0 0.0
2237.001273204891 0.0 0.0 0.0 1.0 0.0 0.0 8.0 0.0
2238.001273204891 0.0 0.0 0.0 1.0 0.0 0.0 8.0 0.0
2239.001273204891 0.0 0.0 0.0 1.0 0.0 0.0 8.0 0.0
2240.0010597841942 0.0 0.0 0.0 1.0 0.0 0.0 8.0 0.0
2241.001273204891 0.0 0.0 0.0 1.0 0.0 0.0 8.0 0.0
2242.001273204891 0.0 0.0 0.0 1.0 0.0 0.0 8.0 0.0
2243.001273204891 0.0 0.0 0.0 1.0 0.0 0.0 8.0 0.0
2244.001273204891 0.0 0.0 0.0 1.0 0.0 0.0 8.0 0.0
2245.001273204891 0.0 0.0 0.0 1.0 0.0 0.0 8.0 0.0
2246.001273204891 0.0 0.0 0.0 1.0 0.0 0.0 8.0 0.0
2247.001273204891 0.0 0.0 0.0 1.0 0.0 0.0 8.0 0.0
2248.001273204891 0.0 0.0 0.0 1.0 0.0 0.0 8.0 0.0
2249.001273204891 0.0 0.0 0.0 1.0 0.0 0.0 8.0 0.0
2250.001273204891 0.0 0.0 0.0 1.0 0.0 0.0 8.0 0.0
2251.0000710457152 0.0 0.0 0.0 1.0 0.0 0.0 8.0 0.0
2252.001273204891 0.0 0.0 0.0 1.0 0.0 0.0 8.0 0.0
2253.001273204891 0.0 0.0 0.0 1.0 0.0 0.0 8.0 0.0
2254.001273204891 0.0 0.0 0.0 1.0 0.0 0.0 8.0 0.0
2255.001273204891 0.0 0.0 0.0 1.0 0.0 0.0 8.0 0.0
2256.001273204891 0.0 0.0 0.0 1.0 0.0 0.0 8.0 0.0
2257.000617634753 0.0 0.0 0.0 1.0 0.0 0.0 8.0 0.0
2258.0005688566066 0.0 0.0 0.0 1.0 0.0 0.0 8.0 0.0
2259.001273204891 0.0 0.0 0.0 1.0 0.0 0.0 8.0 0.0
2260.001273204891 0.0 0.0 0.0 1.0 0.0 0.0 8.0 0.0
2261.0007350117326 0.0 0.0 0.0 1.0 0.0 0.0 8.0 0.0
2262.001273204891 0.0 0.0 0.0 1.0 0.0 0.0 8.0 0.0
2263.001273204891 0.0 0.0 0.0 1.0 0.0 0.0 8.0 0.0
2264.001273204891 0.0 0.0 0.0 1.0 0.0 0.0 8.0 0.0
2265.000129183387 0.0 0.0 0.0 1.0 0.0 0.0 8.0 0.0
2266.001273204891 0.0 0.0 0.0 1.0 0.0 0.0 8.0 0.0
2267.001273204891 0.0 0.0 0.0 1.0 0.0 0.0 8.0 0.0
2268.0003599041193 0.0 0.0 0.0 1.0 0.0 0.0 8.0 0.0
2269.001273204891 0.0 0.0 0.0 1.0 0.0 0.0 8.0 0.0
2270.001273204891 0.0 0.0 0.0 1.0 0.0 0.0 8.0 0.0
2271.001273204891 0.0 0.0 0.0 1.0 0.0 0.0 8.0 0.0
2272.001273204891 0.0 0.0 0.0 1.0 0.0 0.0 8.0 0.0
2273.0012703959637 0.0 0.0 0.0 1.0 0.0 0.0 8.0 0.0
2274.001273204891 0.0 0.0 0.0 1.0 0.0 0.0 8.0 0.0
2275.001273204891 0.0 0.0 0.0 1.0 0.0 0.0 8.0 0.0
2276.001273204891 0.0 0.0 0.0 1.0 0.0 0.0 8.0 0.0
2277.001273204891 0.0 0.0 0.0 1.0 0.0 0.0 8.0 0.0
2278.001273204891 0.0 0.0 0.0 1.0 0.0 0.0 8.0 0.0
2279.001273204891 0.0 0.0 0.0 1.0 0.0 0.0 8.0 0.0
2280.001273204891 0.0 0.0 0.0 1.0 0.0 0.0 8.0 0.0
2281.0008902450904 0.0 0.0 0.0 1.0 0.0 0.0 8.0 0.0
2282.001273204891 0.0 0.0 0.0 1.0 0.0 0.0 8.0 0.0
2283.001273204891 0.0 0.0 0.0 1.0 0.0 0.0 8.0 0.0
2284.001273204891 0.0 0.0 0.0 1.0 0.0 0.0 8.0 0.0
2285.001273204891 0.0 0.0 0.0 1.0 0.0 0.0 8.0 0.0
2286.001273204891 0.0 0.0 0.0 1.0 0.0 0.0 8.0 0.0
2287.001273204891 0.0 0.0 0.0 1.0 0.0 0.0 8.0 0.0
2288.001273204891 0.0 0.0 0.0 1.0 0.0 0.0 8.0 0.0
2289.001273204891 0.0 0.0 0.0 1.0 0.0 0.0 8.0 0.0
2290.001273204891 0.0 0.0 0.0 1.0 0.0 0.0 8.0 0.0
2291.001273204891 0.0 0.0 0.0 1.0 0.0 0.0 8.0 0.0
2292.001273204891 0.0 0.0 0.0 1.0 0.0 0.0 8.0 0.0
2293.001273204891 0.0 0.0 0.0 1.0 0.0 0.0 8.0 0.0
2294.001273204891 0.0 0.0 0.0 1.0 0.0 0.0 8.0 0.0
2295.00119507242 0.0 0.0 0.0 1.0 0.0 0.0 8.0 0.0
2296.001273204891 0.0 0.0 0.0 1.0 0.0 0.0 8.0 0.0
2297.001273204891 0.0 0.0 0.0 1.0 0.0 0.0 8.0 0.0
2298.001273204891 0.0 0.0 0.0 1.0 0.0 0.0 8.0 0.0
2299.001273204891 0.0 0.0 0.0 1.0 0.0 0.0 8.0 0.0
2300.000298455677 0.0 0.0 0.0 1.0 0.0 0.0 7.95 0.0
2301.001273204891 0.5 0.0 0.0 0.5 0.0 1.0 7.075 0.4968944099378882
2302.001273204891 1.0 0.0 0.0 0.0 0.0 1.0 6.5625 0.0
2303.001273204891 1.0 0.0 0.0 0.0 0.0 1.0 7.46875 0.0
2304.0002690199585 1.0 0.0 0.0 0.0 0.0 1.0 7.99375 0.0
2305.001273204891 1.0 0.0 0.0 0.0 0.0 1.0 8.0 0.0
2306.0010649385617 1.0 0.0 0.0 0.0 0.0 1.0 8.0 0.0
2307.001273204891 1.0 0.0 0.0 0.0 0.0 1.0 8.0 0.0
2308.0007223331977 1.0 0.0 0.0 0.0 0.0 1.0 8.0 0.0
2309.001273204891 1.0 0.0 0.0 0.0 0.0 1.0 8.0 0.0
2310.001273204891 1.0 0.0 0.0 0.0 0.0 1.0 8.0 0.0
2311.001273204891 1.0 0.0 0.0 0.0 0.0 1.0 8.0 0.0
2312.001273204891 1.0 0.0 0.0 0.0 0.0 1.0 8.0 0.0
2313.001273204891 1.0 0.0 0.0 0.0 0.0 1.0 8.0 0.0
2314.001273204891 1.0 0.0 0.0 0.0 0.0 1.0 8.0 0.0
2315.001273204891 1.0 0.0 0.0 0.0 0.0 1.0 8.0 0.0
2316.001273204891 1.0 0.0 0.0 0.0 0.0 1.0 8.0 0.0
2317.001273204891 1.0 0.0 0.0 0.0 0.0 1.0 8.0 0.0
2318.001273204891 1.0 0.0 0.0 0.0 0.0 1.0 8.0 0.0
2319.001273204891 1.0 0.0 0.0 0.0 0.0 1.0 8.0 0.0
2320.001273204891 1.0 0.0 0.0 0.0 0.0 1.0 8.0 0.0
2321.00029169332 1.0 0.0 0.0 0.0 0.0 1.0 8.0 0.0
2322.001273204891 1.0 0.0 0.0 0.0 0.0 1.0 8.0 0.0
2323.001273204891 1.0 0.0 0.0 0.0 0.0 1.0 8.0 0.0
2324.001273204891 1.0 0.0 0.0 0.0 0.0 1.0 8.0 0.0
2325.001273204891 1.0 0.0 0.0 0.0 0.0 1.0 8.0 0.0
2326.001273204891 1.0 0.0 0.0 0.0 0.0 1.0 8.0 0.0
2327.0007343291077 1.0 0.0 0.0 0.0 0.0 1.0 8.0 0.0
2328.0008910012994 1.0 0.0 0.0 0.0 0.0 1.0 8.0 0.0
2329.001273204891 1.0 0.0 0.0 0.0 0.0 1.0 8.0 0.0
2330.001273204891 1.0 0.0 0.0 0.0 0.0 1.0 8.0 0.0
2331.001273204891 1.0 0.0 0.0 0.0 0.0 1.0 8.0 0.0
2332.001273204891 1.0 0.0 0.0 0.0 0.0 1.0 8.0 0.0
2333.001273204891 1.0 0.0 0.0 0.0 0.0 1.0 8.0 0.0
2334.001273204891 1.0 0.0 0.0 0.0 0.0 1.0 8.0 0.0
2335.0000036175256 1.0 0.0 0.0 0.0 0.0 1.0 8.0 0.0
2336.001273204891 1.0 0.0 0.0 0.0 0.0 1.0 8.0 0.0
2337.001273204891 1.0 0.0 0.0 0.0 0.0 1.0 8.0 0.0
2338.0007025788086 1.0 0.0 0.0 0.0 0.0 1.0 8.0 0.0
2339.000134306513 1.0 0.0 0.0 0.0 0.0 1.0 8.0 0.0
2340.001273204891 1.0 0.0 0.0 0.0 0.0 1.0 8.0 0.0
2341.001273204891 1.0 0.0 0.0 0.0 0.0 1.0 8.0 0.0
2342.001273204891 1.0 0.0 0.0 0.0 0.0 1.0 8.0 0.0
2343.001273204891 1.0 0.0 0.0 0.0 0.0 1.0 8.0 0.0
2344.001273204891 1.0 0.0 0.0 0.0 0.0 1.0 8.0 0.0
2345.000073316519 1.0 0.0 0.0 0.0 0.0 1.0 8.0 0.0
2346.001273204891 1.0 0.0 0.0 0.0 0.0 1.0 8.0 0.0
2347.001273204891 1.0 0.0 0.0 0.0 0.0 1.0 8.0 0.0
2348.001273204891 1.0 0.0 0.0 0.0 0.0 1.0 8.0 0.0
2349.001273204891 1.0 0.0 0.0 0.0 0.0 1.0 8.0 0.0
2350.001273204891 1.0 0.0 0.0 0.0 0.0 1.0 8.0 0.0
2351.001273204891 1.0 0.0 0.0 0.0 0.0 1.0 8.0 0.0
2352.001273204891 1.0 0.0 0.0 0.0 0.0 1.0 8.0 0.0
2353.0011460531477 1.0 0.0 0.0 0.0 0.0 1.0 8.0 0.0
2354.001273204891 1.0 0.0 0.0 0.0 0.0 1.0 8.0 0.0
2355.001273204891 1.0 0.0 0.0 0.0 0.0 1.0 8.0 0.0
2356.000690973843 1.0 0.0 0.0 0.0 0.0 1.0 8.0 0.0
2357.001273204891 1.0 0.0 0.0 0.0 0.0 1.0 8.0 0.0
2358.001273204891 1.0 0.0 0.0 0.0 0.0 1.0 8.0 0.0
2359.001273204891 1.0 0.0 0.0 0.0 0.0 1.0 8.0 0.0
2360.001273204891 1.0 0.0 0.0 0.0 0.0 1.0 8.0 0.0
2361.0010362035796 1.0 0.0 0.0 0.0 0.0 1.0 8.0 0.0
2362.000477904944 1.0 0.0 0.0 0.0 0.0 1.0 8.0 0.0
2363.001273204891 1.0 0.0 0.0 0.0 0.0 1.0 8.0 0.0
2364.001273204891 1.0 0.0 0.0 0.0 0.0 1.0 8.0 0.0
2365.001273204891 1.0 0.0 0.0 0.0 0.0 1.0 8.0 0.0
2366.001273204891 1.0 0.0 0.0 0.0 0.0 1.0 8.0 0.0
2367.001273204891 1.0 0.0 0.0 0.0 0.0 1.0 8.0 0.0
2368.001273204891 1.0 0.0 0.0 0.0 0.0 1.0 8.0 0.0
2369.001273204891 1.0 0.0 0.0 0.0 0.0 1.0 8.0 0.0
2370.001273204891 1.0 0.0 0.0 0.0 0.0 1.0 8.0 0.0
2371.001070989317 1.0 0.0 0.0 0.0 0.0 1.0 8.0 0.0
2372.001273204891 1.0 0.0 0.0 0.0 0.0 1.0 8.0 0.0
2373.001273204891 1.0 0.0 0.0 0.0 0.0 1.0 8.0 0.0
2374.0004463757778 1.0 0.0 0.0 0.0 0.0 1.0 8.0 0.0
2375.001273204891 1.0 0.0 0.0 0.0 0.0 1.0 8.0 0.0
2376.001273204891 1.0 0.0 0.0 0.0 0.0 1.0 8.0 0.0
2377.001273204891 1.0 0.0 0.0 0.0 0.0 1.0 8.0 0.0
2378.001273204891 1.0 0.0 0.0 0.0 0.0 1.0 8.0 0.0
2379.001273204891 1.0 0.0 0.0 0.0 0.0 1.0 8.0 0.0
2380.001273204891 1.0 0.0 0.0 0.0 0.0 1.0 8.0 0.0
2381.001273204891 1.0 0.0 0.0 0.0 0.0 1.0 8.0 0.0
2382.001273204891 1.0 0.0 0.0 0.0 0.0 1.0 8.0 0.0
2383.001273204891 1.0 0.0 0.0 0.0 0.0 1.0 8.0 0.0
2384.001273204891 1.0 0.0 0.0 0.0 0.0 1.0 8.0 0.0
2385.001273204891 1.0 0.0 0.0 0.0 0.0 1.0 8.0 0.0
2386.001273204891 1.0 0.0 0.0 0.0 0.0 1.0 8.0 0.0
2387.001273204891 1.0 0.0 0.0 0.0 0.0 1.0 8.0 0.0
2388.001273204891 1.0 0.0 0.0 0.0 0.0 1.0 8.0 0.0
2389.001273204891 1.0 0.0 0.0 0.0 0.0 1.0 8.0 0.0
2390.001273204891 1.0 0.0 0.0 0.0 0.0 1.0 8.0 0.0
2391.001273204891 1.0 0.0 0.0 0.0 0.0 1.0 8.0 0.0
2392.001273204891 1.0 0.0 0.0 0.0 0.0 1.0 8.0 0.0
2393.001273204891 1.0 0.0 0.0 0.0 0.0 1.0 8.0 0.0
2394.001273204891 1.0 0.0 0.0 0.0 0.0 1.0 8.0 0.0
2395.001273204891 1.0 0.0 0.0 0.0 0.0 1.0 8.0 0.0
2396.001273204891 1.0 0.0 0.0 0.0 0.0 1.0 8.0 0.0
2397.001273204891 1.0 0.0 0.0 0.0 0.0 1.0 8.0 0.0
2398.001273204891 1.0 0.0 0.0 0.0 0.0 1.0 8.0 0.0
2399.001273204891 1.0 0.0 0.0 0.0 0.0 1.0 8.0 0.0
2400.0 1.0 0.0 0.0 0.0 1.0 1.0 7.7625 0.0
2401.001273204891 1.0 0.0 0.0 0.0 1.0 1.0 7.01875 0.0
2402.001273204891 0.73125 0.19999999999999996 0.06874999999999998 0.0 1.0 1.0 6.19375 0.41793478260869565
2403.001273204891 0.16874999999999993 0.81875 0.012500000000000025 0.0 1.0 1.0 6.24375 0.29914596273291927
2404.0012119387907 0.00625000000000001 0.99375 0.0 0.0 1.0 1.0 7.23125 0.01234472049689441
2405.001273204891 0.0 1.0 0.0 0.0 1.0 1.0 7.95625 0.0
2406.001273204891 0.0 1.0 0.0 0.0 1.0 1.0 8.0 0.0
2407.001273204891 0.0 1.0 0.0 0.0 1.0 1.0 8.0 0.0
2408.001273204891 0.0 1.0 0.0 0.0 1.0 1.0 8.0 0.0
2409.001273204891 0.0 1.0 0.0 0.0 1.0 1.0 8.0 0.0
2410.000313836596 0.0 1.0 0.0 0.0 1.0 1.0 8.0 0.0
2411.00057237821 0.0 1.0 0.0 0.0 1.0 1.0 8.0 0.0
2412.001273204891 0.0 1.0 0.0 0.0 1.0 1.0 8.0 0.0
2413.001273204891 0.0 1.0 0.0 0.0 1.0 1.0 8.0 0.0
2414.001273204891 0.0 1.0 0.0 0.0 1.0 1.0 8.0 0.0
2415.001273204891 0.0 1.0 0.0 0.0 1.0 1.0 8.0 0.0
2416.001273204891 0.0 1.0 0.0 0.0 1.0 1.0 8.0 0.0
2417.001273204891 0.0 1.0 0.0 0.0 1.0 1.0 8.0 0.0
2418.0007150149117 0.0 1.0 0.0 0.0 1.0 1.0 8.0 0.0
2419.001273204891 0.0 1.0 0.0 0.0 1.0 1.0 8.0 0.0
2420.001273204891 0.0 1.0 0.0 0.0 1.0 1.0 8.0 0.0
2421.001273204891 0.0 1.0 0.0 0.0 1.0 1.0 8.0 0.0
2422.001273204891 0.0 1.0 0.0 0.0 1.0 1.0 8.0 0.0
2423.001273204891 0.0 1.0 0.0 0.0 1.0 1.0 8.0 0.0
2424.001273204891 0.0 1.0 0.0 0.0 1.0 1.0 8.0 0.0
2425.001273204891 0.0 1.0 0.0 0.0 1.0 1.0 8.0 0.0
2426.001273204891 0.0 1.0 0.0 0.0 1.0 1.0 8.0 0.0
2427.001273204891 0.0 1.0 0.0 0.0 1.0 1.0 8.0 0.0
2428.001273204891 0.0 1.0 0.0 0.0 1.0 1.0 8.0 0.0
2429.001273204891 0.0 1.0 0.0 0.0 1.0 1.0 8.0 0.0
2430.001273204891 0.0 1.0 0.0 0.0 1.0 1.0 8.0 0.0
2431.001273204891 0.0 1.0 0.0 0.0 1.0 1.0 8.0 0.0
2432.0005264381302 0.0 1.0 0.0 0.0 1.0 1.0 8.0 0.0
2433.001273204891 0.0 1.0 0.0 0.0 1.0 1.0 8.0 0.0
2434.001273204891 0.0 1.0 0.0 0.0 1.0 1.0 8.0 0.0
2435.001273204891 0.0 1.0 0.0 0.0 1.0 1.0 8.0 0.0
2436.001273204891 0.0 1.0 0.0 0.0 1.0 1.0 8.0 0.0
2437.001273204891 0.0 1.0 0.0 0.0 1.0 1.0 8.0 0.0
2438.001273204891 0.0 1.0 0.0 0.0 1.0 1.0 8.0 0.0
2439.001273204891 0.0 1.0 0.0 0.0 1.0 1.0 8.0 0.0
2440.001273204891 0.0 1.0 0.0 0.0 1.0 1.0 8.0 0.0
2441.001273204891 0.0 1.0 0.0 0.0 1.0 1.0 8.0 0.0
2442.001273204891 0.0 1.0 0.0 0.0 1.0 1.0 8.0 0.0
2443.001273204891 0.0 1.0 0.0 0.0 1.0 1.0 8.0 0.0
2444.0008679866473 0.0 1.0 0.0 0.0 1.0 1.0 8.0 0.0
2445.001273204891 0.0 1.0 0.0 0.0 1.0 1.0 8.0 0.0
2446.0010017036047 0.0 1.0 0.0 0.0 1.0 1.0 8.0 0.0
2447.001273204891 0.0 1.0 0.0 0.0 1.0 1.0 8.0 0.0
2448.001273204891 0.0 1.0 0.0 0.0 1.0 1.0 8.0 0.0
2449.000034994913 0.0 1.0 0.0 0.0 1.0 1.0 8.0 0.0
2450.001273204891 0.0 1.0 0.0 0.0 1.0 1.0 8.0 0.0
2451.001273204891 0.0 1.0 0.0 0.0 1.0 1.0 8.0 0.0
2452.001273204891 0.0 1.0 0.0 0.0 1.0 1.0 8.0 0.0
2453.0008474783 0.0 1.0 0.0 0.0 1.0 1.0 8.0 0.0
2454.001273204891 0.0 1.0 0.0 0.0 1.0 1.0 8.0 0.0
2455.001273204891 0.0 1.0 0.0 0.0 1.0 1.0 8.0 0.0
2456.001273204891 0.0 1.0 0.0 0.0 1.0 1.0 8.0 0.0
2457.001273204891 0.0 1.0 0.0 0.0 1.0 1.0 8.0 0.0
2458.000361513298 0.0 1.0 0.0 0.0 1.0 1.0 8.0 0.0
2459.001273204891 0.0 1.0 0.0 0.0 1.0 1.0 8.0 0.0
2460.001273204891 0.0 1.0 0.0 0.0 1.0 1.0 8.0 0.0
2461.0002112525394 0.0 1.0 0.0 0.0 1.0 1.0 8.0 0.0
2462.001273204891 0.0 1.0 0.0 0.0 1.0 1.0 8.0 0.0
2463.001273204891 0.0 1.0 0.0 0.0 1.0 1.0 8.0 0.0
2464.001273204891 0.0 1.0 0.0 0.0 1.0 1.0 8.0 0.0
2465.001273204891 0.0 1.0 0.0 0.0 1.0 1.0 8.0 0.0
2466.001273204891 0.0 1.0 0.0 0.0 1.0 1.0 8.0 0.0
2467.001273204891 0.0 1.0 0.0 0.0 1.0 1.0 8.0 0.0
2468.0007098693345 0.0 1.0 0.0 0.0 1.0 1.0 8.0 0.0
2469.000608431449 0.0 1.0 0.0 0.0 1.0 1.0 8.0 0.0
2470.001273204891 0.0 1.0 0.0 0.0 1.0 1.0 8.0 0.0
2471.001273204891 0.0 1.0 0.0 0.0 1.0 1.0 8.0 0.0
2472.0008550237435 0.0 1.0 0.0 0.0 1.0 1.0 8.0 0.0
2473.001273204891 0.0 1.0 0.0 0.0 1.0 1.0 8.0 0.0
2474.001273204891 0.0 1.0 0.0 0.0 1.0 1.0 8.0 0.0
2475.001273204891 0.0 1.0 0.0 0.0 1.0 1.0 8.0 0.0
2476.001273204891 0.0 1.0 0.0 0.0 1.0 1.0 8.0 0.0
2477.001273204891 0.0 1.0 0.0 0.0 1.0 1.0 8.0 0.0
2478.001273204891 0.0 1.0 0.0 0.0 1.0 1.0 8.0 0.0
2479.001273204891 0.0 1.0 0.0 0.0 1.0 1.0 8.0 0.0
2480.001273204891 0.0 1.0 0.0 0.0 1.0 1.0 8.0 0.0
2481.001273204891 0.0 1.0 0.0 0.0 1.0 1.0 8.0 0.0
2482.001273204891 0.0 1.0 0.0 0.0 1.0 1.0 8.0 0.0
2483.000344923871 0.0 1.0 0.0 0.0 1.0 1.0 8.0 0.0
2484.001273204891 0.0 1.0 0.0 0.0 1.0 1.0 8.0 0.0
2485.001273204891 0.0 1.0 0.0 0.0 1.0 1.0 8.0 0.0
2486.001273204891 0.0 1.0 0.0 0.0 1.0 1.0 8.0 0.0
2487.001273204891 0.0 1.0 0.0 0.0 1.0 1.0 8.0 0.0
2488.001273204891 0.0 1.0 0.0 0.0 1.0 1.0 8.0 0.0
2489.001079360718 0.0 1.0 0.0 0.0 1.0 1.0 8.0 0.0
2490.001273204891 0.0 1.0 0.0 0.0 1.0 1.0 8.0 0.0
2491.0007734226533 0.0 1.0 0.0 0.0 1.0 1.0 8.0 0.0
2492.001273204891 0.0 1.0 0.0 0.0 1.0 1.0 8.0 0.0
2493.001273204891 0.0 1.0 0.0 0.0 1.0 1.0 8.0 0.0
2494.0009805133564 0.0 1.0 0.0 0.0 1.0 1.0 7.9125 0.0
2495.001273204891 0.0 1.0 0.0 0.0 1.0 1.0 7.10625 0.0
2496.001273204891 0.0 0.6625 0.0 0.3375 0.0 1.0 6.225 0.44440993788819877
2497.0000777463283 0.40625 0.01874999999999999 0.0 0.5749999999999998 0.0 1.0 6.30625 0.5008540372670808
2498.0008433888656 0.7749999999999999 0.0 0.21249999999999994 0.012500000000000018 0.0 1.0 7.31875 0.3518633540372671
2499.000621889276 0.04375000000000002 0.0 0.95625 0.0 0.0 1.0 8.2625 0.08315217391304348
2500.001273204891 0.0 0.0 1.0 0.0 0.0 1.0 9.15 0.0
2501.001273204891 0.0 0.0 1.0 0.0 0.0 1.0 9.95625 0.0
2502.0003340518897 0.0 0.0 1.0 0.0 0.0 1.0 10.0 0.0
2503.001273204891 0.0 0.0 1.0 0.0 0.0 1.0 10.0 0.0
2504.001273204891 0.0 0.0 1.0 0.0 0.0 1.0 10.0 0.0
2505.0012126984298 0.0 0.0 1.0 0.0 0.0 1.0 10.0 0.0
2506.0005556480614 0.0 0.0 1.0 0.0 0.0 1.0 10.0 0.0
2507.001273204891 0.0 0.0 1.0 0.0 0.0 1.0 10.0 0.0
2508.001273204891 0.0 0.0 1.0 0.0 0.0 1.0 10.0 0.0
2509.001273204891 0.0 0.0 1.0 0.0 0.0 1.0 10.0 0.0
2510.001273204891 0.0 0.0 1.0 0.0 0.0 1.0 10.0 0.0
2511.001273204891 0.0 0.0 1.0 0.0 0.0 1.0 10.0 0.0
2512.001273204891 0.0 0.0 1.0 0.0 0.0 1.0 10.0 0.0
2513.0003791537915 0.0 0.0 1.0 0.0 0.0 1.0 10.0 0.0
2514.001273204891 0.0 0.0 1.0 0.0 0.0 1.0 10.0 0.0
2515.001273204891 0.0 0.0 1.0 0.0 0.0 1.0 10.0 0.0
2516.001273204891 0.0 0.0 1.0 0.0 0.0 1.0 10.0 0.0
2517.001273204891 0.0 0.0 1.0 0.0 0.0 1.0 10.0 0.0
2518.001273204891 0.0 0.0 1.0 0.0 0.0 1.0 10.0 0.0
2519.001273204891 0.0 0.0 1.0 0.0 0.0 1.0 10.0 0.0
2520.001273204891 0.0 0.0 1.0 0.0 0.0 1.0 10.0 0.0
2521.001273204891 0.0 0.0 1.0 0.0 0.0 1.0 10.0 0.0
2522.001273204891 0.0 0.0 1.0 0.0 0.0 1.0 10.0 0.0
2523.0006560853094 0.0 0.0 1.0 0.0 0.0 1.0 10.0 0.0
2524.001273204891 0.0 0.0 1.0 0.0 0.0 1.0 10.0 0.0
2525.001273204891 0.0 0.0 1.0 0.0 0.0 1.0 10.0 0.0
2526.0009516462037 0.0 0.0 1.0 0.0 0.0 1.0 10.0 0.0
2527.001273204891 0.0 0.0 1.0 0.0 0.0 1.0 10.0 0.0
2528.001273204891 0.0 0.0 1.0 0.0 0.0 1.0 10.0 0.0
2529.001273204891 0.0 0.0 1.0 0.0 0.0 1.0 10.0 0.0
2530.001273204891 0.0 0.0 1.0 0.0 0.0 1.0 10.0 0.0
2531.001273204891 0.0 0.0 1.0 0.0 0.0 1.0 10.0 0.0
2532.001273204891 0.0 0.0 1.0 0.0 0.0 1.0 10.0 0.0
2533.001273204891 0.0 0.0 1.0 0.0 0.0 1.0 10.0 0.0
2534.001273204891 0.0 0.0 1.0 0.0 0.0 1.0 10.0 0.0
2535.0005142164064 0.0 0.0 1.0 0.0 0.0 1.0 10.0 0.0
2536.001273204891 0.0 0.0 1.0 0.0 0.0 1.0 10.0 0.0
2537.001273204891 0.0 0.0 1.0 0.0 0.0 1.0 10.0 0.0
2538.001273204891 0.0 0.0 1.0 0.0 0.0 1.0 10.0 0.0
2539.001273204891 0.0 0.0 1.0 0.0 0.0 1.0 10.0 0.0
2540.001273204891 0.0 0.0 1.0 0.0 0.0 1.0 10.0 0.0
2541.001273204891 0.0 0.0 1.0 0.0 0.0 1.0 10.0 0.0
2542.000207271629 0.0 0.0 1.0 0.0 0.0 1.0 10.0 0.0
2543.001273204891 0.0 0.0 1.0 0.0 0.0 1.0 10.0 0.0
2544.001273204891 0.0 0.0 1.0 0.0 0.0 1.0 10.0 0.0
2545.00050782285 0.0 0.0 1.0 0.0 0.0 1.0 10.0 0.0
2546.001273204891 0.0 0.0 1.0 0.0 0.0 1.0 10.0 0.0
2547.001273204891 0.0 0.0 1.0 0.0 0.0 1.0 10.0 0.0
2548.001273204891 0.0 0.0 1.0 0.0 0.0 1.0 10.0 0.0
2549.001273204891 0.0 0.0 1.0 0.0 0.0 1.0 10.0 0.0
2550.001273204891 0.0 0.0 1.0 0.0 0.0 1.0 10.0 0.0
2551.0012703881534 0.0 0.0 1.0 0.0 0.0 1.0 10.0 0.0
2552.001273204891 0.0 0.0 1.0 0.0 0.0 1.0 10.0 0.0
2553.001273204891 0.0 0.0 1.0 0.0 0.0 1.0 10.0 0.0
2554.001273204891 0.0 0.0 1.0 0.0 0.0 1.0 10.0 0.0
2555.001273204891 0.0 0.0 1.0 0.0 0.0 1.0 10.0 0.0
2556.001273204891 0.0 0.0 1.0 0.0 0.0 1.0 10.0 0.0
2557.001273204891 0.0 0.0 1.0 0.0 0.0 1.0 10.0 0.0
2558.0008675595623 0.0 0.0 1.0 0.0 0.0 1.0 10.0 0.0
2559.001273204891 0.0 0.0 1.0 0.0 0.0 1.0 10.0 0.0
2560.001273204891 0.0 0.0 1.0 0.0 0.0 1.0 10.0 0.0
2561.001273204891 0.0 0.0 1.0 0.0 0.0 1.0 10.0 0.0
2562.001273204891 0.0 0.0 1.0 0.0 0.0 1.0 10.0 0.0
2563.001273204891 0.0 0.0 1.0 0.0 0.0 1.0 10.0 0.0
2564.001273204891 0.0 0.0 1.0 0.0 0.0 1.0 10.0 0.0
2565.0006573426217 0.0 0.0 1.0 0.0 0.0 1.0 10.0 0.0
2566.001273204891 0.0 0.0 1.0 0.0 0.0 1.0 10.0 0.0
2567.001273204891 0.0 0.0 1.0 0.0 0.0 1.0 10.0 0.0
2568.001273204891 0.0 0.0 1.0 0.0 0.0 1.0 10.0 0.0
2569.001273204891 0.0 0.0 1.0 0.0 0.0 1.0 10.0 0.0
2570.001273204891 0.0 0.0 1.0 0.0 0.0 1.0 10.0 0.0
2571.001273204891 0.0 0.0 1.0 0.0 0.0 1.0 10.0 0.0
2572.001273204891 0.0 0.0 1.0 0.0 0.0 1.0 10.0 0.0
2573.001273204891 0.0 0.0 1.0 0.0 0.0 1.0 10.0 0.0
2574.001273204891 0.0 0.0 1.0 0.0 0.0 1.0 10.0 0.0
2575.001273204891 0.0 0.0 1.0 0.0 0.0 1.0 10.0 0.0
2576.001273204891 0.0 0.0 1.0 0.0 0.0 1.0 10.0 0.0
2577.001273204891 0.0 0.0 1.0 0.0 0.0 1.0 10.0 0.0
2578.001273204891 0.0 0.0 1.0 0.0 0.0 1.0 10.0 0.0
2579.001273204891 0.0 0.0 1.0 0.0 0.0 1.0 10.0 0.0
2580.001273204891 0.0 0.0 1.0 0.0 0.0 1.0 10.0 0.0
2581.001273204891 0.0 0.0 1.0 0.0 0.0 1.0 10.0 0.0
2582.001273204891 0.0 0.0 1.0 0.0 0.0 1.0 10.0 0.0
2583.0001705028867 0.0 0.0 1.0 0.0 0.0 1.0 10.0 0.0
2584.001273204891 0.0 0.0 1.0 0.0 0.0 1.0 10.0 0.0
2585.001273204891 0.0 0.0 1.0 0.0 0.0 1.0 10.0 0.0
2586.001273204891 0.0 0.0 1.0 0.0 0.0 1.0 10.0 0.0
2587.001273204891 0.0 0.0 1.0 0.0 0.0 1.0 10.0 0.0
2588.0005971791647 0.0 0.0 1.0 0.0 0.0 1.0 10.0 0.0
2589.0008139735223 0.0 0.0 1.0 0.0 0.0 1.0 10.0 0.0
2590.001273204891 0.0 0.0 1.0 0.0 0.0 1.0 10.0 0.0
2591.001273204891 0.0 0.0 1.0 0.0 0.0 1.0 10.0 0.0
2592.001273204891 0.0 0.0 1.0 0.0 0.0 1.0 10.0 0.0
2593.001273204891 0.0 0.0 1.0 0.0 0.0 1.0 10.0 0.0
2594.001273204891 0.0 0.0 1.0 0.0 0.0 1.0 10.0 0.0
2595.001273204891 0.0 0.0 1.0 0.0 0.0 1.0 10.0 0.0
2596.001273204891 0.0 0.0 1.0 0.0 0.0 1.0 10.0 0.0
2597.0007010047707 0.0 0.0 1.0 0.0 0.0 1.0 10.0 0.0
2598.0012687921558 0.0 0.0 1.0 0.0 0.0 1.0 10.0 0.0
2599.001273204891 0.0 0.0 1.0 0.0 0.0 1.0 10.0 0.0
2600.001273204891 0.0 0.0 1.0 0.0 0.0 1.0 10.0 0.0
2601.001129672556 0.0 0.0 1.0 0.0 0.0 1.0 10.0 0.0
2602.0002088487417 0.0 0.0 1.0 0.0 0.0 1.0 10.0 0.0
2603.001273204891 0.0 0.0 1.0 0.0 0.0 1.0 10.0 0.0
2604.001273204891 0.0 0.0 1.0 0.0 0.0 1.0 10.0 0.0
2605.001273204891 0.0 0.0 1.0 0.0 0.0 1.0 10.0 0.0
2606.001273204891 0.0 0.0 1.0 0.0 0.0 1.0 10.0 0.0
2607.001273204891 0.0 0.0 1.0 0.0 0.0 1.0 10.0 0.0
2608.001273204891 0.0 0.0 1.0 0.0 0.0 1.0 10.0 0.0
2609.001273204891 0.0 0.0 1.0 0.0 0.0 1.0 10.0 0.0
2610.001273204891 0.0 0.0 1.0 0.0 0.0 1.0 10.0 0.0
2611.001273204891 0.0 0.0 1.0 0.0 0.0 1.0 10.0 0.0
2612.001273204891 0.0 0.0 1.0 0.0 0.0 1.0 10.0 0.0
2613.0002895529037 0.0 0.0 1.0 0.0 0.0 1.0 10.0 0.0
2614.000673902053 0.0 0.0 1.0 0.0 0.0 1.0 10.0 0.0
2615.001273204891 0.0 0.0 1.0 0.0 0.0 1.0 10.0 0.0
2616.001273204891 0.0 0.0 1.0 0.0 0.0 1.0 10.0 0.0
2617.001273204891 0.0 0.0 1.0 0.0 0.0 1.0 10.0 0.0
2618.001273204891 0.0 0.0 1.0 0.0 0.0 1.0 10.0 0.0
2619.001273204891 0.0 0.0 1.0 0.0 0.0 1.0 10.0 0.0
2620.000300888642 0.0 0.0 1.0 0.0 0.0 1.0 10.0 0.0
2621.001273204891 0.0 0.0 1.0 0.0 0.0 1.0 10.0 0.0
2622.001273204891 0.0 0.0 1.0 0.0 0.0 1.0 10.0 0.0
2623.001273204891 0.0 0.0 1.0 0.0 0.0 1.0 10.0 0.0
2624.001273204891 0.0 0.0 1.0 0.0 0.0 1.0 10.0 0.0
2625.0009637725975 0.0 0.0 1.0 0.0 0.0 1.0 10.0 0.0
2626.001273204891 0.0 0.0 1.0 0.0 0.0 1.0 10.0 0.0
2627.001273204891 0.0 0.0 1.0 0.0 0.0 1.0 10.0 0.0
2628.001273204891 0.0 0.0 1.0 0.0 0.0 1.0 10.0 0.0
2629.001273204891 0.0 0.0 1.0 0.0 0.0 1.0 10.0 0.0
2630.0007559998735 0.0 0.0 1.0 0.0 0.0 1.0 10.0 0.0
2631.001273204891 0.0 0.0 1.0 0.0 0.0 1.0 10.0 0.0
2632.000079739717 0.0 0.0 1.0 0.0 0.0 1.0 10.0 0.0
2633.001273204891 0.0 0.0 1.0 0.0 0.0 1.0 10.0 0.0
2634.000775098258 0.0 0.0 1.0 0.0 0.0 1.0 10.0 0.0
2635.001273204891 0.0 0.0 1.0 0.0 0.0 1.0 10.0 0.0
2636.0010058852185 0.0 0.0 1.0 0.0 0.0 1.0 10.0 0.0
2637.001273204891 0.0 0.0 1.0 0.0 0.0 1.0 10.0 0.0
2638.001273204891 0.0 0.0 1.0 0.0 0.0 1.0 10.0 0.0
2639.001273204891 0.0 0.0 1.0 0.0 0.0 1.0 10.0 0.0
2640.000012421558 0.0 0.0 1.0 0.0 0.0 1.0 10.0 0.0
2641.001273204891 0.0 0.0 1.0 0.0 0.0 1.0 10.0 0.0
2642.0011701901612 0.0 0.0 1.0 0.0 0.0 1.0 10.0 0.0
2643.0005404990343 0.0 0.0 1.0 0.0 0.0 1.0 10.0 0.0
2644.0004690816386 0.0 0.0 0.53125 0.46875 0.0 0.0 10.0 0.49495341614906835
2645.001273204891 0.0 0.0 0.0 1.0 0.0 0.0 10.3875 0.0
2646.001273204891 0.0 0.0 0.0 1.0 0.0 0.0 11.5 0.0
2647.000766344204 0.0 0.0 0.0 1.0 0.0 0.0 11.99375 0.0
2648.001273204891 0.0 0.0 0.0 1.0 0.0 0.0 12.0 0.0
2649.001273204891 0.0 0.0 0.0 1.0 0.0 0.0 12.0 0.0
2650.001273204891 0.0 0.0 0.0 1.0 0.0 0.0 12.0 0.0
2651.001273204891 0.0 0.0 0.0 1.0 0.0 0.0 12.0 0.0
2652.000100568227 0.0 0.0 0.0 1.0 0.0 0.0 12.0 0.0
2653.000166217374 0.0 0.0 0.0 1.0 0.0 0.0 12.0 0.0
2654.001273204891 0.0 0.0 0.0 1.0 0.0 0.0 12.0 0.0
2655.000433545361 0.0 0.0 0.0 1.0 0.0 0.0 12.0 0.0
2656.001273204891 0.0 0.0 0.0 1.0 0.0 0.0 12.0 0.0
2657.001015860835 0.0 0.0 0.0 1.0 0.0 0.0 12.0 0.0
2658.000920269996 0.0 0.0 0.0 1.0 0.0 0.0 12.0 0.0
2659.001273204891 0.0 0.0 0.0 1.0 0.0 0.0 12.0 0.0
2660.000037628739 0.0 0.0 0.0 1.0 0.0 0.0 12.0 0.0
2661.001273204891 0.0 0.0 0.0 1.0 0.0 0.0 12.0 0.0
2662.001273204891 0.0 0.0 0.0 1.0 0.0 0.0 12.0 0.0
2663.00081350396 0.0 0.0 0.0 1.0 0.0 0.0 12.0 0.0
2664.001273204891 0.0 0.0 0.0 1.0 0.0 0.0 12.0 0.0
2665.001273204891 0.0 0.0 0.0 1.0 0.0 0.0 12.0 0.0
2666.001273204891 0.0 0.0 0.0 1.0 0.0 0.0 12.0 0.0
2667.001273204891 0.0 0.0 0.0 1.0 0.0 0.0 12.0 0.0
2668.001273204891 0.0 0.0 0.0 1.0 0.0 0.0 12.0 0.0
2669.001273204891 0.0 0.0 0.0 1.0 0.0 0.0 12.0 0.0
2670.001273204891 0.0 0.0 0.0 1.0 0.0 0.0 12.0 0.0
2671.001273204891 0.0 0.0 0.0 1.0 0.0 0.0 12.0 0.0
2672.001273204891 0.0 0.0 0.0 1.0 0.0 0.0 12.0 0.0
2673.001273204891 0.0 0.0 0.0 1.0 0.0 0.0 12.0 0.0
2674.001273204891 0.0 0.0 0.0 1.0 0.0 0.0 12.0 0.0
2675.001273204891 0.0 0.0 0.0 1.0 0.0 0.0 12.0 0.0
2676.001273204891 0.0 0.0 0.0 1.0 0.0 0.0 12.0 0.0
2677.001273204891 0.0 0.0 0.0 1.0 0.0 0.0 12.0 0.0
2678.001273204891 0.0 0.0 0.0 1.0 0.0 0.0 12.0 0.0
2679.001273204891 0.0 0.0 0.0 1.0 0.0 0.0 12.0 0.0
2680.0003735613986 0.0 0.0 0.0 1.0 0.0 0.0 12.0 0.0
2681.001273204891 0.0 0.0 0.0 1.0 0.0 0.0 12.0 0.0
2682.001273204891 0.0 0.0 0.0 1.0 0.0 0.0 12.0 0.0
2683.001273204891 0.0 0.0 0.0 1.0 0.0 0.0 12.0 0.0
2684.001273204891 0.0 0.0 0.0 1.0 0.0 0.0 12.0 0.0
2685.001273204891 0.0 0.0 0.0 1.0 0.0 0.0 12.0 0.0
2686.0002368205196 0.0 0.0 0.0 1.0 0.0 0.0 12.0 0.0
2687.001273204891 0.0 0.0 0.0 1.0 0.0 0.0 12.0 0.0
2688.001273204891 0.0 0.0 0.0 1.0 0.0 0.0 12.0 0.0
2689.001273204891 0.0 0.0 0.0 1.0 0.0 0.0 12.0 0.0
2690.001273204891 0.0 0.0 0.0 1.0 0.0 0.0 12.0 0.0
2691.001273204891 0.0 0.0 0.0 1.0 0.0 0.0 12.0 0.0
2692.001273204891 0.0 0.0 0.0 1.0 0.0 0.0 12.0 0.0
2693.001273204891 0.0 0.0 0.0 1.0 0.0 0.0 12.0 0.0
2694.001273204891 0.0 0.0 0.0 1.0 0.0 0.0 12.0 0.0
2695.001273204891 0.0 0.0 0.0 1.0 0.0 0.0 12.0 0.0
2696.001273204891 0.0 0.0 0.0 1.0 0.0 0.0 12.0 0.0
2697.001273204891 0.0 0.0 0.0 1.0 0.0 0.0 12.0 0.0
2698.001273204891 0.0 0.0 0.0 1.0 0.0 0.0 12.0 0.0
2699.001273204891 0.0 0.0 0.0 1.0 0.0 0.0 12.0 0.0
2700.001273204891 0.0 0.0 0.0 1.0 0.0 0.0 12.0 0.0
2701.000888792946 0.0 0.0 0.0 1.0 0.0 0.0 12.0 0.0
2702.001273204891 0.0 0.0 0.0 1.0 0.0 0.0 12.0 0.0
2703.001273204891 0.0 0.0 0.0 1.0 0.0 0.0 12.0 0.0
2704.001273204891 0.0 0.0 0.0 1.0 0.0 0.0 12.0 0.0
2705.001273204891 0.0 0.0 0.0 1.0 0.0 0.0 12.0 0.0
2706.001273204891 0.0 0.0 0.0 1.0 0.0 0.0 12.0 0.0
2707.0000757050666 0.0 0.0 0.0 1.0 0.0 0.0 12.0 0.0
2708.001273204891 0.0 0.0 0.0 1.0 0.0 0.0 12.0 0.0
2709.001273204891 0.0 0.0 0.0 1.0 0.0 0.0 12.0 0.0
2710.001273204891 0.0 0.0 0.0 1.0 0.0 0.0 12.0 0.0
2711.001273204891 0.0 0.0 0.0 1.0 0.0 0.0 12.0 0.0
2712.0008784758684 0.0 0.0 0.0 1.0 0.0 0.0 12.0 0.0
2713.0002593549993 0.0 0.0 0.0 1.0 0.0 0.0 12.0 0.0
2714.001273204891 0.0 0.0 0.0 1.0 0.0 0.0 12.0 0.0
2715.001273204891 0.0 0.0 0.0 1.0 0.0 0.0 12.0 0.0
2716.000476769061 0.0 0.0 0.0 1.0 0.0 0.0 12.0 0.0
2717.001273204891 0.0 0.0 0.0 1.0 0.0 0.0 12.0 0.0
2718.000979226613 0.0 0.0 0.0 1.0 0.0 0.0 12.0 0.0
2719.001273204891 0.0 0.0 0.0 1.0 0.0 0.0 12.0 0.0
2720.001273204891 0.0 0.0 0.0 1.0 0.0 0.0 12.0 0.0
2721.001273204891 0.0 0.0 0.0 1.0 0.0 0.0 12.0 0.0
2722.001273204891 0.0 0.0 0.0 1.0 0.0 0.0 12.0 0.0
2723.0001187950643 0.0 0.0 0.0 1.0 0.0 0.0 12.0 0.0
2724.001273204891 0.0 0.0 0.0 1.0 0.0 0.0 12.0 0.0
2725.001273204891 0.0 0.0 0.0 1.0 0.0 0.0 12.0 0.0
2726.001273204891 0.0 0.0 0.0 1.0 0.0 0.0 12.0 0.0
2727.001273204891 0.0 0.0 0.0 1.0 0.0 0.0 12.0 0.0
2728.0002601560905 0.0 0.0 0.0 1.0 0.0 0.0 12.0 0.0
2729.001273204891 0.0 0.0 0.0 1.0 0.0 0.0 12.0 0.0
2730.001273204891 0.0 0.0 0.0 1.0 0.0 0.0 12.0 0.0
2731.001273204891 0.0 0.0 0.0 1.0 0.0 0.0 12.0 0.0
2732.001273204891 0.0 0.0 0.0 1.0 0.0 0.0 12.0 0.0
2733.001273204891 0.0 0.0 0.0 1.0 0.0 0.0 12.0 0.0
2734.001273204891 0.0 0.0 0.0 1.0 0.0 0.0 12.0 0.0
2735.001273204891 0.0 0.0 0.0 1.0 0.0 0.0 12.0 0.0
2736.001273204891 0.0 0.0 0.0 1.0 0.0 0.0 12.0 0.0
2737.001273204891 0.0 0.0 0.0 1.0 0.0 0.0 12.0 0.0
2738.001273204891 0.0 0.0 0.0 1.0 0.0 0.0 12.0 0.0
2739.001273204891 0.0 0.0 0.0 1.0 0.0 0.0 12.0 0.0
2740.001273204891 0.0 0.0 0.0 1.0 0.0 0.0 12.0 0.0
2741.0002119077335 0.0 0.0 0.0 1.0 0.0 0.0 12.0 0.0
2742.001273204891 0.0 0.0 0.0 1.0 0.0 0.0 12.0 0.0
2743.001273204891 0.0 0.0 0.0 1.0 0.0 0.0 12.0 0.0
2744.001273204891 0.0 0.0 0.0 1.0 0.0 0.0 12.0 0.0
2745.001273204891 0.0 0.0 0.0 1.0 0.0 0.0 12.0 0.0
2746.001273204891 0.0 0.0 0.0 1.0 0.0 0.0 12.0 0.0
2747.001273204891 0.0 0.0 0.0 1.0 0.0 0.0 12.0 0.0
2748.001273204891 0.0 0.0 0.0 1.0 0.0 0.0 12.0 0.0
2749.000685018397 0.0 0.0 0.0 1.0 0.0 0.0 12.0 0.0
2750.0001059912092 0.0 0.0 0.0 1.0 0.0 0.0 12.0 0.0
2751.0004268268535 0.0 0.0 0.0 1.0 0.0 0.0 12.0 0.0
2752.001273204891 0.0 0.0 0.0 1.0 0.0 0.0 12.0 0.0
2753.001273204891 0.0 0.0 0.0 1.0 0.0 0.0 12.0 0.0
2754.001273204891 0.0 0.0 0.0 1.0 0.0 0.0 12.0 0.0
2755.001273204891 0.0 0.0 0.0 1.0 0.0 0.0 12.0 0.0
2756.001273204891 0.0 0.0 0.0 1.0 0.0 0.0 12.0 0.0
2757.001273204891 0.0 0.0 0.0 1.0 0.0 0.0 12.0 0.0
2758.001273204891 0.0 0.0 0.0 1.0 0.0 0.0 12.0 0.0
2759.001273204891 0.0 0.0 0.0 1.0 0.0 0.0 12.0 0.0
2760.0008052488374 0.0 0.0 0.0 1.0 0.0 0.0 12.0 0.0
2761.001273204891 0.0 0.0 0.0 1.0 0.0 0.0 12.0 0.0
2762.001273204891 0.0 0.0 0.0 1.0 0.0 0.0 12.0 0.0
2763.001273204891 0.0 0.0 0.0 1.0 0.0 0.0 12.0 0.0
2764.001273204891 0.0 0.0 0.0 1.0 0.0 0.0 12.0 0.0
2765.0006033656264 0.0 0.0 0.0 1.0 0.0 0.0 12.0 0.0
2766.001273204891 0.0 0.0 0.0 1.0 0.0 0.0 12.0 0.0
2767.001273204891 0.0 0.0 0.0 1.0 0.0 0.0 12.0 0.0
2768.001273204891 0.0 0.0 0.0 1.0 0.0 0.0 12.0 0.0
2769.001273204891 0.0 0.0 0.0 1.0 0.0 0.0 12.0 0.0
2770.001273204891 0.0 0.0 0.0 1.0 0.0 0.0 12.0 0.0
2771.001273204891 0.0 0.0 0.0 1.0 0.0 0.0 12.0 0.0
2772.001273204891 0.0 0.0 0.0 1.0 0.0 0.0 12.0 0.0
2773.001273204891 0.0 0.0 0.0 1.0 0.0 0.0 12.0 0.0
2774.001273204891 0.0 0.0 0.0 1.0 0.0 0.0 12.0 0.0
2775.001273204891 0.0 0.0 0.0 1.0 0.0 0.0 12.0 0.0
2776.001273204891 0.0 0.0 0.0 1.0 0.0 0.0 12.0 0.0
2777.001273204891 0.0 0.0 0.0 1.0 0.0 0.0 12.0 0.0
2778.001273204891 0.0 0.0 0.0 1.0 0.0 0.0 12.0 0.0
2779.001273204891 0.0 0.0 0.0 1.0 0.0 0.0 12.0 0.0
2780.001273204891 0.0 0.0 0.0 1.0 0.0 0.0 12.0 0.0
2781.001273204891 0.0 0.0 0.0 1.0 0.0 0.0 12.0 0.0
2782.001273204891 0.0 0.0 0.0 1.0 0.0 0.0 12.0 0.0
2783.001273204891 0.0 0.0 0.0 1.0 0.0 0.0 12.0 0.0
2784.001273204891 0.0 0.0 0.0 1.0 0.0 0.0 12.0 0.0
2785.001273204891 0.0 0.0 0.0 1.0 0.0 0.0 12.0 0.0
2786.001273204891 0.0 0.0 0.0 1.0 0.0 0.0 12.0 0.0
2787.001273204891 0.0 0.0 0.0 1.0 0.0 0.0 12.0 0.0
2788.001273204891 0.0 0.0 0.0 1.0 0.0 0.0 12.0 0.0
2789.001273204891 0.0 0.0 0.0 1.0 0.0 0.0 12.0 0.0
2790.0005267354795 0.0 0.0 0.0 1.0 0.0 0.0 12.0 0.0
2791.00040885184 0.0 0.0 0.0 1.0 0.0 0.0 12.0 0.0
2792.0006334378368 0.0 0.0 0.0 1.0 0.0 0.0 12.0 0.0
2793.001273204891 0.0 0.0 0.0 1.0 0.0 0.0 12.0 0.0
2794.001273204891 0.0 0.0 0.0 1.0 0.0 0.0 12.0 0.0
2795.001273204891 0.0 0.0 0.0 1.0 0.0 0.0 12.0 0.0
2796.001273204891 0.0 0.0 0.0 1.0 0.0 0.0 12.0 0.0
2797.001273204891 0.0 0.0 0.0 1.0 0.0 0.0 12.0 0.0
2798.001273204891 0.0 0.0 0.0 1.0 0.0 0.0 12.0 0.0
2799.001152006616 0.0 0.0 0.0 1.0 0.0 0.0 12.0 0.0
2800.0004994442957 0.0 0.0 0.0 1.0 0.0 0.0 12.0 0.0
2801.0011974944396 0.0 0.0 0.0 1.0 0.0 0.0 12.0 0.0
2802.001049827941 0.0 0.0 0.0 1.0 0.0 0.0 12.0 0.0
2803.001273204891 0.0 0.0 0.0 1.0 0.0 0.0 12.0 0.0
2804.0009750155637 0.0 0.0 0.0 1.0 0.0 0.0 12.0 0.0
2805.001273204891 0.0 0.0 0.0 1.0 0.0 0.0 12.0 0.0
2806.001273204891 0.0 0.0 0.0 1.0 0.0 0.0 12.0 0.0
2807.001273204891 0.0 0.0 0.0 1.0 0.0 0.0 12.0 0.0
2808.001273204891 0.0 0.0 0.0 1.0 0.0 0.0 12.0 0.0
2809.0002847377846 0.0 0.0 0.0 1.0 0.0 0.0 12.0 0.0
2810.001273204891 0.0 0.0 0.0 1.0 0.0 0.0 12.0 0.0
2811.001273204891 0.0 0.0 0.0 1.0 0.0 0.0 12.0 0.0
2812.00020576718 0.0 0.0 0.0 1.0 0.0 0.0 12.0 0.0
2813.001273204891 0.0 0.0 0.0 1.0 0.0 0.0 12.0 0.0
2814.001273204891 0.0 0.0 0.0 1.0 0.0 0.0 12.0 0.0
2815.000895534366 0.0 0.0 0.0 1.0 0.0 0.0 12.0 0.0
2816.001273204891 0.0 0.0 0.0 1.0 0.0 0.0 12.0 0.0
2817.001273204891 0.0 0.0 0.0 1.0 0.0 0.0 12.0 0.0
2818.001273204891 0.0 0.0 0.0 1.0 0.0 0.0 12.0 0.0
2819.001273204891 0.0 0.0 0.0 1.0 0.0 0.0 12.0 0.0
2820.000028877201 0.0 0.0 0.0 1.0 0.0 0.0 12.0 0.0
2821.001273204891 0.0 0.0 0.0 1.0 0.0 0.0 12.0 0.0
2822.001273204891 0.0 0.0 0.0 1.0 0.0 0.0 12.0 0.0
2823.001273204891 0.0 0.0 0.0 1.0 0.0 0.0 12.0 0.0
2824.001273204891 0.0 0.0 0.0 1.0 0.0 0.0 12.0 0.0
2825.001273204891 0.0 0.0 0.0 1.0 0.0 0.0 12.0 0.0
2826.001273204891 0.0 0.0 0.0 1.0 0.0 0.0 12.0 0.0
2827.001273204891 0.0 0.0 0.0 1.0 0.0 0.0 12.0 0.0
2828.001273204891 0.0 0.0 0.0 1.0 0.0 0.0 12.0 0.0
2829.001273204891 0.0 0.0 0.0 1.0 0.0 0.0 12.0 0.0
2830.001273204891 0.0 0.0 0.0 1.0 0.0 0.0 12.0 0.0
2831.001273204891 0.0 0.0 0.0 1.0 0.0 0.0 12.0 0.0
2832.001273204891 0.0 0.0 0.0 1.0 0.0 0.0 12.0 0.0
2833.0001369039983 0.0 0.0 0.0 1.0 0.0 0.0 12.0 0.0
2834.001273204891 0.0 0.0 0.0 1.0 0.0 0.0 12.0 0.0
2835.001273204891 0.0 0.0 0.0 1.0 0.0 0.0 12.0 0.0
2836.001273204891 0.0 0.0 0.0 1.0 0.0 0.0 12.0 0.0
2837.001273204891 0.0 0.0 0.0 1.0 0.0 0.0 12.0 0.0
2838.001273204891 0.0 0.0 0.0 1.0 0.0 0.0 12.0 0.0
2839.001273204891 0.0 0.0 0.0 1.0 0.0 0.0 12.0 0.0
2840.001273204891 0.0 0.0 0.0 1.0 0.0 0.0 12.0 0.0
2841.0011561659467 0.0 0.0 0.0 1.0 0.0 0.0 12.0 0.0
2842.001273204891 0.0 0.0 0.0 1.0 0.0 0.0 12.0 0.0
2843.001273204891 0.0 0.0 0.0 1.0 0.0 0.0 12.0 0.0
2844.001273204891 0.0 0.0 0.0 1.0 0.0 0.0 12.0 0.0
2845.001273204891 0.0 0.0 0.0 1.0 0.0 0.0 12.0 0.0
2846.001026469955 0.0 0.0 0.0 1.0 0.0 0.0 12.0 0.0
2847.001273204891 0.0 0.0 0.0 1.0 0.0 0.0 12.0 0.0
2848.001273204891 0.0 0.0 0.0 1.0 0.0 0.0 12.0 0.0
2849.001273204891 0.0 0.0 0.0 1.0 0.0 0.0 12.0 0.0
2850.001138124126 0.0 0.0 0.0 1.0 0.0 0.0 12.0 0.0
2851.001273204891 0.0 0.0 0.0 1.0 0.0 0.0 12.0 0.0
2852.001273204891 0.0 0.0 0.0 1.0 0.0 0.0 12.0 0.0
2853.001273204891 0.0 0.0 0.0 1.0 0.0 0.0 12.0 0.0
2854.001273204891 0.0 0.0 0.0 1.0 0.0 0.0 12.0 0.0
2855.001273204891 0.0 0.0 0.0 1.0 0.0 0.0 12.0 0.0
2856.001273204891 0.0 0.0 0.0 1.0 0.0 0.0 12.0 0.0
2857.0004126192616 0.0 0.0 0.0 1.0 0.0 0.0 12.0 0.0
2858.001273204891 0.0 0.0 0.0 1.0 0.0 0.0 12.0 0.0
2859.001273204891 0.0 0.0 0.0 1.0 0.0 0.0 12.0 0.0
2860.001273204891 0.0 0.0 0.0 1.0 0.0 0.0 12.0 0.0
2861.001273204891 0.0 0.0 0.0 1.0 0.0 0.0 12.0 0.0
2862.001273204891 0.0 0.0 0.0 1.0 0.0 0.0 12.0 0.0
2863.001273204891 0.0 0.0 0.0 1.0 0.0 0.0 12.0 0.0
2864.001273204891 0.0 0.0 0.0 1.0 0.0 0.0 12.0 0.0
2865.001273204891 0.0 0.0 0.0 1.0 0.0 0.0 12.0 0.0
2866.001273204891 0.0 0.0 0.0 1.0 0.0 0.0 12.0 0.0
2867.00005551211 0.0 0.0 0.0 1.0 0.0 0.0 12.0 0.0
2868.001273204891 0.0 0.0 0.0 1.0 0.0 0.0 12.0 0.0
2869.001273204891 0.0 0.0 0.0 1.0 0.0 0.0 12.0 0.0
2870.001273204891 0.0 0.0 0.0 1.0 0.0 0.0 12.0 0.0
2871.001273204891 0.0 0.0 0.0 1.0 0.0 0.0 12.0 0.0
2872.001273204891 0.0 0.0 0.0 1.0 0.0 0.0 12.0 0.0
2873.001273204891 0.0 0.0 0.0 1.0 0.0 0.0 12.0 0.0
2874.001273204891 0.0 0.0 0.0 1.0 0.0 0.0 12.0 0.0
2875.001273204891 0.0 0.0 0.0 1.0 0.0 0.0 12.0 0.0
2876.001273204891 0.0 0.0 0.0 1.0 0.0 0.0 12.0 0.0
2877.001273204891 0.0 0.0 0.0 1.0 0.0 0.0 12.0 0.0
2878.00125185028 0.0 0.0 0.0 1.0 0.0 0.0 12.0 0.0
2879.000449487432 0.0 0.0 0.0 1.0 0.0 0.0 12.0 0.0
2880.001273204891 0.0 0.0 0.0 1.0 0.0 0.0 12.0 0.0
2881.001273204891 0.0 0.0 0.0 1.0 0.0 0.0 12.0 0.0
2882.0005261561564 0.0 0.0 0.0 1.0 0.0 0.0 12.0 0.0
2883.000035229681 0.0 0.0 0.0 1.0 0.0 0.0 12.0 0.0
2884.001273204891 0.0 0.0 0.0 1.0 0.0 0.0 12.0 0.0
2885.001273204891 0.0 0.0 0.0 1.0 0.0 0.0 12.0 0.0
2886.001273204891 0.0 0.0 0.0 1.0 0.0 0.0 12.0 0.0
2887.001273204891 0.0 0.0 0.0 1.0 0.0 0.0 12.0 0.0
2888.001273204891 0.0 0.0 0.0 1.0 0.0 0.0 12.0 0.0
2889.001273204891 0.0 0.0 0.0 1.0 0.0 0.0 12.0 0.0
2890.001273204891 0.0 0.0 0.0 1.0 0.0 0.0 12.0 0.0
2891.001273204891 0.0 0.0 0.0 1.0 0.0 0.0 12.0 0.0
2892.001273204891 0.0 0.0 0.0 1.0 0.0 0.0 12.0 0.0
2893.001273204891 0.0 0.0 0.0 1.0 0.0 0.0 12.0 0.0
2894.001273204891 0.0 0.0 0.0 1.0 0.0 0.0 12.0 0.0
2895.001273204891 0.0 0.0 0.0 1.0 0.0 0.0 12.0 0.0
2896.001273204891 0.0 0.0 0.0 1.0 0.0 0.0 12.0 0.0
2897.001273204891 0.0 0.0 0.0 1.0 0.0 0.0 12.0 0.0
2898.001273204891 0.0 0.0 0.0 1.0 0.0 0.0 12.0 0.0
2899.001273204891 0.0 0.0 0.0 1.0 0.0 0.0 12.0 0.0
2900.001273204891 0.0 0.0 0.0 1.0 0.0 0.0 12.0 0.0
2901.001273204891 0.0 0.0 0.0 1.0 0.0 0.0 12.0 0.0
2902.001273204891 0.0 0.0 0.0 1.0 0.0 0.0 12.0 0.0
2903.001273204891 0.0 0.0 0.0 1.0 0.0 0.0 12.0 0.0
2904.001273204891 0.0 0.0 0.0 1.0 0.0 0.0 12.0 0.0
2905.001273204891 0.0 0.0 0.0 1.0 0.0 0.0 12.0 0.0
2906.001273204891 0.0 0.0 0.0 1.0 0.0 0.0 12.0 0.0
2907.001273204891 0.0 0.0 0.0 1.0 0.0 0.0 12.0 0.0
2908.001273204891 0.0 0.0 0.0 1.0 0.0 0.0 12.0 0.0
2909.001273204891 0.0 0.0 0.0 1.0 0.0 0.0 12.0 0.0
2910.001273204891 0.0 0.0 0.0 1.0 0.0 0.0 12.0 0.0
2911.001273204891 0.0 0.0 0.0 1.0 0.0 0.0 12.0 0.0
2912.001273204891 0.0 0.0 0.0 1.0 0.0 0.0 12.0 0.0
2913.001273204891 0.0 0.0 0.0 1.0 0.0 0.0 12.0 0.0
2914.001273204891 0.0 0.0 0.0 1.0 0.0 0.0 12.0 0.0
2915.000831767064 0.0 0.0 0.0 1.0 0.0 0.0 12.0 0.0
2916.001273204891 0.0 0.0 0.0 1.0 0.0 0.0 12.0 0.0
2917.001273204891 0.0 0.0 0.0 1.0 0.0 0.0 12.0 0.0
2918.001273204891 0.0 0.0 0.0 1.0 0.0 0.0 12.0 0.0
2919.001273204891 0.0 0.0 0.0 1.0 0.0 0.0 12.0 0.0
2920.001273204891 0.0 0.0 0.0 1.0 0.0 0.0 12.0 0.0
2921.001273204891 0.0 0.0 0.0 1.0 0.0 0.0 12.0 0.0
2922.001273204891 0.0 0.0 0.0 1.0 0.0 0.0 12.0 0.0
2923.001273204891 0.0 0.0 0.0 1.0 0.0 0.0 12.0 0.0
2924.000586816001 0.0 0.0 0.0 1.0 0.0 0.0 12.0 0.0
2925.001273204891 0.0 0.0 0.0 1.0 0.0 0.0 12.0 0.0
2926.001273204891 0.0 0.0 0.0 1.0 0.0 0.0 12.0 0.0
2927.0007961561905 0.0 0.0 0.0 1.0 0.0 0.0 12.0 0.0
2928.001273204891 0.0 0.0 0.0 1.0 0.0 0.0 12.0 0.0
2929.001273204891 0.0 0.0 0.0 1.0 0.0 0.0 12.0 0.0
2930.0007478974962 0.0 0.0 0.0 1.0 0.0 0.0 12.0 0.0
2931.001273204891 0.0 0.0 0.0 1.0 0.0 0.0 12.0 0.0
2932.001273204891 0.0 0.0 0.0 1.0 0.0 0.0 12.0 0.0
2933.001273204891 0.0 0.0 0.0 1.0 0.0 0.0 12.0 0.0
2934.001273204891 0.0 0.0 0.0 1.0 0.0 0.0 12.0 0.0
2935.001273204891 0.0 0.0 0.0 1.0 0.0 0.0 12.0 0.0
2936.000733187689 0.0 0.0 0.0 1.0 0.0 0.0 12.0 0.0
2937.001273204891 0.0 0.0 0.0 1.0 0.0 0.0 12.0 0.0
2938.001273204891 0.0 0.0 0.0 1.0 0.0 0.0 12.0 0.0
2939.000044159621 0.0 0.0 0.0 1.0 0.0 0.0 12.0 0.0
2940.000404276716 0.0 0.0 0.0 1.0 0.0 0.0 12.0 0.0
2941.000711704839 0.0 0.0 0.0 1.0 0.0 0.0 12.0 0.0
2942.001273204891 0.0 0.0 0.0 1.0 0.0 0.0 12.0 0.0
2943.001273204891 0.0 0.0 0.0 1.0 0.0 0.0 12.0 0.0
2944.001273204891 0.0 0.0 0.0 1.0 0.0 0.0 12.0 0.0
2945.001273204891 0.0 0.0 0.0 1.0 0.0 0.0 12.0 0.0
2946.001273204891 0.0 0.0 0.0 1.0 0.0 0.0 12.0 0.0
2947.001273204891 0.0 0.0 0.0 1.0 0.0 0.0 12.0 0.0
2948.0003031182027 0.0 0.0 0.0 1.0 0.0 0.0 12.0 0.0
2949.001273204891 0.0 0.0 0.0 1.0 0.0 0.0 12.0 0.0
2950.001273204891 0.0 0.0 0.0 1.0 0.0 0.0 12.0 0.0
2951.001273204891 0.0 0.0 0.0 1.0 0.0 0.0 12.0 0.0
2952.001273204891 0.0 0.0 0.0 1.0 0.0 0.0 12.0 0.0
2953.001273204891 0.0 0.0 0.0 1.0 0.0 0.0 12.0 0.0
2954.0000844054866 0.0 0.0 0.0 1.0 0.0 0.0 12.0 0.0
2955.001273204891 0.0 0.0 0.0 1.0 0.0 0.0 12.0 0.0
2956.001273204891 0.0 0.0 0.0 1.0 0.0 0.0 12.0 0.0
2957.001136685432 0.0 0.0 0.0 1.0 0.0 0.0 12.0 0.0
2958.001273204891 0.0 0.0 0.0 1.0 0.0 0.0 12.0 0.0
2959.001273204891 0.0 0.0 0.0 1.0 0.0 0.0 12.0 0.0
2960.000729581216 0.0 0.0 0.0 1.0 0.0 0.0 12.0 0.0
2961.001164816769 0.0 0.0 0.0 1.0 0.0 0.0 12.0 0.0
2962.000407155703 0.0 0.0 0.0 1.0 0.0 0.0 12.0 0.0
2963.001273204891 0.0 0.0 0.0 1.0 0.0 0.0 12.0 0.0
2964.000117379197 0.0 0.0 0.0 1.0 0.0 0.0 12.0 0.0
2965.001273204891 0.0 0.0 0.0 1.0 0.0 0.0 12.0 0.0
2966.001273204891 0.0 0.0 0.0 1.0 0.0 0.0 12.0 0.0
2967.001273204891 0.0 0.0 0.0 1.0 0.0 0.0 12.0 0.0
2968.001273204891 0.0 0.0 0.0 1.0 0.0 0.0 12.0 0.0
2969.000884955665 0.0 0.0 0.0 1.0 0.0 0.0 12.0 0.0
2970.001273204891 0.0 0.0 0.0 1.0 0.0 0.0 12.0 0.0
2971.001273204891 0.0 0.0 0.0 1.0 0.0 0.0 12.0 0.0
2972.001273204891 0.0 0.0 0.0 1.0 0.0 0.0 12.0 0.0
2973.001273204891 0.0 0.0 0.0 1.0 0.0 0.0 12.0 0.0
2974.001273204891 0.0 0.0 0.0 1.0 0.0 0.0 12.0 0.0
2975.001273204891 0.0 0.0 0.0 1.0 0.0 0.0 12.0 0.0
2976.001046186262 0.0 0.0 0.0 1.0 0.0 0.0 12.0 0.0
2977.001273204891 0.0 0.0 0.0 1.0 0.0 0.0 12.0 0.0
2978.001273204891 0.0 0.0 0.0 1.0 0.0 0.0 12.0 0.0
2979.001273204891 0.0 0.0 0.0 1.0 0.0 0.0 12.0 0.0
2980.001273204891 0.0 0.0 0.0 1.0 0.0 0.0 12.0 0.0
2981.001273204891 0.0 0.0 0.0 1.0 0.0 0.0 12.0 0.0
2982.001273204891 0.0 0.0 0.0 1.0 0.0 0.0 12.0 0.0
2983.001273204891 0.0 0.0 0.0 1.0 0.0 0.0 12.0 0.0
2984.000297896585 0.0 0.0 0.0 1.0 0.0 0.0 12.0 0.0
2985.0007100511925 0.0 0.0 0.0 1.0 0.0 0.0 12.0 0.0
2986.001273204891 0.0 0.0 0.0 1.0 0.0 0.0 12.0 0.0
2987.001273204891 0.0 0.0 0.0 1.0 0.0 0.0 12.0 0.0
2988.001273204891 0.0 0.0 0.0 1.0 0.0 0.0 12.0 0.0
2989.0002284797597 0.0 0.0 0.0 1.0 0.0 0.0 12.0 0.0
2990.001273204891 0.0 0.0 0.0 1.0 0.0 0.0 12.0 0.0
2991.001273204891 0.0 0.0 0.0 1.0 0.0 0.0 12.0 0.0
2992.001273204891 0.0 0.0 0.0 1.0 0.0 0.0 12.0 0.0
2993.0003467075076 0.0 0.0 0.0 1.0 0.0 0.0 12.0 0.0
2994.001273204891 0.0 0.0 0.0 1.0 0.0 0.0 12.0 0.0
2995.001273204891 0.0 0.0 0.0 1.0 0.0 0.0 12.0 0.0
2996.001273204891 0.0 0.0 0.0 1.0 0.0 0.0 12.0 0.0
2997.0000559963914 0.0 0.0 0.0 1.0 0.0 0.0 12.0 0.0
2998.001273204891 0.0 0.0 0.0 1.0 0.0 0.0 12.0 0.0
2999.001273204891 0.0 0.0 0.0 1.0 0.0 0.0 12.0 0.0
3000.000382413329 0.0 0.0 0.0 1.0 0.0 0.0 12.0 0.0
3001.000697502325 0.0 0.0 0.0 1.0 0.0 0.0 12.0 0.0
3002.001045868808 0.0 0.0 0.0 1.0 0.0 0.0 12.0 0.0
3003.0007288435813 0.0 0.0 0.0 1.0 0.0 0.0 12.0 0.0
3004.0004861312245 0.0 0.0 0.0 1.0 0.0 0.0 12.0 0.0
3005.0003673393744 0.0 0.0 0.0 1.0 0.0 0.0 12.0 0.0
3006.001273204891 0.0 0.0 0.0 1.0 0.0 0.0 12.0 0.0
3007.001273204891 0.0 0.0 0.0 1.0 0.0 0.0 12.0 0.0
3008.001273204891 0.0 0.0 0.0 1.0 0.0 0.0 12.0 0.0
3009.001273204891 0.0 0.0 0.0 1.0 0.0 0.0 12.0 0.0
3010.001273204891 0.0 0.0 0.0 1.0 0.0 0.0 12.0 0.0
3011.001273204891 0.0 0.0 0.0 1.0 0.0 0.0 12.0 0.0
3012.001273204891 0.0 0.0 0.0 1.0 0.0 0.0 12.0 0.0
3013.000072964836 0.0 0.0 0.0 1.0 0.0 0.0 12.0 0.0
3014.001273204891 0.0 0.0 0.0 1.0 0.0 0.0 12.0 0.0
3015.001273204891 0.0 0.0 0.0 1.0 0.0 0.0 12.0 0.0
3016.001273204891 0.0 0.0 0.0 1.0 0.0 0.0 12.0 0.0
3017.001273204891 0.0 0.0 0.0 1.0 0.0 0.0 12.0 0.0
3018.0005122596076 0.0 0.0 0.0 1.0 0.0 0.0 12.0 0.0
3019.001273204891 0.0 0.0 0.0 1.0 0.0 0.0 12.0 0.0
3020.001273204891 0.0 0.0 0.0 1.0 0.0 0.0 12.0 0.0
3021.001273204891 0.0 0.0 0.0 1.0 0.0 0.0 12.0 0.0
3022.001273204891 0.0 0.0 0.0 1.0 0.0 0.0 12.0 0.0
3023.0011289027625 0.0 0.0 0.0 1.0 0.0 0.0 12.0 0.0
3024.000977979607 0.0 0.0 0.0 1.0 0.0 0.0 12.0 0.0
3025.001273204891 0.0 0.0 0.0 1.0 0.0 0.0 12.0 0.0
3026.001273204891 0.0 0.0 0.0 1.0 0.0 0.0 12.0 0.0
3027.001273204891 0.0 0.0 0.0 1.0 0.0 0.0 12.0 0.0
3028.0003657644324 0.0 0.0 0.0 1.0 0.0 0.0 12.0 0.0
3029.001273204891 0.0 0.0 0.0 1.0 0.0 0.0 12.0 0.0
3030.001273204891 0.0 0.0 0.0 1.0 0.0 0.0 12.0 0.0
3031.001273204891 0.0 0.0 0.0 1.0 0.0 0.0 12.0 0.0
3032.001273204891 0.0 0.0 0.0 1.0 0.0 0.0 12.0 0.0
3033.001273204891 0.0 0.0 0.0 1.0 0.0 0.0 12.0 0.0
3034.001273204891 0.0 0.0 0.0 1.0 0.0 0.0 12.0 0.0
3035.001273204891 0.0 0.0 0.0 1.0 0.0 0.0 12.0 0.0
3036.001273204891 0.0 0.0 0.0 1.0 0.0 0.0 12.0 0.0
3037.001273204891 0.0 0.0 0.0 1.0 0.0 0.0 12.0 0.0
3038.0007671552917 0.0 0.0 0.0 1.0 0.0 0.0 12.0 0.0
3039.0000832941223 0.0 0.0 0.0 1.0 0.0 0.0 12.0 0.0
3040.0001301095713 0.0 0.0 0.0 1.0 0.0 0.0 12.0 0.0
3041.001273204891 0.0 0.0 0.0 1.0 0.0 0.0 12.0 0.0
3042.001273204891 0.0 0.0 0.0 1.0 0.0 0.0 12.0 0.0
3043.001273204891 0.0 0.0 0.0 1.0 0.0 0.0 12.0 0.0
3044.001273204891 0.0 0.0 0.0 1.0 0.0 0.0 12.0 0.0
3045.001273204891 0.0 0.0 0.0 1.0 0.0 0.0 12.0 0.0
3046.001273204891 0.0 0.0 0.0 1.0 0.0 0.0 12.0 0.0
3047.001273204891 0.0 0.0 0.0 1.0 0.0 0.0 12.0 0.0
3048.001273204891 0.0 0.0 0.0 1.0 0.0 0.0 12.0 0.0
3049.00017460109 0.0 0.0 0.0 1.0 0.0 0.0 12.0 0.0
3050.001273204891 0.0 0.0 0.0 1.0 0.0 0.0 12.0 0.0
3051.001273204891 0.0 0.0 0.0 1.0 0.0 0.0 12.0 0.0
3052.001273204891 0.0 0.0 0.0 1.0 0.0 0.0 12.0 0.0
3053.001159154069 0.0 0.0 0.0 1.0 0.0 0.0 12.0 0.0
3054.001273204891 0.0 0.0 0.0 1.0 0.0 0.0 12.0 0.0
3055.001273204891 0.0 0.0 0.0 1.0 0.0 0.0 12.0 0.0
3056.001273204891 0.0 0.0 0.0 1.0 0.0 0.0 12.0 0.0
3057.001273204891 0.0 0.0 0.0 1.0 0.0 0.0 12.0 0.0
3058.001273204891 0.0 0.0 0.0 1.0 0.0 0.0 12.0 0.0
3059.001273204891 0.0 0.0 0.0 1.0 0.0 0.0 12.0 0.0
3060.001273204891 0.0 0.0 0.0 1.0 0.0 0.0 12.0 0.0
3061.001273204891 0.0 0.0 0.0 1.0 0.0 0.0 12.0 0.0
3062.001273204891 0.0 0.0 0.0 1.0 0.0 0.0 12.0 0.0
3063.001273204891 0.0 0.0 0.0 1.0 0.0 0.0 12.0 0.0
3064.001273204891 0.0 0.0 0.0 1.0 0.0 0.0 12.0 0.0
3065.001273204891 0.0 0.0 0.0 1.0 0.0 0.0 12.0 0.0
3066.001273204891 0.0 0.0 0.0 1.0 0.0 0.0 12.0 0.0
3067.001273204891 0.0 0.0 0.0 1.0 0.0 0.0 12.0 0.0
3068.001273204891 0.0 0.0 0.0 1.0 0.0 0.0 12.0 0.0
3069.001273204891 0.0 0.0 0.0 1.0 0.0 0.0 12.0 0.0
3070.001273204891 0.0 0.0 0.0 1.0 0.0 0.0 12.0 0.0
3071.001273204891 0.0 0.0 0.0 1.0 0.0 0.0 12.0 0.0
3072.001273204891 0.0 0.0 0.0 1.0 0.0 0.0 12.0 0.0
3073.0001134416007 0.0 0.0 0.0 1.0 0.0 0.0 12.0 0.0
3074.001273204891 0.0 0.0 0.0 1.0 0.0 0.0 12.0 0.0
3075.001273204891 0.0 0.0 0.0 1.0 0.0 0.0 12.0 0.0
3076.001273204891 0.0 0.0 0.0 1.0 0.0 0.0 12.0 0.0
3077.001273204891 0.0 0.0 0.0 1.0 0.0 0.0 12.0 0.0
3078.0010427477027 0.0 0.0 0.0 1.0 0.0 0.0 12.0 0.0
3079.001273204891 0.0 0.0 0.0 1.0 0.0 0.0 12.0 0.0
3080.001273204891 0.0 0.0 0.0 1.0 0.0 0.0 12.0 0.0
3081.001273204891 0.0 0.0 0.0 1.0 0.0 0.0 12.0 0.0
3082.001273204891 0.0 0.0 0.0 1.0 0.0 0.0 12.0 0.0
3083.0008839491466 0.0 0.0 0.0 1.0 0.0 0.0 12.0 0.0
3084.001273204891 0.0 0.0 0.0 1.0 0.0 0.0 12.0 0.0
3085.001273204891 0.0 0.0 0.0 1.0 0.0 0.0 12.0 0.0
3086.001273204891 0.0 0.0 0.0 1.0 0.0 0.0 12.0 0.0
3087.000379645236 0.0 0.0 0.0 1.0 0.0 0.0 12.0 0.0
3088.001273204891 0.0 0.0 0.0 1.0 0.0 0.0 12.0 0.0
3089.001273204891 0.0 0.0 0.0 1.0 0.0 0.0 12.0 0.0
3090.001273204891 0.0 0.0 0.0 1.0 0.0 0.0 12.0 0.0
3091.001273204891 0.0 0.0 0.0 1.0 0.0 0.0 12.0 0.0
3092.001273204891 0.0 0.0 0.0 1.0 0.0 0.0 12.0 0.0
3093.001273204891 0.0 0.0 0.0 1.0 0.0 0.0 12.0 0.0
3094.001273204891 0.0 0.0 0.0 1.0 0.0 0.0 12.0 0.0
3095.0007832619663 0.0 0.0 0.0 1.0 0.0 0.0 12.0 0.0
3096.001273204891 0.0 0.0 0.0 1.0 0.0 0.0 12.0 0.0
3097.0011402400332 0.0 0.0 0.0 1.0 0.0 0.0 12.0 0.0
3098.001273204891 0.0 0.0 0.0 1.0 0.0 0.0 12.0 0.0
3099.001273204891 0.0 0.0 0.0 1.0 0.0 0.0 12.0 0.0
3100.000100633839 0.0 0.0 0.0 1.0 0.0 0.0 12.0 0.0
3101.001273204891 0.0 0.0 0.0 1.0 0.0 0.0 12.0 0.0
3102.001273204891 0.0 0.0 0.0 1.0 0.0 0.0 12.0 0.0
3103.001273204891 0.0 0.0 0.0 1.0 0.0 0.0 12.0 0.0
3104.001273204891 0.0 0.0 0.0 1.0 0.0 0.0 12.0 0.0
3105.001273204891 0.0 0.0 0.0 1.0 0.0 0.0 12.0 0.0
3106.0010234206593 0.0 0.0 0.0 1.0 0.0 0.0 12.0 0.0
3107.001273204891 0.0 0.0 0.0 1.0 0.0 0.0 12.0 0.0
3108.001273204891 0.0 0.0 0.0 1.0 0.0 0.0 12.0 0.0
3109.001273204891 0.0 0.0 0.0 1.0 0.0 0.0 12.0 0.0
3110.001273204891 0.0 0.0 0.0 1.0 0.0 0.0 12.0 0.0
3111.001273204891 0.0 0.0 0.0 1.0 0.0 0.0 12.0 0.0
3112.001273204891 0.0 0.0 0.0 1.0 0.0 0.0 12.0 0.0
3113.001273204891 0.0 0.0 0.0 1.0 0.0 0.0 12.0 0.0
3114.001273204891 0.0 0.0 0.0 1.0 0.0 0.0 12.0 0.0
3115.001273204891 0.0 0.0 0.0 1.0 0.0 0.0 12.0 0.0
3116.001273204891 0.0 0.0 0.0 1.0 0.0 0.0 12.0 0.0
3117.001273204891 0.0 0.0 0.0 1.0 0.0 0.0 12.0 0.0
3118.001273204891 0.0 0.0 0.0 1.0 0.0 0.0 12.0 0.0
3119.001273204891 0.0 0.0 0.0 1.0 0.0 0.0 12.0 0.0
3120.001273204891 0.0 0.0 0.0 1.0 0.0 0.0 12.0 0.0
3121.0006622469477 0.0 0.0 0.0 1.0 0.0 0.0 12.0 0.0
3122.001273204891 0.0 0.0 0.0 1.0 0.0 0.0 12.0 0.0
3123.001273204891 0.0 0.0 0.0 1.0 0.0 0.0 12.0 0.0
3124.000060151641 0.0 0.0 0.0 1.0 0.0 0.0 12.0 0.0
3125.001273204891 0.0 0.0 0.0 1.0 0.0 0.0 12.0 0.0
3126.001273204891 0.0 0.0 0.0 1.0 0.0 0.0 12.0 0.0
3127.001273204891 0.0 0.0 0.0 1.0 0.0 0.0 12.0 0.0
3128.001273204891 0.0 0.0 0.0 1.0 0.0 0.0 12.0 0.0
3129.001273204891 0.0 0.0 0.0 1.0 0.0 0.0 12.0 0.0
3130.001273204891 0.0 0.0 0.0 1.0 0.0 0.0 12.0 0.0
3131.001273204891 0.0 0.0 0.0 1.0 0.0 0.0 12.0 0.0
3132.001273204891 0.0 0.0 0.0 1.0 0.0 0.0 12.0 0.0
3133.001273204891 0.0 0.0 0.0 1.0 0.0 0.0 12.0 0.0
3134.001273204891 0.0 0.0 0.0 1.0 0.0 0.0 12.0 0.0
3135.001273204891 0.0 0.0 0.0 1.0 0.0 0.0 12.0 0.0
3136.001273204891 0.0 0.0 0.0 1.0 0.0 0.0 12.0 0.0
3137.001273204891 0.0 0.0 0.0 1.0 0.0 0.0 12.0 0.0
3138.001273204891 0.0 0.0 0.0 1.0 0.0 0.0 12.0 0.0
3139.001273204891 0.0 0.0 0.0 1.0 0.0 0.0 12.0 0.0
3140.001273204891 0.0 0.0 0.0 1.0 0.0 0.0 12.0 0.0
3141.001273204891 0.0 0.0 0.0 1.0 0.0 0.0 12.0 0.0
3142.001273204891 0.0 0.0 0.0 1.0 0.0 0.0 12.0 0.0
3143.001273204891 0.0 0.0 0.0 1.0 0.0 0.0 12.0 0.0
3144.0012437305 0.0 0.0 0.0 1.0 0.0 0.0 12.0 0.0
3145.001273204891 0.0 0.0 0.0 1.0 0.0 0.0 12.0 0.0
3146.001273204891 0.0 0.0 0.0 1.0 0.0 0.0 12.0 0.0
3147.001273204891 0.0 0.0 0.0 1.0 0.0 0.0 12.0 0.0
3148.001273204891 0.0 0.0 0.0 1.0 0.0 0.0 12.0 0.0
3149.0003106729337 0.0 0.0 0.0 1.0 0.0 0.0 12.0 0.0
3150.001273204891 0.0 0.0 0.0 1.0 0.0 0.0 12.0 0.0
3151.001273204891 0.0 0.0 0.0 1.0 0.0 0.0 12.0 0.0
3152.001273204891 0.0 0.0 0.0 1.0 0.0 0.0 12.0 0.0
3153.001273204891 0.0 0.0 0.0 1.0 0.0 0.0 12.0 0.0
3154.001273204891 0.0 0.0 0.0 1.0 0.0 0.0 12.0 0.0
3155.001273204891 0.0 0.0 0.0 1.0 0.0 0.0 12.0 0.0
3156.001273204891 0.0 0.0 0.0 1.0 0.0 0.0 12.0 0.0
3157.000379431385 0.0 0.0 0.0 1.0 0.0 0.0 12.0 0.0
3158.001273204891 0.0 0.0 0.0 1.0 0.0 0.0 12.0 0.0
3159.001273204891 0.0 0.0 0.0 1.0 0.0 0.0 12.0 0.0
3160.001273204891 0.0 0.0 0.0 1.0 0.0 0.0 12.0 0.0
3161.001273204891 0.0 0.0 0.0 1.0 0.0 0.0 12.0 0.0
3162.001273204891 0.0 0.0 0.0 1.0 0.0 0.0 12.0 0.0
3163.001273204891 0.0 0.0 0.0 1.0 0.0 0.0 12.0 0.0
3164.001273204891 0.0 0.0 0.0 1.0 0.0 0.0 12.0 0.0
3165.001273204891 0.0 0.0 0.0 1.0 0.0 0.0 12.0 0.0
3166.001273204891 0.0 0.0 0.0 1.0 0.0 0.0 12.0 0.0
3167.001273204891 0.0 0.0 0.0 1.0 0.0 0.0 12.0 0.0
3168.001273204891 0.0 0.0 0.0 1.0 0.0 0.0 12.0 0.0
3169.001273204891 0.0 0.0 0.0 1.0 0.0 0.0 12.0 0.0
3170.000500458977 0.0 0.0 0.0 1.0 0.0 0.0 12.0 0.0
3171.001273204891 0.0 0.0 0.0 1.0 0.0 0.0 12.0 0.0
3172.0005055759143 0.0 0.0 0.0 1.0 0.0 0.0 12.0 0.0
3173.001273204891 0.0 0.0 0.0 1.0 0.0 0.0 12.0 0.0
3174.0006314752472 0.0 0.0 0.0 1.0 0.0 0.0 12.0 0.0
3175.000800382879 0.0 0.0 0.0 1.0 0.0 0.0 12.0 0.0
3176.001273204891 0.0 0.0 0.0 1.0 0.0 0.0 12.0 0.0
3177.001273204891 0.0 0.0 0.0 1.0 0.0 0.0 12.0 0.0
3178.0010183360473 0.0 0.0 0.0 1.0 0.0 0.0 12.0 0.0
3179.000433935919 0.0 0.0 0.0 1.0 0.0 0.0 12.0 0.0
3180.001273204891 0.0 0.0 0.0 1.0 0.0 0.0 12.0 0.0
3181.001273204891 0.0 0.0 0.0 1.0 0.0 0.0 12.0 0.0
3182.001273204891 0.0 0.0 0.0 1.0 0.0 0.0 12.0 0.0
3183.001273204891 0.0 0.0 0.0 1.0 0.0 0.0 12.0 0.0
3184.001273204891 0.0 0.0 0.0 1.0 0.0 0.0 12.0 0.0
3185.001273204891 0.0 0.0 0.0 1.0 0.0 0.0 12.0 0.0
3186.001273204891 0.0 0.0 0.0 1.0 0.0 0.0 12.0 0.0
3187.001273204891 0.0 0.0 0.0 1.0 0.0 0.0 12.0 0.0
3188.001273204891 0.0 0.0 0.0 1.0 0.0 0.0 12.0 0.0
3189.0007452607624 0.0 0.0 0.0 1.0 0.0 0.0 12.0 0.0
3190.001273204891 0.0 0.0 0.0 1.0 0.0 0.0 12.0 0.0
3191.001273204891 0.0 0.0 0.0 1.0 0.0 0.0 12.0 0.0
3192.000067732464 0.0 0.0 0.0 1.0 0.0 0.0 12.0 0.0
3193.001273204891 0.0 0.0 0.0 1.0 0.0 0.0 12.0 0.0
3194.001273204891 0.0 0.0 0.0 1.0 0.0 0.0 12.0 0.0
3195.001273204891 0.0 0.0 0.0 1.0 0.0 0.0 12.0 0.0
3196.001273204891 0.0 0.0 0.0 1.0 0.0 0.0 12.0 0.0
3197.0005469026923 0.0 0.0 0.0 1.0 0.0 0.0 12.0 0.0
3198.001273204891 0.0 0.0 0.0 1.0 0.0 0.0 12.0 0.0
3199.001273204891 0.0 0.0 0.0 1.0 0.0 0.0 12.0 0.0
3200.00003170641 0.0 0.0 0.0 1.0 0.0 0.0 12.0 0.0
3201.001273204891 0.0 0.0 0.0 1.0 0.0 0.0 12.0 0.0
3202.001273204891 0.0 0.0 0.0 1.0 0.0 0.0 12.0 0.0
3203.001273204891 0.0 0.0 0.0 1.0 0.0 0.0 12.0 0.0
3204.001273204891 0.0 0.0 0.0 1.0 0.0 0.0 12.0 0.0
3205.001273204891 0.0 0.0 0.0 1.0 0.0 0.0 12.0 0.0
3206.001273204891 0.0 0.0 0.0 1.0 0.0 0.0 12.0 0.0
3207.001273204891 0.0 0.0 0.0 1.0 0.0 0.0 12.0 0.0
3208.001273204891 0.0 0.0 0.0 1.0 0.0 0.0 12.0 0.0
3209.001273204891 0.0 0.0 0.0 1.0 0.0 0.0 12.0 0.0
3210.001273204891 0.0 0.0 0.0 1.0 0.0 0.0 12.0 0.0
3211.001273204891 0.0 0.0 0.0 1.0 0.0 0.0 12.0 0.0
3212.001273204891 0.0 0.0 0.0 1.0 0.0 0.0 12.0 0.0
3213.001273204891 0.0 0.0 0.0 1.0 0.0 0.0 12.0 0.0
3214.001273204891 0.0 0.0 0.0 1.0 0.0 0.0 12.0 0.0
3215.000568544245 0.0 0.0 0.0 1.0 0.0 0.0 12.0 0.0
3216.001273204891 0.0 0.0 0.0 1.0 0.0 0.0 12.0 0.0
3217.001273204891 0.0 0.0 0.0 1.0 0.0 0.0 12.0 0.0
3218.001273204891 0.0 0.0 0.0 1.0 0.0 0.0 12.0 0.0
3219.001273204891 0.0 0.0 0.0 1.0 0.0 0.0 12.0 0.0
3220.001273204891 0.0 0.0 0.0 1.0 0.0 0.0 12.0 0.0
3221.001273204891 0.0 0.0 0.0 1.0 0.0 0.0 12.0 0.0
3222.001273204891 0.0 0.0 0.0 1.0 0.0 0.0 12.0 0.0
3223.001273204891 0.0 0.0 0.0 1.0 0.0 0.0 12.0 0.0
3224.000036112992 0.0 0.0 0.0 1.0 0.0 0.0 12.0 0.0
3225.001273204891 0.0 0.0 0.0 1.0 0.0 0.0 12.0 0.0
3226.001273204891 0.0 0.0 0.0 1.0 0.0 0.0 12.0 0.0
3227.001273204891 0.0 0.0 0.0 1.0 0.0 0.0 12.0 0.0
3228.001273204891 0.0 0.0 0.0 1.0 0.0 0.0 12.0 0.0
3229.001273204891 0.0 0.0 0.0 1.0 0.0 0.0 12.0 0.0
3230.001273204891 0.0 0.0 0.0 1.0 0.0 0.0 12.0 0.0
3231.001273204891 0.0 0.0 0.0 1.0 0.0 0.0 12.0 0.0
3232.001273204891 0.0 0.0 0.0 1.0 0.0 0.0 12.0 0.0
3233.001084491251 0.0 0.0 0.0 1.0 0.0 0.0 12.0 0.0
3234.001273204891 0.0 0.0 0.0 1.0 0.0 0.0 12.0 0.0
3235.001273204891 0.0 0.0 0.0 1.0 0.0 0.0 12.0 0.0
3236.001273204891 0.0 0.0 0.0 1.0 0.0 0.0 12.0 0.0
3237.001273204891 0.0 0.0 0.0 1.0 0.0 0.0 12.0 0.0
3238.001273204891 0.0 0.0 0.0 1.0 0.0 0.0 12.0 0.0
3239.001273204891 0.0 0.0 0.0 1.0 0.0 0.0 12.0 0.0
3240.001273204891 0.0 0.0 0.0 1.0 0.0 0.0 12.0 0.0
3241.001273204891 0.0 0.0 0.0 1.0 0.0 0.0 12.0 0.0
3242.001273204891 0.0 0.0 0.0 1.0 0.0 0.0 12.0 0.0
3243.001273204891 0.0 0.0 0.0 1.0 0.0 0.0 12.0 0.0
3244.001273204891 0.0 0.0 0.0 1.0 0.0 0.0 12.0 0.0
3245.000479630751 0.0 0.0 0.0 1.0 0.0 0.0 12.0 0.0
3246.000978056602 0.0 0.0 0.0 1.0 0.0 0.0 12.0 0.0
3247.001273204891 0.0 0.0 0.0 1.0 0.0 0.0 12.0 0.0
3248.001273204891 0.0 0.0 0.0 1.0 0.0 0.0 12.0 0.0
3249.001273204891 0.0 0.0 0.0 1.0 0.0 0.0 12.0 0.0
3250.001273204891 0.0 0.0 0.0 1.0 0.0 0.0 12.0 0.0
3251.001273204891 0.0 0.0 0.0 1.0 0.0 0.0 12.0 0.0
3252.001273204891 0.0 0.0 0.0 1.0 0.0 0.0 12.0 0.0
3253.0001988471536 0.0 0.0 0.0 1.0 0.0 0.0 12.0 0.0
3254.001273204891 0.0 0.0 0.0 1.0 0.0 0.0 12.0 0.0
3255.0000547838054 0.0 0.0 0.0 1.0 0.0 0.0 12.0 0.0
3256.001273204891 0.0 0.0 0.0 1.0 0.0 0.0 12.0 0.0
3257.001273204891 0.0 0.0 0.0 1.0 0.0 0.0 12.0 0.0
3258.001273204891 0.0 0.0 0.0 1.0 0.0 0.0 12.0 0.0
3259.001273204891 0.0 0.0 0.0 1.0 0.0 0.0 12.0 0.0
3260.0004931317203 0.0 0.0 0.0 1.0 0.0 0.0 12.0 0.0
3261.001273204891 0.0 0.0 0.0 1.0 0.0 0.0 12.0 0.0
3262.0006034684206 0.0 0.0 0.0 1.0 0.0 0.0 12.0 0.0
3263.001273204891 0.0 0.0 0.0 1.0 0.0 0.0 12.0 0.0
3264.000251765408 0.0 0.0 0.0 1.0 0.0 0.0 12.0 0.0
3265.001273204891 0.0 0.0 0.0 1.0 0.0 0.0 12.0 0.0
3266.001273204891 0.0 0.0 0.0 1.0 0.0 0.0 12.0 0.0
3267.001273204891 0.0 0.0 0.0 1.0 0.0 0.0 12.0 0.0
3268.0007340015927 0.0 0.0 0.0 1.0 0.0 0.0 12.0 0.0
3269.000952879012 0.0 0.0 0.0 1.0 0.0 0.0 12.0 0.0
3270.001273204891 0.0 0.0 0.0 1.0 0.0 0.0 12.0 0.0
3271.00053794727 0.0 0.0 0.0 1.0 0.0 0.0 12.0 0.0
3272.0008480943957 0.0 0.0 0.0 1.0 0.0 0.0 12.0 0.0
3273.001273204891 0.0 0.0 0.0 1.0 0.0 0.0 12.0 0.0
3274.001273204891 0.0 0.0 0.0 1.0 0.0 0.0 12.0 0.0
3275.001273204891 0.0 0.0 0.0 1.0 0.0 0.0 12.0 0.0
3276.001273204891 0.0 0.0 0.0 1.0 0.0 0.0 12.0 0.0
3277.001273204891 0.0 0.0 0.0 1.0 0.0 0.0 12.0 0.0
3278.001273204891 0.0 0.0 0.0 1.0 0.0 0.0 12.0 0.0
3279.001273204891 0.0 0.0 0.0 1.0 0.0 0.0 12.0 0.0
3280.001273204891 0.0 0.0 0.0 1.0 0.0 0.0 12.0 0.0
3281.001273204891 0.0 0.0 0.0 1.0 0.0 0.0 12.0 0.0
3282.001273204891 0.0 0.0 0.0 1.0 0.0 0.0 12.0 0.0
3283.001273204891 0.0 0.0 0.0 1.0 0.0 0.0 12.0 0.0
3284.001273204891 0.0 0.0 0.0 1.0 0.0 0.0 12.0 0.0
3285.001273204891 0.0 0.0 0.0 1.0 0.0 0.0 12.0 0.0
3286.001273204891 0.0 0.0 0.0 1.0 0.0 0.0 12.0 0.0
3287.001273204891 0.0 0.0 0.0 1.0 0.0 0.0 12.0 0.0
3288.001273204891 0.0 0.0 0.0 1.0 0.0 0.0 12.0 0.0
3289.000191902152 0.0 0.0 0.0 1.0 0.0 0.0 12.0 0.0
3290.001273204891 0.0 0.0 0.0 1.0 0.0 0.0 12.0 0.0
3291.001273204891 0.0 0.0 0.0 1.0 0.0 0.0 12.0 0.0
3292.001273204891 0.0 0.0 0.0 1.0 0.0 0.0 12.0 0.0
3293.001273204891 0.0 0.0 0.0 1.0 0.0 0.0 12.0 0.0
3294.001273204891 0.0 0.0 0.0 1.0 0.0 0.0 12.0 0.0
3295.001273204891 0.0 0.0 0.0 1.0 0.0 0.0 12.0 0.0
3296.001273204891 0.0 0.0 0.0 1.0 0.0 0.0 12.0 0.0
3297.001273204891 0.0 0.0 0.0 1.0 0.0 0.0 12.0 0.0
3298.001273204891 0.0 0.0 0.0 1.0 0.0 0.0 12.0 0.0
3299.001273204891 0.0 0.0 0.0 1.0 0.0 0.0 12.0 0.0
3300.0002606143994 0.0 0.0 0.0 1.0 0.0 0.0 12.0 0.0
3301.001273204891 0.0 0.0 0.0 1.0 0.0 0.0 12.0 0.0
3302.001273204891 0.0 0.0 0.0 1.0 0.0 0.0 12.0 0.0
3303.000084825334 0.0 0.0 0.0 1.0 0.0 0.0 12.0 0.0
3304.001273204891 0.0 0.0 0.0 1.0 0.0 0.0 12.0 0.0
3305.0004715029154 0.0 0.0 0.0 1.0 0.0 0.0 12.0 0.0
3306.001273204891 0.0 0.0 0.0 1.0 0.0 0.0 12.0 0.0
3307.001273204891 0.0 0.0 0.0 1.0 0.0 0.0 12.0 0.0
3308.001113365023 0.0 0.0 0.0 1.0 0.0 0.0 12.0 0.0
3309.001273204891 0.0 0.0 0.0 1.0 0.0 0.0 12.0 0.0
3310.001273204891 0.0 0.0 0.0 1.0 0.0 0.0 12.0 0.0
3311.001273204891 0.0 0.0 0.0 1.0 0.0 0.0 12.0 0.0
3312.001273204891 0.0 0.0 0.0 1.0 0.0 0.0 12.0 0.0
3313.001273204891 0.0 0.0 0.0 1.0 0.0 0.0 12.0 0.0
3314.001273204891 0.0 0.0 0.0 1.0 0.0 0.0 12.0 0.0
3315.001023457143 0.0 0.0 0.0 1.0 0.0 0.0 12.0 0.0
3316.001273204891 0.0 0.0 0.0 1.0 0.0 0.0 12.0 0.0
3317.001273204891 0.0 0.0 0.0 1.0 0.0 0.0 12.0 0.0
3318.001273204891 0.0 0.0 0.0 1.0 0.0 0.0 12.0 0.0
3319.0005649875957 0.0 0.0 0.0 1.0 0.0 0.0 12.0 0.0
3320.000434838513 0.0 0.0 0.0 1.0 0.0 0.0 12.0 0.0
3321.001273204891 0.0 0.0 0.0 1.0 0.0 0.0 12.0 0.0
3322.001273204891 0.0 0.0 0.0 1.0 0.0 0.0 12.0 0.0
3323.001273204891 0.0 0.0 0.0 1.0 0.0 0.0 12.0 0.0
3324.0008208501695 0.0 0.0 0.0 1.0 0.0 0.0 12.0 0.0
3325.0007743945657 0.0 0.0 0.0 1.0 0.0 0.0 12.0 0.0
3326.001273204891 0.0 0.0 0.0 1.0 0.0 0.0 12.0 0.0
3327.000112711883 0.0 0.0 0.0 1.0 0.0 0.0 12.0 0.0
3328.001273204891 0.0 0.0 0.0 1.0 0.0 0.0 12.0 0.0
3329.001273204891 0.0 0.0 0.0 1.0 0.0 0.0 12.0 0.0
3330.0005962818786 0.0 0.0 0.0 1.0 0.0 0.0 12.0 0.0
3331.001179672369 0.0 0.0 0.0 1.0 0.0 0.0 12.0 0.0
3332.000097335766 0.0 0.0 0.0 1.0 0.0 0.0 12.0 0.0
3333.001273204891 0.0 0.0 0.0 1.0 0.0 0.0 12.0 0.0
3334.001273204891 0.0 0.0 0.0 1.0 0.0 0.0 12.0 0.0
3335.001273204891 0.0 0.0 0.0 1.0 0.0 0.0 12.0 0.0
3336.001273204891 0.0 0.0 0.0 1.0 0.0 0.0 12.0 0.0
3337.001273204891 0.0 0.0 0.0 1.0 0.0 0.0 12.0 0.0
3338.001273204891 0.0 0.0 0.0 1.0 0.0 0.0 12.0 0.0
3339.001273204891 0.0 0.0 0.0 1.0 0.0 0.0 12.0 0.0
3340.001273204891 0.0 0.0 0.0 1.0 0.0 0.0 12.0 0.0
3341.001273204891 0.0 0.0 0.0 1.0 0.0 0.0 12.0 0.0
3342.001273204891 0.0 0.0 0.0 1.0 0.0 0.0 12.0 0.0
3343.001273204891 0.0 0.0 0.0 1.0 0.0 0.0 12.0 0.0
3344.001273204891 0.0 0.0 0.0 1.0 0.0 0.0 12.0 0.0
3345.001273204891 0.0 0.0 0.0 1.0 0.0 0.0 12.0 0.0
3346.001273204891 0.0 0.0 0.0 1.0 0.0 0.0 12.0 0.0
3347.001273204891 0.0 0.0 0.0 1.0 0.0 0.0 12.0 0.0
3348.001273204891 0.0 0.0 0.0 1.0 0.0 0.0 12.0 0.0
3349.001273204891 0.0 0.0 0.0 1.0 0.0 0.0 12.0 0.0
3350.000924089626 0.0 0.0 0.0 1.0 0.0 0.0 12.0 0.0
3351.001273204891 0.0 0.0 0.0 1.0 0.0 0.0 12.0 0.0
3352.001273204891 0.0 0.0 0.0 1.0 0.0 0.0 12.0 0.0
3353.001273204891 0.0 0.0 0.0 1.0 0.0 0.0 12.0 0.0
3354.001273204891 0.0 0.0 0.0 1.0 0.0 0.0 12.0 0.0
3355.001273204891 0.0 0.0 0.0 1.0 0.0 0.0 12.0 0.0
3356.000728878932 0.0 0.0 0.0 1.0 0.0 0.0 12.0 0.0
3357.0007654500655 0.0 0.0 0.0 1.0 0.0 0.0 12.0 0.0
3358.001273204891 0.0 0.0 0.0 1.0 0.0 0.0 12.0 0.0
3359.001273204891 0.0 0.0 0.0 1.0 0.0 0.0 12.0 0.0
3360.001273204891 0.0 0.0 0.0 1.0 0.0 0.0 12.0 0.0
3361.00115718124 0.0 0.0 0.0 1.0 0.0 0.0 12.0 0.0
3362.001273204891 0.0 0.0 0.0 1.0 0.0 0.0 12.0 0.0
3363.001273204891 0.0 0.0 0.0 1.0 0.0 0.0 12.0 0.0
3364.001273204891 0.0 0.0 0.0 1.0 0.0 0.0 12.0 0.0
3365.001273204891 0.0 0.0 0.0 1.0 0.0 0.0 12.0 0.0
3366.001273204891 0.0 0.0 0.0 1.0 0.0 0.0 12.0 0.0
3367.001273204891 0.0 0.0 0.0 1.0 0.0 0.0 12.0 0.0
3368.001273204891 0.0 0.0 0.0 1.0 0.0 0.0 12.0 0.0
3369.001273204891 0.0 0.0 0.0 1.0 0.0 0.0 12.0 0.0
3370.001273204891 0.0 0.0 0.0 1.0 0.0 0.0 12.0 0.0
3371.001273204891 0.0 0.0 0.0 1.0 0.0 0.0 12.0 0.0
3372.001273204891 0.0 0.0 0.0 1.0 0.0 0.0 12.0 0.0
3373.001273204891 0.0 0.0 0.0 1.0 0.0 0.0 12.0 0.0
3374.001273204891 0.0 0.0 0.0 1.0 0.0 0.0 12.0 0.0
3375.001273204891 0.0 0.0 0.0 1.0 0.0 0.0 12.0 0.0
3376.001273204891 0.0 0.0 0.0 1.0 0.0 0.0 12.0 0.0
3377.001273204891 0.0 0.0 0.0 1.0 0.0 0.0 12.0 0.0
3378.001273204891 0.0 0.0 0.0 1.0 0.0 0.0 12.0 0.0
3379.0002875452783 0.0 0.0 0.0 1.0 0.0 0.0 12.0 0.0
3380.001273204891 0.0 0.0 0.0 1.0 0.0 0.0 12.0 0.0
3381.001273204891 0.0 0.0 0.0 1.0 0.0 0.0 12.0 0.0
3382.0009545100206 0.0 0.0 0.0 1.0 0.0 0.0 12.0 0.0
3383.001273204891 0.0 0.0 0.0 1.0 0.0 0.0 12.0 0.0
3384.001273204891 0.0 0.0 0.0 1.0 0.0 0.0 12.0 0.0
3385.001273204891 0.0 0.0 0.0 1.0 0.0 0.0 12.0 0.0
3386.000713621533 0.0 0.0 0.0 1.0 0.0 0.0 12.0 0.0
3387.001273204891 0.0 0.0 0.0 1.0 0.0 0.0 12.0 0.0
3388.001273204891 0.0 0.0 0.0 1.0 0.0 0.0 12.0 0.0
3389.001273204891 0.0 0.0 0.0 1.0 0.0 0.0 12.0 0.0
3390.001273204891 0.0 0.0 0.0 1.0 0.0 0.0 12.0 0.0
3391.001273204891 0.0 0.0 0.0 1.0 0.0 0.0 12.0 0.0
3392.0000123315435 0.0 0.0 0.0 1.0 0.0 0.0 12.0 0.0
3393.001273204891 0.0 0.0 0.0 1.0 0.0 0.0 12.0 0.0
3394.001273204891 0.0 0.0 0.0 1.0 0.0 0.0 12.0 0.0
3395.001273204891 0.0 0.0 0.0 1.0 0.0 0.0 12.0 0.0
3396.001273204891 0.0 0.0 0.0 1.0 0.0 0.0 12.0 0.0
3397.001273204891 0.0 0.0 0.0 1.0 0.0 0.0 12.0 0.0
3398.001273204891 0.0 0.0 0.0 1.0 0.0 0.0 12.0 0.0
3399.001273204891 0.0 0.0 0.0 1.0 0.0 0.0 12.0 0.0
3400.001273204891 0.0 0.0 0.0 1.0 0.0 0.0 12.0 0.0
3401.001273204891 0.0 0.0 0.0 1.0 0.0 0.0 12.0 0.0
3402.0000535803874 0.0 0.0 0.0 1.0 0.0 0.0 12.0 0.0
3403.001273204891 0.0 0.0 0.0 1.0 0.0 0.0 12.0 0.0
3404.001273204891 0.0 0.0 0.0 1.0 0.0 0.0 12.0 0.0
3405.001273204891 0.0 0.0 0.0 1.0 0.0 0.0 12.0 0.0
3406.001273204891 0.0 0.0 0.0 1.0 0.0 0.0 12.0 0.0
3407.001273204891 0.0 0.0 0.0 1.0 0.0 0.0 12.0 0.0
3408.001273204891 0.0 0.0 0.0 1.0 0.0 0.0 12.0 0.0
3409.000880431926 0.0 0.0 0.0 1.0 0.0 0.0 12.0 0.0
3410.001273204891 0.0 0.0 0.0 1.0 0.0 0.0 12.0 0.0
3411.001273204891 0.0 0.0 0.0 1.0 0.0 0.0 12.0 0.0
3412.000798819524 0.0 0.0 0.0 1.0 0.0 0.0 12.0 0.0
3413.001273204891 0.0 0.0 0.0 1.0 0.0 0.0 12.0 0.0
3414.001273204891 0.0 0.0 0.0 1.0 0.0 0.0 12.0 0.0
3415.001273204891 0.0 0.0 0.0 1.0 0.0 0.0 12.0 0.0
3416.001273204891 0.0 0.0 0.0 1.0 0.0 0.0 12.0 0.0
3417.001273204891 0.0 0.0 0.0 1.0 0.0 0.0 12.0 0.0
3418.001273204891 0.0 0.0 0.0 1.0 0.0 0.0 12.0 0.0
3419.001273204891 0.0 0.0 0.0 1.0 0.0 0.0 12.0 0.0
3420.001273204891 0.0 0.0 0.0 1.0 0.0 0.0 12.0 0.0
3421.00086068115 0.0 0.0 0.0 1.0 0.0 0.0 12.0 0.0
3422.001273204891 0.0 0.0 0.0 1.0 0.0 0.0 12.0 0.0
3423.001273204891 0.0 0.0 0.0 1.0 0.0 0.0 12.0 0.0
3424.001273204891 0.0 0.0 0.0 1.0 0.0 0.0 12.0 0.0
3425.001273204891 0.0 0.0 0.0 1.0 0.0 0.0 12.0 0.0
3426.001273204891 0.0 0.0 0.0 1.0 0.0 0.0 12.0 0.0
3427.001273204891 0.0 0.0 0.0 1.0 0.0 0.0 12.0 0.0
3428.001273204891 0.0 0.0 0.0 1.0 0.0 0.0 12.0 0.0
3429.001273204891 0.0 0.0 0.0 1.0 0.0 0.0 12.0 0.0
3430.001273204891 0.0 0.0 0.0 1.0 0.0 0.0 12.0 0.0
3431.001273204891 0.0 0.0 0.0 1.0 0.0 0.0 12.0 0.0
3432.001273204891 0.0 0.0 0.0 1.0 0.0 0.0 12.0 0.0
3433.001273204891 0.0 0.0 0.0 1.0 0.0 0.0 12.0 0.0
3434.001273204891 0.0 0.0 0.0 1.0 0.0 0.0 12.0 0.0
3435.001273204891 0.0 0.0 0.0 1.0 0.0 0.0 12.0 0.0
3436.001273204891 0.0 0.0 0.0 1.0 0.0 0.0 12.0 0.0
3437.001273204891 0.0 0.0 0.0 1.0 0.0 0.0 12.0 0.0
3438.001273204891 0.0 0.0 0.0 1.0 0.0 0.0 12.0 0.0
3439.001273204891 0.0 0.0 0.0 1.0 0.0 0.0 12.0 0.0
3440.001273204891 0.0 0.0 0.0 1.0 0.0 0.0 12.0 0.0
3441.001273204891 0.0 0.0 0.0 1.0 0.0 0.0 12.0 0.0
3442.001273204891 0.0 0.0 0.0 1.0 0.0 0.0 12.0 0.0
3443.001273204891 0.0 0.0 0.0 1.0 0.0 0.0 12.0 0.0
3444.0003866746456 0.0 0.0 0.0 1.0 0.0 0.0 12.0 0.0
3445.001273204891 0.0 0.0 0.0 1.0 0.0 0.0 12.0 0.0
3446.000167397331 0.0 0.0 0.0 1.0 0.0 0.0 12.0 0.0
3447.000118276223 0.0 0.0 0.0 1.0 0.0 0.0 12.0 0.0
3448.001273204891 0.0 0.0 0.0 1.0 0.0 0.0 12.0 0.0
3449.001273204891 0.0 0.0 0.0 1.0 0.0 0.0 12.0 0.0
3450.0002123694285 0.0 0.0 0.0 1.0 0.0 0.0 12.0 0.0
3451.001273204891 0.0 0.0 0.0 1.0 0.0 0.0 12.0 0.0
3452.001273204891 0.0 0.0 0.0 1.0 0.0 0.0 12.0 0.0
3453.001273204891 0.0 0.0 0.0 1.0 0.0 0.0 12.0 0.0
3454.001273204891 0.0 0.0 0.0 1.0 0.0 0.0 12.0 0.0
3455.001273204891 0.0 0.0 0.0 1.0 0.0 0.0 12.0 0.0
3456.001273204891 0.0 0.0 0.0 1.0 0.0 0.0 12.0 0.0
3457.001273204891 0.0 0.0 0.0 1.0 0.0 0.0 12.0 0.0
3458.000168702632 0.0 0.0 0.0 1.0 0.0 0.0 12.0 0.0
3459.001273204891 0.0 0.0 0.0 1.0 0.0 0.0 12.0 0.0
3460.000631078498 0.0 0.0 0.0 1.0 0.0 0.0 12.0 0.0
3461.001273204891 0.0 0.0 0.0 1.0 0.0 0.0 12.0 0.0
3462.001273204891 0.0 0.0 0.0 1.0 0.0 0.0 12.0 0.0
3463.000439994383 0.0 0.0 0.0 1.0 0.0 0.0 12.0 0.0
3464.001273204891 0.0 0.0 0.0 1.0 0.0 0.0 12.0 0.0
3465.001273204891 0.0 0.0 0.0 1.0 0.0 0.0 12.0 0.0
3466.001273204891 0.0 0.0 0.0 1.0 0.0 0.0 12.0 0.0
3467.001273204891 0.0 0.0 0.0 1.0 0.0 0.0 12.0 0.0
3468.001273204891 0.0 0.0 0.0 1.0 0.0 0.0 12.0 0.0
3469.001273204891 0.0 0.0 0.0 1.0 0.0 0.0 12.0 0.0
3470.001273204891 0.0 0.0 0.0 1.0 0.0 0.0 12.0 0.0
3471.001273204891 0.0 0.0 0.0 1.0 0.0 0.0 12.0 0.0
3472.00011728883 0.0 0.0 0.0 1.0 0.0 0.0 12.0 0.0
3473.0000300430734 0.0 0.0 0.0 1.0 0.0 0.0 12.0 0.0
3474.0000583598644 0.0 0.0 0.0 1.0 0.0 0.0 12.0 0.0
3475.001273204891 0.0 0.0 0.0 1.0 0.0 0.0 12.0 0.0
3476.001273204891 0.0 0.0 0.0 1.0 0.0 0.0 12.0 0.0
3477.0003499010377 0.0 0.0 0.0 1.0 0.0 0.0 12.0 0.0
3478.001273204891 0.0 0.0 0.0 1.0 0.0 0.0 12.0 0.0
3479.001273204891 0.0 0.0 0.0 1.0 0.0 0.0 12.0 0.0
3480.00078276307 0.0 0.0 0.0 1.0 0.0 0.0 12.0 0.0
3481.0008450848723 0.0 0.0 0.0 1.0 0.0 0.0 12.0 0.0
3482.001273204891 0.0 0.0 0.0 1.0 0.0 0.0 12.0 0.0
3483.001273204891 0.0 0.0 0.0 1.0 0.0 0.0 12.0 0.0
3484.001273204891 0.0 0.0 0.0 1.0 0.0 0.0 12.0 0.0
3485.0003048953577 0.0 0.0 0.0 1.0 0.0 0.0 12.0 0.0
3486.001273204891 0.0 0.0 0.0 1.0 0.0 0.0 12.0 0.0
3487.001273204891 0.0 0.0 0.0 1.0 0.0 0.0 12.0 0.0
3488.001273204891 0.0 0.0 0.0 1.0 0.0 0.0 12.0 0.0
3489.001273204891 0.0 0.0 0.0 1.0 0.0 0.0 12.0 0.0
3490.001273204891 0.0 0.0 0.0 1.0 0.0 0.0 12.0 0.0
3491.001273204891 0.0 0.0 0.0 1.0 0.0 0.0 12.0 0.0
3492.001273204891 0.0 0.0 0.0 1.0 0.0 0.0 12.0 0.0
3493.001273204891 0.0 0.0 0.0 1.0 0.0 0.0 12.0 0.0
3494.0005393179745 0.0 0.0 0.0 1.0 0.0 0.0 12.0 0.0
3495.0012350818592 0.0 0.0 0.0 1.0 0.0 0.0 12.0 0.0
3496.000294888581 0.0 0.0 0.0 1.0 0.0 0.0 12.0 0.0
3497.001273204891 0.0 0.0 0.0 1.0 0.0 0.0 12.0 0.0
3498.001273204891 0.0 0.0 0.0 1.0 0.0 0.0 12.0 0.0
3499.0002373474877 0.0 0.0 0.0 1.0 0.0 0.0 12.0 0.0
3500.001273204891 0.0 0.0 0.0 1.0 0.0 0.0 12.0 0.0
3501.001273204891 0.03125 0.0 0.0 0.96875 0.0 1.0 11.5375 0.06017080745341615
3502.001273204891 0.95625 0.0 0.0 0.04375000000000001 0.0 1.0 10.6125 0.08315217391304348
3503.001273204891 1.0 0.0 0.0 0.0 0.0 1.0 11.0 0.0
3504.001273204891 1.0 0.0 0.0 0.0 0.0 1.0 11.9375 0.0
3505.001273204891 1.0 0.0 0.0 0.0 0.0 1.0 12.0 0.0
3506.0004391686984 1.0 0.0 0.0 0.0 0.0 1.0 12.0 0.0
3507.001273204891 1.0 0.0 0.0 0.0 0.0 1.0 12.0 0.0
3508.001273204891 1.0 0.0 0.0 0.0 0.0 1.0 12.0 0.0
3509.001273204891 1.0 0.0 0.0 0.0 0.0 1.0 12.0 0.0
3510.001273204891 1.0 0.0 0.0 0.0 0.0 1.0 12.0 0.0
3511.0009556274604 1.0 0.0 0.0 0.0 0.0 1.0 12.0 0.0
3512.001273204891 1.0 0.0 0.0 0.0 0.0 1.0 12.0 0.0
3513.001273204891 1.0 0.0 0.0 0.0 0.0 1.0 12.0 0.0
3514.001273204891 1.0 0.0 0.0 0.0 0.0 1.0 12.0 0.0
3515.001273204891 1.0 0.0 0.0 0.0 0.0 1.0 12.0 0.0
3516.001273204891 1.0 0.0 0.0 0.0 0.0 1.0 12.0 0.0
3517.001273204891 1.0 0.0 0.0 0.0 0.0 1.0 12.0 0.0
3518.001273204891 1.0 0.0 0.0 0.0 0.0 1.0 12.0 0.0
3519.001273204891 1.0 0.0 0.0 0.0 0.0 1.0 12.0 0.0
3520.001273204891 1.0 0.0 0.0 0.0 0.0 1.0 12.0 0.0
3521.001273204891 1.0 0.0 0.0 0.0 0.0 1.0 12.0 0.0
3522.000777136998 1.0 0.0 0.0 0.0 0.0 1.0 12.0 0.0
3523.001273204891 1.0 0.0 0.0 0.0 0.0 1.0 12.0 0.0
3524.001273204891 1.0 0.0 0.0 0.0 0.0 1.0 12.0 0.0
3525.001273204891 1.0 0.0 0.0 0.0 0.0 1.0 12.0 0.0
3526.001273204891 1.0 0.0 0.0 0.0 0.0 1.0 12.0 0.0
3527.001273204891 1.0 0.0 0.0 0.0 0.0 1.0 12.0 0.0
3528.001273204891 1.0 0.0 0.0 0.0 0.0 1.0 12.0 0.0
3529.001273204891 1.0 0.0 0.0 0.0 0.0 1.0 12.0 0.0
3530.001273204891 1.0 0.0 0.0 0.0 0.0 1.0 12.0 0.0
3531.001273204891 1.0 0.0 0.0 0.0 0.0 1.0 12.0 0.0
3532.001273204891 1.0 0.0 0.0 0.0 0.0 1.0 12.0 0.0
3533.00113543166 1.0 0.0 0.0 0.0 0.0 1.0 12.0 0.0
3534.001273204891 1.0 0.0 0.0 0.0 0.0 1.0 12.0 0.0
3535.001273204891 1.0 0.0 0.0 0.0 0.0 1.0 12.0 0.0
3536.001273204891 1.0 0.0 0.0 0.0 0.0 1.0 12.0 0.0
3537.001273204891 1.0 0.0 0.0 0.0 0.0 1.0 12.0 0.0
3538.001273204891 1.0 0.0 0.0 0.0 0.0 1.0 12.0 0.0
3539.001273204891 1.0 0.0 0.0 0.0 0.0 1.0 12.0 0.0
3540.001273204891 1.0 0.0 0.0 0.0 0.0 1.0 12.0 0.0
3541.001273204891 1.0 0.0 0.0 0.0 0.0 1.0 12.0 0.0
3542.001273204891 1.0 0.0 0.0 0.0 0.0 1.0 12.0 0.0
3543.001273204891 1.0 0.0 0.0 0.0 0.0 1.0 12.0 0.0
3544.001273204891 1.0 0.0 0.0 0.0 0.0 1.0 12.0 0.0
3545.001273204891 1.0 0.0 0.0 0.0 0.0 1.0 12.0 0.0
3546.001273204891 1.0 0.0 0.0 0.0 0.0 1.0 12.0 0.0
3547.001273204891 1.0 0.0 0.0 0.0 0.0 1.0 12.0 0.0
3548.00055591497 1.0 0.0 0.0 0.0 0.0 1.0 12.0 0.0
3549.0011221840837 1.0 0.0 0.0 0.0 0.0 1.0 12.0 0.0
3550.001273204891 1.0 0.0 0.0 0.0 0.0 1.0 12.0 0.0
3551.001273204891 1.0 0.0 0.0 0.0 0.0 1.0 12.0 0.0
3552.001273204891 1.0 0.0 0.0 0.0 0.0 1.0 12.0 0.0
3553.001273204891 1.0 0.0 0.0 0.0 0.0 1.0 12.0 0.0
3554.001273204891 1.0 0.0 0.0 0.0 0.0 1.0 12.0 0.0
3555.0005327326753 1.0 0.0 0.0 0.0 0.0 1.0 12.0 0.0
3556.0012436246852 1.0 0.0 0.0 0.0 0.0 1.0 12.0 0.0
3557.001273204891 1.0 0.0 0.0 0.0 0.0 1.0 12.0 0.0
3558.001273204891 1.0 0.0 0.0 0.0 0.0 1.0 12.0 0.0
3559.001273204891 1.0 0.0 0.0 0.0 0.0 1.0 12.0 0.0
3560.0009558327506 1.0 0.0 0.0 0.0 0.0 1.0 12.0 0.0
3561.001273204891 1.0 0.0 0.0 0.0 0.0 1.0 12.0 0.0
3562.0011460024843 1.0 0.0 0.0 0.0 0.0 1.0 12.0 0.0
3563.001273204891 1.0 0.0 0.0 0.0 0.0 1.0 12.0 0.0
3564.001273204891 1.0 0.0 0.0 0.0 0.0 1.0 12.0 0.0
3565.001273204891 1.0 0.0 0.0 0.0 0.0 1.0 12.0 0.0
3566.001273204891 1.0 0.0 0.0 0.0 0.0 1.0 12.0 0.0
3567.0010238256273 1.0 0.0 0.0 0.0 0.0 1.0 12.0 0.0
3568.001273204891 1.0 0.0 0.0 0.0 0.0 1.0 12.0 0.0
3569.0006364076376 1.0 0.0 0.0 0.0 0.0 1.0 12.0 0.0
3570.001273204891 1.0 0.0 0.0 0.0 0.0 1.0 12.0 0.0
3571.001273204891 1.0 0.0 0.0 0.0 0.0 1.0 12.0 0.0
3572.001273204891 1.0 0.0 0.0 0.0 0.0 1.0 12.0 0.0
3573.0007406621944 1.0 0.0 0.0 0.0 0.0 1.0 12.0 0.0
3574.001273204891 1.0 0.0 0.0 0.0 0.0 1.0 12.0 0.0
3575.001273204891 1.0 0.0 0.0 0.0 0.0 1.0 12.0 0.0
3576.001273204891 1.0 0.0 0.0 0.0 0.0 1.0 12.0 0.0
3577.001273204891 1.0 0.0 0.0 0.0 0.0 1.0 12.0 0.0
3578.000673070327 1.0 0.0 0.0 0.0 0.0 1.0 12.0 0.0
3579.001273204891 1.0 0.0 0.0 0.0 0.0 1.0 12.0 0.0
3580.000978452998 1.0 0.0 0.0 0.0 0.0 1.0 12.0 0.0
3581.001273204891 1.0 0.0 0.0 0.0 0.0 1.0 12.0 0.0
3582.001273204891 1.0 0.0 0.0 0.0 0.0 1.0 12.0 0.0
3583.001273204891 1.0 0.0 0.0 0.0 0.0 1.0 12.0 0.0
3584.001273204891 1.0 0.0 0.0 0.0 0.0 1.0 12.0 0.0
3585.001273204891 1.0 0.0 0.0 0.0 0.0 1.0 12.0 0.0
3586.001273204891 1.0 0.0 0.0 0.0 0.0 1.0 12.0 0.0
3587.001273204891 1.0 0.0 0.0 0.0 0.0 1.0 12.0 0.0
3588.001273204891 1.0 0.0 0.0 0.0 0.0 1.0 12.0 0.0
3589.001273204891 1.0 0.0 0.0 0.0 0.0 1.0 12.0 0.0
3590.000239099218 1.0 0.0 0.0 0.0 0.0 1.0 12.0 0.0
3591.001273204891 1.0 0.0 0.0 0.0 0.0 1.0 12.0 0.0
3592.001273204891 1.0 0.0 0.0 0.0 0.0 1.0 12.0 0.0
3593.001273204891 1.0 0.0 0.0 0.0 0.0 1.0 12.0 0.0
3594.001273204891 1.0 0.0 0.0 0.0 0.0 1.0 12.0 0.0
3595.001273204891 1.0 0.0 0.0 0.0 0.0 1.0 12.0 0.0
3596.001273204891 1.0 0.0 0.0 0.0 0.0 1.0 12.0 0.0
3597.001273204891 1.0 0.0 0.0 0.0 0.0 1.0 12.0 0.0
3598.001273204891 1.0 0.0 0.0 0.0 0.0 1.0 12.0 0.0
3599.001273204891 1.0 0.0 0.0 0.0 0.0 1.0 12.0 0.0
3600.001273204891 1.0 0.0 0.0 0.0 0.0 1.0 12.0 0.0
3601.001273204891 1.0 0.0 0.0 0.0 0.0 1.0 11.5375 0.0
3602.0006222188576 0.875 0.0 0.125 0.0 0.0 1.0 11.01875 0.21739130434782608
3603.001273204891 0.76875 0.0 0.23124999999999998 0.0 0.0 1.0 10.34375 0.3533385093167702
3604.001273204891 0.3874999999999999 0.0 0.6125000000000002 0.0 0.0 1.0 10.275 0.4717391304347826
3605.001273204891 0.025000000000000005 0.0 0.975 0.0 0.0 1.0 11.125 0.0484472049689441
3606.001273204891 0.0 0.0 1.0 0.0 0.0 1.0 11.9125 0.0
3607.001273204891 0.0 0.0 1.0 0.0 0.0 1.0 12.0 0.0
3608.001273204891 0.0 0.0 1.0 0.0 0.0 1.0 12.0 0.0
3609.001273204891 0.0 0.0 1.0 0.0 0.0 1.0 12.0 0.0
3610.000151482789 0.0 0.0 1.0 0.0 0.0 1.0 12.0 0.0
3611.001273204891 0.0 0.0 1.0 0.0 0.0 1.0 12.0 0.0
3612.001273204891 0.0 0.0 1.0 0.0 0.0 1.0 12.0 0.0
3613.001273204891 0.0 0.0 1.0 0.0 0.0 1.0 12.0 0.0
3614.001273204891 0.0 0.0 1.0 0.0 0.0 1.0 12.0 0.0
3615.0001448218713 0.0 0.0 1.0 0.0 0.0 1.0 12.0 0.0
3616.001273204891 0.0 0.0 1.0 0.0 0.0 1.0 12.0 0.0
3617.0003239603006 0.0 0.0 1.0 0.0 0.0 1.0 12.0 0.0
3618.0004946489066 0.0 0.0 1.0 0.0 0.0 1.0 12.0 0.0
3619.001273204891 0.0 0.0 1.0 0.0 0.0 1.0 12.0 0.0
3620.001273204891 0.0 0.0 1.0 0.0 0.0 1.0 12.0 0.0
3621.001273204891 0.0 0.0 1.0 0.0 0.0 1.0 12.0 0.0
3622.001273204891 0.0 0.0 1.0 0.0 0.0 1.0 12.0 0.0
3623.001273204891 0.0 0.0 1.0 0.0 0.0 1.0 12.0 0.0
3624.001273204891 0.0 0.0 1.0 0.0 0.0 1.0 12.0 0.0
3625.001273204891 0.0 0.0 1.0 0.0 0.0 1.0 12.0 0.0
3626.001273204891 0.0 0.0 1.0 0.0 0.0 1.0 12.0 0.0
3627.001273204891 0.0 0.0 1.0 0.0 0.0 1.0 12.0 0.0
3628.001273204891 0.0 0.0 1.0 0.0 0.0 1.0 12.0 0.0
3629.001273204891 0.0 0.0 1.0 0.0 0.0 1.0 12.0 0.0
3630.001273204891 0.0 0.0 1.0 0.0 0.0 1.0 12.0 0.0
3631.001273204891 0.0 0.0 1.0 0.0 0.0 1.0 12.0 0.0
3632.001273204891 0.0 0.0 1.0 0.0 0.0 1.0 12.0 0.0
3633.001273204891 0.0 0.0 1.0 0.0 0.0 1.0 12.0 0.0
3634.001273204891 0.0 0.0 1.0 0.0 0.0 1.0 12.0 0.0
3635.00070962318 0.0 0.0 1.0 0.0 0.0 1.0 12.0 0.0
3636.001273204891 0.0 0.0 1.0 0.0 0.0 1.0 12.0 0.0
3637.001273204891 0.0 0.0 1.0 0.0 0.0 1.0 12.0 0.0
3638.001273204891 0.0 0.0 1.0 0.0 0.0 1.0 12.0 0.0
3639.001273204891 0.0 0.0 1.0 0.0 0.0 1.0 12.0 0.0
3640.001273204891 0.0 0.0 1.0 0.0 0.0 1.0 12.0 0.0
3641.001273204891 0.0 0.0 1.0 0.0 0.0 1.0 12.0 0.0
3642.0008722632347 0.0 0.0 1.0 0.0 0.0 1.0 12.0 0.0
3643.001273204891 0.0 0.0 1.0 0.0 0.0 1.0 12.0 0.0
3644.001273204891 0.0 0.0 1.0 0.0 0.0 1.0 12.0 0.0
3645.001273204891 0.0 0.0 1.0 0.0 0.0 1.0 12.0 0.0
3646.001273204891 0.0 0.0 1.0 0.0 0.0 1.0 12.0 0.0
3647.001273204891 0.0 0.0 1.0 0.0 0.0 1.0 12.0 0.0
3648.001273204891 0.0 0.0 1.0 0.0 0.0 1.0 12.0 0.0
3649.001273204891 0.0 0.0 1.0 0.0 0.0 1.0 12.0 0.0
3650.001273204891 0.0 0.0 1.0 0.0 0.0 1.0 12.0 0.0
3651.001273204891 0.0 0.0 1.0 0.0 0.0 1.0 12.0 0.0
3652.0008026629284 0.0 0.0 1.0 0.0 0.0 1.0 12.0 0.0
3653.001273204891 0.0 0.0 1.0 0.0 0.0 1.0 12.0 0.0
3654.001273204891 0.0 0.0 1.0 0.0 0.0 1.0 12.0 0.0
3655.001273204891 0.0 0.0 1.0 0.0 0.0 1.0 12.0 0.0
3656.001273204891 0.0 0.0 1.0 0.0 0.0 1.0 12.0 0.0
3657.001273204891 0.0 0.0 1.0 0.0 0.0 1.0 12.0 0.0
3658.000370121794 0.0 0.0 1.0 0.0 0.0 1.0 12.0 0.0
3659.001273204891 0.0 0.0 1.0 0.0 0.0 1.0 12.0 0.0
3660.001273204891 0.0 0.0 1.0 0.0 0.0 1.0 12.0 0.0
3661.001273204891 0.0 0.0 1.0 0.0 0.0 1.0 12.0 0.0
3662.001273204891 0.0 0.0 1.0 0.0 0.0 1.0 12.0 0.0
3663.001273204891 0.0 0.0 1.0 0.0 0.0 1.0 12.0 0.0
3664.001273204891 0.0 0.0 1.0 0.0 0.0 1.0 12.0 0.0
3665.001273204891 0.0 0.0 1.0 0.0 0.0 1.0 12.0 0.0
3666.001273204891 0.0 0.0 1.0 0.0 0.0 1.0 12.0 0.0
3667.001273204891 0.0 0.0 1.0 0.0 0.0 1.0 12.0 0.0
3668.001273204891 0.0 0.0 1.0 0.0 0.0 1.0 12.0 0.0
3669.001273204891 0.0 0.0 1.0 0.0 0.0 1.0 12.0 0.0
3670.001273204891 0.0 0.0 1.0 0.0 0.0 1.0 12.0 0.0
3671.001273204891 0.0 0.0 1.0 0.0 0.0 1.0 12.0 0.0
3672.001273204891 0.0 0.0 1.0 0.0 0.0 1.0 12.0 0.0
3673.001273204891 0.0 0.0 1.0 0.0 0.0 1.0 12.0 0.0
3674.0002575937656 0.0 0.0 1.0 0.0 0.0 1.0 12.0 0.0
3675.001273204891 0.0 0.0 1.0 0.0 0.0 1.0 12.0 0.0
3676.001273204891 0.0 0.0 1.0 0.0 0.0 1.0 12.0 0.0
3677.001273204891 0.0 0.0 1.0 0.0 0.0 1.0 12.0 0.0
3678.0008012654266 0.0 0.0 1.0 0.0 0.0 1.0 12.0 0.0
3679.001273204891 0.0 0.0 1.0 0.0 0.0 1.0 12.0 0.0
3680.001273204891 0.0 0.0 1.0 0.0 0.0 1.0 12.0 0.0
3681.001273204891 0.0 0.0 1.0 0.0 0.0 1.0 12.0 0.0
3682.001273204891 0.0 0.0 1.0 0.0 0.0 1.0 12.0 0.0
3683.001273204891 0.0 0.0 1.0 0.0 0.0 1.0 12.0 0.0
3684.001273204891 0.0 0.0 1.0 0.0 0.0 1.0 12.0 0.0
3685.001273204891 0.0 0.0 1.0 0.0 0.0 1.0 12.0 0.0
3686.001273204891 0.0 0.0 1.0 0.0 0.0 1.0 12.0 0.0
3687.001273204891 0.0 0.0 1.0 0.0 0.0 1.0 12.0 0.0
3688.001273204891 0.0 0.0 1.0 0.0 0.0 1.0 12.0 0.0
3689.001273204891 0.0 0.0 1.0 0.0 0.0 1.0 12.0 0.0
3690.001273204891 0.0 0.0 1.0 0.0 0.0 1.0 12.0 0.0
3691.001273204891 0.0 0.0 1.0 0.0 0.0 1.0 12.0 0.0
3692.001273204891 0.0 0.0 1.0 0.0 0.0 1.0 12.0 0.0
3693.001273204891 0.0 0.0 1.0 0.0 0.0 1.0 12.0 0.0
3694.001273204891 0.0 0.0 1.0 0.0 0.0 1.0 12.0 0.0
3695.001273204891 0.0 0.0 1.0 0.0 0.0 1.0 12.0 0.0
3696.0000629860474 0.0 0.0 1.0 0.0 0.0 1.0 11.70625 0.0
3697.001273204891 0.0 0.0 1.0 0.0 0.0 1.0 10.75625 0.0
3698.001273204891 0.0 0.0 1.0 0.0 0.0 1.0 9.675 0.0
3699.001273204891 0.0 0.0 1.0 0.0 0.0 1.0 8.88125 0.0
3700.001273204891 0.0 0.0 1.0 0.0 0.0 1.0 8.05 0.0
3701.001273204891 0.0 0.0 1.0 0.0 0.0 1.0 8.0 0.0
3702.001273204891 0.0 0.0 1.0 0.0 0.0 1.0 8.0 0.0
3703.001273204891 0.0 0.0 1.0 0.0 0.0 1.0 8.0 0.0
3704.001273204891 0.0 0.0 1.0 0.0 0.0 1.0 8.0 0.0
3705.001273204891 0.0 0.0 1.0 0.0 0.0 1.0 8.0 0.0
3706.001273204891 0.0 0.0 1.0 0.0 0.0 1.0 8.0 0.0
3707.001273204891 0.0 0.0 1.0 0.0 0.0 1.0 8.0 0.0
3708.001273204891 0.0 0.0 1.0 0.0 0.0 1.0 8.0 0.0
3709.001273204891 0.0 0.0 1.0 0.0 0.0 1.0 8.0 0.0
3710.001273204891 0.0 0.0 1.0 0.0 0.0 1.0 8.0 0.0
3711.001273204891 0.0 0.0 1.0 0.0 0.0 1.0 8.0 0.0
3712.001273204891 0.0 0.0 1.0 0.0 0.0 1.0 8.0 0.0
3713.001273204891 0.0 0.0 1.0 0.0 0.0 1.0 8.0 0.0
3714.001273204891 0.0 0.0 1.0 0.0 0.0 1.0 8.0 0.0
3715.001273204891 0.0 0.0 1.0 0.0 0.0 1.0 8.0 0.0
3716.001273204891 0.0 0.0 1.0 0.0 0.0 1.0 8.0 0.0
3717.001273204891 0.0 0.0 1.0 0.0 0.0 1.0 8.0 0.0
3718.001273204891 0.0 0.0 1.0 0.0 0.0 1.0 8.0 0.0
3719.001273204891 0.0 0.0 1.0 0.0 0.0 1.0 8.0 0.0
3720.001273204891 0.0 0.0 1.0 0.0 0.0 1.0 8.0 0.0
3721.001273204891 0.0 0.0 1.0 0.0 0.0 1.0 8.0 0.0
3722.001273204891 0.0 0.0 1.0 0.0 0.0 1.0 8.0 0.0
3723.001273204891 0.0 0.0 1.0 0.0 0.0 1.0 8.0 0.0
3724.001273204891 0.0 0.0 1.0 0.0 0.0 1.0 8.0 0.0
3725.001273204891 0.0 0.0 1.0 0.0 0.0 1.0 8.0 0.0
3726.001273204891 0.0 0.0 1.0 0.0 0.0 1.0 8.0 0.0
3727.001273204891 0.0 0.0 1.0 0.0 0.0 1.0 8.0 0.0
3728.001273204891 0.0 0.0 1.0 0.0 0.0 1.0 8.0 0.0
3729.001273204891 0.0 0.0 1.0 0.0 0.0 1.0 8.0 0.0
3730.001273204891 0.0 0.0 1.0 0.0 0.0 1.0 8.0 0.0
3731.001273204891 0.0 0.0 1.0 0.0 0.0 1.0 8.0 0.0
3732.001273204891 0.0 0.0 1.0 0.0 0.0 1.0 8.0 0.0
3733.001273204891 0.0 0.0 1.0 0.0 0.0 1.0 8.0 0.0
3734.001273204891 0.0 0.0 1.0 0.0 0.0 1.0 8.0 0.0
3735.001273204891 0.0 0.0 1.0 0.0 0.0 1.0 8.0 0.0
3736.001273204891 0.0 0.0 1.0 0.0 0.0 1.0 8.0 0.0
3737.001273204891 0.0 0.0 1.0 0.0 0.0 1.0 8.0 0.0
3738.0005098962647 0.0 0.0 1.0 0.0 0.0 1.0 8.0 0.0
3739.001273204891 0.0 0.0 1.0 0.0 0.0 1.0 8.0 0.0
3740.001273204891 0.0 0.0 1.0 0.0 0.0 1.0 8.0 0.0
3741.000645234518 0.0 0.0 1.0 0.0 0.0 1.0 8.0 0.0
3742.001273204891 0.0 0.0 1.0 0.0 0.0 1.0 8.0 0.0
3743.001273204891 0.0 0.0 1.0 0.0 0.0 1.0 8.0 0.0
3744.001273204891 0.0 0.0 1.0 0.0 0.0 1.0 8.0 0.0
3745.001273204891 0.0 0.0 1.0 0.0 0.0 1.0 8.0 0.0
3746.001273204891 0.0 0.0 1.0 0.0 0.0 1.0 8.0 0.0
3747.001273204891 0.0 0.0 1.0 0.0 0.0 1.0 8.0 0.0
3748.001273204891 0.0 0.0 1.0 0.0 0.0 1.0 8.0 0.0
3749.001273204891 0.0 0.0 1.0 0.0 0.0 1.0 8.0 0.0
3750.001273204891 0.0 0.0 0.95625 0.04375000000000002 0.0 0.0 8.0 0.08315217391304348
3751.001273204891 0.0 0.0 0.07500000000000001 0.925 0.0 0.0 8.05 0.13788819875776398
3752.001273204891 0.0 0.0 0.0 1.0 0.0 0.0 8.98125 0.0
3753.001273204891 0.0 0.0 0.0 1.0 0.0 0.0 9.925 0.0
3754.001273204891 0.0 0.0 0.0 1.0 0.0 0.0 10.0 0.0
3755.001273204891 0.0 0.0 0.0 1.0 0.0 0.0 10.0 0.0
3756.001273204891 0.0 0.0 0.0 1.0 0.0 0.0 10.0 0.0
3757.001273204891 0.0 0.0 0.0 1.0 0.0 0.0 10.0 0.0
3758.001273204891 0.0 0.0 0.0 1.0 0.0 0.0 10.0 0.0
3759.001273204891 0.0 0.0 0.0 1.0 0.0 0.0 10.0 0.0
3760.001273204891 0.0 0.0 0.0 1.0 0.0 0.0 10.0 0.0
3761.001273204891 0.0 0.0 0.0 1.0 0.0 0.0 10.0 0.0
3762.001273204891 0.0 0.0 0.0 1.0 0.0 0.0 10.0 0.0
3763.001273204891 0.0 0.0 0.0 1.0 0.0 0.0 10.0 0.0
3764.001273204891 0.0 0.0 0.0 1.0 0.0 0.0 10.0 0.0
3765.001273204891 0.0 0.0 0.0 1.0 0.0 0.0 10.0 0.0
3766.001273204891 0.0 0.0 0.0 1.0 0.0 0.0 10.0 0.0
3767.001273204891 0.0 0.0 0.0 1.0 0.0 0.0 10.0 0.0
3768.001273204891 0.0 0.0 0.0 1.0 0.0 0.0 10.0 0.0
3769.001273204891 0.0 0.0 0.0 1.0 0.0 0.0 10.0 0.0
3770.001273204891 0.0 0.0 0.0 1.0 0.0 0.0 10.0 0.0
3771.000301361324 0.0 0.0 0.0 1.0 0.0 0.0 10.0 0.0
3772.001273204891 0.0 0.0 0.0 1.0 0.0 0.0 10.0 0.0
3773.000651614193 0.0 0.0 0.0 1.0 0.0 0.0 10.0 0.0
3774.001273204891 0.0 0.0 0.0 1.0 0.0 0.0 10.0 0.0
3775.001273204891 0.0 0.0 0.0 1.0 0.0 0.0 10.0 0.0
3776.001273204891 0.0 0.0 0.0 1.0 0.0 0.0 10.0 0.0
3777.001273204891 0.0 0.0 0.0 1.0 0.0 0.0 10.0 0.0
3778.001273204891 0.0 0.0 0.0 1.0 0.0 0.0 10.0 0.0
3779.001273204891 0.0 0.0 0.0 1.0 0.0 0.0 10.0 0.0
3780.000633037875 0.0 0.0 0.0 1.0 0.0 0.0 10.0 0.0
3781.0011940376517 0.0 0.0 0.0 1.0 0.0 0.0 10.0 0.0
3782.001222146877 0.0 0.0 0.0 1.0 0.0 0.0 10.0 0.0
3783.000469408747 0.0 0.0 0.0 1.0 0.0 0.0 10.0 0.0
3784.001273204891 0.0 0.0 0.0 1.0 0.0 0.0 10.0 0.0
3785.001273204891 0.0 0.0 0.0 1.0 0.0 0.0 10.0 0.0
3786.001273204891 0.0 0.0 0.0 1.0 0.0 0.0 10.0 0.0
3787.001273204891 0.0 0.0 0.0 1.0 0.0 0.0 10.0 0.0
3788.001273204891 0.0 0.0 0.0 1.0 0.0 0.0 10.0 0.0
3789.001273204891 0.0 0.0 0.0 1.0 0.0 0.0 10.0 0.0
3790.001273204891 0.0 0.0 0.0 1.0 0.0 0.0 10.0 0.0
3791.000568952208 0.0 0.0 0.0 1.0 0.0 0.0 10.0 0.0
3792.0001585016207 0.0 0.0 0.0 1.0 0.0 0.0 10.0 0.0
3793.001273204891 0.0 0.0 0.0 1.0 0.0 0.0 10.0 0.0
3794.001273204891 0.0 0.0 0.0 1.0 0.0 0.0 10.0 0.0
3795.001273204891 0.0 0.0 0.0 1.0 0.0 0.0 10.0 0.0
3796.001273204891 0.0 0.0 0.0 1.0 0.0 0.0 10.0 0.0
3797.001273204891 0.0 0.0 0.0 1.0 0.0 0.0 10.0 0.0
3798.001273204891 0.0 0.0 0.0 1.0 0.0 0.0 10.0 0.0
3799.001273204891 0.0 0.0 0.0 1.0 0.0 0.0 10.0 0.0
3800.001273204891 0.0 0.0 0.0 1.0 0.0 0.0 10.0 0.0
3801.0011385108864 0.0 0.0 0.0 1.0 0.0 0.0 10.0 0.0
3802.001273204891 0.0 0.0 0.0 1.0 0.0 0.0 10.0 0.0
3803.001273204891 0.0 0.0 0.0 1.0 0.0 0.0 10.0 0.0
3804.0004839193334 0.0 0.0 0.0 1.0 0.0 0.0 10.0 0.0
3805.0012530914405 0.0 0.0 0.0 1.0 0.0 0.0 10.0 0.0
3806.001273204891 0.0 0.0 0.0 1.0 0.0 0.0 10.0 0.0
3807.001273204891 0.0 0.0 0.0 1.0 0.0 0.0 10.0 0.0
3808.001273204891 0.0 0.0 0.0 1.0 0.0 0.0 10.0 0.0
3809.001273204891 0.0 0.0 0.0 1.0 0.0 0.0 10.0 0.0
3810.001273204891 0.0 0.0 0.0 1.0 0.0 0.0 10.0 0.0
3811.001273204891 0.0 0.0 0.0 1.0 0.0 0.0 10.0 0.0
3812.0001808020165 0.0 0.0 0.0 1.0 0.0 0.0 10.0 0.0
3813.001273204891 0.0 0.0 0.0 1.0 0.0 0.0 10.0 0.0
3814.001273204891 0.0 0.0 0.0 1.0 0.0 0.0 10.0 0.0
3815.001273204891 0.0 0.0 0.0 1.0 0.0 0.0 10.0 0.0
3816.001273204891 0.0 0.0 0.0 1.0 0.0 0.0 10.0 0.0
3817.00006029123 0.0 0.0 0.0 1.0 0.0 0.0 10.0 0.0
3818.001273204891 0.0 0.0 0.0 1.0 0.0 0.0 10.0 0.0
3819.001273204891 0.0 0.0 0.0 1.0 0.0 0.0 10.0 0.0
3820.001273204891 0.0 0.0 0.0 1.0 0.0 0.0 10.0 0.0
3821.001273204891 0.0 0.0 0.0 1.0 0.0 0.0 10.0 0.0
3822.001273204891 0.0 0.0 0.0 1.0 0.0 0.0 10.0 0.0
3823.000829739423 0.0 0.0 0.0 1.0 0.0 0.0 10.0 0.0
3824.001273204891 0.0 0.0 0.0 1.0 0.0 0.0 10.0 0.0
3825.001273204891 0.0 0.0 0.0 1.0 0.0 0.0 10.0 0.0
3826.001273204891 0.0 0.0 0.0 1.0 0.0 0.0 10.0 0.0
3827.000412483538 0.0 0.0 0.0 1.0 0.0 0.0 10.0 0.0
3828.001273204891 0.0 0.0 0.0 1.0 0.0 0.0 10.0 0.0
3829.001273204891 0.0 0.0 0.0 1.0 0.0 0.0 10.0 0.0
3830.001273204891 0.0 0.0 0.0 1.0 0.0 0.0 10.0 0.0
3831.001273204891 0.0 0.0 0.0 1.0 0.0 0.0 10.0 0.0
3832.001273204891 0.0 0.0 0.0 1.0 0.0 0.0 10.0 0.0
3833.001273204891 0.0 0.0 0.0 1.0 0.0 0.0 10.0 0.0
3834.001273204891 0.0 0.0 0.0 1.0 0.0 0.0 10.0 0.0
3835.001273204891 0.0 0.0 0.0 1.0 0.0 0.0 10.0 0.0
3836.001273204891 0.0 0.0 0.0 1.0 0.0 0.0 10.0 0.0
3837.001273204891 0.0 0.0 0.0 1.0 0.0 0.0 10.0 0.0
3838.001273204891 0.0 0.0 0.0 1.0 0.0 0.0 10.0 0.0
3839.001273204891 0.0 0.0 0.0 1.0 0.0 0.0 10.0 0.0
3840.001273204891 0.0 0.0 0.0 1.0 0.0 0.0 10.0 0.0
3841.001273204891 0.0 0.0 0.0 1.0 0.0 0.0 10.0 0.0
3842.000351286945 0.0 0.0 0.0 1.0 0.0 0.0 10.0 0.0
3843.001273204891 0.0 0.0 0.0 1.0 0.0 0.0 10.0 0.0
3844.0000052895107 0.0 0.0 0.0 1.0 0.0 0.0 9.5375 0.0
3845.001273204891 0.0 0.0 0.0 1.0 0.0 0.0 8.5875 0.0
3846.001273204891 0.0 0.0 0.0 1.0 0.0 0.0 8.025 0.0
3847.001273204891 0.0 0.0 0.0 1.0 0.0 0.0 8.0 0.0
3848.001273204891 0.0 0.0 0.0 1.0 0.0 0.0 8.0 0.0
3849.000888887417 0.0 0.0 0.0 1.0 0.0 0.0 8.0 0.0
3850.001273204891 0.0 0.0 0.0 1.0 0.0 0.0 8.0 0.0
3851.000903847489 0.0 0.0 0.0 1.0 0.0 0.0 8.0 0.0
3852.001273204891 0.0 0.0 0.0 1.0 0.0 0.0 8.0 0.0
3853.001273204891 0.0 0.0 0.0 1.0 0.0 0.0 8.0 0.0
3854.0004956646753 0.0 0.0 0.0 1.0 0.0 0.0 8.0 0.0
3855.001273204891 0.0 0.0 0.0 1.0 0.0 0.0 8.0 0.0
3856.001273204891 0.0 0.0 0.0 1.0 0.0 0.0 8.0 0.0
3857.001273204891 0.0 0.0 0.0 1.0 0.0 0.0 8.0 0.0
3858.001273204891 0.0 0.0 0.0 1.0 0.0 0.0 8.0 0.0
3859.001273204891 0.0 0.0 0.0 1.0 0.0 0.0 8.0 0.0
3860.001273204891 0.0 0.0 0.0 1.0 0.0 0.0 8.0 0.0
3861.001273204891 0.0 0.0 0.0 1.0 0.0 0.0 8.0 0.0
3862.001273204891 0.0 0.0 0.0 1.0 0.0 0.0 8.0 0.0
3863.0006610643222 0.0 0.0 0.0 1.0 0.0 0.0 8.0 0.0
3864.000281470679 0.0 0.0 0.0 1.0 0.0 0.0 8.0 0.0
3865.001273204891 0.0 0.0 0.0 1.0 0.0 0.0 8.0 0.0
3866.001273204891 0.0 0.0 0.0 1.0 0.0 0.0 8.0 0.0
3867.0003561856493 0.0 0.0 0.0 1.0 0.0 0.0 8.0 0.0
3868.001273204891 0.0 0.0 0.0 1.0 0.0 0.0 8.0 0.0
3869.001273204891 0.0 0.0 0.0 1.0 0.0 0.0 8.0 0.0
3870.001273204891 0.0 0.0 0.0 1.0 0.0 0.0 8.0 0.0
3871.001273204891 0.0 0.0 0.0 1.0 0.0 0.0 8.0 0.0
3872.001273204891 0.0 0.0 0.0 1.0 0.0 0.0 8.0 0.0
3873.001273204891 0.0 0.0 0.0 1.0 0.0 0.0 8.0 0.0
3874.001273204891 0.0 0.0 0.0 1.0 0.0 0.0 8.0 0.0
3875.001273204891 0.0 0.0 0.0 1.0 0.0 0.0 8.0 0.0
3876.00029383218 0.0 0.0 0.0 1.0 0.0 0.0 8.0 0.0
3877.001273204891 0.0 0.0 0.0 1.0 0.0 0.0 8.0 0.0
3878.0000662577677 0.0 0.0 0.0 1.0 0.0 0.0 8.0 0.0
3879.001273204891 0.0 0.0 0.0 1.0 0.0 0.0 8.0 0.0
3880.001273204891 0.0 0.0 0.0 1.0 0.0 0.0 8.0 0.0
3881.001273204891 0.0 0.0 0.0 1.0 0.0 0.0 8.0 0.0
3882.001273204891 0.0 0.0 0.0 1.0 0.0 0.0 8.0 0.0
3883.001273204891 0.0 0.0 0.0 1.0 0.0 0.0 8.0 0.0
3884.001273204891 0.0 0.0 0.0 1.0 0.0 0.0 8.0 0.0
3885.001273204891 0.0 0.0 0.0 1.0 0.0 0.0 8.0 0.0
3886.0004444791034 0.0 0.0 0.0 1.0 0.0 0.0 8.0 0.0
3887.001273204891 0.0 0.0 0.0 1.0 0.0 0.0 8.0 0.0
3888.001273204891 0.0 0.0 0.0 1.0 0.0 0.0 8.0 0.0
3889.001273204891 0.0 0.0 0.0 1.0 0.0 0.0 8.0 0.0
3890.001273204891 0.0 0.0 0.0 1.0 0.0 0.0 8.0 0.0
3891.001273204891 0.0 0.0 0.0 1.0 0.0 0.0 8.0 0.0
3892.001273204891 0.0 0.0 0.0 1.0 0.0 0.0 8.0 0.0
3893.001273204891 0.0 0.0 0.0 1.0 0.0 0.0 8.0 0.0
3894.001273204891 0.0 0.0 0.0 1.0 0.0 0.0 8.0 0.0
3895.001273204891 0.0 0.0 0.0 1.0 0.0 0.0 8.0 0.0
3896.001273204891 0.0 0.0 0.0 1.0 0.0 0.0 8.0 0.0
3897.001273204891 0.0 0.0 0.0 1.0 0.0 0.0 8.0 0.0
3898.001273204891 0.0 0.0 0.0 1.0 0.0 0.0 8.0 0.0
3899.0007516292912 0.0 0.0 0.0 1.0 0.0 0.0 8.0 0.0
3900.000370097128 0.0 0.0 0.0 1.0 0.0 0.0 8.0 0.0
3901.001273204891 0.0 0.0 0.0 1.0 0.0 0.0 8.0 0.0
3902.001273204891 0.0 0.0 0.0 1.0 0.0 0.0 8.0 0.0
3903.001273204891 0.0 0.0 0.0 1.0 0.0 0.0 8.0 0.0
3904.001273204891 0.0 0.0 0.0 1.0 0.0 0.0 8.0 0.0
3905.0006519184876 0.0 0.0 0.0 1.0 0.0 0.0 8.0 0.0
3906.001273204891 0.0 0.0 0.0 1.0 0.0 0.0 8.0 0.0
3907.001273204891 0.0 0.0 0.0 1.0 0.0 0.0 8.0 0.0
3908.001273204891 0.0 0.0 0.0 1.0 0.0 0.0 8.0 0.0
3909.001273204891 0.0 0.0 0.0 1.0 0.0 0.0 8.0 0.0
3910.001273204891 0.0 0.0 0.0 1.0 0.0 0.0 8.0 0.0
3911.001273204891 0.0 0.0 0.0 1.0 0.0 0.0 8.0 0.0
3912.001273204891 0.0 0.0 0.0 1.0 0.0 0.0 8.0 0.0
3913.001273204891 0.0 0.0 0.0 1.0 0.0 0.0 8.0 0.0
3914.001273204891 0.0 0.0 0.0 1.0 0.0 0.0 8.0 0.0
3915.001273204891 0.0 0.0 0.0 1.0 0.0 0.0 8.0 0.0
3916.001273204891 0.0 0.0 0.0 1.0 0.0 0.0 8.0 0.0
3917.001273204891 0.0 0.0 0.0 1.0 0.0 0.0 8.0 0.0
3918.001273204891 0.0 0.0 0.0 1.0 0.0 0.0 8.0 0.0
3919.0011841408664 0.0 0.0 0.0 1.0 0.0 0.0 8.0 0.0
3920.0010168981303 0.0 0.0 0.0 1.0 0.0 0.0 8.0 0.0
3921.0006892294177 0.0 0.0 0.0 1.0 0.0 0.0 8.0 0.0
3922.001273204891 0.0 0.0 0.0 1.0 0.0 0.0 8.0 0.0
3923.001273204891 0.0 0.0 0.0 1.0 0.0 0.0 8.0 0.0
3924.001273204891 0.0 0.0 0.0 1.0 0.0 0.0 8.0 0.0
3925.0006154343823 0.0 0.0 0.0 1.0 0.0 0.0 8.0 0.0
3926.001273204891 0.0 0.0 0.0 1.0 0.0 0.0 8.0 0.0
3927.001273204891 0.0 0.0 0.0 1.0 0.0 0.0 8.0 0.0
3928.001273204891 0.0 0.0 0.0 1.0 0.0 0.0 8.0 0.0
3929.001273204891 0.0 0.0 0.0 1.0 0.0 0.0 8.0 0.0
3930.001273204891 0.0 0.0 0.0 1.0 0.0 0.0 8.0 0.0
3931.001273204891 0.0 0.0 0.0 1.0 0.0 0.0 8.0 0.0
3932.001273204891 0.0 0.0 0.0 1.0 0.0 0.0 8.0 0.0
3933.001273204891 0.0 0.0 0.0 1.0 0.0 0.0 8.0 0.0
3934.001273204891 0.0 0.0 0.0 1.0 0.0 0.0 8.0 0.0
3935.0003291958733 0.0 0.0 0.0 1.0 0.0 0.0 8.0 0.0
3936.001273204891 0.0 0.0 0.0 1.0 0.0 0.0 8.0 0.0
3937.001273204891 0.0 0.0 0.0 1.0 0.0 0.0 8.0 0.0
3938.001273204891 0.0 0.0 0.0 1.0 0.0 0.0 8.0 0.0
3939.0001001434603 0.0 0.0 0.0 1.0 0.0 0.0 8.0 0.0
3940.001273204891 0.0 0.0 0.0 1.0 0.0 0.0 8.0 0.0
3941.0002342820962 0.0 0.0 0.0 1.0 0.0 0.0 8.0 0.0
3942.001273204891 0.0 0.0 0.0 1.0 0.0 0.0 8.0 0.0
3943.001273204891 0.0 0.0 0.0 1.0 0.0 0.0 8.0 0.0
3944.001273204891 0.0 0.0 0.0 1.0 0.0 0.0 8.0 0.0
3945.001273204891 0.0 0.0 0.0 1.0 0.0 0.0 8.0 0.0
3946.001273204891 0.0 0.0 0.0 1.0 0.0 0.0 8.0 0.0
3947.001273204891 0.0 0.0 0.0 1.0 0.0 0.0 8.0 0.0
3948.001273204891 0.0 0.0 0.0 1.0 0.0 0.0 8.0 0.0
3949.001273204891 0.0 0.0 0.0 1.0 0.0 0.0 8.0 0.0
3950.001273204891 0.0 0.0 0.0 1.0 0.0 0.0 8.0 0.0
3951.001273204891 0.0 0.0 0.0 1.0 0.0 0.0 8.0 0.0
3952.000640666587 0.0 0.0 0.0 1.0 0.0 0.0 8.0 0.0
3953.001273204891 0.0 0.0 0.0 1.0 0.0 0.0 8.0 0.0
3954.001273204891 0.0 0.0 0.0 1.0 0.0 0.0 8.0 0.0
3955.001273204891 0.0 0.0 0.0 1.0 0.0 0.0 8.0 0.0
3956.001273204891 0.0 0.0 0.0 1.0 0.0 0.0 8.0 0.0
3957.001273204891 0.0 0.0 0.0 1.0 0.0 0.0 8.0 0.0
3958.001273204891 0.0 0.0 0.0 1.0 0.0 0.0 8.0 0.0
3959.001273204891 0.0 0.0 0.0 1.0 0.0 0.0 8.0 0.0
3960.001273204891 0.0 0.0 0.0 1.0 0.0 0.0 8.0 0.0
3961.001273204891 0.0 0.0 0.0 1.0 0.0 0.0 8.0 0.0
3962.001273204891 0.0 0.0 0.0 1.0 0.0 0.0 8.0 0.0
3963.001273204891 0.0 0.0 0.0 1.0 0.0 0.0 8.0 0.0
3964.001273204891 0.0 0.0 0.0 1.0 0.0 0.0 8.0 0.0
3965.001273204891 0.0 0.0 0.0 1.0 0.0 0.0 8.0 0.0
3966.001273204891 0.0 0.0 0.0 1.0 0.0 0.0 8.0 0.0
3967.001273204891 0.0 0.0 0.0 1.0 0.0 0.0 8.0 0.0
3968.001273204891 0.0 0.0 0.0 1.0 0.0 0.0 8.0 0.0
3969.001273204891 0.0 0.0 0.0 1.0 0.0 0.0 8.0 0.0
3970.001273204891 0.0 0.0 0.0 1.0 0.0 0.0 8.0 0.0
3971.001273204891 0.0 0.0 0.0 1.0 0.0 0.0 8.0 0.0
3972.001273204891 0.0 0.0 0.0 1.0 0.0 0.0 8.0 0.0
3973.001273204891 0.0 0.0 0.0 1.0 0.0 0.0 8.0 0.0
3974.0005040828073 0.0 0.0 0.0 1.0 0.0 0.0 8.0 0.0
3975.001273204891 0.0 0.0 0.0 1.0 0.0 0.0 8.0 0.0
3976.001273204891 0.0 0.0 0.0 1.0 0.0 0.0 8.0 0.0
3977.001273204891 0.0 0.0 0.0 1.0 0.0 0.0 8.0 0.0
3978.001273204891 0.0 0.0 0.0 1.0 0.0 0.0 8.0 0.0
3979.001273204891 0.0 0.0 0.0 1.0 0.0 0.0 8.0 0.0
3980.001273204891 0.0 0.0 0.0 1.0 0.0 0.0 8.0 0.0
3981.001176663842 0.0 0.0 0.0 1.0 0.0 0.0 8.0 0.0
3982.001273204891 0.0 0.0 0.0 1.0 0.0 0.0 8.0 0.0
3983.000144156192 0.0 0.0 0.0 1.0 0.0 0.0 8.0 0.0
3984.001273204891 0.0 0.0 0.0 1.0 0.0 0.0 8.0 0.0
3985.001273204891 0.0 0.0 0.0 1.0 0.0 0.0 8.0 0.0
3986.001273204891 0.0 0.0 0.0 1.0 0.0 0.0 8.0 0.0
3987.001273204891 0.0 0.0 0.0 1.0 0.0 0.0 8.0 0.0
3988.000308829949 0.0 0.0 0.0 1.0 0.0 0.0 8.0 0.0
3989.001273204891 0.0 0.0 0.0 1.0 0.0 0.0 8.0 0.0
3990.001273204891 0.0 0.0 0.0 1.0 0.0 0.0 8.0 0.0
3991.001273204891 0.0 0.0 0.0 1.0 0.0 0.0 8.0 0.0
3992.001273204891 0.0 0.0 0.0 1.0 0.0 0.0 8.0 0.0
3993.001273204891 0.0 0.0 0.0 1.0 0.0 0.0 8.0 0.0
3994.001273204891 0.0 0.0 0.0 1.0 0.0 0.0 8.0 0.0
3995.001273204891 0.0 0.0 0.0 1.0 0.0 0.0 8.0 0.0
3996.001273204891 0.0 0.0 0.0 1.0 0.0 0.0 8.0 0.0
3997.001273204891 0.0 0.0 0.0 1.0 0.0 0.0 8.0 0.0
3998.001273204891 0.0 0.0 0.0 1.0 0.0 0.0 8.0 0.0
3999.001273204891 0.0 0.0 0.0 1.0 0.0 0.0 8.0 0.0
4000.0008335275515 0.0 0.0 0.0 1.0 0.0 0.0 8.0 0.0
4001.001273204891 0.0 0.0 0.0 1.0 0.0 0.0 8.0 0.0
4002.001273204891 0.0 0.0 0.0 1.0 0.0 0.0 8.0 0.0
4003.001273204891 0.0 0.0 0.0 1.0 0.0 0.0 8.0 0.0
4004.001273204891 0.0 0.0 0.0 1.0 0.0 0.0 8.0 0.0
4005.001273204891 0.0 0.0 0.0 1.0 0.0 0.0 8.0 0.0
4006.001273204891 0.0 0.0 0.0 1.0 0.0 0.0 8.0 0.0
4007.001273204891 0.0 0.0 0.0 1.0 0.0 0.0 8.0 0.0
4008.001273204891 0.0 0.0 0.0 1.0 0.0 0.0 8.0 0.0
4009.001273204891 0.0 0.0 0.0 1.0 0.0 0.0 8.0 0.0
4010.001273204891 0.0 0.0 0.0 1.0 0.0 0.0 8.0 0.0
4011.001273204891 0.0 0.0 0.0 1.0 0.0 0.0 8.0 0.0
4012.001273204891 0.0 0.0 0.0 1.0 0.0 0.0 8.0 0.0
4013.001273204891 0.0 0.0 0.0 1.0 0.0 0.0 8.0 0.0
4014.001273204891 0.0 0.0 0.0 1.0 0.0 0.0 8.0 0.0
4015.001273204891 0.0 0.0 0.0 1.0 0.0 0.0 8.0 0.0
4016.001273204891 0.0 0.0 0.0 1.0 0.0 0.0 8.0 0.0
4017.001273204891 0.0 0.0 0.0 1.0 0.0 0.0 8.0 0.0
4018.001273204891 0.0 0.0 0.0 1.0 0.0 0.0 8.0 0.0
4019.001273204891 0.0 0.0 0.0 1.0 0.0 0.0 8.0 0.0
4020.001273204891 0.0 0.0 0.0 1.0 0.0 0.0 8.0 0.0
4021.0008880648365 0.0 0.0 0.0 1.0 0.0 0.0 8.0 0.0
4022.001273204891 0.0 0.0 0.0 1.0 0.0 0.0 8.0 0.0
4023.001273204891 0.0 0.0 0.0 1.0 0.0 0.0 8.0 0.0
4024.0011162600235 0.0 0.0 0.0 1.0 0.0 0.0 8.0 0.0
4025.001273204891 0.0 0.0 0.0 1.0 0.0 0.0 8.0 0.0
4026.001273204891 0.0 0.0 0.0 1.0 0.0 0.0 8.0 0.0
4027.001273204891 0.0 0.0 0.0 1.0 0.0 0.0 8.0 0.0
4028.001273204891 0.0 0.0 0.0 1.0 0.0 0.0 8.0 0.0
4029.001273204891 0.0 0.0 0.0 1.0 0.0 0.0 8.0 0.0
4030.001273204891 0.0 0.0 0.0 1.0 0.0 0.0 8.0 0.0
4031.001273204891 0.0 0.0 0.0 1.0 0.0 0.0 8.0 0.0
4032.001273204891 0.0 0.0 0.0 1.0 0.0 0.0 8.0 0.0
4033.001273204891 0.0 0.0 0.0 1.0 0.0 0.0 8.0 0.0
4034.0004454134914 0.0 0.0 0.0 1.0 0.0 0.0 8.0 0.0
4035.0005064536563 0.0 0.0 0.0 1.0 0.0 0.0 8.0 0.0
4036.001273204891 0.0 0.0 0.0 1.0 0.0 0.0 8.0 0.0
4037.001273204891 0.0 0.0 0.0 1.0 0.0 0.0 8.0 0.0
4038.00087403019 0.0 0.0 0.0 1.0 0.0 0.0 8.0 0.0
4039.000122650138 0.0 0.0 0.0 1.0 0.0 0.0 8.0 0.0
4040.001273204891 0.0 0.0 0.0 1.0 0.0 0.0 8.0 0.0
4041.001273204891 0.0 0.0 0.0 1.0 0.0 0.0 8.0 0.0
4042.001273204891 0.0 0.0 0.0 1.0 0.0 0.0 8.0 0.0
4043.001273204891 0.0 0.0 0.0 1.0 0.0 0.0 8.0 0.0
4044.001273204891 0.0 0.0 0.0 1.0 0.0 0.0 8.0 0.0
4045.001273204891 0.0 0.0 0.0 1.0 0.0 0.0 8.0 0.0
4046.001273204891 0.0 0.0 0.0 1.0 0.0 0.0 8.0 0.0
4047.0011973814912 0.0 0.0 0.0 1.0 0.0 0.0 8.0 0.0
4048.001273204891 0.0 0.0 0.0 1.0 0.0 0.0 8.0 0.0
4049.001273204891 0.0 0.0 0.0 1.0 0.0 0.0 8.0 0.0
4050.001273204891 0.0 0.0 0.0 1.0 0.0 0.0 8.0 0.0
4051.001273204891 0.0 0.0 0.0 1.0 0.0 0.0 8.0 0.0
4052.0010976413505 0.0 0.0 0.0 1.0 0.0 0.0 8.0 0.0
4053.001273204891 0.0 0.0 0.0 1.0 0.0 0.0 8.0 0.0
4054.001273204891 0.0 0.0 0.0 1.0 0.0 0.0 8.0 0.0
4055.001273204891 0.0 0.0 0.0 1.0 0.0 0.0 8.0 0.0
4056.00089304542 0.0 0.0 0.0 1.0 0.0 0.0 8.0 0.0
4057.0003897435486 0.0 0.0 0.0 1.0 0.0 0.0 8.0 0.0
4058.001273204891 0.0 0.0 0.0 1.0 0.0 0.0 8.0 0.0
4059.001273204891 0.0 0.0 0.0 1.0 0.0 0.0 8.0 0.0
4060.001273204891 0.0 0.0 0.0 1.0 0.0 0.0 8.0 0.0
4061.001273204891 0.0 0.0 0.0 1.0 0.0 0.0 8.0 0.0
4062.001273204891 0.0 0.0 0.0 1.0 0.0 0.0 8.0 0.0
4063.001273204891 0.0 0.0 0.0 1.0 0.0 0.0 8.0 0.0
4064.001273204891 0.0 0.0 0.0 1.0 0.0 0.0 8.0 0.0
4065.000817980072 0.0 0.0 0.0 1.0 0.0 0.0 8.0 0.0
4066.001273204891 0.0 0.0 0.0 1.0 0.0 0.0 8.0 0.0
4067.001264561947 0.0 0.0 0.0 1.0 0.0 0.0 8.0 0.0
4068.001273204891 0.0 0.0 0.0 1.0 0.0 0.0 8.0 0.0
4069.001273204891 0.0 0.0 0.0 1.0 0.0 0.0 8.0 0.0
4070.001273204891 0.0 0.0 0.0 1.0 0.0 0.0 8.0 0.0
4071.001273204891 0.0 0.0 0.0 1.0 0.0 0.0 8.0 0.0
4072.001273204891 0.0 0.0 0.0 1.0 0.0 0.0 8.0 0.0
4073.001273204891 0.0 0.0 0.0 1.0 0.0 0.0 8.0 0.0
4074.000118425988 0.0 0.0 0.0 1.0 0.0 0.0 8.0 0.0
4075.001273204891 0.0 0.0 0.0 1.0 0.0 0.0 8.0 0.0
4076.001273204891 0.0 0.0 0.0 1.0 0.0 0.0 8.0 0.0
4077.0004985618793 0.0 0.0 0.0 1.0 0.0 0.0 8.0 0.0
4078.0012431992836 0.0 0.0 0.0 1.0 0.0 0.0 8.0 0.0
4079.001273204891 0.0 0.0 0.0 1.0 0.0 0.0 8.0 0.0
4080.001273204891 0.0 0.0 0.0 1.0 0.0 0.0 8.0 0.0
4081.001273204891 0.0 0.0 0.0 1.0 0.0 0.0 8.0 0.0
4082.001273204891 0.0 0.0 0.0 1.0 0.0 0.0 8.0 0.0
4083.001273204891 0.0 0.0 0.0 1.0 0.0 0.0 8.0 0.0
4084.001273204891 0.0 0.0 0.0 1.0 0.0 0.0 8.0 0.0
4085.001273204891 0.0 0.0 0.0 1.0 0.0 0.0 8.0 0.0
4086.001273204891 0.0 0.0 0.0 1.0 0.0 0.0 8.0 0.0
4087.001273204891 0.0 0.0 0.0 1.0 0.0 0.0 8.0 0.0
4088.001273204891 0.0 0.0 0.0 1.0 0.0 0.0 8.0 0.0
4089.001273204891 0.0 0.0 0.0 1.0 0.0 0.0 8.0 0.0
4090.001273204891 0.0 0.0 0.0 1.0 0.0 0.0 8.0 0.0
4091.001273204891 0.0 0.0 0.0 1.0 0.0 0.0 8.0 0.0
4092.001273204891 0.0 0.0 0.0 1.0 0.0 0.0 8.0 0.0
4093.001273204891 0.0 0.0 0.0 1.0 0.0 0.0 8.0 0.0
4094.001273204891 0.0 0.0 0.0 1.0 0.0 0.0 8.0 0.0
4095.001273204891 0.0 0.0 0.0 1.0 0.0 0.0 8.0 0.0
4096.001273204891 0.0 0.0 0.0 1.0 0.0 0.0 8.0 0.0
4097.001273204891 0.0 0.0 0.0 1.0 0.0 0.0 8.0 0.0
4098.001273204891 0.0 0.0 0.0 1.0 0.0 0.0 8.0 0.0
4099.001273204891 0.0 0.0 0.0 1.0 0.0 0.0 8.0 0.0
4100.001273204891 0.0 0.0 0.0 1.0 0.0 0.0 8.0 0.0
4101.001273204891 0.0 0.0 0.0 1.0 0.0 0.0 8.0 0.0
4102.000428320088 0.0 0.0 0.0 1.0 0.0 0.0 8.0 0.0
4103.000352057281 0.0 0.0 0.0 1.0 0.0 0.0 8.0 0.0
4104.001273204891 0.0 0.0 0.0 1.0 0.0 0.0 8.0 0.0
4105.00112304779 0.0 0.0 0.0 1.0 0.0 0.0 8.0 0.0
4106.001273204891 0.0 0.0 0.0 1.0 0.0 0.0 8.0 0.0
4107.001273204891 0.0 0.0 0.0 1.0 0.0 0.0 8.0 0.0
4108.001273204891 0.0 0.0 0.0 1.0 0.0 0.0 8.0 0.0
4109.001273204891 0.0 0.0 0.0 1.0 0.0 0.0 8.0 0.0
4110.001273204891 0.0 0.0 0.0 1.0 0.0 0.0 8.0 0.0
4111.001273204891 0.0 0.0 0.0 1.0 0.0 0.0 8.0 0.0
4112.001273204891 0.0 0.0 0.0 1.0 0.0 0.0 8.0 0.0
4113.001273204891 0.0 0.0 0.0 1.0 0.0 0.0 8.0 0.0
4114.001273204891 0.0 0.0 0.0 1.0 0.0 0.0 8.0 0.0
4115.001273204891 0.0 0.0 0.0 1.0 0.0 0.0 8.0 0.0
4116.001273204891 0.0 0.0 0.0 1.0 0.0 0.0 8.0 0.0
4117.00110467192 0.0 0.0 0.0 1.0 0.0 0.0 8.0 0.0
4118.001273204891 0.0 0.0 0.0 1.0 0.0 0.0 8.0 0.0
4119.000612915278 0.0 0.0 0.0 1.0 0.0 0.0 8.0 0.0
4120.001273204891 0.0 0.0 0.0 1.0 0.0 0.0 8.0 0.0
4121.001273204891 0.0 0.0 0.0 1.0 0.0 0.0 8.0 0.0
4122.001273204891 0.0 0.0 0.0 1.0 0.0 0.0 8.0 0.0
4123.001273204891 0.0 0.0 0.0 1.0 0.0 0.0 8.0 0.0
4124.001273204891 0.0 0.0 0.0 1.0 0.0 0.0 8.0 0.0
4125.001273204891 0.0 0.0 0.0 1.0 0.0 0.0 8.0 0.0
4126.001273204891 0.0 0.0 0.0 1.0 0.0 0.0 8.0 0.0
4127.001273204891 0.0 0.0 0.0 1.0 0.0 0.0 8.0 0.0
4128.001273204891 0.0 0.0 0.0 1.0 0.0 0.0 8.0 0.0
4129.001273204891 0.0 0.0 0.0 1.0 0.0 0.0 8.0 0.0
4130.001273204891 0.0 0.0 0.0 1.0 0.0 0.0 8.0 0.0
4131.001273204891 0.0 0.0 0.0 1.0 0.0 0.0 8.0 0.0
4132.001273204891 0.0 0.0 0.0 1.0 0.0 0.0 8.0 0.0
4133.001188028367 0.0 0.0 0.0 1.0 0.0 0.0 8.0 0.0
4134.001273204891 0.0 0.0 0.0 1.0 0.0 0.0 8.0 0.0
4135.001273204891 0.0 0.0 0.0 1.0 0.0 0.0 8.0 0.0
4136.001273204891 0.0 0.0 0.0 1.0 0.0 0.0 8.0 0.0
4137.001273204891 0.0 0.0 0.0 1.0 0.0 0.0 8.0 0.0
4138.001273204891 0.0 0.0 0.0 1.0 0.0 0.0 8.0 0.0
4139.000775350615 0.0 0.0 0.0 1.0 0.0 0.0 8.0 0.0
4140.001273204891 0.0 0.0 0.0 1.0 0.0 0.0 8.0 0.0
4141.001273204891 0.0 0.0 0.0 1.0 0.0 0.0 8.0 0.0
4142.001273204891 0.0 0.0 0.0 1.0 0.0 0.0 8.0 0.0
4143.001273204891 0.0 0.0 0.0 1.0 0.0 0.0 8.0 0.0
4144.001273204891 0.0 0.0 0.0 1.0 0.0 0.0 8.0 0.0
4145.001273204891 0.0 0.0 0.0 1.0 0.0 0.0 8.0 0.0
4146.001273204891 0.0 0.0 0.0 1.0 0.0 0.0 8.0 0.0
4147.000341755651 0.0 0.0 0.0 1.0 0.0 0.0 8.0 0.0
4148.001273204891 0.0 0.0 0.0 1.0 0.0 0.0 8.0 0.0
4149.001130792882 0.0 0.0 0.0 1.0 0.0 0.0 8.0 0.0
4150.001273204891 0.0 0.0 0.0 1.0 0.0 0.0 8.0 0.0
4151.001273204891 0.0 0.0 0.0 1.0 0.0 0.0 8.0 0.0
4152.001273204891 0.0 0.0 0.0 1.0 0.0 0.0 8.0 0.0
4153.000882017849 0.0 0.0 0.0 1.0 0.0 0.0 8.0 0.0
4154.000560338378 0.0 0.0 0.0 1.0 0.0 0.0 8.0 0.0
4155.00056634174 0.0 0.0 0.0 1.0 0.0 0.0 8.0 0.0
4156.001273204891 0.0 0.0 0.0 1.0 0.0 0.0 8.0 0.0
4157.001273204891 0.0 0.0 0.0 1.0 0.0 0.0 8.0 0.0
4158.001273204891 0.0 0.0 0.0 1.0 0.0 0.0 8.0 0.0
4159.001273204891 0.0 0.0 0.0 1.0 0.0 0.0 8.0 0.0
4160.001273204891 0.0 0.0 0.0 1.0 0.0 0.0 8.0 0.0
4161.001273204891 0.0 0.0 0.0 1.0 0.0 0.0 8.0 0.0
4162.001273204891 0.0 0.0 0.0 1.0 0.0 0.0 8.0 0.0
4163.001273204891 0.0 0.0 0.0 1.0 0.0 0.0 8.0 0.0
4164.000008918425 0.0 0.0 0.0 1.0 0.0 0.0 8.0 0.0
4165.001273204891 0.0 0.0 0.0 1.0 0.0 0.0 8.0 0.0
4166.001273204891 0.0 0.0 0.0 1.0 0.0 0.0 8.0 0.0
4167.001273204891 0.0 0.0 0.0 1.0 0.0 0.0 8.0 0.0
4168.001273204891 0.0 0.0 0.0 1.0 0.0 0.0 8.0 0.0
4169.001273204891 0.0 0.0 0.0 1.0 0.0 0.0 8.0 0.0
4170.000528639224 0.0 0.0 0.0 1.0 0.0 0.0 8.0 0.0
4171.001273204891 0.0 0.0 0.0 1.0 0.0 0.0 8.0 0.0
4172.000421598485 0.0 0.0 0.0 1.0 0.0 0.0 8.0 0.0
4173.001273204891 0.0 0.0 0.0 1.0 0.0 0.0 8.0 0.0
4174.001273204891 0.0 0.0 0.0 1.0 0.0 0.0 8.0 0.0
4175.001273204891 0.0 0.0 0.0 1.0 0.0 0.0 8.0 0.0
4176.001273204891 0.0 0.0 0.0 1.0 0.0 0.0 8.0 0.0
4177.001273204891 0.0 0.0 0.0 1.0 0.0 0.0 8.0 0.0
4178.001273204891 0.0 0.0 0.0 1.0 0.0 0.0 8.0 0.0
4179.001273204891 0.0 0.0 0.0 1.0 0.0 0.0 8.0 0.0
4180.000187805312 0.0 0.0 0.0 1.0 0.0 0.0 8.0 0.0
4181.001273204891 0.0 0.0 0.0 1.0 0.0 0.0 8.0 0.0
4182.001273204891 0.0 0.0 0.0 1.0 0.0 0.0 8.0 0.0
4183.001273204891 0.0 0.0 0.0 1.0 0.0 0.0 8.0 0.0
4184.001273204891 0.0 0.0 0.0 1.0 0.0 0.0 8.0 0.0
4185.001273204891 0.0 0.0 0.0 1.0 0.0 0.0 8.0 0.0
4186.001273204891 0.0 0.0 0.0 1.0 0.0 0.0 8.0 0.0
4187.001273204891 0.0 0.0 0.0 1.0 0.0 0.0 8.0 0.0
4188.001273204891 0.0 0.0 0.0 1.0 0.0 0.0 8.0 0.0
4189.001273204891 0.0 0.0 0.0 1.0 0.0 0.0 8.0 0.0
4190.001273204891 0.0 0.0 0.0 1.0 0.0 0.0 8.0 0.0
4191.001212155063 0.0 0.0 0.0 1.0 0.0 0.0 8.0 0.0
4192.001273204891 0.0 0.0 0.0 1.0 0.0 0.0 8.0 0.0
4193.001273204891 0.0 0.0 0.0 1.0 0.0 0.0 8.0 0.0
4194.000712739891 0.0 0.0 0.0 1.0 0.0 0.0 8.0 0.0
4195.001273204891 0.0 0.0 0.0 1.0 0.0 0.0 8.0 0.0
4196.001273204891 0.0 0.0 0.0 1.0 0.0 0.0 8.0 0.0
4197.001273204891 0.0 0.0 0.0 1.0 0.0 0.0 8.0 0.0
4198.000923128217 0.0 0.0 0.0 1.0 0.0 0.0 8.0 0.0
4199.001273204891 0.0 0.0 0.0 1.0 0.0 0.0 8.0 0.0
4200.001273204891 0.0 0.0 0.0 1.0 0.0 0.0 8.0 0.0
4201.001273204891 0.0 0.0 0.0 1.0 0.0 0.0 8.0 0.0
4202.000298402291 0.0 0.0 0.0 1.0 0.0 0.0 8.0 0.0
4203.00059163196 0.0 0.0 0.0 1.0 0.0 0.0 8.0 0.0
4204.001124831513 0.0 0.0 0.0 1.0 0.0 0.0 8.0 0.0
4205.001273204891 0.0 0.0 0.0 1.0 0.0 0.0 8.0 0.0
4206.001273204891 0.0 0.0 0.0 1.0 0.0 0.0 8.0 0.0
4207.001273204891 0.0 0.0 0.0 1.0 0.0 0.0 8.0 0.0
4208.001273204891 0.0 0.0 0.0 1.0 0.0 0.0 8.0 0.0
4209.000653338893 0.0 0.0 0.0 1.0 0.0 0.0 8.0 0.0
4210.000321273598 0.0 0.0 0.0 1.0 0.0 0.0 8.0 0.0
4211.001273204891 0.0 0.0 0.0 1.0 0.0 0.0 8.0 0.0
4212.001273204891 0.0 0.0 0.0 1.0 0.0 0.0 8.0 0.0
4213.001273204891 0.0 0.0 0.0 1.0 0.0 0.0 8.0 0.0
4214.00055035135 0.0 0.0 0.0 1.0 0.0 0.0 8.0 0.0
4215.001207070039 0.0 0.0 0.0 1.0 0.0 0.0 8.0 0.0
4216.001273204891 0.0 0.0 0.0 1.0 0.0 0.0 8.0 0.0
4217.001273204891 0.0 0.0 0.0 1.0 0.0 0.0 8.0 0.0
4218.0000825826555 0.0 0.0 0.0 1.0 0.0 0.0 8.0 0.0
4219.001273204891 0.0 0.0 0.0 1.0 0.0 0.0 8.0 0.0
4220.001273204891 0.0 0.0 0.0 1.0 0.0 0.0 8.0 0.0
4221.001116218386 0.0 0.0 0.0 1.0 0.0 0.0 8.0 0.0
4222.001273204891 0.0 0.0 0.0 1.0 0.0 0.0 8.0 0.0
4223.00091440401 0.0 0.0 0.0 1.0 0.0 0.0 8.0 0.0
4224.001273204891 0.0 0.0 0.0 1.0 0.0 0.0 8.0 0.0
4225.001089180865 0.0 0.0 0.0 1.0 0.0 0.0 8.0 0.0
4226.001273204891 0.0 0.0 0.0 1.0 0.0 0.0 8.0 0.0
4227.00030142388 0.0 0.0 0.0 1.0 0.0 0.0 8.0 0.0
4228.000090917069 0.0 0.0 0.0 1.0 0.0 0.0 8.0 0.0
4229.001273204891 0.0 0.0 0.0 1.0 0.0 0.0 8.0 0.0
4230.001273204891 0.0 0.0 0.0 1.0 0.0 0.0 8.0 0.0
4231.001273204891 0.0 0.0 0.0 1.0 0.0 0.0 8.0 0.0
4232.000571487393 0.0 0.0 0.0 1.0 0.0 0.0 8.0 0.0
4233.001273204891 0.0 0.0 0.0 1.0 0.0 0.0 8.0 0.0
4234.000434905545 0.0 0.0 0.0 1.0 0.0 0.0 8.0 0.0
4235.001273204891 0.0 0.0 0.0 1.0 0.0 0.0 8.0 0.0
4236.001273204891 0.0 0.0 0.0 1.0 0.0 0.0 8.0 0.0
4237.001273204891 0.0 0.0 0.0 1.0 0.0 0.0 8.0 0.0
4238.001273204891 0.0 0.0 0.0 1.0 0.0 0.0 8.0 0.0
4239.001273204891 0.0 0.0 0.0 1.0 0.0 0.0 8.0 0.0
4240.001273204891 0.0 0.0 0.0 1.0 0.0 0.0 8.0 0.0
4241.001273204891 0.0 0.0 0.0 1.0 0.0 0.0 8.0 0.0
4242.001273204891 0.0 0.0 0.0 1.0 0.0 0.0 8.0 0.0
4243.001273204891 0.0 0.0 0.0 1.0 0.0 0.0 8.0 0.0
4244.001273204891 0.0 0.0 0.0 1.0 0.0 0.0 8.0 0.0
4245.001273204891 0.0 0.0 0.0 1.0 0.0 0.0 8.0 0.0
4246.001126527453 0.0 0.0 0.0 1.0 0.0 0.0 8.0 0.0
4247.001273204891 0.0 0.0 0.0 1.0 0.0 0.0 8.0 0.0
4248.001273204891 0.0 0.0 0.0 1.0 0.0 0.0 8.0 0.0
4249.001273204891 0.0 0.0 0.0 1.0 0.0 0.0 8.0 0.0
4250.001273204891 0.0 0.0 0.0 1.0 0.0 0.0 8.0 0.0
4251.001273204891 0.0 0.0 0.0 1.0 0.0 0.0 8.0 0.0
4252.001273204891 0.0 0.0 0.0 1.0 0.0 0.0 8.0 0.0
4253.001273204891 0.0 0.0 0.0 1.0 0.0 0.0 8.0 0.0
4254.001273204891 0.0 0.0 0.0 1.0 0.0 0.0 8.0 0.0
4255.001273204891 0.0 0.0 0.0 1.0 0.0 0.0 8.0 0.0
4256.001273204891 0.0 0.0 0.0 1.0 0.0 0.0 8.0 0.0
4257.001273204891 0.0 0.0 0.0 1.0 0.0 0.0 8.0 0.0
4258.0007892254525 0.0 0.0 0.0 1.0 0.0 0.0 8.0 0.0
4259.001273204891 0.0 0.0 0.0 1.0 0.0 0.0 8.0 0.0
4260.001273204891 0.0 0.0 0.0 1.0 0.0 0.0 8.0 0.0
4261.0003891132665 0.0 0.0 0.0 1.0 0.0 0.0 8.0 0.0
4262.001273204891 0.0 0.0 0.0 1.0 0.0 0.0 8.0 0.0
4263.001273204891 0.0 0.0 0.0 1.0 0.0 0.0 8.0 0.0
4264.000504563943 0.0 0.0 0.0 1.0 0.0 0.0 8.0 0.0
4265.000995029429 0.0 0.0 0.0 1.0 0.0 0.0 8.0 0.0
4266.000193415303 0.0 0.0 0.0 1.0 0.0 0.0 8.0 0.0
4267.001273204891 0.0 0.0 0.0 1.0 0.0 0.0 8.0 0.0
4268.001273204891 0.0 0.0 0.0 1.0 0.0 0.0 8.0 0.0
4269.001273204891 0.0 0.0 0.0 1.0 0.0 0.0 8.0 0.0
4270.001273204891 0.0 0.0 0.0 1.0 0.0 0.0 8.0 0.0
4271.001273204891 0.0 0.0 0.0 1.0 0.0 0.0 8.0 0.0
4272.001273204891 0.0 0.0 0.0 1.0 0.0 0.0 8.0 0.0
4273.001273204891 0.0 0.0 0.0 1.0 0.0 0.0 8.0 0.0
4274.001273204891 0.0 0.0 0.0 1.0 0.0 0.0 8.0 0.0
4275.001273204891 0.0 0.0 0.0 1.0 0.0 0.0 8.0 0.0
4276.001273204891 0.0 0.0 0.0 1.0 0.0 0.0 8.0 0.0
4277.001152057747 0.0 0.0 0.0 1.0 0.0 0.0 8.0 0.0
4278.001273204891 0.0 0.0 0.0 1.0 0.0 0.0 8.0 0.0
4279.000883487141 0.0 0.0 0.0 1.0 0.0 0.0 8.0 0.0
4280.001048991615 0.0 0.0 0.0 1.0 0.0 0.0 8.0 0.0
4281.001273204891 0.0 0.0 0.0 1.0 0.0 0.0 8.0 0.0
4282.000264635981 0.0 0.0 0.0 1.0 0.0 0.0 8.0 0.0
4283.001273204891 0.0 0.0 0.0 1.0 0.0 0.0 8.0 0.0
4284.000785706285 0.0 0.0 0.0 1.0 0.0 0.0 8.0 0.0
4285.001273204891 0.0 0.0 0.0 1.0 0.0 0.0 8.0 0.0
4286.001273204891 0.0 0.0 0.0 1.0 0.0 0.0 8.0 0.0
4287.001273204891 0.0 0.0 0.0 1.0 0.0 0.0 8.0 0.0
4288.001273204891 0.0 0.0 0.0 1.0 0.0 0.0 8.0 0.0
4289.001273204891 0.0 0.0 0.0 1.0 0.0 0.0 8.0 0.0
4290.001273204891 0.0 0.0 0.0 1.0 0.0 0.0 8.0 0.0
4291.001273204891 0.0 0.0 0.0 1.0 0.0 0.0 8.0 0.0
4292.001273204891 0.0 0.0 0.0 1.0 0.0 0.0 8.0 0.0
4293.001273204891 0.0 0.0 0.0 1.0 0.0 0.0 8.0 0.0
4294.001273204891 0.0 0.0 0.0 1.0 0.0 0.0 8.0 0.0
4295.001273204891 0.0 0.0 0.0 1.0 0.0 0.0 8.0 0.0
4296.001273204891 0.0 0.0 0.0 1.0 0.0 0.0 8.0 0.0
4297.001273204891 0.0 0.0 0.0 1.0 0.0 0.0 8.0 0.0
4298.001273204891 0.0 0.0 0.0 1.0 0.0 0.0 8.0 0.0
4299.001273204891 0.0 0.0 0.0 1.0 0.0 0.0 8.0 0.0
4300.001273204891 0.0 0.0 0.0 1.0 0.0 0.0 8.0 0.0
4301.001273204891 0.0 0.0 0.0 1.0 0.0 0.0 8.0 0.0
4302.001273204891 0.0 0.0 0.0 1.0 0.0 0.0 8.0 0.0
4303.001273204891 0.0 0.0 0.0 1.0 0.0 0.0 8.0 0.0
4304.000311857887 0.0 0.0 0.0 1.0 0.0 0.0 8.0 0.0
4305.000616122148 0.0 0.0 0.0 1.0 0.0 0.0 8.0 0.0
4306.001273204891 0.0 0.0 0.0 1.0 0.0 0.0 8.0 0.0
4307.001273204891 0.0 0.0 0.0 1.0 0.0 0.0 8.0 0.0
4308.001273204891 0.0 0.0 0.0 1.0 0.0 0.0 8.0 0.0
4309.001273204891 0.0 0.0 0.0 1.0 0.0 0.0 8.0 0.0
4310.001273204891 0.0 0.0 0.0 1.0 0.0 0.0 8.0 0.0
4311.001273204891 0.0 0.0 0.0 1.0 0.0 0.0 8.0 0.0
4312.001273204891 0.0 0.0 0.0 1.0 0.0 0.0 8.0 0.0
4313.001273204891 0.0 0.0 0.0 1.0 0.0 0.0 8.0 0.0
4314.001273204891 0.0 0.0 0.0 1.0 0.0 0.0 8.0 0.0
4315.000590297615 0.0 0.0 0.0 1.0 0.0 0.0 8.0 0.0
4316.001273204891 0.0 0.0 0.0 1.0 0.0 0.0 8.0 0.0
4317.000319943045 0.0 0.0 0.0 1.0 0.0 0.0 8.0 0.0
4318.001273204891 0.0 0.0 0.0 1.0 0.0 0.0 8.0 0.0
4319.001273204891 0.0 0.0 0.0 1.0 0.0 0.0 8.0 0.0
4320.001273204891 0.0 0.0 0.0 1.0 0.0 0.0 8.0 0.0
4321.000389618047 0.0 0.0 0.0 1.0 0.0 0.0 8.0 0.0
4322.000816254735 0.0 0.0 0.0 1.0 0.0 0.0 8.0 0.0
4323.001273204891 0.0 0.0 0.0 1.0 0.0 0.0 8.0 0.0
4324.001273204891 0.0 0.0 0.0 1.0 0.0 0.0 8.0 0.0
4325.001273204891 0.0 0.0 0.0 1.0 0.0 0.0 8.0 0.0
4326.001273204891 0.0 0.0 0.0 1.0 0.0 0.0 8.0 0.0
4327.001273204891 0.0 0.0 0.0 1.0 0.0 0.0 8.0 0.0
4328.001273204891 0.0 0.0 0.0 1.0 0.0 0.0 8.0 0.0
4329.001273204891 0.0 0.0 0.0 1.0 0.0 0.0 8.0 0.0
4330.001273204891 0.0 0.0 0.0 1.0 0.0 0.0 8.0 0.0
4331.001273204891 0.0 0.0 0.0 1.0 0.0 0.0 8.0 0.0
4332.001273204891 0.0 0.0 0.0 1.0 0.0 0.0 8.0 0.0
4333.001273204891 0.0 0.0 0.0 1.0 0.0 0.0 8.0 0.0
4334.001273204891 0.0 0.0 0.0 1.0 0.0 0.0 8.0 0.0
4335.001273204891 0.0 0.0 0.0 1.0 0.0 0.0 8.0 0.0
4336.001273204891 0.0 0.0 0.0 1.0 0.0 0.0 8.0 0.0
4337.001273204891 0.0 0.0 0.0 1.0 0.0 0.0 8.0 0.0
4338.001273204891 0.0 0.0 0.0 1.0 0.0 0.0 8.0 0.0
4339.001273204891 0.0 0.0 0.0 1.0 0.0 0.0 8.0 0.0
4340.001273204891 0.0 0.0 0.0 1.0 0.0 0.0 8.0 0.0
4341.001273204891 0.0 0.0 0.0 1.0 0.0 0.0 8.0 0.0
4342.001273204891 0.0 0.0 0.0 1.0 0.0 0.0 8.0 0.0
4343.000296386101 0.0 0.0 0.0 1.0 0.0 0.0 8.0 0.0
4344.000360028365 0.0 0.0 0.0 1.0 0.0 0.0 8.0 0.0
4345.001273204891 0.0 0.0 0.0 1.0 0.0 0.0 8.0 0.0
4346.001273204891 0.0 0.0 0.0 1.0 0.0 0.0 8.0 0.0
4347.001273204891 0.0 0.0 0.0 1.0 0.0 0.0 8.0 0.0
4348.001273204891 0.0 0.0 0.0 1.0 0.0 0.0 8.0 0.0
4349.001273204891 0.0 0.0 0.0 1.0 0.0 0.0 8.0 0.0
4350.000856723289 0.0 0.0 0.0 1.0 0.0 0.0 8.0 0.0
4351.001273204891 0.0 0.0 0.0 1.0 0.0 0.0 8.0 0.0
4352.001273204891 0.0 0.0 0.0 1.0 0.0 0.0 8.0 0.0
4353.001273204891 0.0 0.0 0.0 1.0 0.0 0.0 8.0 0.0
4354.001273204891 0.0 0.0 0.0 1.0 0.0 0.0 8.0 0.0
4355.000862847066 0.0 0.0 0.0 1.0 0.0 0.0 8.0 0.0
4356.001273204891 0.0 0.0 0.0 1.0 0.0 0.0 8.0 0.0
4357.001273204891 0.0 0.0 0.0 1.0 0.0 0.0 8.0 0.0
4358.001273204891 0.0 0.0 0.0 1.0 0.0 0.0 8.0 0.0
4359.001273204891 0.0 0.0 0.0 1.0 0.0 0.0 8.0 0.0
4360.001273204891 0.0 0.0 0.0 1.0 0.0 0.0 8.0 0.0
4361.001273204891 0.0 0.0 0.0 1.0 0.0 0.0 8.0 0.0
4362.001273204891 0.0 0.0 0.0 1.0 0.0 0.0 8.0 0.0
4363.0009598301895 0.0 0.0 0.0 1.0 0.0 0.0 8.0 0.0
4364.001273204891 0.0 0.0 0.0 1.0 0.0 0.0 8.0 0.0
4365.001273204891 0.0 0.0 0.0 1.0 0.0 0.0 8.0 0.0
4366.001273204891 0.0 0.0 0.0 1.0 0.0 0.0 8.0 0.0
4367.001273204891 0.0 0.0 0.0 1.0 0.0 0.0 8.0 0.0
4368.001273204891 0.0 0.0 0.0 1.0 0.0 0.0 8.0 0.0
4369.001273204891 0.0 0.0 0.0 1.0 0.0 0.0 8.0 0.0
4370.001273204891 0.0 0.0 0.0 1.0 0.0 0.0 8.0 0.0
4371.001273204891 0.0 0.0 0.0 1.0 0.0 0.0 8.0 0.0
4372.000318667387 0.0 0.0 0.0 1.0 0.0 0.0 8.0 0.0
4373.000471793111 0.0 0.0 0.0 1.0 0.0 0.0 8.0 0.0
4374.001273204891 0.0 0.0 0.0 1.0 0.0 0.0 8.0 0.0
4375.001273204891 0.0 0.0 0.0 1.0 0.0 0.0 8.0 0.0
4376.00079635749 0.0 0.0 0.0 1.0 0.0 0.0 8.0 0.0
4377.001273204891 0.0 0.0 0.0 1.0 0.0 0.0 8.0 0.0
4378.001273204891 0.0 0.0 0.0 1.0 0.0 0.0 8.0 0.0
4379.001273204891 0.0 0.0 0.0 1.0 0.0 0.0 8.0 0.0
4380.001273204891 0.0 0.0 0.0 1.0 0.0 0.0 8.0 0.0
4381.001273204891 0.0 0.0 0.0 1.0 0.0 0.0 8.0 0.0
4382.000534960228 0.0 0.0 0.0 1.0 0.0 0.0 8.0 0.0
4383.001273204891 0.0 0.0 0.0 1.0 0.0 0.0 8.0 0.0
4384.001273204891 0.0 0.0 0.0 1.0 0.0 0.0 8.0 0.0
4385.001273204891 0.0 0.0 0.0 1.0 0.0 0.0 8.0 0.0
4386.001273204891 0.0 0.0 0.0 1.0 0.0 0.0 8.0 0.0
4387.001273204891 0.0 0.0 0.0 1.0 0.0 0.0 8.0 0.0
4388.000465608254 0.0 0.0 0.0 1.0 0.0 0.0 8.0 0.0
4389.001273204891 0.0 0.0 0.0 1.0 0.0 0.0 8.0 0.0
4390.001273204891 0.0 0.0 0.0 1.0 0.0 0.0 8.0 0.0
4391.001273204891 0.0 0.0 0.0 1.0 0.0 0.0 8.0 0.0
4392.001273204891 0.0 0.0 0.0 1.0 0.0 0.0 8.0 0.0
4393.001273204891 0.0 0.0 0.0 1.0 0.0 0.0 8.0 0.0
4394.001273204891 0.0 0.0 0.0 1.0 0.0 0.0 8.0 0.0
4395.001273204891 0.0 0.0 0.0 1.0 0.0 0.0 8.0 0.0
4396.001273204891 0.0 0.0 0.0 1.0 0.0 0.0 8.0 0.0
4397.001273204891 0.0 0.0 0.0 1.0 0.0 0.0 8.0 0.0
4398.001273204891 0.0 0.0 0.0 1.0 0.0 0.0 8.0 0.0
4399.001273204891 0.0 0.0 0.0 1.0 0.0 0.0 8.0 0.0
4400.001273204891 0.0 0.0 0.0 1.0 0.0 0.0 8.0 0.0
4401.001273204891 0.0 0.0 0.0 1.0 0.0 0.0 8.0 0.0
4402.001273204891 0.0 0.0 0.0 1.0 0.0 0.0 8.0 0.0
4403.001273204891 0.0 0.0 0.0 1.0 0.0 0.0 8.0 0.0
4404.000569325139 0.0 0.0 0.0 1.0 0.0 0.0 8.0 0.0
4405.001273204891 0.0 0.0 0.0 1.0 0.0 0.0 8.0 0.0
4406.001273204891 0.0 0.0 0.0 1.0 0.0 0.0 8.0 0.0
4407.001273204891 0.0 0.0 0.0 1.0 0.0 0.0 8.0 0.0
4408.001151487889 0.0 0.0 0.0 1.0 0.0 0.0 8.0 0.0
4409.001273204891 0.0 0.0 0.0 1.0 0.0 0.0 8.0 0.0
4410.001273204891 0.0 0.0 0.0 1.0 0.0 0.0 8.0 0.0
4411.001273204891 0.0 0.0 0.0 1.0 0.0 0.0 8.0 0.0
4412.001273204891 0.0 0.0 0.0 1.0 0.0 0.0 8.0 0.0
4413.001273204891 0.0 0.0 0.0 1.0 0.0 0.0 8.0 0.0
4414.000981681507 0.0 0.0 0.0 1.0 0.0 0.0 8.0 0.0
4415.001273204891 0.0 0.0 0.0 1.0 0.0 0.0 8.0 0.0
4416.001273204891 0.0 0.0 0.0 1.0 0.0 0.0 8.0 0.0
4417.0002563807775 0.0 0.0 0.0 1.0 0.0 0.0 8.0 0.0
4418.001273204891 0.0 0.0 0.0 1.0 0.0 0.0 8.0 0.0
4419.0002057668835 0.0 0.0 0.0 1.0 0.0 0.0 8.0 0.0
4420.000434426568 0.0 0.0 0.0 1.0 0.0 0.0 8.0 0.0
4421.001273204891 0.0 0.0 0.0 1.0 0.0 0.0 8.0 0.0
4422.001273204891 0.0 0.0 0.0 1.0 0.0 0.0 8.0 0.0
4423.0002067448 0.0 0.0 0.0 1.0 0.0 0.0 8.0 0.0
4424.001273204891 0.0 0.0 0.0 1.0 0.0 0.0 8.0 0.0
4425.001273204891 0.0 0.0 0.0 1.0 0.0 0.0 8.0 0.0
4426.001273204891 0.0 0.0 0.0 1.0 0.0 0.0 8.0 0.0
4427.001273204891 0.0 0.0 0.0 1.0 0.0 0.0 8.0 0.0
4428.001273204891 0.0 0.0 0.0 1.0 0.0 0.0 8.0 0.0
4429.001273204891 0.0 0.0 0.0 1.0 0.0 0.0 8.0 0.0
4430.001273204891 0.0 0.0 0.0 1.0 0.0 0.0 8.0 0.0
4431.001273204891 0.0 0.0 0.0 1.0 0.0 0.0 8.0 0.0
4432.001273204891 0.0 0.0 0.0 1.0 0.0 0.0 8.0 0.0
4433.000735051984 0.0 0.0 0.0 1.0 0.0 0.0 8.0 0.0
4434.001273204891 0.0 0.0 0.0 1.0 0.0 0.0 8.0 0.0
4435.000673001434 0.0 0.0 0.0 1.0 0.0 0.0 8.0 0.0
4436.000687856923 0.0 0.0 0.0 1.0 0.0 0.0 8.0 0.0
4437.001273204891 0.0 0.0 0.0 1.0 0.0 0.0 8.0 0.0
4438.001273204891 0.0 0.0 0.0 1.0 0.0 0.0 8.0 0.0
4439.001273204891 0.0 0.0 0.0 1.0 0.0 0.0 8.0 0.0
4440.001273204891 0.0 0.0 0.0 1.0 0.0 0.0 8.0 0.0
4441.001273204891 0.0 0.0 0.0 1.0 0.0 0.0 8.0 0.0
4442.001273204891 0.0 0.0 0.0 1.0 0.0 0.0 8.0 0.0
4443.001273204891 0.0 0.0 0.0 1.0 0.0 0.0 8.0 0.0
4444.001273204891 0.0 0.0 0.0 1.0 0.0 0.0 8.0 0.0
4445.001273204891 0.0 0.0 0.0 1.0 0.0 0.0 8.0 0.0
4446.001273204891 0.0 0.0 0.0 1.0 0.0 0.0 8.0 0.0
4447.001273204891 0.0 0.0 0.0 1.0 0.0 0.0 8.0 0.0
4448.001273204891 0.0 0.0 0.0 1.0 0.0 0.0 8.0 0.0
4449.001273204891 0.0 0.0 0.0 1.0 0.0 0.0 8.0 0.0
4450.001273204891 0.0 0.0 0.0 1.0 0.0 0.0 8.0 0.0
4451.001273204891 0.0 0.0 0.0 1.0 0.0 0.0 8.0 0.0
4452.001273204891 0.0 0.0 0.0 1.0 0.0 0.0 8.0 0.0
4453.000523457217 0.0 0.0 0.0 1.0 0.0 0.0 8.0 0.0
4454.001273204891 0.0 0.0 0.0 1.0 0.0 0.0 8.0 0.0
4455.001273204891 0.0 0.0 0.0 1.0 0.0 0.0 8.0 0.0
4456.001273204891 0.0 0.0 0.0 1.0 0.0 0.0 8.0 0.0
4457.001273204891 0.0 0.0 0.0 1.0 0.0 0.0 8.0 0.0
4458.001273204891 0.0 0.0 0.0 1.0 0.0 0.0 8.0 0.0
4459.001273204891 0.0 0.0 0.0 1.0 0.0 0.0 8.0 0.0
4460.001273204891 0.0 0.0 0.0 1.0 0.0 0.0 8.0 0.0
4461.001273204891 0.0 0.0 0.0 1.0 0.0 0.0 8.0 0.0
4462.001273204891 0.0 0.0 0.0 1.0 0.0 0.0 8.0 0.0
4463.001273204891 0.0 0.0 0.0 1.0 0.0 0.0 8.0 0.0
4464.001047215588 0.0 0.0 0.0 1.0 0.0 0.0 8.0 0.0
4465.001273204891 0.0 0.0 0.0 1.0 0.0 0.0 8.0 0.0
4466.001273204891 0.0 0.0 0.0 1.0 0.0 0.0 8.0 0.0
4467.000884313661 0.0 0.0 0.0 1.0 0.0 0.0 8.0 0.0
4468.001273204891 0.0 0.0 0.0 1.0 0.0 0.0 8.0 0.0
4469.000046404039 0.0 0.0 0.0 1.0 0.0 0.0 8.0 0.0
4470.001273204891 0.0 0.0 0.0 1.0 0.0 0.0 8.0 0.0
4471.001273204891 0.0 0.0 0.0 1.0 0.0 0.0 8.0 0.0
4472.001273204891 0.0 0.0 0.0 1.0 0.0 0.0 8.0 0.0
4473.001273204891 0.0 0.0 0.0 1.0 0.0 0.0 8.0 0.0
4474.001273204891 0.0 0.0 0.0 1.0 0.0 0.0 8.0 0.0
4475.001273204891 0.0 0.0 0.0 1.0 0.0 0.0 8.0 0.0
4476.001273204891 0.0 0.0 0.0 1.0 0.0 0.0 8.0 0.0
4477.001273204891 0.0 0.0 0.0 1.0 0.0 0.0 8.0 0.0
4478.001273204891 0.0 0.0 0.0 1.0 0.0 0.0 8.0 0.0
4479.001273204891 0.0 0.0 0.0 1.0 0.0 0.0 8.0 0.0
4480.001273204891 0.0 0.0 0.0 1.0 0.0 0.0 8.0 0.0
4481.001273204891 0.0 0.0 0.0 1.0 0.0 0.0 8.0 0.0
4482.001273204891 0.0 0.0 0.0 1.0 0.0 0.0 8.0 0.0
4483.001273204891 0.0 0.0 0.0 1.0 0.0 0.0 8.0 0.0
4484.001273204891 0.0 0.0 0.0 1.0 0.0 0.0 8.0 0.0
4485.001273204891 0.0 0.0 0.0 1.0 0.0 0.0 8.0 0.0
4486.001047011798 0.0 0.0 0.0 1.0 0.0 0.0 8.0 0.0
4487.001273204891 0.0 0.0 0.0 1.0 0.0 0.0 8.0 0.0
4488.001273204891 0.0 0.0 0.0 1.0 0.0 0.0 8.0 0.0
4489.001273204891 0.0 0.0 0.0 1.0 0.0 0.0 8.0 0.0
4490.001273204891 0.0 0.0 0.0 1.0 0.0 0.0 8.0 0.0
4491.001273204891 0.0 0.0 0.0 1.0 0.0 0.0 8.0 0.0
4492.001273204891 0.0 0.0 0.0 1.0 0.0 0.0 8.0 0.0
4493.001273204891 0.0 0.0 0.0 1.0 0.0 0.0 8.0 0.0
4494.001273204891 0.0 0.0 0.0 1.0 0.0 0.0 8.0 0.0
4495.001273204891 0.0 0.0 0.0 1.0 0.0 0.0 8.0 0.0
4496.000541189158 0.0 0.0 0.0 1.0 0.0 0.0 8.0 0.0
4497.001273204891 0.0 0.0 0.0 1.0 0.0 0.0 8.0 0.0
4498.000581734395 0.0 0.0 0.0 1.0 0.0 0.0 8.0 0.0
4499.000368387856 0.0 0.0 0.0 1.0 0.0 0.0 8.0 0.0
4500.001273204891 0.0 0.0 0.0 1.0 0.0 0.0 8.0 0.0
4501.001273204891 0.0 0.0 0.0 1.0 0.0 0.0 8.0 0.0
4502.001273204891 0.0 0.0 0.0 1.0 0.0 0.0 8.0 0.0
4503.001273204891 0.0 0.0 0.0 1.0 0.0 0.0 8.0 0.0
4504.001273204891 0.0 0.0 0.0 1.0 0.0 0.0 8.0 0.0
4505.001273204891 0.0 0.0 0.0 1.0 0.0 0.0 8.0 0.0
4506.001273204891 0.0 0.0 0.0 1.0 0.0 0.0 8.0 0.0
4507.001273204891 0.0 0.0 0.0 1.0 0.0 0.0 8.0 0.0
4508.001273204891 0.0 0.0 0.0 1.0 0.0 0.0 8.0 0.0
4509.001273204891 0.0 0.0 0.0 1.0 0.0 0.0 8.0 0.0
4510.001273204891 0.0 0.0 0.0 1.0 0.0 0.0 8.0 0.0
4511.001273204891 0.0 0.0 0.0 1.0 0.0 0.0 8.0 0.0
4512.001273204891 0.0 0.0 0.0 1.0 0.0 0.0 8.0 0.0
4513.0009377401475 0.0 0.0 0.0 1.0 0.0 0.0 8.0 0.0
4514.001273204891 0.0 0.0 0.0 1.0 0.0 0.0 8.0 0.0
4515.001273204891 0.0 0.0 0.0 1.0 0.0 0.0 8.0 0.0
4516.001273204891 0.0 0.0 0.0 1.0 0.0 0.0 8.0 0.0
4517.000281366477 0.0 0.0 0.0 1.0 0.0 0.0 8.0 0.0
4518.000811397352 0.0 0.0 0.0 1.0 0.0 0.0 8.0 0.0
4519.001273204891 0.0 0.0 0.0 1.0 0.0 0.0 8.0 0.0
4520.001273204891 0.0 0.0 0.0 1.0 0.0 0.0 8.0 0.0
4521.001273204891 0.0 0.0 0.0 1.0 0.0 0.0 8.0 0.0
4522.000545330879 0.0 0.0 0.0 1.0 0.0 0.0 8.0 0.0
4523.001273204891 0.0 0.0 0.0 1.0 0.0 0.0 8.0 0.0
4524.001273204891 0.0 0.0 0.0 1.0 0.0 0.0 8.0 0.0
4525.001273204891 0.0 0.0 0.0 1.0 0.0 0.0 8.0 0.0
4526.001273204891 0.0 0.0 0.0 1.0 0.0 0.0 8.0 0.0
4527.001273204891 0.0 0.0 0.0 1.0 0.0 0.0 8.0 0.0
4528.001273204891 0.0 0.0 0.0 1.0 0.0 0.0 8.0 0.0
4529.001273204891 0.0 0.0 0.0 1.0 0.0 0.0 8.0 0.0
4530.001273204891 0.0 0.0 0.0 1.0 0.0 0.0 8.0 0.0
4531.001273204891 0.0 0.0 0.0 1.0 0.0 0.0 8.0 0.0
4532.001273204891 0.0 0.0 0.0 1.0 0.0 0.0 8.0 0.0
4533.001273204891 0.0 0.0 0.0 1.0 0.0 0.0 8.0 0.0
4534.001273204891 0.0 0.0 0.0 1.0 0.0 0.0 8.0 0.0
4535.001273204891 0.0 0.0 0.0 1.0 0.0 0.0 8.0 0.0
4536.001273204891 0.0 0.0 0.0 1.0 0.0 0.0 8.0 0.0
4537.001273204891 0.0 0.0 0.0 1.0 0.0 0.0 8.0 0.0
4538.001273204891 0.0 0.0 0.0 1.0 0.0 0.0 8.0 0.0
4539.001273204891 0.0 0.0 0.0 1.0 0.0 0.0 8.0 0.0
4540.001273204891 0.0 0.0 0.0 1.0 0.0 0.0 8.0 0.0
4541.001273204891 0.0 0.0 0.0 1.0 0.0 0.0 8.0 0.0
4542.001273204891 0.0 0.0 0.0 1.0 0.0 0.0 8.0 0.0
4543.001273204891 0.0 0.0 0.0 1.0 0.0 0.0 8.0 0.0
4544.001273204891 0.0 0.0 0.0 1.0 0.0 0.0 8.0 0.0
4545.001273204891 0.0 0.0 0.0 1.0 0.0 0.0 8.0 0.0
4546.00112087803 0.0 0.0 0.0 1.0 0.0 0.0 8.0 0.0
4547.001273204891 0.0 0.0 0.0 1.0 0.0 0.0 8.0 0.0
4548.001273204891 0.0 0.0 0.0 1.0 0.0 0.0 8.0 0.0
4549.001273204891 0.0 0.0 0.0 1.0 0.0 0.0 8.0 0.0
4550.001273204891 0.0 0.0 0.0 1.0 0.0 0.0 8.0 0.0
4551.001273204891 0.0 0.0 0.0 1.0 0.0 0.0 8.0 0.0
4552.001273204891 0.0 0.0 0.0 1.0 0.0 0.0 8.0 0.0
4553.001273204891 0.0 0.0 0.0 1.0 0.0 0.0 8.0 0.0
4554.001273204891 0.0 0.0 0.0 1.0 0.0 0.0 8.0 0.0
4555.001134954043 0.0 0.0 0.0 1.0 0.0 0.0 8.0 0.0
4556.001273204891 0.0 0.0 0.0 1.0 0.0 0.0 8.0 0.0
4557.001273204891 0.0 0.0 0.0 1.0 0.0 0.0 8.0 0.0
4558.001273204891 0.0 0.0 0.0 1.0 0.0 0.0 8.0 0.0
4559.001273204891 0.0 0.0 0.0 1.0 0.0 0.0 8.0 0.0
4560.001273204891 0.0 0.0 0.0 1.0 0.0 0.0 8.0 0.0
4561.001273204891 0.0 0.0 0.0 1.0 0.0 0.0 8.0 0.0
4562.001273204891 0.0 0.0 0.0 1.0 0.0 0.0 8.0 0.0
4563.000858243669 0.0 0.0 0.0 1.0 0.0 0.0 8.0 0.0
4564.001273204891 0.0 0.0 0.0 1.0 0.0 0.0 8.0 0.0
4565.0010288636095 0.0 0.0 0.0 1.0 0.0 0.0 8.0 0.0
4566.001273204891 0.0 0.0 0.0 1.0 0.0 0.0 8.0 0.0
4567.001273204891 0.0 0.0 0.0 1.0 0.0 0.0 8.0 0.0
4568.001273204891 0.0 0.0 0.0 1.0 0.0 0.0 8.0 0.0
4569.001273204891 0.0 0.0 0.0 1.0 0.0 0.0 8.0 0.0
4570.001273204891 0.0 0.0 0.0 1.0 0.0 0.0 8.0 0.0
4571.001273204891 0.0 0.0 0.0 1.0 0.0 0.0 8.0 0.0
4572.001273204891 0.0 0.0 0.0 1.0 0.0 0.0 8.0 0.0
4573.001273204891 0.0 0.0 0.0 1.0 0.0 0.0 8.0 0.0
4574.001273204891 0.0 0.0 0.0 1.0 0.0 0.0 8.0 0.0
4575.001273204891 0.0 0.0 0.0 1.0 0.0 0.0 8.0 0.0
4576.001273204891 0.0 0.0 0.0 1.0 0.0 0.0 8.0 0.0
4577.001273204891 0.0 0.0 0.0 1.0 0.0 0.0 8.0 0.0
4578.001273204891 0.0 0.0 0.0 1.0 0.0 0.0 8.0 0.0
4579.001273204891 0.0 0.0 0.0 1.0 0.0 0.0 8.0 0.0
4580.001273204891 0.0 0.0 0.0 1.0 0.0 0.0 8.0 0.0
4581.001273204891 0.0 0.0 0.0 1.0 0.0 0.0 8.0 0.0
4582.001273204891 0.0 0.0 0.0 1.0 0.0 0.0 8.0 0.0
4583.001273204891 0.0 0.0 0.0 1.0 0.0 0.0 8.0 0.0
4584.001273204891 0.0 0.0 0.0 1.0 0.0 0.0 8.0 0.0
4585.001273204891 0.0 0.0 0.0 1.0 0.0 0.0 8.0 0.0
4586.001273204891 0.0 0.0 0.0 1.0 0.0 0.0 8.0 0.0
4587.001273204891 0.0 0.0 0.0 1.0 0.0 0.0 8.0 0.0
4588.000331783794 0.0 0.0 0.0 1.0 0.0 0.0 8.0 0.0
4589.001273204891 0.0 0.0 0.0 1.0 0.0 0.0 8.0 0.0
4590.001273204891 0.0 0.0 0.0 1.0 0.0 0.0 8.0 0.0
4591.001273204891 0.0 0.0 0.0 1.0 0.0 0.0 8.0 0.0
4592.001273204891 0.0 0.0 0.0 1.0 0.0 0.0 8.0 0.0
4593.001273204891 0.0 0.0 0.0 1.0 0.0 0.0 8.0 0.0
4594.001273204891 0.0 0.0 0.0 1.0 0.0 0.0 8.0 0.0
4595.001273204891 0.0 0.0 0.0 1.0 0.0 0.0 8.0 0.0
4596.001273204891 0.0 0.0 0.0 1.0 0.0 0.0 8.0 0.0
4597.001273204891 0.0 0.0 0.0 1.0 0.0 0.0 8.0 0.0
4598.001273204891 0.0 0.0 0.0 1.0 0.0 0.0 8.0 0.0
4599.001273204891 0.0 0.0 0.0 1.0 0.0 0.0 8.0 0.0
4600.001205501652 0.0 0.0 0.0 1.0 0.0 0.0 8.0 0.0
#####################################################################
# End of data export. Simulation finished at: 2026-05-19T13:36+0000 #
#####################################################################
