#####################################################################
# Alchemist log file - simulation started at: 2026-01-30T11:26+0000 #
#####################################################################
#
# seed = 83.0, connection_range_percentage = 0.1, variability = 7.0, history_length = 6000
#
# The columns have the following meaning: 
# time wandering[mean] defending[mean] solving[mean] wait[mean] attacked[max] alarm[max] historySize[mean] disagreementRate 
0.0 NaN NaN NaN NaN 0.0 0.0 NaN 0.0
0.0 0.0 0.0 0.0 1.0 0.0 0.0 2.0 0.0
1.016786697946701 0.0 0.0 0.0 1.0 0.0 0.0 2.4 0.0
2.0184678468702497 0.0 0.0 0.0 1.0 0.0 0.0 2.975 0.0
3.0164604531917534 0.0 0.0 0.0 1.0 0.0 0.0 3.0 0.0
4.017420401768242 0.0 0.0 0.0 1.0 0.0 0.0 3.0 0.0
5.034517111052083 0.0 0.0 0.0 1.0 0.0 0.0 3.0 0.0
6.00552330328815 0.0 0.0 0.0 1.0 0.0 0.0 3.0 0.0
7.034517111052083 0.0 0.0 0.0 1.0 0.0 0.0 3.0 0.0
8.01364615006537 0.0 0.0 0.0 1.0 0.0 0.0 3.0 0.0
9.002192961648976 0.0 0.0 0.0 1.0 0.0 0.0 3.0 0.0
10.001990924329776 0.0 0.0 0.0 1.0 0.0 0.0 3.0 0.0
11.034517111052082 0.0 0.0 0.0 1.0 0.0 0.0 3.0 0.0
12.003198029916403 0.0 0.0 0.0 1.0 0.0 0.0 3.0 0.0
13.034517111052082 0.0 0.0 0.0 1.0 0.0 0.0 3.0 0.0
14.034517111052082 0.0 0.0 0.0 1.0 0.0 0.0 3.0 0.0
15.007763372969984 0.0 0.0 0.0 1.0 0.0 0.0 3.0 0.0
16.034517111052082 0.0 0.0 0.0 1.0 0.0 0.0 3.0 0.0
17.007234440142955 0.0 0.0 0.0 1.0 0.0 0.0 3.0 0.0
18.015352796323008 0.0 0.0 0.0 1.0 0.0 0.0 3.0 0.0
19.019328066266567 0.0 0.0 0.0 1.0 0.0 0.0 3.0 0.0
20.008704189509373 0.0 0.0 0.0 1.0 0.0 0.0 3.0 0.0
21.019142777775958 0.0 0.0 0.0 1.0 0.0 0.0 3.0 0.0
22.015885133245146 0.0 0.0 0.0 1.0 0.0 0.0 3.0 0.0
23.008406818335327 0.0 0.0 0.0 1.0 0.0 0.0 3.0 0.0
24.016087795372286 0.0 0.0 0.0 1.0 0.0 0.0 3.0 0.0
25.002178726692357 0.0 0.0 0.0 1.0 0.0 0.0 3.0 0.0
26.034517111052082 0.0 0.0 0.0 1.0 0.0 0.0 3.0 0.0
27.034517111052082 0.0 0.0 0.0 1.0 0.0 0.0 3.0 0.0
28.034517111052082 0.0 0.0 0.0 1.0 0.0 0.0 3.0 0.0
29.02716484521211 0.0 0.0 0.0 1.0 0.0 0.0 3.0 0.0
30.006794422117874 0.0 0.0 0.0 1.0 0.0 0.0 3.0 0.0
31.022428818239344 0.0 0.0 0.0 1.0 0.0 0.0 3.0 0.0
32.02319370666341 0.0 0.0 0.0 1.0 0.0 0.0 3.0 0.0
33.030625623627294 0.0 0.0 0.0 1.0 0.0 0.0 3.0 0.0
34.029785290825316 0.0 0.0 0.0 1.0 0.0 0.0 3.0 0.0
35.03451711105208 0.0 0.0 0.0 1.0 0.0 0.0 3.0 0.0
36.03451711105208 0.0 0.0 0.0 1.0 0.0 0.0 3.0 0.0
37.02097912250076 0.0 0.0 0.0 1.0 0.0 0.0 3.0 0.0
38.03451711105208 0.0 0.0 0.0 1.0 0.0 0.0 3.0 0.0
39.003668366139074 0.0 0.0 0.0 1.0 0.0 0.0 3.0 0.0
40.021214921288994 0.0 0.0 0.0 1.0 0.0 0.0 3.0 0.0
41.00972534891997 0.0 0.0 0.0 1.0 0.0 0.0 3.0 0.0
42.00427781834795 0.0 0.0 0.0 1.0 0.0 0.0 3.0 0.0
43.03451711105208 0.0 0.0 0.0 1.0 0.0 0.0 3.0 0.0
44.00216596170078 0.0 0.0 0.0 1.0 0.0 0.0 3.0 0.0
45.028654850668886 0.0 0.0 0.0 1.0 0.0 0.0 3.0 0.0
46.03131247274288 0.0 0.0 0.0 1.0 0.0 0.0 3.0 0.0
47.003185068488165 0.0 0.0 0.0 1.0 0.0 0.0 3.0 0.0
48.01177562985372 0.0 0.0 0.0 1.0 0.0 0.0 3.0 0.0
49.03451711105208 0.0 0.0 0.0 1.0 0.0 0.0 3.0 0.0
50.03451711105208 0.0 0.0 0.0 1.0 0.0 0.0 3.0 0.0
51.0061577683917 0.0 0.0 0.0 1.0 0.0 0.0 3.0 0.0
52.013110331237584 0.0 0.0 0.0 1.0 0.0 0.0 3.0 0.0
53.03451711105208 0.0 0.0 0.0 1.0 0.0 0.0 3.0 0.0
54.01858285352581 0.0 0.0 0.0 1.0 0.0 0.0 3.0 0.0
55.00417085132288 0.0 0.0 0.0 1.0 0.0 0.0 3.0 0.0
56.00955365443262 0.0 0.0 0.0 1.0 0.0 0.0 3.0 0.0
57.03451711105208 0.0 0.0 0.0 1.0 0.0 0.0 3.0 0.0
58.03451711105208 0.0 0.0 0.0 1.0 0.0 0.0 3.0 0.0
59.02956727236494 0.0 0.0 0.0 1.0 0.0 0.0 3.0 0.0
60.010395493555215 0.0 0.0 0.0 1.0 0.0 0.0 3.0 0.0
61.025114874651514 0.0 0.0 0.0 1.0 0.0 0.0 3.0 0.0
62.01134440194893 0.0 0.0 0.0 1.0 0.0 0.0 3.0 0.0
63.00933524034394 0.0 0.0 0.0 1.0 0.0 0.0 3.0 0.0
64.02474817765685 0.0 0.0 0.0 1.0 0.0 0.0 3.0 0.0
65.03451711105208 0.0 0.0 0.0 1.0 0.0 0.0 3.0 0.0
66.01147019131422 0.0 0.0 0.0 1.0 0.0 0.0 3.0 0.0
67.03451711105208 0.0 0.0 0.0 1.0 0.0 0.0 3.0 0.0
68.0327904778632 0.0 0.0 0.0 1.0 0.0 0.0 3.0 0.0
69.01710974348232 0.0 0.0 0.0 1.0 0.0 0.0 3.0 0.0
70.0213902312593 0.0 0.0 0.0 1.0 0.0 0.0 3.0 0.0
71.03451711105208 0.0 0.0 0.0 1.0 0.0 0.0 3.0 0.0
72.033112040158 0.0 0.0 0.0 1.0 0.0 0.0 3.0 0.0
73.00858723042418 0.0 0.0 0.0 1.0 0.0 0.0 3.0 0.0
74.01366129321 0.0 0.0 0.0 1.0 0.0 0.0 3.0 0.0
75.03451711105208 0.0 0.0 0.0 1.0 0.0 0.0 3.0 0.0
76.0291290888917 0.0 0.0 0.0 1.0 0.0 0.0 3.0 0.0
77.0039615810322 0.0 0.0 0.0 1.0 0.0 0.0 3.0 0.0
78.03451711105208 0.0 0.0 0.0 1.0 0.0 0.0 3.0 0.0
79.00121385032834 0.0 0.0 0.0 1.0 0.0 0.0 3.0 0.0
80.01836808079727 0.0 0.0 0.0 1.0 0.0 0.0 3.0 0.0
81.00296299091104 0.0 0.0 0.0 1.0 0.0 0.0 3.0 0.0
82.00343773972254 0.0 0.0 0.0 1.0 0.0 0.0 3.0 0.0
83.00093668182896 0.0 0.0 0.0 1.0 0.0 0.0 3.0 0.0
84.00045297397406 0.0 0.0 0.0 1.0 0.0 0.0 3.0 0.0
85.001832458326 0.0 0.0 0.0 1.0 0.0 0.0 3.0 0.0
86.00413575156102 0.0 0.0 0.0 1.0 0.0 0.0 3.0 0.0
87.00722369087558 0.0 0.0 0.0 1.0 0.0 0.0 3.0 0.0
88.00140224469105 0.0 0.0 0.0 1.0 0.0 0.0 3.0 0.0
89.00132736869439 0.0 0.0 0.0 1.0 0.0 0.0 3.0 0.0
90.03451711105208 0.0 0.0 0.0 1.0 0.0 0.0 3.0 0.0
91.01010407951823 0.0 0.0 0.0 1.0 0.0 0.0 3.0 0.0
92.0279681905552 0.0 0.0 0.0 1.0 0.0 0.0 3.0 0.0
93.00222722916534 0.0 0.0 0.0 1.0 0.0 0.0 3.0 0.0
94.00303402337387 0.0 0.0 0.0 1.0 0.0 0.0 3.0 0.0
95.01484698720009 0.0 0.0 0.0 1.0 0.0 0.0 3.0 0.0
96.01206834532196 0.0 0.0 0.0 1.0 0.0 0.0 3.0 0.0
97.03451711105208 0.0 0.0 0.0 1.0 0.0 0.0 3.0 0.0
98.00432194185261 0.0 0.0 0.0 1.0 0.0 0.0 3.0 0.0
99.0091189126147 0.0 0.0 0.0 1.0 0.0 0.0 3.0 0.0
100.0055691259338 0.0 0.0 0.0 1.0 0.0 0.0 3.0 0.0
101.00493947302472 0.0 0.0 0.0 1.0 0.0 0.0 3.0 0.0
102.00998385244056 0.0 0.0 0.0 1.0 0.0 0.0 3.0 0.0
103.03451711105208 0.0 0.0 0.0 1.0 0.0 0.0 3.0 0.0
104.01701807066246 0.0 0.0 0.0 1.0 0.0 0.0 3.0 0.0
105.03451711105208 0.0 0.0 0.0 1.0 0.0 0.0 3.0 0.0
106.01023577785104 0.0 0.0 0.0 1.0 0.0 0.0 3.0 0.0
107.00548035454906 0.0 0.0 0.0 1.0 0.0 0.0 3.0 0.0
108.03451711105208 0.0 0.0 0.0 1.0 0.0 0.0 3.0 0.0
109.03451711105208 0.0 0.0 0.0 1.0 0.0 0.0 3.0 0.0
110.00585588150042 0.0 0.0 0.0 1.0 0.0 0.0 3.0 0.0
111.01027888193295 0.0 0.0 0.0 1.0 0.0 0.0 3.0 0.0
112.03451711105208 0.0 0.0 0.0 1.0 0.0 0.0 3.0 0.0
113.01302887434271 0.0 0.0 0.0 1.0 0.0 0.0 3.0 0.0
114.00403366387475 0.0 0.0 0.0 1.0 0.0 0.0 3.0 0.0
115.03451711105208 0.0 0.0 0.0 1.0 0.0 0.0 3.0 0.0
116.02783908970385 0.0 0.0 0.0 1.0 0.0 0.0 3.0 0.0
117.02895497851685 0.0 0.0 0.0 1.0 0.0 0.0 3.0 0.0
118.00740349092503 0.0 0.0 0.0 1.0 0.0 0.0 3.0 0.0
119.03094219355442 0.0 0.0 0.0 1.0 0.0 0.0 3.0 0.0
120.03451711105208 0.0 0.0 0.0 1.0 0.0 0.0 3.0 0.0
121.0171181789906 0.0 0.0 0.0 1.0 0.0 0.0 3.0 0.0
122.03451711105208 0.0 0.0 0.0 1.0 0.0 0.0 3.0 0.0
123.03451711105208 0.0 0.0 0.0 1.0 0.0 0.0 3.0 0.0
124.00688459632799 0.0 0.0 0.0 1.0 0.0 0.0 3.0 0.0
125.01267539308115 0.0 0.0 0.0 1.0 0.0 0.0 3.0 0.0
126.03330801231822 0.0 0.0 0.0 1.0 0.0 0.0 3.0 0.0
127.03451711105208 0.0 0.0 0.0 1.0 0.0 0.0 3.0 0.0
128.00605123324928 0.0 0.0 0.0 1.0 0.0 0.0 3.0 0.0
129.00754668559028 0.0 0.0 0.0 1.0 0.0 0.0 3.0 0.0
130.03451711105208 0.0 0.0 0.0 1.0 0.0 0.0 3.0 0.0
131.03451711105208 0.0 0.0 0.0 1.0 0.0 0.0 3.0 0.0
132.03451711105208 0.0 0.0 0.0 1.0 0.0 0.0 3.0 0.0
133.03451711105208 0.0 0.0 0.0 1.0 0.0 0.0 3.0 0.0
134.0294436389054 0.0 0.0 0.0 1.0 0.0 0.0 3.0 0.0
135.03025685012065 0.0 0.0 0.0 1.0 0.0 0.0 3.0 0.0
136.03451711105208 0.0 0.0 0.0 1.0 0.0 0.0 3.0 0.0
137.0178039604206 0.0 0.0 0.0 1.0 0.0 0.0 3.0 0.0
138.02124640915108 0.0 0.0 0.0 1.0 0.0 0.0 3.0 0.0
139.03451711105208 0.0 0.0 0.0 1.0 0.0 0.0 3.0 0.0
140.02587940927103 0.0 0.0 0.0 1.0 0.0 0.0 3.0 0.0
141.00517890444613 0.0 0.0 0.0 1.0 0.0 0.0 3.0 0.0
142.03451711105208 0.0 0.0 0.0 1.0 0.0 0.0 3.0 0.0
143.03451711105208 0.0 0.0 0.0 1.0 0.0 0.0 3.0 0.0
144.03451711105208 0.0 0.0 0.0 1.0 0.0 0.0 3.0 0.0
145.03451711105208 0.0 0.0 0.0 1.0 0.0 0.0 3.0 0.0
146.03451711105208 0.0 0.0 0.0 1.0 0.0 0.0 3.0 0.0
147.01951528515588 0.0 0.0 0.0 1.0 0.0 0.0 3.0 0.0
148.03451711105208 0.0 0.0 0.0 1.0 0.0 0.0 3.0 0.0
149.03451711105208 0.0 0.0 0.0 1.0 0.0 0.0 3.0 0.0
150.00643313830224 0.0 0.0 0.0 1.0 0.0 0.0 3.0 0.0
151.01822266269636 0.0 0.0 0.0 1.0 0.0 0.0 3.0 0.0
152.0006478713646 0.0 0.0 0.0 1.0 0.0 0.0 3.0 0.0
153.03451711105208 0.0 0.0 0.0 1.0 0.0 0.0 3.0 0.0
154.03377843221847 0.0 0.0 0.0 1.0 0.0 0.0 3.0 0.0
155.00239113547792 0.0 0.0 0.0 1.0 0.0 0.0 3.0 0.0
156.00452171250058 0.0 0.0 0.0 1.0 0.0 0.0 3.0 0.0
157.03451711105208 0.0 0.0 0.0 1.0 0.0 0.0 3.0 0.0
158.01989038898117 0.0 0.0 0.0 1.0 0.0 0.0 3.0 0.0
159.00285332649418 0.0 0.0 0.0 1.0 0.0 0.0 3.0 0.0
160.03451711105208 0.0 0.0 0.0 1.0 0.0 0.0 3.0 0.0
161.0232947714488 0.0 0.0 0.0 1.0 0.0 0.0 3.0 0.0
162.03451711105208 0.0 0.0 0.0 1.0 0.0 0.0 3.0 0.0
163.03451711105208 0.0 0.0 0.0 1.0 0.0 0.0 3.0 0.0
164.03451711105208 0.0 0.0 0.0 1.0 0.0 0.0 3.0 0.0
165.03451711105208 0.0 0.0 0.0 1.0 0.0 0.0 3.0 0.0
166.03451711105208 0.0 0.0 0.0 1.0 0.0 0.0 3.0 0.0
167.03451711105208 0.0 0.0 0.0 1.0 0.0 0.0 3.0 0.0
168.01694285263926 0.0 0.0 0.0 1.0 0.0 0.0 3.0 0.0
169.0289577196154 0.0 0.0 0.0 1.0 0.0 0.0 3.0 0.0
170.03451711105208 0.0 0.0 0.0 1.0 0.0 0.0 3.0 0.0
171.01034832486766 0.0 0.0 0.0 1.0 0.0 0.0 3.0 0.0
172.00340927370277 0.0 0.0 0.0 1.0 0.0 0.0 3.0 0.0
173.0005995436085 0.0 0.0 0.0 1.0 0.0 0.0 3.0 0.0
174.03451711105208 0.0 0.0 0.0 1.0 0.0 0.0 3.0 0.0
175.0090468953003 0.0 0.0 0.0 1.0 0.0 0.0 3.0 0.0
176.01744196089146 0.0 0.0 0.0 1.0 0.0 0.0 3.0 0.0
177.03451711105208 0.0 0.0 0.0 1.0 0.0 0.0 3.0 0.0
178.0046618990805 0.0 0.0 0.0 1.0 0.0 0.0 3.0 0.0
179.03451711105208 0.0 0.0 0.0 1.0 0.0 0.0 3.0 0.0
180.00345590116706 0.0 0.0 0.0 1.0 0.0 0.0 3.0 0.0
181.005036185346 0.0 0.0 0.0 1.0 0.0 0.0 3.0 0.0
182.00564034049503 0.0 0.0 0.0 1.0 0.0 0.0 3.0 0.0
183.0128514932706 0.0 0.0 0.0 1.0 0.0 0.0 3.0 0.0
184.0235024634211 0.0 0.0 0.0 1.0 0.0 0.0 3.0 0.0
185.03451711105208 0.0 0.0 0.0 1.0 0.0 0.0 3.0 0.0
186.03451711105208 0.0 0.0 0.0 1.0 0.0 0.0 3.0 0.0
187.02052744183487 0.0 0.0 0.0 1.0 0.0 0.0 3.0 0.0
188.0055658715064 0.0 0.0 0.0 1.0 0.0 0.0 3.0 0.0
189.02568017470293 0.0 0.0 0.0 1.0 0.0 0.0 3.0 0.0
190.02126095809405 0.0 0.0 0.0 1.0 0.0 0.0 3.0 0.0
191.01950585505497 0.0 0.0 0.0 1.0 0.0 0.0 3.0 0.0
192.03451711105208 0.0 0.0 0.0 1.0 0.0 0.0 3.0 0.0
193.00405773041996 0.0 0.0 0.0 1.0 0.0 0.0 3.0 0.0
194.01494897487933 0.0 0.0 0.0 1.0 0.0 0.0 3.0 0.0
195.03451711105208 0.0 0.0 0.0 1.0 0.0 0.0 3.0 0.0
196.01630200820986 0.0 0.0 0.0 1.0 0.0 0.0 3.0 0.0
197.00320478780455 0.0 0.0 0.0 1.0 0.0 0.0 3.0 0.0
198.00475196947949 0.0 0.0 0.0 1.0 0.0 0.0 3.0 0.0
199.03451711105208 0.0 0.0 0.0 1.0 0.0 0.0 3.0 0.0
200.03451711105208 0.0 0.0 0.0 1.0 0.0 0.0 3.0 0.0
201.00738899966615 0.0 0.0 0.0 1.0 0.0 0.0 3.0 0.0
202.03451711105208 0.0 0.0 0.0 1.0 0.0 0.0 3.0 0.0
203.01319905779346 0.0 0.0 0.0 1.0 0.0 0.0 3.0 0.0
204.0172000896475 0.0 0.0 0.0 1.0 0.0 0.0 3.0 0.0
205.03451711105208 0.0 0.0 0.0 1.0 0.0 0.0 3.0 0.0
206.01348277616796 0.0 0.0 0.0 1.0 0.0 0.0 3.0 0.0
207.0076536167633 0.0 0.0 0.0 1.0 0.0 0.0 3.0 0.0
208.00053066548776 0.0 0.0 0.0 1.0 0.0 0.0 3.0 0.0
209.01672928959803 0.0 0.0 0.0 1.0 0.0 0.0 3.0 0.0
210.03451711105208 0.0 0.0 0.0 1.0 0.0 0.0 3.0 0.0
211.03451711105208 0.0 0.0 0.0 1.0 0.0 0.0 3.0 0.0
212.03403614672376 0.0 0.0 0.0 1.0 0.0 0.0 3.0 0.0
213.03451711105208 0.0 0.0 0.0 1.0 0.0 0.0 3.0 0.0
214.0046812844274 0.0 0.0 0.0 1.0 0.0 0.0 3.0 0.0
215.00280781452452 0.0 0.0 0.0 1.0 0.0 0.0 3.0 0.0
216.03451711105208 0.0 0.0 0.0 1.0 0.0 0.0 3.0 0.0
217.0045494326829 0.0 0.0 0.0 1.0 0.0 0.0 3.0 0.0
218.01223766902072 0.0 0.0 0.0 1.0 0.0 0.0 3.0 0.0
219.03111523161428 0.0 0.0 0.0 1.0 0.0 0.0 3.0 0.0
220.03451711105208 0.0 0.0 0.0 1.0 0.0 0.0 3.0 0.0
221.00388017716085 0.0 0.0 0.0 1.0 0.0 0.0 3.0 0.0
222.00606880078266 0.0 0.0 0.0 1.0 0.0 0.0 3.0 0.0
223.0036309851538 0.0 0.0 0.0 1.0 0.0 0.0 3.0 0.0
224.01143329897462 0.0 0.0 0.0 1.0 0.0 0.0 3.0 0.0
225.03451711105208 0.0 0.0 0.0 1.0 0.0 0.0 3.0 0.0
226.00677196257786 0.0 0.0 0.0 1.0 0.0 0.0 3.0 0.0
227.0125324473419 0.0 0.0 0.0 1.0 0.0 0.0 3.0 0.0
228.03184767542464 0.0 0.0 0.0 1.0 0.0 0.0 3.0 0.0
229.02359278189888 0.0 0.0 0.0 1.0 0.0 0.0 3.0 0.0
230.03451711105208 0.0 0.0 0.0 1.0 0.0 0.0 3.0 0.0
231.00969415250412 0.0 0.0 0.0 1.0 0.0 0.0 3.0 0.0
232.00542643714363 0.0 0.0 0.0 1.0 0.0 0.0 3.0 0.0
233.02445343717594 0.0 0.0 0.0 1.0 0.0 0.0 3.0 0.0
234.03451711105208 0.0 0.0 0.0 1.0 0.0 0.0 3.0 0.0
235.00688459771487 0.0 0.0 0.0 1.0 0.0 0.0 3.0 0.0
236.03451711105208 0.0 0.0 0.0 1.0 0.0 0.0 3.0 0.0
237.03451711105208 0.0 0.0 0.0 1.0 0.0 0.0 3.0 0.0
238.03451711105208 0.0 0.0 0.0 1.0 0.0 0.0 3.0 0.0
239.02817161121652 0.0 0.0 0.0 1.0 0.0 0.0 3.0 0.0
240.01999238865903 0.0 0.0 0.0 1.0 0.0 0.0 3.0 0.0
241.0049099743247 0.0 0.0 0.0 1.0 0.0 0.0 3.0 0.0
242.03451711105208 0.0 0.0 0.0 1.0 0.0 0.0 3.0 0.0
243.00425848339043 0.0 0.0 0.0 1.0 0.0 0.0 3.0 0.0
244.00437184957994 0.0 0.0 0.0 1.0 0.0 0.0 3.0 0.0
245.00516711393556 0.0 0.0 0.0 1.0 0.0 0.0 3.0 0.0
246.016030595978 0.0 0.0 0.0 1.0 0.0 0.0 3.0 0.0
247.00584141966576 0.0 0.0 0.0 1.0 0.0 0.0 3.0 0.0
248.03451711105208 0.0 0.0 0.0 1.0 0.0 0.0 3.0 0.0
249.02769582605958 0.0 0.0 0.0 1.0 0.0 0.0 3.0 0.0
250.01662307128274 0.0 0.0 0.0 1.0 0.0 0.0 3.0 0.0
251.0132339616961 0.0 0.0 0.0 1.0 0.0 0.0 3.0 0.0
252.0162139685739 0.0 0.0 0.0 1.0 0.0 0.0 3.0 0.0
253.01916524925204 0.0 0.0 0.0 1.0 0.0 0.0 3.0 0.0
254.03451711105208 0.0 0.0 0.0 1.0 0.0 0.0 3.0 0.0
255.03181021181103 0.0 0.0 0.0 1.0 0.0 0.0 3.0 0.0
256.0345171110521 0.0 0.0 0.0 1.0 0.0 0.0 3.0 0.0
257.0114714245712 0.0 0.0 0.0 1.0 0.0 0.0 3.0 0.0
258.0090450934299 0.0 0.0 0.0 1.0 0.0 0.0 3.0 0.0
259.0060101251683 0.0 0.0 0.0 1.0 0.0 0.0 3.0 0.0
260.0092953288466 0.0 0.0 0.0 1.0 0.0 0.0 3.0 0.0
261.01090909786046 0.0 0.0 0.0 1.0 0.0 0.0 3.0 0.0
262.0081629688588 0.0 0.0 0.0 1.0 0.0 0.0 3.0 0.0
263.01972457401513 0.0 0.0 0.0 1.0 0.0 0.0 3.0 0.0
264.0023407232944 0.0 0.0 0.0 1.0 0.0 0.0 3.0 0.0
265.0167728613044 0.0 0.0 0.0 1.0 0.0 0.0 3.0 0.0
266.01152184074726 0.0 0.0 0.0 1.0 0.0 0.0 3.0 0.0
267.0065615982021 0.0 0.0 0.0 1.0 0.0 0.0 3.0 0.0
268.00111717106444 0.0 0.0 0.0 1.0 0.0 0.0 3.0 0.0
269.0345171110521 0.0 0.0 0.0 1.0 0.0 0.0 3.0 0.0
270.02109808505907 0.0 0.0 0.0 1.0 0.0 0.0 3.0 0.0
271.00289040632754 0.0 0.0 0.0 1.0 0.0 0.0 3.0 0.0
272.019448450522 0.0 0.0 0.0 1.0 0.0 0.0 3.0 0.0
273.009062622185 0.0 0.0 0.0 1.0 0.0 0.0 3.0 0.0
274.00368743947945 0.0 0.0 0.0 1.0 0.0 0.0 3.0 0.0
275.0058428100057 0.0 0.0 0.0 1.0 0.0 0.0 3.0 0.0
276.00765213410585 0.0 0.0 0.0 1.0 0.0 0.0 3.0 0.0
277.0028303229575 0.0 0.0 0.0 1.0 0.0 0.0 3.0 0.0
278.0345171110521 0.0 0.0 0.0 1.0 0.0 0.0 3.0 0.0
279.0074918451448 0.0 0.0 0.0 1.0 0.0 0.0 3.0 0.0
280.00055699561824 0.0 0.0 0.0 1.0 0.0 0.0 3.0 0.0
281.02674267807015 0.0 0.0 0.0 1.0 0.0 0.0 3.0 0.0
282.0345171110521 0.0 0.0 0.0 1.0 0.0 0.0 3.0 0.0
283.024000030941 0.0 0.0 0.0 1.0 0.0 0.0 3.0 0.0
284.0131352433552 0.0 0.0 0.0 1.0 0.0 0.0 3.0 0.0
285.0125527235204 0.0 0.0 0.0 1.0 0.0 0.0 3.0 0.0
286.00188719511675 0.0 0.0 0.0 1.0 0.0 0.0 3.0 0.0
287.0345171110521 0.0 0.0 0.0 1.0 0.0 0.0 3.0 0.0
288.0345171110521 0.0 0.0 0.0 1.0 0.0 0.0 3.0 0.0
289.00593627033834 0.0 0.0 0.0 1.0 0.0 0.0 3.0 0.0
290.0148866267688 0.0 0.0 0.0 1.0 0.0 0.0 3.0 0.0
291.0108897496022 0.0 0.0 0.0 1.0 0.0 0.0 3.0 0.0
292.0179371512983 0.0 0.0 0.0 1.0 0.0 0.0 3.0 0.0
293.0345171110521 0.0 0.0 0.0 1.0 0.0 0.0 3.0 0.0
294.0345171110521 0.0 0.0 0.0 1.0 0.0 0.0 3.0 0.0
295.0345171110521 0.0 0.0 0.0 1.0 0.0 0.0 3.0 0.0
296.0105389297501 0.0 0.0 0.0 1.0 0.0 0.0 3.0 0.0
297.003463722624 0.0 0.0 0.0 1.0 0.0 0.0 3.0 0.0
298.0345171110521 0.0 0.0 0.0 1.0 0.0 0.0 3.0 0.0
299.01440187800904 0.0 0.0 0.0 1.0 0.0 0.0 3.0 0.0
300.0345171110521 0.0 0.0 0.0 1.0 0.0 0.0 3.0 0.0
301.0031386360603 0.0 0.0 0.0 1.0 0.0 0.0 3.0 0.0
302.0199159219238 0.0 0.0 0.0 1.0 0.0 0.0 3.0 0.0
303.0164448611431 0.0 0.0 0.0 1.0 0.0 0.0 3.0 0.0
304.0006442450038 0.0 0.0 0.0 1.0 0.0 0.0 3.0 0.0
305.0345171110521 0.0 0.0 0.0 1.0 0.0 0.0 3.0 0.0
306.00097483085034 0.0 0.0 0.0 1.0 0.0 0.0 3.0 0.0
307.0027916823013 0.0 0.0 0.0 1.0 0.0 0.0 3.0 0.0
308.0219066940092 0.0 0.0 0.0 1.0 0.0 0.0 3.0 0.0
309.0153608128651 0.0 0.0 0.0 1.0 0.0 0.0 3.0 0.0
310.0345171110521 0.0 0.0 0.0 1.0 0.0 0.0 3.0 0.0
311.03036727561516 0.0 0.0 0.0 1.0 0.0 0.0 3.0 0.0
312.0345171110521 0.0 0.0 0.0 1.0 0.0 0.0 3.0 0.0
313.0345171110521 0.0 0.0 0.0 1.0 0.0 0.0 3.0 0.0
314.0345171110521 0.0 0.0 0.0 1.0 0.0 0.0 3.0 0.0
315.01402738189887 0.0 0.0 0.0 1.0 0.0 0.0 3.0 0.0
316.0005255206001 0.0 0.0 0.0 1.0 0.0 0.0 3.0 0.0
317.0027457577754 0.0 0.0 0.0 1.0 0.0 0.0 3.0 0.0
318.0082227243466 0.0 0.0 0.0 1.0 0.0 0.0 3.0 0.0
319.0148344148657 0.0 0.0 0.0 1.0 0.0 0.0 3.0 0.0
320.0166227053598 0.0 0.0 0.0 1.0 0.0 0.0 3.0 0.0
321.00289811512397 0.0 0.0 0.0 1.0 0.0 0.0 3.0 0.0
322.00100435153126 0.0 0.0 0.0 1.0 0.0 0.0 3.0 0.0
323.0006685649702 0.0 0.0 0.0 1.0 0.0 0.0 3.0 0.0
324.0345171110521 0.0 0.0 0.0 1.0 0.0 0.0 3.0 0.0
325.0151504300392 0.0 0.0 0.0 1.0 0.0 0.0 3.0 0.0
326.000668369292 0.0 0.0 0.0 1.0 0.0 0.0 3.0 0.0
327.0254242405343 0.0 0.0 0.0 1.0 0.0 0.0 3.0 0.0
328.0345171110521 0.0 0.0 0.0 1.0 0.0 0.0 3.0 0.0
329.00844861808883 0.0 0.0 0.0 1.0 0.0 0.0 3.0 0.0
330.0181778777736 0.0 0.0 0.0 1.0 0.0 0.0 3.0 0.0
331.0345171110521 0.0 0.0 0.0 1.0 0.0 0.0 3.0 0.0
332.0319377783141 0.0 0.0 0.0 1.0 0.0 0.0 3.0 0.0
333.02346377718266 0.0 0.0 0.0 1.0 0.0 0.0 3.0 0.0
334.032397854402 0.0 0.0 0.0 1.0 0.0 0.0 3.0 0.0
335.0105995141867 0.0 0.0 0.0 1.0 0.0 0.0 3.0 0.0
336.0145867265869 0.0 0.0 0.0 1.0 0.0 0.0 3.0 0.0
337.0345171110521 0.0 0.0 0.0 1.0 0.0 0.0 3.0 0.0
338.0139137290735 0.0 0.0 0.0 1.0 0.0 0.0 3.0 0.0
339.0091975638032 0.0 0.0 0.0 1.0 0.0 0.0 3.0 0.0
340.02284595218225 0.0 0.0 0.0 1.0 0.0 0.0 3.0 0.0
341.0061874468014 0.0 0.0 0.0 1.0 0.0 0.0 3.0 0.0
342.0345171110521 0.0 0.0 0.0 1.0 0.0 0.0 3.0 0.0
343.02518982316946 0.0 0.0 0.0 1.0 0.0 0.0 3.0 0.0
344.0345171110521 0.0 0.0 0.0 1.0 0.0 0.0 3.0 0.0
345.0345171110521 0.0 0.0 0.0 1.0 0.0 0.0 3.0 0.0
346.00672143637604 0.0 0.0 0.0 1.0 0.0 0.0 3.0 0.0
347.0345171110521 0.0 0.0 0.0 1.0 0.0 0.0 3.0 0.0
348.0345171110521 0.0 0.0 0.0 1.0 0.0 0.0 3.0 0.0
349.00289128806963 0.0 0.0 0.0 1.0 0.0 0.0 3.0 0.0
350.0345171110521 0.0 0.0 0.0 1.0 0.0 0.0 3.0 0.0
351.02867167677704 0.0 0.0 0.0 1.0 0.0 0.0 3.0 0.0
352.02248969872903 0.0 0.0 0.0 1.0 0.0 0.0 3.0 0.0
353.0345171110521 0.0 0.0 0.0 1.0 0.0 0.0 3.0 0.0
354.0345171110521 0.0 0.0 0.0 1.0 0.0 0.0 3.0 0.0
355.01230747885523 0.0 0.0 0.0 1.0 0.0 0.0 3.0 0.0
356.00443712447725 0.0 0.0 0.0 1.0 0.0 0.0 3.0 0.0
357.01076814253855 0.0 0.0 0.0 1.0 0.0 0.0 3.0 0.0
358.0278124597681 0.0 0.0 0.0 1.0 0.0 0.0 3.0 0.0
359.02434941654263 0.0 0.0 0.0 1.0 0.0 0.0 3.0 0.0
360.0345171110521 0.0 0.0 0.0 1.0 0.0 0.0 3.0 0.0
361.0199236552363 0.0 0.0 0.0 1.0 0.0 0.0 3.0 0.0
362.0095484925334 0.0 0.0 0.0 1.0 0.0 0.0 3.0 0.0
363.0345171110521 0.0 0.0 0.0 1.0 0.0 0.0 3.0 0.0
364.01707931401177 0.0 0.0 0.0 1.0 0.0 0.0 3.0 0.0
365.0077772894325 0.0 0.0 0.0 1.0 0.0 0.0 3.0 0.0
366.0172234052566 0.0 0.0 0.0 1.0 0.0 0.0 3.0 0.0
367.0152222186459 0.0 0.0 0.0 1.0 0.0 0.0 3.0 0.0
368.0345171110521 0.0 0.0 0.0 1.0 0.0 0.0 3.0 0.0
369.00032097832417 0.0 0.0 0.0 1.0 0.0 0.0 3.0 0.0
370.01219202421964 0.0 0.0 0.0 1.0 0.0 0.0 3.0 0.0
371.0032437435585 0.0 0.0 0.0 1.0 0.0 0.0 3.0 0.0
372.0125808261398 0.0 0.0 0.0 1.0 0.0 0.0 3.0 0.0
373.004344530082 0.0 0.0 0.0 1.0 0.0 0.0 3.0 0.0
374.00389973810593 0.0 0.0 0.0 1.0 0.0 0.0 3.0 0.0
375.0028255956864 0.0 0.0 0.0 1.0 0.0 0.0 3.0 0.0
376.0051012973198 0.0 0.0 0.0 1.0 0.0 0.0 3.0 0.0
377.0204749961754 0.0 0.0 0.0 1.0 0.0 0.0 3.0 0.0
378.0198456027743 0.0 0.0 0.0 1.0 0.0 0.0 3.0 0.0
379.01543847383 0.0 0.0 0.0 1.0 0.0 0.0 3.0 0.0
380.03240632361246 0.0 0.0 0.0 1.0 0.0 0.0 3.0 0.0
381.0345171110521 0.0 0.0 0.0 1.0 0.0 0.0 3.0 0.0
382.004642523122 0.0 0.0 0.0 1.0 0.0 0.0 3.0 0.0
383.0140597889753 0.0 0.0 0.0 1.0 0.0 0.0 3.0 0.0
384.03027657515264 0.0 0.0 0.0 1.0 0.0 0.0 3.0 0.0
385.0345171110521 0.0 0.0 0.0 1.0 0.0 0.0 3.0 0.0
386.0345171110521 0.0 0.0 0.0 1.0 0.0 0.0 3.0 0.0
387.0345171110521 0.0 0.0 0.0 1.0 0.0 0.0 3.0 0.0
388.0049995595408 0.0 0.0 0.0 1.0 0.0 0.0 3.0 0.0
389.02823239539487 0.0 0.0 0.0 1.0 0.0 0.0 3.0 0.0
390.0105130988709 0.0 0.0 0.0 1.0 0.0 0.0 3.0 0.0
391.0165863423999 0.0 0.0 0.0 1.0 0.0 0.0 3.0 0.0
392.0124252441797 0.0 0.0 0.0 1.0 0.0 0.0 3.0 0.0
393.0025068475535 0.0 0.0 0.0 1.0 0.0 0.0 3.0 0.0
394.02368854559637 0.0 0.0 0.0 1.0 0.0 0.0 3.0 0.0
395.01257968573367 0.0 0.0 0.0 1.0 0.0 0.0 3.0 0.0
396.0345171110521 0.0 0.0 0.0 1.0 0.0 0.0 3.0 0.0
397.00160704029776 0.0 0.0 0.0 1.0 0.0 0.0 3.0 0.0
398.022492860402 0.0 0.0 0.0 1.0 0.0 0.0 3.0 0.0
399.0162248541109 0.0 0.0 0.0 1.0 0.0 0.0 3.0 0.0
400.0042481756781 0.0 0.0 0.0 1.0 0.0 0.0 3.0 0.0
401.0345171110521 0.0 0.0 0.0 1.0 0.0 0.0 3.0 0.0
402.02962378546215 0.0 0.0 0.0 1.0 0.0 0.0 3.0 0.0
403.0013961832402 0.0 0.0 0.0 1.0 0.0 0.0 3.0 0.0
404.00330700885866 0.0 0.0 0.0 1.0 0.0 0.0 3.0 0.0
405.0345171110521 0.0 0.0 0.0 1.0 0.0 0.0 3.0 0.0
406.03089426189575 0.0 0.0 0.0 1.0 0.0 0.0 3.0 0.0
407.0345171110521 0.0 0.0 0.0 1.0 0.0 0.0 3.0 0.0
408.01955061337145 0.0 0.0 0.0 1.0 0.0 0.0 3.0 0.0
409.01050123442127 0.0 0.0 0.0 1.0 0.0 0.0 3.0 0.0
410.02130987745807 0.0 0.0 0.0 1.0 0.0 0.0 3.0 0.0
411.0345171110521 0.0 0.0 0.0 1.0 0.0 0.0 3.0 0.0
412.0345171110521 0.0 0.0 0.0 1.0 0.0 0.0 3.0 0.0
413.0345171110521 0.0 0.0 0.0 1.0 0.0 0.0 3.0 0.0
414.0345171110521 0.0 0.0 0.0 1.0 0.0 0.0 3.0 0.0
415.0345171110521 0.0 0.0 0.0 1.0 0.0 0.0 3.0 0.0
416.0345171110521 0.0 0.0 0.0 1.0 0.0 0.0 3.0 0.0
417.0163801036619 0.0 0.0 0.0 1.0 0.0 0.0 3.0 0.0
418.002782182344 0.0 0.0 0.0 1.0 0.0 0.0 3.0 0.0
419.0062813360581 0.0 0.0 0.0 1.0 0.0 0.0 3.0 0.0
420.0345171110521 0.0 0.0 0.0 1.0 0.0 0.0 3.0 0.0
421.00119873875684 0.0 0.0 0.0 1.0 0.0 0.0 3.0 0.0
422.030433067027 0.0 0.0 0.0 1.0 0.0 0.0 3.0 0.0
423.0345171110521 0.0 0.0 0.0 1.0 0.0 0.0 3.0 0.0
424.0180836189068 0.0 0.0 0.0 1.0 0.0 0.0 3.0 0.0
425.02182832024306 0.0 0.0 0.0 1.0 0.0 0.0 3.0 0.0
426.0345171110521 0.0 0.0 0.0 1.0 0.0 0.0 3.0 0.0
427.01957968120456 0.0 0.0 0.0 1.0 0.0 0.0 3.0 0.0
428.0345171110521 0.0 0.0 0.0 1.0 0.0 0.0 3.0 0.0
429.0205323646592 0.0 0.0 0.0 1.0 0.0 0.0 3.0 0.0
430.0345171110521 0.0 0.0 0.0 1.0 0.0 0.0 3.0 0.0
431.00663023601913 0.0 0.0 0.0 1.0 0.0 0.0 3.0 0.0
432.01746096403707 0.0 0.0 0.0 1.0 0.0 0.0 3.0 0.0
433.01503343009875 0.0 0.0 0.0 1.0 0.0 0.0 3.0 0.0
434.00101025850176 0.0 0.0 0.0 1.0 0.0 0.0 3.0 0.0
435.00769585960603 0.0 0.0 0.0 1.0 0.0 0.0 3.0 0.0
436.0345171110521 0.0 0.0 0.0 1.0 0.0 0.0 3.0 0.0
437.0015595878392 0.0 0.0 0.0 1.0 0.0 0.0 3.0 0.0
438.0345171110521 0.0 0.0 0.0 1.0 0.0 0.0 3.0 0.0
439.0203180994997 0.0 0.0 0.0 1.0 0.0 0.0 3.0 0.0
440.0193253169213 0.0 0.0 0.0 1.0 0.0 0.0 3.0 0.0
441.0025246752981 0.0 0.0 0.0 1.0 0.0 0.0 3.0 0.0
442.0345171110521 0.0 0.0 0.0 1.0 0.0 0.0 3.0 0.0
443.00399695163935 0.0 0.0 0.0 1.0 0.0 0.0 3.0 0.0
444.02770621423906 0.0 0.0 0.0 1.0 0.0 0.0 3.0 0.0
445.02328288494414 0.0 0.0 0.0 1.0 0.0 0.0 3.0 0.0
446.0345171110521 0.0 0.0 0.0 1.0 0.0 0.0 3.0 0.0
447.0051703095673 0.0 0.0 0.0 1.0 0.0 0.0 3.0 0.0
448.01379268838974 0.0 0.0 0.0 1.0 0.0 0.0 3.0 0.0
449.001651399632 0.0 0.0 0.0 1.0 0.0 0.0 3.0 0.0
450.0345171110521 0.0 0.0 0.0 1.0 0.0 0.0 3.0 0.0
451.01971149032755 0.0 0.0 0.0 1.0 0.0 0.0 3.0 0.0
452.0345171110521 0.0 0.0 0.0 1.0 0.0 0.0 3.0 0.0
453.0345171110521 0.0 0.0 0.0 1.0 0.0 0.0 3.0 0.0
454.023592624974 0.0 0.0 0.0 1.0 0.0 0.0 3.0 0.0
455.0345171110521 0.0 0.0 0.0 1.0 0.0 0.0 3.0 0.0
456.00611283974854 0.0 0.0 0.0 1.0 0.0 0.0 3.0 0.0
457.02464791652665 0.0 0.0 0.0 1.0 0.0 0.0 3.0 0.0
458.0345171110521 0.0 0.0 0.0 1.0 0.0 0.0 3.0 0.0
459.009558603741 0.0 0.0 0.0 1.0 0.0 0.0 3.0 0.0
460.02346035937563 0.0 0.0 0.0 1.0 0.0 0.0 3.0 0.0
461.0298207375049 0.0 0.0 0.0 1.0 0.0 0.0 3.0 0.0
462.0345171110521 0.0 0.0 0.0 1.0 0.0 0.0 3.0 0.0
463.0345171110521 0.0 0.0 0.0 1.0 0.0 0.0 3.0 0.0
464.0345171110521 0.0 0.0 0.0 1.0 0.0 0.0 3.0 0.0
465.00917735889993 0.0 0.0 0.0 1.0 0.0 0.0 3.0 0.0
466.00275445273047 0.0 0.0 0.0 1.0 0.0 0.0 3.0 0.0
467.0345171110521 0.0 0.0 0.0 1.0 0.0 0.0 3.0 0.0
468.0087897828161 0.0 0.0 0.0 1.0 0.0 0.0 3.0 0.0
469.0345171110521 0.0 0.0 0.0 1.0 0.0 0.0 3.0 0.0
470.0345171110521 0.0 0.0 0.0 1.0 0.0 0.0 3.0 0.0
471.0345171110521 0.0 0.0 0.0 1.0 0.0 0.0 3.0 0.0
472.0148946131231 0.0 0.0 0.0 1.0 0.0 0.0 3.0 0.0
473.02056854558424 0.0 0.0 0.0 1.0 0.0 0.0 3.0 0.0
474.0063163899529 0.0 0.0 0.0 1.0 0.0 0.0 3.0 0.0
475.02973390234723 0.0 0.0 0.0 1.0 0.0 0.0 3.0 0.0
476.0080294348443 0.0 0.0 0.0 1.0 0.0 0.0 3.0 0.0
477.0345171110521 0.0 0.0 0.0 1.0 0.0 0.0 3.0 0.0
478.0268290063159 0.0 0.0 0.0 1.0 0.0 0.0 3.0 0.0
479.0345171110521 0.0 0.0 0.0 1.0 0.0 0.0 3.0 0.0
480.0021468884993 0.0 0.0 0.0 1.0 0.0 0.0 3.0 0.0
481.00104812730575 0.0 0.0 0.0 1.0 0.0 0.0 3.0 0.0
482.0345171110521 0.0 0.0 0.0 1.0 0.0 0.0 3.0 0.0
483.0345171110521 0.0 0.0 0.0 1.0 0.0 0.0 3.0 0.0
484.0066972134716 0.0 0.0 0.0 1.0 0.0 0.0 3.0 0.0
485.00893115634943 0.0 0.0 0.0 1.0 0.0 0.0 3.0 0.0
486.02499415597043 0.0 0.0 0.0 1.0 0.0 0.0 3.0 0.0
487.0345171110521 0.0 0.0 0.0 1.0 0.0 0.0 3.0 0.0
488.0345171110521 0.0 0.0 0.0 1.0 0.0 0.0 3.0 0.0
489.01204137775295 0.0 0.0 0.0 1.0 0.0 0.0 3.0 0.0
490.0095738857385 0.0 0.0 0.0 1.0 0.0 0.0 3.0 0.0
491.0345171110521 0.0 0.0 0.0 1.0 0.0 0.0 3.0 0.0
492.0345171110521 0.0 0.0 0.0 1.0 0.0 0.0 3.0 0.0
493.0345171110521 0.0 0.0 0.0 1.0 0.0 0.0 3.0 0.0
494.0038914460746 0.0 0.0 0.0 1.0 0.0 0.0 3.0 0.0
495.02395436115864 0.0 0.0 0.0 1.0 0.0 0.0 3.0 0.0
496.0134532170615 0.0 0.0 0.0 1.0 0.0 0.0 3.0 0.0
497.00096403009394 0.0 0.0 0.0 1.0 0.0 0.0 3.0 0.0
498.0223685626267 0.0 0.0 0.0 1.0 0.0 0.0 3.0 0.0
499.0345171110521 0.0 0.0 0.0 1.0 0.0 0.0 3.0 0.0
500.0247065312745 0.0 0.0 0.0 1.0 0.0 0.0 3.0 0.0
501.0083036783869 0.0 0.0 0.0 1.0 0.0 0.0 3.0 0.0
502.02208930771985 0.0 0.0 0.0 1.0 0.0 0.0 3.0 0.0
503.0345171110521 0.0 0.0 0.0 1.0 0.0 0.0 3.0 0.0
504.01083402650556 0.0 0.0 0.0 1.0 0.0 0.0 3.0 0.0
505.021339771598 0.0 0.0 0.0 1.0 0.0 0.0 3.0 0.0
506.01029827528146 0.0 0.0 0.0 1.0 0.0 0.0 3.0 0.0
507.0142520641348 0.0 0.0 0.0 1.0 0.0 0.0 3.0 0.0
508.0136314228875 0.0 0.0 0.0 1.0 0.0 0.0 3.0 0.0
509.02285928547633 0.0 0.0 0.0 1.0 0.0 0.0 3.0 0.0
510.0081450622108 0.0 0.0 0.0 1.0 0.0 0.0 3.0 0.0
511.00108547984144 0.0 0.0 0.0 1.0 0.0 0.0 3.0 0.0
512.0074045005559 0.0 0.0 0.0 1.0 0.0 0.0 3.0 0.0
513.0345171110521 0.0 0.0 0.0 1.0 0.0 0.0 3.0 0.0
514.0081258510022 0.0 0.0 0.0 1.0 0.0 0.0 3.0 0.0
515.0012779417182 0.0 0.0 0.0 1.0 0.0 0.0 3.0 0.0
516.0345171110521 0.0 0.0 0.0 1.0 0.0 0.0 3.0 0.0
517.018031212506 0.0 0.0 0.0 1.0 0.0 0.0 3.0 0.0
518.01142492121 0.0 0.0 0.0 1.0 0.0 0.0 3.0 0.0
519.0120955360532 0.0 0.0 0.0 1.0 0.0 0.0 3.0 0.0
520.0054368775291 0.0 0.0 0.0 1.0 0.0 0.0 3.0 0.0
521.0158184870592 0.0 0.0 0.0 1.0 0.0 0.0 3.0 0.0
522.0084720882904 0.0 0.0 0.0 1.0 0.0 0.0 3.0 0.0
523.0201815728125 0.0 0.0 0.0 1.0 0.0 0.0 3.0 0.0
524.0345171110521 0.0 0.0 0.0 1.0 0.0 0.0 3.0 0.0
525.0201343796392 0.0 0.0 0.0 1.0 0.0 0.0 3.0 0.0
526.0345171110521 0.0 0.0 0.0 1.0 0.0 0.0 3.0 0.0
527.0103240018044 0.0 0.0 0.0 1.0 0.0 0.0 3.0 0.0
528.030850066018 0.0 0.0 0.0 1.0 0.0 0.0 3.0 0.0
529.0016338884783 0.0 0.0 0.0 1.0 0.0 0.0 3.0 0.0
530.0108301418451 0.0 0.0 0.0 1.0 0.0 0.0 3.0 0.0
531.0174443410036 0.0 0.0 0.0 1.0 0.0 0.0 3.0 0.0
532.0024045806897 0.0 0.0 0.0 1.0 0.0 0.0 3.0 0.0
533.0229972633771 0.0 0.0 0.0 1.0 0.0 0.0 3.0 0.0
534.0344684254959 0.0 0.0 0.0 1.0 0.0 0.0 3.0 0.0
535.010920130454 0.0 0.0 0.0 1.0 0.0 0.0 3.0 0.0
536.0290617202368 0.0 0.0 0.0 1.0 0.0 0.0 3.0 0.0
537.0100112920283 0.0 0.0 0.0 1.0 0.0 0.0 3.0 0.0
538.0148181272626 0.0 0.0 0.0 1.0 0.0 0.0 3.0 0.0
539.0345171110521 0.0 0.0 0.0 1.0 0.0 0.0 3.0 0.0
540.0115528972586 0.0 0.0 0.0 1.0 0.0 0.0 3.0 0.0
541.0325373111028 0.0 0.0 0.0 1.0 0.0 0.0 3.0 0.0
542.01069364487 0.0 0.0 0.0 1.0 0.0 0.0 3.0 0.0
543.0345171110521 0.0 0.0 0.0 1.0 0.0 0.0 3.0 0.0
544.0345171110521 0.0 0.0 0.0 1.0 0.0 0.0 3.0 0.0
545.0113161664241 0.0 0.0 0.0 1.0 0.0 0.0 3.0 0.0
546.0345171110521 0.0 0.0 0.0 1.0 0.0 0.0 3.0 0.0
547.0159755088918 0.0 0.0 0.0 1.0 0.0 0.0 3.0 0.0
548.010224687459 0.0 0.0 0.0 1.0 0.0 0.0 3.0 0.0
549.0345171110521 0.0 0.0 0.0 1.0 0.0 0.0 3.0 0.0
550.033917565644 0.0 0.0 0.0 1.0 0.0 0.0 3.0 0.0
551.0035486163148 0.0 0.0 0.0 1.0 0.0 0.0 3.0 0.0
552.011968479332 0.0 0.0 0.0 1.0 0.0 0.0 3.0 0.0
553.0109850856412 0.0 0.0 0.0 1.0 0.0 0.0 3.0 0.0
554.0229439715538 0.0 0.0 0.0 1.0 0.0 0.0 3.0 0.0
555.0041171367412 0.0 0.0 0.0 1.0 0.0 0.0 3.0 0.0
556.0327225447477 0.0 0.0 0.0 1.0 0.0 0.0 3.0 0.0
557.0115048601061 0.0 0.0 0.0 1.0 0.0 0.0 3.0 0.0
558.0345171110521 0.0 0.0 0.0 1.0 0.0 0.0 3.0 0.0
559.0232775364739 0.0 0.0 0.0 1.0 0.0 0.0 3.0 0.0
560.0008862302651 0.0 0.0 0.0 1.0 0.0 0.0 3.0 0.0
561.015847040138 0.0 0.0 0.0 1.0 0.0 0.0 3.0 0.0
562.0057579052807 0.0 0.0 0.0 1.0 0.0 0.0 3.0 0.0
563.0132037980977 0.0 0.0 0.0 1.0 0.0 0.0 3.0 0.0
564.0122301912993 0.0 0.0 0.0 1.0 0.0 0.0 3.0 0.0
565.0240978307377 0.0 0.0 0.0 1.0 0.0 0.0 3.0 0.0
566.0345171110521 0.0 0.0 0.0 1.0 0.0 0.0 3.0 0.0
567.0046405712542 0.0 0.0 0.0 1.0 0.0 0.0 3.0 0.0
568.0345171110521 0.0 0.0 0.0 1.0 0.0 0.0 3.0 0.0
569.0345171110521 0.0 0.0 0.0 1.0 0.0 0.0 3.0 0.0
570.0135182730771 0.0 0.0 0.0 1.0 0.0 0.0 3.0 0.0
571.0327679591932 0.0 0.0 0.0 1.0 0.0 0.0 3.0 0.0
572.0095611837287 0.0 0.0 0.0 1.0 0.0 0.0 3.0 0.0
573.0345171110521 0.0 0.0 0.0 1.0 0.0 0.0 3.0 0.0
574.0204346840496 0.0 0.0 0.0 1.0 0.0 0.0 3.0 0.0
575.017373275266 0.0 0.0 0.0 1.0 0.0 0.0 3.0 0.0
576.0345171110521 0.0 0.0 0.0 1.0 0.0 0.0 3.0 0.0
577.0345171110521 0.0 0.0 0.0 1.0 0.0 0.0 3.0 0.0
578.0160244705189 0.0 0.0 0.0 1.0 0.0 0.0 3.0 0.0
579.0164254530483 0.0 0.0 0.0 1.0 0.0 0.0 3.0 0.0
580.000348118449 0.0 0.0 0.0 1.0 0.0 0.0 3.0 0.0
581.0345171110521 0.0 0.0 0.0 1.0 0.0 0.0 3.0 0.0
582.0042358902771 0.0 0.0 0.0 1.0 0.0 0.0 3.0 0.0
583.0045162083081 0.0 0.0 0.0 1.0 0.0 0.0 3.0 0.0
584.0345171110521 0.0 0.0 0.0 1.0 0.0 0.0 3.0 0.0
585.0337132002383 0.0 0.0 0.0 1.0 0.0 0.0 3.0 0.0
586.0043928781399 0.0 0.0 0.0 1.0 0.0 0.0 3.0 0.0
587.0016031666556 0.0 0.0 0.0 1.0 0.0 0.0 3.0 0.0
588.0122591987681 0.0 0.0 0.0 1.0 0.0 0.0 3.0 0.0
589.0033199185887 0.0 0.0 0.0 1.0 0.0 0.0 3.0 0.0
590.0318273978152 0.0 0.0 0.0 1.0 0.0 0.0 3.0 0.0
591.0240138493442 0.0 0.0 0.0 1.0 0.0 0.0 3.0 0.0
592.004315860529 0.0 0.0 0.0 1.0 0.0 0.0 3.0 0.0
593.0083875067672 0.0 0.0 0.0 1.0 0.0 0.0 3.0 0.0
594.0264191611461 0.0 0.0 0.0 1.0 0.0 0.0 3.0 0.0
595.021208036004 0.0 0.0 0.0 1.0 0.0 0.0 3.0 0.0
596.0345171110521 0.0 0.0 0.0 1.0 0.0 0.0 3.0 0.0
597.0200391521769 0.0 0.0 0.0 1.0 0.0 0.0 3.0 0.0
598.0188234995796 0.0 0.0 0.0 1.0 0.0 0.0 3.0 0.0
599.0091504014036 0.0 0.0 0.0 1.0 0.0 0.0 3.0 0.0
600.0226827770063 0.0 0.0 0.0 1.0 0.0 0.0 3.0 0.0
601.0210551016235 0.0 0.0 0.0 1.0 0.0 0.0 3.0 0.0
602.0345171110521 0.0 0.0 0.0 1.0 0.0 0.0 3.0 0.0
603.0345171110521 0.0 0.0 0.0 1.0 0.0 0.0 3.0 0.0
604.0318220568856 0.0 0.0 0.0 1.0 0.0 0.0 3.0 0.0
605.0148981932817 0.0 0.0 0.0 1.0 0.0 0.0 3.0 0.0
606.0345171110521 0.0 0.0 0.0 1.0 0.0 0.0 3.0 0.0
607.0345171110521 0.0 0.0 0.0 1.0 0.0 0.0 3.0 0.0
608.0097324326041 0.0 0.0 0.0 1.0 0.0 0.0 3.0 0.0
609.0345171110521 0.0 0.0 0.0 1.0 0.0 0.0 3.0 0.0
610.0345171110521 0.0 0.0 0.0 1.0 0.0 0.0 3.0 0.0
611.0008562559306 0.0 0.0 0.0 1.0 0.0 0.0 3.0 0.0
612.0345171110521 0.0 0.0 0.0 1.0 0.0 0.0 3.0 0.0
613.0302313029631 0.0 0.0 0.0 1.0 0.0 0.0 3.0 0.0
614.0345171110521 0.0 0.0 0.0 1.0 0.0 0.0 3.0 0.0
615.0223389307083 0.0 0.0 0.0 1.0 0.0 0.0 3.0 0.0
616.0216481865007 0.0 0.0 0.0 1.0 0.0 0.0 3.0 0.0
617.0345171110521 0.0 0.0 0.0 1.0 0.0 0.0 3.0 0.0
618.0345171110521 0.0 0.0 0.0 1.0 0.0 0.0 3.0 0.0
619.0345171110521 0.0 0.0 0.0 1.0 0.0 0.0 3.0 0.0
620.008601349845 0.0 0.0 0.0 1.0 0.0 0.0 3.0 0.0
621.0210159088671 0.0 0.0 0.0 1.0 0.0 0.0 3.0 0.0
622.0084969912748 0.0 0.0 0.0 1.0 0.0 0.0 3.0 0.0
623.0068110463666 0.0 0.0 0.0 1.0 0.0 0.0 3.0 0.0
624.0280106806265 0.0 0.0 0.0 1.0 0.0 0.0 3.0 0.0
625.0345171110521 0.0 0.0 0.0 1.0 0.0 0.0 3.0 0.0
626.0345171110521 0.0 0.0 0.0 1.0 0.0 0.0 3.0 0.0
627.0117456583794 0.0 0.0 0.0 1.0 0.0 0.0 3.0 0.0
628.0345171110521 0.0 0.0 0.0 1.0 0.0 0.0 3.0 0.0
629.0345171110521 0.0 0.0 0.0 1.0 0.0 0.0 3.0 0.0
630.0049971611691 0.0 0.0 0.0 1.0 0.0 0.0 3.0 0.0
631.0345171110521 0.0 0.0 0.0 1.0 0.0 0.0 3.0 0.0
632.0079569726295 0.0 0.0 0.0 1.0 0.0 0.0 3.0 0.0
633.0012757483927 0.0 0.0 0.0 1.0 0.0 0.0 3.0 0.0
634.0001157936084 0.0 0.0 0.0 1.0 0.0 0.0 3.0 0.0
635.0345171110521 0.0 0.0 0.0 1.0 0.0 0.0 3.0 0.0
636.0054873483472 0.0 0.0 0.0 1.0 0.0 0.0 3.0 0.0
637.0232045467937 0.0 0.0 0.0 1.0 0.0 0.0 3.0 0.0
638.0344529884875 0.0 0.0 0.0 1.0 0.0 0.0 3.0 0.0
639.0341716303805 0.0 0.0 0.0 1.0 0.0 0.0 3.0 0.0
640.0043625368031 0.0 0.0 0.0 1.0 0.0 0.0 3.0 0.0
641.0040614975452 0.0 0.0 0.0 1.0 0.0 0.0 3.0 0.0
642.0020054690877 0.0 0.0 0.0 1.0 0.0 0.0 3.0 0.0
643.0345171110521 0.0 0.0 0.0 1.0 0.0 0.0 3.0 0.0
644.011253678652 0.0 0.0 0.0 1.0 0.0 0.0 3.0 0.0
645.0267751320125 0.0 0.0 0.0 1.0 0.0 0.0 3.0 0.0
646.0020921742191 0.0 0.0 0.0 1.0 0.0 0.0 3.0 0.0
647.0055005045976 0.0 0.0 0.0 1.0 0.0 0.0 3.0 0.0
648.0174959030704 0.0 0.0 0.0 1.0 0.0 0.0 3.0 0.0
649.0261356286478 0.0 0.0 0.0 1.0 0.0 0.0 3.0 0.0
650.0116447776423 0.0 0.0 0.0 1.0 0.0 0.0 3.0 0.0
651.0345171110521 0.0 0.0 0.0 1.0 0.0 0.0 3.0 0.0
652.0111649019798 0.0 0.0 0.0 1.0 0.0 0.0 3.0 0.0
653.0122846835136 0.0 0.0 0.0 1.0 0.0 0.0 3.0 0.0
654.0107956454516 0.0 0.0 0.0 1.0 0.0 0.0 3.0 0.0
655.0345171110521 0.0 0.0 0.0 1.0 0.0 0.0 3.0 0.0
656.0083030650374 0.0 0.0 0.0 1.0 0.0 0.0 3.0 0.0
657.0134203817439 0.0 0.0 0.0 1.0 0.0 0.0 3.0 0.0
658.0345171110521 0.0 0.0 0.0 1.0 0.0 0.0 3.0 0.0
659.0345171110521 0.0 0.0 0.0 1.0 0.0 0.0 3.0 0.0
660.0345171110521 0.0 0.0 0.0 1.0 0.0 0.0 3.0 0.0
661.0345171110521 0.0 0.0 0.0 1.0 0.0 0.0 3.0 0.0
662.0345171110521 0.0 0.0 0.0 1.0 0.0 0.0 3.0 0.0
663.0345171110521 0.0 0.0 0.0 1.0 0.0 0.0 3.0 0.0
664.0253261022908 0.0 0.0 0.0 1.0 0.0 0.0 3.0 0.0
665.0011142836474 0.0 0.0 0.0 1.0 0.0 0.0 3.0 0.0
666.0109415337885 0.0 0.0 0.0 1.0 0.0 0.0 3.0 0.0
667.0345171110521 0.0 0.0 0.0 1.0 0.0 0.0 3.0 0.0
668.0345171110521 0.0 0.0 0.0 1.0 0.0 0.0 3.0 0.0
669.006179490648 0.0 0.0 0.0 1.0 0.0 0.0 3.0 0.0
670.0008312579785 0.0 0.0 0.0 1.0 0.0 0.0 3.0 0.0
671.0277303892656 0.0 0.0 0.0 1.0 0.0 0.0 3.0 0.0
672.0065236517819 0.0 0.0 0.0 1.0 0.0 0.0 3.0 0.0
673.0010650460699 0.0 0.0 0.0 1.0 0.0 0.0 3.0 0.0
674.0345171110521 0.0 0.0 0.0 1.0 0.0 0.0 3.0 0.0
675.0003090795549 0.0 0.0 0.0 1.0 0.0 0.0 3.0 0.0
676.0345171110521 0.0 0.0 0.0 1.0 0.0 0.0 3.0 0.0
677.026761361898 0.0 0.0 0.0 1.0 0.0 0.0 3.0 0.0
678.0157683046567 0.0 0.0 0.0 1.0 0.0 0.0 3.0 0.0
679.0345171110521 0.0 0.0 0.0 1.0 0.0 0.0 3.0 0.0
680.0000075989466 0.0 0.0 0.0 1.0 0.0 0.0 3.0 0.0
681.0147374298234 0.0 0.0 0.0 1.0 0.0 0.0 3.0 0.0
682.0345171110521 0.0 0.0 0.0 1.0 0.0 0.0 3.0 0.0
683.0345171110521 0.0 0.0 0.0 1.0 0.0 0.0 3.0 0.0
684.0345171110521 0.0 0.0 0.0 1.0 0.0 0.0 3.0 0.0
685.0345171110521 0.0 0.0 0.0 1.0 0.0 0.0 3.0 0.0
686.0207961144106 0.0 0.0 0.0 1.0 0.0 0.0 3.0 0.0
687.0130383529518 0.0 0.0 0.0 1.0 0.0 0.0 3.0 0.0
688.000933710802 0.0 0.0 0.0 1.0 0.0 0.0 3.0 0.0
689.0106052480699 0.0 0.0 0.0 1.0 0.0 0.0 3.0 0.0
690.0036085059902 0.0 0.0 0.0 1.0 0.0 0.0 3.0 0.0
691.0291232774662 0.0 0.0 0.0 1.0 0.0 0.0 3.0 0.0
692.0345171110521 0.0 0.0 0.0 1.0 0.0 0.0 3.0 0.0
693.0212083281826 0.0 0.0 0.0 1.0 0.0 0.0 3.0 0.0
694.0345171110521 0.0 0.0 0.0 1.0 0.0 0.0 3.0 0.0
695.0076772700248 0.0 0.0 0.0 1.0 0.0 0.0 3.0 0.0
696.0111475581043 0.0 0.0 0.0 1.0 0.0 0.0 3.0 0.0
697.0345171110521 0.0 0.0 0.0 1.0 0.0 0.0 3.0 0.0
698.0345171110521 0.0 0.0 0.0 1.0 0.0 0.0 3.0 0.0
699.0085676500435 0.0 0.0 0.0 1.0 0.0 0.0 3.0 0.0
700.0126542556153 0.0 0.0 0.0 1.0 0.0 0.0 3.0 0.0
701.0190163154078 0.0 0.0 0.0 1.0 0.0 0.0 3.0 0.0
702.0345171110521 0.0 0.0 0.0 1.0 0.0 0.0 3.0 0.0
703.0073693740447 0.0 0.0 0.0 1.0 0.0 0.0 3.0 0.0
704.006802500103 0.0 0.0 0.0 1.0 0.0 0.0 3.0 0.0
705.0133714979388 0.0 0.0 0.0 1.0 0.0 0.0 3.0 0.0
706.0044963019836 0.0 0.0 0.0 1.0 0.0 0.0 3.0 0.0
707.0345171110521 0.0 0.0 0.0 1.0 0.0 0.0 3.0 0.0
708.0078587815946 0.0 0.0 0.0 1.0 0.0 0.0 3.0 0.0
709.0043598880235 0.0 0.0 0.0 1.0 0.0 0.0 3.0 0.0
710.0345171110521 0.0 0.0 0.0 1.0 0.0 0.0 3.0 0.0
711.0019014160791 0.0 0.0 0.0 1.0 0.0 0.0 3.0 0.0
712.0004943675144 0.0 0.0 0.0 1.0 0.0 0.0 3.0 0.0
713.0153867195352 0.0 0.0 0.0 1.0 0.0 0.0 3.0 0.0
714.0258634648249 0.0 0.0 0.0 1.0 0.0 0.0 3.0 0.0
715.0033752374259 0.0 0.0 0.0 1.0 0.0 0.0 3.0 0.0
716.0224509966597 0.0 0.0 0.0 1.0 0.0 0.0 3.0 0.0
717.0345171110521 0.0 0.0 0.0 1.0 0.0 0.0 3.0 0.0
718.0321591864024 0.0 0.0 0.0 1.0 0.0 0.0 3.0 0.0
719.0345171110521 0.0 0.0 0.0 1.0 0.0 0.0 3.0 0.0
720.0169377339494 0.0 0.0 0.0 1.0 0.0 0.0 3.0 0.0
721.0129532757652 0.0 0.0 0.0 1.0 0.0 0.0 3.0 0.0
722.0152489799257 0.0 0.0 0.0 1.0 0.0 0.0 3.0 0.0
723.0345171110521 0.0 0.0 0.0 1.0 0.0 0.0 3.0 0.0
724.0345171110521 0.0 0.0 0.0 1.0 0.0 0.0 3.0 0.0
725.0345171110521 0.0 0.0 0.0 1.0 0.0 0.0 3.0 0.0
726.0120479828179 0.0 0.0 0.0 1.0 0.0 0.0 3.0 0.0
727.0345171110521 0.0 0.0 0.0 1.0 0.0 0.0 3.0 0.0
728.0197083502794 0.0 0.0 0.0 1.0 0.0 0.0 3.0 0.0
729.0024169613432 0.0 0.0 0.0 1.0 0.0 0.0 3.0 0.0
730.0006004563195 0.0 0.0 0.0 1.0 0.0 0.0 3.0 0.0
731.0058481441243 0.0 0.0 0.0 1.0 0.0 0.0 3.0 0.0
732.0345171110521 0.0 0.0 0.0 1.0 0.0 0.0 3.0 0.0
733.0107881869432 0.0 0.0 0.0 1.0 0.0 0.0 3.0 0.0
734.0345171110521 0.0 0.0 0.0 1.0 0.0 0.0 3.0 0.0
735.0260403896264 0.0 0.0 0.0 1.0 0.0 0.0 3.0 0.0
736.0030268146227 0.0 0.0 0.0 1.0 0.0 0.0 3.0 0.0
737.0345171110521 0.0 0.0 0.0 1.0 0.0 0.0 3.0 0.0
738.0012583579521 0.0 0.0 0.0 1.0 0.0 0.0 3.0 0.0
739.008774768946 0.0 0.0 0.0 1.0 0.0 0.0 3.0 0.0
740.0345171110521 0.0 0.0 0.0 1.0 0.0 0.0 3.0 0.0
741.0008322712577 0.0 0.0 0.0 1.0 0.0 0.0 3.0 0.0
742.0331489640793 0.0 0.0 0.0 1.0 0.0 0.0 3.0 0.0
743.0345171110521 0.0 0.0 0.0 1.0 0.0 0.0 3.0 0.0
744.0345171110521 0.0 0.0 0.0 1.0 0.0 0.0 3.0 0.0
745.0345171110521 0.0 0.0 0.0 1.0 0.0 0.0 3.0 0.0
746.0345171110521 0.0 0.0 0.0 1.0 0.0 0.0 3.0 0.0
747.011392726796 0.0 0.0 0.0 1.0 0.0 0.0 3.0 0.0
748.0016750808235 0.0 0.0 0.0 1.0 0.0 0.0 3.0 0.0
749.0345171110521 0.0 0.0 0.0 1.0 0.0 0.0 3.0 0.0
750.0282649514796 0.0 0.0 0.0 1.0 0.0 0.0 3.0 0.0
751.0083346530496 0.0 0.0 0.0 1.0 0.0 0.0 3.0 0.0
752.0345171110521 0.0 0.0 0.0 1.0 0.0 0.0 3.0 0.0
753.0132615560699 0.0 0.0 0.0 1.0 0.0 0.0 3.0 0.0
754.0073404469267 0.0 0.0 0.0 1.0 0.0 0.0 3.0 0.0
755.0345171110521 0.0 0.0 0.0 1.0 0.0 0.0 3.0 0.0
756.0001540844949 0.0 0.0 0.0 1.0 0.0 0.0 3.0 0.0
757.0345171110521 0.0 0.0 0.0 1.0 0.0 0.0 3.0 0.0
758.0345171110521 0.0 0.0 0.0 1.0 0.0 0.0 3.0 0.0
759.0345171110521 0.0 0.0 0.0 1.0 0.0 0.0 3.0 0.0
760.0048342232521 0.0 0.0 0.0 1.0 0.0 0.0 3.0 0.0
761.0173378153925 0.0 0.0 0.0 1.0 0.0 0.0 3.0 0.0
762.0345171110521 0.0 0.0 0.0 1.0 0.0 0.0 3.0 0.0
763.0013540731705 0.0 0.0 0.0 1.0 0.0 0.0 3.0 0.0
764.0345171110521 0.0 0.0 0.0 1.0 0.0 0.0 3.0 0.0
765.0028589157722 0.0 0.0 0.0 1.0 0.0 0.0 3.0 0.0
766.0345171110521 0.0 0.0 0.0 1.0 0.0 0.0 3.0 0.0
767.0135811752536 0.0 0.0 0.0 1.0 0.0 0.0 3.0 0.0
768.0193373186322 0.0 0.0 0.0 1.0 0.0 0.0 3.0 0.0
769.0345171110521 0.0 0.0 0.0 1.0 0.0 0.0 3.0 0.0
770.023493630812 0.0 0.0 0.0 1.0 0.0 0.0 3.0 0.0
771.0345171110521 0.0 0.0 0.0 1.0 0.0 0.0 3.0 0.0
772.0005687245165 0.0 0.0 0.0 1.0 0.0 0.0 3.0 0.0
773.0277803467964 0.0 0.0 0.0 1.0 0.0 0.0 3.0 0.0
774.0133284215269 0.0 0.0 0.0 1.0 0.0 0.0 3.0 0.0
775.0253419623184 0.0 0.0 0.0 1.0 0.0 0.0 3.0 0.0
776.0157999930901 0.0 0.0 0.0 1.0 0.0 0.0 3.0 0.0
777.0299417458448 0.0 0.0 0.0 1.0 0.0 0.0 3.0 0.0
778.0051538826381 0.0 0.0 0.0 1.0 0.0 0.0 3.0 0.0
779.0343873066399 0.0 0.0 0.0 1.0 0.0 0.0 3.0 0.0
780.0345171110521 0.0 0.0 0.0 1.0 0.0 0.0 3.0 0.0
781.0016297029078 0.0 0.0 0.0 1.0 0.0 0.0 3.0 0.0
782.0065257563601 0.0 0.0 0.0 1.0 0.0 0.0 3.0 0.0
783.0157866417738 0.0 0.0 0.0 1.0 0.0 0.0 3.0 0.0
784.0006649298408 0.0 0.0 0.0 1.0 0.0 0.0 3.0 0.0
785.0318871943291 0.0 0.0 0.0 1.0 0.0 0.0 3.0 0.0
786.0089575814453 0.0 0.0 0.0 1.0 0.0 0.0 3.0 0.0
787.0023435186866 0.0 0.0 0.0 1.0 0.0 0.0 3.0 0.0
788.0345171110521 0.0 0.0 0.0 1.0 0.0 0.0 3.0 0.0
789.0269024204524 0.0 0.0 0.0 1.0 0.0 0.0 3.0 0.0
790.0260502982353 0.0 0.0 0.0 1.0 0.0 0.0 3.0 0.0
791.0061993513349 0.0 0.0 0.0 1.0 0.0 0.0 3.0 0.0
792.0307854019508 0.0 0.0 0.0 1.0 0.0 0.0 3.0 0.0
793.0158701195465 0.0 0.0 0.0 1.0 0.0 0.0 3.0 0.0
794.0009185709692 0.0 0.0 0.0 1.0 0.0 0.0 3.0 0.0
795.0345171110521 0.0 0.0 0.0 1.0 0.0 0.0 3.0 0.0
796.0311590725347 0.0 0.0 0.0 1.0 0.0 0.0 3.0 0.0
797.0022033579689 0.0 0.0 0.0 1.0 0.0 0.0 3.0 0.0
798.0102048509873 0.0 0.0 0.0 1.0 0.0 0.0 3.0 0.0
799.0066574047182 0.0 0.0 0.0 1.0 0.0 0.0 3.0 0.0
800.0345171110521 0.0 0.0 0.0 1.0 0.0 0.0 3.0 0.0
801.0184625254786 0.0 0.0 0.0 1.0 0.0 0.0 3.0 0.0
802.0155091678546 0.0 0.0 0.0 1.0 0.0 0.0 3.0 0.0
803.0036701097036 0.0 0.0 0.0 1.0 0.0 0.0 3.0 0.0
804.0248921349913 0.0 0.0 0.0 1.0 0.0 0.0 3.0 0.0
805.0141819601208 0.0 0.0 0.0 1.0 0.0 0.0 3.0 0.0
806.0304306156081 0.0 0.0 0.0 1.0 0.0 0.0 3.0 0.0
807.0161574147752 0.0 0.0 0.0 1.0 0.0 0.0 3.0 0.0
808.0345171110521 0.0 0.0 0.0 1.0 0.0 0.0 3.0 0.0
809.0111247372332 0.0 0.0 0.0 1.0 0.0 0.0 3.0 0.0
810.0037215022353 0.0 0.0 0.0 1.0 0.0 0.0 3.0 0.0
811.0255293372119 0.0 0.0 0.0 1.0 0.0 0.0 3.0 0.0
812.0312247180353 0.0 0.0 0.0 1.0 0.0 0.0 3.0 0.0
813.0137676134235 0.0 0.0 0.0 1.0 0.0 0.0 3.0 0.0
814.0328851048184 0.0 0.0 0.0 1.0 0.0 0.0 3.0 0.0
815.0345171110521 0.0 0.0 0.0 1.0 0.0 0.0 3.0 0.0
816.0122696524127 0.0 0.0 0.0 1.0 0.0 0.0 3.0 0.0
817.0345171110521 0.0 0.0 0.0 1.0 0.0 0.0 3.0 0.0
818.0233539608855 0.0 0.0 0.0 1.0 0.0 0.0 3.0 0.0
819.0175026618768 0.0 0.0 0.0 1.0 0.0 0.0 3.0 0.0
820.0155748139714 0.0 0.0 0.0 1.0 0.0 0.0 3.0 0.0
821.0009723424133 0.0 0.0 0.0 1.0 0.0 0.0 3.0 0.0
822.0345171110521 0.0 0.0 0.0 1.0 0.0 0.0 3.0 0.0
823.0328373789724 0.0 0.0 0.0 1.0 0.0 0.0 3.0 0.0
824.0188638119315 0.0 0.0 0.0 1.0 0.0 0.0 3.0 0.0
825.0334164039408 0.0 0.0 0.0 1.0 0.0 0.0 3.0 0.0
826.0220198660584 0.0 0.0 0.0 1.0 0.0 0.0 3.0 0.0
827.0345171110521 0.0 0.0 0.0 1.0 0.0 0.0 3.0 0.0
828.0223119771545 0.0 0.0 0.0 1.0 0.0 0.0 3.0 0.0
829.0210387489727 0.0 0.0 0.0 1.0 0.0 0.0 3.0 0.0
830.0249418986399 0.0 0.0 0.0 1.0 0.0 0.0 3.0 0.0
831.0121094672737 0.0 0.0 0.0 1.0 0.0 0.0 3.0 0.0
832.0345171110521 0.0 0.0 0.0 1.0 0.0 0.0 3.0 0.0
833.0011393075183 0.0 0.0 0.0 1.0 0.0 0.0 3.0 0.0
834.0222679236214 0.0 0.0 0.0 1.0 0.0 0.0 3.0 0.0
835.0134041242607 0.0 0.0 0.0 1.0 0.0 0.0 3.0 0.0
836.0125048408423 0.0 0.0 0.0 1.0 0.0 0.0 3.0 0.0
837.0110785286462 0.0 0.0 0.0 1.0 0.0 0.0 3.0 0.0
838.0009462065282 0.0 0.0 0.0 1.0 0.0 0.0 3.0 0.0
839.0181316642612 0.0 0.0 0.0 1.0 0.0 0.0 3.0 0.0
840.0345171110521 0.0 0.0 0.0 1.0 0.0 0.0 3.0 0.0
841.0051917909284 0.0 0.0 0.0 1.0 0.0 0.0 3.0 0.0
842.0345171110521 0.0 0.0 0.0 1.0 0.0 0.0 3.0 0.0
843.0186896382498 0.0 0.0 0.0 1.0 0.0 0.0 3.0 0.0
844.0345171110521 0.0 0.0 0.0 1.0 0.0 0.0 3.0 0.0
845.0345171110521 0.0 0.0 0.0 1.0 0.0 0.0 3.0 0.0
846.0345171110521 0.0 0.0 0.0 1.0 0.0 0.0 3.0 0.0
847.014537512007 0.0 0.0 0.0 1.0 0.0 0.0 3.0 0.0
848.005188732204 0.0 0.0 0.0 1.0 0.0 0.0 3.0 0.0
849.0345171110521 0.0 0.0 0.0 1.0 0.0 0.0 3.0 0.0
850.0033764948217 0.0 0.0 0.0 1.0 0.0 0.0 3.0 0.0
851.0081281077295 0.0 0.0 0.0 1.0 0.0 0.0 3.0 0.0
852.0246566478319 0.0 0.0 0.0 1.0 0.0 0.0 3.0 0.0
853.0092223472036 0.0 0.0 0.0 1.0 0.0 0.0 3.0 0.0
854.0109365241291 0.0 0.0 0.0 1.0 0.0 0.0 3.0 0.0
855.0162989198162 0.0 0.0 0.0 1.0 0.0 0.0 3.0 0.0
856.0031073765063 0.0 0.0 0.0 1.0 0.0 0.0 3.0 0.0
857.0239507639445 0.0 0.0 0.0 1.0 0.0 0.0 3.0 0.0
858.0085833872681 0.0 0.0 0.0 1.0 0.0 0.0 3.0 0.0
859.016091921249 0.0 0.0 0.0 1.0 0.0 0.0 3.0 0.0
860.0069276514464 0.0 0.0 0.0 1.0 0.0 0.0 3.0 0.0
861.0200550449784 0.0 0.0 0.0 1.0 0.0 0.0 3.0 0.0
862.0140955397001 0.0 0.0 0.0 1.0 0.0 0.0 3.0 0.0
863.0197934574932 0.0 0.0 0.0 1.0 0.0 0.0 3.0 0.0
864.0241499795098 0.0 0.0 0.0 1.0 0.0 0.0 3.0 0.0
865.0345171110521 0.0 0.0 0.0 1.0 0.0 0.0 3.0 0.0
866.0345171110521 0.0 0.0 0.0 1.0 0.0 0.0 3.0 0.0
867.0112664825899 0.0 0.0 0.0 1.0 0.0 0.0 3.0 0.0
868.0135668293345 0.0 0.0 0.0 1.0 0.0 0.0 3.0 0.0
869.0094183537551 0.0 0.0 0.0 1.0 0.0 0.0 3.0 0.0
870.0345171110521 0.0 0.0 0.0 1.0 0.0 0.0 3.0 0.0
871.0036481749484 0.0 0.0 0.0 1.0 0.0 0.0 3.0 0.0
872.0345171110521 0.0 0.0 0.0 1.0 0.0 0.0 3.0 0.0
873.0323723879987 0.0 0.0 0.0 1.0 0.0 0.0 3.0 0.0
874.0290128762217 0.0 0.0 0.0 1.0 0.0 0.0 3.0 0.0
875.0114640374212 0.0 0.0 0.0 1.0 0.0 0.0 3.0 0.0
876.0024496311688 0.0 0.0 0.0 1.0 0.0 0.0 3.0 0.0
877.0044266760802 0.0 0.0 0.0 1.0 0.0 0.0 3.0 0.0
878.0175331686439 0.0 0.0 0.0 1.0 0.0 0.0 3.0 0.0
879.0055960355475 0.0 0.0 0.0 1.0 0.0 0.0 3.0 0.0
880.0152276890037 0.0 0.0 0.0 1.0 0.0 0.0 3.0 0.0
881.0345171110521 0.0 0.0 0.0 1.0 0.0 0.0 3.0 0.0
882.0130965042295 0.0 0.0 0.0 1.0 0.0 0.0 3.0 0.0
883.0279425990865 0.0 0.0 0.0 1.0 0.0 0.0 3.0 0.0
884.0345171110521 0.0 0.0 0.0 1.0 0.0 0.0 3.0 0.0
885.0339644040463 0.0 0.0 0.0 1.0 0.0 0.0 3.0 0.0
886.0345171110521 0.0 0.0 0.0 1.0 0.0 0.0 3.0 0.0
887.0345171110521 0.0 0.0 0.0 1.0 0.0 0.0 3.0 0.0
888.0345171110521 0.0 0.0 0.0 1.0 0.0 0.0 3.0 0.0
889.0245094334246 0.0 0.0 0.0 1.0 0.0 0.0 3.0 0.0
890.0163234428485 0.0 0.0 0.0 1.0 0.0 0.0 3.0 0.0
891.0106467826027 0.0 0.0 0.0 1.0 0.0 0.0 3.0 0.0
892.0108403441075 0.0 0.0 0.0 1.0 0.0 0.0 3.0 0.0
893.0053471207032 0.0 0.0 0.0 1.0 0.0 0.0 3.0 0.0
894.013618841412 0.0 0.0 0.0 1.0 0.0 0.0 3.0 0.0
895.0345171110521 0.0 0.0 0.0 1.0 0.0 0.0 3.0 0.0
896.0345171110521 0.0 0.0 0.0 1.0 0.0 0.0 3.0 0.0
897.0118581653925 0.0 0.0 0.0 1.0 0.0 0.0 3.0 0.0
898.0278050383764 0.0 0.0 0.0 1.0 0.0 0.0 3.0 0.0
899.0066481456566 0.0 0.0 0.0 1.0 0.0 0.0 3.0 0.0
900.0295447081985 0.0 0.0 0.0 1.0 0.0 0.0 3.0 0.0
901.0235316259734 0.0 0.0 0.0 1.0 0.0 0.0 3.0 0.0
902.0345171110521 0.0 0.0 0.0 1.0 0.0 0.0 3.0 0.0
903.0345171110521 0.0 0.0 0.0 1.0 0.0 0.0 3.0 0.0
904.0345171110521 0.0 0.0 0.0 1.0 0.0 0.0 3.0 0.0
905.0022432104382 0.0 0.0 0.0 1.0 0.0 0.0 3.0 0.0
906.0126852464931 0.0 0.0 0.0 1.0 0.0 0.0 3.0 0.0
907.0090696129472 0.0 0.0 0.0 1.0 0.0 0.0 3.0 0.0
908.0345171110521 0.0 0.0 0.0 1.0 0.0 0.0 3.0 0.0
909.0345171110521 0.0 0.0 0.0 1.0 0.0 0.0 3.0 0.0
910.0208196190637 0.0 0.0 0.0 1.0 0.0 0.0 3.0 0.0
911.0267835872011 0.0 0.0 0.0 1.0 0.0 0.0 3.0 0.0
912.0106590026953 0.0 0.0 0.0 1.0 0.0 0.0 3.0 0.0
913.0313337707798 0.0 0.0 0.0 1.0 0.0 0.0 3.0 0.0
914.0306654442485 0.0 0.0 0.0 1.0 0.0 0.0 3.0 0.0
915.0222464804177 0.0 0.0 0.0 1.0 0.0 0.0 3.0 0.0
916.0049795650257 0.0 0.0 0.0 1.0 0.0 0.0 3.0 0.0
917.0083320320742 0.0 0.0 0.0 1.0 0.0 0.0 3.0 0.0
918.0007949187086 0.0 0.0 0.0 1.0 0.0 0.0 3.0 0.0
919.0121438851145 0.0 0.0 0.0 1.0 0.0 0.0 3.0 0.0
920.0211922606447 0.0 0.0 0.0 1.0 0.0 0.0 3.0 0.0
921.0275126429523 0.0 0.0 0.0 1.0 0.0 0.0 3.0 0.0
922.0345171110521 0.0 0.0 0.0 1.0 0.0 0.0 3.0 0.0
923.0138078594833 0.0 0.0 0.0 1.0 0.0 0.0 3.0 0.0
924.0221610561443 0.0 0.0 0.0 1.0 0.0 0.0 3.0 0.0
925.0345171110521 0.0 0.0 0.0 1.0 0.0 0.0 3.0 0.0
926.0345171110521 0.0 0.0 0.0 1.0 0.0 0.0 3.0 0.0
927.004959239777 0.0 0.0 0.0 1.0 0.0 0.0 3.0 0.0
928.0194258215132 0.0 0.0 0.0 1.0 0.0 0.0 3.0 0.0
929.0345171110521 0.0 0.0 0.0 1.0 0.0 0.0 3.0 0.0
930.0224639769939 0.0 0.0 0.0 1.0 0.0 0.0 3.0 0.0
931.0345171110521 0.0 0.0 0.0 1.0 0.0 0.0 3.0 0.0
932.0064194398938 0.0 0.0 0.0 1.0 0.0 0.0 3.0 0.0
933.025903172296 0.0 0.0 0.0 1.0 0.0 0.0 3.0 0.0
934.002475357023 0.0 0.0 0.0 1.0 0.0 0.0 3.0 0.0
935.0345171110521 0.0 0.0 0.0 1.0 0.0 0.0 3.0 0.0
936.0345171110521 0.0 0.0 0.0 1.0 0.0 0.0 3.0 0.0
937.0035633045229 0.0 0.0 0.0 1.0 0.0 0.0 3.0 0.0
938.0277151585085 0.0 0.0 0.0 1.0 0.0 0.0 3.0 0.0
939.0056365138616 0.0 0.0 0.0 1.0 0.0 0.0 3.0 0.0
940.0126212554945 0.0 0.0 0.0 1.0 0.0 0.0 3.0 0.0
941.0118159140366 0.0 0.0 0.0 1.0 0.0 0.0 3.0 0.0
942.0210747796995 0.0 0.0 0.0 1.0 0.0 0.0 3.0 0.0
943.016118338709 0.0 0.0 0.0 1.0 0.0 0.0 3.0 0.0
944.0345171110521 0.0 0.0 0.0 1.0 0.0 0.0 3.0 0.0
945.0020828401025 0.0 0.0 0.0 1.0 0.0 0.0 3.0 0.0
946.0203714627027 0.0 0.0 0.0 1.0 0.0 0.0 3.0 0.0
947.0345171110521 0.0 0.0 0.0 1.0 0.0 0.0 3.0 0.0
948.0005088113332 0.0 0.0 0.0 1.0 0.0 0.0 3.0 0.0
949.0345171110521 0.0 0.0 0.0 1.0 0.0 0.0 3.0 0.0
950.0345171110521 0.0 0.0 0.0 1.0 0.0 0.0 3.0 0.0
951.0102011755342 0.0 0.0 0.0 1.0 0.0 0.0 3.0 0.0
952.0015287693182 0.0 0.0 0.0 1.0 0.0 0.0 3.0 0.0
953.0345171110521 0.0 0.0 0.0 1.0 0.0 0.0 3.0 0.0
954.0345171110521 0.0 0.0 0.0 1.0 0.0 0.0 3.0 0.0
955.0345171110521 0.0 0.0 0.0 1.0 0.0 0.0 3.0 0.0
956.0282191214794 0.0 0.0 0.0 1.0 0.0 0.0 3.0 0.0
957.0006593765947 0.0 0.0 0.0 1.0 0.0 0.0 3.0 0.0
958.0058857618527 0.0 0.0 0.0 1.0 0.0 0.0 3.0 0.0
959.0143324457907 0.0 0.0 0.0 1.0 0.0 0.0 3.0 0.0
960.0151952934112 0.0 0.0 0.0 1.0 0.0 0.0 3.0 0.0
961.0210341577803 0.0 0.0 0.0 1.0 0.0 0.0 3.0 0.0
962.0142429280945 0.0 0.0 0.0 1.0 0.0 0.0 3.0 0.0
963.0004374634824 0.0 0.0 0.0 1.0 0.0 0.0 3.0 0.0
964.0101971089142 0.0 0.0 0.0 1.0 0.0 0.0 3.0 0.0
965.0084570101607 0.0 0.0 0.0 1.0 0.0 0.0 3.0 0.0
966.0010526926562 0.0 0.0 0.0 1.0 0.0 0.0 3.0 0.0
967.0345171110521 0.0 0.0 0.0 1.0 0.0 0.0 3.0 0.0
968.0309365340738 0.0 0.0 0.0 1.0 0.0 0.0 3.0 0.0
969.0345171110521 0.0 0.0 0.0 1.0 0.0 0.0 3.0 0.0
970.0150836236694 0.0 0.0 0.0 1.0 0.0 0.0 3.0 0.0
971.0345171110521 0.0 0.0 0.0 1.0 0.0 0.0 3.0 0.0
972.0345171110521 0.0 0.0 0.0 1.0 0.0 0.0 3.0 0.0
973.0344551608458 0.0 0.0 0.0 1.0 0.0 0.0 3.0 0.0
974.0203176639111 0.0 0.0 0.0 1.0 0.0 0.0 3.0 0.0
975.0291354887828 0.0 0.0 0.0 1.0 0.0 0.0 3.0 0.0
976.0219002888631 0.0 0.0 0.0 1.0 0.0 0.0 3.0 0.0
977.0345171110521 0.0 0.0 0.0 1.0 0.0 0.0 3.0 0.0
978.0345171110521 0.0 0.0 0.0 1.0 0.0 0.0 3.0 0.0
979.0345171110521 0.0 0.0 0.0 1.0 0.0 0.0 3.0 0.0
980.0057762277207 0.0 0.0 0.0 1.0 0.0 0.0 3.0 0.0
981.0136755450034 0.0 0.0 0.0 1.0 0.0 0.0 3.0 0.0
982.0292484761003 0.0 0.0 0.0 1.0 0.0 0.0 3.0 0.0
983.0165636525435 0.0 0.0 0.0 1.0 0.0 0.0 3.0 0.0
984.0116159854564 0.0 0.0 0.0 1.0 0.0 0.0 3.0 0.0
985.0340106793907 0.0 0.0 0.0 1.0 0.0 0.0 3.0 0.0
986.031851134118 0.0 0.0 0.0 1.0 0.0 0.0 3.0 0.0
987.0123486536374 0.0 0.0 0.0 1.0 0.0 0.0 3.0 0.0
988.0209033942817 0.0 0.0 0.0 1.0 0.0 0.0 3.0 0.0
989.0063206336268 0.0 0.0 0.0 1.0 0.0 0.0 3.0 0.0
990.0345171110521 0.0 0.0 0.0 1.0 0.0 0.0 3.0 0.0
991.0152131976394 0.0 0.0 0.0 1.0 0.0 0.0 3.0 0.0
992.0059650502276 0.0 0.0 0.0 1.0 0.0 0.0 3.0 0.0
993.0115838628785 0.0 0.0 0.0 1.0 0.0 0.0 3.0 0.0
994.0046777167261 0.0 0.0 0.0 1.0 0.0 0.0 3.0 0.0
995.0345171110521 0.0 0.0 0.0 1.0 0.0 0.0 3.0 0.0
996.008347921757 0.0 0.0 0.0 1.0 0.0 0.0 3.0 0.0
997.0024777210668 0.0 0.0 0.0 1.0 0.0 0.0 3.0 0.0
998.0345171110521 0.0 0.0 0.0 1.0 0.0 0.0 3.0 0.0
999.0273174367709 0.0 0.0 0.0 1.0 0.0 0.0 3.0 0.0
1000.0011950855677 0.0 0.0 0.0 1.0 0.0 0.0 3.0 0.0
1001.0055627014032 0.0 0.0 0.0 1.0 0.0 0.0 3.0 0.0
1002.0233772744107 0.0 0.0 0.0 1.0 0.0 0.0 3.0 0.0
1003.0309977892929 0.0 0.0 0.0 1.0 0.0 0.0 3.0 0.0
1004.0000187825719 0.0 0.0 0.0 1.0 0.0 0.0 3.0 0.0
1005.0345171110521 0.0 0.0 0.0 1.0 0.0 0.0 3.0 0.0
1006.0304568666951 0.0 0.0 0.0 1.0 0.0 0.0 3.0 0.0
1007.0132017570181 0.0 0.0 0.0 1.0 0.0 0.0 3.0 0.0
1008.0345171110521 0.0 0.0 0.0 1.0 0.0 0.0 3.0 0.0
1009.0345171110521 0.0 0.0 0.0 1.0 0.0 0.0 3.0 0.0
1010.0345171110521 0.0 0.0 0.0 1.0 0.0 0.0 3.0 0.0
1011.0345171110521 0.0 0.0 0.0 1.0 0.0 0.0 3.0 0.0
1012.0269980589708 0.0 0.0 0.0 1.0 0.0 0.0 3.0 0.0
1013.0345171110521 0.0 0.0 0.0 1.0 0.0 0.0 3.0 0.0
1014.0069525777295 0.0 0.0 0.0 1.0 0.0 0.0 3.0 0.0
1015.0345171110521 0.0 0.0 0.0 1.0 0.0 0.0 3.0 0.0
1016.0014744626733 0.0 0.0 0.0 1.0 0.0 0.0 3.0 0.0
1017.0345171110521 0.0 0.0 0.0 1.0 0.0 0.0 3.0 0.0
1018.0345171110521 0.0 0.0 0.0 1.0 0.0 0.0 3.0 0.0
1019.0345171110521 0.0 0.0 0.0 1.0 0.0 0.0 3.0 0.0
1020.0345171110521 0.0 0.0 0.0 1.0 0.0 0.0 3.0 0.0
1021.0112529582026 0.0 0.0 0.0 1.0 0.0 0.0 3.0 0.0
1022.0178381031272 0.0 0.0 0.0 1.0 0.0 0.0 3.0 0.0
1023.0034844723062 0.0 0.0 0.0 1.0 0.0 0.0 3.0 0.0
1024.0120716516783 0.0 0.0 0.0 1.0 0.0 0.0 3.0 0.0
1025.034517111052 0.0 0.0 0.0 1.0 0.0 0.0 3.0 0.0
1026.0234271010336 0.0 0.0 0.0 1.0 0.0 0.0 3.0 0.0
1027.0086679746973 0.0 0.0 0.0 1.0 0.0 0.0 3.0 0.0
1028.034517111052 0.0 0.0 0.0 1.0 0.0 0.0 3.0 0.0
1029.0239665964848 0.0 0.0 0.0 1.0 0.0 0.0 3.0 0.0
1030.0013296641796 0.0 0.0 0.0 1.0 0.0 0.0 3.0 0.0
1031.0258458677702 0.0 0.0 0.0 1.0 0.0 0.0 3.0 0.0
1032.0245629023302 0.0 0.0 0.0 1.0 0.0 0.0 3.0 0.0
1033.0017057219052 0.0 0.0 0.0 1.0 0.0 0.0 3.0 0.0
1034.034517111052 0.0 0.0 0.0 1.0 0.0 0.0 3.0 0.0
1035.0086345504092 0.0 0.0 0.0 1.0 0.0 0.0 3.0 0.0
1036.034517111052 0.0 0.0 0.0 1.0 0.0 0.0 3.0 0.0
1037.004015973199 0.0 0.0 0.0 1.0 0.0 0.0 3.0 0.0
1038.0241952440458 0.0 0.0 0.0 1.0 0.0 0.0 3.0 0.0
1039.0026291594133 0.0 0.0 0.0 1.0 0.0 0.0 3.0 0.0
1040.0244480620852 0.0 0.0 0.0 1.0 0.0 0.0 3.0 0.0
1041.0268945668804 0.0 0.0 0.0 1.0 0.0 0.0 3.0 0.0
1042.0037961249898 0.0 0.0 0.0 1.0 0.0 0.0 3.0 0.0
1043.0062164247684 0.0 0.0 0.0 1.0 0.0 0.0 3.0 0.0
1044.005091996131 0.0 0.0 0.0 1.0 0.0 0.0 3.0 0.0
1045.0237533343402 0.0 0.0 0.0 1.0 0.0 0.0 3.0 0.0
1046.0322157077094 0.0 0.0 0.0 1.0 0.0 0.0 3.0 0.0
1047.006305749422 0.0 0.0 0.0 1.0 0.0 0.0 3.0 0.0
1048.0113197234016 0.0 0.0 0.0 1.0 0.0 0.0 3.0 0.0
1049.0246123805523 0.0 0.0 0.0 1.0 0.0 0.0 3.0 0.0
1050.005726866391 0.0 0.0 0.0 1.0 0.0 0.0 3.0 0.0
1051.0069932872061 0.0 0.0 0.0 1.0 0.0 0.0 3.0 0.0
1052.0330053864095 0.0 0.0 0.0 1.0 0.0 0.0 3.0 0.0
1053.015651329789 0.0 0.0 0.0 1.0 0.0 0.0 3.0 0.0
1054.0280643914448 0.0 0.0 0.0 1.0 0.0 0.0 3.0 0.0
1055.034517111052 0.0 0.0 0.0 1.0 0.0 0.0 3.0 0.0
1056.026272406768 0.0 0.0 0.0 1.0 0.0 0.0 3.0 0.0
1057.0042437325521 0.0 0.0 0.0 1.0 0.0 0.0 3.0 0.0
1058.034517111052 0.0 0.0 0.0 1.0 0.0 0.0 3.0 0.0
1059.021089953201 0.0 0.0 0.0 1.0 0.0 0.0 3.0 0.0
1060.034517111052 0.0 0.0 0.0 1.0 0.0 0.0 3.0 0.0
1061.0183843827883 0.0 0.0 0.0 1.0 0.0 0.0 3.0 0.0
1062.0108011783518 0.0 0.0 0.0 1.0 0.0 0.0 3.0 0.0
1063.0008236073895 0.0 0.0 0.0 1.0 0.0 0.0 3.0 0.0
1064.0254224169842 0.0 0.0 0.0 1.0 0.0 0.0 3.0 0.0
1065.0100626291292 0.0 0.0 0.0 1.0 0.0 0.0 3.0 0.0
1066.0066045444623 0.0 0.0 0.0 1.0 0.0 0.0 3.0 0.0
1067.0225856058116 0.0 0.0 0.0 1.0 0.0 0.0 3.0 0.0
1068.018693528837 0.0 0.0 0.0 1.0 0.0 0.0 3.0 0.0
1069.0230964201555 0.0 0.0 0.0 1.0 0.0 0.0 3.0 0.0
1070.034517111052 0.0 0.0 0.0 1.0 0.0 0.0 3.0 0.0
1071.0080500195368 0.0 0.0 0.0 1.0 0.0 0.0 3.0 0.0
1072.0322115123251 0.0 0.0 0.0 1.0 0.0 0.0 3.0 0.0
1073.0148491640903 0.0 0.0 0.0 1.0 0.0 0.0 3.0 0.0
1074.0083748017362 0.0 0.0 0.0 1.0 0.0 0.0 3.0 0.0
1075.0198528120798 0.0 0.0 0.0 1.0 0.0 0.0 3.0 0.0
1076.022853929007 0.0 0.0 0.0 1.0 0.0 0.0 3.0 0.0
1077.034517111052 0.0 0.0 0.0 1.0 0.0 0.0 3.0 0.0
1078.034517111052 0.0 0.0 0.0 1.0 0.0 0.0 3.0 0.0
1079.021097417584 0.0 0.0 0.0 1.0 0.0 0.0 3.0 0.0
1080.0032670711182 0.0 0.0 0.0 1.0 0.0 0.0 3.0 0.0
1081.034517111052 0.0 0.0 0.0 1.0 0.0 0.0 3.0 0.0
1082.0030905404 0.0 0.0 0.0 1.0 0.0 0.0 3.0 0.0
1083.034517111052 0.0 0.0 0.0 1.0 0.0 0.0 3.0 0.0
1084.0081219848364 0.0 0.0 0.0 1.0 0.0 0.0 3.0 0.0
1085.034517111052 0.0 0.0 0.0 1.0 0.0 0.0 3.0 0.0
1086.0197997388843 0.0 0.0 0.0 1.0 0.0 0.0 3.0 0.0
1087.034517111052 0.0 0.0 0.0 1.0 0.0 0.0 3.0 0.0
1088.010689847546 0.0 0.0 0.0 1.0 0.0 0.0 3.0 0.0
1089.0162622631412 0.0 0.0 0.0 1.0 0.0 0.0 3.0 0.0
1090.0099024972858 0.0 0.0 0.0 1.0 0.0 0.0 3.0 0.0
1091.034517111052 0.0 0.0 0.0 1.0 0.0 0.0 3.0 0.0
1092.0052449065527 0.0 0.0 0.0 1.0 0.0 0.0 3.0 0.0
1093.0112456176357 0.0 0.0 0.0 1.0 0.0 0.0 3.0 0.0
1094.0188524378375 0.0 0.0 0.0 1.0 0.0 0.0 3.0 0.0
1095.00940116285 0.0 0.0 0.0 1.0 0.0 0.0 3.0 0.0
1096.017869409385 0.0 0.0 0.0 1.0 0.0 0.0 3.0 0.0
1097.034517111052 0.0 0.0 0.0 1.0 0.0 0.0 3.0 0.0
1098.034517111052 0.0 0.0 0.0 1.0 0.0 0.0 3.0 0.0
1099.0013026228626 0.0 0.0 0.0 1.0 0.0 0.0 3.0 0.0
1100.0 0.0 0.0 0.0 1.0 0.0 1.0 3.0 0.0
1101.0218280450003 0.8 0.0 0.0 0.20000000000000004 0.0 1.0 3.025 0.3121951219512195
1102.0022822169387 1.0 0.0 0.0 0.0 0.0 1.0 3.75 0.0
1103.032200320453 1.0 0.0 0.0 0.0 0.0 1.0 4.875 0.0
1104.029223769498 1.0 0.0 0.0 0.0 0.0 1.0 5.0 0.0
1105.0093621013284 1.0 0.0 0.0 0.0 0.0 1.0 5.0 0.0
1106.0249353539214 1.0 0.0 0.0 0.0 0.0 1.0 5.0 0.0
1107.0147625860566 1.0 0.0 0.0 0.0 0.0 1.0 5.0 0.0
1108.034517111052 1.0 0.0 0.0 0.0 0.0 1.0 5.0 0.0
1109.034517111052 1.0 0.0 0.0 0.0 0.0 1.0 5.0 0.0
1110.034517111052 1.0 0.0 0.0 0.0 0.0 1.0 5.0 0.0
1111.012081993969 1.0 0.0 0.0 0.0 0.0 1.0 5.0 0.0
1112.034517111052 1.0 0.0 0.0 0.0 0.0 1.0 5.0 0.0
1113.0015625620354 1.0 0.0 0.0 0.0 0.0 1.0 5.0 0.0
1114.006857811498 1.0 0.0 0.0 0.0 0.0 1.0 5.0 0.0
1115.0122062144296 1.0 0.0 0.0 0.0 0.0 1.0 5.0 0.0
1116.034517111052 1.0 0.0 0.0 0.0 0.0 1.0 5.0 0.0
1117.034517111052 1.0 0.0 0.0 0.0 0.0 1.0 5.0 0.0
1118.034517111052 1.0 0.0 0.0 0.0 0.0 1.0 5.0 0.0
1119.034517111052 1.0 0.0 0.0 0.0 0.0 1.0 5.0 0.0
1120.0000296091448 1.0 0.0 0.0 0.0 0.0 1.0 5.0 0.0
1121.0048724894461 1.0 0.0 0.0 0.0 0.0 1.0 5.0 0.0
1122.034517111052 1.0 0.0 0.0 0.0 0.0 1.0 5.0 0.0
1123.027600226336 1.0 0.0 0.0 0.0 0.0 1.0 5.0 0.0
1124.034517111052 1.0 0.0 0.0 0.0 0.0 1.0 5.0 0.0
1125.034517111052 1.0 0.0 0.0 0.0 0.0 1.0 5.0 0.0
1126.0043886297706 1.0 0.0 0.0 0.0 0.0 1.0 5.0 0.0
1127.016403516118 1.0 0.0 0.0 0.0 0.0 1.0 5.0 0.0
1128.0266312575477 1.0 0.0 0.0 0.0 0.0 1.0 5.0 0.0
1129.0175953815406 1.0 0.0 0.0 0.0 0.0 1.0 5.0 0.0
1130.0137607846605 1.0 0.0 0.0 0.0 0.0 1.0 5.0 0.0
1131.034517111052 1.0 0.0 0.0 0.0 0.0 1.0 5.0 0.0
1132.034517111052 1.0 0.0 0.0 0.0 0.0 1.0 5.0 0.0
1133.034517111052 1.0 0.0 0.0 0.0 0.0 1.0 5.0 0.0
1134.0096312281578 1.0 0.0 0.0 0.0 0.0 1.0 5.0 0.0
1135.0006203096468 1.0 0.0 0.0 0.0 0.0 1.0 5.0 0.0
1136.0221840840095 1.0 0.0 0.0 0.0 0.0 1.0 5.0 0.0
1137.034517111052 1.0 0.0 0.0 0.0 0.0 1.0 5.0 0.0
1138.034517111052 1.0 0.0 0.0 0.0 0.0 1.0 5.0 0.0
1139.009018066346 1.0 0.0 0.0 0.0 0.0 1.0 5.0 0.0
1140.0107487641021 1.0 0.0 0.0 0.0 0.0 1.0 5.0 0.0
1141.0132016320129 1.0 0.0 0.0 0.0 0.0 1.0 5.0 0.0
1142.0069378778917 1.0 0.0 0.0 0.0 0.0 1.0 5.0 0.0
1143.034517111052 1.0 0.0 0.0 0.0 0.0 1.0 5.0 0.0
1144.0043784060756 1.0 0.0 0.0 0.0 0.0 1.0 5.0 0.0
1145.034517111052 1.0 0.0 0.0 0.0 0.0 1.0 5.0 0.0
1146.0344785286168 1.0 0.0 0.0 0.0 0.0 1.0 5.0 0.0
1147.0111277549083 1.0 0.0 0.0 0.0 0.0 1.0 5.0 0.0
1148.0297701132436 1.0 0.0 0.0 0.0 0.0 1.0 5.0 0.0
1149.034517111052 1.0 0.0 0.0 0.0 0.0 1.0 5.0 0.0
1150.034517111052 1.0 0.0 0.0 0.0 0.0 1.0 5.0 0.0
1151.0053382190868 1.0 0.0 0.0 0.0 0.0 1.0 5.0 0.0
1152.0001789361872 1.0 0.0 0.0 0.0 0.0 1.0 5.0 0.0
1153.0272588278153 1.0 0.0 0.0 0.0 0.0 1.0 5.0 0.0
1154.0091058029554 1.0 0.0 0.0 0.0 0.0 1.0 5.0 0.0
1155.0166156555517 1.0 0.0 0.0 0.0 0.0 1.0 5.0 0.0
1156.0253439805126 1.0 0.0 0.0 0.0 0.0 1.0 5.0 0.0
1157.0067914321276 1.0 0.0 0.0 0.0 0.0 1.0 5.0 0.0
1158.0052627935497 1.0 0.0 0.0 0.0 0.0 1.0 5.0 0.0
1159.0182554542591 1.0 0.0 0.0 0.0 0.0 1.0 5.0 0.0
1160.034517111052 1.0 0.0 0.0 0.0 0.0 1.0 5.0 0.0
1161.0016520256754 1.0 0.0 0.0 0.0 0.0 1.0 5.0 0.0
1162.0121902339865 1.0 0.0 0.0 0.0 0.0 1.0 5.0 0.0
1163.0093431339697 1.0 0.0 0.0 0.0 0.0 1.0 5.0 0.0
1164.034517111052 1.0 0.0 0.0 0.0 0.0 1.0 5.0 0.0
1165.0019421083625 1.0 0.0 0.0 0.0 0.0 1.0 5.0 0.0
1166.0111881482312 1.0 0.0 0.0 0.0 0.0 1.0 5.0 0.0
1167.010350042966 1.0 0.0 0.0 0.0 0.0 1.0 5.0 0.0
1168.0291425861542 1.0 0.0 0.0 0.0 0.0 1.0 5.0 0.0
1169.011143684929 1.0 0.0 0.0 0.0 0.0 1.0 5.0 0.0
1170.0170590658945 1.0 0.0 0.0 0.0 0.0 1.0 5.0 0.0
1171.0016951125563 1.0 0.0 0.0 0.0 0.0 1.0 5.0 0.0
1172.009431707958 1.0 0.0 0.0 0.0 0.0 1.0 5.0 0.0
1173.0022415116614 1.0 0.0 0.0 0.0 0.0 1.0 5.0 0.0
1174.008645701274 1.0 0.0 0.0 0.0 0.0 1.0 5.0 0.0
1175.034517111052 1.0 0.0 0.0 0.0 0.0 1.0 5.0 0.0
1176.0059302115944 1.0 0.0 0.0 0.0 0.0 1.0 5.0 0.0
1177.0011090716098 1.0 0.0 0.0 0.0 0.0 1.0 5.0 0.0
1178.034517111052 1.0 0.0 0.0 0.0 0.0 1.0 5.0 0.0
1179.030881935427 1.0 0.0 0.0 0.0 0.0 1.0 5.0 0.0
1180.0082111490904 1.0 0.0 0.0 0.0 0.0 1.0 5.0 0.0
1181.034517111052 1.0 0.0 0.0 0.0 0.0 1.0 5.0 0.0
1182.015640451506 1.0 0.0 0.0 0.0 0.0 1.0 5.0 0.0
1183.0138639337733 1.0 0.0 0.0 0.0 0.0 1.0 5.0 0.0
1184.0275715571809 1.0 0.0 0.0 0.0 0.0 1.0 5.0 0.0
1185.012903122324 1.0 0.0 0.0 0.0 0.0 1.0 5.0 0.0
1186.034517111052 1.0 0.0 0.0 0.0 0.0 1.0 5.0 0.0
1187.034517111052 1.0 0.0 0.0 0.0 0.0 1.0 5.0 0.0
1188.017869370403 1.0 0.0 0.0 0.0 0.0 1.0 5.0 0.0
1189.034517111052 1.0 0.0 0.0 0.0 0.0 1.0 5.0 0.0
1190.0021413780614 1.0 0.0 0.0 0.0 0.0 1.0 5.0 0.0
1191.0122578747255 1.0 0.0 0.0 0.0 0.0 1.0 5.0 0.0
1192.0037577363703 1.0 0.0 0.0 0.0 0.0 1.0 5.0 0.0
1193.034517111052 1.0 0.0 0.0 0.0 0.0 1.0 5.0 0.0
1194.0099364854013 1.0 0.0 0.0 0.0 0.0 1.0 5.0 0.0
1195.034517111052 1.0 0.0 0.0 0.0 0.0 1.0 5.0 0.0
1196.034517111052 1.0 0.0 0.0 0.0 0.0 1.0 5.0 0.0
1197.0030180059978 1.0 0.0 0.0 0.0 0.0 1.0 5.0 0.0
1198.034517111052 1.0 0.0 0.0 0.0 0.0 1.0 5.0 0.0
1199.0018848301586 1.0 0.0 0.0 0.0 0.0 1.0 5.0 0.0
1200.0 1.0 0.0 0.0 0.0 0.0 1.0 5.0 0.0
1201.0 0.275 0.0 0.725 0.0 0.0 1.0 5.0 0.38902439024390245
1202.0 0.024999999999999994 0.0 0.975 0.0 0.0 1.0 5.6 0.0475609756097561
1203.0 0.0 0.0 1.0 0.0 0.0 1.0 6.65 0.0
1204.0 0.0 0.0 1.0 0.0 0.0 1.0 6.925 0.0
1205.0 0.0 0.0 1.0 0.0 0.0 1.0 7.0 0.0
1206.0 0.0 0.0 1.0 0.0 0.0 1.0 7.0 0.0
1207.0 0.0 0.0 1.0 0.0 0.0 1.0 7.0 0.0
1208.0 0.0 0.0 1.0 0.0 0.0 1.0 7.0 0.0
1209.0 0.0 0.0 1.0 0.0 0.0 1.0 7.0 0.0
1210.0 0.0 0.0 1.0 0.0 0.0 1.0 7.0 0.0
1211.0 0.0 0.0 1.0 0.0 0.0 1.0 7.0 0.0
1212.0 0.0 0.0 1.0 0.0 0.0 1.0 7.0 0.0
1213.0 0.0 0.0 1.0 0.0 0.0 1.0 7.0 0.0
1214.0 0.0 0.0 1.0 0.0 0.0 1.0 7.0 0.0
1215.0 0.0 0.0 1.0 0.0 0.0 1.0 7.0 0.0
1216.0 0.0 0.0 1.0 0.0 0.0 1.0 7.0 0.0
1217.0 0.0 0.0 1.0 0.0 0.0 1.0 7.0 0.0
1218.0 0.0 0.0 1.0 0.0 0.0 1.0 7.0 0.0
1219.0 0.0 0.0 1.0 0.0 0.0 1.0 7.0 0.0
1220.0 0.0 0.0 1.0 0.0 0.0 1.0 7.0 0.0
1221.0 0.0 0.0 1.0 0.0 0.0 1.0 7.0 0.0
1222.0 0.0 0.0 1.0 0.0 0.0 1.0 7.0 0.0
1223.0 0.0 0.0 1.0 0.0 0.0 1.0 7.0 0.0
1224.0 0.0 0.0 1.0 0.0 0.0 1.0 7.0 0.0
1225.0 0.0 0.0 1.0 0.0 0.0 1.0 7.0 0.0
1226.0 0.0 0.0 1.0 0.0 0.0 1.0 7.0 0.0
1227.0 0.0 0.0 1.0 0.0 0.0 1.0 7.0 0.0
1228.0 0.0 0.0 1.0 0.0 0.0 1.0 7.0 0.0
1229.0 0.0 0.0 1.0 0.0 0.0 1.0 7.0 0.0
1230.0 0.0 0.0 1.0 0.0 0.0 1.0 7.0 0.0
1231.0 0.0 0.0 1.0 0.0 0.0 1.0 7.0 0.0
1232.0 0.0 0.0 1.0 0.0 0.0 1.0 7.0 0.0
1233.0 0.0 0.0 1.0 0.0 0.0 1.0 7.0 0.0
1234.0 0.0 0.0 1.0 0.0 0.0 1.0 7.0 0.0
1235.0 0.0 0.0 1.0 0.0 0.0 1.0 7.0 0.0
1236.0 0.0 0.0 1.0 0.0 0.0 1.0 7.0 0.0
1237.0 0.0 0.0 1.0 0.0 0.0 1.0 7.0 0.0
1238.0 0.0 0.0 1.0 0.0 0.0 1.0 7.0 0.0
1239.0 0.0 0.0 1.0 0.0 0.0 1.0 7.0 0.0
1240.0 0.0 0.0 1.0 0.0 0.0 1.0 7.0 0.0
1241.0 0.0 0.0 1.0 0.0 0.0 1.0 7.0 0.0
1242.0 0.0 0.0 1.0 0.0 0.0 1.0 7.0 0.0
1243.0 0.0 0.0 1.0 0.0 0.0 1.0 7.0 0.0
1244.0 0.0 0.0 1.0 0.0 0.0 1.0 7.0 0.0
1245.0 0.0 0.0 1.0 0.0 0.0 1.0 7.0 0.0
1246.0 0.0 0.0 1.0 0.0 0.0 1.0 7.0 0.0
1247.0 0.0 0.0 1.0 0.0 0.0 1.0 7.0 0.0
1248.0 0.0 0.0 1.0 0.0 0.0 1.0 7.0 0.0
1249.0 0.0 0.0 1.0 0.0 0.0 1.0 7.0 0.0
1250.0 0.0 0.0 1.0 0.0 0.0 1.0 7.0 0.0
1251.0 0.0 0.0 1.0 0.0 0.0 1.0 7.0 0.0
1252.0 0.0 0.0 1.0 0.0 0.0 1.0 7.0 0.0
1253.0 0.0 0.0 1.0 0.0 0.0 1.0 7.0 0.0
1254.0 0.0 0.0 1.0 0.0 0.0 1.0 7.0 0.0
1255.0 0.0 0.0 1.0 0.0 0.0 1.0 7.0 0.0
1256.0 0.0 0.0 1.0 0.0 0.0 1.0 7.0 0.0
1257.0 0.0 0.0 1.0 0.0 0.0 1.0 7.0 0.0
1258.0 0.0 0.0 1.0 0.0 0.0 1.0 7.0 0.0
1259.0 0.0 0.0 1.0 0.0 0.0 1.0 7.0 0.0
1260.0 0.0 0.0 1.0 0.0 0.0 1.0 7.0 0.0
1261.0 0.0 0.0 1.0 0.0 0.0 1.0 7.0 0.0
1262.0 0.0 0.0 1.0 0.0 0.0 1.0 7.0 0.0
1263.0 0.0 0.0 1.0 0.0 0.0 1.0 7.0 0.0
1264.0 0.0 0.0 1.0 0.0 0.0 1.0 7.0 0.0
1265.0 0.0 0.0 1.0 0.0 0.0 1.0 7.0 0.0
1266.0 0.0 0.0 1.0 0.0 0.0 1.0 7.0 0.0
1267.0 0.0 0.0 1.0 0.0 0.0 1.0 7.0 0.0
1268.0 0.0 0.0 1.0 0.0 0.0 1.0 7.0 0.0
1269.0 0.0 0.0 1.0 0.0 0.0 1.0 7.0 0.0
1270.0 0.0 0.0 0.2 0.8 0.0 0.0 7.0 0.3121951219512195
1271.017442821506 0.0 0.0 0.0 1.0 0.0 0.0 7.675 0.0
1272.0306958891974 0.0 0.0 0.0 1.0 0.0 0.0 8.8 0.0
1273.034517111052 0.0 0.0 0.0 1.0 0.0 0.0 9.0 0.0
1274.003356131315 0.0 0.0 0.0 1.0 0.0 0.0 9.0 0.0
1275.034517111052 0.0 0.0 0.0 1.0 0.0 0.0 9.0 0.0
1276.0043292182095 0.0 0.0 0.0 1.0 0.0 0.0 9.0 0.0
1277.0096400320645 0.0 0.0 0.0 1.0 0.0 0.0 9.0 0.0
1278.002406055892 0.0 0.0 0.0 1.0 0.0 0.0 9.0 0.0
1279.02039600267 0.0 0.0 0.0 1.0 0.0 0.0 9.0 0.0
1280.034517111052 0.0 0.0 0.0 1.0 0.0 0.0 9.0 0.0
1281.0006394951258 0.0 0.0 0.0 1.0 0.0 0.0 9.0 0.0
1282.0049807914427 0.0 0.0 0.0 1.0 0.0 0.0 9.0 0.0
1283.034517111052 0.0 0.0 0.0 1.0 0.0 0.0 9.0 0.0
1284.034517111052 0.0 0.0 0.0 1.0 0.0 0.0 9.0 0.0
1285.0171388763865 0.0 0.0 0.0 1.0 0.0 0.0 9.0 0.0
1286.034517111052 0.0 0.0 0.0 1.0 0.0 0.0 9.0 0.0
1287.0094577933164 0.0 0.0 0.0 1.0 0.0 0.0 9.0 0.0
1288.0180008799327 0.0 0.0 0.0 1.0 0.0 0.0 9.0 0.0
1289.0305852949227 0.0 0.0 0.0 1.0 0.0 0.0 9.0 0.0
1290.034517111052 0.0 0.0 0.0 1.0 0.0 0.0 9.0 0.0
1291.034517111052 0.0 0.0 0.0 1.0 0.0 0.0 9.0 0.0
1292.034517111052 0.0 0.0 0.0 1.0 0.0 0.0 9.0 0.0
1293.034517111052 0.0 0.0 0.0 1.0 0.0 0.0 9.0 0.0
1294.034517111052 0.0 0.0 0.0 1.0 0.0 0.0 9.0 0.0
1295.034517111052 0.0 0.0 0.0 1.0 0.0 0.0 9.0 0.0
1296.034517111052 0.0 0.0 0.0 1.0 0.0 0.0 9.0 0.0
1297.0333127765766 0.0 0.0 0.0 1.0 0.0 0.0 9.0 0.0
1298.0019309625873 0.0 0.0 0.0 1.0 0.0 0.0 9.0 0.0
1299.0235519739358 0.0 0.0 0.0 1.0 0.0 0.0 9.0 0.0
1300.034517111052 0.0 0.0 0.0 1.0 0.0 0.0 9.0 0.0
1301.0182418297254 0.0 0.0 0.0 1.0 0.0 0.0 9.0 0.0
1302.0004134895394 0.0 0.0 0.0 1.0 0.0 0.0 9.0 0.0
1303.0095349644168 0.0 0.0 0.0 1.0 0.0 0.0 9.0 0.0
1304.0285977696335 0.0 0.0 0.0 1.0 0.0 0.0 9.0 0.0
1305.034517111052 0.0 0.0 0.0 1.0 0.0 0.0 9.0 0.0
1306.0288933803831 0.0 0.0 0.0 1.0 0.0 0.0 9.0 0.0
1307.0206241757314 0.0 0.0 0.0 1.0 0.0 0.0 9.0 0.0
1308.034517111052 0.0 0.0 0.0 1.0 0.0 0.0 9.0 0.0
1309.034517111052 0.0 0.0 0.0 1.0 0.0 0.0 9.0 0.0
1310.034517111052 0.0 0.0 0.0 1.0 0.0 0.0 9.0 0.0
1311.002431182067 0.0 0.0 0.0 1.0 0.0 0.0 9.0 0.0
1312.0132183887542 0.0 0.0 0.0 1.0 0.0 0.0 9.0 0.0
1313.0057955016246 0.0 0.0 0.0 1.0 0.0 0.0 9.0 0.0
1314.0106252856692 0.0 0.0 0.0 1.0 0.0 0.0 9.0 0.0
1315.0215020569838 0.0 0.0 0.0 1.0 0.0 0.0 9.0 0.0
1316.034517111052 0.0 0.0 0.0 1.0 0.0 0.0 9.0 0.0
1317.0076113551509 0.0 0.0 0.0 1.0 0.0 0.0 9.0 0.0
1318.028853488608 0.0 0.0 0.0 1.0 0.0 0.0 9.0 0.0
1319.0055263029951 0.0 0.0 0.0 1.0 0.0 0.0 9.0 0.0
1320.0268462079523 0.0 0.0 0.0 1.0 0.0 0.0 9.0 0.0
1321.0331418931373 0.0 0.0 0.0 1.0 0.0 0.0 9.0 0.0
1322.034517111052 0.0 0.0 0.0 1.0 0.0 0.0 9.0 0.0
1323.0019677785303 0.0 0.0 0.0 1.0 0.0 0.0 9.0 0.0
1324.0229498687586 0.0 0.0 0.0 1.0 0.0 0.0 9.0 0.0
1325.0028549820743 0.0 0.0 0.0 1.0 0.0 0.0 9.0 0.0
1326.0213958047227 0.0 0.0 0.0 1.0 0.0 0.0 9.0 0.0
1327.034517111052 0.0 0.0 0.0 1.0 0.0 0.0 9.0 0.0
1328.003582694125 0.0 0.0 0.0 1.0 0.0 0.0 9.0 0.0
1329.0212111723947 0.0 0.0 0.0 1.0 0.0 0.0 9.0 0.0
1330.034517111052 0.0 0.0 0.0 1.0 0.0 0.0 9.0 0.0
1331.016309047307 0.0 0.0 0.0 1.0 0.0 0.0 9.0 0.0
1332.034517111052 0.0 0.0 0.0 1.0 0.0 0.0 9.0 0.0
1333.034517111052 0.0 0.0 0.0 1.0 0.0 0.0 9.0 0.0
1334.034517111052 0.0 0.0 0.0 1.0 0.0 0.0 9.0 0.0
1335.0025534517283 0.0 0.0 0.0 1.0 0.0 0.0 9.0 0.0
1336.0059949696115 0.0 0.0 0.0 1.0 0.0 0.0 9.0 0.0
1337.003655636413 0.0 0.0 0.0 1.0 0.0 0.0 9.0 0.0
1338.0120743398793 0.0 0.0 0.0 1.0 0.0 0.0 9.0 0.0
1339.034517111052 0.0 0.0 0.0 1.0 0.0 0.0 9.0 0.0
1340.019768997225 0.0 0.0 0.0 1.0 0.0 0.0 9.0 0.0
1341.034517111052 0.0 0.0 0.0 1.0 0.0 0.0 9.0 0.0
1342.008565584276 0.0 0.0 0.0 1.0 0.0 0.0 9.0 0.0
1343.034517111052 0.0 0.0 0.0 1.0 0.0 0.0 9.0 0.0
1344.0239590290796 0.0 0.0 0.0 1.0 0.0 0.0 9.0 0.0
1345.0190022463864 0.0 0.0 0.0 1.0 0.0 0.0 9.0 0.0
1346.034517111052 0.0 0.0 0.0 1.0 0.0 0.0 9.0 0.0
1347.034517111052 0.0 0.0 0.0 1.0 0.0 0.0 9.0 0.0
1348.034517111052 0.0 0.0 0.0 1.0 0.0 0.0 9.0 0.0
1349.025089948628 0.0 0.0 0.0 1.0 0.0 0.0 9.0 0.0
1350.034517111052 0.0 0.0 0.0 1.0 0.0 0.0 9.0 0.0
1351.0063218405144 0.0 0.0 0.0 1.0 0.0 0.0 9.0 0.0
1352.030981390131 0.0 0.0 0.0 1.0 0.0 0.0 9.0 0.0
1353.0227123590716 0.0 0.0 0.0 1.0 0.0 0.0 9.0 0.0
1354.034517111052 0.0 0.0 0.0 1.0 0.0 0.0 9.0 0.0
1355.0176646141638 0.0 0.0 0.0 1.0 0.0 0.0 9.0 0.0
1356.034517111052 0.0 0.0 0.0 1.0 0.0 0.0 9.0 0.0
1357.003059186088 0.0 0.0 0.0 1.0 0.0 0.0 9.0 0.0
1358.034517111052 0.0 0.0 0.0 1.0 0.0 0.0 9.0 0.0
1359.0059965959388 0.0 0.0 0.0 1.0 0.0 0.0 9.0 0.0
1360.0020220970425 0.0 0.0 0.0 1.0 0.0 0.0 9.0 0.0
1361.008208226931 0.0 0.0 0.0 1.0 0.0 0.0 9.0 0.0
1362.0246376149712 0.0 0.0 0.0 1.0 0.0 0.0 9.0 0.0
1363.0103949719012 0.0 0.0 0.0 1.0 0.0 0.0 9.0 0.0
1364.0052847468114 0.0 0.0 0.0 1.0 0.0 0.0 9.0 0.0
1365.034517111052 0.0 0.0 0.0 1.0 0.0 0.0 9.0 0.0
1366.0159428907784 0.0 0.0 0.0 1.0 0.0 0.0 9.0 0.0
1367.0331376413712 0.0 0.0 0.0 1.0 0.0 0.0 9.0 0.0
1368.0204099869156 0.0 0.0 0.0 1.0 0.0 0.0 9.0 0.0
1369.0019724435306 0.0 0.0 0.0 1.0 0.0 0.0 9.0 0.0
1370.034517111052 0.0 0.0 0.0 1.0 0.0 0.0 9.0 0.0
1371.006437939385 0.0 0.0 0.0 1.0 0.0 0.0 9.0 0.0
1372.0184339553773 0.0 0.0 0.0 1.0 0.0 0.0 9.0 0.0
1373.034517111052 0.0 0.0 0.0 1.0 0.0 0.0 9.0 0.0
1374.0099819059851 0.0 0.0 0.0 1.0 0.0 0.0 9.0 0.0
1375.034517111052 0.0 0.0 0.0 1.0 0.0 0.0 9.0 0.0
1376.006789406581 0.0 0.0 0.0 1.0 0.0 0.0 9.0 0.0
1377.0002172986012 0.0 0.0 0.0 1.0 0.0 0.0 9.0 0.0
1378.0139656101353 0.0 0.0 0.0 1.0 0.0 0.0 9.0 0.0
1379.022997702681 0.0 0.0 0.0 1.0 0.0 0.0 9.0 0.0
1380.010697441919 0.0 0.0 0.0 1.0 0.0 0.0 9.0 0.0
1381.0042130257789 0.0 0.0 0.0 1.0 0.0 0.0 9.0 0.0
1382.031621464062 0.0 0.0 0.0 1.0 0.0 0.0 9.0 0.0
1383.0028178927266 0.0 0.0 0.0 1.0 0.0 0.0 9.0 0.0
1384.0169750719938 0.0 0.0 0.0 1.0 0.0 0.0 9.0 0.0
1385.0160283756036 0.0 0.0 0.0 1.0 0.0 0.0 9.0 0.0
1386.0221601162525 0.0 0.0 0.0 1.0 0.0 0.0 9.0 0.0
1387.009182555445 0.0 0.0 0.0 1.0 0.0 0.0 9.0 0.0
1388.0231771600431 0.0 0.0 0.0 1.0 0.0 0.0 9.0 0.0
1389.0200467792824 0.0 0.0 0.0 1.0 0.0 0.0 9.0 0.0
1390.019206730211 0.0 0.0 0.0 1.0 0.0 0.0 9.0 0.0
1391.0024036124983 0.0 0.0 0.0 1.0 0.0 0.0 9.0 0.0
1392.031562685456 0.0 0.0 0.0 1.0 0.0 0.0 9.0 0.0
1393.0258928010048 0.0 0.0 0.0 1.0 0.0 0.0 9.0 0.0
1394.034517111052 0.0 0.0 0.0 1.0 0.0 0.0 9.0 0.0
1395.00767498529 0.0 0.0 0.0 1.0 0.0 0.0 9.0 0.0
1396.034517111052 0.0 0.0 0.0 1.0 0.0 0.0 9.0 0.0
1397.0150991982616 0.0 0.0 0.0 1.0 0.0 0.0 9.0 0.0
1398.0267012526397 0.0 0.0 0.0 1.0 0.0 0.0 9.0 0.0
1399.034517111052 0.0 0.0 0.0 1.0 0.0 0.0 9.0 0.0
1400.0065478633778 0.0 0.0 0.0 1.0 0.0 0.0 9.0 0.0
1401.0172064126552 0.0 0.0 0.0 1.0 0.0 0.0 9.0 0.0
1402.034517111052 0.0 0.0 0.0 1.0 0.0 0.0 9.0 0.0
1403.0240751017486 0.0 0.0 0.0 1.0 0.0 0.0 9.0 0.0
1404.034517111052 0.0 0.0 0.0 1.0 0.0 0.0 9.0 0.0
1405.0045434611773 0.0 0.0 0.0 1.0 0.0 0.0 9.0 0.0
1406.034517111052 0.0 0.0 0.0 1.0 0.0 0.0 9.0 0.0
1407.034517111052 0.0 0.0 0.0 1.0 0.0 0.0 9.0 0.0
1408.034517111052 0.0 0.0 0.0 1.0 0.0 0.0 9.0 0.0
1409.0005943552821 0.0 0.0 0.0 1.0 0.0 0.0 9.0 0.0
1410.034517111052 0.0 0.0 0.0 1.0 0.0 0.0 9.0 0.0
1411.034517111052 0.0 0.0 0.0 1.0 0.0 0.0 9.0 0.0
1412.029210442413 0.0 0.0 0.0 1.0 0.0 0.0 9.0 0.0
1413.034517111052 0.0 0.0 0.0 1.0 0.0 0.0 9.0 0.0
1414.0238861221987 0.0 0.0 0.0 1.0 0.0 0.0 9.0 0.0
1415.0056838320047 0.0 0.0 0.0 1.0 0.0 0.0 9.0 0.0
1416.0155159974963 0.0 0.0 0.0 1.0 0.0 0.0 9.0 0.0
1417.0242122176417 0.0 0.0 0.0 1.0 0.0 0.0 9.0 0.0
1418.0110854447144 0.0 0.0 0.0 1.0 0.0 0.0 9.0 0.0
1419.0322245052832 0.0 0.0 0.0 1.0 0.0 0.0 9.0 0.0
1420.003040022228 0.0 0.0 0.0 1.0 0.0 0.0 9.0 0.0
1421.034517111052 0.0 0.0 0.0 1.0 0.0 0.0 9.0 0.0
1422.0236690607949 0.0 0.0 0.0 1.0 0.0 0.0 9.0 0.0
1423.0296664381863 0.0 0.0 0.0 1.0 0.0 0.0 9.0 0.0
1424.0031620625157 0.0 0.0 0.0 1.0 0.0 0.0 9.0 0.0
1425.034517111052 0.0 0.0 0.0 1.0 0.0 0.0 9.0 0.0
1426.0018918921983 0.0 0.0 0.0 1.0 0.0 0.0 9.0 0.0
1427.0059386437788 0.0 0.0 0.0 1.0 0.0 0.0 9.0 0.0
1428.0009551680869 0.0 0.0 0.0 1.0 0.0 0.0 9.0 0.0
1429.0334816957818 0.0 0.0 0.0 1.0 0.0 0.0 9.0 0.0
1430.033544101738 0.0 0.0 0.0 1.0 0.0 0.0 9.0 0.0
1431.0067729919124 0.0 0.0 0.0 1.0 0.0 0.0 9.0 0.0
1432.034517111052 0.0 0.0 0.0 1.0 0.0 0.0 9.0 0.0
1433.0214994132855 0.0 0.0 0.0 1.0 0.0 0.0 9.0 0.0
1434.0024350994663 0.0 0.0 0.0 1.0 0.0 0.0 9.0 0.0
1435.0055305880678 0.0 0.0 0.0 1.0 0.0 0.0 9.0 0.0
1436.0074452152821 0.0 0.0 0.0 1.0 0.0 0.0 9.0 0.0
1437.007147300009 0.0 0.0 0.0 1.0 0.0 0.0 9.0 0.0
1438.0182692535395 0.0 0.0 0.0 1.0 0.0 0.0 9.0 0.0
1439.0137802870336 0.0 0.0 0.0 1.0 0.0 0.0 9.0 0.0
1440.034517111052 0.0 0.0 0.0 1.0 0.0 0.0 9.0 0.0
1441.0091366585352 0.0 0.0 0.0 1.0 0.0 0.0 9.0 0.0
1442.034517111052 0.0 0.0 0.0 1.0 0.0 0.0 9.0 0.0
1443.0022899223595 0.0 0.0 0.0 1.0 0.0 0.0 9.0 0.0
1444.0276740734334 0.0 0.0 0.0 1.0 0.0 0.0 9.0 0.0
1445.0205618965435 0.0 0.0 0.0 1.0 0.0 0.0 9.0 0.0
1446.034517111052 0.0 0.0 0.0 1.0 0.0 0.0 9.0 0.0
1447.0158582579597 0.0 0.0 0.0 1.0 0.0 0.0 9.0 0.0
1448.0297046504634 0.0 0.0 0.0 1.0 0.0 0.0 9.0 0.0
1449.0106677952506 0.0 0.0 0.0 1.0 0.0 0.0 9.0 0.0
1450.034517111052 0.0 0.0 0.0 1.0 0.0 0.0 9.0 0.0
1451.034517111052 0.0 0.0 0.0 1.0 0.0 0.0 9.0 0.0
1452.034517111052 0.0 0.0 0.0 1.0 0.0 0.0 9.0 0.0
1453.0232868593787 0.0 0.0 0.0 1.0 0.0 0.0 9.0 0.0
1454.0011316243024 0.0 0.0 0.0 1.0 0.0 0.0 9.0 0.0
1455.0076452353878 0.0 0.0 0.0 1.0 0.0 0.0 9.0 0.0
1456.034517111052 0.0 0.0 0.0 1.0 0.0 0.0 9.0 0.0
1457.0183989627872 0.0 0.0 0.0 1.0 0.0 0.0 9.0 0.0
1458.034517111052 0.0 0.0 0.0 1.0 0.0 0.0 9.0 0.0
1459.034517111052 0.0 0.0 0.0 1.0 0.0 0.0 9.0 0.0
1460.025476453728 0.0 0.0 0.0 1.0 0.0 0.0 9.0 0.0
1461.034517111052 0.0 0.0 0.0 1.0 0.0 0.0 9.0 0.0
1462.0143402284782 0.0 0.0 0.0 1.0 0.0 0.0 9.0 0.0
1463.034517111052 0.0 0.0 0.0 1.0 0.0 0.0 9.0 0.0
1464.005790673692 0.0 0.0 0.0 1.0 0.0 0.0 9.0 0.0
1465.001346983029 0.0 0.0 0.0 1.0 0.0 0.0 9.0 0.0
1466.002910922585 0.0 0.0 0.0 1.0 0.0 0.0 9.0 0.0
1467.0153946919813 0.0 0.0 0.0 1.0 0.0 0.0 9.0 0.0
1468.004917714379 0.0 0.0 0.0 1.0 0.0 0.0 9.0 0.0
1469.0043644595733 0.0 0.0 0.0 1.0 0.0 0.0 9.0 0.0
1470.026964275263 0.0 0.0 0.0 1.0 0.0 0.0 9.0 0.0
1471.0134700122103 0.0 0.0 0.0 1.0 0.0 0.0 9.0 0.0
1472.00882118665 0.0 0.0 0.0 1.0 0.0 0.0 9.0 0.0
1473.034517111052 0.0 0.0 0.0 1.0 0.0 0.0 9.0 0.0
1474.0049460820887 0.0 0.0 0.0 1.0 0.0 0.0 9.0 0.0
1475.034517111052 0.0 0.0 0.0 1.0 0.0 0.0 9.0 0.0
1476.0206690514067 0.0 0.0 0.0 1.0 0.0 0.0 9.0 0.0
1477.0101263883441 0.0 0.0 0.0 1.0 0.0 0.0 9.0 0.0
1478.0334694490903 0.0 0.0 0.0 1.0 0.0 0.0 9.0 0.0
1479.0036315573543 0.0 0.0 0.0 1.0 0.0 0.0 9.0 0.0
1480.0043413978594 0.0 0.0 0.0 1.0 0.0 0.0 9.0 0.0
1481.0221163351323 0.0 0.0 0.0 1.0 0.0 0.0 9.0 0.0
1482.034517111052 0.0 0.0 0.0 1.0 0.0 0.0 9.0 0.0
1483.0118790689958 0.0 0.0 0.0 1.0 0.0 0.0 9.0 0.0
1484.0315485371846 0.0 0.0 0.0 1.0 0.0 0.0 9.0 0.0
1485.034517111052 0.0 0.0 0.0 1.0 0.0 0.0 9.0 0.0
1486.01239781895 0.0 0.0 0.0 1.0 0.0 0.0 9.0 0.0
1487.011710286673 0.0 0.0 0.0 1.0 0.0 0.0 9.0 0.0
1488.0125775812724 0.0 0.0 0.0 1.0 0.0 0.0 9.0 0.0
1489.020676401644 0.0 0.0 0.0 1.0 0.0 0.0 9.0 0.0
1490.034517111052 0.0 0.0 0.0 1.0 0.0 0.0 9.0 0.0
1491.034517111052 0.0 0.0 0.0 1.0 0.0 0.0 9.0 0.0
1492.034517111052 0.0 0.0 0.0 1.0 0.0 0.0 9.0 0.0
1493.034517111052 0.0 0.0 0.0 1.0 0.0 0.0 9.0 0.0
1494.034517111052 0.0 0.0 0.0 1.0 0.0 0.0 9.0 0.0
1495.0174155183029 0.0 0.0 0.0 1.0 0.0 0.0 9.0 0.0
1496.019520546402 0.0 0.0 0.0 1.0 0.0 0.0 9.0 0.0
1497.034517111052 0.0 0.0 0.0 1.0 0.0 0.0 9.0 0.0
1498.0054479017158 0.0 0.0 0.0 1.0 0.0 0.0 9.0 0.0
1499.0130039875905 0.0 0.0 0.0 1.0 0.0 0.0 9.0 0.0
1500.0196515426812 0.0 0.0 0.0 1.0 0.0 0.0 9.0 0.0
1501.010261764161 0.0 0.0 0.0 1.0 0.0 0.0 9.0 0.0
1502.034517111052 0.0 0.0 0.0 1.0 0.0 0.0 9.0 0.0
1503.034517111052 0.0 0.0 0.0 1.0 0.0 0.0 9.0 0.0
1504.0254473601508 0.0 0.0 0.0 1.0 0.0 0.0 9.0 0.0
1505.0108834387345 0.0 0.0 0.0 1.0 0.0 0.0 9.0 0.0
1506.034517111052 0.0 0.0 0.0 1.0 0.0 0.0 9.0 0.0
1507.034517111052 0.0 0.0 0.0 1.0 0.0 0.0 9.0 0.0
1508.034517111052 0.0 0.0 0.0 1.0 0.0 0.0 9.0 0.0
1509.021267908265 0.0 0.0 0.0 1.0 0.0 0.0 9.0 0.0
1510.018238933572 0.0 0.0 0.0 1.0 0.0 0.0 9.0 0.0
1511.0281670426637 0.0 0.0 0.0 1.0 0.0 0.0 9.0 0.0
1512.0128319826954 0.0 0.0 0.0 1.0 0.0 0.0 9.0 0.0
1513.0123963951623 0.0 0.0 0.0 1.0 0.0 0.0 9.0 0.0
1514.034517111052 0.0 0.0 0.0 1.0 0.0 0.0 9.0 0.0
1515.0111940980773 0.0 0.0 0.0 1.0 0.0 0.0 9.0 0.0
1516.0300070492287 0.0 0.0 0.0 1.0 0.0 0.0 9.0 0.0
1517.034517111052 0.0 0.0 0.0 1.0 0.0 0.0 9.0 0.0
1518.0227556359528 0.0 0.0 0.0 1.0 0.0 0.0 9.0 0.0
1519.0004105397109 0.0 0.0 0.0 1.0 0.0 0.0 9.0 0.0
1520.002714856651 0.0 0.0 0.0 1.0 0.0 0.0 9.0 0.0
1521.0107552730967 0.0 0.0 0.0 1.0 0.0 0.0 9.0 0.0
1522.0270551274434 0.0 0.0 0.0 1.0 0.0 0.0 9.0 0.0
1523.034517111052 0.0 0.0 0.0 1.0 0.0 0.0 9.0 0.0
1524.0013039637727 0.0 0.0 0.0 1.0 0.0 0.0 9.0 0.0
1525.009820840325 0.0 0.0 0.0 1.0 0.0 0.0 9.0 0.0
1526.034517111052 0.0 0.0 0.0 1.0 0.0 0.0 9.0 0.0
1527.0051393698545 0.0 0.0 0.0 1.0 0.0 0.0 9.0 0.0
1528.0335931505792 0.0 0.0 0.0 1.0 0.0 0.0 9.0 0.0
1529.0324194081484 0.0 0.0 0.0 1.0 0.0 0.0 9.0 0.0
1530.009398865306 0.0 0.0 0.0 1.0 0.0 0.0 9.0 0.0
1531.0062199375934 0.0 0.0 0.0 1.0 0.0 0.0 9.0 0.0
1532.0036507076302 0.0 0.0 0.0 1.0 0.0 0.0 9.0 0.0
1533.034517111052 0.0 0.0 0.0 1.0 0.0 0.0 9.0 0.0
1534.034517111052 0.0 0.0 0.0 1.0 0.0 0.0 9.0 0.0
1535.034517111052 0.0 0.0 0.0 1.0 0.0 0.0 9.0 0.0
1536.0167187000825 0.0 0.0 0.0 1.0 0.0 0.0 9.0 0.0
1537.0278695063726 0.0 0.0 0.0 1.0 0.0 0.0 9.0 0.0
1538.019533217037 0.0 0.0 0.0 1.0 0.0 0.0 9.0 0.0
1539.0005793749287 0.0 0.0 0.0 1.0 0.0 0.0 9.0 0.0
1540.034517111052 0.0 0.0 0.0 1.0 0.0 0.0 9.0 0.0
1541.0031762511333 0.0 0.0 0.0 1.0 0.0 0.0 9.0 0.0
1542.034517111052 0.0 0.0 0.0 1.0 0.0 0.0 9.0 0.0
1543.034517111052 0.0 0.0 0.0 1.0 0.0 0.0 9.0 0.0
1544.0095682926928 0.0 0.0 0.0 1.0 0.0 0.0 9.0 0.0
1545.0007906941246 0.0 0.0 0.0 1.0 0.0 0.0 9.0 0.0
1546.0285341737588 0.0 0.0 0.0 1.0 0.0 0.0 9.0 0.0
1547.0075587159542 0.0 0.0 0.0 1.0 0.0 0.0 9.0 0.0
1548.0003820864165 0.0 0.0 0.0 1.0 0.0 0.0 9.0 0.0
1549.0071227629096 0.0 0.0 0.0 1.0 0.0 0.0 9.0 0.0
1550.0263026348973 0.0 0.0 0.0 1.0 0.0 0.0 9.0 0.0
1551.034517111052 0.0 0.0 0.0 1.0 0.0 0.0 9.0 0.0
1552.034517111052 0.0 0.0 0.0 1.0 0.0 0.0 9.0 0.0
1553.007498779847 0.0 0.0 0.0 1.0 0.0 0.0 9.0 0.0
1554.0044358987623 0.0 0.0 0.0 1.0 0.0 0.0 9.0 0.0
1555.0256731766074 0.0 0.0 0.0 1.0 0.0 0.0 9.0 0.0
1556.034517111052 0.0 0.0 0.0 1.0 0.0 0.0 9.0 0.0
1557.034517111052 0.0 0.0 0.0 1.0 0.0 0.0 9.0 0.0
1558.034517111052 0.0 0.0 0.0 1.0 0.0 0.0 9.0 0.0
1559.0046895569733 0.0 0.0 0.0 1.0 0.0 0.0 9.0 0.0
1560.0299312857921 0.0 0.0 0.0 1.0 0.0 0.0 9.0 0.0
1561.0133725601459 0.0 0.0 0.0 1.0 0.0 0.0 9.0 0.0
1562.034517111052 0.0 0.0 0.0 1.0 0.0 0.0 9.0 0.0
1563.0198608035626 0.0 0.0 0.0 1.0 0.0 0.0 9.0 0.0
1564.0199411374786 0.0 0.0 0.0 1.0 0.0 0.0 9.0 0.0
1565.013955270949 0.0 0.0 0.0 1.0 0.0 0.0 9.0 0.0
1566.018235672056 0.0 0.0 0.0 1.0 0.0 0.0 9.0 0.0
1567.0060498377663 0.0 0.0 0.0 1.0 0.0 0.0 9.0 0.0
1568.0177607942678 0.0 0.0 0.0 1.0 0.0 0.0 9.0 0.0
1569.0294286811145 0.0 0.0 0.0 1.0 0.0 0.0 9.0 0.0
1570.034517111052 0.0 0.0 0.0 1.0 0.0 0.0 9.0 0.0
1571.0144134071936 0.0 0.0 0.0 1.0 0.0 0.0 9.0 0.0
1572.0176814006675 0.0 0.0 0.0 1.0 0.0 0.0 9.0 0.0
1573.010532910624 0.0 0.0 0.0 1.0 0.0 0.0 9.0 0.0
1574.034517111052 0.0 0.0 0.0 1.0 0.0 0.0 9.0 0.0
1575.0173871038687 0.0 0.0 0.0 1.0 0.0 0.0 9.0 0.0
1576.0196863444087 0.0 0.0 0.0 1.0 0.0 0.0 9.0 0.0
1577.001468640539 0.0 0.0 0.0 1.0 0.0 0.0 9.0 0.0
1578.0002939456244 0.0 0.0 0.0 1.0 0.0 0.0 9.0 0.0
1579.0203654586837 0.0 0.0 0.0 1.0 0.0 0.0 9.0 0.0
1580.003024890669 0.0 0.0 0.0 1.0 0.0 0.0 9.0 0.0
1581.034517111052 0.0 0.0 0.0 1.0 0.0 0.0 9.0 0.0
1582.034517111052 0.0 0.0 0.0 1.0 0.0 0.0 9.0 0.0
1583.034517111052 0.0 0.0 0.0 1.0 0.0 0.0 9.0 0.0
1584.0339336306372 0.0 0.0 0.0 1.0 0.0 0.0 9.0 0.0
1585.0278039302532 0.0 0.0 0.0 1.0 0.0 0.0 9.0 0.0
1586.034517111052 0.0 0.0 0.0 1.0 0.0 0.0 9.0 0.0
1587.0325811053679 0.0 0.0 0.0 1.0 0.0 0.0 9.0 0.0
1588.00181808864 0.0 0.0 0.0 1.0 0.0 0.0 9.0 0.0
1589.0068085368312 0.0 0.0 0.0 1.0 0.0 0.0 9.0 0.0
1590.0173353413447 0.0 0.0 0.0 1.0 0.0 0.0 9.0 0.0
1591.034517111052 0.0 0.0 0.0 1.0 0.0 0.0 9.0 0.0
1592.034517111052 0.0 0.0 0.0 1.0 0.0 0.0 9.0 0.0
1593.034517111052 0.0 0.0 0.0 1.0 0.0 0.0 9.0 0.0
1594.0049190846673 0.0 0.0 0.0 1.0 0.0 0.0 9.0 0.0
1595.0124222735324 0.0 0.0 0.0 1.0 0.0 0.0 9.0 0.0
1596.0045060226798 0.0 0.0 0.0 1.0 0.0 0.0 9.0 0.0
1597.0315571346484 0.0 0.0 0.0 1.0 0.0 0.0 9.0 0.0
1598.026539525777 0.0 0.0 0.0 1.0 0.0 0.0 9.0 0.0
1599.034517111052 0.0 0.0 0.0 1.0 0.0 0.0 9.0 0.0
1600.0223304529125 0.0 0.0 0.0 1.0 0.0 0.0 9.0 0.0
1601.0010886691377 0.0 0.0 0.0 1.0 0.0 0.0 9.0 0.0
1602.034517111052 0.0 0.0 0.0 1.0 0.0 0.0 9.0 0.0
1603.0258978179122 0.0 0.0 0.0 1.0 0.0 0.0 9.0 0.0
1604.013190201516 0.0 0.0 0.0 1.0 0.0 0.0 9.0 0.0
1605.0232926091687 0.0 0.0 0.0 1.0 0.0 0.0 9.0 0.0
1606.0314825595267 0.0 0.0 0.0 1.0 0.0 0.0 9.0 0.0
1607.0151743161484 0.0 0.0 0.0 1.0 0.0 0.0 9.0 0.0
1608.034517111052 0.0 0.0 0.0 1.0 0.0 0.0 9.0 0.0
1609.0074991071015 0.0 0.0 0.0 1.0 0.0 0.0 9.0 0.0
1610.015191541478 0.0 0.0 0.0 1.0 0.0 0.0 9.0 0.0
1611.0034949809458 0.0 0.0 0.0 1.0 0.0 0.0 9.0 0.0
1612.0225675216723 0.0 0.0 0.0 1.0 0.0 0.0 9.0 0.0
1613.0111918488135 0.0 0.0 0.0 1.0 0.0 0.0 9.0 0.0
1614.0122916639327 0.0 0.0 0.0 1.0 0.0 0.0 9.0 0.0
1615.034517111052 0.0 0.0 0.0 1.0 0.0 0.0 9.0 0.0
1616.0065939476763 0.0 0.0 0.0 1.0 0.0 0.0 9.0 0.0
1617.0323145135678 0.0 0.0 0.0 1.0 0.0 0.0 9.0 0.0
1618.008537186392 0.0 0.0 0.0 1.0 0.0 0.0 9.0 0.0
1619.0099381512584 0.0 0.0 0.0 1.0 0.0 0.0 9.0 0.0
1620.02908979977 0.0 0.0 0.0 1.0 0.0 0.0 9.0 0.0
1621.034517111052 0.0 0.0 0.0 1.0 0.0 0.0 9.0 0.0
1622.0111965571923 0.0 0.0 0.0 1.0 0.0 0.0 9.0 0.0
1623.034517111052 0.0 0.0 0.0 1.0 0.0 0.0 9.0 0.0
1624.034517111052 0.0 0.0 0.0 1.0 0.0 0.0 9.0 0.0
1625.034517111052 0.0 0.0 0.0 1.0 0.0 0.0 9.0 0.0
1626.0021947977623 0.0 0.0 0.0 1.0 0.0 0.0 9.0 0.0
1627.0336833991203 0.0 0.0 0.0 1.0 0.0 0.0 9.0 0.0
1628.0044702698349 0.0 0.0 0.0 1.0 0.0 0.0 9.0 0.0
1629.0191432137713 0.0 0.0 0.0 1.0 0.0 0.0 9.0 0.0
1630.0035292806654 0.0 0.0 0.0 1.0 0.0 0.0 9.0 0.0
1631.034517111052 0.0 0.0 0.0 1.0 0.0 0.0 9.0 0.0
1632.01215775676 0.0 0.0 0.0 1.0 0.0 0.0 9.0 0.0
1633.034517111052 0.0 0.0 0.0 1.0 0.0 0.0 9.0 0.0
1634.034517111052 0.0 0.0 0.0 1.0 0.0 0.0 9.0 0.0
1635.0196790813009 0.0 0.0 0.0 1.0 0.0 0.0 9.0 0.0
1636.0099848678399 0.0 0.0 0.0 1.0 0.0 0.0 9.0 0.0
1637.030870873028 0.0 0.0 0.0 1.0 0.0 0.0 9.0 0.0
1638.0181657205076 0.0 0.0 0.0 1.0 0.0 0.0 9.0 0.0
1639.034517111052 0.0 0.0 0.0 1.0 0.0 0.0 9.0 0.0
1640.0291274682272 0.0 0.0 0.0 1.0 0.0 0.0 9.0 0.0
1641.0006227895317 0.0 0.0 0.0 1.0 0.0 0.0 9.0 0.0
1642.0076171726787 0.0 0.0 0.0 1.0 0.0 0.0 9.0 0.0
1643.027809196323 0.0 0.0 0.0 1.0 0.0 0.0 9.0 0.0
1644.034517111052 0.0 0.0 0.0 1.0 0.0 0.0 9.0 0.0
1645.033239030918 0.0 0.0 0.0 1.0 0.0 0.0 9.0 0.0
1646.034517111052 0.0 0.0 0.0 1.0 0.0 0.0 9.0 0.0
1647.034517111052 0.0 0.0 0.0 1.0 0.0 0.0 9.0 0.0
1648.0191696638121 0.0 0.0 0.0 1.0 0.0 0.0 9.0 0.0
1649.0177064481556 0.0 0.0 0.0 1.0 0.0 0.0 9.0 0.0
1650.0058311157316 0.0 0.0 0.0 1.0 0.0 0.0 9.0 0.0
1651.034517111052 0.0 0.0 0.0 1.0 0.0 0.0 9.0 0.0
1652.0068303109763 0.0 0.0 0.0 1.0 0.0 0.0 9.0 0.0
1653.0224902430461 0.0 0.0 0.0 1.0 0.0 0.0 9.0 0.0
1654.0052112139476 0.0 0.0 0.0 1.0 0.0 0.0 9.0 0.0
1655.0237135068078 0.0 0.0 0.0 1.0 0.0 0.0 9.0 0.0
1656.0300377684591 0.0 0.0 0.0 1.0 0.0 0.0 9.0 0.0
1657.034517111052 0.0 0.0 0.0 1.0 0.0 0.0 9.0 0.0
1658.0270194162795 0.0 0.0 0.0 1.0 0.0 0.0 9.0 0.0
1659.0102968673702 0.0 0.0 0.0 1.0 0.0 0.0 9.0 0.0
1660.004574119229 0.0 0.0 0.0 1.0 0.0 0.0 9.0 0.0
1661.034517111052 0.0 0.0 0.0 1.0 0.0 0.0 9.0 0.0
1662.0167863698491 0.0 0.0 0.0 1.0 0.0 0.0 9.0 0.0
1663.0322036180273 0.0 0.0 0.0 1.0 0.0 0.0 9.0 0.0
1664.0001916539686 0.0 0.0 0.0 1.0 0.0 0.0 9.0 0.0
1665.007367433087 0.0 0.0 0.0 1.0 0.0 0.0 9.0 0.0
1666.0202860839706 0.0 0.0 0.0 1.0 0.0 0.0 9.0 0.0
1667.0141357205696 0.0 0.0 0.0 1.0 0.0 0.0 9.0 0.0
1668.034517111052 0.0 0.0 0.0 1.0 0.0 0.0 9.0 0.0
1669.0089886408446 0.0 0.0 0.0 1.0 0.0 0.0 9.0 0.0
1670.005946100264 0.0 0.0 0.0 1.0 0.0 0.0 9.0 0.0
1671.034517111052 0.0 0.0 0.0 1.0 0.0 0.0 9.0 0.0
1672.034517111052 0.0 0.0 0.0 1.0 0.0 0.0 9.0 0.0
1673.034517111052 0.0 0.0 0.0 1.0 0.0 0.0 9.0 0.0
1674.0040999514958 0.0 0.0 0.0 1.0 0.0 0.0 9.0 0.0
1675.021619320858 0.0 0.0 0.0 1.0 0.0 0.0 9.0 0.0
1676.0012463365706 0.0 0.0 0.0 1.0 0.0 0.0 9.0 0.0
1677.0189654663932 0.0 0.0 0.0 1.0 0.0 0.0 9.0 0.0
1678.034517111052 0.0 0.0 0.0 1.0 0.0 0.0 9.0 0.0
1679.0327715580106 0.0 0.0 0.0 1.0 0.0 0.0 9.0 0.0
1680.034517111052 0.0 0.0 0.0 1.0 0.0 0.0 9.0 0.0
1681.002155804488 0.0 0.0 0.0 1.0 0.0 0.0 9.0 0.0
1682.0214350171916 0.0 0.0 0.0 1.0 0.0 0.0 9.0 0.0
1683.005320921851 0.0 0.0 0.0 1.0 0.0 0.0 9.0 0.0
1684.0041466138662 0.0 0.0 0.0 1.0 0.0 0.0 9.0 0.0
1685.034517111052 0.0 0.0 0.0 1.0 0.0 0.0 9.0 0.0
1686.0042856195237 0.0 0.0 0.0 1.0 0.0 0.0 9.0 0.0
1687.0110920300142 0.0 0.0 0.0 1.0 0.0 0.0 9.0 0.0
1688.0074505787054 0.0 0.0 0.0 1.0 0.0 0.0 9.0 0.0
1689.0061781495667 0.0 0.0 0.0 1.0 0.0 0.0 9.0 0.0
1690.027593189117 0.0 0.0 0.0 1.0 0.0 0.0 9.0 0.0
1691.0090690192185 0.0 0.0 0.0 1.0 0.0 0.0 9.0 0.0
1692.034517111052 0.0 0.0 0.0 1.0 0.0 0.0 9.0 0.0
1693.0211349297233 0.0 0.0 0.0 1.0 0.0 0.0 9.0 0.0
1694.0151843223407 0.0 0.0 0.0 1.0 0.0 0.0 9.0 0.0
1695.0133192640335 0.0 0.0 0.0 1.0 0.0 0.0 9.0 0.0
1696.0119684759372 0.0 0.0 0.0 1.0 0.0 0.0 9.0 0.0
1697.0150102415769 0.0 0.0 0.0 1.0 0.0 0.0 9.0 0.0
1698.0037075825173 0.0 0.0 0.0 1.0 0.0 0.0 9.0 0.0
1699.002943890839 0.0 0.0 0.0 1.0 0.0 0.0 9.0 0.0
1700.0203903221266 0.0 0.0 0.0 1.0 0.0 0.0 9.0 0.0
1701.0143238394749 0.0 0.0 0.0 1.0 0.0 0.0 9.0 0.0
1702.00289437615 0.0 0.0 0.0 1.0 0.0 0.0 9.0 0.0
1703.0065460610685 0.0 0.0 0.0 1.0 0.0 0.0 9.0 0.0
1704.013494389274 0.0 0.0 0.0 1.0 0.0 0.0 9.0 0.0
1705.0245875899752 0.0 0.0 0.0 1.0 0.0 0.0 9.0 0.0
1706.034517111052 0.0 0.0 0.0 1.0 0.0 0.0 9.0 0.0
1707.034517111052 0.0 0.0 0.0 1.0 0.0 0.0 9.0 0.0
1708.034517111052 0.0 0.0 0.0 1.0 0.0 0.0 9.0 0.0
1709.012854600282 0.0 0.0 0.0 1.0 0.0 0.0 9.0 0.0
1710.0233910811653 0.0 0.0 0.0 1.0 0.0 0.0 9.0 0.0
1711.0153876445763 0.0 0.0 0.0 1.0 0.0 0.0 9.0 0.0
1712.0053907054898 0.0 0.0 0.0 1.0 0.0 0.0 9.0 0.0
1713.034517111052 0.0 0.0 0.0 1.0 0.0 0.0 9.0 0.0
1714.0027161618095 0.0 0.0 0.0 1.0 0.0 0.0 9.0 0.0
1715.0015592934415 0.0 0.0 0.0 1.0 0.0 0.0 9.0 0.0
1716.002626814735 0.0 0.0 0.0 1.0 0.0 0.0 9.0 0.0
1717.0033526020695 0.0 0.0 0.0 1.0 0.0 0.0 9.0 0.0
1718.0148735433286 0.0 0.0 0.0 1.0 0.0 0.0 9.0 0.0
1719.0165012170748 0.0 0.0 0.0 1.0 0.0 0.0 9.0 0.0
1720.0234328307106 0.0 0.0 0.0 1.0 0.0 0.0 9.0 0.0
1721.0220390237414 0.0 0.0 0.0 1.0 0.0 0.0 9.0 0.0
1722.034517111052 0.0 0.0 0.0 1.0 0.0 0.0 9.0 0.0
1723.0043470708729 0.0 0.0 0.0 1.0 0.0 0.0 9.0 0.0
1724.02035022747 0.0 0.0 0.0 1.0 0.0 0.0 9.0 0.0
1725.0024962559748 0.0 0.0 0.0 1.0 0.0 0.0 9.0 0.0
1726.0132974229723 0.0 0.0 0.0 1.0 0.0 0.0 9.0 0.0
1727.0064327229898 0.0 0.0 0.0 1.0 0.0 0.0 9.0 0.0
1728.0121946012307 0.0 0.0 0.0 1.0 0.0 0.0 9.0 0.0
1729.032117101301 0.0 0.0 0.0 1.0 0.0 0.0 9.0 0.0
1730.0025287672602 0.0 0.0 0.0 1.0 0.0 0.0 9.0 0.0
1731.034517111052 0.0 0.0 0.0 1.0 0.0 0.0 9.0 0.0
1732.0195926621436 0.0 0.0 0.0 1.0 0.0 0.0 9.0 0.0
1733.0021528052087 0.0 0.0 0.0 1.0 0.0 0.0 9.0 0.0
1734.002746913369 0.0 0.0 0.0 1.0 0.0 0.0 9.0 0.0
1735.034517111052 0.0 0.0 0.0 1.0 0.0 0.0 9.0 0.0
1736.0099708384473 0.0 0.0 0.0 1.0 0.0 0.0 9.0 0.0
1737.0000908888505 0.0 0.0 0.0 1.0 0.0 0.0 9.0 0.0
1738.034517111052 0.0 0.0 0.0 1.0 0.0 0.0 9.0 0.0
1739.034517111052 0.0 0.0 0.0 1.0 0.0 0.0 9.0 0.0
1740.034517111052 0.0 0.0 0.0 1.0 0.0 0.0 9.0 0.0
1741.0148483116345 0.0 0.0 0.0 1.0 0.0 0.0 9.0 0.0
1742.014925063854 0.0 0.0 0.0 1.0 0.0 0.0 9.0 0.0
1743.010640141317 0.0 0.0 0.0 1.0 0.0 0.0 9.0 0.0
1744.0223029236313 0.0 0.0 0.0 1.0 0.0 0.0 9.0 0.0
1745.0249422878712 0.0 0.0 0.0 1.0 0.0 0.0 9.0 0.0
1746.034517111052 0.0 0.0 0.0 1.0 0.0 0.0 9.0 0.0
1747.0320219715452 0.0 0.0 0.0 1.0 0.0 0.0 9.0 0.0
1748.034517111052 0.0 0.0 0.0 1.0 0.0 0.0 9.0 0.0
1749.0117077112018 0.0 0.0 0.0 1.0 0.0 0.0 9.0 0.0
1750.004056099793 0.0 0.0 0.0 1.0 0.0 0.0 9.0 0.0
1751.034376234377 0.0 0.0 0.0 1.0 0.0 0.0 9.0 0.0
1752.0052604807925 0.0 0.0 0.0 1.0 0.0 0.0 9.0 0.0
1753.0109621134197 0.0 0.0 0.0 1.0 0.0 0.0 9.0 0.0
1754.021662627079 0.0 0.0 0.0 1.0 0.0 0.0 9.0 0.0
1755.0069157483892 0.0 0.0 0.0 1.0 0.0 0.0 9.0 0.0
1756.0085208939686 0.0 0.0 0.0 1.0 0.0 0.0 9.0 0.0
1757.034517111052 0.0 0.0 0.0 1.0 0.0 0.0 9.0 0.0
1758.034517111052 0.0 0.0 0.0 1.0 0.0 0.0 9.0 0.0
1759.002887097901 0.0 0.0 0.0 1.0 0.0 0.0 9.0 0.0
1760.0061165657166 0.0 0.0 0.0 1.0 0.0 0.0 9.0 0.0
1761.0100088785523 0.0 0.0 0.0 1.0 0.0 0.0 9.0 0.0
1762.0318655644107 0.0 0.0 0.0 1.0 0.0 0.0 9.0 0.0
1763.0030105900014 0.0 0.0 0.0 1.0 0.0 0.0 9.0 0.0
1764.0017214176783 0.0 0.0 0.0 1.0 0.0 0.0 9.0 0.0
1765.034517111052 0.0 0.0 0.0 1.0 0.0 0.0 9.0 0.0
1766.034517111052 0.0 0.0 0.0 1.0 0.0 0.0 9.0 0.0
1767.034517111052 0.0 0.0 0.0 1.0 0.0 0.0 9.0 0.0
1768.0075561608342 0.0 0.0 0.0 1.0 0.0 0.0 9.0 0.0
1769.0143549959869 0.0 0.0 0.0 1.0 0.0 0.0 9.0 0.0
1770.0045890154086 0.0 0.0 0.0 1.0 0.0 0.0 9.0 0.0
1771.0112288527937 0.0 0.0 0.0 1.0 0.0 0.0 9.0 0.0
1772.034517111052 0.0 0.0 0.0 1.0 0.0 0.0 9.0 0.0
1773.0008453304858 0.0 0.0 0.0 1.0 0.0 0.0 9.0 0.0
1774.004211035974 0.0 0.0 0.0 1.0 0.0 0.0 9.0 0.0
1775.0220133751461 0.0 0.0 0.0 1.0 0.0 0.0 9.0 0.0
1776.020063263819 0.0 0.0 0.0 1.0 0.0 0.0 9.0 0.0
1777.034517111052 0.0 0.0 0.0 1.0 0.0 0.0 9.0 0.0
1778.0316293493993 0.0 0.0 0.0 1.0 0.0 0.0 9.0 0.0
1779.0316143006157 0.0 0.0 0.0 1.0 0.0 0.0 9.0 0.0
1780.0027128512813 0.0 0.0 0.0 1.0 0.0 0.0 9.0 0.0
1781.008409003204 0.0 0.0 0.0 1.0 0.0 0.0 9.0 0.0
1782.0111879553901 0.0 0.0 0.0 1.0 0.0 0.0 9.0 0.0
1783.0086293862291 0.0 0.0 0.0 1.0 0.0 0.0 9.0 0.0
1784.0056836986348 0.0 0.0 0.0 1.0 0.0 0.0 9.0 0.0
1785.024237144076 0.0 0.0 0.0 1.0 0.0 0.0 9.0 0.0
1786.007660737277 0.0 0.0 0.0 1.0 0.0 0.0 9.0 0.0
1787.011596142257 0.0 0.0 0.0 1.0 0.0 0.0 9.0 0.0
1788.0090439450075 0.0 0.0 0.0 1.0 0.0 0.0 9.0 0.0
1789.034517111052 0.0 0.0 0.0 1.0 0.0 0.0 9.0 0.0
1790.034517111052 0.0 0.0 0.0 1.0 0.0 0.0 9.0 0.0
1791.034517111052 0.0 0.0 0.0 1.0 0.0 0.0 9.0 0.0
1792.0082640753344 0.0 0.0 0.0 1.0 0.0 0.0 9.0 0.0
1793.034517111052 0.0 0.0 0.0 1.0 0.0 0.0 9.0 0.0
1794.007122560529 0.0 0.0 0.0 1.0 0.0 0.0 9.0 0.0
1795.034517111052 0.0 0.0 0.0 1.0 0.0 0.0 9.0 0.0
1796.003417605516 0.0 0.0 0.0 1.0 0.0 0.0 9.0 0.0
1797.0095478248113 0.0 0.0 0.0 1.0 0.0 0.0 9.0 0.0
1798.0000898750823 0.0 0.0 0.0 1.0 0.0 0.0 9.0 0.0
1799.0028334275705 0.0 0.0 0.0 1.0 0.0 0.0 9.0 0.0
1800.0051429745422 0.0 0.0 0.0 1.0 0.0 0.0 9.0 0.0
1801.0096108138455 0.0 0.0 0.0 1.0 0.0 0.0 9.0 0.0
1802.0105856896369 0.0 0.0 0.0 1.0 0.0 0.0 9.0 0.0
1803.006166206156 0.0 0.0 0.0 1.0 0.0 0.0 9.0 0.0
1804.000758111854 0.0 0.0 0.0 1.0 0.0 0.0 9.0 0.0
1805.034517111052 0.0 0.0 0.0 1.0 0.0 0.0 9.0 0.0
1806.034517111052 0.0 0.0 0.0 1.0 0.0 0.0 9.0 0.0
1807.0222987943398 0.0 0.0 0.0 1.0 0.0 0.0 9.0 0.0
1808.0048050715347 0.0 0.0 0.0 1.0 0.0 0.0 9.0 0.0
1809.016230427934 0.0 0.0 0.0 1.0 0.0 0.0 9.0 0.0
1810.0128410940963 0.0 0.0 0.0 1.0 0.0 0.0 9.0 0.0
1811.0079592973625 0.0 0.0 0.0 1.0 0.0 0.0 9.0 0.0
1812.001215468619 0.0 0.0 0.0 1.0 0.0 0.0 9.0 0.0
1813.0205493332403 0.0 0.0 0.0 1.0 0.0 0.0 9.0 0.0
1814.015980084433 0.0 0.0 0.0 1.0 0.0 0.0 9.0 0.0
1815.034517111052 0.0 0.0 0.0 1.0 0.0 0.0 9.0 0.0
1816.0090982401032 0.0 0.0 0.0 1.0 0.0 0.0 9.0 0.0
1817.02361551683 0.0 0.0 0.0 1.0 0.0 0.0 9.0 0.0
1818.009108196556 0.0 0.0 0.0 1.0 0.0 0.0 9.0 0.0
1819.034517111052 0.0 0.0 0.0 1.0 0.0 0.0 9.0 0.0
1820.034517111052 0.0 0.0 0.0 1.0 0.0 0.0 9.0 0.0
1821.0268454908876 0.0 0.0 0.0 1.0 0.0 0.0 9.0 0.0
1822.0161221141132 0.0 0.0 0.0 1.0 0.0 0.0 9.0 0.0
1823.0317764915897 0.0 0.0 0.0 1.0 0.0 0.0 9.0 0.0
1824.0009472440488 0.0 0.0 0.0 1.0 0.0 0.0 9.0 0.0
1825.0031278787978 0.0 0.0 0.0 1.0 0.0 0.0 9.0 0.0
1826.023717107296 0.0 0.0 0.0 1.0 0.0 0.0 9.0 0.0
1827.034517111052 0.0 0.0 0.0 1.0 0.0 0.0 9.0 0.0
1828.0204726178438 0.0 0.0 0.0 1.0 0.0 0.0 9.0 0.0
1829.0092771253062 0.0 0.0 0.0 1.0 0.0 0.0 9.0 0.0
1830.0049718557564 0.0 0.0 0.0 1.0 0.0 0.0 9.0 0.0
1831.0002628467707 0.0 0.0 0.0 1.0 0.0 0.0 9.0 0.0
1832.0097951341947 0.0 0.0 0.0 1.0 0.0 0.0 9.0 0.0
1833.034517111052 0.0 0.0 0.0 1.0 0.0 0.0 9.0 0.0
1834.0041047377906 0.0 0.0 0.0 1.0 0.0 0.0 9.0 0.0
1835.0048057082001 0.0 0.0 0.0 1.0 0.0 0.0 9.0 0.0
1836.0005941778757 0.0 0.0 0.0 1.0 0.0 0.0 9.0 0.0
1837.034517111052 0.0 0.0 0.0 1.0 0.0 0.0 9.0 0.0
1838.034517111052 0.0 0.0 0.0 1.0 0.0 0.0 9.0 0.0
1839.013832212783 0.0 0.0 0.0 1.0 0.0 0.0 9.0 0.0
1840.034517111052 0.0 0.0 0.0 1.0 0.0 0.0 9.0 0.0
1841.0018703532228 0.0 0.0 0.0 1.0 0.0 0.0 9.0 0.0
1842.0099031582615 0.0 0.0 0.0 1.0 0.0 0.0 9.0 0.0
1843.0081274541071 0.0 0.0 0.0 1.0 0.0 0.0 9.0 0.0
1844.0043982528107 0.0 0.0 0.0 1.0 0.0 0.0 9.0 0.0
1845.0031956769787 0.0 0.0 0.0 1.0 0.0 0.0 9.0 0.0
1846.0266345085565 0.0 0.0 0.0 1.0 0.0 0.0 9.0 0.0
1847.034517111052 0.0 0.0 0.0 1.0 0.0 0.0 9.0 0.0
1848.034517111052 0.0 0.0 0.0 1.0 0.0 0.0 9.0 0.0
1849.0122305804837 0.0 0.0 0.0 1.0 0.0 0.0 9.0 0.0
1850.0019242321757 0.0 0.0 0.0 1.0 0.0 0.0 9.0 0.0
1851.034517111052 0.0 0.0 0.0 1.0 0.0 0.0 9.0 0.0
1852.0023826974264 0.0 0.0 0.0 1.0 0.0 0.0 9.0 0.0
1853.0216473601354 0.0 0.0 0.0 1.0 0.0 0.0 9.0 0.0
1854.0177200573057 0.0 0.0 0.0 1.0 0.0 0.0 9.0 0.0
1855.034517111052 0.0 0.0 0.0 1.0 0.0 0.0 9.0 0.0
1856.014117313794 0.0 0.0 0.0 1.0 0.0 0.0 9.0 0.0
1857.034517111052 0.0 0.0 0.0 1.0 0.0 0.0 9.0 0.0
1858.0052704801633 0.0 0.0 0.0 1.0 0.0 0.0 9.0 0.0
1859.034517111052 0.0 0.0 0.0 1.0 0.0 0.0 9.0 0.0
1860.0085888498063 0.0 0.0 0.0 1.0 0.0 0.0 9.0 0.0
1861.0258330523536 0.0 0.0 0.0 1.0 0.0 0.0 9.0 0.0
1862.001147508838 0.0 0.0 0.0 1.0 0.0 0.0 9.0 0.0
1863.0189392690747 0.0 0.0 0.0 1.0 0.0 0.0 9.0 0.0
1864.034517111052 0.0 0.0 0.0 1.0 0.0 0.0 9.0 0.0
1865.0009498666423 0.0 0.0 0.0 1.0 0.0 0.0 9.0 0.0
1866.0012287612155 0.0 0.0 0.0 1.0 0.0 0.0 9.0 0.0
1867.0027159305944 0.0 0.0 0.0 1.0 0.0 0.0 9.0 0.0
1868.0081443957458 0.0 0.0 0.0 1.0 0.0 0.0 9.0 0.0
1869.034517111052 0.0 0.0 0.0 1.0 0.0 0.0 9.0 0.0
1870.0186652364266 0.0 0.0 0.0 1.0 0.0 0.0 9.0 0.0
1871.034517111052 0.0 0.0 0.0 1.0 0.0 0.0 9.0 0.0
1872.0277815457532 0.0 0.0 0.0 1.0 0.0 0.0 9.0 0.0
1873.0197480258666 0.0 0.0 0.0 1.0 0.0 0.0 9.0 0.0
1874.034517111052 0.0 0.0 0.0 1.0 0.0 0.0 9.0 0.0
1875.0106789843665 0.0 0.0 0.0 1.0 0.0 0.0 9.0 0.0
1876.031810743252 0.0 0.0 0.0 1.0 0.0 0.0 9.0 0.0
1877.0014895241059 0.0 0.0 0.0 1.0 0.0 0.0 9.0 0.0
1878.0125047516758 0.0 0.0 0.0 1.0 0.0 0.0 9.0 0.0
1879.0204324548927 0.0 0.0 0.0 1.0 0.0 0.0 9.0 0.0
1880.0321788267083 0.0 0.0 0.0 1.0 0.0 0.0 9.0 0.0
1881.034517111052 0.0 0.0 0.0 1.0 0.0 0.0 9.0 0.0
1882.0185342524242 0.0 0.0 0.0 1.0 0.0 0.0 9.0 0.0
1883.0082074595757 0.0 0.0 0.0 1.0 0.0 0.0 9.0 0.0
1884.0071740587118 0.0 0.0 0.0 1.0 0.0 0.0 9.0 0.0
1885.0136749458875 0.0 0.0 0.0 1.0 0.0 0.0 9.0 0.0
1886.014942493135 0.0 0.0 0.0 1.0 0.0 0.0 9.0 0.0
1887.0211276602886 0.0 0.0 0.0 1.0 0.0 0.0 9.0 0.0
1888.000569793717 0.0 0.0 0.0 1.0 0.0 0.0 9.0 0.0
1889.034517111052 0.0 0.0 0.0 1.0 0.0 0.0 9.0 0.0
1890.034517111052 0.0 0.0 0.0 1.0 0.0 0.0 9.0 0.0
1891.0001114591287 0.0 0.0 0.0 1.0 0.0 0.0 9.0 0.0
1892.0018030162632 0.0 0.0 0.0 1.0 0.0 0.0 9.0 0.0
1893.0065540312276 0.0 0.0 0.0 1.0 0.0 0.0 9.0 0.0
1894.0224579260525 0.0 0.0 0.0 1.0 0.0 0.0 9.0 0.0
1895.0055787426759 0.0 0.0 0.0 1.0 0.0 0.0 9.0 0.0
1896.034517111052 0.0 0.0 0.0 1.0 0.0 0.0 9.0 0.0
1897.0140570275148 0.0 0.0 0.0 1.0 0.0 0.0 9.0 0.0
1898.0029162050125 0.0 0.0 0.0 1.0 0.0 0.0 9.0 0.0
1899.0010339229611 0.0 0.0 0.0 1.0 0.0 0.0 9.0 0.0
1900.0066304689997 0.0 0.0 0.0 1.0 0.0 0.0 9.0 0.0
1901.034517111052 0.0 0.0 0.0 1.0 0.0 0.0 9.0 0.0
1902.0279273246356 0.0 0.0 0.0 1.0 0.0 0.0 9.0 0.0
1903.0156340916246 0.0 0.0 0.0 1.0 0.0 0.0 9.0 0.0
1904.034517111052 0.0 0.0 0.0 1.0 0.0 0.0 9.0 0.0
1905.0188012123258 0.0 0.0 0.0 1.0 0.0 0.0 9.0 0.0
1906.0176314568905 0.0 0.0 0.0 1.0 0.0 0.0 9.0 0.0
1907.00693191621 0.0 0.0 0.0 1.0 0.0 0.0 9.0 0.0
1908.0059204547865 0.0 0.0 0.0 1.0 0.0 0.0 9.0 0.0
1909.0113559861759 0.0 0.0 0.0 1.0 0.0 0.0 9.0 0.0
1910.0276866594756 0.0 0.0 0.0 1.0 0.0 0.0 9.0 0.0
1911.034517111052 0.0 0.0 0.0 1.0 0.0 0.0 9.0 0.0
1912.010360976318 0.0 0.0 0.0 1.0 0.0 0.0 9.0 0.0
1913.034517111052 0.0 0.0 0.0 1.0 0.0 0.0 9.0 0.0
1914.0071561512395 0.0 0.0 0.0 1.0 0.0 0.0 9.0 0.0
1915.0255494339876 0.0 0.0 0.0 1.0 0.0 0.0 9.0 0.0
1916.0321666148582 0.0 0.0 0.0 1.0 0.0 0.0 9.0 0.0
1917.034517111052 0.0 0.0 0.0 1.0 0.0 0.0 9.0 0.0
1918.0018027585718 0.0 0.0 0.0 1.0 0.0 0.0 9.0 0.0
1919.034517111052 0.0 0.0 0.0 1.0 0.0 0.0 9.0 0.0
1920.0014147630386 0.0 0.0 0.0 1.0 0.0 0.0 9.0 0.0
1921.015120255747 0.0 0.0 0.0 1.0 0.0 0.0 9.0 0.0
1922.0023117236606 0.0 0.0 0.0 1.0 0.0 0.0 9.0 0.0
1923.034517111052 0.0 0.0 0.0 1.0 0.0 0.0 9.0 0.0
1924.034517111052 0.0 0.0 0.0 1.0 0.0 0.0 9.0 0.0
1925.0160535781804 0.0 0.0 0.0 1.0 0.0 0.0 9.0 0.0
1926.000630642264 0.0 0.0 0.0 1.0 0.0 0.0 9.0 0.0
1927.015117637448 0.0 0.0 0.0 1.0 0.0 0.0 9.0 0.0
1928.0296735738953 0.0 0.0 0.0 1.0 0.0 0.0 9.0 0.0
1929.034517111052 0.0 0.0 0.0 1.0 0.0 0.0 9.0 0.0
1930.034517111052 0.0 0.0 0.0 1.0 0.0 0.0 9.0 0.0
1931.000279483809 0.0 0.0 0.0 1.0 0.0 0.0 9.0 0.0
1932.0020547677464 0.0 0.0 0.0 1.0 0.0 0.0 9.0 0.0
1933.004747031816 0.0 0.0 0.0 1.0 0.0 0.0 9.0 0.0
1934.022594035686 0.0 0.0 0.0 1.0 0.0 0.0 9.0 0.0
1935.034517111052 0.0 0.0 0.0 1.0 0.0 0.0 9.0 0.0
1936.034517111052 0.0 0.0 0.0 1.0 0.0 0.0 9.0 0.0
1937.034517111052 0.0 0.0 0.0 1.0 0.0 0.0 9.0 0.0
1938.0329381033118 0.0 0.0 0.0 1.0 0.0 0.0 9.0 0.0
1939.009708931315 0.0 0.0 0.0 1.0 0.0 0.0 9.0 0.0
1940.034517111052 0.0 0.0 0.0 1.0 0.0 0.0 9.0 0.0
1941.0054791532227 0.0 0.0 0.0 1.0 0.0 0.0 9.0 0.0
1942.034517111052 0.0 0.0 0.0 1.0 0.0 0.0 9.0 0.0
1943.0197964106999 0.0 0.0 0.0 1.0 0.0 0.0 9.0 0.0
1944.002861646649 0.0 0.0 0.0 1.0 0.0 0.0 9.0 0.0
1945.0018599650757 0.0 0.0 0.0 1.0 0.0 0.0 9.0 0.0
1946.0142733896953 0.0 0.0 0.0 1.0 0.0 0.0 9.0 0.0
1947.0096881285979 0.0 0.0 0.0 1.0 0.0 0.0 9.0 0.0
1948.01196747525 0.0 0.0 0.0 1.0 0.0 0.0 9.0 0.0
1949.0017847794124 0.0 0.0 0.0 1.0 0.0 0.0 9.0 0.0
1950.009181254077 0.0 0.0 0.0 1.0 0.0 0.0 9.0 0.0
1951.0120750852325 0.0 0.0 0.0 1.0 0.0 0.0 9.0 0.0
1952.0305888859218 0.0 0.0 0.0 1.0 0.0 0.0 9.0 0.0
1953.034517111052 0.0 0.0 0.0 1.0 0.0 0.0 9.0 0.0
1954.0100625710245 0.0 0.0 0.0 1.0 0.0 0.0 9.0 0.0
1955.019044927621 0.0 0.0 0.0 1.0 0.0 0.0 9.0 0.0
1956.0047339512128 0.0 0.0 0.0 1.0 0.0 0.0 9.0 0.0
1957.001121425197 0.0 0.0 0.0 1.0 0.0 0.0 9.0 0.0
1958.0343833192144 0.0 0.0 0.0 1.0 0.0 0.0 9.0 0.0
1959.0276607944134 0.0 0.0 0.0 1.0 0.0 0.0 9.0 0.0
1960.0193389452352 0.0 0.0 0.0 1.0 0.0 0.0 9.0 0.0
1961.0104450781682 0.0 0.0 0.0 1.0 0.0 0.0 9.0 0.0
1962.0181055018452 0.0 0.0 0.0 1.0 0.0 0.0 9.0 0.0
1963.0017896911104 0.0 0.0 0.0 1.0 0.0 0.0 9.0 0.0
1964.0338378344206 0.0 0.0 0.0 1.0 0.0 0.0 9.0 0.0
1965.0323133537345 0.0 0.0 0.0 1.0 0.0 0.0 9.0 0.0
1966.022753424839 0.0 0.0 0.0 1.0 0.0 0.0 9.0 0.0
1967.009261678202 0.0 0.0 0.0 1.0 0.0 0.0 9.0 0.0
1968.034517111052 0.0 0.0 0.0 1.0 0.0 0.0 9.0 0.0
1969.0287500911527 0.0 0.0 0.0 1.0 0.0 0.0 9.0 0.0
1970.0236018289486 0.0 0.0 0.0 1.0 0.0 0.0 9.0 0.0
1971.0110886252635 0.0 0.0 0.0 1.0 0.0 0.0 9.0 0.0
1972.0100797361192 0.0 0.0 0.0 1.0 0.0 0.0 9.0 0.0
1973.0179241439569 0.0 0.0 0.0 1.0 0.0 0.0 9.0 0.0
1974.0265317683659 0.0 0.0 0.0 1.0 0.0 0.0 9.0 0.0
1975.034517111052 0.0 0.0 0.0 1.0 0.0 0.0 9.0 0.0
1976.0158324646789 0.0 0.0 0.0 1.0 0.0 0.0 9.0 0.0
1977.034517111052 0.0 0.0 0.0 1.0 0.0 0.0 9.0 0.0
1978.0077712098687 0.0 0.0 0.0 1.0 0.0 0.0 9.0 0.0
1979.0272813168872 0.0 0.0 0.0 1.0 0.0 0.0 9.0 0.0
1980.0336048828487 0.0 0.0 0.0 1.0 0.0 0.0 9.0 0.0
1981.0170903034063 0.0 0.0 0.0 1.0 0.0 0.0 9.0 0.0
1982.034517111052 0.0 0.0 0.0 1.0 0.0 0.0 9.0 0.0
1983.0137147659439 0.0 0.0 0.0 1.0 0.0 0.0 9.0 0.0
1984.0236777550942 0.0 0.0 0.0 1.0 0.0 0.0 9.0 0.0
1985.0192740787293 0.0 0.0 0.0 1.0 0.0 0.0 9.0 0.0
1986.021008892293 0.0 0.0 0.0 1.0 0.0 0.0 9.0 0.0
1987.0307196824303 0.0 0.0 0.0 1.0 0.0 0.0 9.0 0.0
1988.034517111052 0.0 0.0 0.0 1.0 0.0 0.0 9.0 0.0
1989.001088909448 0.0 0.0 0.0 1.0 0.0 0.0 9.0 0.0
1990.0018408916653 0.0 0.0 0.0 1.0 0.0 0.0 9.0 0.0
1991.034517111052 0.0 0.0 0.0 1.0 0.0 0.0 9.0 0.0
1992.005307338876 0.0 0.0 0.0 1.0 0.0 0.0 9.0 0.0
1993.019516145991 0.0 0.0 0.0 1.0 0.0 0.0 9.0 0.0
1994.005099799788 0.0 0.0 0.0 1.0 0.0 0.0 9.0 0.0
1995.0160163288351 0.0 0.0 0.0 1.0 0.0 0.0 9.0 0.0
1996.0154892599235 0.0 0.0 0.0 1.0 0.0 0.0 9.0 0.0
1997.01641391152 0.0 0.0 0.0 1.0 0.0 0.0 9.0 0.0
1998.0138516630075 0.0 0.0 0.0 1.0 0.0 0.0 9.0 0.0
1999.0227907306926 0.0 0.0 0.0 1.0 0.0 0.0 9.0 0.0
2000.0215657195386 0.0 0.0 0.0 1.0 0.0 0.0 9.0 0.0
2001.030006770904 0.0 0.0 0.0 1.0 0.0 0.0 9.0 0.0
2002.034517111052 0.0 0.0 0.0 1.0 0.0 0.0 9.0 0.0
2003.034517111052 0.0 0.0 0.0 1.0 0.0 0.0 9.0 0.0
2004.0011274224514 0.0 0.0 0.0 1.0 0.0 0.0 9.0 0.0
2005.0065064939843 0.0 0.0 0.0 1.0 0.0 0.0 9.0 0.0
2006.0012294267608 0.0 0.0 0.0 1.0 0.0 0.0 9.0 0.0
2007.034517111052 0.0 0.0 0.0 1.0 0.0 0.0 9.0 0.0
2008.034517111052 0.0 0.0 0.0 1.0 0.0 0.0 9.0 0.0
2009.0015131656744 0.0 0.0 0.0 1.0 0.0 0.0 9.0 0.0
2010.0199209233044 0.0 0.0 0.0 1.0 0.0 0.0 9.0 0.0
2011.0210513630834 0.0 0.0 0.0 1.0 0.0 0.0 9.0 0.0
2012.034517111052 0.0 0.0 0.0 1.0 0.0 0.0 9.0 0.0
2013.0122615545215 0.0 0.0 0.0 1.0 0.0 0.0 9.0 0.0
2014.0030806934462 0.0 0.0 0.0 1.0 0.0 0.0 9.0 0.0
2015.034517111052 0.0 0.0 0.0 1.0 0.0 0.0 9.0 0.0
2016.0241819362461 0.0 0.0 0.0 1.0 0.0 0.0 9.0 0.0
2017.034517111052 0.0 0.0 0.0 1.0 0.0 0.0 9.0 0.0
2018.0032375092892 0.0 0.0 0.0 1.0 0.0 0.0 9.0 0.0
2019.0025338198504 0.0 0.0 0.0 1.0 0.0 0.0 9.0 0.0
2020.034517111052 0.0 0.0 0.0 1.0 0.0 0.0 9.0 0.0
2021.0000558316297 0.0 0.0 0.0 1.0 0.0 0.0 9.0 0.0
2022.0167622659244 0.0 0.0 0.0 1.0 0.0 0.0 9.0 0.0
2023.024917792772 0.0 0.0 0.0 1.0 0.0 0.0 9.0 0.0
2024.010054998684 0.0 0.0 0.0 1.0 0.0 0.0 9.0 0.0
2025.0197833047916 0.0 0.0 0.0 1.0 0.0 0.0 9.0 0.0
2026.0068706274924 0.0 0.0 0.0 1.0 0.0 0.0 9.0 0.0
2027.0103710022213 0.0 0.0 0.0 1.0 0.0 0.0 9.0 0.0
2028.015487173725 0.0 0.0 0.0 1.0 0.0 0.0 9.0 0.0
2029.0094694618028 0.0 0.0 0.0 1.0 0.0 0.0 9.0 0.0
2030.0008832423568 0.0 0.0 0.0 1.0 0.0 0.0 9.0 0.0
2031.034517111052 0.0 0.0 0.0 1.0 0.0 0.0 9.0 0.0
2032.034517111052 0.0 0.0 0.0 1.0 0.0 0.0 9.0 0.0
2033.0068955481931 0.0 0.0 0.0 1.0 0.0 0.0 9.0 0.0
2034.0259122399432 0.0 0.0 0.0 1.0 0.0 0.0 9.0 0.0
2035.0222870927496 0.0 0.0 0.0 1.0 0.0 0.0 9.0 0.0
2036.0304429170735 0.0 0.0 0.0 1.0 0.0 0.0 9.0 0.0
2037.034517111052 0.0 0.0 0.0 1.0 0.0 0.0 9.0 0.0
2038.034517111052 0.0 0.0 0.0 1.0 0.0 0.0 9.0 0.0
2039.0005471409725 0.0 0.0 0.0 1.0 0.0 0.0 9.0 0.0
2040.0205950185054 0.0 0.0 0.0 1.0 0.0 0.0 9.0 0.0
2041.0212413715694 0.0 0.0 0.0 1.0 0.0 0.0 9.0 0.0
2042.0034724967777 0.0 0.0 0.0 1.0 0.0 0.0 9.0 0.0
2043.0185494574241 0.0 0.0 0.0 1.0 0.0 0.0 9.0 0.0
2044.0113729281866 0.0 0.0 0.0 1.0 0.0 0.0 9.0 0.0
2045.010250238221 0.0 0.0 0.0 1.0 0.0 0.0 9.0 0.0
2046.0105293793376 0.0 0.0 0.0 1.0 0.0 0.0 9.0 0.0
2047.0283881133923 0.0 0.0 0.0 1.0 0.0 0.0 9.0 0.0
2048.0052864241875 0.0 0.0 0.0 1.0 0.0 0.0 9.0 0.0
2049.034517111052 0.0 0.0 0.0 1.0 0.0 0.0 9.0 0.0
2050.005343233077 0.0 0.0 0.0 1.0 0.0 0.0 9.0 0.0
2051.032880873664 0.0 0.0 0.0 1.0 0.0 0.0 9.0 0.0
2052.005155941107 0.0 0.0 0.0 1.0 0.0 0.0 9.0 0.0
2053.006287913113 0.0 0.0 0.0 1.0 0.0 0.0 9.0 0.0
2054.0025236320175 0.0 0.0 0.0 1.0 0.0 0.0 9.0 0.0
2055.0069710109174 0.0 0.0 0.0 1.0 0.0 0.0 9.0 0.0
2056.0118072698037 0.0 0.0 0.0 1.0 0.0 0.0 9.0 0.0
2057.034517111052 0.0 0.0 0.0 1.0 0.0 0.0 9.0 0.0
2058.034517111052 0.0 0.0 0.0 1.0 0.0 0.0 9.0 0.0
2059.034517111052 0.0 0.0 0.0 1.0 0.0 0.0 9.0 0.0
2060.034517111052 0.0 0.0 0.0 1.0 0.0 0.0 9.0 0.0
2061.0084530244794 0.0 0.0 0.0 1.0 0.0 0.0 9.0 0.0
2062.034517111052 0.0 0.0 0.0 1.0 0.0 0.0 9.0 0.0
2063.0221692090317 0.0 0.0 0.0 1.0 0.0 0.0 9.0 0.0
2064.0300266859454 0.0 0.0 0.0 1.0 0.0 0.0 9.0 0.0
2065.034517111052 0.0 0.0 0.0 1.0 0.0 0.0 9.0 0.0
2066.0056061361274 0.0 0.0 0.0 1.0 0.0 0.0 9.0 0.0
2067.0207154156997 0.0 0.0 0.0 1.0 0.0 0.0 9.0 0.0
2068.034517111052 0.0 0.0 0.0 1.0 0.0 0.0 9.0 0.0
2069.0160299860763 0.0 0.0 0.0 1.0 0.0 0.0 9.0 0.0
2070.034517111052 0.0 0.0 0.0 1.0 0.0 0.0 9.0 0.0
2071.002955540444 0.0 0.0 0.0 1.0 0.0 0.0 9.0 0.0
2072.013837630342 0.0 0.0 0.0 1.0 0.0 0.0 9.0 0.0
2073.0152968401194 0.0 0.0 0.0 1.0 0.0 0.0 9.0 0.0
2074.0024945937794 0.0 0.0 0.0 1.0 0.0 0.0 9.0 0.0
2075.0052750837303 0.0 0.0 0.0 1.0 0.0 0.0 9.0 0.0
2076.0019351952174 0.0 0.0 0.0 1.0 0.0 0.0 9.0 0.0
2077.012891361957 0.0 0.0 0.0 1.0 0.0 0.0 9.0 0.0
2078.034517111052 0.0 0.0 0.0 1.0 0.0 0.0 9.0 0.0
2079.034517111052 0.0 0.0 0.0 1.0 0.0 0.0 9.0 0.0
2080.0228305877326 0.0 0.0 0.0 1.0 0.0 0.0 9.0 0.0
2081.034517111052 0.0 0.0 0.0 1.0 0.0 0.0 9.0 0.0
2082.023906060074 0.0 0.0 0.0 1.0 0.0 0.0 9.0 0.0
2083.0139660535565 0.0 0.0 0.0 1.0 0.0 0.0 9.0 0.0
2084.0057855514824 0.0 0.0 0.0 1.0 0.0 0.0 9.0 0.0
2085.034517111052 0.0 0.0 0.0 1.0 0.0 0.0 9.0 0.0
2086.010476507675 0.0 0.0 0.0 1.0 0.0 0.0 9.0 0.0
2087.034517111052 0.0 0.0 0.0 1.0 0.0 0.0 9.0 0.0
2088.034517111052 0.0 0.0 0.0 1.0 0.0 0.0 9.0 0.0
2089.024153915835 0.0 0.0 0.0 1.0 0.0 0.0 9.0 0.0
2090.034517111052 0.0 0.0 0.0 1.0 0.0 0.0 9.0 0.0
2091.034517111052 0.0 0.0 0.0 1.0 0.0 0.0 9.0 0.0
2092.0239838058483 0.0 0.0 0.0 1.0 0.0 0.0 9.0 0.0
2093.013336817398 0.0 0.0 0.0 1.0 0.0 0.0 9.0 0.0
2094.0071041195765 0.0 0.0 0.0 1.0 0.0 0.0 9.0 0.0
2095.0208464047337 0.0 0.0 0.0 1.0 0.0 0.0 9.0 0.0
2096.0114043307453 0.0 0.0 0.0 1.0 0.0 0.0 9.0 0.0
2097.0137991200604 0.0 0.0 0.0 1.0 0.0 0.0 9.0 0.0
2098.0237308718974 0.0 0.0 0.0 1.0 0.0 0.0 9.0 0.0
2099.0321153059963 0.0 0.0 0.0 1.0 0.0 0.0 9.0 0.0
2100.034517111052 0.0 0.0 0.0 1.0 0.0 0.0 9.0 0.0
2101.0221040411925 0.0 0.0 0.0 1.0 0.0 0.0 9.0 0.0
2102.0214648401793 0.0 0.0 0.0 1.0 0.0 0.0 9.0 0.0
2103.0272039530464 0.0 0.0 0.0 1.0 0.0 0.0 9.0 0.0
2104.0332838362533 0.0 0.0 0.0 1.0 0.0 0.0 9.0 0.0
2105.034517111052 0.0 0.0 0.0 1.0 0.0 0.0 9.0 0.0
2106.0234580146175 0.0 0.0 0.0 1.0 0.0 0.0 9.0 0.0
2107.034517111052 0.0 0.0 0.0 1.0 0.0 0.0 9.0 0.0
2108.034517111052 0.0 0.0 0.0 1.0 0.0 0.0 9.0 0.0
2109.00257281377 0.0 0.0 0.0 1.0 0.0 0.0 9.0 0.0
2110.0056135642208 0.0 0.0 0.0 1.0 0.0 0.0 9.0 0.0
2111.0018334272813 0.0 0.0 0.0 1.0 0.0 0.0 9.0 0.0
2112.0257281544095 0.0 0.0 0.0 1.0 0.0 0.0 9.0 0.0
2113.034517111052 0.0 0.0 0.0 1.0 0.0 0.0 9.0 0.0
2114.0093266388626 0.0 0.0 0.0 1.0 0.0 0.0 9.0 0.0
2115.0162544718564 0.0 0.0 0.0 1.0 0.0 0.0 9.0 0.0
2116.034517111052 0.0 0.0 0.0 1.0 0.0 0.0 9.0 0.0
2117.0253187344774 0.0 0.0 0.0 1.0 0.0 0.0 9.0 0.0
2118.001194029007 0.0 0.0 0.0 1.0 0.0 0.0 9.0 0.0
2119.0322772819495 0.0 0.0 0.0 1.0 0.0 0.0 9.0 0.0
2120.0092866843506 0.0 0.0 0.0 1.0 0.0 0.0 9.0 0.0
2121.0055735738956 0.0 0.0 0.0 1.0 0.0 0.0 9.0 0.0
2122.034517111052 0.0 0.0 0.0 1.0 0.0 0.0 9.0 0.0
2123.034517111052 0.0 0.0 0.0 1.0 0.0 0.0 9.0 0.0
2124.0169075273343 0.0 0.0 0.0 1.0 0.0 0.0 9.0 0.0
2125.0064007463066 0.0 0.0 0.0 1.0 0.0 0.0 9.0 0.0
2126.005279176645 0.0 0.0 0.0 1.0 0.0 0.0 9.0 0.0
2127.034517111052 0.0 0.0 0.0 1.0 0.0 0.0 9.0 0.0
2128.0009822194675 0.0 0.0 0.0 1.0 0.0 0.0 9.0 0.0
2129.034517111052 0.0 0.0 0.0 1.0 0.0 0.0 9.0 0.0
2130.034517111052 0.0 0.0 0.0 1.0 0.0 0.0 9.0 0.0
2131.020084205425 0.0 0.0 0.0 1.0 0.0 0.0 9.0 0.0
2132.022151004473 0.0 0.0 0.0 1.0 0.0 0.0 9.0 0.0
2133.0206501706543 0.0 0.0 0.0 1.0 0.0 0.0 9.0 0.0
2134.0029229150655 0.0 0.0 0.0 1.0 0.0 0.0 9.0 0.0
2135.021445508513 0.0 0.0 0.0 1.0 0.0 0.0 9.0 0.0
2136.0302035286863 0.0 0.0 0.0 1.0 0.0 0.0 9.0 0.0
2137.034517111052 0.0 0.0 0.0 1.0 0.0 0.0 9.0 0.0
2138.034517111052 0.0 0.0 0.0 1.0 0.0 0.0 9.0 0.0
2139.030682045714 0.0 0.0 0.0 1.0 0.0 0.0 9.0 0.0
2140.013316022097 0.0 0.0 0.0 1.0 0.0 0.0 9.0 0.0
2141.021681079899 0.0 0.0 0.0 1.0 0.0 0.0 9.0 0.0
2142.034517111052 0.0 0.0 0.0 1.0 0.0 0.0 9.0 0.0
2143.034517111052 0.0 0.0 0.0 1.0 0.0 0.0 9.0 0.0
2144.033716444814 0.0 0.0 0.0 1.0 0.0 0.0 9.0 0.0
2145.0040357962516 0.0 0.0 0.0 1.0 0.0 0.0 9.0 0.0
2146.020626618049 0.0 0.0 0.0 1.0 0.0 0.0 9.0 0.0
2147.00207182192 0.0 0.0 0.0 1.0 0.0 0.0 9.0 0.0
2148.0060617955596 0.0 0.0 0.0 1.0 0.0 0.0 9.0 0.0
2149.009255740115 0.0 0.0 0.0 1.0 0.0 0.0 9.0 0.0
2150.034517111052 0.0 0.0 0.0 1.0 0.0 0.0 9.0 0.0
2151.012636307405 0.0 0.0 0.0 1.0 0.0 0.0 9.0 0.0
2152.0117308770564 0.0 0.0 0.0 1.0 0.0 0.0 9.0 0.0
2153.006092955253 0.0 0.0 0.0 1.0 0.0 0.0 9.0 0.0
2154.034517111052 0.0 0.0 0.0 1.0 0.0 0.0 9.0 0.0
2155.034517111052 0.0 0.0 0.0 1.0 0.0 0.0 9.0 0.0
2156.034517111052 0.0 0.0 0.0 1.0 0.0 0.0 9.0 0.0
2157.010192508289 0.0 0.0 0.0 1.0 0.0 0.0 9.0 0.0
2158.0196336296076 0.0 0.0 0.0 1.0 0.0 0.0 9.0 0.0
2159.0119171744545 0.0 0.0 0.0 1.0 0.0 0.0 9.0 0.0
2160.015942512182 0.0 0.0 0.0 1.0 0.0 0.0 9.0 0.0
2161.034517111052 0.0 0.0 0.0 1.0 0.0 0.0 9.0 0.0
2162.0038181607797 0.0 0.0 0.0 1.0 0.0 0.0 9.0 0.0
2163.000718045761 0.0 0.0 0.0 1.0 0.0 0.0 9.0 0.0
2164.009684426174 0.0 0.0 0.0 1.0 0.0 0.0 9.0 0.0
2165.006759623578 0.0 0.0 0.0 1.0 0.0 0.0 9.0 0.0
2166.016512911704 0.0 0.0 0.0 1.0 0.0 0.0 9.0 0.0
2167.0143007079764 0.0 0.0 0.0 1.0 0.0 0.0 9.0 0.0
2168.0166272747174 0.0 0.0 0.0 1.0 0.0 0.0 9.0 0.0
2169.02154981587 0.0 0.0 0.0 1.0 0.0 0.0 9.0 0.0
2170.025251408803 0.0 0.0 0.0 1.0 0.0 0.0 9.0 0.0
2171.034517111052 0.0 0.0 0.0 1.0 0.0 0.0 9.0 0.0
2172.0256251739133 0.0 0.0 0.0 1.0 0.0 0.0 9.0 0.0
2173.0112762437534 0.0 0.0 0.0 1.0 0.0 0.0 9.0 0.0
2174.0139297199457 0.0 0.0 0.0 1.0 0.0 0.0 9.0 0.0
2175.0070640385984 0.0 0.0 0.0 1.0 0.0 0.0 9.0 0.0
2176.0067064660366 0.0 0.0 0.0 1.0 0.0 0.0 9.0 0.0
2177.034517111052 0.0 0.0 0.0 1.0 0.0 0.0 9.0 0.0
2178.034517111052 0.0 0.0 0.0 1.0 0.0 0.0 9.0 0.0
2179.034094212452 0.0 0.0 0.0 1.0 0.0 0.0 9.0 0.0
2180.034517111052 0.0 0.0 0.0 1.0 0.0 0.0 9.0 0.0
2181.034517111052 0.0 0.0 0.0 1.0 0.0 0.0 9.0 0.0
2182.034517111052 0.0 0.0 0.0 1.0 0.0 0.0 9.0 0.0
2183.0076844544515 0.0 0.0 0.0 1.0 0.0 0.0 9.0 0.0
2184.0050091163407 0.0 0.0 0.0 1.0 0.0 0.0 9.0 0.0
2185.007804373565 0.0 0.0 0.0 1.0 0.0 0.0 9.0 0.0
2186.0247837402703 0.0 0.0 0.0 1.0 0.0 0.0 9.0 0.0
2187.0185381599435 0.0 0.0 0.0 1.0 0.0 0.0 9.0 0.0
2188.014848362847 0.0 0.0 0.0 1.0 0.0 0.0 9.0 0.0
2189.001661740172 0.0 0.0 0.0 1.0 0.0 0.0 9.0 0.0
2190.034517111052 0.0 0.0 0.0 1.0 0.0 0.0 9.0 0.0
2191.0014453284753 0.0 0.0 0.0 1.0 0.0 0.0 9.0 0.0
2192.0061374411944 0.0 0.0 0.0 1.0 0.0 0.0 9.0 0.0
2193.034517111052 0.0 0.0 0.0 1.0 0.0 0.0 9.0 0.0
2194.034517111052 0.0 0.0 0.0 1.0 0.0 0.0 9.0 0.0
2195.001140517961 0.0 0.0 0.0 1.0 0.0 0.0 9.0 0.0
2196.0124444059675 0.0 0.0 0.0 1.0 0.0 0.0 9.0 0.0
2197.0337706303408 0.0 0.0 0.0 1.0 0.0 0.0 9.0 0.0
2198.034517111052 0.0 0.0 0.0 1.0 0.0 0.0 9.0 0.0
2199.034517111052 0.0 0.0 0.0 1.0 0.0 0.0 9.0 0.0
2200.0026421340563 0.0 0.0 0.0 1.0 0.0 0.0 9.0 0.0
2201.013327201738 0.0 0.0 0.0 1.0 0.0 0.0 9.0 0.0
2202.0107432164136 0.0 0.0 0.0 1.0 0.0 0.0 9.0 0.0
2203.0293030270045 0.0 0.0 0.0 1.0 0.0 0.0 9.0 0.0
2204.034517111052 0.0 0.0 0.0 1.0 0.0 0.0 9.0 0.0
2205.0340191204996 0.0 0.0 0.0 1.0 0.0 0.0 9.0 0.0
2206.034517111052 0.0 0.0 0.0 1.0 0.0 0.0 9.0 0.0
2207.034517111052 0.0 0.0 0.0 1.0 0.0 0.0 9.0 0.0
2208.0039521625126 0.0 0.0 0.0 1.0 0.0 0.0 9.0 0.0
2209.0095418078254 0.0 0.0 0.0 1.0 0.0 0.0 9.0 0.0
2210.0182674970492 0.0 0.0 0.0 1.0 0.0 0.0 9.0 0.0
2211.0133365896227 0.0 0.0 0.0 1.0 0.0 0.0 9.0 0.0
2212.025286514801 0.0 0.0 0.0 1.0 0.0 0.0 9.0 0.0
2213.004140565181 0.0 0.0 0.0 1.0 0.0 0.0 9.0 0.0
2214.0089943389917 0.0 0.0 0.0 1.0 0.0 0.0 9.0 0.0
2215.0059801142656 0.0 0.0 0.0 1.0 0.0 0.0 9.0 0.0
2216.034517111052 0.0 0.0 0.0 1.0 0.0 0.0 9.0 0.0
2217.034517111052 0.0 0.0 0.0 1.0 0.0 0.0 9.0 0.0
2218.0117759087198 0.0 0.0 0.0 1.0 0.0 0.0 9.0 0.0
2219.0186100387705 0.0 0.0 0.0 1.0 0.0 0.0 9.0 0.0
2220.0009412975137 0.0 0.0 0.0 1.0 0.0 0.0 9.0 0.0
2221.019260749503 0.0 0.0 0.0 1.0 0.0 0.0 9.0 0.0
2222.0141065366106 0.0 0.0 0.0 1.0 0.0 0.0 9.0 0.0
2223.003119851346 0.0 0.0 0.0 1.0 0.0 0.0 9.0 0.0
2224.0280396623216 0.0 0.0 0.0 1.0 0.0 0.0 9.0 0.0
2225.0096856456757 0.0 0.0 0.0 1.0 0.0 0.0 9.0 0.0
2226.034517111052 0.0 0.0 0.0 1.0 0.0 0.0 9.0 0.0
2227.000228844233 0.0 0.0 0.0 1.0 0.0 0.0 9.0 0.0
2228.034517111052 0.0 0.0 0.0 1.0 0.0 0.0 9.0 0.0
2229.003673168124 0.0 0.0 0.0 1.0 0.0 0.0 9.0 0.0
2230.001930917645 0.0 0.0 0.0 1.0 0.0 0.0 9.0 0.0
2231.024749780428 0.0 0.0 0.0 1.0 0.0 0.0 9.0 0.0
2232.0041393527113 0.0 0.0 0.0 1.0 0.0 0.0 9.0 0.0
2233.0281083560694 0.0 0.0 0.0 1.0 0.0 0.0 9.0 0.0
2234.034517111052 0.0 0.0 0.0 1.0 0.0 0.0 9.0 0.0
2235.029664408373 0.0 0.0 0.0 1.0 0.0 0.0 9.0 0.0
2236.003915349303 0.0 0.0 0.0 1.0 0.0 0.0 9.0 0.0
2237.019502144922 0.0 0.0 0.0 1.0 0.0 0.0 9.0 0.0
2238.034517111052 0.0 0.0 0.0 1.0 0.0 0.0 9.0 0.0
2239.034517111052 0.0 0.0 0.0 1.0 0.0 0.0 9.0 0.0
2240.034517111052 0.0 0.0 0.0 1.0 0.0 0.0 9.0 0.0
2241.034517111052 0.0 0.0 0.0 1.0 0.0 0.0 9.0 0.0
2242.028393390278 0.0 0.0 0.0 1.0 0.0 0.0 9.0 0.0
2243.022313118564 0.0 0.0 0.0 1.0 0.0 0.0 9.0 0.0
2244.0126060030684 0.0 0.0 0.0 1.0 0.0 0.0 9.0 0.0
2245.003547921565 0.0 0.0 0.0 1.0 0.0 0.0 9.0 0.0
2246.024489323604 0.0 0.0 0.0 1.0 0.0 0.0 9.0 0.0
2247.034517111052 0.0 0.0 0.0 1.0 0.0 0.0 9.0 0.0
2248.0255476445973 0.0 0.0 0.0 1.0 0.0 0.0 9.0 0.0
2249.004169510351 0.0 0.0 0.0 1.0 0.0 0.0 9.0 0.0
2250.028613164025 0.0 0.0 0.0 1.0 0.0 0.0 9.0 0.0
2251.002204004614 0.0 0.0 0.0 1.0 0.0 0.0 9.0 0.0
2252.0131787173896 0.0 0.0 0.0 1.0 0.0 0.0 9.0 0.0
2253.0293015566403 0.0 0.0 0.0 1.0 0.0 0.0 9.0 0.0
2254.0192531853463 0.0 0.0 0.0 1.0 0.0 0.0 9.0 0.0
2255.0226152792484 0.0 0.0 0.0 1.0 0.0 0.0 9.0 0.0
2256.0006870777283 0.0 0.0 0.0 1.0 0.0 0.0 9.0 0.0
2257.0316047115825 0.0 0.0 0.0 1.0 0.0 0.0 9.0 0.0
2258.034517111052 0.0 0.0 0.0 1.0 0.0 0.0 9.0 0.0
2259.0009103820144 0.0 0.0 0.0 1.0 0.0 0.0 9.0 0.0
2260.0254220422353 0.0 0.0 0.0 1.0 0.0 0.0 9.0 0.0
2261.002318175679 0.0 0.0 0.0 1.0 0.0 0.0 9.0 0.0
2262.034517111052 0.0 0.0 0.0 1.0 0.0 0.0 9.0 0.0
2263.0085331006712 0.0 0.0 0.0 1.0 0.0 0.0 9.0 0.0
2264.0174633204774 0.0 0.0 0.0 1.0 0.0 0.0 9.0 0.0
2265.009695041302 0.0 0.0 0.0 1.0 0.0 0.0 9.0 0.0
2266.003030246278 0.0 0.0 0.0 1.0 0.0 0.0 9.0 0.0
2267.0132102207103 0.0 0.0 0.0 1.0 0.0 0.0 9.0 0.0
2268.0289833910388 0.0 0.0 0.0 1.0 0.0 0.0 9.0 0.0
2269.002529802087 0.0 0.0 0.0 1.0 0.0 0.0 9.0 0.0
2270.034517111052 0.0 0.0 0.0 1.0 0.0 0.0 9.0 0.0
2271.034517111052 0.0 0.0 0.0 1.0 0.0 0.0 9.0 0.0
2272.016965020153 0.0 0.0 0.0 1.0 0.0 0.0 9.0 0.0
2273.0263371137994 0.0 0.0 0.0 1.0 0.0 0.0 9.0 0.0
2274.0230876227656 0.0 0.0 0.0 1.0 0.0 0.0 9.0 0.0
2275.034517111052 0.0 0.0 0.0 1.0 0.0 0.0 9.0 0.0
2276.0267650133146 0.0 0.0 0.0 1.0 0.0 0.0 9.0 0.0
2277.034517111052 0.0 0.0 0.0 1.0 0.0 0.0 9.0 0.0
2278.013802632401 0.0 0.0 0.0 1.0 0.0 0.0 9.0 0.0
2279.0100926566015 0.0 0.0 0.0 1.0 0.0 0.0 9.0 0.0
2280.0084903582315 0.0 0.0 0.0 1.0 0.0 0.0 9.0 0.0
2281.0326606287776 0.0 0.0 0.0 1.0 0.0 0.0 9.0 0.0
2282.026449550392 0.0 0.0 0.0 1.0 0.0 0.0 9.0 0.0
2283.0175701235435 0.0 0.0 0.0 1.0 0.0 0.0 9.0 0.0
2284.000338514962 0.0 0.0 0.0 1.0 0.0 0.0 9.0 0.0
2285.034517111052 0.0 0.0 0.0 1.0 0.0 0.0 9.0 0.0
2286.0054243044074 0.0 0.0 0.0 1.0 0.0 0.0 9.0 0.0
2287.017563203268 0.0 0.0 0.0 1.0 0.0 0.0 9.0 0.0
2288.005143251351 0.0 0.0 0.0 1.0 0.0 0.0 9.0 0.0
2289.008327346483 0.0 0.0 0.0 1.0 0.0 0.0 9.0 0.0
2290.0021938947484 0.0 0.0 0.0 1.0 0.0 0.0 9.0 0.0
2291.034517111052 0.0 0.0 0.0 1.0 0.0 0.0 9.0 0.0
2292.003853222571 0.0 0.0 0.0 1.0 0.0 0.0 9.0 0.0
2293.0049873728626 0.0 0.0 0.0 1.0 0.0 0.0 9.0 0.0
2294.032497334084 0.0 0.0 0.0 1.0 0.0 0.0 9.0 0.0
2295.0300389667877 0.0 0.0 0.0 1.0 0.0 0.0 9.0 0.0
2296.034517111052 0.0 0.0 0.0 1.0 0.0 0.0 9.0 0.0
2297.034517111052 0.0 0.0 0.0 1.0 0.0 0.0 9.0 0.0
2298.0024808106477 0.0 0.0 0.0 1.0 0.0 0.0 9.0 0.0
2299.034517111052 0.0 0.0 0.0 1.0 0.0 0.0 9.0 0.0
2300.015806564598 0.0 0.0 0.0 1.0 0.0 0.0 9.0 0.0
2301.0230457001667 0.5 0.0 0.0 0.5 0.0 1.0 9.0 0.4878048780487805
2302.003821042904 0.975 0.0 0.0 0.024999999999999994 0.0 1.0 9.45 0.0475609756097561
2303.0282630043507 1.0 0.0 0.0 0.0 0.0 1.0 10.5 0.0
2304.007756976905 1.0 0.0 0.0 0.0 0.0 1.0 11.0 0.0
2305.0189721194665 1.0 0.0 0.0 0.0 0.0 1.0 11.0 0.0
2306.0116185970287 1.0 0.0 0.0 0.0 0.0 1.0 11.0 0.0
2307.034517111052 1.0 0.0 0.0 0.0 0.0 1.0 11.0 0.0
2308.012678306169 1.0 0.0 0.0 0.0 0.0 1.0 11.0 0.0
2309.0149251792786 1.0 0.0 0.0 0.0 0.0 1.0 11.0 0.0
2310.027450937442 1.0 0.0 0.0 0.0 0.0 1.0 11.0 0.0
2311.002950925983 1.0 0.0 0.0 0.0 0.0 1.0 11.0 0.0
2312.0012889470036 1.0 0.0 0.0 0.0 0.0 1.0 11.0 0.0
2313.034517111052 1.0 0.0 0.0 0.0 0.0 1.0 11.0 0.0
2314.0031785402894 1.0 0.0 0.0 0.0 0.0 1.0 11.0 0.0
2315.008609836623 1.0 0.0 0.0 0.0 0.0 1.0 11.0 0.0
2316.0059045119665 1.0 0.0 0.0 0.0 0.0 1.0 11.0 0.0
2317.034517111052 1.0 0.0 0.0 0.0 0.0 1.0 11.0 0.0
2318.0160630776395 1.0 0.0 0.0 0.0 0.0 1.0 11.0 0.0
2319.030055788697 1.0 0.0 0.0 0.0 0.0 1.0 11.0 0.0
2320.0088979746965 1.0 0.0 0.0 0.0 0.0 1.0 11.0 0.0
2321.013745457091 1.0 0.0 0.0 0.0 0.0 1.0 11.0 0.0
2322.034517111052 1.0 0.0 0.0 0.0 0.0 1.0 11.0 0.0
2323.034517111052 1.0 0.0 0.0 0.0 0.0 1.0 11.0 0.0
2324.011282644117 1.0 0.0 0.0 0.0 0.0 1.0 11.0 0.0
2325.034517111052 1.0 0.0 0.0 0.0 0.0 1.0 11.0 0.0
2326.034517111052 1.0 0.0 0.0 0.0 0.0 1.0 11.0 0.0
2327.0318915044486 1.0 0.0 0.0 0.0 0.0 1.0 11.0 0.0
2328.034517111052 1.0 0.0 0.0 0.0 0.0 1.0 11.0 0.0
2329.034517111052 1.0 0.0 0.0 0.0 0.0 1.0 11.0 0.0
2330.0102571572966 1.0 0.0 0.0 0.0 0.0 1.0 11.0 0.0
2331.034517111052 1.0 0.0 0.0 0.0 0.0 1.0 11.0 0.0
2332.0059763909426 1.0 0.0 0.0 0.0 0.0 1.0 11.0 0.0
2333.034517111052 1.0 0.0 0.0 0.0 0.0 1.0 11.0 0.0
2334.034517111052 1.0 0.0 0.0 0.0 0.0 1.0 11.0 0.0
2335.034517111052 1.0 0.0 0.0 0.0 0.0 1.0 11.0 0.0
2336.0215277213997 1.0 0.0 0.0 0.0 0.0 1.0 11.0 0.0
2337.0337978773127 1.0 0.0 0.0 0.0 0.0 1.0 11.0 0.0
2338.034517111052 1.0 0.0 0.0 0.0 0.0 1.0 11.0 0.0
2339.034517111052 1.0 0.0 0.0 0.0 0.0 1.0 11.0 0.0
2340.034517111052 1.0 0.0 0.0 0.0 0.0 1.0 11.0 0.0
2341.0327652735446 1.0 0.0 0.0 0.0 0.0 1.0 11.0 0.0
2342.010080477363 1.0 0.0 0.0 0.0 0.0 1.0 11.0 0.0
2343.034517111052 1.0 0.0 0.0 0.0 0.0 1.0 11.0 0.0
2344.034517111052 1.0 0.0 0.0 0.0 0.0 1.0 11.0 0.0
2345.034517111052 1.0 0.0 0.0 0.0 0.0 1.0 11.0 0.0
2346.0031551015795 1.0 0.0 0.0 0.0 0.0 1.0 11.0 0.0
2347.000248421882 1.0 0.0 0.0 0.0 0.0 1.0 11.0 0.0
2348.002580184161 1.0 0.0 0.0 0.0 0.0 1.0 11.0 0.0
2349.010239014562 1.0 0.0 0.0 0.0 0.0 1.0 11.0 0.0
2350.00925296989 1.0 0.0 0.0 0.0 0.0 1.0 11.0 0.0
2351.0005231620685 1.0 0.0 0.0 0.0 0.0 1.0 11.0 0.0
2352.0189388922786 1.0 0.0 0.0 0.0 0.0 1.0 11.0 0.0
2353.0074422143334 1.0 0.0 0.0 0.0 0.0 1.0 11.0 0.0
2354.00430491436 1.0 0.0 0.0 0.0 0.0 1.0 11.0 0.0
2355.034517111052 1.0 0.0 0.0 0.0 0.0 1.0 11.0 0.0
2356.0205146369412 1.0 0.0 0.0 0.0 0.0 1.0 11.0 0.0
2357.0241484825215 1.0 0.0 0.0 0.0 0.0 1.0 11.0 0.0
2358.034517111052 1.0 0.0 0.0 0.0 0.0 1.0 11.0 0.0
2359.034517111052 1.0 0.0 0.0 0.0 0.0 1.0 11.0 0.0
2360.034517111052 1.0 0.0 0.0 0.0 0.0 1.0 11.0 0.0
2361.0052564095263 1.0 0.0 0.0 0.0 0.0 1.0 11.0 0.0
2362.034517111052 1.0 0.0 0.0 0.0 0.0 1.0 11.0 0.0
2363.013247739026 1.0 0.0 0.0 0.0 0.0 1.0 11.0 0.0
2364.034517111052 1.0 0.0 0.0 0.0 0.0 1.0 11.0 0.0
2365.034517111052 1.0 0.0 0.0 0.0 0.0 1.0 11.0 0.0
2366.0169261015985 1.0 0.0 0.0 0.0 0.0 1.0 11.0 0.0
2367.0105545936535 1.0 0.0 0.0 0.0 0.0 1.0 11.0 0.0
2368.034517111052 1.0 0.0 0.0 0.0 0.0 1.0 11.0 0.0
2369.034517111052 1.0 0.0 0.0 0.0 0.0 1.0 11.0 0.0
2370.034517111052 1.0 0.0 0.0 0.0 0.0 1.0 11.0 0.0
2371.0051983429553 1.0 0.0 0.0 0.0 0.0 1.0 11.0 0.0
2372.034517111052 1.0 0.0 0.0 0.0 0.0 1.0 11.0 0.0
2373.034517111052 1.0 0.0 0.0 0.0 0.0 1.0 11.0 0.0
2374.0089378800335 1.0 0.0 0.0 0.0 0.0 1.0 11.0 0.0
2375.0049859295877 1.0 0.0 0.0 0.0 0.0 1.0 11.0 0.0
2376.034517111052 1.0 0.0 0.0 0.0 0.0 1.0 11.0 0.0
2377.0043150504616 1.0 0.0 0.0 0.0 0.0 1.0 11.0 0.0
2378.0053679606044 1.0 0.0 0.0 0.0 0.0 1.0 11.0 0.0
2379.0099906018354 1.0 0.0 0.0 0.0 0.0 1.0 11.0 0.0
2380.0272546589217 1.0 0.0 0.0 0.0 0.0 1.0 11.0 0.0
2381.034517111052 1.0 0.0 0.0 0.0 0.0 1.0 11.0 0.0
2382.0092072338134 1.0 0.0 0.0 0.0 0.0 1.0 11.0 0.0
2383.00087127944 1.0 0.0 0.0 0.0 0.0 1.0 11.0 0.0
2384.000746614665 1.0 0.0 0.0 0.0 0.0 1.0 11.0 0.0
2385.02687524904 1.0 0.0 0.0 0.0 0.0 1.0 11.0 0.0
2386.034517111052 1.0 0.0 0.0 0.0 0.0 1.0 11.0 0.0
2387.034517111052 1.0 0.0 0.0 0.0 0.0 1.0 11.0 0.0
2388.0244893298063 1.0 0.0 0.0 0.0 0.0 1.0 11.0 0.0
2389.034517111052 1.0 0.0 0.0 0.0 0.0 1.0 11.0 0.0
2390.006205528524 1.0 0.0 0.0 0.0 0.0 1.0 11.0 0.0
2391.0258575238895 1.0 0.0 0.0 0.0 0.0 1.0 11.0 0.0
2392.034517111052 1.0 0.0 0.0 0.0 0.0 1.0 11.0 0.0
2393.034517111052 1.0 0.0 0.0 0.0 0.0 1.0 11.0 0.0
2394.00900705539 1.0 0.0 0.0 0.0 0.0 1.0 11.0 0.0
2395.0239141008383 1.0 0.0 0.0 0.0 0.0 1.0 11.0 0.0
2396.034517111052 1.0 0.0 0.0 0.0 0.0 1.0 11.0 0.0
2397.034517111052 1.0 0.0 0.0 0.0 0.0 1.0 11.0 0.0
2398.025397569131 1.0 0.0 0.0 0.0 0.0 1.0 11.0 0.0
2399.0039012324855 1.0 0.0 0.0 0.0 0.0 1.0 11.0 0.0
2400.0 1.0 0.0 0.0 0.0 1.0 1.0 11.0 0.0
2401.002651640527 1.0 0.0 0.0 0.0 1.0 1.0 11.0 0.0
2402.0345023274854 1.0 0.0 0.0 0.0 1.0 1.0 11.0 0.0
2403.0002200062145 1.0 0.0 0.0 0.0 1.0 1.0 11.0 0.0
2404.0090102861514 1.0 0.0 0.0 0.0 1.0 1.0 11.0 0.0
2405.026762231101 1.0 0.0 0.0 0.0 1.0 1.0 11.0 0.0
2406.034517111052 1.0 0.0 0.0 0.0 1.0 1.0 11.0 0.0
2407.021375389627 1.0 0.0 0.0 0.0 1.0 1.0 11.0 0.0
2408.0006730477803 1.0 0.0 0.0 0.0 1.0 1.0 11.0 0.0
2409.0113305717314 1.0 0.0 0.0 0.0 1.0 1.0 11.0 0.0
2410.0305833734965 1.0 0.0 0.0 0.0 1.0 1.0 11.0 0.0
2411.034517111052 1.0 0.0 0.0 0.0 1.0 1.0 11.0 0.0
2412.008667845435 1.0 0.0 0.0 0.0 1.0 1.0 11.0 0.0
2413.034517111052 1.0 0.0 0.0 0.0 1.0 1.0 11.0 0.0
2414.0034813238344 1.0 0.0 0.0 0.0 1.0 1.0 11.0 0.0
2415.034517111052 1.0 0.0 0.0 0.0 1.0 1.0 11.0 0.0
2416.0039550732076 1.0 0.0 0.0 0.0 1.0 1.0 11.0 0.0
2417.003045282546 1.0 0.0 0.0 0.0 1.0 1.0 11.0 0.0
2418.0035922775564 1.0 0.0 0.0 0.0 1.0 1.0 11.0 0.0
2419.022094315798 1.0 0.0 0.0 0.0 1.0 1.0 11.0 0.0
2420.0261700722863 1.0 0.0 0.0 0.0 1.0 1.0 11.0 0.0
2421.005831706903 1.0 0.0 0.0 0.0 1.0 1.0 11.0 0.0
2422.0095571019374 1.0 0.0 0.0 0.0 1.0 1.0 11.0 0.0
2423.034517111052 1.0 0.0 0.0 0.0 1.0 1.0 11.0 0.0
2424.034517111052 1.0 0.0 0.0 0.0 1.0 1.0 11.0 0.0
2425.027371672679 1.0 0.0 0.0 0.0 1.0 1.0 11.0 0.0
2426.034517111052 1.0 0.0 0.0 0.0 1.0 1.0 11.0 0.0
2427.006960996745 1.0 0.0 0.0 0.0 1.0 1.0 11.0 0.0
2428.0106648939013 1.0 0.0 0.0 0.0 1.0 1.0 11.0 0.0
2429.025353492055 1.0 0.0 0.0 0.0 1.0 1.0 11.0 0.0
2430.0028334533667 1.0 0.0 0.0 0.0 1.0 1.0 11.0 0.0
2431.0054350473492 1.0 0.0 0.0 0.0 1.0 1.0 11.0 0.0
2432.002898723531 1.0 0.0 0.0 0.0 1.0 1.0 11.0 0.0
2433.002830698449 1.0 0.0 0.0 0.0 1.0 1.0 11.0 0.0
2434.0208684217023 1.0 0.0 0.0 0.0 1.0 1.0 11.0 0.0
2435.0168241563033 1.0 0.0 0.0 0.0 1.0 1.0 11.0 0.0
2436.011468895994 1.0 0.0 0.0 0.0 1.0 1.0 11.0 0.0
2437.034517111052 1.0 0.0 0.0 0.0 1.0 1.0 11.0 0.0
2438.0154307447565 1.0 0.0 0.0 0.0 1.0 1.0 11.0 0.0
2439.034517111052 1.0 0.0 0.0 0.0 1.0 1.0 11.0 0.0
2440.034517111052 1.0 0.0 0.0 0.0 1.0 1.0 11.0 0.0
2441.001601727205 1.0 0.0 0.0 0.0 1.0 1.0 11.0 0.0
2442.00429798624 1.0 0.0 0.0 0.0 1.0 1.0 11.0 0.0
2443.034517111052 1.0 0.0 0.0 0.0 1.0 1.0 11.0 0.0
2444.005803395279 1.0 0.0 0.0 0.0 1.0 1.0 11.0 0.0
2445.0229923891748 1.0 0.0 0.0 0.0 1.0 1.0 11.0 0.0
2446.0054005864868 1.0 0.0 0.0 0.0 1.0 1.0 11.0 0.0
2447.0193975974007 1.0 0.0 0.0 0.0 1.0 1.0 11.0 0.0
2448.034517111052 1.0 0.0 0.0 0.0 1.0 1.0 11.0 0.0
2449.034517111052 1.0 0.0 0.0 0.0 1.0 1.0 11.0 0.0
2450.034517111052 1.0 0.0 0.0 0.0 1.0 1.0 11.0 0.0
2451.0325494658086 1.0 0.0 0.0 0.0 1.0 1.0 11.0 0.0
2452.0259021841243 1.0 0.0 0.0 0.0 1.0 1.0 11.0 0.0
2453.0107221958165 1.0 0.0 0.0 0.0 1.0 1.0 11.0 0.0
2454.032071283944 1.0 0.0 0.0 0.0 1.0 1.0 11.0 0.0
2455.0156067786484 1.0 0.0 0.0 0.0 1.0 1.0 11.0 0.0
2456.034517111052 1.0 0.0 0.0 0.0 1.0 1.0 11.0 0.0
2457.0250053252403 1.0 0.0 0.0 0.0 1.0 1.0 11.0 0.0
2458.0105032813995 1.0 0.0 0.0 0.0 1.0 1.0 11.0 0.0
2459.0301229744637 1.0 0.0 0.0 0.0 1.0 1.0 11.0 0.0
2460.034517111052 1.0 0.0 0.0 0.0 1.0 1.0 11.0 0.0
2461.0046503157605 1.0 0.0 0.0 0.0 1.0 1.0 11.0 0.0
2462.034517111052 1.0 0.0 0.0 0.0 1.0 1.0 11.0 0.0
2463.0046833835786 1.0 0.0 0.0 0.0 1.0 1.0 11.0 0.0
2464.0028524044437 1.0 0.0 0.0 0.0 1.0 1.0 11.0 0.0
2465.034517111052 1.0 0.0 0.0 0.0 1.0 1.0 11.0 0.0
2466.034517111052 1.0 0.0 0.0 0.0 1.0 1.0 11.0 0.0
2467.006675588229 1.0 0.0 0.0 0.0 1.0 1.0 11.0 0.0
2468.0215606746287 1.0 0.0 0.0 0.0 1.0 1.0 11.0 0.0
2469.008423715257 1.0 0.0 0.0 0.0 1.0 1.0 11.0 0.0
2470.034517111052 1.0 0.0 0.0 0.0 1.0 1.0 11.0 0.0
2471.0128189313937 1.0 0.0 0.0 0.0 1.0 1.0 11.0 0.0
2472.0194204713443 1.0 0.0 0.0 0.0 1.0 1.0 11.0 0.0
2473.014716016908 1.0 0.0 0.0 0.0 1.0 1.0 11.0 0.0
2474.003882782706 1.0 0.0 0.0 0.0 1.0 1.0 11.0 0.0
2475.0184810784885 1.0 0.0 0.0 0.0 1.0 1.0 11.0 0.0
2476.013828826198 1.0 0.0 0.0 0.0 1.0 1.0 11.0 0.0
2477.021143089761 1.0 0.0 0.0 0.0 1.0 1.0 11.0 0.0
2478.008904759205 1.0 0.0 0.0 0.0 1.0 1.0 11.0 0.0
2479.004421941194 1.0 0.0 0.0 0.0 1.0 1.0 11.0 0.0
2480.0295709461857 1.0 0.0 0.0 0.0 1.0 1.0 11.0 0.0
2481.034517111052 1.0 0.0 0.0 0.0 1.0 1.0 11.0 0.0
2482.0047118897864 1.0 0.0 0.0 0.0 1.0 1.0 11.0 0.0
2483.0098335132175 1.0 0.0 0.0 0.0 1.0 1.0 11.0 0.0
2484.034517111052 1.0 0.0 0.0 0.0 1.0 1.0 11.0 0.0
2485.0063438645925 1.0 0.0 0.0 0.0 1.0 1.0 11.0 0.0
2486.016575179305 1.0 0.0 0.0 0.0 1.0 1.0 11.0 0.0
2487.0231874191913 1.0 0.0 0.0 0.0 1.0 1.0 11.0 0.0
2488.0019471794694 1.0 0.0 0.0 0.0 1.0 1.0 11.0 0.0
2489.011454871497 1.0 0.0 0.0 0.0 1.0 1.0 11.0 0.0
2490.006093679479 1.0 0.0 0.0 0.0 1.0 1.0 11.0 0.0
2491.0240887461136 1.0 0.0 0.0 0.0 1.0 1.0 11.0 0.0
2492.0195744098196 1.0 0.0 0.0 0.0 1.0 1.0 11.0 0.0
2493.034517111052 1.0 0.0 0.0 0.0 1.0 1.0 11.0 0.0
2494.0081331281267 1.0 0.0 0.0 0.0 1.0 1.0 11.0 0.0
2495.0022043302793 1.0 0.0 0.0 0.0 1.0 1.0 11.0 0.0
2496.034517111052 1.0 0.0 0.0 0.0 1.0 1.0 11.0 0.0
2497.034517111052 1.0 0.0 0.0 0.0 1.0 1.0 11.0 0.0
2498.0097636450632 1.0 0.0 0.0 0.0 1.0 1.0 11.0 0.0
2499.0011493819648 1.0 0.0 0.0 0.0 1.0 1.0 11.0 0.0
2500.016437942931 1.0 0.0 0.0 0.0 1.0 1.0 11.0 0.0
2501.0024375775156 1.0 0.0 0.0 0.0 1.0 1.0 11.0 0.0
2502.0014132314177 1.0 0.0 0.0 0.0 1.0 1.0 11.0 0.0
2503.034517111052 1.0 0.0 0.0 0.0 1.0 1.0 11.0 0.0
2504.0037036916824 1.0 0.0 0.0 0.0 1.0 1.0 11.0 0.0
2505.0021643632736 1.0 0.0 0.0 0.0 1.0 1.0 11.0 0.0
2506.019834820269 1.0 0.0 0.0 0.0 1.0 1.0 11.0 0.0
2507.003647234209 1.0 0.0 0.0 0.0 1.0 1.0 11.0 0.0
2508.001649148256 1.0 0.0 0.0 0.0 1.0 1.0 11.0 0.0
2509.034517111052 1.0 0.0 0.0 0.0 1.0 1.0 11.0 0.0
2510.034517111052 1.0 0.0 0.0 0.0 1.0 1.0 11.0 0.0
2511.0002709376377 1.0 0.0 0.0 0.0 1.0 1.0 11.0 0.0
2512.034517111052 1.0 0.0 0.0 0.0 1.0 1.0 11.0 0.0
2513.000127668186 1.0 0.0 0.0 0.0 1.0 1.0 11.0 0.0
2514.0033210033484 1.0 0.0 0.0 0.0 1.0 1.0 11.0 0.0
2515.0038325716137 1.0 0.0 0.0 0.0 1.0 1.0 11.0 0.0
2516.0196207836416 1.0 0.0 0.0 0.0 1.0 1.0 11.0 0.0
2517.0189690259754 1.0 0.0 0.0 0.0 1.0 1.0 11.0 0.0
2518.028667833068 1.0 0.0 0.0 0.0 1.0 1.0 11.0 0.0
2519.0120175695156 1.0 0.0 0.0 0.0 1.0 1.0 11.0 0.0
2520.013136223334 1.0 0.0 0.0 0.0 1.0 1.0 11.0 0.0
2521.034517111052 1.0 0.0 0.0 0.0 1.0 1.0 11.0 0.0
2522.002087344559 1.0 0.0 0.0 0.0 1.0 1.0 11.0 0.0
2523.0197482021294 1.0 0.0 0.0 0.0 1.0 1.0 11.0 0.0
2524.0292112180164 1.0 0.0 0.0 0.0 1.0 1.0 11.0 0.0
2525.0155559890522 1.0 0.0 0.0 0.0 1.0 1.0 11.0 0.0
2526.0118747725955 1.0 0.0 0.0 0.0 1.0 1.0 11.0 0.0
2527.008873637935 1.0 0.0 0.0 0.0 1.0 1.0 11.0 0.0
2528.011944177424 1.0 0.0 0.0 0.0 1.0 1.0 11.0 0.0
2529.0260788502083 1.0 0.0 0.0 0.0 1.0 1.0 11.0 0.0
2530.034517111052 1.0 0.0 0.0 0.0 1.0 1.0 11.0 0.0
2531.034517111052 1.0 0.0 0.0 0.0 1.0 1.0 11.0 0.0
2532.034517111052 1.0 0.0 0.0 0.0 1.0 1.0 11.0 0.0
2533.02598540409 1.0 0.0 0.0 0.0 1.0 1.0 11.0 0.0
2534.0148289437343 1.0 0.0 0.0 0.0 1.0 1.0 11.0 0.0
2535.0250829715214 1.0 0.0 0.0 0.0 1.0 1.0 11.0 0.0
2536.0029101337586 1.0 0.0 0.0 0.0 1.0 1.0 11.0 0.0
2537.0049800798242 1.0 0.0 0.0 0.0 1.0 1.0 11.0 0.0
2538.0321893336795 1.0 0.0 0.0 0.0 1.0 1.0 11.0 0.0
2539.034517111052 1.0 0.0 0.0 0.0 1.0 1.0 11.0 0.0
2540.034517111052 1.0 0.0 0.0 0.0 1.0 1.0 11.0 0.0
2541.023554889812 1.0 0.0 0.0 0.0 1.0 1.0 11.0 0.0
2542.0083999027133 1.0 0.0 0.0 0.0 1.0 1.0 11.0 0.0
2543.0111299719397 1.0 0.0 0.0 0.0 1.0 1.0 11.0 0.0
2544.004266470131 1.0 0.0 0.0 0.0 1.0 1.0 11.0 0.0
2545.0053217832783 1.0 0.0 0.0 0.0 1.0 1.0 11.0 0.0
2546.034517111052 1.0 0.0 0.0 0.0 1.0 1.0 11.0 0.0
2547.0275854514043 1.0 0.0 0.0 0.0 1.0 1.0 11.0 0.0
2548.0104612914965 1.0 0.0 0.0 0.0 1.0 1.0 11.0 0.0
2549.0034907185723 1.0 0.0 0.0 0.0 1.0 1.0 11.0 0.0
2550.0103580731175 1.0 0.0 0.0 0.0 1.0 1.0 11.0 0.0
2551.003324324819 1.0 0.0 0.0 0.0 1.0 1.0 11.0 0.0
2552.027770381544 1.0 0.0 0.0 0.0 1.0 1.0 11.0 0.0
2553.007480606029 1.0 0.0 0.0 0.0 1.0 1.0 11.0 0.0
2554.0020509289566 1.0 0.0 0.0 0.0 1.0 1.0 11.0 0.0
2555.034517111052 1.0 0.0 0.0 0.0 1.0 1.0 11.0 0.0
2556.0114600887046 1.0 0.0 0.0 0.0 1.0 1.0 11.0 0.0
2557.034517111052 1.0 0.0 0.0 0.0 1.0 1.0 11.0 0.0
2558.034517111052 1.0 0.0 0.0 0.0 1.0 1.0 11.0 0.0
2559.034517111052 1.0 0.0 0.0 0.0 1.0 1.0 11.0 0.0
2560.0158573231897 1.0 0.0 0.0 0.0 1.0 1.0 11.0 0.0
2561.034452936583 1.0 0.0 0.0 0.0 1.0 1.0 11.0 0.0
2562.0033064605873 1.0 0.0 0.0 0.0 1.0 1.0 11.0 0.0
2563.025285541357 1.0 0.0 0.0 0.0 1.0 1.0 11.0 0.0
2564.034517111052 1.0 0.0 0.0 0.0 1.0 1.0 11.0 0.0
2565.002230370655 1.0 0.0 0.0 0.0 1.0 1.0 11.0 0.0
2566.030333257314 1.0 0.0 0.0 0.0 1.0 1.0 11.0 0.0
2567.034517111052 0.75 0.0 0.25 0.0 1.0 1.0 11.0 0.36585365853658536
2568.01072295447 0.125 0.0 0.875 0.0 1.0 1.0 11.25 0.21341463414634146
2569.029249865995 0.0 0.0 1.0 0.0 1.0 1.0 12.05 0.0
2570.0090723732037 0.0 0.0 1.0 0.0 1.0 1.0 12.85 0.0
2571.034517111052 0.0 0.0 1.0 0.0 1.0 1.0 13.0 0.0
2572.0007153926163 0.0 0.0 1.0 0.0 1.0 1.0 13.0 0.0
2573.034517111052 0.0 0.0 1.0 0.0 1.0 1.0 13.0 0.0
2574.0039466446424 0.0 0.0 1.0 0.0 1.0 1.0 13.0 0.0
2575.007767840784 0.0 0.0 1.0 0.0 1.0 1.0 13.0 0.0
2576.0201237459705 0.0 0.0 1.0 0.0 1.0 1.0 13.0 0.0
2577.034517111052 0.0 0.0 1.0 0.0 1.0 1.0 13.0 0.0
2578.032911849981 0.0 0.0 1.0 0.0 1.0 1.0 13.0 0.0
2579.0009729578087 0.0 0.0 1.0 0.0 1.0 1.0 13.0 0.0
2580.0009863726664 0.0 0.0 1.0 0.0 1.0 1.0 13.0 0.0
2581.009530703443 0.0 0.0 1.0 0.0 1.0 1.0 13.0 0.0
2582.030950071786 0.0 0.0 1.0 0.0 1.0 1.0 13.0 0.0
2583.0138465359555 0.0 0.0 1.0 0.0 1.0 1.0 13.0 0.0
2584.007840040402 0.0 0.0 1.0 0.0 1.0 1.0 13.0 0.0
2585.021307021165 0.0 0.0 1.0 0.0 1.0 1.0 13.0 0.0
2586.003747211474 0.0 0.0 1.0 0.0 1.0 1.0 13.0 0.0
2587.034517111052 0.0 0.0 1.0 0.0 1.0 1.0 13.0 0.0
2588.0035405421318 0.0 0.0 1.0 0.0 1.0 1.0 13.0 0.0
2589.004714383306 0.0 0.0 1.0 0.0 1.0 1.0 13.0 0.0
2590.034517111052 0.0 0.0 1.0 0.0 1.0 1.0 13.0 0.0
2591.0056655360245 0.0 0.0 1.0 0.0 1.0 1.0 13.0 0.0
2592.022014960768 0.0 0.0 1.0 0.0 1.0 1.0 13.0 0.0
2593.0061736013495 0.0 0.0 1.0 0.0 1.0 1.0 13.0 0.0
2594.0017800569085 0.0 0.0 1.0 0.0 1.0 1.0 13.0 0.0
2595.023757362998 0.0 0.0 1.0 0.0 1.0 1.0 13.0 0.0
2596.01131025701 0.0 0.0 1.0 0.0 1.0 1.0 13.0 0.0
2597.0102512203744 0.0 0.0 1.0 0.0 1.0 1.0 13.0 0.0
2598.019638713113 0.0 0.0 1.0 0.0 1.0 1.0 13.0 0.0
2599.017839921647 0.0 0.0 1.0 0.0 1.0 1.0 13.0 0.0
2600.034517111052 0.0 0.0 1.0 0.0 1.0 1.0 13.0 0.0
2601.0128471070066 0.0 0.0 1.0 0.0 1.0 1.0 13.0 0.0
2602.034517111052 0.0 0.0 1.0 0.0 1.0 1.0 13.0 0.0
2603.002065070569 0.0 0.0 1.0 0.0 1.0 1.0 13.0 0.0
2604.022469635277 0.0 0.0 1.0 0.0 1.0 1.0 13.0 0.0
2605.0056000819277 0.0 0.0 1.0 0.0 1.0 1.0 13.0 0.0
2606.034517111052 0.0 0.0 1.0 0.0 1.0 1.0 13.0 0.0
2607.034517111052 0.0 0.0 1.0 0.0 1.0 1.0 13.0 0.0
2608.0258289047765 0.0 0.0 1.0 0.0 1.0 1.0 13.0 0.0
2609.0165956788396 0.0 0.0 1.0 0.0 1.0 1.0 13.0 0.0
2610.0274648308778 0.0 0.0 1.0 0.0 1.0 1.0 13.0 0.0
2611.0002345850644 0.0 0.0 1.0 0.0 1.0 1.0 13.0 0.0
2612.0059762622313 0.0 0.0 1.0 0.0 1.0 1.0 13.0 0.0
2613.034517111052 0.0 0.0 1.0 0.0 1.0 1.0 13.0 0.0
2614.0178152714366 0.0 0.0 1.0 0.0 1.0 1.0 13.0 0.0
2615.0255529429805 0.0 0.0 1.0 0.0 1.0 1.0 13.0 0.0
2616.0109694278885 0.0 0.0 1.0 0.0 1.0 1.0 13.0 0.0
2617.034517111052 0.0 0.0 1.0 0.0 1.0 1.0 13.0 0.0
2618.034517111052 0.0 0.0 1.0 0.0 1.0 1.0 13.0 0.0
2619.0116545776164 0.0 0.0 1.0 0.0 1.0 1.0 13.0 0.0
2620.028552060222 0.0 0.0 1.0 0.0 1.0 1.0 13.0 0.0
2621.034517111052 0.0 0.0 1.0 0.0 1.0 1.0 13.0 0.0
2622.016892999858 0.0 0.0 1.0 0.0 1.0 1.0 13.0 0.0
2623.0024745668998 0.0 0.0 1.0 0.0 1.0 1.0 13.0 0.0
2624.0192297982085 0.0 0.0 1.0 0.0 1.0 1.0 13.0 0.0
2625.034517111052 0.0 0.0 1.0 0.0 1.0 1.0 13.0 0.0
2626.034517111052 0.0 0.0 1.0 0.0 1.0 1.0 13.0 0.0
2627.020706766032 0.0 0.0 1.0 0.0 1.0 1.0 13.0 0.0
2628.017947840205 0.0 0.0 1.0 0.0 1.0 1.0 13.0 0.0
2629.02523543676 0.0 0.0 1.0 0.0 1.0 1.0 13.0 0.0
2630.001498356925 0.0 0.0 1.0 0.0 1.0 1.0 13.0 0.0
2631.026445826115 0.0 0.0 1.0 0.0 1.0 1.0 13.0 0.0
2632.0116508691376 0.0 0.0 1.0 0.0 1.0 1.0 13.0 0.0
2633.020361631414 0.0 0.0 1.0 0.0 1.0 1.0 13.0 0.0
2634.011977889552 0.0 0.0 1.0 0.0 1.0 1.0 13.0 0.0
2635.0157531569853 0.0 0.0 1.0 0.0 1.0 1.0 13.0 0.0
2636.034517111052 0.0 0.0 1.0 0.0 1.0 1.0 13.0 0.0
2637.0055614032585 0.0 0.0 1.0 0.0 1.0 1.0 13.0 0.0
2638.0307681255117 0.0 0.0 1.0 0.0 1.0 1.0 13.0 0.0
2639.034517111052 0.0 0.0 1.0 0.0 1.0 1.0 13.0 0.0
2640.001469961621 0.0 0.0 1.0 0.0 1.0 1.0 13.0 0.0
2641.0077535689757 0.0 0.0 1.0 0.0 1.0 1.0 13.0 0.0
2642.014167637185 0.0 0.0 1.0 0.0 1.0 1.0 13.0 0.0
2643.025350305706 0.0 0.0 1.0 0.0 1.0 1.0 13.0 0.0
2644.034517111052 0.0 0.0 1.0 0.0 1.0 1.0 13.0 0.0
2645.005885490995 0.0 0.0 1.0 0.0 1.0 1.0 13.0 0.0
2646.0000213920343 0.0 0.0 1.0 0.0 1.0 1.0 13.0 0.0
2647.0044433974317 0.0 0.0 1.0 0.0 1.0 1.0 13.0 0.0
2648.0016703037704 0.0 0.0 1.0 0.0 1.0 1.0 13.0 0.0
2649.0093635463345 0.0 0.0 1.0 0.0 1.0 1.0 13.0 0.0
2650.0276721212103 0.0 0.0 1.0 0.0 1.0 1.0 13.0 0.0
2651.002293405375 0.0 0.0 1.0 0.0 1.0 1.0 13.0 0.0
2652.008902119121 0.0 0.0 1.0 0.0 1.0 1.0 13.0 0.0
2653.034517111052 0.0 0.0 1.0 0.0 1.0 1.0 13.0 0.0
2654.034517111052 0.0 0.0 1.0 0.0 1.0 1.0 13.0 0.0
2655.034517111052 0.0 0.0 1.0 0.0 1.0 1.0 13.0 0.0
2656.026558137026 0.0 0.0 1.0 0.0 1.0 1.0 13.0 0.0
2657.034517111052 0.0 0.0 1.0 0.0 1.0 1.0 13.0 0.0
2658.0031539261595 0.0 0.0 1.0 0.0 1.0 1.0 13.0 0.0
2659.034372887646 0.0 0.0 1.0 0.0 1.0 1.0 13.0 0.0
2660.033394407626 0.0 0.0 1.0 0.0 1.0 1.0 13.0 0.0
2661.022872585262 0.0 0.0 1.0 0.0 1.0 1.0 13.0 0.0
2662.00613337999 0.0 0.0 1.0 0.0 1.0 1.0 13.0 0.0
2663.0055359912567 0.0 0.0 1.0 0.0 1.0 1.0 13.0 0.0
2664.006116923072 0.0 0.0 1.0 0.0 1.0 1.0 13.0 0.0
2665.009616773709 0.0 0.0 1.0 0.0 1.0 1.0 13.0 0.0
2666.0213778915568 0.0 0.0 1.0 0.0 1.0 1.0 13.0 0.0
2667.001704607532 0.0 0.0 1.0 0.0 1.0 1.0 13.0 0.0
2668.0047385652183 0.0 0.0 1.0 0.0 1.0 1.0 13.0 0.0
2669.009303079052 0.0 0.0 1.0 0.0 1.0 1.0 13.0 0.0
2670.034517111052 0.0 0.0 1.0 0.0 1.0 1.0 13.0 0.0
2671.0238131490946 0.0 0.0 1.0 0.0 1.0 1.0 13.0 0.0
2672.003909308083 0.0 0.0 1.0 0.0 1.0 1.0 13.0 0.0
2673.0160979039433 0.0 0.0 1.0 0.0 1.0 1.0 13.0 0.0
2674.0050655795562 0.0 0.0 1.0 0.0 1.0 1.0 13.0 0.0
2675.034517111052 0.0 0.0 1.0 0.0 1.0 1.0 13.0 0.0
2676.03064568257 0.0 0.0 1.0 0.0 1.0 1.0 13.0 0.0
2677.0007422083195 0.0 0.0 1.0 0.0 1.0 1.0 13.0 0.0
2678.034517111052 0.0 0.0 1.0 0.0 1.0 1.0 13.0 0.0
2679.003518107292 0.0 0.0 1.0 0.0 1.0 1.0 13.0 0.0
2680.0063926195407 0.0 0.0 1.0 0.0 1.0 1.0 13.0 0.0
2681.0068895690183 0.0 0.0 1.0 0.0 1.0 1.0 13.0 0.0
2682.002378243534 0.0 0.0 1.0 0.0 1.0 1.0 13.0 0.0
2683.003993789886 0.0 0.0 1.0 0.0 1.0 1.0 13.0 0.0
2684.0132985297187 0.0 0.0 1.0 0.0 1.0 1.0 13.0 0.0
2685.034517111052 0.0 0.0 1.0 0.0 1.0 1.0 13.0 0.0
2686.034517111052 0.0 0.0 1.0 0.0 1.0 1.0 13.0 0.0
2687.0087973730947 0.0 0.0 1.0 0.0 1.0 1.0 13.0 0.0
2688.034517111052 0.0 0.0 1.0 0.0 1.0 1.0 13.0 0.0
2689.0229528084833 0.0 0.0 1.0 0.0 1.0 1.0 13.0 0.0
2690.0205121336867 0.0 0.0 0.525 0.4749999999999999 1.0 0.0 13.0 0.4865853658536585
2691.034517111052 0.0 0.0 0.0 1.0 1.0 0.0 13.425 0.0
2692.0155929398857 0.0 0.0 0.0 1.0 1.0 0.0 14.275 0.0
2693.0160941406625 0.0 0.0 0.0 1.0 1.0 0.0 14.925 0.0
2694.034517111052 0.0 0.0 0.0 1.0 1.0 0.0 15.0 0.0
2695.000399466073 0.0 0.0 0.0 1.0 1.0 0.0 15.0 0.0
2696.034517111052 0.0 0.0 0.0 1.0 1.0 0.0 15.0 0.0
2697.0192518440626 0.0 0.0 0.0 1.0 1.0 0.0 15.0 0.0
2698.000556805619 0.0 0.0 0.0 1.0 1.0 0.0 15.0 0.0
2699.0130640909233 0.0 0.0 0.0 1.0 1.0 0.0 15.0 0.0
2700.0212311490304 0.0 0.0 0.0 1.0 1.0 0.0 15.0 0.0
2701.0024183113064 0.0 0.0 0.0 1.0 1.0 0.0 15.0 0.0
2702.034517111052 0.0 0.0 0.0 1.0 1.0 0.0 15.0 0.0
2703.01571516802 0.0 0.0 0.0 1.0 1.0 0.0 15.0 0.0
2704.0077196397806 0.0 0.0 0.0 1.0 1.0 0.0 15.0 0.0
2705.014103269555 0.0 0.0 0.0 1.0 1.0 0.0 15.0 0.0
2706.0183643115784 0.0 0.0 0.0 1.0 1.0 0.0 15.0 0.0
2707.02622087235 0.0 0.0 0.0 1.0 1.0 0.0 15.0 0.0
2708.034517111052 0.0 0.0 0.0 1.0 1.0 0.0 15.0 0.0
2709.028981016728 0.0 0.0 0.0 1.0 1.0 0.0 15.0 0.0
2710.01352528074 0.0 0.0 0.0 1.0 1.0 0.0 15.0 0.0
2711.0097934420373 0.0 0.0 0.0 1.0 1.0 0.0 15.0 0.0
2712.0098360231877 0.0 0.0 0.0 1.0 1.0 0.0 15.0 0.0
2713.034517111052 0.0 0.0 0.0 1.0 1.0 0.0 15.0 0.0
2714.034517111052 0.0 0.0 0.0 1.0 1.0 0.0 15.0 0.0
2715.0181833830425 0.0 0.0 0.0 1.0 1.0 0.0 15.0 0.0
2716.0133645573073 0.0 0.0 0.0 1.0 1.0 0.0 15.0 0.0
2717.012407472326 0.0 0.0 0.0 1.0 1.0 0.0 15.0 0.0
2718.003105089369 0.0 0.0 0.0 1.0 1.0 0.0 15.0 0.0
2719.0055166220673 0.0 0.0 0.0 1.0 1.0 0.0 15.0 0.0
2720.034517111052 0.0 0.0 0.0 1.0 1.0 0.0 15.0 0.0
2721.020656138611 0.0 0.0 0.0 1.0 1.0 0.0 15.0 0.0
2722.0317383488555 0.0 0.0 0.0 1.0 1.0 0.0 15.0 0.0
2723.0163709542867 0.0 0.0 0.0 1.0 1.0 0.0 15.0 0.0
2724.024615030527 0.0 0.0 0.0 1.0 1.0 0.0 15.0 0.0
2725.034517111052 0.0 0.0 0.0 1.0 1.0 0.0 15.0 0.0
2726.0223140927847 0.0 0.0 0.0 1.0 1.0 0.0 15.0 0.0
2727.01577024191 0.0 0.0 0.0 1.0 1.0 0.0 15.0 0.0
2728.034517111052 0.0 0.0 0.0 1.0 1.0 0.0 15.0 0.0
2729.034517111052 0.0 0.0 0.0 1.0 1.0 0.0 15.0 0.0
2730.0117926838075 0.0 0.0 0.0 1.0 1.0 0.0 15.0 0.0
2731.034517111052 0.0 0.0 0.0 1.0 1.0 0.0 15.0 0.0
2732.0113685845745 0.0 0.0 0.0 1.0 1.0 0.0 15.0 0.0
2733.034517111052 0.0 0.0 0.0 1.0 1.0 0.0 15.0 0.0
2734.034517111052 0.0 0.0 0.0 1.0 1.0 0.0 15.0 0.0
2735.0072901064727 0.0 0.0 0.0 1.0 1.0 0.0 15.0 0.0
2736.0297461250843 0.0 0.0 0.0 1.0 1.0 0.0 15.0 0.0
2737.0334327326077 0.0 0.0 0.0 1.0 1.0 0.0 15.0 0.0
2738.034517111052 0.0 0.0 0.0 1.0 1.0 0.0 15.0 0.0
2739.034517111052 0.0 0.0 0.0 1.0 1.0 0.0 15.0 0.0
2740.0083674603984 0.0 0.0 0.0 1.0 1.0 0.0 15.0 0.0
2741.0080885358852 0.0 0.0 0.0 1.0 1.0 0.0 15.0 0.0
2742.034517111052 0.0 0.0 0.0 1.0 1.0 0.0 15.0 0.0
2743.034517111052 0.0 0.0 0.0 1.0 1.0 0.0 15.0 0.0
2744.01698416636 0.0 0.0 0.0 1.0 1.0 0.0 15.0 0.0
2745.020693352524 0.0 0.0 0.0 1.0 1.0 0.0 15.0 0.0
2746.0083372260815 0.0 0.0 0.0 1.0 1.0 0.0 15.0 0.0
2747.034517111052 0.0 0.0 0.0 1.0 1.0 0.0 15.0 0.0
2748.034517111052 0.0 0.0 0.0 1.0 1.0 0.0 15.0 0.0
2749.0217097597306 0.0 0.0 0.0 1.0 1.0 0.0 15.0 0.0
2750.001697480364 0.0 0.0 0.0 1.0 1.0 0.0 15.0 0.0
2751.0021018984544 0.0 0.0 0.0 1.0 1.0 0.0 15.0 0.0
2752.034517111052 0.0 0.0 0.0 1.0 1.0 0.0 15.0 0.0
2753.034517111052 0.0 0.0 0.0 1.0 1.0 0.0 15.0 0.0
2754.034517111052 0.0 0.0 0.0 1.0 1.0 0.0 15.0 0.0
2755.034517111052 0.0 0.0 0.0 1.0 1.0 0.0 15.0 0.0
2756.034517111052 0.0 0.0 0.0 1.0 1.0 0.0 15.0 0.0
2757.0100570684117 0.0 0.0 0.0 1.0 1.0 0.0 15.0 0.0
2758.0018315682114 0.0 0.0 0.0 1.0 1.0 0.0 15.0 0.0
2759.010238223598 0.0 0.0 0.0 1.0 1.0 0.0 15.0 0.0
2760.0129856831945 0.0 0.0 0.0 1.0 1.0 0.0 15.0 0.0
2761.00003341824 0.0 0.0 0.0 1.0 1.0 0.0 15.0 0.0
2762.003773655204 0.0 0.0 0.0 1.0 1.0 0.0 15.0 0.0
2763.010542637174 0.0 0.0 0.0 1.0 1.0 0.0 15.0 0.0
2764.034517111052 0.0 0.0 0.0 1.0 1.0 0.0 15.0 0.0
2765.028860081973 0.0 0.0 0.0 1.0 1.0 0.0 15.0 0.0
2766.0069138802696 0.0 0.0 0.0 1.0 1.0 0.0 15.0 0.0
2767.010425472661 0.0 0.0 0.0 1.0 1.0 0.0 15.0 0.0
2768.001054719276 0.0 0.0 0.0 1.0 1.0 0.0 15.0 0.0
2769.015510108937 0.0 0.0 0.0 1.0 1.0 0.0 15.0 0.0
2770.0154586976128 0.0 0.0 0.0 1.0 1.0 0.0 15.0 0.0
2771.0036221595046 0.0 0.0 0.0 1.0 1.0 0.0 15.0 0.0
2772.034517111052 0.0 0.0 0.0 1.0 1.0 0.0 15.0 0.0
2773.0066840212194 0.0 0.0 0.0 1.0 1.0 0.0 15.0 0.0
2774.034517111052 0.0 0.0 0.0 1.0 1.0 0.0 15.0 0.0
2775.009920493514 0.0 0.0 0.0 1.0 1.0 0.0 15.0 0.0
2776.034517111052 0.0 0.0 0.0 1.0 1.0 0.0 15.0 0.0
2777.001596506117 0.0 0.0 0.0 1.0 1.0 0.0 15.0 0.0
2778.0223941615923 0.0 0.0 0.0 1.0 1.0 0.0 15.0 0.0
2779.0275313990173 0.0 0.0 0.0 1.0 1.0 0.0 15.0 0.0
2780.0017718247564 0.0 0.0 0.0 1.0 1.0 0.0 15.0 0.0
2781.005848984115 0.0 0.0 0.0 1.0 1.0 0.0 15.0 0.0
2782.034517111052 0.0 0.0 0.0 1.0 1.0 0.0 15.0 0.0
2783.004201237789 0.0 0.0 0.0 1.0 1.0 0.0 15.0 0.0
2784.0104847928756 0.0 0.0 0.0 1.0 1.0 0.0 15.0 0.0
2785.016091584933 0.0 0.0 0.0 1.0 1.0 0.0 15.0 0.0
2786.001120197364 0.0 0.0 0.0 1.0 1.0 0.0 15.0 0.0
2787.013592202654 0.0 0.0 0.0 1.0 1.0 0.0 15.0 0.0
2788.014280607743 0.0 0.0 0.0 1.0 1.0 0.0 15.0 0.0
2789.0070353854358 0.0 0.0 0.0 1.0 1.0 0.0 15.0 0.0
2790.01646430604 0.0 0.0 0.0 1.0 1.0 0.0 15.0 0.0
2791.034517111052 0.0 0.0 0.0 1.0 1.0 0.0 15.0 0.0
2792.034517111052 0.0 0.0 0.0 1.0 1.0 0.0 15.0 0.0
2793.034517111052 0.0 0.0 0.0 1.0 1.0 0.0 15.0 0.0
2794.022972306714 0.0 0.0 0.0 1.0 1.0 0.0 15.0 0.0
2795.0053705278265 0.0 0.0 0.0 1.0 1.0 0.0 15.0 0.0
2796.034517111052 0.0 0.0 0.0 1.0 1.0 0.0 15.0 0.0
2797.034517111052 0.0 0.07500000000000001 0.0 0.925 1.0 0.0 15.0 0.1353658536585366
2798.0057828397266 0.0 0.875 0.0 0.125 1.0 0.0 15.075 0.21341463414634146
2799.034517111052 0.0 1.0 0.0 0.0 1.0 0.0 15.925 0.0
2800.0078124442102 0.0 1.0 0.0 0.0 1.0 0.0 16.85 0.0
2801.030954675859 0.0 1.0 0.0 0.0 1.0 0.0 17.0 0.0
2802.024595954702 0.0 1.0 0.0 0.0 1.0 0.0 17.0 0.0
2803.0268374971565 0.0 1.0 0.0 0.0 1.0 0.0 17.0 0.0
2804.0101922293693 0.0 1.0 0.0 0.0 1.0 0.0 17.0 0.0
2805.034517111052 0.0 1.0 0.0 0.0 1.0 0.0 17.0 0.0
2806.0103951964943 0.0 1.0 0.0 0.0 1.0 0.0 17.0 0.0
2807.012534463029 0.0 1.0 0.0 0.0 1.0 0.0 17.0 0.0
2808.034517111052 0.0 1.0 0.0 0.0 1.0 0.0 17.0 0.0
2809.034517111052 0.0 1.0 0.0 0.0 1.0 0.0 17.0 0.0
2810.030960237228 0.0 1.0 0.0 0.0 1.0 0.0 17.0 0.0
2811.0304959612245 0.0 1.0 0.0 0.0 1.0 0.0 17.0 0.0
2812.007091566819 0.0 1.0 0.0 0.0 1.0 0.0 17.0 0.0
2813.004821262197 0.0 1.0 0.0 0.0 1.0 0.0 17.0 0.0
2814.0009798235296 0.0 1.0 0.0 0.0 1.0 0.0 17.0 0.0
2815.007435656804 0.0 1.0 0.0 0.0 1.0 0.0 17.0 0.0
2816.0150294665737 0.0 1.0 0.0 0.0 1.0 0.0 17.0 0.0
2817.0251520185725 0.0 1.0 0.0 0.0 1.0 0.0 17.0 0.0
2818.0028076277854 0.0 1.0 0.0 0.0 1.0 0.0 17.0 0.0
2819.0089793032207 0.0 1.0 0.0 0.0 1.0 0.0 17.0 0.0
2820.002038627646 0.0 1.0 0.0 0.0 1.0 0.0 17.0 0.0
2821.0082716987686 0.0 1.0 0.0 0.0 1.0 0.0 17.0 0.0
2822.0154833269853 0.0 1.0 0.0 0.0 1.0 0.0 17.0 0.0
2823.034517111052 0.0 1.0 0.0 0.0 1.0 0.0 17.0 0.0
2824.0260077811877 0.0 1.0 0.0 0.0 1.0 0.0 17.0 0.0
2825.00479667262 0.0 1.0 0.0 0.0 1.0 0.0 17.0 0.0
2826.000680502786 0.0 1.0 0.0 0.0 1.0 0.0 17.0 0.0
2827.0257865880685 0.0 1.0 0.0 0.0 1.0 0.0 17.0 0.0
2828.0010369087963 0.0 1.0 0.0 0.0 1.0 0.0 17.0 0.0
2829.004430122099 0.0 1.0 0.0 0.0 1.0 0.0 17.0 0.0
2830.008040275172 0.0 1.0 0.0 0.0 1.0 0.0 17.0 0.0
2831.034517111052 0.0 1.0 0.0 0.0 1.0 0.0 17.0 0.0
2832.034517111052 0.0 1.0 0.0 0.0 1.0 0.0 17.0 0.0
2833.0105756611156 0.0 1.0 0.0 0.0 1.0 0.0 17.0 0.0
2834.009710593728 0.0 1.0 0.0 0.0 1.0 0.0 17.0 0.0
2835.0310505814755 0.0 1.0 0.0 0.0 1.0 0.0 17.0 0.0
2836.034517111052 0.0 1.0 0.0 0.0 1.0 0.0 17.0 0.0
2837.015198519613 0.0 1.0 0.0 0.0 1.0 0.0 17.0 0.0
2838.000751766783 0.0 1.0 0.0 0.0 1.0 0.0 17.0 0.0
2839.002002361268 0.0 1.0 0.0 0.0 1.0 0.0 17.0 0.0
2840.0040122398473 0.0 1.0 0.0 0.0 1.0 0.0 17.0 0.0
2841.0046083302473 0.0 1.0 0.0 0.0 1.0 0.0 17.0 0.0
2842.0218800348407 0.0 1.0 0.0 0.0 1.0 0.0 17.0 0.0
2843.006281496455 0.0 1.0 0.0 0.0 1.0 0.0 17.0 0.0
2844.0209346415795 0.0 1.0 0.0 0.0 1.0 0.0 17.0 0.0
2845.034517111052 0.0 1.0 0.0 0.0 1.0 0.0 17.0 0.0
2846.028092801504 0.0 1.0 0.0 0.0 1.0 0.0 17.0 0.0
2847.0180916385934 0.0 1.0 0.0 0.0 1.0 0.0 17.0 0.0
2848.0026594792307 0.0 1.0 0.0 0.0 1.0 0.0 17.0 0.0
2849.005928390864 0.0 1.0 0.0 0.0 1.0 0.0 17.0 0.0
2850.0286586260454 0.0 1.0 0.0 0.0 1.0 0.0 17.0 0.0
2851.0021573265226 0.0 1.0 0.0 0.0 1.0 0.0 17.0 0.0
2852.020621875879 0.0 1.0 0.0 0.0 1.0 0.0 17.0 0.0
2853.018398052228 0.0 1.0 0.0 0.0 1.0 0.0 17.0 0.0
2854.006631522778 0.0 1.0 0.0 0.0 1.0 0.0 17.0 0.0
2855.0013980413723 0.0 1.0 0.0 0.0 1.0 0.0 17.0 0.0
2856.0077167861027 0.0 1.0 0.0 0.0 1.0 0.0 17.0 0.0
2857.003029031466 0.0 1.0 0.0 0.0 1.0 0.0 17.0 0.0
2858.0114612141815 0.0 1.0 0.0 0.0 1.0 0.0 17.0 0.0
2859.005175242815 0.0 1.0 0.0 0.0 1.0 0.0 17.0 0.0
2860.0033235540386 0.0 1.0 0.0 0.0 1.0 0.0 17.0 0.0
2861.0087319685153 0.0 1.0 0.0 0.0 1.0 0.0 17.0 0.0
2862.0219622025315 0.0 1.0 0.0 0.0 1.0 0.0 17.0 0.0
2863.0070557609283 0.0 1.0 0.0 0.0 1.0 0.0 17.0 0.0
2864.0119269732268 0.0 1.0 0.0 0.0 1.0 0.0 17.0 0.0
2865.006488651882 0.0 1.0 0.0 0.0 1.0 0.0 17.0 0.0
2866.034517111052 0.0 1.0 0.0 0.0 1.0 0.0 17.0 0.0
2867.0128877141296 0.0 1.0 0.0 0.0 1.0 0.0 17.0 0.0
2868.003989588286 0.0 1.0 0.0 0.0 1.0 0.0 17.0 0.0
2869.034517111052 0.0 1.0 0.0 0.0 1.0 0.0 17.0 0.0
2870.034517111052 0.0 1.0 0.0 0.0 1.0 0.0 17.0 0.0
2871.0012141223856 0.0 1.0 0.0 0.0 1.0 0.0 17.0 0.0
2872.034517111052 0.0 1.0 0.0 0.0 1.0 0.0 17.0 0.0
2873.022506196746 0.0 1.0 0.0 0.0 1.0 0.0 17.0 0.0
2874.005600089173 0.0 1.0 0.0 0.0 1.0 0.0 17.0 0.0
2875.034517111052 0.0 1.0 0.0 0.0 1.0 0.0 17.0 0.0
2876.0077540082248 0.0 1.0 0.0 0.0 1.0 0.0 17.0 0.0
2877.0167181764855 0.0 0.275 0.0 0.725 0.0 0.0 17.0 0.38902439024390245
2878.007799666763 0.0 0.0 0.0 1.0 0.0 0.0 17.55 0.0
2879.034517111052 0.0 0.0 0.0 1.0 0.0 0.0 18.55 0.0
2880.000878343623 0.0 0.0 0.0 1.0 0.0 0.0 19.0 0.0
2881.034517111052 0.0 0.0 0.0 1.0 0.0 0.0 19.0 0.0
2882.013715651188 0.0 0.0 0.0 1.0 0.0 0.0 19.0 0.0
2883.034517111052 0.0 0.0 0.0 1.0 0.0 0.0 19.0 0.0
2884.0040489965 0.0 0.0 0.0 1.0 0.0 0.0 19.0 0.0
2885.0046557255514 0.0 0.0 0.0 1.0 0.0 0.0 19.0 0.0
2886.0271574019225 0.0 0.0 0.0 1.0 0.0 0.0 19.0 0.0
2887.003357720383 0.0 0.0 0.0 1.0 0.0 0.0 19.0 0.0
2888.034517111052 0.0 0.0 0.0 1.0 0.0 0.0 19.0 0.0
2889.0065935278026 0.0 0.0 0.0 1.0 0.0 0.0 19.0 0.0
2890.034517111052 0.0 0.0 0.0 1.0 0.0 0.0 19.0 0.0
2891.0127704932866 0.0 0.0 0.0 1.0 0.0 0.0 19.0 0.0
2892.010899936383 0.0 0.0 0.0 1.0 0.0 0.0 19.0 0.0
2893.0185607916237 0.0 0.0 0.0 1.0 0.0 0.0 19.0 0.0
2894.0018338459236 0.0 0.0 0.0 1.0 0.0 0.0 19.0 0.0
2895.0014254404987 0.0 0.0 0.0 1.0 0.0 0.0 19.0 0.0
2896.0061989402693 0.0 0.0 0.0 1.0 0.0 0.0 19.0 0.0
2897.0047988917504 0.0 0.0 0.0 1.0 0.0 0.0 19.0 0.0
2898.00698714663 0.0 0.0 0.0 1.0 0.0 0.0 19.0 0.0
2899.0050586485436 0.0 0.0 0.0 1.0 0.0 0.0 19.0 0.0
2900.001937712701 0.0 0.0 0.0 1.0 0.0 0.0 19.0 0.0
2901.034517111052 0.0 0.0 0.0 1.0 0.0 0.0 19.0 0.0
2902.034517111052 0.0 0.0 0.0 1.0 0.0 0.0 19.0 0.0
2903.0248437528803 0.0 0.0 0.0 1.0 0.0 0.0 19.0 0.0
2904.004044695423 0.0 0.0 0.0 1.0 0.0 0.0 19.0 0.0
2905.025026554339 0.0 0.0 0.0 1.0 0.0 0.0 19.0 0.0
2906.004169663434 0.0 0.0 0.0 1.0 0.0 0.0 19.0 0.0
2907.004590508062 0.0 0.0 0.0 1.0 0.0 0.0 19.0 0.0
2908.034517111052 0.0 0.0 0.0 1.0 0.0 0.0 19.0 0.0
2909.034517111052 0.0 0.0 0.0 1.0 0.0 0.0 19.0 0.0
2910.012238419733 0.0 0.0 0.0 1.0 0.0 0.0 19.0 0.0
2911.0209635104484 0.0 0.0 0.0 1.0 0.0 0.0 19.0 0.0
2912.0309549762133 0.0 0.0 0.0 1.0 0.0 0.0 19.0 0.0
2913.0094734606582 0.0 0.0 0.0 1.0 0.0 0.0 19.0 0.0
2914.0046992786642 0.0 0.0 0.0 1.0 0.0 0.0 19.0 0.0
2915.0150931906046 0.0 0.0 0.0 1.0 0.0 0.0 19.0 0.0
2916.034517111052 0.0 0.0 0.0 1.0 0.0 0.0 19.0 0.0
2917.015459929042 0.0 0.0 0.0 1.0 0.0 0.0 19.0 0.0
2918.0006542529013 0.0 0.0 0.0 1.0 0.0 0.0 19.0 0.0
2919.018220589339 0.0 0.0 0.0 1.0 0.0 0.0 19.0 0.0
2920.022529616159 0.0 0.0 0.0 1.0 0.0 0.0 19.0 0.0
2921.034517111052 0.0 0.0 0.0 1.0 0.0 0.0 19.0 0.0
2922.034517111052 0.0 0.0 0.0 1.0 0.0 0.0 19.0 0.0
2923.034517111052 0.0 0.0 0.0 1.0 0.0 0.0 19.0 0.0
2924.0053723830742 0.0 0.0 0.0 1.0 0.0 0.0 19.0 0.0
2925.032052920166 0.0 0.0 0.0 1.0 0.0 0.0 19.0 0.0
2926.0188890346485 0.0 0.0 0.0 1.0 0.0 0.0 19.0 0.0
2927.0037839584033 0.0 0.0 0.0 1.0 0.0 0.0 19.0 0.0
2928.002003669098 0.0 0.0 0.0 1.0 0.0 0.0 19.0 0.0
2929.034517111052 0.0 0.0 0.0 1.0 0.0 0.0 19.0 0.0
2930.0034922514565 0.0 0.0 0.0 1.0 0.0 0.0 19.0 0.0
2931.007660377767 0.0 0.0 0.0 1.0 0.0 0.0 19.0 0.0
2932.0120637214013 0.0 0.0 0.0 1.0 0.0 0.0 19.0 0.0
2933.0316877687465 0.0 0.0 0.0 1.0 0.0 0.0 19.0 0.0
2934.027144551481 0.0 0.0 0.0 1.0 0.0 0.0 19.0 0.0
2935.014151144225 0.0 0.0 0.0 1.0 0.0 0.0 19.0 0.0
2936.0263429499523 0.0 0.0 0.0 1.0 0.0 0.0 19.0 0.0
2937.034517111052 0.0 0.0 0.0 1.0 0.0 0.0 19.0 0.0
2938.034517111052 0.0 0.0 0.0 1.0 0.0 0.0 19.0 0.0
2939.034517111052 0.0 0.0 0.0 1.0 0.0 0.0 19.0 0.0
2940.0117672837987 0.0 0.0 0.0 1.0 0.0 0.0 19.0 0.0
2941.0191768956347 0.0 0.0 0.0 1.0 0.0 0.0 19.0 0.0
2942.0049091860355 0.0 0.0 0.0 1.0 0.0 0.0 19.0 0.0
2943.0153231995105 0.0 0.0 0.0 1.0 0.0 0.0 19.0 0.0
2944.030367501262 0.0 0.0 0.0 1.0 0.0 0.0 19.0 0.0
2945.00515384097 0.0 0.0 0.0 1.0 0.0 0.0 19.0 0.0
2946.0033749683325 0.0 0.0 0.0 1.0 0.0 0.0 19.0 0.0
2947.01649646395 0.0 0.0 0.0 1.0 0.0 0.0 19.0 0.0
2948.034517111052 0.0 0.0 0.0 1.0 0.0 0.0 19.0 0.0
2949.0278462341853 0.0 0.0 0.0 1.0 0.0 0.0 19.0 0.0
2950.0219671432624 0.0 0.0 0.0 1.0 0.0 0.0 19.0 0.0
2951.030448052701 0.0 0.0 0.0 1.0 0.0 0.0 19.0 0.0
2952.0063731390114 0.0 0.0 0.0 1.0 0.0 0.0 19.0 0.0
2953.0006246713265 0.0 0.0 0.0 1.0 0.0 0.0 19.0 0.0
2954.034517111052 0.0 0.0 0.0 1.0 0.0 0.0 19.0 0.0
2955.034517111052 0.0 0.0 0.0 1.0 0.0 0.0 19.0 0.0
2956.010932025862 0.0 0.0 0.0 1.0 0.0 0.0 19.0 0.0
2957.0297990816844 0.0 0.0 0.0 1.0 0.0 0.0 19.0 0.0
2958.0091475175614 0.0 0.0 0.0 1.0 0.0 0.0 19.0 0.0
2959.0256573518127 0.0 0.0 0.0 1.0 0.0 0.0 19.0 0.0
2960.034517111052 0.0 0.0 0.0 1.0 0.0 0.0 19.0 0.0
2961.034517111052 0.0 0.0 0.0 1.0 0.0 0.0 19.0 0.0
2962.01806236659 0.0 0.0 0.0 1.0 0.0 0.0 19.0 0.0
2963.0330213084526 0.0 0.0 0.0 1.0 0.0 0.0 19.0 0.0
2964.030300882735 0.0 0.0 0.0 1.0 0.0 0.0 19.0 0.0
2965.011407108626 0.0 0.0 0.0 1.0 0.0 0.0 19.0 0.0
2966.0081041251487 0.0 0.0 0.0 1.0 0.0 0.0 19.0 0.0
2967.0007977463074 0.0 0.0 0.0 1.0 0.0 0.0 19.0 0.0
2968.029881772036 0.0 0.0 0.0 1.0 0.0 0.0 19.0 0.0
2969.013271654474 0.0 0.0 0.0 1.0 0.0 0.0 19.0 0.0
2970.009258630356 0.0 0.0 0.0 1.0 0.0 0.0 19.0 0.0
2971.034517111052 0.0 0.0 0.0 1.0 0.0 0.0 19.0 0.0
2972.02031166764 0.0 0.0 0.0 1.0 0.0 0.0 19.0 0.0
2973.034517111052 0.0 0.0 0.0 1.0 0.0 0.0 19.0 0.0
2974.010247097694 0.0 0.0 0.0 1.0 0.0 0.0 19.0 0.0
2975.034517111052 0.0 0.0 0.0 1.0 0.0 0.0 19.0 0.0
2976.0029624125264 0.0 0.0 0.0 1.0 0.0 0.0 19.0 0.0
2977.0202945449832 0.0 0.0 0.0 1.0 0.0 0.0 19.0 0.0
2978.0298737045337 0.0 0.0 0.0 1.0 0.0 0.0 19.0 0.0
2979.034517111052 0.0 0.0 0.0 1.0 0.0 0.0 19.0 0.0
2980.005727480299 0.0 0.0 0.0 1.0 0.0 0.0 19.0 0.0
2981.0165075625814 0.0 0.0 0.0 1.0 0.0 0.0 19.0 0.0
2982.0310968676235 0.0 0.0 0.0 1.0 0.0 0.0 19.0 0.0
2983.016649679463 0.0 0.0 0.0 1.0 0.0 0.0 19.0 0.0
2984.005358955494 0.0 0.0 0.0 1.0 0.0 0.0 19.0 0.0
2985.013961429437 0.0 0.0 0.0 1.0 0.0 0.0 19.0 0.0
2986.005893166773 0.0 0.0 0.0 1.0 0.0 0.0 19.0 0.0
2987.034517111052 0.0 0.0 0.0 1.0 0.0 0.0 19.0 0.0
2988.0133453286826 0.0 0.0 0.0 1.0 0.0 0.0 19.0 0.0
2989.034517111052 0.0 0.0 0.0 1.0 0.0 0.0 19.0 0.0
2990.0173961394 0.0 0.0 0.0 1.0 0.0 0.0 19.0 0.0
2991.021055536482 0.0 0.0 0.0 1.0 0.0 0.0 19.0 0.0
2992.001494051957 0.0 0.0 0.0 1.0 0.0 0.0 19.0 0.0
2993.034517111052 0.0 0.0 0.0 1.0 0.0 0.0 19.0 0.0
2994.007104032875 0.0 0.0 0.0 1.0 0.0 0.0 19.0 0.0
2995.027050962924 0.0 0.0 0.0 1.0 0.0 0.0 19.0 0.0
2996.0299376639227 0.0 0.0 0.0 1.0 0.0 0.0 19.0 0.0
2997.034517111052 0.0 0.0 0.0 1.0 0.0 0.0 19.0 0.0
2998.005102155748 0.0 0.0 0.0 1.0 0.0 0.0 19.0 0.0
2999.0235309568584 0.0 0.0 0.0 1.0 0.0 0.0 19.0 0.0
3000.014142466789 0.0 0.0 0.0 1.0 0.0 0.0 19.0 0.0
3001.034517111052 0.0 0.0 0.0 1.0 0.0 0.0 19.0 0.0
3002.0257148561727 0.0 0.0 0.0 1.0 0.0 0.0 19.0 0.0
3003.017709492804 0.0 0.0 0.0 1.0 0.0 0.0 19.0 0.0
3004.030331176818 0.0 0.0 0.0 1.0 0.0 0.0 19.0 0.0
3005.034517111052 0.0 0.0 0.0 1.0 0.0 0.0 19.0 0.0
3006.034517111052 0.0 0.0 0.0 1.0 0.0 0.0 19.0 0.0
3007.0135930896695 0.0 0.0 0.0 1.0 0.0 0.0 19.0 0.0
3008.024605418358 0.0 0.0 0.0 1.0 0.0 0.0 19.0 0.0
3009.0027174618126 0.0 0.0 0.0 1.0 0.0 0.0 19.0 0.0
3010.0103254139854 0.0 0.0 0.0 1.0 0.0 0.0 19.0 0.0
3011.007805126312 0.0 0.0 0.0 1.0 0.0 0.0 19.0 0.0
3012.0060916640055 0.0 0.0 0.0 1.0 0.0 0.0 19.0 0.0
3013.01165549391 0.0 0.0 0.0 1.0 0.0 0.0 19.0 0.0
3014.0176695165487 0.0 0.0 0.0 1.0 0.0 0.0 19.0 0.0
3015.034517111052 0.0 0.0 0.0 1.0 0.0 0.0 19.0 0.0
3016.034517111052 0.0 0.0 0.0 1.0 0.0 0.0 19.0 0.0
3017.034517111052 0.0 0.0 0.0 1.0 0.0 0.0 19.0 0.0
3018.034517111052 0.0 0.0 0.0 1.0 0.0 0.0 19.0 0.0
3019.011919878127 0.0 0.0 0.0 1.0 0.0 0.0 19.0 0.0
3020.034517111052 0.0 0.0 0.0 1.0 0.0 0.0 19.0 0.0
3021.002692002939 0.0 0.0 0.0 1.0 0.0 0.0 19.0 0.0
3022.034517111052 0.0 0.0 0.0 1.0 0.0 0.0 19.0 0.0
3023.034517111052 0.0 0.0 0.0 1.0 0.0 0.0 19.0 0.0
3024.014867154602 0.0 0.0 0.0 1.0 0.0 0.0 19.0 0.0
3025.026816993404 0.0 0.0 0.0 1.0 0.0 0.0 19.0 0.0
3026.034517111052 0.0 0.0 0.0 1.0 0.0 0.0 19.0 0.0
3027.009814119287 0.0 0.0 0.0 1.0 0.0 0.0 19.0 0.0
3028.034517111052 0.0 0.0 0.0 1.0 0.0 0.0 19.0 0.0
3029.011108479516 0.0 0.0 0.0 1.0 0.0 0.0 19.0 0.0
3030.017484948299 0.0 0.0 0.0 1.0 0.0 0.0 19.0 0.0
3031.000520070522 0.0 0.0 0.0 1.0 0.0 0.0 19.0 0.0
3032.0007920634384 0.0 0.0 0.0 1.0 0.0 0.0 19.0 0.0
3033.0274257627884 0.0 0.0 0.0 1.0 0.0 0.0 19.0 0.0
3034.0325467312255 0.0 0.0 0.0 1.0 0.0 0.0 19.0 0.0
3035.005938978282 0.0 0.0 0.0 1.0 0.0 0.0 19.0 0.0
3036.034517111052 0.0 0.0 0.0 1.0 0.0 0.0 19.0 0.0
3037.0119538005706 0.0 0.0 0.0 1.0 0.0 0.0 19.0 0.0
3038.0113992182146 0.0 0.0 0.0 1.0 0.0 0.0 19.0 0.0
3039.034517111052 0.0 0.0 0.0 1.0 0.0 0.0 19.0 0.0
3040.01084369835 0.0 0.0 0.0 1.0 0.0 0.0 19.0 0.0
3041.034517111052 0.0 0.0 0.0 1.0 0.0 0.0 19.0 0.0
3042.026392369453 0.0 0.0 0.0 1.0 0.0 0.0 19.0 0.0
3043.001430167398 0.0 0.0 0.0 1.0 0.0 0.0 19.0 0.0
3044.0172870850774 0.0 0.0 0.0 1.0 0.0 0.0 19.0 0.0
3045.0153799881314 0.0 0.0 0.0 1.0 0.0 0.0 19.0 0.0
3046.002171320547 0.0 0.0 0.0 1.0 0.0 0.0 19.0 0.0
3047.0030762306774 0.0 0.0 0.0 1.0 0.0 0.0 19.0 0.0
3048.002251574689 0.0 0.0 0.0 1.0 0.0 0.0 19.0 0.0
3049.01150307677 0.0 0.0 0.0 1.0 0.0 0.0 19.0 0.0
3050.013095662276 0.0 0.0 0.0 1.0 0.0 0.0 19.0 0.0
3051.034517111052 0.0 0.0 0.0 1.0 0.0 0.0 19.0 0.0
3052.034517111052 0.0 0.0 0.0 1.0 0.0 0.0 19.0 0.0
3053.019689915008 0.0 0.0 0.0 1.0 0.0 0.0 19.0 0.0
3054.018945622898 0.0 0.0 0.0 1.0 0.0 0.0 19.0 0.0
3055.0284013202545 0.0 0.0 0.0 1.0 0.0 0.0 19.0 0.0
3056.002716996859 0.0 0.0 0.0 1.0 0.0 0.0 19.0 0.0
3057.034517111052 0.0 0.0 0.0 1.0 0.0 0.0 19.0 0.0
3058.003482458289 0.0 0.0 0.0 1.0 0.0 0.0 19.0 0.0
3059.0143574468207 0.0 0.0 0.0 1.0 0.0 0.0 19.0 0.0
3060.009404496382 0.0 0.0 0.0 1.0 0.0 0.0 19.0 0.0
3061.0282338273973 0.0 0.0 0.0 1.0 0.0 0.0 19.0 0.0
3062.0094107668933 0.0 0.0 0.0 1.0 0.0 0.0 19.0 0.0
3063.021560519222 0.0 0.0 0.0 1.0 0.0 0.0 19.0 0.0
3064.0298560471015 0.0 0.0 0.0 1.0 0.0 0.0 19.0 0.0
3065.034517111052 0.0 0.0 0.0 1.0 0.0 0.0 19.0 0.0
3066.0069797136 0.0 0.0 0.0 1.0 0.0 0.0 19.0 0.0
3067.0092010551925 0.0 0.0 0.0 1.0 0.0 0.0 19.0 0.0
3068.009496515552 0.0 0.0 0.0 1.0 0.0 0.0 19.0 0.0
3069.034517111052 0.0 0.0 0.0 1.0 0.0 0.0 19.0 0.0
3070.010916762703 0.0 0.0 0.0 1.0 0.0 0.0 19.0 0.0
3071.0292049942955 0.0 0.0 0.0 1.0 0.0 0.0 19.0 0.0
3072.034517111052 0.0 0.0 0.0 1.0 0.0 0.0 19.0 0.0
3073.0126109641797 0.0 0.0 0.0 1.0 0.0 0.0 19.0 0.0
3074.0012317333417 0.0 0.0 0.0 1.0 0.0 0.0 19.0 0.0
3075.0031595302044 0.0 0.0 0.0 1.0 0.0 0.0 19.0 0.0
3076.034517111052 0.0 0.0 0.0 1.0 0.0 0.0 19.0 0.0
3077.034517111052 0.0 0.0 0.0 1.0 0.0 0.0 19.0 0.0
3078.01382582692 0.0 0.0 0.0 1.0 0.0 0.0 19.0 0.0
3079.0239556180873 0.0 0.0 0.0 1.0 0.0 0.0 19.0 0.0
3080.034517111052 0.0 0.0 0.0 1.0 0.0 0.0 19.0 0.0
3081.0224218186677 0.0 0.0 0.0 1.0 0.0 0.0 19.0 0.0
3082.034517111052 0.0 0.0 0.0 1.0 0.0 0.0 19.0 0.0
3083.0008393415756 0.0 0.0 0.0 1.0 0.0 0.0 19.0 0.0
3084.034517111052 0.0 0.0 0.0 1.0 0.0 0.0 19.0 0.0
3085.013062376138 0.0 0.0 0.0 1.0 0.0 0.0 19.0 0.0
3086.010301911588 0.0 0.0 0.0 1.0 0.0 0.0 19.0 0.0
3087.0168659979768 0.0 0.0 0.0 1.0 0.0 0.0 19.0 0.0
3088.0121287630914 0.0 0.0 0.0 1.0 0.0 0.0 19.0 0.0
3089.0204793566086 0.0 0.0 0.0 1.0 0.0 0.0 19.0 0.0
3090.034517111052 0.0 0.0 0.0 1.0 0.0 0.0 19.0 0.0
3091.034517111052 0.0 0.0 0.0 1.0 0.0 0.0 19.0 0.0
3092.0204397045864 0.0 0.0 0.0 1.0 0.0 0.0 19.0 0.0
3093.017102611024 0.0 0.0 0.0 1.0 0.0 0.0 19.0 0.0
3094.007416713088 0.0 0.0 0.0 1.0 0.0 0.0 19.0 0.0
3095.001443002049 0.0 0.0 0.0 1.0 0.0 0.0 19.0 0.0
3096.0200307525915 0.0 0.0 0.0 1.0 0.0 0.0 19.0 0.0
3097.034517111052 0.0 0.0 0.0 1.0 0.0 0.0 19.0 0.0
3098.034517111052 0.0 0.0 0.0 1.0 0.0 0.0 19.0 0.0
3099.034517111052 0.0 0.0 0.0 1.0 0.0 0.0 19.0 0.0
3100.034517111052 0.0 0.0 0.0 1.0 0.0 0.0 19.0 0.0
3101.010269537116 0.0 0.0 0.0 1.0 0.0 0.0 19.0 0.0
3102.0109250267556 0.0 0.0 0.0 1.0 0.0 0.0 19.0 0.0
3103.0079818158824 0.0 0.0 0.0 1.0 0.0 0.0 19.0 0.0
3104.034517111052 0.0 0.0 0.0 1.0 0.0 0.0 19.0 0.0
3105.0291427121188 0.0 0.0 0.0 1.0 0.0 0.0 19.0 0.0
3106.0050945518815 0.0 0.0 0.0 1.0 0.0 0.0 19.0 0.0
3107.0170903120625 0.0 0.0 0.0 1.0 0.0 0.0 19.0 0.0
3108.034517111052 0.0 0.0 0.0 1.0 0.0 0.0 19.0 0.0
3109.034517111052 0.0 0.0 0.0 1.0 0.0 0.0 19.0 0.0
3110.034517111052 0.0 0.0 0.0 1.0 0.0 0.0 19.0 0.0
3111.009253720337 0.0 0.0 0.0 1.0 0.0 0.0 19.0 0.0
3112.0344906976657 0.0 0.0 0.0 1.0 0.0 0.0 19.0 0.0
3113.0150606610355 0.0 0.0 0.0 1.0 0.0 0.0 19.0 0.0
3114.0223105312843 0.0 0.0 0.0 1.0 0.0 0.0 19.0 0.0
3115.002338838757 0.0 0.0 0.0 1.0 0.0 0.0 19.0 0.0
3116.034517111052 0.0 0.0 0.0 1.0 0.0 0.0 19.0 0.0
3117.0064451332596 0.0 0.0 0.0 1.0 0.0 0.0 19.0 0.0
3118.018117765437 0.0 0.0 0.0 1.0 0.0 0.0 19.0 0.0
3119.0051840500337 0.0 0.0 0.0 1.0 0.0 0.0 19.0 0.0
3120.021118547398 0.0 0.0 0.0 1.0 0.0 0.0 19.0 0.0
3121.0034523316217 0.0 0.0 0.0 1.0 0.0 0.0 19.0 0.0
3122.0048687913063 0.0 0.0 0.0 1.0 0.0 0.0 19.0 0.0
3123.034517111052 0.0 0.0 0.0 1.0 0.0 0.0 19.0 0.0
3124.002842616563 0.0 0.0 0.0 1.0 0.0 0.0 19.0 0.0
3125.0133041093222 0.0 0.0 0.0 1.0 0.0 0.0 19.0 0.0
3126.0241464559717 0.0 0.0 0.0 1.0 0.0 0.0 19.0 0.0
3127.0132634550064 0.0 0.0 0.0 1.0 0.0 0.0 19.0 0.0
3128.02450394374 0.0 0.0 0.0 1.0 0.0 0.0 19.0 0.0
3129.034517111052 0.0 0.0 0.0 1.0 0.0 0.0 19.0 0.0
3130.034517111052 0.0 0.0 0.0 1.0 0.0 0.0 19.0 0.0
3131.0119636882705 0.0 0.0 0.0 1.0 0.0 0.0 19.0 0.0
3132.012384108814 0.0 0.0 0.0 1.0 0.0 0.0 19.0 0.0
3133.034517111052 0.0 0.0 0.0 1.0 0.0 0.0 19.0 0.0
3134.01003948893 0.0 0.0 0.0 1.0 0.0 0.0 19.0 0.0
3135.027280340038 0.0 0.0 0.0 1.0 0.0 0.0 19.0 0.0
3136.034517111052 0.0 0.0 0.0 1.0 0.0 0.0 19.0 0.0
3137.013387929558 0.0 0.0 0.0 1.0 0.0 0.0 19.0 0.0
3138.0245709999704 0.0 0.0 0.0 1.0 0.0 0.0 19.0 0.0
3139.0193484914485 0.0 0.0 0.0 1.0 0.0 0.0 19.0 0.0
3140.034517111052 0.0 0.0 0.0 1.0 0.0 0.0 19.0 0.0
3141.019176994939 0.0 0.0 0.0 1.0 0.0 0.0 19.0 0.0
3142.034517111052 0.0 0.0 0.0 1.0 0.0 0.0 19.0 0.0
3143.0030999164965 0.0 0.0 0.0 1.0 0.0 0.0 19.0 0.0
3144.00170653251 0.0 0.0 0.0 1.0 0.0 0.0 19.0 0.0
3145.004246200365 0.0 0.0 0.0 1.0 0.0 0.0 19.0 0.0
3146.005134932511 0.0 0.0 0.0 1.0 0.0 0.0 19.0 0.0
3147.034517111052 0.0 0.0 0.0 1.0 0.0 0.0 19.0 0.0
3148.000043737209 0.0 0.0 0.0 1.0 0.0 0.0 19.0 0.0
3149.0173302556245 0.0 0.0 0.0 1.0 0.0 0.0 19.0 0.0
3150.034517111052 0.0 0.0 0.0 1.0 0.0 0.0 19.0 0.0
3151.034517111052 0.0 0.0 0.0 1.0 0.0 0.0 19.0 0.0
3152.006813252622 0.0 0.0 0.0 1.0 0.0 0.0 19.0 0.0
3153.0076475459405 0.0 0.0 0.0 1.0 0.0 0.0 19.0 0.0
3154.0158304160827 0.0 0.0 0.0 1.0 0.0 0.0 19.0 0.0
3155.0058038958405 0.0 0.0 0.0 1.0 0.0 0.0 19.0 0.0
3156.023410590124 0.0 0.0 0.0 1.0 0.0 0.0 19.0 0.0
3157.007627751762 0.0 0.0 0.0 1.0 0.0 0.0 19.0 0.0
3158.0014311403456 0.0 0.0 0.0 1.0 0.0 0.0 19.0 0.0
3159.034517111052 0.0 0.0 0.0 1.0 0.0 0.0 19.0 0.0
3160.0102645743345 0.0 0.0 0.0 1.0 0.0 0.0 19.0 0.0
3161.031635388576 0.0 0.0 0.0 1.0 0.0 0.0 19.0 0.0
3162.034517111052 0.0 0.0 0.0 1.0 0.0 0.0 19.0 0.0
3163.034517111052 0.0 0.0 0.0 1.0 0.0 0.0 19.0 0.0
3164.034517111052 0.0 0.0 0.0 1.0 0.0 0.0 19.0 0.0
3165.0081856806687 0.0 0.0 0.0 1.0 0.0 0.0 19.0 0.0
3166.034517111052 0.0 0.0 0.0 1.0 0.0 0.0 19.0 0.0
3167.034517111052 0.0 0.0 0.0 1.0 0.0 0.0 19.0 0.0
3168.034517111052 0.0 0.0 0.0 1.0 0.0 0.0 19.0 0.0
3169.034517111052 0.0 0.0 0.0 1.0 0.0 0.0 19.0 0.0
3170.0101464693175 0.0 0.0 0.0 1.0 0.0 0.0 19.0 0.0
3171.0090069950584 0.0 0.0 0.0 1.0 0.0 0.0 19.0 0.0
3172.005548571959 0.0 0.0 0.0 1.0 0.0 0.0 19.0 0.0
3173.007824364686 0.0 0.0 0.0 1.0 0.0 0.0 19.0 0.0
3174.0221457806206 0.0 0.0 0.0 1.0 0.0 0.0 19.0 0.0
3175.024549762977 0.0 0.0 0.0 1.0 0.0 0.0 19.0 0.0
3176.013566775576 0.0 0.0 0.0 1.0 0.0 0.0 19.0 0.0
3177.007889536742 0.0 0.0 0.0 1.0 0.0 0.0 19.0 0.0
3178.0001828199242 0.0 0.0 0.0 1.0 0.0 0.0 19.0 0.0
3179.028996659084 0.0 0.0 0.0 1.0 0.0 0.0 19.0 0.0
3180.0132015940985 0.0 0.0 0.0 1.0 0.0 0.0 19.0 0.0
3181.0026404556193 0.0 0.0 0.0 1.0 0.0 0.0 19.0 0.0
3182.007919067644 0.0 0.0 0.0 1.0 0.0 0.0 19.0 0.0
3183.001598698698 0.0 0.0 0.0 1.0 0.0 0.0 19.0 0.0
3184.034517111052 0.0 0.0 0.0 1.0 0.0 0.0 19.0 0.0
3185.0232137290304 0.0 0.0 0.0 1.0 0.0 0.0 19.0 0.0
3186.0191462172943 0.0 0.0 0.0 1.0 0.0 0.0 19.0 0.0
3187.0195159419754 0.0 0.0 0.0 1.0 0.0 0.0 19.0 0.0
3188.034517111052 0.0 0.0 0.0 1.0 0.0 0.0 19.0 0.0
3189.034517111052 0.0 0.0 0.0 1.0 0.0 0.0 19.0 0.0
3190.012234802337 0.0 0.0 0.0 1.0 0.0 0.0 19.0 0.0
3191.0203142471996 0.0 0.0 0.0 1.0 0.0 0.0 19.0 0.0
3192.034517111052 0.0 0.0 0.0 1.0 0.0 0.0 19.0 0.0
3193.029164628279 0.0 0.0 0.0 1.0 0.0 0.0 19.0 0.0
3194.0189178908104 0.0 0.0 0.0 1.0 0.0 0.0 19.0 0.0
3195.017057881194 0.0 0.0 0.0 1.0 0.0 0.0 19.0 0.0
3196.034517111052 0.0 0.0 0.0 1.0 0.0 0.0 19.0 0.0
3197.0001873727774 0.0 0.0 0.0 1.0 0.0 0.0 19.0 0.0
3198.034517111052 0.0 0.0 0.0 1.0 0.0 0.0 19.0 0.0
3199.005031171103 0.0 0.0 0.0 1.0 0.0 0.0 19.0 0.0
3200.034517111052 0.0 0.0 0.0 1.0 0.0 0.0 19.0 0.0
3201.034517111052 0.0 0.0 0.0 1.0 0.0 0.0 19.0 0.0
3202.0012964592397 0.0 0.0 0.0 1.0 0.0 0.0 19.0 0.0
3203.0307404738496 0.0 0.0 0.0 1.0 0.0 0.0 19.0 0.0
3204.0060420749655 0.0 0.0 0.0 1.0 0.0 0.0 19.0 0.0
3205.0099256687595 0.0 0.0 0.0 1.0 0.0 0.0 19.0 0.0
3206.0087514096153 0.0 0.0 0.0 1.0 0.0 0.0 19.0 0.0
3207.021173920442 0.0 0.0 0.0 1.0 0.0 0.0 19.0 0.0
3208.0127089737357 0.0 0.0 0.0 1.0 0.0 0.0 19.0 0.0
3209.034517111052 0.0 0.0 0.0 1.0 0.0 0.0 19.0 0.0
3210.003456308324 0.0 0.0 0.0 1.0 0.0 0.0 19.0 0.0
3211.011692658057 0.0 0.0 0.0 1.0 0.0 0.0 19.0 0.0
3212.001698130848 0.0 0.0 0.0 1.0 0.0 0.0 19.0 0.0
3213.034517111052 0.0 0.0 0.0 1.0 0.0 0.0 19.0 0.0
3214.003796891546 0.0 0.0 0.0 1.0 0.0 0.0 19.0 0.0
3215.009169137024 0.0 0.0 0.0 1.0 0.0 0.0 19.0 0.0
3216.022909675232 0.0 0.0 0.0 1.0 0.0 0.0 19.0 0.0
3217.034517111052 0.0 0.0 0.0 1.0 0.0 0.0 19.0 0.0
3218.006417033862 0.0 0.0 0.0 1.0 0.0 0.0 19.0 0.0
3219.032661967728 0.0 0.0 0.0 1.0 0.0 0.0 19.0 0.0
3220.010880989887 0.0 0.0 0.0 1.0 0.0 0.0 19.0 0.0
3221.034517111052 0.0 0.0 0.0 1.0 0.0 0.0 19.0 0.0
3222.034517111052 0.0 0.0 0.0 1.0 0.0 0.0 19.0 0.0
3223.0153115336643 0.0 0.0 0.0 1.0 0.0 0.0 19.0 0.0
3224.0055628706896 0.0 0.0 0.0 1.0 0.0 0.0 19.0 0.0
3225.0153469742677 0.0 0.0 0.0 1.0 0.0 0.0 19.0 0.0
3226.026683606494 0.0 0.0 0.0 1.0 0.0 0.0 19.0 0.0
3227.0055036381996 0.0 0.0 0.0 1.0 0.0 0.0 19.0 0.0
3228.022881658689 0.0 0.0 0.0 1.0 0.0 0.0 19.0 0.0
3229.0178989683136 0.0 0.0 0.0 1.0 0.0 0.0 19.0 0.0
3230.028924750123 0.0 0.0 0.0 1.0 0.0 0.0 19.0 0.0
3231.0076798969953 0.0 0.0 0.0 1.0 0.0 0.0 19.0 0.0
3232.022285424232 0.0 0.0 0.0 1.0 0.0 0.0 19.0 0.0
3233.005871769296 0.0 0.0 0.0 1.0 0.0 0.0 19.0 0.0
3234.0057636796923 0.0 0.0 0.0 1.0 0.0 0.0 19.0 0.0
3235.034408236173 0.0 0.0 0.0 1.0 0.0 0.0 19.0 0.0
3236.0149322073657 0.0 0.0 0.0 1.0 0.0 0.0 19.0 0.0
3237.034517111052 0.0 0.0 0.0 1.0 0.0 0.0 19.0 0.0
3238.034517111052 0.0 0.0 0.0 1.0 0.0 0.0 19.0 0.0
3239.0087379843108 0.0 0.0 0.0 1.0 0.0 0.0 19.0 0.0
3240.034517111052 0.0 0.0 0.0 1.0 0.0 0.0 19.0 0.0
3241.0231948640717 0.0 0.0 0.0 1.0 0.0 0.0 19.0 0.0
3242.0189278354956 0.0 0.0 0.0 1.0 0.0 0.0 19.0 0.0
3243.0166611020672 0.0 0.0 0.0 1.0 0.0 0.0 19.0 0.0
3244.005328789839 0.0 0.0 0.0 1.0 0.0 0.0 19.0 0.0
3245.0275692865266 0.0 0.0 0.0 1.0 0.0 0.0 19.0 0.0
3246.008410345477 0.0 0.0 0.0 1.0 0.0 0.0 19.0 0.0
3247.023241423145 0.0 0.0 0.0 1.0 0.0 0.0 19.0 0.0
3248.034517111052 0.0 0.0 0.0 1.0 0.0 0.0 19.0 0.0
3249.0233152771907 0.0 0.0 0.0 1.0 0.0 0.0 19.0 0.0
3250.028550538758 0.0 0.0 0.0 1.0 0.0 0.0 19.0 0.0
3251.0220384405548 0.0 0.0 0.0 1.0 0.0 0.0 19.0 0.0
3252.034517111052 0.0 0.0 0.0 1.0 0.0 0.0 19.0 0.0
3253.034517111052 0.0 0.0 0.0 1.0 0.0 0.0 19.0 0.0
3254.0165865737576 0.0 0.0 0.0 1.0 0.0 0.0 19.0 0.0
3255.001930797799 0.0 0.0 0.0 1.0 0.0 0.0 19.0 0.0
3256.034517111052 0.0 0.0 0.0 1.0 0.0 0.0 19.0 0.0
3257.00700595061 0.0 0.0 0.0 1.0 0.0 0.0 19.0 0.0
3258.00664064657 0.0 0.0 0.0 1.0 0.0 0.0 19.0 0.0
3259.021949611192 0.0 0.0 0.0 1.0 0.0 0.0 19.0 0.0
3260.0107314017205 0.0 0.0 0.0 1.0 0.0 0.0 19.0 0.0
3261.017076485287 0.0 0.0 0.0 1.0 0.0 0.0 19.0 0.0
3262.0272268184376 0.0 0.0 0.0 1.0 0.0 0.0 19.0 0.0
3263.034517111052 0.0 0.0 0.0 1.0 0.0 0.0 19.0 0.0
3264.034517111052 0.0 0.0 0.0 1.0 0.0 0.0 19.0 0.0
3265.012843515462 0.0 0.0 0.0 1.0 0.0 0.0 19.0 0.0
3266.0139648349373 0.0 0.0 0.0 1.0 0.0 0.0 19.0 0.0
3267.030021282007 0.0 0.0 0.0 1.0 0.0 0.0 19.0 0.0
3268.034517111052 0.0 0.0 0.0 1.0 0.0 0.0 19.0 0.0
3269.034517111052 0.0 0.0 0.0 1.0 0.0 0.0 19.0 0.0
3270.034517111052 0.0 0.0 0.0 1.0 0.0 0.0 19.0 0.0
3271.034517111052 0.0 0.0 0.0 1.0 0.0 0.0 19.0 0.0
3272.034517111052 0.0 0.0 0.0 1.0 0.0 0.0 19.0 0.0
3273.0101862285733 0.0 0.0 0.0 1.0 0.0 0.0 19.0 0.0
3274.0193759650097 0.0 0.0 0.0 1.0 0.0 0.0 19.0 0.0
3275.034517111052 0.0 0.0 0.0 1.0 0.0 0.0 19.0 0.0
3276.034517111052 0.0 0.0 0.0 1.0 0.0 0.0 19.0 0.0
3277.0218755098986 0.0 0.0 0.0 1.0 0.0 0.0 19.0 0.0
3278.034517111052 0.0 0.0 0.0 1.0 0.0 0.0 19.0 0.0
3279.0176161120085 0.0 0.0 0.0 1.0 0.0 0.0 19.0 0.0
3280.034517111052 0.0 0.0 0.0 1.0 0.0 0.0 19.0 0.0
3281.019363746844 0.0 0.0 0.0 1.0 0.0 0.0 19.0 0.0
3282.013893411269 0.0 0.0 0.0 1.0 0.0 0.0 19.0 0.0
3283.034517111052 0.0 0.0 0.0 1.0 0.0 0.0 19.0 0.0
3284.0133859830034 0.0 0.0 0.0 1.0 0.0 0.0 19.0 0.0
3285.0110795964542 0.0 0.0 0.0 1.0 0.0 0.0 19.0 0.0
3286.0064456991854 0.0 0.0 0.0 1.0 0.0 0.0 19.0 0.0
3287.034517111052 0.0 0.0 0.0 1.0 0.0 0.0 19.0 0.0
3288.034517111052 0.0 0.0 0.0 1.0 0.0 0.0 19.0 0.0
3289.034517111052 0.0 0.0 0.0 1.0 0.0 0.0 19.0 0.0
3290.007677406697 0.0 0.0 0.0 1.0 0.0 0.0 19.0 0.0
3291.028188870679 0.0 0.0 0.0 1.0 0.0 0.0 19.0 0.0
3292.034517111052 0.0 0.0 0.0 1.0 0.0 0.0 19.0 0.0
3293.034517111052 0.0 0.0 0.0 1.0 0.0 0.0 19.0 0.0
3294.001712352895 0.0 0.0 0.0 1.0 0.0 0.0 19.0 0.0
3295.008593932551 0.0 0.0 0.0 1.0 0.0 0.0 19.0 0.0
3296.010928061304 0.0 0.0 0.0 1.0 0.0 0.0 19.0 0.0
3297.034517111052 0.0 0.0 0.0 1.0 0.0 0.0 19.0 0.0
3298.0262296924234 0.0 0.0 0.0 1.0 0.0 0.0 19.0 0.0
3299.0160462483914 0.0 0.0 0.0 1.0 0.0 0.0 19.0 0.0
3300.004820375137 0.0 0.0 0.0 1.0 0.0 0.0 19.0 0.0
3301.006312573417 0.0 0.0 0.0 1.0 0.0 0.0 19.0 0.0
3302.034517111052 0.0 0.0 0.0 1.0 0.0 0.0 19.0 0.0
3303.034517111052 0.0 0.0 0.0 1.0 0.0 0.0 19.0 0.0
3304.034517111052 0.0 0.0 0.0 1.0 0.0 0.0 19.0 0.0
3305.034517111052 0.0 0.0 0.0 1.0 0.0 0.0 19.0 0.0
3306.034517111052 0.0 0.0 0.0 1.0 0.0 0.0 19.0 0.0
3307.034517111052 0.0 0.0 0.0 1.0 0.0 0.0 19.0 0.0
3308.0048790519563 0.0 0.0 0.0 1.0 0.0 0.0 19.0 0.0
3309.0249155018564 0.0 0.0 0.0 1.0 0.0 0.0 19.0 0.0
3310.034517111052 0.0 0.0 0.0 1.0 0.0 0.0 19.0 0.0
3311.002914155752 0.0 0.0 0.0 1.0 0.0 0.0 19.0 0.0
3312.034517111052 0.0 0.0 0.0 1.0 0.0 0.0 19.0 0.0
3313.022700620563 0.0 0.0 0.0 1.0 0.0 0.0 19.0 0.0
3314.0031180601454 0.0 0.0 0.0 1.0 0.0 0.0 19.0 0.0
3315.034517111052 0.0 0.0 0.0 1.0 0.0 0.0 19.0 0.0
3316.0126575071636 0.0 0.0 0.0 1.0 0.0 0.0 19.0 0.0
3317.034517111052 0.0 0.0 0.0 1.0 0.0 0.0 19.0 0.0
3318.0304720102367 0.0 0.0 0.0 1.0 0.0 0.0 19.0 0.0
3319.019893015419 0.0 0.0 0.0 1.0 0.0 0.0 19.0 0.0
3320.012393048044 0.0 0.0 0.0 1.0 0.0 0.0 19.0 0.0
3321.0172689909555 0.0 0.0 0.0 1.0 0.0 0.0 19.0 0.0
3322.034517111052 0.0 0.0 0.0 1.0 0.0 0.0 19.0 0.0
3323.0137026597126 0.0 0.0 0.0 1.0 0.0 0.0 19.0 0.0
3324.0028175578436 0.0 0.0 0.0 1.0 0.0 0.0 19.0 0.0
3325.0068355837293 0.0 0.0 0.0 1.0 0.0 0.0 19.0 0.0
3326.0036588364615 0.0 0.0 0.0 1.0 0.0 0.0 19.0 0.0
3327.034517111052 0.0 0.0 0.0 1.0 0.0 0.0 19.0 0.0
3328.0088927261436 0.0 0.0 0.0 1.0 0.0 0.0 19.0 0.0
3329.0061987339127 0.0 0.0 0.0 1.0 0.0 0.0 19.0 0.0
3330.034517111052 0.0 0.0 0.0 1.0 0.0 0.0 19.0 0.0
3331.025852516271 0.0 0.0 0.0 1.0 0.0 0.0 19.0 0.0
3332.001598344481 0.0 0.0 0.0 1.0 0.0 0.0 19.0 0.0
3333.0143615243906 0.0 0.0 0.0 1.0 0.0 0.0 19.0 0.0
3334.023049558664 0.0 0.0 0.0 1.0 0.0 0.0 19.0 0.0
3335.0128373812363 0.0 0.0 0.0 1.0 0.0 0.0 19.0 0.0
3336.034517111052 0.0 0.0 0.0 1.0 0.0 0.0 19.0 0.0
3337.034517111052 0.0 0.0 0.0 1.0 0.0 0.0 19.0 0.0
3338.015389853449 0.0 0.0 0.0 1.0 0.0 0.0 19.0 0.0
3339.001694562406 0.0 0.0 0.0 1.0 0.0 0.0 19.0 0.0
3340.034517111052 0.0 0.0 0.0 1.0 0.0 0.0 19.0 0.0
3341.0014498640116 0.0 0.0 0.0 1.0 0.0 0.0 19.0 0.0
3342.034517111052 0.0 0.0 0.0 1.0 0.0 0.0 19.0 0.0
3343.0159495591083 0.0 0.0 0.0 1.0 0.0 0.0 19.0 0.0
3344.0281111676236 0.0 0.0 0.0 1.0 0.0 0.0 19.0 0.0
3345.0330191241715 0.0 0.0 0.0 1.0 0.0 0.0 19.0 0.0
3346.0180826522273 0.0 0.0 0.0 1.0 0.0 0.0 19.0 0.0
3347.034517111052 0.0 0.0 0.0 1.0 0.0 0.0 19.0 0.0
3348.0083840317384 0.0 0.0 0.0 1.0 0.0 0.0 19.0 0.0
3349.015796953185 0.0 0.0 0.0 1.0 0.0 0.0 19.0 0.0
3350.034517111052 0.0 0.0 0.0 1.0 0.0 0.0 19.0 0.0
3351.0312831091987 0.0 0.0 0.0 1.0 0.0 0.0 19.0 0.0
3352.0196153010147 0.0 0.0 0.0 1.0 0.0 0.0 19.0 0.0
3353.034517111052 0.0 0.0 0.0 1.0 0.0 0.0 19.0 0.0
3354.0034479731466 0.0 0.0 0.0 1.0 0.0 0.0 19.0 0.0
3355.0079446220257 0.0 0.0 0.0 1.0 0.0 0.0 19.0 0.0
3356.034517111052 0.0 0.0 0.0 1.0 0.0 0.0 19.0 0.0
3357.034517111052 0.0 0.0 0.0 1.0 0.0 0.0 19.0 0.0
3358.034517111052 0.0 0.0 0.0 1.0 0.0 0.0 19.0 0.0
3359.034517111052 0.0 0.0 0.0 1.0 0.0 0.0 19.0 0.0
3360.0190488825124 0.0 0.0 0.0 1.0 0.0 0.0 19.0 0.0
3361.018321787593 0.0 0.0 0.0 1.0 0.0 0.0 19.0 0.0
3362.0269617440795 0.0 0.0 0.0 1.0 0.0 0.0 19.0 0.0
3363.019145062764 0.0 0.0 0.0 1.0 0.0 0.0 19.0 0.0
3364.0198464726905 0.0 0.0 0.0 1.0 0.0 0.0 19.0 0.0
3365.0100723636447 0.0 0.0 0.0 1.0 0.0 0.0 19.0 0.0
3366.034517111052 0.0 0.0 0.0 1.0 0.0 0.0 19.0 0.0
3367.0301101076057 0.0 0.0 0.0 1.0 0.0 0.0 19.0 0.0
3368.034517111052 0.0 0.0 0.0 1.0 0.0 0.0 19.0 0.0
3369.0097116206966 0.0 0.0 0.0 1.0 0.0 0.0 19.0 0.0
3370.004045812446 0.0 0.0 0.0 1.0 0.0 0.0 19.0 0.0
3371.004928966828 0.0 0.0 0.0 1.0 0.0 0.0 19.0 0.0
3372.0314230761537 0.0 0.0 0.0 1.0 0.0 0.0 19.0 0.0
3373.0205148110927 0.0 0.0 0.0 1.0 0.0 0.0 19.0 0.0
3374.0325118053574 0.0 0.0 0.0 1.0 0.0 0.0 19.0 0.0
3375.012688781999 0.0 0.0 0.0 1.0 0.0 0.0 19.0 0.0
3376.007570686003 0.0 0.0 0.0 1.0 0.0 0.0 19.0 0.0
3377.021555497978 0.0 0.0 0.0 1.0 0.0 0.0 19.0 0.0
3378.0025928266964 0.0 0.0 0.0 1.0 0.0 0.0 19.0 0.0
3379.0090156550814 0.0 0.0 0.0 1.0 0.0 0.0 19.0 0.0
3380.034517111052 0.0 0.0 0.0 1.0 0.0 0.0 19.0 0.0
3381.034517111052 0.0 0.0 0.0 1.0 0.0 0.0 19.0 0.0
3382.034517111052 0.0 0.0 0.0 1.0 0.0 0.0 19.0 0.0
3383.034517111052 0.0 0.0 0.0 1.0 0.0 0.0 19.0 0.0
3384.0054236723095 0.0 0.0 0.0 1.0 0.0 0.0 19.0 0.0
3385.0057053432606 0.0 0.0 0.0 1.0 0.0 0.0 19.0 0.0
3386.000715765431 0.0 0.0 0.0 1.0 0.0 0.0 19.0 0.0
3387.034517111052 0.0 0.0 0.0 1.0 0.0 0.0 19.0 0.0
3388.0019057918726 0.0 0.0 0.0 1.0 0.0 0.0 19.0 0.0
3389.0091687886575 0.0 0.0 0.0 1.0 0.0 0.0 19.0 0.0
3390.02050727984 0.0 0.0 0.0 1.0 0.0 0.0 19.0 0.0
3391.034517111052 0.0 0.0 0.0 1.0 0.0 0.0 19.0 0.0
3392.012557603787 0.0 0.0 0.0 1.0 0.0 0.0 19.0 0.0
3393.0055384245416 0.0 0.0 0.0 1.0 0.0 0.0 19.0 0.0
3394.034517111052 0.0 0.0 0.0 1.0 0.0 0.0 19.0 0.0
3395.014296801979 0.0 0.0 0.0 1.0 0.0 0.0 19.0 0.0
3396.0225862484936 0.0 0.0 0.0 1.0 0.0 0.0 19.0 0.0
3397.034517111052 0.0 0.0 0.0 1.0 0.0 0.0 19.0 0.0
3398.02751102246 0.0 0.0 0.0 1.0 0.0 0.0 19.0 0.0
3399.0134997697437 0.0 0.0 0.0 1.0 0.0 0.0 19.0 0.0
3400.034517111052 0.0 0.0 0.0 1.0 0.0 0.0 19.0 0.0
3401.034517111052 0.0 0.0 0.0 1.0 0.0 0.0 19.0 0.0
3402.034517111052 0.0 0.0 0.0 1.0 0.0 0.0 19.0 0.0
3403.0011458272725 0.0 0.0 0.0 1.0 0.0 0.0 19.0 0.0
3404.004543317394 0.0 0.0 0.0 1.0 0.0 0.0 19.0 0.0
3405.0163049878406 0.0 0.0 0.0 1.0 0.0 0.0 19.0 0.0
3406.011485163409 0.0 0.0 0.0 1.0 0.0 0.0 19.0 0.0
3407.034517111052 0.0 0.0 0.0 1.0 0.0 0.0 19.0 0.0
3408.002561176655 0.0 0.0 0.0 1.0 0.0 0.0 19.0 0.0
3409.0115723239487 0.0 0.0 0.0 1.0 0.0 0.0 19.0 0.0
3410.0112959128087 0.0 0.0 0.0 1.0 0.0 0.0 19.0 0.0
3411.034517111052 0.0 0.0 0.0 1.0 0.0 0.0 19.0 0.0
3412.034517111052 0.0 0.0 0.0 1.0 0.0 0.0 19.0 0.0
3413.0008423284085 0.0 0.0 0.0 1.0 0.0 0.0 19.0 0.0
3414.0136978487003 0.0 0.0 0.0 1.0 0.0 0.0 19.0 0.0
3415.034517111052 0.0 0.0 0.0 1.0 0.0 0.0 19.0 0.0
3416.034517111052 0.0 0.0 0.0 1.0 0.0 0.0 19.0 0.0
3417.004812554904 0.0 0.0 0.0 1.0 0.0 0.0 19.0 0.0
3418.0101805642817 0.0 0.0 0.0 1.0 0.0 0.0 19.0 0.0
3419.034517111052 0.0 0.0 0.0 1.0 0.0 0.0 19.0 0.0
3420.006108969203 0.0 0.0 0.0 1.0 0.0 0.0 19.0 0.0
3421.013578015399 0.0 0.0 0.0 1.0 0.0 0.0 19.0 0.0
3422.006879467275 0.0 0.0 0.0 1.0 0.0 0.0 19.0 0.0
3423.0099511325566 0.0 0.0 0.0 1.0 0.0 0.0 19.0 0.0
3424.034517111052 0.0 0.0 0.0 1.0 0.0 0.0 19.0 0.0
3425.0250022278697 0.0 0.0 0.0 1.0 0.0 0.0 19.0 0.0
3426.0281964992173 0.0 0.0 0.0 1.0 0.0 0.0 19.0 0.0
3427.014405294911 0.0 0.0 0.0 1.0 0.0 0.0 19.0 0.0
3428.0300795370217 0.0 0.0 0.0 1.0 0.0 0.0 19.0 0.0
3429.006510840824 0.0 0.0 0.0 1.0 0.0 0.0 19.0 0.0
3430.020829018058 0.0 0.0 0.0 1.0 0.0 0.0 19.0 0.0
3431.010888088281 0.0 0.0 0.0 1.0 0.0 0.0 19.0 0.0
3432.012275894438 0.0 0.0 0.0 1.0 0.0 0.0 19.0 0.0
3433.034517111052 0.0 0.0 0.0 1.0 0.0 0.0 19.0 0.0
3434.010610170485 0.0 0.0 0.0 1.0 0.0 0.0 19.0 0.0
3435.034517111052 0.0 0.0 0.0 1.0 0.0 0.0 19.0 0.0
3436.009254397313 0.0 0.0 0.0 1.0 0.0 0.0 19.0 0.0
3437.0194629033385 0.0 0.0 0.0 1.0 0.0 0.0 19.0 0.0
3438.0073680163086 0.0 0.0 0.0 1.0 0.0 0.0 19.0 0.0
3439.011287574147 0.0 0.0 0.0 1.0 0.0 0.0 19.0 0.0
3440.003476752501 0.0 0.0 0.0 1.0 0.0 0.0 19.0 0.0
3441.034517111052 0.0 0.0 0.0 1.0 0.0 0.0 19.0 0.0
3442.0106535872105 0.0 0.0 0.0 1.0 0.0 0.0 19.0 0.0
3443.034517111052 0.0 0.0 0.0 1.0 0.0 0.0 19.0 0.0
3444.032770765029 0.0 0.0 0.0 1.0 0.0 0.0 19.0 0.0
3445.0065626764563 0.0 0.0 0.0 1.0 0.0 0.0 19.0 0.0
3446.027389039112 0.0 0.0 0.0 1.0 0.0 0.0 19.0 0.0
3447.01426851752 0.0 0.0 0.0 1.0 0.0 0.0 19.0 0.0
3448.003114532234 0.0 0.0 0.0 1.0 0.0 0.0 19.0 0.0
3449.034517111052 0.0 0.0 0.0 1.0 0.0 0.0 19.0 0.0
3450.000399456774 0.0 0.0 0.0 1.0 0.0 0.0 19.0 0.0
3451.034517111052 0.0 0.0 0.0 1.0 0.0 0.0 19.0 0.0
3452.006711205639 0.0 0.0 0.0 1.0 0.0 0.0 19.0 0.0
3453.0136029610458 0.0 0.0 0.0 1.0 0.0 0.0 19.0 0.0
3454.0000009050855 0.0 0.0 0.0 1.0 0.0 0.0 19.0 0.0
3455.032819861491 0.0 0.0 0.0 1.0 0.0 0.0 19.0 0.0
3456.034517111052 0.0 0.0 0.0 1.0 0.0 0.0 19.0 0.0
3457.002056467144 0.0 0.0 0.0 1.0 0.0 0.0 19.0 0.0
3458.034517111052 0.0 0.0 0.0 1.0 0.0 0.0 19.0 0.0
3459.0203951260373 0.0 0.0 0.0 1.0 0.0 0.0 19.0 0.0
3460.005231210949 0.0 0.0 0.0 1.0 0.0 0.0 19.0 0.0
3461.034517111052 0.0 0.0 0.0 1.0 0.0 0.0 19.0 0.0
3462.034517111052 0.0 0.0 0.0 1.0 0.0 0.0 19.0 0.0
3463.002085870715 0.0 0.0 0.0 1.0 0.0 0.0 19.0 0.0
3464.03306733175 0.0 0.0 0.0 1.0 0.0 0.0 19.0 0.0
3465.034517111052 0.0 0.0 0.0 1.0 0.0 0.0 19.0 0.0
3466.034517111052 0.0 0.0 0.0 1.0 0.0 0.0 19.0 0.0
3467.034517111052 0.0 0.0 0.0 1.0 0.0 0.0 19.0 0.0
3468.034517111052 0.0 0.0 0.0 1.0 0.0 0.0 19.0 0.0
3469.034517111052 0.0 0.0 0.0 1.0 0.0 0.0 19.0 0.0
3470.01585758495 0.0 0.0 0.0 1.0 0.0 0.0 19.0 0.0
3471.003573644273 0.0 0.0 0.0 1.0 0.0 0.0 19.0 0.0
3472.034517111052 0.0 0.0 0.0 1.0 0.0 0.0 19.0 0.0
3473.0273725999773 0.0 0.0 0.0 1.0 0.0 0.0 19.0 0.0
3474.0064159680906 0.0 0.0 0.0 1.0 0.0 0.0 19.0 0.0
3475.0079320638565 0.0 0.0 0.0 1.0 0.0 0.0 19.0 0.0
3476.012633585139 0.0 0.0 0.0 1.0 0.0 0.0 19.0 0.0
3477.000165385405 0.0 0.0 0.0 1.0 0.0 0.0 19.0 0.0
3478.013551752237 0.0 0.0 0.0 1.0 0.0 0.0 19.0 0.0
3479.0263669212773 0.0 0.0 0.0 1.0 0.0 0.0 19.0 0.0
3480.034517111052 0.0 0.0 0.0 1.0 0.0 0.0 19.0 0.0
3481.019176043796 0.0 0.0 0.0 1.0 0.0 0.0 19.0 0.0
3482.000523867289 0.0 0.0 0.0 1.0 0.0 0.0 19.0 0.0
3483.0226122541912 0.0 0.0 0.0 1.0 0.0 0.0 19.0 0.0
3484.0291752620324 0.0 0.0 0.0 1.0 0.0 0.0 19.0 0.0
3485.034517111052 0.0 0.0 0.0 1.0 0.0 0.0 19.0 0.0
3486.013603869461 0.0 0.0 0.0 1.0 0.0 0.0 19.0 0.0
3487.007928141292 0.0 0.0 0.0 1.0 0.0 0.0 19.0 0.0
3488.028199030149 0.0 0.0 0.0 1.0 0.0 0.0 19.0 0.0
3489.0020925017034 0.0 0.0 0.0 1.0 0.0 0.0 19.0 0.0
3490.005106428126 0.0 0.0 0.0 1.0 0.0 0.0 19.0 0.0
3491.004891784309 0.0 0.0 0.0 1.0 0.0 0.0 19.0 0.0
3492.0112887484584 0.0 0.0 0.0 1.0 0.0 0.0 19.0 0.0
3493.0269566448783 0.0 0.0 0.0 1.0 0.0 0.0 19.0 0.0
3494.0101001995577 0.0 0.0 0.0 1.0 0.0 0.0 19.0 0.0
3495.0084371929743 0.0 0.0 0.0 1.0 0.0 0.0 19.0 0.0
3496.020497153657 0.0 0.0 0.0 1.0 0.0 0.0 19.0 0.0
3497.013493698117 0.0 0.0 0.0 1.0 0.0 0.0 19.0 0.0
3498.034517111052 0.0 0.0 0.0 1.0 0.0 0.0 19.0 0.0
3499.034517111052 0.0 0.0 0.0 1.0 0.0 0.0 19.0 0.0
3500.008581261181 0.0 0.0 0.0 1.0 0.0 0.0 19.0 0.0
3501.0062862585105 0.024999999999999988 0.0 0.0 0.975 0.0 1.0 19.0 0.0475609756097561
3502.025094438263 0.925 0.0 0.0 0.07500000000000001 0.0 1.0 19.025 0.1353658536585366
3503.002260811894 1.0 0.0 0.0 0.0 0.0 1.0 19.85 0.0
3504.0322536557655 1.0 0.0 0.0 0.0 0.0 1.0 20.8 0.0
3505.020127428994 1.0 0.0 0.0 0.0 0.0 1.0 20.975 0.0
3506.034517111052 1.0 0.0 0.0 0.0 0.0 1.0 21.0 0.0
3507.009955741925 1.0 0.0 0.0 0.0 0.0 1.0 21.0 0.0
3508.0181796117045 1.0 0.0 0.0 0.0 0.0 1.0 21.0 0.0
3509.0195280360795 1.0 0.0 0.0 0.0 0.0 1.0 21.0 0.0
3510.005169904556 1.0 0.0 0.0 0.0 0.0 1.0 21.0 0.0
3511.034517111052 1.0 0.0 0.0 0.0 0.0 1.0 21.0 0.0
3512.0078529660095 1.0 0.0 0.0 0.0 0.0 1.0 21.0 0.0
3513.009679752668 1.0 0.0 0.0 0.0 0.0 1.0 21.0 0.0
3514.008497994832 1.0 0.0 0.0 0.0 0.0 1.0 21.0 0.0
3515.0005434733566 1.0 0.0 0.0 0.0 0.0 1.0 21.0 0.0
3516.0132911677174 1.0 0.0 0.0 0.0 0.0 1.0 21.0 0.0
3517.0016196082656 1.0 0.0 0.0 0.0 0.0 1.0 21.0 0.0
3518.0089168078707 1.0 0.0 0.0 0.0 0.0 1.0 21.0 0.0
3519.034517111052 1.0 0.0 0.0 0.0 0.0 1.0 21.0 0.0
3520.0277582672225 1.0 0.0 0.0 0.0 0.0 1.0 21.0 0.0
3521.0035422145406 1.0 0.0 0.0 0.0 0.0 1.0 21.0 0.0
3522.017016944932 1.0 0.0 0.0 0.0 0.0 1.0 21.0 0.0
3523.01320440694 1.0 0.0 0.0 0.0 0.0 1.0 21.0 0.0
3524.0273702682184 1.0 0.0 0.0 0.0 0.0 1.0 21.0 0.0
3525.0335065146314 1.0 0.0 0.0 0.0 0.0 1.0 21.0 0.0
3526.0099243753693 1.0 0.0 0.0 0.0 0.0 1.0 21.0 0.0
3527.009225231548 1.0 0.0 0.0 0.0 0.0 1.0 21.0 0.0
3528.028620244588 1.0 0.0 0.0 0.0 0.0 1.0 21.0 0.0
3529.012946758046 1.0 0.0 0.0 0.0 0.0 1.0 21.0 0.0
3530.005876171326 1.0 0.0 0.0 0.0 0.0 1.0 21.0 0.0
3531.033335243333 1.0 0.0 0.0 0.0 0.0 1.0 21.0 0.0
3532.034517111052 1.0 0.0 0.0 0.0 0.0 1.0 21.0 0.0
3533.0163493693753 1.0 0.0 0.0 0.0 0.0 1.0 21.0 0.0
3534.034517111052 1.0 0.0 0.0 0.0 0.0 1.0 21.0 0.0
3535.0034253339168 1.0 0.0 0.0 0.0 0.0 1.0 21.0 0.0
3536.0002321630955 1.0 0.0 0.0 0.0 0.0 1.0 21.0 0.0
3537.0173752953438 1.0 0.0 0.0 0.0 0.0 1.0 21.0 0.0
3538.034517111052 1.0 0.0 0.0 0.0 0.0 1.0 21.0 0.0
3539.005311667247 1.0 0.0 0.0 0.0 0.0 1.0 21.0 0.0
3540.0219937829684 1.0 0.0 0.0 0.0 0.0 1.0 21.0 0.0
3541.0056521356128 1.0 0.0 0.0 0.0 0.0 1.0 21.0 0.0
3542.002694373218 1.0 0.0 0.0 0.0 0.0 1.0 21.0 0.0
3543.0311345287755 1.0 0.0 0.0 0.0 0.0 1.0 21.0 0.0
3544.030874569029 1.0 0.0 0.0 0.0 0.0 1.0 21.0 0.0
3545.034517111052 1.0 0.0 0.0 0.0 0.0 1.0 21.0 0.0
3546.034517111052 1.0 0.0 0.0 0.0 0.0 1.0 21.0 0.0
3547.034517111052 1.0 0.0 0.0 0.0 0.0 1.0 21.0 0.0
3548.034517111052 1.0 0.0 0.0 0.0 0.0 1.0 21.0 0.0
3549.0076457835453 1.0 0.0 0.0 0.0 0.0 1.0 21.0 0.0
3550.014732454736 1.0 0.0 0.0 0.0 0.0 1.0 21.0 0.0
3551.034517111052 1.0 0.0 0.0 0.0 0.0 1.0 21.0 0.0
3552.034517111052 1.0 0.0 0.0 0.0 0.0 1.0 21.0 0.0
3553.0079950457116 1.0 0.0 0.0 0.0 0.0 1.0 21.0 0.0
3554.034517111052 1.0 0.0 0.0 0.0 0.0 1.0 21.0 0.0
3555.016082401538 1.0 0.0 0.0 0.0 0.0 1.0 21.0 0.0
3556.018418708247 1.0 0.0 0.0 0.0 0.0 1.0 21.0 0.0
3557.0093698006176 1.0 0.0 0.0 0.0 0.0 1.0 21.0 0.0
3558.024056706852 1.0 0.0 0.0 0.0 0.0 1.0 21.0 0.0
3559.0268402698966 1.0 0.0 0.0 0.0 0.0 1.0 21.0 0.0
3560.003403740673 1.0 0.0 0.0 0.0 0.0 1.0 21.0 0.0
3561.034517111052 1.0 0.0 0.0 0.0 0.0 1.0 21.0 0.0
3562.0306570489665 1.0 0.0 0.0 0.0 0.0 1.0 21.0 0.0
3563.0055014422064 1.0 0.0 0.0 0.0 0.0 1.0 21.0 0.0
3564.034517111052 1.0 0.0 0.0 0.0 0.0 1.0 21.0 0.0
3565.012894191548 1.0 0.0 0.0 0.0 0.0 1.0 21.0 0.0
3566.000213448941 1.0 0.0 0.0 0.0 0.0 1.0 21.0 0.0
3567.005767335469 1.0 0.0 0.0 0.0 0.0 1.0 21.0 0.0
3568.004743600512 1.0 0.0 0.0 0.0 0.0 1.0 21.0 0.0
3569.006481026047 1.0 0.0 0.0 0.0 0.0 1.0 21.0 0.0
3570.021033418013 1.0 0.0 0.0 0.0 0.0 1.0 21.0 0.0
3571.0019150413245 1.0 0.0 0.0 0.0 0.0 1.0 21.0 0.0
3572.0207359373244 1.0 0.0 0.0 0.0 0.0 1.0 21.0 0.0
3573.0193612508774 1.0 0.0 0.0 0.0 0.0 1.0 21.0 0.0
3574.0010122820104 1.0 0.0 0.0 0.0 0.0 1.0 21.0 0.0
3575.005548023305 1.0 0.0 0.0 0.0 0.0 1.0 21.0 0.0
3576.016365856946 1.0 0.0 0.0 0.0 0.0 1.0 21.0 0.0
3577.0182104816276 1.0 0.0 0.0 0.0 0.0 1.0 21.0 0.0
3578.005332913647 1.0 0.0 0.0 0.0 0.0 1.0 21.0 0.0
3579.027797792408 1.0 0.0 0.0 0.0 0.0 1.0 21.0 0.0
3580.0090022158015 1.0 0.0 0.0 0.0 0.0 1.0 21.0 0.0
3581.0253946173507 1.0 0.0 0.0 0.0 0.0 1.0 21.0 0.0
3582.008121120476 1.0 0.0 0.0 0.0 0.0 1.0 21.0 0.0
3583.013970791464 1.0 0.0 0.0 0.0 0.0 1.0 21.0 0.0
3584.028881316845 1.0 0.0 0.0 0.0 0.0 1.0 21.0 0.0
3585.0047211515357 1.0 0.0 0.0 0.0 0.0 1.0 21.0 0.0
3586.0219272866493 1.0 0.0 0.0 0.0 0.0 1.0 21.0 0.0
3587.0000074875807 1.0 0.0 0.0 0.0 0.0 1.0 21.0 0.0
3588.027096289229 1.0 0.0 0.0 0.0 0.0 1.0 21.0 0.0
3589.0226983879547 1.0 0.0 0.0 0.0 0.0 1.0 21.0 0.0
3590.0015299112797 1.0 0.0 0.0 0.0 0.0 1.0 21.0 0.0
3591.0135499036323 1.0 0.0 0.0 0.0 0.0 1.0 21.0 0.0
3592.034517111052 1.0 0.0 0.0 0.0 0.0 1.0 21.0 0.0
3593.034517111052 1.0 0.0 0.0 0.0 0.0 1.0 21.0 0.0
3594.000949519066 1.0 0.0 0.0 0.0 0.0 1.0 21.0 0.0
3595.034517111052 1.0 0.0 0.0 0.0 0.0 1.0 21.0 0.0
3596.0088370948756 1.0 0.0 0.0 0.0 0.0 1.0 21.0 0.0
3597.004158717099 1.0 0.0 0.0 0.0 0.0 1.0 21.0 0.0
3598.034517111052 1.0 0.0 0.0 0.0 0.0 1.0 21.0 0.0
3599.0074947855605 1.0 0.0 0.0 0.0 0.0 1.0 21.0 0.0
3600.034517111052 1.0 0.0 0.0 0.0 0.0 1.0 21.0 0.0
3601.034517111052 1.0 0.0 0.0 0.0 0.0 1.0 21.0 0.0
3602.0308728971445 0.725 0.0 0.275 0.0 0.0 1.0 21.0 0.38902439024390245
3603.01819934275 0.1 0.0 0.9 0.0 0.0 1.0 21.225 0.17560975609756097
3604.0029619560155 0.0 0.0 1.0 0.0 0.0 1.0 22.1 0.0
3605.0306185982477 0.0 0.0 1.0 0.0 0.0 1.0 22.825 0.0
3606.027601200976 0.0 0.0 1.0 0.0 0.0 1.0 23.0 0.0
3607.0251950616394 0.0 0.0 1.0 0.0 0.0 1.0 23.0 0.0
3608.005799518506 0.0 0.0 1.0 0.0 0.0 1.0 23.0 0.0
3609.034517111052 0.0 0.0 1.0 0.0 0.0 1.0 23.0 0.0
3610.034517111052 0.0 0.0 1.0 0.0 0.0 1.0 23.0 0.0
3611.000028773282 0.0 0.0 1.0 0.0 0.0 1.0 23.0 0.0
3612.0276860456484 0.0 0.0 1.0 0.0 0.0 1.0 23.0 0.0
3613.0018501138934 0.0 0.0 1.0 0.0 0.0 1.0 23.0 0.0
3614.034517111052 0.0 0.0 1.0 0.0 0.0 1.0 23.0 0.0
3615.004123731779 0.0 0.0 1.0 0.0 0.0 1.0 23.0 0.0
3616.034517111052 0.0 0.0 1.0 0.0 0.0 1.0 23.0 0.0
3617.034517111052 0.0 0.0 1.0 0.0 0.0 1.0 23.0 0.0
3618.019922835323 0.0 0.0 1.0 0.0 0.0 1.0 23.0 0.0
3619.021984407174 0.0 0.0 1.0 0.0 0.0 1.0 23.0 0.0
3620.016171750527 0.0 0.0 1.0 0.0 0.0 1.0 23.0 0.0
3621.0012182819037 0.0 0.0 1.0 0.0 0.0 1.0 23.0 0.0
3622.034517111052 0.0 0.0 1.0 0.0 0.0 1.0 23.0 0.0
3623.02418016819 0.0 0.0 1.0 0.0 0.0 1.0 23.0 0.0
3624.001107573834 0.0 0.0 1.0 0.0 0.0 1.0 23.0 0.0
3625.0117777226087 0.0 0.0 1.0 0.0 0.0 1.0 23.0 0.0
3626.034517111052 0.0 0.0 1.0 0.0 0.0 1.0 23.0 0.0
3627.0041297938074 0.0 0.0 1.0 0.0 0.0 1.0 23.0 0.0
3628.0025772728586 0.0 0.0 1.0 0.0 0.0 1.0 23.0 0.0
3629.0239238715344 0.0 0.0 1.0 0.0 0.0 1.0 23.0 0.0
3630.0116818834867 0.0 0.0 1.0 0.0 0.0 1.0 23.0 0.0
3631.013450320167 0.0 0.0 1.0 0.0 0.0 1.0 23.0 0.0
3632.034517111052 0.0 0.0 1.0 0.0 0.0 1.0 23.0 0.0
3633.0100402034636 0.0 0.0 1.0 0.0 0.0 1.0 23.0 0.0
3634.034517111052 0.0 0.0 1.0 0.0 0.0 1.0 23.0 0.0
3635.0189023909106 0.0 0.0 1.0 0.0 0.0 1.0 23.0 0.0
3636.011569835394 0.0 0.0 1.0 0.0 0.0 1.0 23.0 0.0
3637.0071500491185 0.0 0.0 1.0 0.0 0.0 1.0 23.0 0.0
3638.026488691152 0.0 0.0 1.0 0.0 0.0 1.0 23.0 0.0
3639.0219915719726 0.0 0.0 1.0 0.0 0.0 1.0 23.0 0.0
3640.002344763077 0.0 0.0 1.0 0.0 0.0 1.0 23.0 0.0
3641.034517111052 0.0 0.0 1.0 0.0 0.0 1.0 23.0 0.0
3642.034517111052 0.0 0.0 1.0 0.0 0.0 1.0 23.0 0.0
3643.0171613143148 0.0 0.0 1.0 0.0 0.0 1.0 23.0 0.0
3644.00428101371 0.0 0.0 1.0 0.0 0.0 1.0 23.0 0.0
3645.0108300165716 0.0 0.0 1.0 0.0 0.0 1.0 23.0 0.0
3646.034517111052 0.0 0.0 1.0 0.0 0.0 1.0 23.0 0.0
3647.034517111052 0.0 0.0 1.0 0.0 0.0 1.0 23.0 0.0
3648.021738621347 0.0 0.0 1.0 0.0 0.0 1.0 23.0 0.0
3649.019044156894 0.0 0.0 1.0 0.0 0.0 1.0 23.0 0.0
3650.034517111052 0.0 0.0 1.0 0.0 0.0 1.0 23.0 0.0
3651.0039669274092 0.0 0.0 1.0 0.0 0.0 1.0 23.0 0.0
3652.005370373342 0.0 0.0 1.0 0.0 0.0 1.0 23.0 0.0
3653.018430949549 0.0 0.0 1.0 0.0 0.0 1.0 23.0 0.0
3654.0045611233727 0.0 0.0 1.0 0.0 0.0 1.0 23.0 0.0
3655.0008632621625 0.0 0.0 1.0 0.0 0.0 1.0 23.0 0.0
3656.034517111052 0.0 0.0 1.0 0.0 0.0 1.0 23.0 0.0
3657.018953077362 0.0 0.0 1.0 0.0 0.0 1.0 23.0 0.0
3658.034517111052 0.0 0.0 1.0 0.0 0.0 1.0 23.0 0.0
3659.023853632411 0.0 0.0 1.0 0.0 0.0 1.0 23.0 0.0
3660.0289928653765 0.0 0.0 1.0 0.0 0.0 1.0 23.0 0.0
3661.001716510633 0.0 0.0 1.0 0.0 0.0 1.0 23.0 0.0
3662.002028366715 0.0 0.0 1.0 0.0 0.0 1.0 23.0 0.0
3663.0062572847305 0.0 0.0 1.0 0.0 0.0 1.0 23.0 0.0
3664.0288689585723 0.0 0.0 1.0 0.0 0.0 1.0 23.0 0.0
3665.0070829166316 0.0 0.0 1.0 0.0 0.0 1.0 23.0 0.0
3666.034517111052 0.0 0.0 1.0 0.0 0.0 1.0 23.0 0.0
3667.0257952448965 0.0 0.0 1.0 0.0 0.0 1.0 23.0 0.0
3668.0002425417815 0.0 0.0 1.0 0.0 0.0 1.0 23.0 0.0
3669.034517111052 0.0 0.0 1.0 0.0 0.0 1.0 23.0 0.0
3670.034517111052 0.0 0.0 1.0 0.0 0.0 1.0 23.0 0.0
3671.015921362841 0.0 0.0 1.0 0.0 0.0 1.0 23.0 0.0
3672.0052203232417 0.0 0.0 1.0 0.0 0.0 1.0 23.0 0.0
3673.034517111052 0.0 0.0 1.0 0.0 0.0 1.0 23.0 0.0
3674.009331566414 0.0 0.0 1.0 0.0 0.0 1.0 23.0 0.0
3675.029046782188 0.0 0.0 1.0 0.0 0.0 1.0 23.0 0.0
3676.008861120798 0.0 0.0 1.0 0.0 0.0 1.0 23.0 0.0
3677.034517111052 0.0 0.0 1.0 0.0 0.0 1.0 23.0 0.0
3678.0312178265103 0.0 0.0 1.0 0.0 0.0 1.0 23.0 0.0
3679.034517111052 0.0 0.0 1.0 0.0 0.0 1.0 23.0 0.0
3680.034517111052 0.0 0.0 1.0 0.0 0.0 1.0 23.0 0.0
3681.034517111052 0.0 0.0 1.0 0.0 0.0 1.0 23.0 0.0
3682.002217887759 0.0 0.0 1.0 0.0 0.0 1.0 23.0 0.0
3683.034517111052 0.0 0.0 1.0 0.0 0.0 1.0 23.0 0.0
3684.0186293464617 0.0 0.0 1.0 0.0 0.0 1.0 23.0 0.0
3685.0049922679173 0.0 0.0 1.0 0.0 0.0 1.0 23.0 0.0
3686.008860704389 0.0 0.0 1.0 0.0 0.0 1.0 23.0 0.0
3687.023210220948 0.0 0.0 1.0 0.0 0.0 1.0 23.0 0.0
3688.02804479402 0.0 0.0 1.0 0.0 0.0 1.0 23.0 0.0
3689.034517111052 0.0 0.0 1.0 0.0 0.0 1.0 23.0 0.0
3690.0339920406955 0.0 0.0 1.0 0.0 0.0 1.0 23.0 0.0
3691.0039883625573 0.0 0.0 1.0 0.0 0.0 1.0 23.0 0.0
3692.0131254343014 0.0 0.0 1.0 0.0 0.0 1.0 23.0 0.0
3693.0007216571657 0.0 0.0 1.0 0.0 0.0 1.0 23.0 0.0
3694.010451084465 0.0 0.0 1.0 0.0 0.0 1.0 23.0 0.0
3695.034517111052 0.0 0.0 1.0 0.0 0.0 1.0 23.0 0.0
3696.003996008563 0.0 0.0 1.0 0.0 0.0 1.0 23.0 0.0
3697.007954891297 0.0 0.0 1.0 0.0 0.0 1.0 23.0 0.0
3698.0135284621592 0.0 0.0 1.0 0.0 0.0 1.0 23.0 0.0
3699.034517111052 0.0 0.0 1.0 0.0 0.0 1.0 23.0 0.0
3700.003150181832 0.0 0.0 1.0 0.0 0.0 1.0 23.0 0.0
3701.0143728361622 0.0 0.0 1.0 0.0 0.0 1.0 23.0 0.0
3702.016715771127 0.0 0.0 1.0 0.0 0.0 1.0 23.0 0.0
3703.034517111052 0.0 0.0 1.0 0.0 0.0 1.0 23.0 0.0
3704.034517111052 0.0 0.0 1.0 0.0 0.0 1.0 23.0 0.0
3705.034517111052 0.0 0.0 1.0 0.0 0.0 1.0 23.0 0.0
3706.0308994949382 0.0 0.0 1.0 0.0 0.0 1.0 23.0 0.0
3707.034517111052 0.0 0.0 0.975 0.024999999999999994 0.0 0.0 23.0 0.0475609756097561
3708.034517111052 0.0 0.0 0.07500000000000002 0.925 0.0 0.0 23.025 0.1353658536585366
3709.034517111052 0.0 0.0 0.0 1.0 0.0 0.0 23.925 0.0
3710.000137691988 0.0 0.0 0.0 1.0 0.0 0.0 24.875 0.0
3711.002782670812 0.0 0.0 0.0 1.0 0.0 0.0 25.0 0.0
3712.0058321587685 0.0 0.0 0.0 1.0 0.0 0.0 25.0 0.0
3713.034517111052 0.0 0.0 0.0 1.0 0.0 0.0 25.0 0.0
3714.0251713816133 0.0 0.0 0.0 1.0 0.0 0.0 25.0 0.0
3715.002105299622 0.0 0.0 0.0 1.0 0.0 0.0 25.0 0.0
3716.004763430193 0.0 0.0 0.0 1.0 0.0 0.0 25.0 0.0
3717.0044417974523 0.0 0.0 0.0 1.0 0.0 0.0 25.0 0.0
3718.015197991603 0.0 0.0 0.0 1.0 0.0 0.0 25.0 0.0
3719.0342328306215 0.0 0.0 0.0 1.0 0.0 0.0 25.0 0.0
3720.034517111052 0.0 0.0 0.0 1.0 0.0 0.0 25.0 0.0
3721.034517111052 0.0 0.0 0.0 1.0 0.0 0.0 25.0 0.0
3722.02286728258 0.0 0.0 0.0 1.0 0.0 0.0 25.0 0.0
3723.0021544925826 0.0 0.0 0.0 1.0 0.0 0.0 25.0 0.0
3724.0068120990827 0.0 0.0 0.0 1.0 0.0 0.0 25.0 0.0
3725.009726119895 0.0 0.0 0.0 1.0 0.0 0.0 25.0 0.0
3726.0249448613563 0.0 0.0 0.0 1.0 0.0 0.0 25.0 0.0
3727.0011924448645 0.0 0.0 0.0 1.0 0.0 0.0 25.0 0.0
3728.030320432664 0.0 0.0 0.0 1.0 0.0 0.0 25.0 0.0
3729.01632882771 0.0 0.0 0.0 1.0 0.0 0.0 25.0 0.0
3730.034517111052 0.0 0.0 0.0 1.0 0.0 0.0 25.0 0.0
3731.024323289082 0.0 0.0 0.0 1.0 0.0 0.0 25.0 0.0
3732.034517111052 0.0 0.0 0.0 1.0 0.0 0.0 25.0 0.0
3733.0048934233337 0.0 0.0 0.0 1.0 0.0 0.0 25.0 0.0
3734.034517111052 0.0 0.0 0.0 1.0 0.0 0.0 25.0 0.0
3735.034517111052 0.0 0.0 0.0 1.0 0.0 0.0 25.0 0.0
3736.0036324468756 0.0 0.0 0.0 1.0 0.0 0.0 25.0 0.0
3737.029681687612 0.0 0.0 0.0 1.0 0.0 0.0 25.0 0.0
3738.007952607072 0.0 0.0 0.0 1.0 0.0 0.0 25.0 0.0
3739.006070424658 0.0 0.0 0.0 1.0 0.0 0.0 25.0 0.0
3740.0290334878014 0.0 0.0 0.0 1.0 0.0 0.0 25.0 0.0
3741.0112698088683 0.0 0.0 0.0 1.0 0.0 0.0 25.0 0.0
3742.028781960969 0.0 0.0 0.0 1.0 0.0 0.0 25.0 0.0
3743.034517111052 0.0 0.0 0.0 1.0 0.0 0.0 25.0 0.0
3744.0005369354008 0.0 0.0 0.0 1.0 0.0 0.0 25.0 0.0
3745.0216931106997 0.0 0.0 0.0 1.0 0.0 0.0 25.0 0.0
3746.034517111052 0.0 0.0 0.0 1.0 0.0 0.0 25.0 0.0
3747.0051818248608 0.0 0.0 0.0 1.0 0.0 0.0 25.0 0.0
3748.0344017319676 0.0 0.0 0.0 1.0 0.0 0.0 25.0 0.0
3749.0051506592486 0.0 0.0 0.0 1.0 0.0 0.0 25.0 0.0
3750.0185079482676 0.0 0.0 0.0 1.0 0.0 0.0 25.0 0.0
3751.034517111052 0.0 0.0 0.0 1.0 0.0 0.0 25.0 0.0
3752.020029748801 0.0 0.0 0.0 1.0 0.0 0.0 25.0 0.0
3753.0004747958124 0.0 0.0 0.0 1.0 0.0 0.0 25.0 0.0
3754.0337029683274 0.0 0.0 0.0 1.0 0.0 0.0 25.0 0.0
3755.00933852138 0.0 0.0 0.0 1.0 0.0 0.0 25.0 0.0
3756.0038729315934 0.0 0.0 0.0 1.0 0.0 0.0 25.0 0.0
3757.034517111052 0.0 0.0 0.0 1.0 0.0 0.0 25.0 0.0
3758.0157668744305 0.0 0.0 0.0 1.0 0.0 0.0 25.0 0.0
3759.0168228456496 0.0 0.0 0.0 1.0 0.0 0.0 25.0 0.0
3760.002670087279 0.0 0.0 0.0 1.0 0.0 0.0 25.0 0.0
3761.014702334239 0.0 0.0 0.0 1.0 0.0 0.0 25.0 0.0
3762.034517111052 0.0 0.0 0.0 1.0 0.0 0.0 25.0 0.0
3763.0042787289817 0.0 0.0 0.0 1.0 0.0 0.0 25.0 0.0
3764.0058033115383 0.0 0.0 0.0 1.0 0.0 0.0 25.0 0.0
3765.017147847944 0.0 0.0 0.0 1.0 0.0 0.0 25.0 0.0
3766.00088083177 0.0 0.0 0.0 1.0 0.0 0.0 25.0 0.0
3767.0038387414115 0.0 0.0 0.0 1.0 0.0 0.0 25.0 0.0
3768.016709947039 0.0 0.0 0.0 1.0 0.0 0.0 25.0 0.0
3769.034517111052 0.0 0.0 0.0 1.0 0.0 0.0 25.0 0.0
3770.0046366275974 0.0 0.0 0.0 1.0 0.0 0.0 25.0 0.0
3771.034517111052 0.0 0.0 0.0 1.0 0.0 0.0 25.0 0.0
3772.014550879885 0.0 0.0 0.0 1.0 0.0 0.0 25.0 0.0
3773.004993004291 0.0 0.0 0.0 1.0 0.0 0.0 25.0 0.0
3774.0208093133147 0.0 0.0 0.0 1.0 0.0 0.0 25.0 0.0
3775.034517111052 0.0 0.0 0.0 1.0 0.0 0.0 25.0 0.0
3776.0199441065533 0.0 0.0 0.0 1.0 0.0 0.0 25.0 0.0
3777.019676562203 0.0 0.0 0.0 1.0 0.0 0.0 25.0 0.0
3778.0106409031737 0.0 0.0 0.0 1.0 0.0 0.0 25.0 0.0
3779.0287927353484 0.0 0.0 0.0 1.0 0.0 0.0 25.0 0.0
3780.0079069246112 0.0 0.0 0.0 1.0 0.0 0.0 25.0 0.0
3781.034507511617 0.0 0.0 0.0 1.0 0.0 0.0 25.0 0.0
3782.034517111052 0.0 0.0 0.0 1.0 0.0 0.0 25.0 0.0
3783.034517111052 0.0 0.0 0.0 1.0 0.0 0.0 25.0 0.0
3784.0334359397893 0.0 0.0 0.0 1.0 0.0 0.0 25.0 0.0
3785.0093417093817 0.0 0.0 0.0 1.0 0.0 0.0 25.0 0.0
3786.0115097841276 0.0 0.0 0.0 1.0 0.0 0.0 25.0 0.0
3787.0002488187693 0.0 0.0 0.0 1.0 0.0 0.0 25.0 0.0
3788.0053740632616 0.0 0.0 0.0 1.0 0.0 0.0 25.0 0.0
3789.0084839087713 0.0 0.0 0.0 1.0 0.0 0.0 25.0 0.0
3790.0140068952037 0.0 0.0 0.0 1.0 0.0 0.0 25.0 0.0
3791.013064945073 0.0 0.0 0.0 1.0 0.0 0.0 25.0 0.0
3792.02688691769 0.0 0.0 0.0 1.0 0.0 0.0 25.0 0.0
3793.0062404679666 0.0 0.0 0.0 1.0 0.0 0.0 25.0 0.0
3794.034517111052 0.0 0.0 0.0 1.0 0.0 0.0 25.0 0.0
3795.0282248489943 0.0 0.0 0.0 1.0 0.0 0.0 25.0 0.0
3796.034517111052 0.0 0.0 0.0 1.0 0.0 0.0 25.0 0.0
3797.008485646642 0.0 0.0 0.0 1.0 0.0 0.0 25.0 0.0
3798.022641495876 0.0 0.0 0.0 1.0 0.0 0.0 25.0 0.0
3799.0097504680866 0.0 0.0 0.0 1.0 0.0 0.0 25.0 0.0
3800.0106709007327 0.0 0.0 0.0 1.0 0.0 0.0 25.0 0.0
3801.034517111052 0.0 0.0 0.0 1.0 0.0 0.0 25.0 0.0
3802.032828078303 0.0 0.0 0.0 1.0 0.0 0.0 25.0 0.0
3803.006974608795 0.0 0.0 0.0 1.0 0.0 0.0 25.0 0.0
3804.00719341543 0.0 0.0 0.0 1.0 0.0 0.0 25.0 0.0
3805.003529761074 0.0 0.0 0.0 1.0 0.0 0.0 25.0 0.0
3806.034517111052 0.0 0.0 0.0 1.0 0.0 0.0 25.0 0.0
3807.020130385985 0.0 0.0 0.0 1.0 0.0 0.0 25.0 0.0
3808.034517111052 0.0 0.0 0.0 1.0 0.0 0.0 25.0 0.0
3809.018018061616 0.0 0.0 0.0 1.0 0.0 0.0 25.0 0.0
3810.008494254536 0.0 0.0 0.0 1.0 0.0 0.0 25.0 0.0
3811.0141160435523 0.0 0.0 0.0 1.0 0.0 0.0 25.0 0.0
3812.013797025934 0.0 0.0 0.0 1.0 0.0 0.0 25.0 0.0
3813.0076688907675 0.0 0.0 0.0 1.0 0.0 0.0 25.0 0.0
3814.0276944518646 0.0 0.0 0.0 1.0 0.0 0.0 25.0 0.0
3815.0022325816694 0.0 0.0 0.0 1.0 0.0 0.0 25.0 0.0
3816.0177658226003 0.0 0.0 0.0 1.0 0.0 0.0 25.0 0.0
3817.0339264327167 0.0 0.0 0.0 1.0 0.0 0.0 25.0 0.0
3818.014041691562 0.0 0.0 0.0 1.0 0.0 0.0 25.0 0.0
3819.0049048920855 0.0 0.0 0.0 1.0 0.0 0.0 25.0 0.0
3820.026574442038 0.0 0.0 0.0 1.0 0.0 0.0 25.0 0.0
3821.0067361749766 0.0 0.0 0.0 1.0 0.0 0.0 25.0 0.0
3822.00929276026 0.0 0.0 0.0 1.0 0.0 0.0 25.0 0.0
3823.0074152919724 0.0 0.0 0.0 1.0 0.0 0.0 25.0 0.0
3824.034517111052 0.0 0.0 0.0 1.0 0.0 0.0 25.0 0.0
3825.000360419788 0.0 0.0 0.0 1.0 0.0 0.0 25.0 0.0
3826.034517111052 0.0 0.0 0.0 1.0 0.0 0.0 25.0 0.0
3827.034517111052 0.0 0.0 0.0 1.0 0.0 0.0 25.0 0.0
3828.034517111052 0.0 0.0 0.0 1.0 0.0 0.0 25.0 0.0
3829.007937542561 0.0 0.0 0.0 1.0 0.0 0.0 25.0 0.0
3830.0008415879865 0.0 0.0 0.0 1.0 0.0 0.0 25.0 0.0
3831.027529837865 0.0 0.0 0.0 1.0 0.0 0.0 25.0 0.0
3832.00565145122 0.0 0.0 0.0 1.0 0.0 0.0 25.0 0.0
3833.034517111052 0.0 0.0 0.0 1.0 0.0 0.0 25.0 0.0
3834.000087597323 0.0 0.0 0.0 1.0 0.0 0.0 25.0 0.0
3835.0003983876977 0.0 0.0 0.0 1.0 0.0 0.0 25.0 0.0
3836.0186039193622 0.0 0.0 0.0 1.0 0.0 0.0 25.0 0.0
3837.017684831633 0.0 0.0 0.0 1.0 0.0 0.0 25.0 0.0
3838.0188799337543 0.0 0.0 0.0 1.0 0.0 0.0 25.0 0.0
3839.0063929300477 0.0 0.0 0.0 1.0 0.0 0.0 25.0 0.0
3840.0065654829514 0.0 0.0 0.0 1.0 0.0 0.0 25.0 0.0
3841.0049179891857 0.0 0.0 0.0 1.0 0.0 0.0 25.0 0.0
3842.0072699116545 0.0 0.0 0.0 1.0 0.0 0.0 25.0 0.0
3843.034517111052 0.0 0.0 0.0 1.0 0.0 0.0 25.0 0.0
3844.034517111052 0.0 0.0 0.0 1.0 0.0 0.0 25.0 0.0
3845.009687275362 0.0 0.0 0.0 1.0 0.0 0.0 25.0 0.0
3846.034517111052 0.0 0.0 0.0 1.0 0.0 0.0 25.0 0.0
3847.002318292125 0.0 0.0 0.0 1.0 0.0 0.0 25.0 0.0
3848.0241598137313 0.0 0.0 0.0 1.0 0.0 0.0 25.0 0.0
3849.002401753093 0.0 0.0 0.0 1.0 0.0 0.0 25.0 0.0
3850.0120517407486 0.0 0.0 0.0 1.0 0.0 0.0 25.0 0.0
3851.0208567589607 0.0 0.0 0.0 1.0 0.0 0.0 25.0 0.0
3852.034517111052 0.0 0.0 0.0 1.0 0.0 0.0 25.0 0.0
3853.0028675482763 0.0 0.0 0.0 1.0 0.0 0.0 25.0 0.0
3854.0155050200565 0.0 0.0 0.0 1.0 0.0 0.0 25.0 0.0
3855.0272642435452 0.0 0.0 0.0 1.0 0.0 0.0 25.0 0.0
3856.0017819513787 0.0 0.0 0.0 1.0 0.0 0.0 25.0 0.0
3857.034517111052 0.0 0.0 0.0 1.0 0.0 0.0 25.0 0.0
3858.021727291122 0.0 0.0 0.0 1.0 0.0 0.0 25.0 0.0
3859.0260627199646 0.0 0.0 0.0 1.0 0.0 0.0 25.0 0.0
3860.0233312725845 0.0 0.0 0.0 1.0 0.0 0.0 25.0 0.0
3861.034517111052 0.0 0.0 0.0 1.0 0.0 0.0 25.0 0.0
3862.016807503499 0.0 0.0 0.0 1.0 0.0 0.0 25.0 0.0
3863.034517111052 0.0 0.0 0.0 1.0 0.0 0.0 25.0 0.0
3864.012894860561 0.0 0.0 0.0 1.0 0.0 0.0 25.0 0.0
3865.034517111052 0.0 0.0 0.0 1.0 0.0 0.0 25.0 0.0
3866.0013993847147 0.0 0.0 0.0 1.0 0.0 0.0 25.0 0.0
3867.034517111052 0.0 0.0 0.0 1.0 0.0 0.0 25.0 0.0
3868.025725294913 0.0 0.0 0.0 1.0 0.0 0.0 25.0 0.0
3869.034517111052 0.0 0.0 0.0 1.0 0.0 0.0 25.0 0.0
3870.034517111052 0.0 0.0 0.0 1.0 0.0 0.0 25.0 0.0
3871.022184487832 0.0 0.0 0.0 1.0 0.0 0.0 25.0 0.0
3872.0147468897353 0.0 0.0 0.0 1.0 0.0 0.0 25.0 0.0
3873.034517111052 0.0 0.0 0.0 1.0 0.0 0.0 25.0 0.0
3874.034517111052 0.0 0.0 0.0 1.0 0.0 0.0 25.0 0.0
3875.034517111052 0.0 0.0 0.0 1.0 0.0 0.0 25.0 0.0
3876.003273134 0.0 0.0 0.0 1.0 0.0 0.0 25.0 0.0
3877.0166199912164 0.0 0.0 0.0 1.0 0.0 0.0 25.0 0.0
3878.004782689042 0.0 0.0 0.0 1.0 0.0 0.0 25.0 0.0
3879.0154915611706 0.0 0.0 0.0 1.0 0.0 0.0 25.0 0.0
3880.0202149179972 0.0 0.0 0.0 1.0 0.0 0.0 25.0 0.0
3881.0323397764832 0.0 0.0 0.0 1.0 0.0 0.0 25.0 0.0
3882.019332004398 0.0 0.0 0.0 1.0 0.0 0.0 25.0 0.0
3883.034517111052 0.0 0.0 0.0 1.0 0.0 0.0 25.0 0.0
3884.006538819223 0.0 0.0 0.0 1.0 0.0 0.0 25.0 0.0
3885.0159734656822 0.0 0.0 0.0 1.0 0.0 0.0 25.0 0.0
3886.013302929813 0.0 0.0 0.0 1.0 0.0 0.0 25.0 0.0
3887.00247967773 0.0 0.0 0.0 1.0 0.0 0.0 25.0 0.0
3888.0023728261876 0.0 0.0 0.0 1.0 0.0 0.0 25.0 0.0
3889.0062150227373 0.0 0.0 0.0 1.0 0.0 0.0 25.0 0.0
3890.034517111052 0.0 0.0 0.0 1.0 0.0 0.0 25.0 0.0
3891.034517111052 0.0 0.0 0.0 1.0 0.0 0.0 25.0 0.0
3892.0184474889866 0.0 0.0 0.0 1.0 0.0 0.0 25.0 0.0
3893.005893712811 0.0 0.0 0.0 1.0 0.0 0.0 25.0 0.0
3894.001362213234 0.0 0.0 0.0 1.0 0.0 0.0 25.0 0.0
3895.014097311985 0.0 0.0 0.0 1.0 0.0 0.0 25.0 0.0
3896.0010898367877 0.0 0.0 0.0 1.0 0.0 0.0 25.0 0.0
3897.0271580405265 0.0 0.0 0.0 1.0 0.0 0.0 25.0 0.0
3898.034517111052 0.0 0.0 0.0 1.0 0.0 0.0 25.0 0.0
3899.0338912308657 0.0 0.0 0.0 1.0 0.0 0.0 25.0 0.0
3900.034517111052 0.0 0.0 0.0 1.0 0.0 0.0 25.0 0.0
3901.0135050530703 0.0 0.0 0.0 1.0 0.0 0.0 25.0 0.0
3902.002332767232 0.0 0.0 0.0 1.0 0.0 0.0 25.0 0.0
3903.023821540908 0.0 0.0 0.0 1.0 0.0 0.0 25.0 0.0
3904.0121013965686 0.0 0.0 0.0 1.0 0.0 0.0 25.0 0.0
3905.0170965512043 0.0 0.0 0.0 1.0 0.0 0.0 25.0 0.0
3906.034517111052 0.0 0.0 0.0 1.0 0.0 0.0 25.0 0.0
3907.005508104944 0.0 0.0 0.0 1.0 0.0 0.0 25.0 0.0
3908.034517111052 0.0 0.0 0.0 1.0 0.0 0.0 25.0 0.0
3909.0329038650207 0.0 0.0 0.0 1.0 0.0 0.0 25.0 0.0
3910.034517111052 0.0 0.0 0.0 1.0 0.0 0.0 25.0 0.0
3911.0061082791112 0.0 0.0 0.0 1.0 0.0 0.0 25.0 0.0
3912.004244879666 0.0 0.0 0.0 1.0 0.0 0.0 25.0 0.0
3913.0122152858503 0.0 0.0 0.0 1.0 0.0 0.0 25.0 0.0
3914.012961324649 0.0 0.0 0.0 1.0 0.0 0.0 25.0 0.0
3915.034517111052 0.0 0.0 0.0 1.0 0.0 0.0 25.0 0.0
3916.028406330173 0.0 0.0 0.0 1.0 0.0 0.0 25.0 0.0
3917.034517111052 0.0 0.0 0.0 1.0 0.0 0.0 25.0 0.0
3918.013900644969 0.0 0.0 0.0 1.0 0.0 0.0 25.0 0.0
3919.0066932941927 0.0 0.0 0.0 1.0 0.0 0.0 25.0 0.0
3920.0010028695506 0.0 0.0 0.0 1.0 0.0 0.0 25.0 0.0
3921.034517111052 0.0 0.0 0.0 1.0 0.0 0.0 25.0 0.0
3922.0060962451134 0.0 0.0 0.0 1.0 0.0 0.0 25.0 0.0
3923.011521929955 0.0 0.0 0.0 1.0 0.0 0.0 25.0 0.0
3924.02764777762 0.0 0.0 0.0 1.0 0.0 0.0 25.0 0.0
3925.034517111052 0.0 0.0 0.0 1.0 0.0 0.0 25.0 0.0
3926.033254645801 0.0 0.0 0.0 1.0 0.0 0.0 25.0 0.0
3927.034517111052 0.0 0.0 0.0 1.0 0.0 0.0 25.0 0.0
3928.022130979788 0.0 0.0 0.0 1.0 0.0 0.0 25.0 0.0
3929.0073947295446 0.0 0.0 0.0 1.0 0.0 0.0 25.0 0.0
3930.007289594879 0.0 0.0 0.0 1.0 0.0 0.0 25.0 0.0
3931.034517111052 0.0 0.0 0.0 1.0 0.0 0.0 25.0 0.0
3932.005468603158 0.0 0.0 0.0 1.0 0.0 0.0 25.0 0.0
3933.025902119564 0.0 0.0 0.0 1.0 0.0 0.0 25.0 0.0
3934.034517111052 0.0 0.0 0.0 1.0 0.0 0.0 25.0 0.0
3935.0067771914864 0.0 0.0 0.0 1.0 0.0 0.0 25.0 0.0
3936.0069367272868 0.0 0.0 0.0 1.0 0.0 0.0 25.0 0.0
3937.00208286041 0.0 0.0 0.0 1.0 0.0 0.0 25.0 0.0
3938.034517111052 0.0 0.0 0.0 1.0 0.0 0.0 25.0 0.0
3939.0124056638997 0.0 0.0 0.0 1.0 0.0 0.0 25.0 0.0
3940.0165421286774 0.0 0.0 0.0 1.0 0.0 0.0 25.0 0.0
3941.0044570267046 0.0 0.0 0.0 1.0 0.0 0.0 25.0 0.0
3942.001596776937 0.0 0.0 0.0 1.0 0.0 0.0 25.0 0.0
3943.0122658536734 0.0 0.0 0.0 1.0 0.0 0.0 25.0 0.0
3944.014785248733 0.0 0.0 0.0 1.0 0.0 0.0 25.0 0.0
3945.0106216271433 0.0 0.0 0.0 1.0 0.0 0.0 25.0 0.0
3946.034517111052 0.0 0.0 0.0 1.0 0.0 0.0 25.0 0.0
3947.034517111052 0.0 0.0 0.0 1.0 0.0 0.0 25.0 0.0
3948.0233053943675 0.0 0.0 0.0 1.0 0.0 0.0 25.0 0.0
3949.0077356965207 0.0 0.0 0.0 1.0 0.0 0.0 25.0 0.0
3950.000585650313 0.0 0.0 0.0 1.0 0.0 0.0 25.0 0.0
3951.004823225409 0.0 0.0 0.0 1.0 0.0 0.0 25.0 0.0
3952.013822444249 0.0 0.0 0.0 1.0 0.0 0.0 25.0 0.0
3953.034517111052 0.0 0.0 0.0 1.0 0.0 0.0 25.0 0.0
3954.0119215245504 0.0 0.0 0.0 1.0 0.0 0.0 25.0 0.0
3955.0004107701457 0.0 0.0 0.0 1.0 0.0 0.0 25.0 0.0
3956.034517111052 0.0 0.0 0.0 1.0 0.0 0.0 25.0 0.0
3957.034517111052 0.0 0.0 0.0 1.0 0.0 0.0 25.0 0.0
3958.0196377613947 0.0 0.0 0.0 1.0 0.0 0.0 25.0 0.0
3959.0028613918894 0.0 0.0 0.0 1.0 0.0 0.0 25.0 0.0
3960.0218063397942 0.0 0.0 0.0 1.0 0.0 0.0 25.0 0.0
3961.006041623745 0.0 0.0 0.0 1.0 0.0 0.0 25.0 0.0
3962.0112916390617 0.0 0.0 0.0 1.0 0.0 0.0 25.0 0.0
3963.0058256033985 0.0 0.0 0.0 1.0 0.0 0.0 25.0 0.0
3964.0061478737525 0.0 0.0 0.0 1.0 0.0 0.0 25.0 0.0
3965.011756185969 0.0 0.0 0.0 1.0 0.0 0.0 25.0 0.0
3966.034517111052 0.0 0.0 0.0 1.0 0.0 0.0 25.0 0.0
3967.0141516742756 0.0 0.0 0.0 1.0 0.0 0.0 25.0 0.0
3968.0062428682104 0.0 0.0 0.0 1.0 0.0 0.0 25.0 0.0
3969.0108950823205 0.0 0.0 0.0 1.0 0.0 0.0 25.0 0.0
3970.034517111052 0.0 0.0 0.0 1.0 0.0 0.0 25.0 0.0
3971.0137496551533 0.0 0.0 0.0 1.0 0.0 0.0 25.0 0.0
3972.0211364510033 0.0 0.0 0.0 1.0 0.0 0.0 25.0 0.0
3973.034517111052 0.0 0.0 0.0 1.0 0.0 0.0 25.0 0.0
3974.01459709407 0.0 0.0 0.0 1.0 0.0 0.0 25.0 0.0
3975.030623604039 0.0 0.0 0.0 1.0 0.0 0.0 25.0 0.0
3976.008248174465 0.0 0.0 0.0 1.0 0.0 0.0 25.0 0.0
3977.0158680509303 0.0 0.0 0.0 1.0 0.0 0.0 25.0 0.0
3978.0302747047467 0.0 0.0 0.0 1.0 0.0 0.0 25.0 0.0
3979.0140227506463 0.0 0.0 0.0 1.0 0.0 0.0 25.0 0.0
3980.034517111052 0.0 0.0 0.0 1.0 0.0 0.0 25.0 0.0
3981.034517111052 0.0 0.0 0.0 1.0 0.0 0.0 25.0 0.0
3982.01319152549 0.0 0.0 0.0 1.0 0.0 0.0 25.0 0.0
3983.0191770200654 0.0 0.0 0.0 1.0 0.0 0.0 25.0 0.0
3984.034517111052 0.0 0.0 0.0 1.0 0.0 0.0 25.0 0.0
3985.0284016243627 0.0 0.0 0.0 1.0 0.0 0.0 25.0 0.0
3986.003106097259 0.0 0.0 0.0 1.0 0.0 0.0 25.0 0.0
3987.007157388443 0.0 0.0 0.0 1.0 0.0 0.0 25.0 0.0
3988.034517111052 0.0 0.0 0.0 1.0 0.0 0.0 25.0 0.0
3989.034517111052 0.0 0.0 0.0 1.0 0.0 0.0 25.0 0.0
3990.010828547172 0.0 0.0 0.0 1.0 0.0 0.0 25.0 0.0
3991.0006679229764 0.0 0.0 0.0 1.0 0.0 0.0 25.0 0.0
3992.017305067191 0.0 0.0 0.0 1.0 0.0 0.0 25.0 0.0
3993.034517111052 0.0 0.0 0.0 1.0 0.0 0.0 25.0 0.0
3994.0230233183847 0.0 0.0 0.0 1.0 0.0 0.0 25.0 0.0
3995.034517111052 0.0 0.0 0.0 1.0 0.0 0.0 25.0 0.0
3996.010197214668 0.0 0.0 0.0 1.0 0.0 0.0 25.0 0.0
3997.034517111052 0.0 0.0 0.0 1.0 0.0 0.0 25.0 0.0
3998.0152116180693 0.0 0.0 0.0 1.0 0.0 0.0 25.0 0.0
3999.034517111052 0.0 0.0 0.0 1.0 0.0 0.0 25.0 0.0
4000.014306659969 0.0 0.0 0.0 1.0 0.0 0.0 25.0 0.0
4001.0059671942845 0.0 0.0 0.0 1.0 0.0 0.0 25.0 0.0
4002.02072014947 0.0 0.0 0.0 1.0 0.0 0.0 25.0 0.0
4003.0007058245174 0.0 0.0 0.0 1.0 0.0 0.0 25.0 0.0
4004.020480137101 0.0 0.0 0.0 1.0 0.0 0.0 25.0 0.0
4005.034517111052 0.0 0.0 0.0 1.0 0.0 0.0 25.0 0.0
4006.0198932254452 0.0 0.0 0.0 1.0 0.0 0.0 25.0 0.0
4007.010382607613 0.0 0.0 0.0 1.0 0.0 0.0 25.0 0.0
4008.000878363881 0.0 0.0 0.0 1.0 0.0 0.0 25.0 0.0
4009.018265942318 0.0 0.0 0.0 1.0 0.0 0.0 25.0 0.0
4010.005657753301 0.0 0.0 0.0 1.0 0.0 0.0 25.0 0.0
4011.0271714343344 0.0 0.0 0.0 1.0 0.0 0.0 25.0 0.0
4012.003689713479 0.0 0.0 0.0 1.0 0.0 0.0 25.0 0.0
4013.020389104264 0.0 0.0 0.0 1.0 0.0 0.0 25.0 0.0
4014.0303936414994 0.0 0.0 0.0 1.0 0.0 0.0 25.0 0.0
4015.005050782204 0.0 0.0 0.0 1.0 0.0 0.0 25.0 0.0
4016.000278500932 0.0 0.0 0.0 1.0 0.0 0.0 25.0 0.0
4017.025758057082 0.0 0.0 0.0 1.0 0.0 0.0 25.0 0.0
4018.034517111052 0.0 0.0 0.0 1.0 0.0 0.0 25.0 0.0
4019.020244569703 0.0 0.0 0.0 1.0 0.0 0.0 25.0 0.0
4020.024464624531 0.0 0.0 0.0 1.0 0.0 0.0 25.0 0.0
4021.002461991985 0.0 0.0 0.0 1.0 0.0 0.0 25.0 0.0
4022.024686153686 0.0 0.0 0.0 1.0 0.0 0.0 25.0 0.0
4023.01493351258 0.0 0.0 0.0 1.0 0.0 0.0 25.0 0.0
4024.0274676923946 0.0 0.0 0.0 1.0 0.0 0.0 25.0 0.0
4025.034517111052 0.0 0.0 0.0 1.0 0.0 0.0 25.0 0.0
4026.034517111052 0.0 0.0 0.0 1.0 0.0 0.0 25.0 0.0
4027.013913232855 0.0 0.0 0.0 1.0 0.0 0.0 25.0 0.0
4028.006477040576 0.0 0.0 0.0 1.0 0.0 0.0 25.0 0.0
4029.0062494186996 0.0 0.0 0.0 1.0 0.0 0.0 25.0 0.0
4030.00127118501 0.0 0.0 0.0 1.0 0.0 0.0 25.0 0.0
4031.0194475492094 0.0 0.0 0.0 1.0 0.0 0.0 25.0 0.0
4032.0019774507728 0.0 0.0 0.0 1.0 0.0 0.0 25.0 0.0
4033.002546667959 0.0 0.0 0.0 1.0 0.0 0.0 25.0 0.0
4034.01640102353 0.0 0.0 0.0 1.0 0.0 0.0 25.0 0.0
4035.006757186181 0.0 0.0 0.0 1.0 0.0 0.0 25.0 0.0
4036.034517111052 0.0 0.0 0.0 1.0 0.0 0.0 25.0 0.0
4037.034517111052 0.0 0.0 0.0 1.0 0.0 0.0 25.0 0.0
4038.0239256589407 0.0 0.0 0.0 1.0 0.0 0.0 25.0 0.0
4039.034517111052 0.0 0.0 0.0 1.0 0.0 0.0 25.0 0.0
4040.0046238082405 0.0 0.0 0.0 1.0 0.0 0.0 25.0 0.0
4041.0085887084597 0.0 0.0 0.0 1.0 0.0 0.0 25.0 0.0
4042.012104243527 0.0 0.0 0.0 1.0 0.0 0.0 25.0 0.0
4043.005730310142 0.0 0.0 0.0 1.0 0.0 0.0 25.0 0.0
4044.03419935034 0.0 0.0 0.0 1.0 0.0 0.0 25.0 0.0
4045.017939685151 0.0 0.0 0.0 1.0 0.0 0.0 25.0 0.0
4046.0321520381044 0.0 0.0 0.0 1.0 0.0 0.0 25.0 0.0
4047.019751258233 0.0 0.0 0.0 1.0 0.0 0.0 25.0 0.0
4048.0210515740205 0.0 0.0 0.0 1.0 0.0 0.0 25.0 0.0
4049.0274762192544 0.0 0.0 0.0 1.0 0.0 0.0 25.0 0.0
4050.01662839492 0.0 0.0 0.0 1.0 0.0 0.0 25.0 0.0
4051.034517111052 0.0 0.0 0.0 1.0 0.0 0.0 25.0 0.0
4052.012464289802 0.0 0.0 0.0 1.0 0.0 0.0 25.0 0.0
4053.034517111052 0.0 0.0 0.0 1.0 0.0 0.0 25.0 0.0
4054.0019748328828 0.0 0.0 0.0 1.0 0.0 0.0 25.0 0.0
4055.034517111052 0.0 0.0 0.0 1.0 0.0 0.0 25.0 0.0
4056.0012665161007 0.0 0.0 0.0 1.0 0.0 0.0 25.0 0.0
4057.034517111052 0.0 0.0 0.0 1.0 0.0 0.0 25.0 0.0
4058.034517111052 0.0 0.0 0.0 1.0 0.0 0.0 25.0 0.0
4059.0113663458474 0.0 0.0 0.0 1.0 0.0 0.0 25.0 0.0
4060.034517111052 0.0 0.0 0.0 1.0 0.0 0.0 25.0 0.0
4061.0246108643537 0.0 0.0 0.0 1.0 0.0 0.0 25.0 0.0
4062.034517111052 0.0 0.0 0.0 1.0 0.0 0.0 25.0 0.0
4063.004007330705 0.0 0.0 0.0 1.0 0.0 0.0 25.0 0.0
4064.034517111052 0.0 0.0 0.0 1.0 0.0 0.0 25.0 0.0
4065.009404028608 0.0 0.0 0.0 1.0 0.0 0.0 25.0 0.0
4066.0033295971666 0.0 0.0 0.0 1.0 0.0 0.0 25.0 0.0
4067.005601685709 0.0 0.0 0.0 1.0 0.0 0.0 25.0 0.0
4068.0087754796314 0.0 0.0 0.0 1.0 0.0 0.0 25.0 0.0
4069.0332422387582 0.0 0.0 0.0 1.0 0.0 0.0 25.0 0.0
4070.005047019955 0.0 0.0 0.0 1.0 0.0 0.0 25.0 0.0
4071.0316572661777 0.0 0.0 0.0 1.0 0.0 0.0 25.0 0.0
4072.0133881266343 0.0 0.0 0.0 1.0 0.0 0.0 25.0 0.0
4073.0063783573573 0.0 0.0 0.0 1.0 0.0 0.0 25.0 0.0
4074.034517111052 0.0 0.0 0.0 1.0 0.0 0.0 25.0 0.0
4075.0176128417775 0.0 0.0 0.0 1.0 0.0 0.0 25.0 0.0
4076.034517111052 0.0 0.0 0.0 1.0 0.0 0.0 25.0 0.0
4077.022695522111 0.0 0.0 0.0 1.0 0.0 0.0 25.0 0.0
4078.0328063409825 0.0 0.0 0.0 1.0 0.0 0.0 25.0 0.0
4079.0072422930316 0.0 0.0 0.0 1.0 0.0 0.0 25.0 0.0
4080.034517111052 0.0 0.0 0.0 1.0 0.0 0.0 25.0 0.0
4081.010949893674 0.0 0.0 0.0 1.0 0.0 0.0 25.0 0.0
4082.004394054325 0.0 0.0 0.0 1.0 0.0 0.0 25.0 0.0
4083.0038844842375 0.0 0.0 0.0 1.0 0.0 0.0 25.0 0.0
4084.015625189687 0.0 0.0 0.0 1.0 0.0 0.0 25.0 0.0
4085.034517111052 0.0 0.0 0.0 1.0 0.0 0.0 25.0 0.0
4086.0012916761693 0.0 0.0 0.0 1.0 0.0 0.0 25.0 0.0
4087.034517111052 0.0 0.0 0.0 1.0 0.0 0.0 25.0 0.0
4088.0146824043036 0.0 0.0 0.0 1.0 0.0 0.0 25.0 0.0
4089.034517111052 0.0 0.0 0.0 1.0 0.0 0.0 25.0 0.0
4090.034517111052 0.0 0.0 0.0 1.0 0.0 0.0 25.0 0.0
4091.025488083994 0.0 0.0 0.0 1.0 0.0 0.0 25.0 0.0
4092.0214208458115 0.0 0.0 0.0 1.0 0.0 0.0 25.0 0.0
4093.0153301613223 0.0 0.0 0.0 1.0 0.0 0.0 25.0 0.0
4094.0342236747224 0.0 0.0 0.0 1.0 0.0 0.0 25.0 0.0
4095.002706667009 0.0 0.0 0.0 1.0 0.0 0.0 25.0 0.0
4096.014616332337 0.0 0.0 0.0 1.0 0.0 0.0 25.0 0.0
4097.006547524099 0.0 0.0 0.0 1.0 0.0 0.0 25.0 0.0
4098.02964269809 0.0 0.0 0.0 1.0 0.0 0.0 25.0 0.0
4099.034517111052 0.0 0.0 0.0 1.0 0.0 0.0 25.0 0.0
4100.034517111052 0.0 0.0 0.0 1.0 0.0 0.0 25.0 0.0
4101.034517111052 0.0 0.0 0.0 1.0 0.0 0.0 25.0 0.0
4102.034517111052 0.0 0.0 0.0 1.0 0.0 0.0 25.0 0.0
4103.034517111052 0.0 0.0 0.0 1.0 0.0 0.0 25.0 0.0
4104.000039302622 0.0 0.0 0.0 1.0 0.0 0.0 25.0 0.0
4105.006275879054 0.0 0.0 0.0 1.0 0.0 0.0 25.0 0.0
4106.001133985205 0.0 0.0 0.0 1.0 0.0 0.0 25.0 0.0
4107.022210543771 0.0 0.0 0.0 1.0 0.0 0.0 25.0 0.0
4108.0032205427315 0.0 0.0 0.0 1.0 0.0 0.0 25.0 0.0
4109.034517111052 0.0 0.0 0.0 1.0 0.0 0.0 25.0 0.0
4110.00055450807 0.0 0.0 0.0 1.0 0.0 0.0 25.0 0.0
4111.0144704030945 0.0 0.0 0.0 1.0 0.0 0.0 25.0 0.0
4112.000264026659 0.0 0.0 0.0 1.0 0.0 0.0 25.0 0.0
4113.034517111052 0.0 0.0 0.0 1.0 0.0 0.0 25.0 0.0
4114.020075732291 0.0 0.0 0.0 1.0 0.0 0.0 25.0 0.0
4115.034517111052 0.0 0.0 0.0 1.0 0.0 0.0 25.0 0.0
4116.013624571855 0.0 0.0 0.0 1.0 0.0 0.0 25.0 0.0
4117.019111336267 0.0 0.0 0.0 1.0 0.0 0.0 25.0 0.0
4118.034517111052 0.0 0.0 0.0 1.0 0.0 0.0 25.0 0.0
4119.034517111052 0.0 0.0 0.0 1.0 0.0 0.0 25.0 0.0
4120.034517111052 0.0 0.0 0.0 1.0 0.0 0.0 25.0 0.0
4121.00166936332 0.0 0.0 0.0 1.0 0.0 0.0 25.0 0.0
4122.034517111052 0.0 0.0 0.0 1.0 0.0 0.0 25.0 0.0
4123.01054973548 0.0 0.0 0.0 1.0 0.0 0.0 25.0 0.0
4124.016838717152 0.0 0.0 0.0 1.0 0.0 0.0 25.0 0.0
4125.034517111052 0.0 0.0 0.0 1.0 0.0 0.0 25.0 0.0
4126.034517111052 0.0 0.0 0.0 1.0 0.0 0.0 25.0 0.0
4127.005150014352 0.0 0.0 0.0 1.0 0.0 0.0 25.0 0.0
4128.000364846346 0.0 0.0 0.0 1.0 0.0 0.0 25.0 0.0
4129.034517111052 0.0 0.0 0.0 1.0 0.0 0.0 25.0 0.0
4130.034517111052 0.0 0.0 0.0 1.0 0.0 0.0 25.0 0.0
4131.034517111052 0.0 0.0 0.0 1.0 0.0 0.0 25.0 0.0
4132.017745824142 0.0 0.0 0.0 1.0 0.0 0.0 25.0 0.0
4133.0089738210945 0.0 0.0 0.0 1.0 0.0 0.0 25.0 0.0
4134.009704666466 0.0 0.0 0.0 1.0 0.0 0.0 25.0 0.0
4135.025787920182 0.0 0.0 0.0 1.0 0.0 0.0 25.0 0.0
4136.006199470402 0.0 0.0 0.0 1.0 0.0 0.0 25.0 0.0
4137.013455538516 0.0 0.0 0.0 1.0 0.0 0.0 25.0 0.0
4138.013261487303 0.0 0.0 0.0 1.0 0.0 0.0 25.0 0.0
4139.021073723846 0.0 0.0 0.0 1.0 0.0 0.0 25.0 0.0
4140.034517111052 0.0 0.0 0.0 1.0 0.0 0.0 25.0 0.0
4141.018877530683 0.0 0.0 0.0 1.0 0.0 0.0 25.0 0.0
4142.026305613679 0.0 0.0 0.0 1.0 0.0 0.0 25.0 0.0
4143.034517111052 0.0 0.0 0.0 1.0 0.0 0.0 25.0 0.0
4144.034517111052 0.0 0.0 0.0 1.0 0.0 0.0 25.0 0.0
4145.005452748108 0.0 0.0 0.0 1.0 0.0 0.0 25.0 0.0
4146.034517111052 0.0 0.0 0.0 1.0 0.0 0.0 25.0 0.0
4147.033772550105 0.0 0.0 0.0 1.0 0.0 0.0 25.0 0.0
4148.003578395996 0.0 0.0 0.0 1.0 0.0 0.0 25.0 0.0
4149.034517111052 0.0 0.0 0.0 1.0 0.0 0.0 25.0 0.0
4150.034517111052 0.0 0.0 0.0 1.0 0.0 0.0 25.0 0.0
4151.011644732262 0.0 0.0 0.0 1.0 0.0 0.0 25.0 0.0
4152.019587867638 0.0 0.0 0.0 1.0 0.0 0.0 25.0 0.0
4153.034517111052 0.0 0.0 0.0 1.0 0.0 0.0 25.0 0.0
4154.024421101869 0.0 0.0 0.0 1.0 0.0 0.0 25.0 0.0
4155.01633397646 0.0 0.0 0.0 1.0 0.0 0.0 25.0 0.0
4156.015297428253 0.0 0.0 0.0 1.0 0.0 0.0 25.0 0.0
4157.000801874425 0.0 0.0 0.0 1.0 0.0 0.0 25.0 0.0
4158.016254019646 0.0 0.0 0.0 1.0 0.0 0.0 25.0 0.0
4159.002431879751 0.0 0.0 0.0 1.0 0.0 0.0 25.0 0.0
4160.004324904945 0.0 0.0 0.0 1.0 0.0 0.0 25.0 0.0
4161.00776728308 0.0 0.0 0.0 1.0 0.0 0.0 25.0 0.0
4162.004343417116 0.0 0.0 0.0 1.0 0.0 0.0 25.0 0.0
4163.034517111052 0.0 0.0 0.0 1.0 0.0 0.0 25.0 0.0
4164.034517111052 0.0 0.0 0.0 1.0 0.0 0.0 25.0 0.0
4165.008156755699 0.0 0.0 0.0 1.0 0.0 0.0 25.0 0.0
4166.005106941312 0.0 0.0 0.0 1.0 0.0 0.0 25.0 0.0
4167.0258459189745 0.0 0.0 0.0 1.0 0.0 0.0 25.0 0.0
4168.00102200378 0.0 0.0 0.0 1.0 0.0 0.0 25.0 0.0
4169.011640100583 0.0 0.0 0.0 1.0 0.0 0.0 25.0 0.0
4170.0152608814815 0.0 0.0 0.0 1.0 0.0 0.0 25.0 0.0
4171.034517111052 0.0 0.0 0.0 1.0 0.0 0.0 25.0 0.0
4172.007394289219 0.0 0.0 0.0 1.0 0.0 0.0 25.0 0.0
4173.01285173522 0.0 0.0 0.0 1.0 0.0 0.0 25.0 0.0
4174.001816485394 0.0 0.0 0.0 1.0 0.0 0.0 25.0 0.0
4175.001433660937 0.0 0.0 0.0 1.0 0.0 0.0 25.0 0.0
4176.012924889128 0.0 0.0 0.0 1.0 0.0 0.0 25.0 0.0
4177.034517111052 0.0 0.0 0.0 1.0 0.0 0.0 25.0 0.0
4178.012377754512 0.0 0.0 0.0 1.0 0.0 0.0 25.0 0.0
4179.0174688996985 0.0 0.0 0.0 1.0 0.0 0.0 25.0 0.0
4180.034517111052 0.0 0.0 0.0 1.0 0.0 0.0 25.0 0.0
4181.000533870557 0.0 0.0 0.0 1.0 0.0 0.0 25.0 0.0
4182.005069038802 0.0 0.0 0.0 1.0 0.0 0.0 25.0 0.0
4183.027367320813 0.0 0.0 0.0 1.0 0.0 0.0 25.0 0.0
4184.020441560604 0.0 0.0 0.0 1.0 0.0 0.0 25.0 0.0
4185.024906178619 0.0 0.0 0.0 1.0 0.0 0.0 25.0 0.0
4186.034517111052 0.0 0.0 0.0 1.0 0.0 0.0 25.0 0.0
4187.000013704452 0.0 0.0 0.0 1.0 0.0 0.0 25.0 0.0
4188.031875807469 0.0 0.0 0.0 1.0 0.0 0.0 25.0 0.0
4189.007064355756 0.0 0.0 0.0 1.0 0.0 0.0 25.0 0.0
4190.0269512158575 0.0 0.0 0.0 1.0 0.0 0.0 25.0 0.0
4191.034517111052 0.0 0.0 0.0 1.0 0.0 0.0 25.0 0.0
4192.012806737976 0.0 0.0 0.0 1.0 0.0 0.0 25.0 0.0
4193.034517111052 0.0 0.0 0.0 1.0 0.0 0.0 25.0 0.0
4194.002143788638 0.0 0.0 0.0 1.0 0.0 0.0 25.0 0.0
4195.034517111052 0.0 0.0 0.0 1.0 0.0 0.0 25.0 0.0
4196.034517111052 0.0 0.0 0.0 1.0 0.0 0.0 25.0 0.0
4197.034517111052 0.0 0.0 0.0 1.0 0.0 0.0 25.0 0.0
4198.024942119922 0.0 0.0 0.0 1.0 0.0 0.0 25.0 0.0
4199.034517111052 0.0 0.0 0.0 1.0 0.0 0.0 25.0 0.0
4200.034517111052 0.0 0.0 0.0 1.0 0.0 0.0 25.0 0.0
4201.007641491761 0.0 0.0 0.0 1.0 0.0 0.0 25.0 0.0
4202.0090142912395 0.0 0.0 0.0 1.0 0.0 0.0 25.0 0.0
4203.014302978447 0.0 0.0 0.0 1.0 0.0 0.0 25.0 0.0
4204.013368258997 0.0 0.0 0.0 1.0 0.0 0.0 25.0 0.0
4205.034517111052 0.0 0.0 0.0 1.0 0.0 0.0 25.0 0.0
4206.0073422716 0.0 0.0 0.0 1.0 0.0 0.0 25.0 0.0
4207.034517111052 0.0 0.0 0.0 1.0 0.0 0.0 25.0 0.0
4208.034517111052 0.0 0.0 0.0 1.0 0.0 0.0 25.0 0.0
4209.00627647678 0.0 0.0 0.0 1.0 0.0 0.0 25.0 0.0
4210.031455323668 0.0 0.0 0.0 1.0 0.0 0.0 25.0 0.0
4211.018561817063 0.0 0.0 0.0 1.0 0.0 0.0 25.0 0.0
4212.016887274561 0.0 0.0 0.0 1.0 0.0 0.0 25.0 0.0
4213.034517111052 0.0 0.0 0.0 1.0 0.0 0.0 25.0 0.0
4214.034517111052 0.0 0.0 0.0 1.0 0.0 0.0 25.0 0.0
4215.034517111052 0.0 0.0 0.0 1.0 0.0 0.0 25.0 0.0
4216.002363294546 0.0 0.0 0.0 1.0 0.0 0.0 25.0 0.0
4217.034517111052 0.0 0.0 0.0 1.0 0.0 0.0 25.0 0.0
4218.03046759279 0.0 0.0 0.0 1.0 0.0 0.0 25.0 0.0
4219.034517111052 0.0 0.0 0.0 1.0 0.0 0.0 25.0 0.0
4220.034517111052 0.0 0.0 0.0 1.0 0.0 0.0 25.0 0.0
4221.020245040607 0.0 0.0 0.0 1.0 0.0 0.0 25.0 0.0
4222.003794650651 0.0 0.0 0.0 1.0 0.0 0.0 25.0 0.0
4223.00196848618 0.0 0.0 0.0 1.0 0.0 0.0 25.0 0.0
4224.023914860976 0.0 0.0 0.0 1.0 0.0 0.0 25.0 0.0
4225.017636688152 0.0 0.0 0.0 1.0 0.0 0.0 25.0 0.0
4226.034517111052 0.0 0.0 0.0 1.0 0.0 0.0 25.0 0.0
4227.034517111052 0.0 0.0 0.0 1.0 0.0 0.0 25.0 0.0
4228.034517111052 0.0 0.0 0.0 1.0 0.0 0.0 25.0 0.0
4229.005651478485 0.0 0.0 0.0 1.0 0.0 0.0 25.0 0.0
4230.008816716728 0.0 0.0 0.0 1.0 0.0 0.0 25.0 0.0
4231.005464353544 0.0 0.0 0.0 1.0 0.0 0.0 25.0 0.0
4232.007862128112 0.0 0.0 0.0 1.0 0.0 0.0 25.0 0.0
4233.018023356434 0.0 0.0 0.0 1.0 0.0 0.0 25.0 0.0
4234.005098471166 0.0 0.0 0.0 1.0 0.0 0.0 25.0 0.0
4235.034517111052 0.0 0.0 0.0 1.0 0.0 0.0 25.0 0.0
4236.010301117145 0.0 0.0 0.0 1.0 0.0 0.0 25.0 0.0
4237.002218794054 0.0 0.0 0.0 1.0 0.0 0.0 25.0 0.0
4238.034517111052 0.0 0.0 0.0 1.0 0.0 0.0 25.0 0.0
4239.009928567559 0.0 0.0 0.0 1.0 0.0 0.0 25.0 0.0
4240.004776666367 0.0 0.0 0.0 1.0 0.0 0.0 25.0 0.0
4241.000025633504 0.0 0.0 0.0 1.0 0.0 0.0 25.0 0.0
4242.010892343477 0.0 0.0 0.0 1.0 0.0 0.0 25.0 0.0
4243.006972952434 0.0 0.0 0.0 1.0 0.0 0.0 25.0 0.0
4244.011933871023 0.0 0.0 0.0 1.0 0.0 0.0 25.0 0.0
4245.034517111052 0.0 0.0 0.0 1.0 0.0 0.0 25.0 0.0
4246.003406113607 0.0 0.0 0.0 1.0 0.0 0.0 25.0 0.0
4247.034517111052 0.0 0.0 0.0 1.0 0.0 0.0 25.0 0.0
4248.01509196769 0.0 0.0 0.0 1.0 0.0 0.0 25.0 0.0
4249.0092717650805 0.0 0.0 0.0 1.0 0.0 0.0 25.0 0.0
4250.001192586369 0.0 0.0 0.0 1.0 0.0 0.0 25.0 0.0
4251.004504466595 0.0 0.0 0.0 1.0 0.0 0.0 25.0 0.0
4252.034517111052 0.0 0.0 0.0 1.0 0.0 0.0 25.0 0.0
4253.021344563617 0.0 0.0 0.0 1.0 0.0 0.0 25.0 0.0
4254.023883821812 0.0 0.0 0.0 1.0 0.0 0.0 25.0 0.0
4255.023320556944 0.0 0.0 0.0 1.0 0.0 0.0 25.0 0.0
4256.017954324675 0.0 0.0 0.0 1.0 0.0 0.0 25.0 0.0
4257.006662274891 0.0 0.0 0.0 1.0 0.0 0.0 25.0 0.0
4258.033702107128 0.0 0.0 0.0 1.0 0.0 0.0 25.0 0.0
4259.034517111052 0.0 0.0 0.0 1.0 0.0 0.0 25.0 0.0
4260.020125055235 0.0 0.0 0.0 1.0 0.0 0.0 25.0 0.0
4261.034517111052 0.0 0.0 0.0 1.0 0.0 0.0 25.0 0.0
4262.034517111052 0.0 0.0 0.0 1.0 0.0 0.0 25.0 0.0
4263.017791217662 0.0 0.0 0.0 1.0 0.0 0.0 25.0 0.0
4264.034517111052 0.0 0.0 0.0 1.0 0.0 0.0 25.0 0.0
4265.033083175797 0.0 0.0 0.0 1.0 0.0 0.0 25.0 0.0
4266.034517111052 0.0 0.0 0.0 1.0 0.0 0.0 25.0 0.0
4267.034517111052 0.0 0.0 0.0 1.0 0.0 0.0 25.0 0.0
4268.0176547124975 0.0 0.0 0.0 1.0 0.0 0.0 25.0 0.0
4269.034517111052 0.0 0.0 0.0 1.0 0.0 0.0 25.0 0.0
4270.000355796278 0.0 0.0 0.0 1.0 0.0 0.0 25.0 0.0
4271.009578790777 0.0 0.0 0.0 1.0 0.0 0.0 25.0 0.0
4272.019827506744 0.0 0.0 0.0 1.0 0.0 0.0 25.0 0.0
4273.029942049205 0.0 0.0 0.0 1.0 0.0 0.0 25.0 0.0
4274.005148909918 0.0 0.0 0.0 1.0 0.0 0.0 25.0 0.0
4275.009287822341 0.0 0.0 0.0 1.0 0.0 0.0 25.0 0.0
4276.019403563073 0.0 0.0 0.0 1.0 0.0 0.0 25.0 0.0
4277.008142896307 0.0 0.0 0.0 1.0 0.0 0.0 25.0 0.0
4278.0041795887555 0.0 0.0 0.0 1.0 0.0 0.0 25.0 0.0
4279.004053992042 0.0 0.0 0.0 1.0 0.0 0.0 25.0 0.0
4280.00015283014 0.0 0.0 0.0 1.0 0.0 0.0 25.0 0.0
4281.010867196773 0.0 0.0 0.0 1.0 0.0 0.0 25.0 0.0
4282.012768153213 0.0 0.0 0.0 1.0 0.0 0.0 25.0 0.0
4283.034517111052 0.0 0.0 0.0 1.0 0.0 0.0 25.0 0.0
4284.034517111052 0.0 0.0 0.0 1.0 0.0 0.0 25.0 0.0
4285.009654606981 0.0 0.0 0.0 1.0 0.0 0.0 25.0 0.0
4286.005677564822 0.0 0.0 0.0 1.0 0.0 0.0 25.0 0.0
4287.012690524957 0.0 0.0 0.0 1.0 0.0 0.0 25.0 0.0
4288.0124736512225 0.0 0.0 0.0 1.0 0.0 0.0 25.0 0.0
4289.033901804431 0.0 0.0 0.0 1.0 0.0 0.0 25.0 0.0
4290.034517111052 0.0 0.0 0.0 1.0 0.0 0.0 25.0 0.0
4291.006170657174 0.0 0.0 0.0 1.0 0.0 0.0 25.0 0.0
4292.01298753848 0.0 0.0 0.0 1.0 0.0 0.0 25.0 0.0
4293.034517111052 0.0 0.0 0.0 1.0 0.0 0.0 25.0 0.0
4294.020914145569 0.0 0.0 0.0 1.0 0.0 0.0 25.0 0.0
4295.034517111052 0.0 0.0 0.0 1.0 0.0 0.0 25.0 0.0
4296.021005316108 0.0 0.0 0.0 1.0 0.0 0.0 25.0 0.0
4297.034517111052 0.0 0.0 0.0 1.0 0.0 0.0 25.0 0.0
4298.02555189948 0.0 0.0 0.0 1.0 0.0 0.0 25.0 0.0
4299.016461458862 0.0 0.0 0.0 1.0 0.0 0.0 25.0 0.0
4300.019076541761 0.0 0.0 0.0 1.0 0.0 0.0 25.0 0.0
4301.034517111052 0.0 0.0 0.0 1.0 0.0 0.0 25.0 0.0
4302.034517111052 0.0 0.0 0.0 1.0 0.0 0.0 25.0 0.0
4303.000327966122 0.0 0.0 0.0 1.0 0.0 0.0 25.0 0.0
4304.031514341195 0.0 0.0 0.0 1.0 0.0 0.0 25.0 0.0
4305.002773676369 0.0 0.0 0.0 1.0 0.0 0.0 25.0 0.0
4306.020405410644 0.0 0.0 0.0 1.0 0.0 0.0 25.0 0.0
4307.032104718747 0.0 0.0 0.0 1.0 0.0 0.0 25.0 0.0
4308.024534464798 0.0 0.0 0.0 1.0 0.0 0.0 25.0 0.0
4309.034517111052 0.0 0.0 0.0 1.0 0.0 0.0 25.0 0.0
4310.000699892788 0.0 0.0 0.0 1.0 0.0 0.0 25.0 0.0
4311.006635974093 0.0 0.0 0.0 1.0 0.0 0.0 25.0 0.0
4312.02251830848 0.0 0.0 0.0 1.0 0.0 0.0 25.0 0.0
4313.021303381832 0.0 0.0 0.0 1.0 0.0 0.0 25.0 0.0
4314.006269842766 0.0 0.0 0.0 1.0 0.0 0.0 25.0 0.0
4315.017646258252 0.0 0.0 0.0 1.0 0.0 0.0 25.0 0.0
4316.021250232192 0.0 0.0 0.0 1.0 0.0 0.0 25.0 0.0
4317.023346332948 0.0 0.0 0.0 1.0 0.0 0.0 25.0 0.0
4318.023219849944 0.0 0.0 0.0 1.0 0.0 0.0 25.0 0.0
4319.016063017069 0.0 0.0 0.0 1.0 0.0 0.0 25.0 0.0
4320.022741753227 0.0 0.0 0.0 1.0 0.0 0.0 25.0 0.0
4321.034517111052 0.0 0.0 0.0 1.0 0.0 0.0 25.0 0.0
4322.034517111052 0.0 0.0 0.0 1.0 0.0 0.0 25.0 0.0
4323.034517111052 0.0 0.0 0.0 1.0 0.0 0.0 25.0 0.0
4324.034517111052 0.0 0.0 0.0 1.0 0.0 0.0 25.0 0.0
4325.034517111052 0.0 0.0 0.0 1.0 0.0 0.0 25.0 0.0
4326.034517111052 0.0 0.0 0.0 1.0 0.0 0.0 25.0 0.0
4327.014713574182 0.0 0.0 0.0 1.0 0.0 0.0 25.0 0.0
4328.034517111052 0.0 0.0 0.0 1.0 0.0 0.0 25.0 0.0
4329.026181854065 0.0 0.0 0.0 1.0 0.0 0.0 25.0 0.0
4330.005706364587 0.0 0.0 0.0 1.0 0.0 0.0 25.0 0.0
4331.034517111052 0.0 0.0 0.0 1.0 0.0 0.0 25.0 0.0
4332.024632202132 0.0 0.0 0.0 1.0 0.0 0.0 25.0 0.0
4333.009329484508 0.0 0.0 0.0 1.0 0.0 0.0 25.0 0.0
4334.007284572218 0.0 0.0 0.0 1.0 0.0 0.0 25.0 0.0
4335.0307155770915 0.0 0.0 0.0 1.0 0.0 0.0 25.0 0.0
4336.028344674301 0.0 0.0 0.0 1.0 0.0 0.0 25.0 0.0
4337.034517111052 0.0 0.0 0.0 1.0 0.0 0.0 25.0 0.0
4338.017322860364 0.0 0.0 0.0 1.0 0.0 0.0 25.0 0.0
4339.010860284538 0.0 0.0 0.0 1.0 0.0 0.0 25.0 0.0
4340.021197217367 0.0 0.0 0.0 1.0 0.0 0.0 25.0 0.0
4341.034517111052 0.0 0.0 0.0 1.0 0.0 0.0 25.0 0.0
4342.024423817997 0.0 0.0 0.0 1.0 0.0 0.0 25.0 0.0
4343.034517111052 0.0 0.0 0.0 1.0 0.0 0.0 25.0 0.0
4344.034517111052 0.0 0.0 0.0 1.0 0.0 0.0 25.0 0.0
4345.034517111052 0.0 0.0 0.0 1.0 0.0 0.0 25.0 0.0
4346.014112141642 0.0 0.0 0.0 1.0 0.0 0.0 25.0 0.0
4347.034517111052 0.0 0.0 0.0 1.0 0.0 0.0 25.0 0.0
4348.003409849712 0.0 0.0 0.0 1.0 0.0 0.0 25.0 0.0
4349.018800880491 0.0 0.0 0.0 1.0 0.0 0.0 25.0 0.0
4350.031915215288 0.0 0.0 0.0 1.0 0.0 0.0 25.0 0.0
4351.002167737198 0.0 0.0 0.0 1.0 0.0 0.0 25.0 0.0
4352.005334529442 0.0 0.0 0.0 1.0 0.0 0.0 25.0 0.0
4353.034517111052 0.0 0.0 0.0 1.0 0.0 0.0 25.0 0.0
4354.006268989894 0.0 0.0 0.0 1.0 0.0 0.0 25.0 0.0
4355.002394890487 0.0 0.0 0.0 1.0 0.0 0.0 25.0 0.0
4356.034517111052 0.0 0.0 0.0 1.0 0.0 0.0 25.0 0.0
4357.012862646134 0.0 0.0 0.0 1.0 0.0 0.0 25.0 0.0
4358.034517111052 0.0 0.0 0.0 1.0 0.0 0.0 25.0 0.0
4359.007152221905 0.0 0.0 0.0 1.0 0.0 0.0 25.0 0.0
4360.034517111052 0.0 0.0 0.0 1.0 0.0 0.0 25.0 0.0
4361.00494692967 0.0 0.0 0.0 1.0 0.0 0.0 25.0 0.0
4362.016945508161 0.0 0.0 0.0 1.0 0.0 0.0 25.0 0.0
4363.026576347377 0.0 0.0 0.0 1.0 0.0 0.0 25.0 0.0
4364.021796974916 0.0 0.0 0.0 1.0 0.0 0.0 25.0 0.0
4365.020464121504 0.0 0.0 0.0 1.0 0.0 0.0 25.0 0.0
4366.018218170982 0.0 0.0 0.0 1.0 0.0 0.0 25.0 0.0
4367.027381075073 0.0 0.0 0.0 1.0 0.0 0.0 25.0 0.0
4368.034517111052 0.0 0.0 0.0 1.0 0.0 0.0 25.0 0.0
4369.034517111052 0.0 0.0 0.0 1.0 0.0 0.0 25.0 0.0
4370.011939746504 0.0 0.0 0.0 1.0 0.0 0.0 25.0 0.0
4371.006551550093 0.0 0.0 0.0 1.0 0.0 0.0 25.0 0.0
4372.034517111052 0.0 0.0 0.0 1.0 0.0 0.0 25.0 0.0
4373.034517111052 0.0 0.0 0.0 1.0 0.0 0.0 25.0 0.0
4374.014498935352 0.0 0.0 0.0 1.0 0.0 0.0 25.0 0.0
4375.034517111052 0.0 0.0 0.0 1.0 0.0 0.0 25.0 0.0
4376.006545490373 0.0 0.0 0.0 1.0 0.0 0.0 25.0 0.0
4377.014542918471 0.0 0.0 0.0 1.0 0.0 0.0 25.0 0.0
4378.034517111052 0.0 0.0 0.0 1.0 0.0 0.0 25.0 0.0
4379.034517111052 0.0 0.0 0.0 1.0 0.0 0.0 25.0 0.0
4380.009869922712 0.0 0.0 0.0 1.0 0.0 0.0 25.0 0.0
4381.000312604399 0.0 0.0 0.0 1.0 0.0 0.0 25.0 0.0
4382.007385019548 0.0 0.0 0.0 1.0 0.0 0.0 25.0 0.0
4383.034517111052 0.0 0.0 0.0 1.0 0.0 0.0 25.0 0.0
4384.034517111052 0.0 0.0 0.0 1.0 0.0 0.0 25.0 0.0
4385.032413957825 0.0 0.0 0.0 1.0 0.0 0.0 25.0 0.0
4386.009137044539 0.0 0.0 0.0 1.0 0.0 0.0 25.0 0.0
4387.02781367634 0.0 0.0 0.0 1.0 0.0 0.0 25.0 0.0
4388.002201476337 0.0 0.0 0.0 1.0 0.0 0.0 25.0 0.0
4389.034517111052 0.0 0.0 0.0 1.0 0.0 0.0 25.0 0.0
4390.0171580323395 0.0 0.0 0.0 1.0 0.0 0.0 25.0 0.0
4391.033299868487 0.0 0.0 0.0 1.0 0.0 0.0 25.0 0.0
4392.003936642332 0.0 0.0 0.0 1.0 0.0 0.0 25.0 0.0
4393.034517111052 0.0 0.0 0.0 1.0 0.0 0.0 25.0 0.0
4394.01744694216 0.0 0.0 0.0 1.0 0.0 0.0 25.0 0.0
4395.034517111052 0.0 0.0 0.0 1.0 0.0 0.0 25.0 0.0
4396.001872897439 0.0 0.0 0.0 1.0 0.0 0.0 25.0 0.0
4397.008408150449 0.0 0.0 0.0 1.0 0.0 0.0 25.0 0.0
4398.003042415256 0.0 0.0 0.0 1.0 0.0 0.0 25.0 0.0
4399.034517111052 0.0 0.0 0.0 1.0 0.0 0.0 25.0 0.0
4400.031499550635 0.0 0.0 0.0 1.0 0.0 0.0 25.0 0.0
4401.005464521896 0.0 0.0 0.0 1.0 0.0 0.0 25.0 0.0
4402.034517111052 0.0 0.0 0.0 1.0 0.0 0.0 25.0 0.0
4403.0323140504115 0.0 0.0 0.0 1.0 0.0 0.0 25.0 0.0
4404.034517111052 0.0 0.0 0.0 1.0 0.0 0.0 25.0 0.0
4405.015066819361 0.0 0.0 0.0 1.0 0.0 0.0 25.0 0.0
4406.034517111052 0.0 0.0 0.0 1.0 0.0 0.0 25.0 0.0
4407.034517111052 0.0 0.0 0.0 1.0 0.0 0.0 25.0 0.0
4408.034517111052 0.0 0.0 0.0 1.0 0.0 0.0 25.0 0.0
4409.034517111052 0.0 0.0 0.0 1.0 0.0 0.0 25.0 0.0
4410.034517111052 0.0 0.0 0.0 1.0 0.0 0.0 25.0 0.0
4411.002292691752 0.0 0.0 0.0 1.0 0.0 0.0 25.0 0.0
4412.002740606178 0.0 0.0 0.0 1.0 0.0 0.0 25.0 0.0
4413.024252567411 0.0 0.0 0.0 1.0 0.0 0.0 25.0 0.0
4414.034517111052 0.0 0.0 0.0 1.0 0.0 0.0 25.0 0.0
4415.012880260647 0.0 0.0 0.0 1.0 0.0 0.0 25.0 0.0
4416.018700954883 0.0 0.0 0.0 1.0 0.0 0.0 25.0 0.0
4417.034517111052 0.0 0.0 0.0 1.0 0.0 0.0 25.0 0.0
4418.01232579267 0.0 0.0 0.0 1.0 0.0 0.0 25.0 0.0
4419.026250805581 0.0 0.0 0.0 1.0 0.0 0.0 25.0 0.0
4420.009675020619 0.0 0.0 0.0 1.0 0.0 0.0 25.0 0.0
4421.0327159110975 0.0 0.0 0.0 1.0 0.0 0.0 25.0 0.0
4422.034517111052 0.0 0.0 0.0 1.0 0.0 0.0 25.0 0.0
4423.005664063608 0.0 0.0 0.0 1.0 0.0 0.0 25.0 0.0
4424.034517111052 0.0 0.0 0.0 1.0 0.0 0.0 25.0 0.0
4425.013186028491 0.0 0.0 0.0 1.0 0.0 0.0 25.0 0.0
4426.034517111052 0.0 0.0 0.0 1.0 0.0 0.0 25.0 0.0
4427.000246362823 0.0 0.0 0.0 1.0 0.0 0.0 25.0 0.0
4428.006399758017 0.0 0.0 0.0 1.0 0.0 0.0 25.0 0.0
4429.034517111052 0.0 0.0 0.0 1.0 0.0 0.0 25.0 0.0
4430.001761195276 0.0 0.0 0.0 1.0 0.0 0.0 25.0 0.0
4431.001020654331 0.0 0.0 0.0 1.0 0.0 0.0 25.0 0.0
4432.004612114744 0.0 0.0 0.0 1.0 0.0 0.0 25.0 0.0
4433.012986598205 0.0 0.0 0.0 1.0 0.0 0.0 25.0 0.0
4434.013609063555 0.0 0.0 0.0 1.0 0.0 0.0 25.0 0.0
4435.034517111052 0.0 0.0 0.0 1.0 0.0 0.0 25.0 0.0
4436.010987869258 0.0 0.0 0.0 1.0 0.0 0.0 25.0 0.0
4437.017636950395 0.0 0.0 0.0 1.0 0.0 0.0 25.0 0.0
4438.025967133173 0.0 0.0 0.0 1.0 0.0 0.0 25.0 0.0
4439.000513096293 0.0 0.0 0.0 1.0 0.0 0.0 25.0 0.0
4440.034517111052 0.0 0.0 0.0 1.0 0.0 0.0 25.0 0.0
4441.034517111052 0.0 0.0 0.0 1.0 0.0 0.0 25.0 0.0
4442.004117056087 0.0 0.0 0.0 1.0 0.0 0.0 25.0 0.0
4443.030006693951 0.0 0.0 0.0 1.0 0.0 0.0 25.0 0.0
4444.029172367203 0.0 0.0 0.0 1.0 0.0 0.0 25.0 0.0
4445.02935039116 0.0 0.0 0.0 1.0 0.0 0.0 25.0 0.0
4446.006680306219 0.0 0.0 0.0 1.0 0.0 0.0 25.0 0.0
4447.016309640313 0.0 0.0 0.0 1.0 0.0 0.0 25.0 0.0
4448.008759300562 0.0 0.0 0.0 1.0 0.0 0.0 25.0 0.0
4449.017942944559 0.0 0.0 0.0 1.0 0.0 0.0 25.0 0.0
4450.0260643379725 0.0 0.0 0.0 1.0 0.0 0.0 25.0 0.0
4451.034517111052 0.0 0.0 0.0 1.0 0.0 0.0 25.0 0.0
4452.023887175722 0.0 0.0 0.0 1.0 0.0 0.0 25.0 0.0
4453.02104859844 0.0 0.0 0.0 1.0 0.0 0.0 25.0 0.0
4454.012277978629 0.0 0.0 0.0 1.0 0.0 0.0 25.0 0.0
4455.034517111052 0.0 0.0 0.0 1.0 0.0 0.0 25.0 0.0
4456.034517111052 0.0 0.0 0.0 1.0 0.0 0.0 25.0 0.0
4457.0018848942145 0.0 0.0 0.0 1.0 0.0 0.0 25.0 0.0
4458.034517111052 0.0 0.0 0.0 1.0 0.0 0.0 25.0 0.0
4459.034517111052 0.0 0.0 0.0 1.0 0.0 0.0 25.0 0.0
4460.00292449881 0.0 0.0 0.0 1.0 0.0 0.0 25.0 0.0
4461.018839946223 0.0 0.0 0.0 1.0 0.0 0.0 25.0 0.0
4462.021832837286 0.0 0.0 0.0 1.0 0.0 0.0 25.0 0.0
4463.011434858376 0.0 0.0 0.0 1.0 0.0 0.0 25.0 0.0
4464.00403475172 0.0 0.0 0.0 1.0 0.0 0.0 25.0 0.0
4465.004841214437 0.0 0.0 0.0 1.0 0.0 0.0 25.0 0.0
4466.022262369203 0.0 0.0 0.0 1.0 0.0 0.0 25.0 0.0
4467.034517111052 0.0 0.0 0.0 1.0 0.0 0.0 25.0 0.0
4468.011395928266 0.0 0.0 0.0 1.0 0.0 0.0 25.0 0.0
4469.034517111052 0.0 0.0 0.0 1.0 0.0 0.0 25.0 0.0
4470.034517111052 0.0 0.0 0.0 1.0 0.0 0.0 25.0 0.0
4471.001853390781 0.0 0.0 0.0 1.0 0.0 0.0 25.0 0.0
4472.034517111052 0.0 0.0 0.0 1.0 0.0 0.0 25.0 0.0
4473.012484800347 0.0 0.0 0.0 1.0 0.0 0.0 25.0 0.0
4474.034517111052 0.0 0.0 0.0 1.0 0.0 0.0 25.0 0.0
4475.00347223254 0.0 0.0 0.0 1.0 0.0 0.0 25.0 0.0
4476.01560933318 0.0 0.0 0.0 1.0 0.0 0.0 25.0 0.0
4477.009970025756 0.0 0.0 0.0 1.0 0.0 0.0 25.0 0.0
4478.034517111052 0.0 0.0 0.0 1.0 0.0 0.0 25.0 0.0
4479.001927062317 0.0 0.0 0.0 1.0 0.0 0.0 25.0 0.0
4480.017654483923 0.0 0.0 0.0 1.0 0.0 0.0 25.0 0.0
4481.034517111052 0.0 0.0 0.0 1.0 0.0 0.0 25.0 0.0
4482.034517111052 0.0 0.0 0.0 1.0 0.0 0.0 25.0 0.0
4483.034517111052 0.0 0.0 0.0 1.0 0.0 0.0 25.0 0.0
4484.004967619154 0.0 0.0 0.0 1.0 0.0 0.0 25.0 0.0
4485.034517111052 0.0 0.0 0.0 1.0 0.0 0.0 25.0 0.0
4486.022870525378 0.0 0.0 0.0 1.0 0.0 0.0 25.0 0.0
4487.0054086711425 0.0 0.0 0.0 1.0 0.0 0.0 25.0 0.0
4488.006926765871 0.0 0.0 0.0 1.0 0.0 0.0 25.0 0.0
4489.007484633631 0.0 0.0 0.0 1.0 0.0 0.0 25.0 0.0
4490.034517111052 0.0 0.0 0.0 1.0 0.0 0.0 25.0 0.0
4491.00359307563 0.0 0.0 0.0 1.0 0.0 0.0 25.0 0.0
4492.034517111052 0.0 0.0 0.0 1.0 0.0 0.0 25.0 0.0
4493.002815206157 0.0 0.0 0.0 1.0 0.0 0.0 25.0 0.0
4494.034517111052 0.0 0.0 0.0 1.0 0.0 0.0 25.0 0.0
4495.013591941316 0.0 0.0 0.0 1.0 0.0 0.0 25.0 0.0
4496.005735238211 0.0 0.0 0.0 1.0 0.0 0.0 25.0 0.0
4497.013134600661 0.0 0.0 0.0 1.0 0.0 0.0 25.0 0.0
4498.034517111052 0.0 0.0 0.0 1.0 0.0 0.0 25.0 0.0
4499.004414656543 0.0 0.0 0.0 1.0 0.0 0.0 25.0 0.0
4500.027059494874 0.0 0.0 0.0 1.0 0.0 0.0 25.0 0.0
4501.034517111052 0.0 0.0 0.0 1.0 0.0 0.0 25.0 0.0
4502.013101382609 0.0 0.0 0.0 1.0 0.0 0.0 25.0 0.0
4503.011627551472 0.0 0.0 0.0 1.0 0.0 0.0 25.0 0.0
4504.002149365764 0.0 0.0 0.0 1.0 0.0 0.0 25.0 0.0
4505.018221259014 0.0 0.0 0.0 1.0 0.0 0.0 25.0 0.0
4506.030437698027 0.0 0.0 0.0 1.0 0.0 0.0 25.0 0.0
4507.005915628529 0.0 0.0 0.0 1.0 0.0 0.0 25.0 0.0
4508.032067855974 0.0 0.0 0.0 1.0 0.0 0.0 25.0 0.0
4509.014628812285 0.0 0.0 0.0 1.0 0.0 0.0 25.0 0.0
4510.0062099026245 0.0 0.0 0.0 1.0 0.0 0.0 25.0 0.0
4511.023471147035 0.0 0.0 0.0 1.0 0.0 0.0 25.0 0.0
4512.016740796564 0.0 0.0 0.0 1.0 0.0 0.0 25.0 0.0
4513.00964284951 0.0 0.0 0.0 1.0 0.0 0.0 25.0 0.0
4514.034517111052 0.0 0.0 0.0 1.0 0.0 0.0 25.0 0.0
4515.005427164417 0.0 0.0 0.0 1.0 0.0 0.0 25.0 0.0
4516.034517111052 0.0 0.0 0.0 1.0 0.0 0.0 25.0 0.0
4517.017577508405 0.0 0.0 0.0 1.0 0.0 0.0 25.0 0.0
4518.003418323734 0.0 0.0 0.0 1.0 0.0 0.0 25.0 0.0
4519.023447153747 0.0 0.0 0.0 1.0 0.0 0.0 25.0 0.0
4520.001560940306 0.0 0.0 0.0 1.0 0.0 0.0 25.0 0.0
4521.017817214565 0.0 0.0 0.0 1.0 0.0 0.0 25.0 0.0
4522.02078425854 0.0 0.0 0.0 1.0 0.0 0.0 25.0 0.0
4523.010322025897 0.0 0.0 0.0 1.0 0.0 0.0 25.0 0.0
4524.017260037677 0.0 0.0 0.0 1.0 0.0 0.0 25.0 0.0
4525.007619188173 0.0 0.0 0.0 1.0 0.0 0.0 25.0 0.0
4526.034517111052 0.0 0.0 0.0 1.0 0.0 0.0 25.0 0.0
4527.034517111052 0.0 0.0 0.0 1.0 0.0 0.0 25.0 0.0
4528.034517111052 0.0 0.0 0.0 1.0 0.0 0.0 25.0 0.0
4529.034517111052 0.0 0.0 0.0 1.0 0.0 0.0 25.0 0.0
4530.034517111052 0.0 0.0 0.0 1.0 0.0 0.0 25.0 0.0
4531.010383748944 0.0 0.0 0.0 1.0 0.0 0.0 25.0 0.0
4532.017249231981 0.0 0.0 0.0 1.0 0.0 0.0 25.0 0.0
4533.034517111052 0.0 0.0 0.0 1.0 0.0 0.0 25.0 0.0
4534.018454909731 0.0 0.0 0.0 1.0 0.0 0.0 25.0 0.0
4535.002499863975 0.0 0.0 0.0 1.0 0.0 0.0 25.0 0.0
4536.034517111052 0.0 0.0 0.0 1.0 0.0 0.0 25.0 0.0
4537.029417418918 0.0 0.0 0.0 1.0 0.0 0.0 25.0 0.0
4538.009662985374 0.0 0.0 0.0 1.0 0.0 0.0 25.0 0.0
4539.024000029931 0.0 0.0 0.0 1.0 0.0 0.0 25.0 0.0
4540.025978452257 0.0 0.0 0.0 1.0 0.0 0.0 25.0 0.0
4541.034517111052 0.0 0.0 0.0 1.0 0.0 0.0 25.0 0.0
4542.034517111052 0.0 0.0 0.0 1.0 0.0 0.0 25.0 0.0
4543.000921139897 0.0 0.0 0.0 1.0 0.0 0.0 25.0 0.0
4544.034517111052 0.0 0.0 0.0 1.0 0.0 0.0 25.0 0.0
4545.010777346317 0.0 0.0 0.0 1.0 0.0 0.0 25.0 0.0
4546.017698276889 0.0 0.0 0.0 1.0 0.0 0.0 25.0 0.0
4547.007631313326 0.0 0.0 0.0 1.0 0.0 0.0 25.0 0.0
4548.019263267293 0.0 0.0 0.0 1.0 0.0 0.0 25.0 0.0
4549.018711856362 0.0 0.0 0.0 1.0 0.0 0.0 25.0 0.0
4550.011377848383 0.0 0.0 0.0 1.0 0.0 0.0 25.0 0.0
4551.032512024668 0.0 0.0 0.0 1.0 0.0 0.0 25.0 0.0
4552.0332256624515 0.0 0.0 0.0 1.0 0.0 0.0 25.0 0.0
4553.007755283732 0.0 0.0 0.0 1.0 0.0 0.0 25.0 0.0
4554.034517111052 0.0 0.0 0.0 1.0 0.0 0.0 25.0 0.0
4555.007564307244 0.0 0.0 0.0 1.0 0.0 0.0 25.0 0.0
4556.0245462653165 0.0 0.0 0.0 1.0 0.0 0.0 25.0 0.0
4557.0212820403 0.0 0.0 0.0 1.0 0.0 0.0 25.0 0.0
4558.020922143932 0.0 0.0 0.0 1.0 0.0 0.0 25.0 0.0
4559.024096251298 0.0 0.0 0.0 1.0 0.0 0.0 25.0 0.0
4560.027742522696 0.0 0.0 0.0 1.0 0.0 0.0 25.0 0.0
4561.016694801804 0.0 0.0 0.0 1.0 0.0 0.0 25.0 0.0
4562.001958578113 0.0 0.0 0.0 1.0 0.0 0.0 25.0 0.0
4563.005458388244 0.0 0.0 0.0 1.0 0.0 0.0 25.0 0.0
4564.019969327862 0.0 0.0 0.0 1.0 0.0 0.0 25.0 0.0
4565.000808468484 0.0 0.0 0.0 1.0 0.0 0.0 25.0 0.0
4566.025238504991 0.0 0.0 0.0 1.0 0.0 0.0 25.0 0.0
4567.013226301102 0.0 0.0 0.0 1.0 0.0 0.0 25.0 0.0
4568.03214202874 0.0 0.0 0.0 1.0 0.0 0.0 25.0 0.0
4569.013483978182 0.0 0.0 0.0 1.0 0.0 0.0 25.0 0.0
4570.013882722869 0.0 0.0 0.0 1.0 0.0 0.0 25.0 0.0
4571.004636358734 0.0 0.0 0.0 1.0 0.0 0.0 25.0 0.0
4572.034517111052 0.0 0.0 0.0 1.0 0.0 0.0 25.0 0.0
4573.027923437632 0.0 0.0 0.0 1.0 0.0 0.0 25.0 0.0
4574.009424492644 0.0 0.0 0.0 1.0 0.0 0.0 25.0 0.0
4575.003983266123 0.0 0.0 0.0 1.0 0.0 0.0 25.0 0.0
4576.023551437125 0.0 0.0 0.0 1.0 0.0 0.0 25.0 0.0
4577.014914250004 0.0 0.0 0.0 1.0 0.0 0.0 25.0 0.0
4578.025571597044 0.0 0.0 0.0 1.0 0.0 0.0 25.0 0.0
4579.007134813149 0.0 0.0 0.0 1.0 0.0 0.0 25.0 0.0
4580.000360777013 0.0 0.0 0.0 1.0 0.0 0.0 25.0 0.0
4581.011881318571 0.0 0.0 0.0 1.0 0.0 0.0 25.0 0.0
4582.004834928996 0.0 0.0 0.0 1.0 0.0 0.0 25.0 0.0
4583.003547961503 0.0 0.0 0.0 1.0 0.0 0.0 25.0 0.0
4584.006146919468 0.0 0.0 0.0 1.0 0.0 0.0 25.0 0.0
4585.004492892975 0.0 0.0 0.0 1.0 0.0 0.0 25.0 0.0
4586.023330233813 0.0 0.0 0.0 1.0 0.0 0.0 25.0 0.0
4587.033704065448 0.0 0.0 0.0 1.0 0.0 0.0 25.0 0.0
4588.032621835415 0.0 0.0 0.0 1.0 0.0 0.0 25.0 0.0
4589.034517111052 0.0 0.0 0.0 1.0 0.0 0.0 25.0 0.0
4590.034517111052 0.0 0.0 0.0 1.0 0.0 0.0 25.0 0.0
4591.034517111052 0.0 0.0 0.0 1.0 0.0 0.0 25.0 0.0
4592.024688741737 0.0 0.0 0.0 1.0 0.0 0.0 25.0 0.0
4593.028052515629 0.0 0.0 0.0 1.0 0.0 0.0 25.0 0.0
4594.019597774134 0.0 0.0 0.0 1.0 0.0 0.0 25.0 0.0
4595.034517111052 0.0 0.0 0.0 1.0 0.0 0.0 25.0 0.0
4596.003499844907 0.0 0.0 0.0 1.0 0.0 0.0 25.0 0.0
4597.033973330561 0.0 0.0 0.0 1.0 0.0 0.0 25.0 0.0
4598.021096752741 0.0 0.0 0.0 1.0 0.0 0.0 25.0 0.0
4599.034517111052 0.0 0.0 0.0 1.0 0.0 0.0 25.0 0.0
4600.016896957381 0.0 0.0 0.0 1.0 0.0 0.0 25.0 0.0
#####################################################################
# End of data export. Simulation finished at: 2026-01-30T11:27+0000 #
#####################################################################
