#####################################################################
# Alchemist log file - simulation started at: 2026-01-25T11:08+0000 #
#####################################################################
#
# seed = 113.0, connection_range_percentage = 0.25, variability = 5.0, history_length = 1200
#
# The columns have the following meaning: 
# time wandering[mean] defending[mean] solving[mean] wait[mean] attacked[max] alarm[max] historySize[mean] disagreementRate 
0.0 NaN NaN NaN NaN 0.0 0.0 NaN 0.0
0.0 0.0 0.0 0.0 1.0 0.0 0.0 2.0 0.0
1.0138456643660851 0.0 0.0 0.0 1.0 0.0 0.0 2.325 0.0
2.013845664366085 0.0 0.0 0.0 1.0 0.0 0.0 2.95 0.0
3.0106751601414588 0.0 0.0 0.0 1.0 0.0 0.0 3.0 0.0
4.013845664366086 0.0 0.0 0.0 1.0 0.0 0.0 3.0 0.0
5.013845664366086 0.0 0.0 0.0 1.0 0.0 0.0 3.0 0.0
6.013845664366086 0.0 0.0 0.0 1.0 0.0 0.0 3.0 0.0
7.013845664366086 0.0 0.0 0.0 1.0 0.0 0.0 3.0 0.0
8.013845664366086 0.0 0.0 0.0 1.0 0.0 0.0 3.0 0.0
9.010656630716388 0.0 0.0 0.0 1.0 0.0 0.0 3.0 0.0
10.013845664366086 0.0 0.0 0.0 1.0 0.0 0.0 3.0 0.0
11.013845664366086 0.0 0.0 0.0 1.0 0.0 0.0 3.0 0.0
12.013845664366086 0.0 0.0 0.0 1.0 0.0 0.0 3.0 0.0
13.013845664366086 0.0 0.0 0.0 1.0 0.0 0.0 3.0 0.0
14.013845664366086 0.0 0.0 0.0 1.0 0.0 0.0 3.0 0.0
15.013845664366086 0.0 0.0 0.0 1.0 0.0 0.0 3.0 0.0
16.013845664366087 0.0 0.0 0.0 1.0 0.0 0.0 3.0 0.0
17.013845664366087 0.0 0.0 0.0 1.0 0.0 0.0 3.0 0.0
18.007131021406526 0.0 0.0 0.0 1.0 0.0 0.0 3.0 0.0
19.013845664366087 0.0 0.0 0.0 1.0 0.0 0.0 3.0 0.0
20.00234549626651 0.0 0.0 0.0 1.0 0.0 0.0 3.0 0.0
21.00685484121013 0.0 0.0 0.0 1.0 0.0 0.0 3.0 0.0
22.013845664366087 0.0 0.0 0.0 1.0 0.0 0.0 3.0 0.0
23.01027925564752 0.0 0.0 0.0 1.0 0.0 0.0 3.0 0.0
24.00525771437734 0.0 0.0 0.0 1.0 0.0 0.0 3.0 0.0
25.013845664366087 0.0 0.0 0.0 1.0 0.0 0.0 3.0 0.0
26.00738792895583 0.0 0.0 0.0 1.0 0.0 0.0 3.0 0.0
27.00687763310546 0.0 0.0 0.0 1.0 0.0 0.0 3.0 0.0
28.0086035489981 0.0 0.0 0.0 1.0 0.0 0.0 3.0 0.0
29.013845664366087 0.0 0.0 0.0 1.0 0.0 0.0 3.0 0.0
30.012280748493474 0.0 0.0 0.0 1.0 0.0 0.0 3.0 0.0
31.013845664366087 0.0 0.0 0.0 1.0 0.0 0.0 3.0 0.0
32.01384566436609 0.0 0.0 0.0 1.0 0.0 0.0 3.0 0.0
33.00716686933912 0.0 0.0 0.0 1.0 0.0 0.0 3.0 0.0
34.00311850856566 0.0 0.0 0.0 1.0 0.0 0.0 3.0 0.0
35.01384566436609 0.0 0.0 0.0 1.0 0.0 0.0 3.0 0.0
36.01384566436609 0.0 0.0 0.0 1.0 0.0 0.0 3.0 0.0
37.00411584050507 0.0 0.0 0.0 1.0 0.0 0.0 3.0 0.0
38.01384566436609 0.0 0.0 0.0 1.0 0.0 0.0 3.0 0.0
39.01384566436609 0.0 0.0 0.0 1.0 0.0 0.0 3.0 0.0
40.01384566436609 0.0 0.0 0.0 1.0 0.0 0.0 3.0 0.0
41.007685005938924 0.0 0.0 0.0 1.0 0.0 0.0 3.0 0.0
42.00454684372499 0.0 0.0 0.0 1.0 0.0 0.0 3.0 0.0
43.01246966413695 0.0 0.0 0.0 1.0 0.0 0.0 3.0 0.0
44.004587012176074 0.0 0.0 0.0 1.0 0.0 0.0 3.0 0.0
45.01384566436609 0.0 0.0 0.0 1.0 0.0 0.0 3.0 0.0
46.01384566436609 0.0 0.0 0.0 1.0 0.0 0.0 3.0 0.0
47.01384566436609 0.0 0.0 0.0 1.0 0.0 0.0 3.0 0.0
48.01384566436609 0.0 0.0 0.0 1.0 0.0 0.0 3.0 0.0
49.01384566436609 0.0 0.0 0.0 1.0 0.0 0.0 3.0 0.0
50.01384566436609 0.0 0.0 0.0 1.0 0.0 0.0 3.0 0.0
51.00811624169048 0.0 0.0 0.0 1.0 0.0 0.0 3.0 0.0
52.0121255882815 0.0 0.0 0.0 1.0 0.0 0.0 3.0 0.0
53.005025103375715 0.0 0.0 0.0 1.0 0.0 0.0 3.0 0.0
54.01384566436609 0.0 0.0 0.0 1.0 0.0 0.0 3.0 0.0
55.01384566436609 0.0 0.0 0.0 1.0 0.0 0.0 3.0 0.0
56.01384566436609 0.0 0.0 0.0 1.0 0.0 0.0 3.0 0.0
57.00829495135981 0.0 0.0 0.0 1.0 0.0 0.0 3.0 0.0
58.01384566436609 0.0 0.0 0.0 1.0 0.0 0.0 3.0 0.0
59.01384566436609 0.0 0.0 0.0 1.0 0.0 0.0 3.0 0.0
60.01384566436609 0.0 0.0 0.0 1.0 0.0 0.0 3.0 0.0
61.00242800057336 0.0 0.0 0.0 1.0 0.0 0.0 3.0 0.0
62.01384566436609 0.0 0.0 0.0 1.0 0.0 0.0 3.0 0.0
63.01384566436609 0.0 0.0 0.0 1.0 0.0 0.0 3.0 0.0
64.01384566436609 0.0 0.0 0.0 1.0 0.0 0.0 3.0 0.0
65.01384566436609 0.0 0.0 0.0 1.0 0.0 0.0 3.0 0.0
66.0064754046772 0.0 0.0 0.0 1.0 0.0 0.0 3.0 0.0
67.01384566436609 0.0 0.0 0.0 1.0 0.0 0.0 3.0 0.0
68.01384566436609 0.0 0.0 0.0 1.0 0.0 0.0 3.0 0.0
69.01384566436609 0.0 0.0 0.0 1.0 0.0 0.0 3.0 0.0
70.01384566436609 0.0 0.0 0.0 1.0 0.0 0.0 3.0 0.0
71.00213772108367 0.0 0.0 0.0 1.0 0.0 0.0 3.0 0.0
72.0062370705276 0.0 0.0 0.0 1.0 0.0 0.0 3.0 0.0
73.01256578303216 0.0 0.0 0.0 1.0 0.0 0.0 3.0 0.0
74.01384566436609 0.0 0.0 0.0 1.0 0.0 0.0 3.0 0.0
75.01384566436609 0.0 0.0 0.0 1.0 0.0 0.0 3.0 0.0
76.01384566436609 0.0 0.0 0.0 1.0 0.0 0.0 3.0 0.0
77.00908227751306 0.0 0.0 0.0 1.0 0.0 0.0 3.0 0.0
78.01384566436609 0.0 0.0 0.0 1.0 0.0 0.0 3.0 0.0
79.01384566436609 0.0 0.0 0.0 1.0 0.0 0.0 3.0 0.0
80.0022369814011 0.0 0.0 0.0 1.0 0.0 0.0 3.0 0.0
81.01384566436609 0.0 0.0 0.0 1.0 0.0 0.0 3.0 0.0
82.01104148348463 0.0 0.0 0.0 1.0 0.0 0.0 3.0 0.0
83.01384566436609 0.0 0.0 0.0 1.0 0.0 0.0 3.0 0.0
84.01384566436609 0.0 0.0 0.0 1.0 0.0 0.0 3.0 0.0
85.00969887088914 0.0 0.0 0.0 1.0 0.0 0.0 3.0 0.0
86.01384566436609 0.0 0.0 0.0 1.0 0.0 0.0 3.0 0.0
87.00388122518223 0.0 0.0 0.0 1.0 0.0 0.0 3.0 0.0
88.00016768253954 0.0 0.0 0.0 1.0 0.0 0.0 3.0 0.0
89.01384566436609 0.0 0.0 0.0 1.0 0.0 0.0 3.0 0.0
90.01328920340792 0.0 0.0 0.0 1.0 0.0 0.0 3.0 0.0
91.01384566436609 0.0 0.0 0.0 1.0 0.0 0.0 3.0 0.0
92.01384566436609 0.0 0.0 0.0 1.0 0.0 0.0 3.0 0.0
93.00903193226203 0.0 0.0 0.0 1.0 0.0 0.0 3.0 0.0
94.01384566436609 0.0 0.0 0.0 1.0 0.0 0.0 3.0 0.0
95.00476449471518 0.0 0.0 0.0 1.0 0.0 0.0 3.0 0.0
96.0025634262887 0.0 0.0 0.0 1.0 0.0 0.0 3.0 0.0
97.01384566436609 0.0 0.0 0.0 1.0 0.0 0.0 3.0 0.0
98.01384566436609 0.0 0.0 0.0 1.0 0.0 0.0 3.0 0.0
99.00454046309662 0.0 0.0 0.0 1.0 0.0 0.0 3.0 0.0
100.00342134925368 0.0 0.0 0.0 1.0 0.0 0.0 3.0 0.0
101.01384566436609 0.0 0.0 0.0 1.0 0.0 0.0 3.0 0.0
102.01384566436609 0.0 0.0 0.0 1.0 0.0 0.0 3.0 0.0
103.01384566436609 0.0 0.0 0.0 1.0 0.0 0.0 3.0 0.0
104.00961108610731 0.0 0.0 0.0 1.0 0.0 0.0 3.0 0.0
105.01384566436609 0.0 0.0 0.0 1.0 0.0 0.0 3.0 0.0
106.00372705906027 0.0 0.0 0.0 1.0 0.0 0.0 3.0 0.0
107.00245489522987 0.0 0.0 0.0 1.0 0.0 0.0 3.0 0.0
108.01384566436609 0.0 0.0 0.0 1.0 0.0 0.0 3.0 0.0
109.00072405994887 0.0 0.0 0.0 1.0 0.0 0.0 3.0 0.0
110.01384566436609 0.0 0.0 0.0 1.0 0.0 0.0 3.0 0.0
111.01384566436609 0.0 0.0 0.0 1.0 0.0 0.0 3.0 0.0
112.00094890521791 0.0 0.0 0.0 1.0 0.0 0.0 3.0 0.0
113.00733322937235 0.0 0.0 0.0 1.0 0.0 0.0 3.0 0.0
114.01384566436609 0.0 0.0 0.0 1.0 0.0 0.0 3.0 0.0
115.01384566436609 0.0 0.0 0.0 1.0 0.0 0.0 3.0 0.0
116.00327960492714 0.0 0.0 0.0 1.0 0.0 0.0 3.0 0.0
117.01384566436609 0.0 0.0 0.0 1.0 0.0 0.0 3.0 0.0
118.00621187003658 0.0 0.0 0.0 1.0 0.0 0.0 3.0 0.0
119.01384566436609 0.0 0.0 0.0 1.0 0.0 0.0 3.0 0.0
120.0071748451112 0.0 0.0 0.0 1.0 0.0 0.0 3.0 0.0
121.01384566436609 0.0 0.0 0.0 1.0 0.0 0.0 3.0 0.0
122.01384566436609 0.0 0.0 0.0 1.0 0.0 0.0 3.0 0.0
123.01384566436609 0.0 0.0 0.0 1.0 0.0 0.0 3.0 0.0
124.01384566436609 0.0 0.0 0.0 1.0 0.0 0.0 3.0 0.0
125.01384566436609 0.0 0.0 0.0 1.0 0.0 0.0 3.0 0.0
126.01384566436609 0.0 0.0 0.0 1.0 0.0 0.0 3.0 0.0
127.00513273530275 0.0 0.0 0.0 1.0 0.0 0.0 3.0 0.0
128.01065947861136 0.0 0.0 0.0 1.0 0.0 0.0 3.0 0.0
129.0138456643661 0.0 0.0 0.0 1.0 0.0 0.0 3.0 0.0
130.0138456643661 0.0 0.0 0.0 1.0 0.0 0.0 3.0 0.0
131.0138456643661 0.0 0.0 0.0 1.0 0.0 0.0 3.0 0.0
132.00262265094602 0.0 0.0 0.0 1.0 0.0 0.0 3.0 0.0
133.0138456643661 0.0 0.0 0.0 1.0 0.0 0.0 3.0 0.0
134.0138456643661 0.0 0.0 0.0 1.0 0.0 0.0 3.0 0.0
135.0138456643661 0.0 0.0 0.0 1.0 0.0 0.0 3.0 0.0
136.0138456643661 0.0 0.0 0.0 1.0 0.0 0.0 3.0 0.0
137.0138456643661 0.0 0.0 0.0 1.0 0.0 0.0 3.0 0.0
138.00104265826315 0.0 0.0 0.0 1.0 0.0 0.0 3.0 0.0
139.0138456643661 0.0 0.0 0.0 1.0 0.0 0.0 3.0 0.0
140.0043786021979 0.0 0.0 0.0 1.0 0.0 0.0 3.0 0.0
141.0106628366731 0.0 0.0 0.0 1.0 0.0 0.0 3.0 0.0
142.000127924941 0.0 0.0 0.0 1.0 0.0 0.0 3.0 0.0
143.0138456643661 0.0 0.0 0.0 1.0 0.0 0.0 3.0 0.0
144.00350843667567 0.0 0.0 0.0 1.0 0.0 0.0 3.0 0.0
145.0138456643661 0.0 0.0 0.0 1.0 0.0 0.0 3.0 0.0
146.0138456643661 0.0 0.0 0.0 1.0 0.0 0.0 3.0 0.0
147.00997651900894 0.0 0.0 0.0 1.0 0.0 0.0 3.0 0.0
148.00261237320086 0.0 0.0 0.0 1.0 0.0 0.0 3.0 0.0
149.0138456643661 0.0 0.0 0.0 1.0 0.0 0.0 3.0 0.0
150.0138456643661 0.0 0.0 0.0 1.0 0.0 0.0 3.0 0.0
151.0138456643661 0.0 0.0 0.0 1.0 0.0 0.0 3.0 0.0
152.0138456643661 0.0 0.0 0.0 1.0 0.0 0.0 3.0 0.0
153.0138456643661 0.0 0.0 0.0 1.0 0.0 0.0 3.0 0.0
154.0009708632113 0.0 0.0 0.0 1.0 0.0 0.0 3.0 0.0
155.0138456643661 0.0 0.0 0.0 1.0 0.0 0.0 3.0 0.0
156.0138456643661 0.0 0.0 0.0 1.0 0.0 0.0 3.0 0.0
157.00069771029519 0.0 0.0 0.0 1.0 0.0 0.0 3.0 0.0
158.0138456643661 0.0 0.0 0.0 1.0 0.0 0.0 3.0 0.0
159.0138456643661 0.0 0.0 0.0 1.0 0.0 0.0 3.0 0.0
160.0138456643661 0.0 0.0 0.0 1.0 0.0 0.0 3.0 0.0
161.0138456643661 0.0 0.0 0.0 1.0 0.0 0.0 3.0 0.0
162.0138456643661 0.0 0.0 0.0 1.0 0.0 0.0 3.0 0.0
163.0138456643661 0.0 0.0 0.0 1.0 0.0 0.0 3.0 0.0
164.0138456643661 0.0 0.0 0.0 1.0 0.0 0.0 3.0 0.0
165.0138456643661 0.0 0.0 0.0 1.0 0.0 0.0 3.0 0.0
166.0138456643661 0.0 0.0 0.0 1.0 0.0 0.0 3.0 0.0
167.0138456643661 0.0 0.0 0.0 1.0 0.0 0.0 3.0 0.0
168.0138456643661 0.0 0.0 0.0 1.0 0.0 0.0 3.0 0.0
169.00675744586815 0.0 0.0 0.0 1.0 0.0 0.0 3.0 0.0
170.00096038074534 0.0 0.0 0.0 1.0 0.0 0.0 3.0 0.0
171.0138456643661 0.0 0.0 0.0 1.0 0.0 0.0 3.0 0.0
172.0035058525195 0.0 0.0 0.0 1.0 0.0 0.0 3.0 0.0
173.00609264843308 0.0 0.0 0.0 1.0 0.0 0.0 3.0 0.0
174.01054623522737 0.0 0.0 0.0 1.0 0.0 0.0 3.0 0.0
175.01051803456582 0.0 0.0 0.0 1.0 0.0 0.0 3.0 0.0
176.0138456643661 0.0 0.0 0.0 1.0 0.0 0.0 3.0 0.0
177.011139788419 0.0 0.0 0.0 1.0 0.0 0.0 3.0 0.0
178.0138456643661 0.0 0.0 0.0 1.0 0.0 0.0 3.0 0.0
179.01099945535728 0.0 0.0 0.0 1.0 0.0 0.0 3.0 0.0
180.00880770897984 0.0 0.0 0.0 1.0 0.0 0.0 3.0 0.0
181.0138456643661 0.0 0.0 0.0 1.0 0.0 0.0 3.0 0.0
182.0107307248699 0.0 0.0 0.0 1.0 0.0 0.0 3.0 0.0
183.00967445919824 0.0 0.0 0.0 1.0 0.0 0.0 3.0 0.0
184.0138456643661 0.0 0.0 0.0 1.0 0.0 0.0 3.0 0.0
185.009143739652 0.0 0.0 0.0 1.0 0.0 0.0 3.0 0.0
186.0138456643661 0.0 0.0 0.0 1.0 0.0 0.0 3.0 0.0
187.0138456643661 0.0 0.0 0.0 1.0 0.0 0.0 3.0 0.0
188.0040527590697 0.0 0.0 0.0 1.0 0.0 0.0 3.0 0.0
189.0138456643661 0.0 0.0 0.0 1.0 0.0 0.0 3.0 0.0
190.0138456643661 0.0 0.0 0.0 1.0 0.0 0.0 3.0 0.0
191.0138456643661 0.0 0.0 0.0 1.0 0.0 0.0 3.0 0.0
192.0138456643661 0.0 0.0 0.0 1.0 0.0 0.0 3.0 0.0
193.0138456643661 0.0 0.0 0.0 1.0 0.0 0.0 3.0 0.0
194.0138456643661 0.0 0.0 0.0 1.0 0.0 0.0 3.0 0.0
195.0005741323111 0.0 0.0 0.0 1.0 0.0 0.0 3.0 0.0
196.0138456643661 0.0 0.0 0.0 1.0 0.0 0.0 3.0 0.0
197.0138456643661 0.0 0.0 0.0 1.0 0.0 0.0 3.0 0.0
198.0138456643661 0.0 0.0 0.0 1.0 0.0 0.0 3.0 0.0
199.00248326193392 0.0 0.0 0.0 1.0 0.0 0.0 3.0 0.0
200.0138456643661 0.0 0.0 0.0 1.0 0.0 0.0 3.0 0.0
201.0138456643661 0.0 0.0 0.0 1.0 0.0 0.0 3.0 0.0
202.0138456643661 0.0 0.0 0.0 1.0 0.0 0.0 3.0 0.0
203.0138456643661 0.0 0.0 0.0 1.0 0.0 0.0 3.0 0.0
204.0138456643661 0.0 0.0 0.0 1.0 0.0 0.0 3.0 0.0
205.0138456643661 0.0 0.0 0.0 1.0 0.0 0.0 3.0 0.0
206.0138456643661 0.0 0.0 0.0 1.0 0.0 0.0 3.0 0.0
207.00333735660087 0.0 0.0 0.0 1.0 0.0 0.0 3.0 0.0
208.0138456643661 0.0 0.0 0.0 1.0 0.0 0.0 3.0 0.0
209.00857929989593 0.0 0.0 0.0 1.0 0.0 0.0 3.0 0.0
210.0138456643661 0.0 0.0 0.0 1.0 0.0 0.0 3.0 0.0
211.0138456643661 0.0 0.0 0.0 1.0 0.0 0.0 3.0 0.0
212.0138456643661 0.0 0.0 0.0 1.0 0.0 0.0 3.0 0.0
213.0138456643661 0.0 0.0 0.0 1.0 0.0 0.0 3.0 0.0
214.0138456643661 0.0 0.0 0.0 1.0 0.0 0.0 3.0 0.0
215.0138456643661 0.0 0.0 0.0 1.0 0.0 0.0 3.0 0.0
216.00425292436685 0.0 0.0 0.0 1.0 0.0 0.0 3.0 0.0
217.0138456643661 0.0 0.0 0.0 1.0 0.0 0.0 3.0 0.0
218.005880137753 0.0 0.0 0.0 1.0 0.0 0.0 3.0 0.0
219.0138456643661 0.0 0.0 0.0 1.0 0.0 0.0 3.0 0.0
220.0138456643661 0.0 0.0 0.0 1.0 0.0 0.0 3.0 0.0
221.00433153452263 0.0 0.0 0.0 1.0 0.0 0.0 3.0 0.0
222.0138456643661 0.0 0.0 0.0 1.0 0.0 0.0 3.0 0.0
223.0138456643661 0.0 0.0 0.0 1.0 0.0 0.0 3.0 0.0
224.0138456643661 0.0 0.0 0.0 1.0 0.0 0.0 3.0 0.0
225.0138456643661 0.0 0.0 0.0 1.0 0.0 0.0 3.0 0.0
226.0138456643661 0.0 0.0 0.0 1.0 0.0 0.0 3.0 0.0
227.01192147843466 0.0 0.0 0.0 1.0 0.0 0.0 3.0 0.0
228.0138456643661 0.0 0.0 0.0 1.0 0.0 0.0 3.0 0.0
229.0138456643661 0.0 0.0 0.0 1.0 0.0 0.0 3.0 0.0
230.00089753317926 0.0 0.0 0.0 1.0 0.0 0.0 3.0 0.0
231.0138456643661 0.0 0.0 0.0 1.0 0.0 0.0 3.0 0.0
232.00428812663313 0.0 0.0 0.0 1.0 0.0 0.0 3.0 0.0
233.0138456643661 0.0 0.0 0.0 1.0 0.0 0.0 3.0 0.0
234.00794679602257 0.0 0.0 0.0 1.0 0.0 0.0 3.0 0.0
235.00773677770997 0.0 0.0 0.0 1.0 0.0 0.0 3.0 0.0
236.0138456643661 0.0 0.0 0.0 1.0 0.0 0.0 3.0 0.0
237.0138456643661 0.0 0.0 0.0 1.0 0.0 0.0 3.0 0.0
238.0117088385761 0.0 0.0 0.0 1.0 0.0 0.0 3.0 0.0
239.0138456643661 0.0 0.0 0.0 1.0 0.0 0.0 3.0 0.0
240.0138456643661 0.0 0.0 0.0 1.0 0.0 0.0 3.0 0.0
241.0138456643661 0.0 0.0 0.0 1.0 0.0 0.0 3.0 0.0
242.00911214439765 0.0 0.0 0.0 1.0 0.0 0.0 3.0 0.0
243.0138456643661 0.0 0.0 0.0 1.0 0.0 0.0 3.0 0.0
244.0138456643661 0.0 0.0 0.0 1.0 0.0 0.0 3.0 0.0
245.00810892221799 0.0 0.0 0.0 1.0 0.0 0.0 3.0 0.0
246.01236275274084 0.0 0.0 0.0 1.0 0.0 0.0 3.0 0.0
247.0138456643661 0.0 0.0 0.0 1.0 0.0 0.0 3.0 0.0
248.0138456643661 0.0 0.0 0.0 1.0 0.0 0.0 3.0 0.0
249.00199578234617 0.0 0.0 0.0 1.0 0.0 0.0 3.0 0.0
250.0138456643661 0.0 0.0 0.0 1.0 0.0 0.0 3.0 0.0
251.0138456643661 0.0 0.0 0.0 1.0 0.0 0.0 3.0 0.0
252.00822254715928 0.0 0.0 0.0 1.0 0.0 0.0 3.0 0.0
253.0138456643661 0.0 0.0 0.0 1.0 0.0 0.0 3.0 0.0
254.00550020336212 0.0 0.0 0.0 1.0 0.0 0.0 3.0 0.0
255.0138456643661 0.0 0.0 0.0 1.0 0.0 0.0 3.0 0.0
256.0026978314671 0.0 0.0 0.0 1.0 0.0 0.0 3.0 0.0
257.0138456643661 0.0 0.0 0.0 1.0 0.0 0.0 3.0 0.0
258.0138456643661 0.0 0.0 0.0 1.0 0.0 0.0 3.0 0.0
259.0138456643661 0.0 0.0 0.0 1.0 0.0 0.0 3.0 0.0
260.0138456643661 0.0 0.0 0.0 1.0 0.0 0.0 3.0 0.0
261.0138456643661 0.0 0.0 0.0 1.0 0.0 0.0 3.0 0.0
262.0084965015901 0.0 0.0 0.0 1.0 0.0 0.0 3.0 0.0
263.00643461612395 0.0 0.0 0.0 1.0 0.0 0.0 3.0 0.0
264.0138456643661 0.0 0.0 0.0 1.0 0.0 0.0 3.0 0.0
265.0011646960859 0.0 0.0 0.0 1.0 0.0 0.0 3.0 0.0
266.0138456643661 0.0 0.0 0.0 1.0 0.0 0.0 3.0 0.0
267.0132356838648 0.0 0.0 0.0 1.0 0.0 0.0 3.0 0.0
268.0138456643661 0.0 0.0 0.0 1.0 0.0 0.0 3.0 0.0
269.0138456643661 0.0 0.0 0.0 1.0 0.0 0.0 3.0 0.0
270.0138456643661 0.0 0.0 0.0 1.0 0.0 0.0 3.0 0.0
271.0095790784377 0.0 0.0 0.0 1.0 0.0 0.0 3.0 0.0
272.0134507615644 0.0 0.0 0.0 1.0 0.0 0.0 3.0 0.0
273.0138456643661 0.0 0.0 0.0 1.0 0.0 0.0 3.0 0.0
274.0033737412354 0.0 0.0 0.0 1.0 0.0 0.0 3.0 0.0
275.00427962278945 0.0 0.0 0.0 1.0 0.0 0.0 3.0 0.0
276.00655725200846 0.0 0.0 0.0 1.0 0.0 0.0 3.0 0.0
277.0138456643661 0.0 0.0 0.0 1.0 0.0 0.0 3.0 0.0
278.0138456643661 0.0 0.0 0.0 1.0 0.0 0.0 3.0 0.0
279.0138456643661 0.0 0.0 0.0 1.0 0.0 0.0 3.0 0.0
280.0138456643661 0.0 0.0 0.0 1.0 0.0 0.0 3.0 0.0
281.0138456643661 0.0 0.0 0.0 1.0 0.0 0.0 3.0 0.0
282.00829795747427 0.0 0.0 0.0 1.0 0.0 0.0 3.0 0.0
283.0138456643661 0.0 0.0 0.0 1.0 0.0 0.0 3.0 0.0
284.00690158876085 0.0 0.0 0.0 1.0 0.0 0.0 3.0 0.0
285.0138456643661 0.0 0.0 0.0 1.0 0.0 0.0 3.0 0.0
286.00215706540416 0.0 0.0 0.0 1.0 0.0 0.0 3.0 0.0
287.0041081201141 0.0 0.0 0.0 1.0 0.0 0.0 3.0 0.0
288.0138456643661 0.0 0.0 0.0 1.0 0.0 0.0 3.0 0.0
289.00633088629854 0.0 0.0 0.0 1.0 0.0 0.0 3.0 0.0
290.0138456643661 0.0 0.0 0.0 1.0 0.0 0.0 3.0 0.0
291.0138456643661 0.0 0.0 0.0 1.0 0.0 0.0 3.0 0.0
292.0138456643661 0.0 0.0 0.0 1.0 0.0 0.0 3.0 0.0
293.0138456643661 0.0 0.0 0.0 1.0 0.0 0.0 3.0 0.0
294.0138456643661 0.0 0.0 0.0 1.0 0.0 0.0 3.0 0.0
295.0138456643661 0.0 0.0 0.0 1.0 0.0 0.0 3.0 0.0
296.01033739303597 0.0 0.0 0.0 1.0 0.0 0.0 3.0 0.0
297.0138456643661 0.0 0.0 0.0 1.0 0.0 0.0 3.0 0.0
298.0001045597122 0.0 0.0 0.0 1.0 0.0 0.0 3.0 0.0
299.0138456643661 0.0 0.0 0.0 1.0 0.0 0.0 3.0 0.0
300.0138456643661 0.0 0.0 0.0 1.0 0.0 0.0 3.0 0.0
301.0138456643661 0.0 0.0 0.0 1.0 0.0 0.0 3.0 0.0
302.0138456643661 0.0 0.0 0.0 1.0 0.0 0.0 3.0 0.0
303.0138456643661 0.0 0.0 0.0 1.0 0.0 0.0 3.0 0.0
304.0115408342681 0.0 0.0 0.0 1.0 0.0 0.0 3.0 0.0
305.0072148227158 0.0 0.0 0.0 1.0 0.0 0.0 3.0 0.0
306.0138456643661 0.0 0.0 0.0 1.0 0.0 0.0 3.0 0.0
307.0138456643661 0.0 0.0 0.0 1.0 0.0 0.0 3.0 0.0
308.0138456643661 0.0 0.0 0.0 1.0 0.0 0.0 3.0 0.0
309.0138456643661 0.0 0.0 0.0 1.0 0.0 0.0 3.0 0.0
310.0101494006543 0.0 0.0 0.0 1.0 0.0 0.0 3.0 0.0
311.0138456643661 0.0 0.0 0.0 1.0 0.0 0.0 3.0 0.0
312.0138456643661 0.0 0.0 0.0 1.0 0.0 0.0 3.0 0.0
313.0138456643661 0.0 0.0 0.0 1.0 0.0 0.0 3.0 0.0
314.0138456643661 0.0 0.0 0.0 1.0 0.0 0.0 3.0 0.0
315.0039558533818 0.0 0.0 0.0 1.0 0.0 0.0 3.0 0.0
316.0138456643661 0.0 0.0 0.0 1.0 0.0 0.0 3.0 0.0
317.00896141146796 0.0 0.0 0.0 1.0 0.0 0.0 3.0 0.0
318.0138456643661 0.0 0.0 0.0 1.0 0.0 0.0 3.0 0.0
319.0138456643661 0.0 0.0 0.0 1.0 0.0 0.0 3.0 0.0
320.0138456643661 0.0 0.0 0.0 1.0 0.0 0.0 3.0 0.0
321.0020735049793 0.0 0.0 0.0 1.0 0.0 0.0 3.0 0.0
322.0138456643661 0.0 0.0 0.0 1.0 0.0 0.0 3.0 0.0
323.0138456643661 0.0 0.0 0.0 1.0 0.0 0.0 3.0 0.0
324.0138456643661 0.0 0.0 0.0 1.0 0.0 0.0 3.0 0.0
325.01269852441476 0.0 0.0 0.0 1.0 0.0 0.0 3.0 0.0
326.00730091353046 0.0 0.0 0.0 1.0 0.0 0.0 3.0 0.0
327.0138456643661 0.0 0.0 0.0 1.0 0.0 0.0 3.0 0.0
328.0138456643661 0.0 0.0 0.0 1.0 0.0 0.0 3.0 0.0
329.00916673847894 0.0 0.0 0.0 1.0 0.0 0.0 3.0 0.0
330.0046354888553 0.0 0.0 0.0 1.0 0.0 0.0 3.0 0.0
331.0016397408762 0.0 0.0 0.0 1.0 0.0 0.0 3.0 0.0
332.0041837215621 0.0 0.0 0.0 1.0 0.0 0.0 3.0 0.0
333.0138456643661 0.0 0.0 0.0 1.0 0.0 0.0 3.0 0.0
334.0138456643661 0.0 0.0 0.0 1.0 0.0 0.0 3.0 0.0
335.0138456643661 0.0 0.0 0.0 1.0 0.0 0.0 3.0 0.0
336.0138456643661 0.0 0.0 0.0 1.0 0.0 0.0 3.0 0.0
337.0138456643661 0.0 0.0 0.0 1.0 0.0 0.0 3.0 0.0
338.0108167992695 0.0 0.0 0.0 1.0 0.0 0.0 3.0 0.0
339.0108327484228 0.0 0.0 0.0 1.0 0.0 0.0 3.0 0.0
340.0138456643661 0.0 0.0 0.0 1.0 0.0 0.0 3.0 0.0
341.0138456643661 0.0 0.0 0.0 1.0 0.0 0.0 3.0 0.0
342.0110690124934 0.0 0.0 0.0 1.0 0.0 0.0 3.0 0.0
343.0138456643661 0.0 0.0 0.0 1.0 0.0 0.0 3.0 0.0
344.0045703521047 0.0 0.0 0.0 1.0 0.0 0.0 3.0 0.0
345.0138456643661 0.0 0.0 0.0 1.0 0.0 0.0 3.0 0.0
346.0138456643661 0.0 0.0 0.0 1.0 0.0 0.0 3.0 0.0
347.0138456643661 0.0 0.0 0.0 1.0 0.0 0.0 3.0 0.0
348.01229291065334 0.0 0.0 0.0 1.0 0.0 0.0 3.0 0.0
349.0076963305037 0.0 0.0 0.0 1.0 0.0 0.0 3.0 0.0
350.00533753717787 0.0 0.0 0.0 1.0 0.0 0.0 3.0 0.0
351.0138456643661 0.0 0.0 0.0 1.0 0.0 0.0 3.0 0.0
352.0133688678421 0.0 0.0 0.0 1.0 0.0 0.0 3.0 0.0
353.0138456643661 0.0 0.0 0.0 1.0 0.0 0.0 3.0 0.0
354.0138456643661 0.0 0.0 0.0 1.0 0.0 0.0 3.0 0.0
355.0138456643661 0.0 0.0 0.0 1.0 0.0 0.0 3.0 0.0
356.0138456643661 0.0 0.0 0.0 1.0 0.0 0.0 3.0 0.0
357.0138456643661 0.0 0.0 0.0 1.0 0.0 0.0 3.0 0.0
358.0138456643661 0.0 0.0 0.0 1.0 0.0 0.0 3.0 0.0
359.0138456643661 0.0 0.0 0.0 1.0 0.0 0.0 3.0 0.0
360.00947610953244 0.0 0.0 0.0 1.0 0.0 0.0 3.0 0.0
361.0030834679861 0.0 0.0 0.0 1.0 0.0 0.0 3.0 0.0
362.0138456643661 0.0 0.0 0.0 1.0 0.0 0.0 3.0 0.0
363.0138456643661 0.0 0.0 0.0 1.0 0.0 0.0 3.0 0.0
364.00980487422333 0.0 0.0 0.0 1.0 0.0 0.0 3.0 0.0
365.0138456643661 0.0 0.0 0.0 1.0 0.0 0.0 3.0 0.0
366.0138456643661 0.0 0.0 0.0 1.0 0.0 0.0 3.0 0.0
367.00485009741493 0.0 0.0 0.0 1.0 0.0 0.0 3.0 0.0
368.0138456643661 0.0 0.0 0.0 1.0 0.0 0.0 3.0 0.0
369.0093673416073 0.0 0.0 0.0 1.0 0.0 0.0 3.0 0.0
370.0138456643661 0.0 0.0 0.0 1.0 0.0 0.0 3.0 0.0
371.0138456643661 0.0 0.0 0.0 1.0 0.0 0.0 3.0 0.0
372.0062420786266 0.0 0.0 0.0 1.0 0.0 0.0 3.0 0.0
373.0138456643661 0.0 0.0 0.0 1.0 0.0 0.0 3.0 0.0
374.0138456643661 0.0 0.0 0.0 1.0 0.0 0.0 3.0 0.0
375.0138456643661 0.0 0.0 0.0 1.0 0.0 0.0 3.0 0.0
376.0138456643661 0.0 0.0 0.0 1.0 0.0 0.0 3.0 0.0
377.0138456643661 0.0 0.0 0.0 1.0 0.0 0.0 3.0 0.0
378.00509758245823 0.0 0.0 0.0 1.0 0.0 0.0 3.0 0.0
379.00307667966496 0.0 0.0 0.0 1.0 0.0 0.0 3.0 0.0
380.00530900560227 0.0 0.0 0.0 1.0 0.0 0.0 3.0 0.0
381.0138456643661 0.0 0.0 0.0 1.0 0.0 0.0 3.0 0.0
382.0138456643661 0.0 0.0 0.0 1.0 0.0 0.0 3.0 0.0
383.00503980075536 0.0 0.0 0.0 1.0 0.0 0.0 3.0 0.0
384.0127563557783 0.0 0.0 0.0 1.0 0.0 0.0 3.0 0.0
385.0138456643661 0.0 0.0 0.0 1.0 0.0 0.0 3.0 0.0
386.01173698271504 0.0 0.0 0.0 1.0 0.0 0.0 3.0 0.0
387.01144160401236 0.0 0.0 0.0 1.0 0.0 0.0 3.0 0.0
388.0077702029652 0.0 0.0 0.0 1.0 0.0 0.0 3.0 0.0
389.0138456643661 0.0 0.0 0.0 1.0 0.0 0.0 3.0 0.0
390.00250506146637 0.0 0.0 0.0 1.0 0.0 0.0 3.0 0.0
391.0138456643661 0.0 0.0 0.0 1.0 0.0 0.0 3.0 0.0
392.0138456643661 0.0 0.0 0.0 1.0 0.0 0.0 3.0 0.0
393.0070543724086 0.0 0.0 0.0 1.0 0.0 0.0 3.0 0.0
394.0138456643661 0.0 0.0 0.0 1.0 0.0 0.0 3.0 0.0
395.0138456643661 0.0 0.0 0.0 1.0 0.0 0.0 3.0 0.0
396.0138456643661 0.0 0.0 0.0 1.0 0.0 0.0 3.0 0.0
397.0138456643661 0.0 0.0 0.0 1.0 0.0 0.0 3.0 0.0
398.0132452073633 0.0 0.0 0.0 1.0 0.0 0.0 3.0 0.0
399.0138456643661 0.0 0.0 0.0 1.0 0.0 0.0 3.0 0.0
400.0136164445093 0.0 0.0 0.0 1.0 0.0 0.0 3.0 0.0
401.0138456643661 0.0 0.0 0.0 1.0 0.0 0.0 3.0 0.0
402.0106912298105 0.0 0.0 0.0 1.0 0.0 0.0 3.0 0.0
403.00476864396387 0.0 0.0 0.0 1.0 0.0 0.0 3.0 0.0
404.00492097254966 0.0 0.0 0.0 1.0 0.0 0.0 3.0 0.0
405.0138456643661 0.0 0.0 0.0 1.0 0.0 0.0 3.0 0.0
406.0138456643661 0.0 0.0 0.0 1.0 0.0 0.0 3.0 0.0
407.0138456643661 0.0 0.0 0.0 1.0 0.0 0.0 3.0 0.0
408.00036498112604 0.0 0.0 0.0 1.0 0.0 0.0 3.0 0.0
409.0138456643661 0.0 0.0 0.0 1.0 0.0 0.0 3.0 0.0
410.00577961136236 0.0 0.0 0.0 1.0 0.0 0.0 3.0 0.0
411.0017180502873 0.0 0.0 0.0 1.0 0.0 0.0 3.0 0.0
412.01103159463514 0.0 0.0 0.0 1.0 0.0 0.0 3.0 0.0
413.0138456643661 0.0 0.0 0.0 1.0 0.0 0.0 3.0 0.0
414.0073627340162 0.0 0.0 0.0 1.0 0.0 0.0 3.0 0.0
415.0138456643661 0.0 0.0 0.0 1.0 0.0 0.0 3.0 0.0
416.0138456643661 0.0 0.0 0.0 1.0 0.0 0.0 3.0 0.0
417.00010276327754 0.0 0.0 0.0 1.0 0.0 0.0 3.0 0.0
418.0063725010213 0.0 0.0 0.0 1.0 0.0 0.0 3.0 0.0
419.0067812223378 0.0 0.0 0.0 1.0 0.0 0.0 3.0 0.0
420.00191386824343 0.0 0.0 0.0 1.0 0.0 0.0 3.0 0.0
421.0035714371444 0.0 0.0 0.0 1.0 0.0 0.0 3.0 0.0
422.0036968499566 0.0 0.0 0.0 1.0 0.0 0.0 3.0 0.0
423.0046006127574 0.0 0.0 0.0 1.0 0.0 0.0 3.0 0.0
424.00632861181793 0.0 0.0 0.0 1.0 0.0 0.0 3.0 0.0
425.0138456643661 0.0 0.0 0.0 1.0 0.0 0.0 3.0 0.0
426.007152698037 0.0 0.0 0.0 1.0 0.0 0.0 3.0 0.0
427.0138456643661 0.0 0.0 0.0 1.0 0.0 0.0 3.0 0.0
428.0106105047399 0.0 0.0 0.0 1.0 0.0 0.0 3.0 0.0
429.0106437484683 0.0 0.0 0.0 1.0 0.0 0.0 3.0 0.0
430.0138456643661 0.0 0.0 0.0 1.0 0.0 0.0 3.0 0.0
431.0138456643661 0.0 0.0 0.0 1.0 0.0 0.0 3.0 0.0
432.0137425201795 0.0 0.0 0.0 1.0 0.0 0.0 3.0 0.0
433.0138456643661 0.0 0.0 0.0 1.0 0.0 0.0 3.0 0.0
434.01141093591133 0.0 0.0 0.0 1.0 0.0 0.0 3.0 0.0
435.0138456643661 0.0 0.0 0.0 1.0 0.0 0.0 3.0 0.0
436.0130528663045 0.0 0.0 0.0 1.0 0.0 0.0 3.0 0.0
437.0138456643661 0.0 0.0 0.0 1.0 0.0 0.0 3.0 0.0
438.0138456643661 0.0 0.0 0.0 1.0 0.0 0.0 3.0 0.0
439.0138456643661 0.0 0.0 0.0 1.0 0.0 0.0 3.0 0.0
440.0039220856081 0.0 0.0 0.0 1.0 0.0 0.0 3.0 0.0
441.0055739913544 0.0 0.0 0.0 1.0 0.0 0.0 3.0 0.0
442.0053177676589 0.0 0.0 0.0 1.0 0.0 0.0 3.0 0.0
443.0138456643661 0.0 0.0 0.0 1.0 0.0 0.0 3.0 0.0
444.0138456643661 0.0 0.0 0.0 1.0 0.0 0.0 3.0 0.0
445.0138456643661 0.0 0.0 0.0 1.0 0.0 0.0 3.0 0.0
446.0138456643661 0.0 0.0 0.0 1.0 0.0 0.0 3.0 0.0
447.0093270188646 0.0 0.0 0.0 1.0 0.0 0.0 3.0 0.0
448.0108777245503 0.0 0.0 0.0 1.0 0.0 0.0 3.0 0.0
449.0129973488736 0.0 0.0 0.0 1.0 0.0 0.0 3.0 0.0
450.00712851559496 0.0 0.0 0.0 1.0 0.0 0.0 3.0 0.0
451.00131229807755 0.0 0.0 0.0 1.0 0.0 0.0 3.0 0.0
452.0138456643661 0.0 0.0 0.0 1.0 0.0 0.0 3.0 0.0
453.0138456643661 0.0 0.0 0.0 1.0 0.0 0.0 3.0 0.0
454.0108721196445 0.0 0.0 0.0 1.0 0.0 0.0 3.0 0.0
455.0068114981264 0.0 0.0 0.0 1.0 0.0 0.0 3.0 0.0
456.0138456643661 0.0 0.0 0.0 1.0 0.0 0.0 3.0 0.0
457.0118661241614 0.0 0.0 0.0 1.0 0.0 0.0 3.0 0.0
458.0138456643661 0.0 0.0 0.0 1.0 0.0 0.0 3.0 0.0
459.0138456643661 0.0 0.0 0.0 1.0 0.0 0.0 3.0 0.0
460.0059045135947 0.0 0.0 0.0 1.0 0.0 0.0 3.0 0.0
461.0027466523838 0.0 0.0 0.0 1.0 0.0 0.0 3.0 0.0
462.0138456643661 0.0 0.0 0.0 1.0 0.0 0.0 3.0 0.0
463.0138456643661 0.0 0.0 0.0 1.0 0.0 0.0 3.0 0.0
464.0138456643661 0.0 0.0 0.0 1.0 0.0 0.0 3.0 0.0
465.0079734112145 0.0 0.0 0.0 1.0 0.0 0.0 3.0 0.0
466.00916568455494 0.0 0.0 0.0 1.0 0.0 0.0 3.0 0.0
467.0138456643661 0.0 0.0 0.0 1.0 0.0 0.0 3.0 0.0
468.0138456643661 0.0 0.0 0.0 1.0 0.0 0.0 3.0 0.0
469.0138456643661 0.0 0.0 0.0 1.0 0.0 0.0 3.0 0.0
470.0138456643661 0.0 0.0 0.0 1.0 0.0 0.0 3.0 0.0
471.0138456643661 0.0 0.0 0.0 1.0 0.0 0.0 3.0 0.0
472.0053319980916 0.0 0.0 0.0 1.0 0.0 0.0 3.0 0.0
473.0048829089416 0.0 0.0 0.0 1.0 0.0 0.0 3.0 0.0
474.0138456643661 0.0 0.0 0.0 1.0 0.0 0.0 3.0 0.0
475.0138456643661 0.0 0.0 0.0 1.0 0.0 0.0 3.0 0.0
476.0138456643661 0.0 0.0 0.0 1.0 0.0 0.0 3.0 0.0
477.0138456643661 0.0 0.0 0.0 1.0 0.0 0.0 3.0 0.0
478.0138456643661 0.0 0.0 0.0 1.0 0.0 0.0 3.0 0.0
479.0138456643661 0.0 0.0 0.0 1.0 0.0 0.0 3.0 0.0
480.0138456643661 0.0 0.0 0.0 1.0 0.0 0.0 3.0 0.0
481.0091288873861 0.0 0.0 0.0 1.0 0.0 0.0 3.0 0.0
482.00986162774194 0.0 0.0 0.0 1.0 0.0 0.0 3.0 0.0
483.0039004832435 0.0 0.0 0.0 1.0 0.0 0.0 3.0 0.0
484.0138456643661 0.0 0.0 0.0 1.0 0.0 0.0 3.0 0.0
485.0138456643661 0.0 0.0 0.0 1.0 0.0 0.0 3.0 0.0
486.0138456643661 0.0 0.0 0.0 1.0 0.0 0.0 3.0 0.0
487.0138456643661 0.0 0.0 0.0 1.0 0.0 0.0 3.0 0.0
488.0138456643661 0.0 0.0 0.0 1.0 0.0 0.0 3.0 0.0
489.0024628240762 0.0 0.0 0.0 1.0 0.0 0.0 3.0 0.0
490.0101489969847 0.0 0.0 0.0 1.0 0.0 0.0 3.0 0.0
491.0138456643661 0.0 0.0 0.0 1.0 0.0 0.0 3.0 0.0
492.0138456643661 0.0 0.0 0.0 1.0 0.0 0.0 3.0 0.0
493.0138456643661 0.0 0.0 0.0 1.0 0.0 0.0 3.0 0.0
494.0138456643661 0.0 0.0 0.0 1.0 0.0 0.0 3.0 0.0
495.00588833754165 0.0 0.0 0.0 1.0 0.0 0.0 3.0 0.0
496.00898862401766 0.0 0.0 0.0 1.0 0.0 0.0 3.0 0.0
497.0138456643661 0.0 0.0 0.0 1.0 0.0 0.0 3.0 0.0
498.0138456643661 0.0 0.0 0.0 1.0 0.0 0.0 3.0 0.0
499.0138456643661 0.0 0.0 0.0 1.0 0.0 0.0 3.0 0.0
500.0138456643661 0.0 0.0 0.0 1.0 0.0 0.0 3.0 0.0
501.0138456643661 0.0 0.0 0.0 1.0 0.0 0.0 3.0 0.0
502.0138456643661 0.0 0.0 0.0 1.0 0.0 0.0 3.0 0.0
503.0138456643661 0.0 0.0 0.0 1.0 0.0 0.0 3.0 0.0
504.01147830719714 0.0 0.0 0.0 1.0 0.0 0.0 3.0 0.0
505.0138456643661 0.0 0.0 0.0 1.0 0.0 0.0 3.0 0.0
506.0138456643661 0.0 0.0 0.0 1.0 0.0 0.0 3.0 0.0
507.0138456643661 0.0 0.0 0.0 1.0 0.0 0.0 3.0 0.0
508.0138456643661 0.0 0.0 0.0 1.0 0.0 0.0 3.0 0.0
509.0138456643661 0.0 0.0 0.0 1.0 0.0 0.0 3.0 0.0
510.0138456643661 0.0 0.0 0.0 1.0 0.0 0.0 3.0 0.0
511.01160921384144 0.0 0.0 0.0 1.0 0.0 0.0 3.0 0.0
512.0052455080731 0.0 0.0 0.0 1.0 0.0 0.0 3.0 0.0
513.0028660877149 0.0 0.0 0.0 1.0 0.0 0.0 3.0 0.0
514.013845664366 0.0 0.0 0.0 1.0 0.0 0.0 3.0 0.0
515.013845664366 0.0 0.0 0.0 1.0 0.0 0.0 3.0 0.0
516.0029447234551 0.0 0.0 0.0 1.0 0.0 0.0 3.0 0.0
517.013845664366 0.0 0.0 0.0 1.0 0.0 0.0 3.0 0.0
518.013845664366 0.0 0.0 0.0 1.0 0.0 0.0 3.0 0.0
519.013845664366 0.0 0.0 0.0 1.0 0.0 0.0 3.0 0.0
520.013845664366 0.0 0.0 0.0 1.0 0.0 0.0 3.0 0.0
521.013845664366 0.0 0.0 0.0 1.0 0.0 0.0 3.0 0.0
522.0136449675012 0.0 0.0 0.0 1.0 0.0 0.0 3.0 0.0
523.0094488566699 0.0 0.0 0.0 1.0 0.0 0.0 3.0 0.0
524.0081124523509 0.0 0.0 0.0 1.0 0.0 0.0 3.0 0.0
525.013845664366 0.0 0.0 0.0 1.0 0.0 0.0 3.0 0.0
526.013845664366 0.0 0.0 0.0 1.0 0.0 0.0 3.0 0.0
527.013845664366 0.0 0.0 0.0 1.0 0.0 0.0 3.0 0.0
528.013391806281 0.0 0.0 0.0 1.0 0.0 0.0 3.0 0.0
529.013845664366 0.0 0.0 0.0 1.0 0.0 0.0 3.0 0.0
530.0013271839213 0.0 0.0 0.0 1.0 0.0 0.0 3.0 0.0
531.013845664366 0.0 0.0 0.0 1.0 0.0 0.0 3.0 0.0
532.013845664366 0.0 0.0 0.0 1.0 0.0 0.0 3.0 0.0
533.013845664366 0.0 0.0 0.0 1.0 0.0 0.0 3.0 0.0
534.0001845081246 0.0 0.0 0.0 1.0 0.0 0.0 3.0 0.0
535.013845664366 0.0 0.0 0.0 1.0 0.0 0.0 3.0 0.0
536.013845664366 0.0 0.0 0.0 1.0 0.0 0.0 3.0 0.0
537.013845664366 0.0 0.0 0.0 1.0 0.0 0.0 3.0 0.0
538.0134789077881 0.0 0.0 0.0 1.0 0.0 0.0 3.0 0.0
539.010072568936 0.0 0.0 0.0 1.0 0.0 0.0 3.0 0.0
540.0073033863268 0.0 0.0 0.0 1.0 0.0 0.0 3.0 0.0
541.0086212721737 0.0 0.0 0.0 1.0 0.0 0.0 3.0 0.0
542.013845664366 0.0 0.0 0.0 1.0 0.0 0.0 3.0 0.0
543.013845664366 0.0 0.0 0.0 1.0 0.0 0.0 3.0 0.0
544.013845664366 0.0 0.0 0.0 1.0 0.0 0.0 3.0 0.0
545.013845664366 0.0 0.0 0.0 1.0 0.0 0.0 3.0 0.0
546.013845664366 0.0 0.0 0.0 1.0 0.0 0.0 3.0 0.0
547.0065776284732 0.0 0.0 0.0 1.0 0.0 0.0 3.0 0.0
548.0005045528362 0.0 0.0 0.0 1.0 0.0 0.0 3.0 0.0
549.013845664366 0.0 0.0 0.0 1.0 0.0 0.0 3.0 0.0
550.0014425544537 0.0 0.0 0.0 1.0 0.0 0.0 3.0 0.0
551.013845664366 0.0 0.0 0.0 1.0 0.0 0.0 3.0 0.0
552.0089693378774 0.0 0.0 0.0 1.0 0.0 0.0 3.0 0.0
553.0043628754729 0.0 0.0 0.0 1.0 0.0 0.0 3.0 0.0
554.0053410776594 0.0 0.0 0.0 1.0 0.0 0.0 3.0 0.0
555.013845664366 0.0 0.0 0.0 1.0 0.0 0.0 3.0 0.0
556.0063173294725 0.0 0.0 0.0 1.0 0.0 0.0 3.0 0.0
557.013845664366 0.0 0.0 0.0 1.0 0.0 0.0 3.0 0.0
558.013845664366 0.0 0.0 0.0 1.0 0.0 0.0 3.0 0.0
559.013845664366 0.0 0.0 0.0 1.0 0.0 0.0 3.0 0.0
560.013845664366 0.0 0.0 0.0 1.0 0.0 0.0 3.0 0.0
561.0055964410249 0.0 0.0 0.0 1.0 0.0 0.0 3.0 0.0
562.0024675356282 0.0 0.0 0.0 1.0 0.0 0.0 3.0 0.0
563.0120671483792 0.0 0.0 0.0 1.0 0.0 0.0 3.0 0.0
564.013845664366 0.0 0.0 0.0 1.0 0.0 0.0 3.0 0.0
565.013845664366 0.0 0.0 0.0 1.0 0.0 0.0 3.0 0.0
566.013845664366 0.0 0.0 0.0 1.0 0.0 0.0 3.0 0.0
567.013845664366 0.0 0.0 0.0 1.0 0.0 0.0 3.0 0.0
568.013845664366 0.0 0.0 0.0 1.0 0.0 0.0 3.0 0.0
569.010717175717 0.0 0.0 0.0 1.0 0.0 0.0 3.0 0.0
570.013845664366 0.0 0.0 0.0 1.0 0.0 0.0 3.0 0.0
571.013845664366 0.0 0.0 0.0 1.0 0.0 0.0 3.0 0.0
572.0105275230479 0.0 0.0 0.0 1.0 0.0 0.0 3.0 0.0
573.013845664366 0.0 0.0 0.0 1.0 0.0 0.0 3.0 0.0
574.013845664366 0.0 0.0 0.0 1.0 0.0 0.0 3.0 0.0
575.0042991073653 0.0 0.0 0.0 1.0 0.0 0.0 3.0 0.0
576.0127488144025 0.0 0.0 0.0 1.0 0.0 0.0 3.0 0.0
577.0061187589935 0.0 0.0 0.0 1.0 0.0 0.0 3.0 0.0
578.013845664366 0.0 0.0 0.0 1.0 0.0 0.0 3.0 0.0
579.0086494419726 0.0 0.0 0.0 1.0 0.0 0.0 3.0 0.0
580.000450224988 0.0 0.0 0.0 1.0 0.0 0.0 3.0 0.0
581.013845664366 0.0 0.0 0.0 1.0 0.0 0.0 3.0 0.0
582.013845664366 0.0 0.0 0.0 1.0 0.0 0.0 3.0 0.0
583.0128327932277 0.0 0.0 0.0 1.0 0.0 0.0 3.0 0.0
584.013845664366 0.0 0.0 0.0 1.0 0.0 0.0 3.0 0.0
585.013845664366 0.0 0.0 0.0 1.0 0.0 0.0 3.0 0.0
586.0023945887345 0.0 0.0 0.0 1.0 0.0 0.0 3.0 0.0
587.013845664366 0.0 0.0 0.0 1.0 0.0 0.0 3.0 0.0
588.013845664366 0.0 0.0 0.0 1.0 0.0 0.0 3.0 0.0
589.0002540569506 0.0 0.0 0.0 1.0 0.0 0.0 3.0 0.0
590.0061333238946 0.0 0.0 0.0 1.0 0.0 0.0 3.0 0.0
591.013845664366 0.0 0.0 0.0 1.0 0.0 0.0 3.0 0.0
592.0016290088187 0.0 0.0 0.0 1.0 0.0 0.0 3.0 0.0
593.013845664366 0.0 0.0 0.0 1.0 0.0 0.0 3.0 0.0
594.013845664366 0.0 0.0 0.0 1.0 0.0 0.0 3.0 0.0
595.013845664366 0.0 0.0 0.0 1.0 0.0 0.0 3.0 0.0
596.0119294684989 0.0 0.0 0.0 1.0 0.0 0.0 3.0 0.0
597.013845664366 0.0 0.0 0.0 1.0 0.0 0.0 3.0 0.0
598.013845664366 0.0 0.0 0.0 1.0 0.0 0.0 3.0 0.0
599.013845664366 0.0 0.0 0.0 1.0 0.0 0.0 3.0 0.0
600.0 0.0 0.0 0.0 1.0 0.0 1.0 3.0 0.0
601.013845664366 0.775 0.0 0.0 0.22499999999999998 0.0 1.0 3.0 0.3402439024390244
602.013845664366 0.975 0.0 0.0 0.024999999999999994 0.0 1.0 3.775 0.0475609756097561
603.013845664366 1.0 0.0 0.0 0.0 0.0 1.0 4.6 0.0
604.013845664366 1.0 0.0 0.0 0.0 0.0 1.0 4.975 0.0
605.013845664366 1.0 0.0 0.0 0.0 0.0 1.0 5.0 0.0
606.013845664366 1.0 0.0 0.0 0.0 0.0 1.0 5.0 0.0
607.013845664366 1.0 0.0 0.0 0.0 0.0 1.0 5.0 0.0
608.013845664366 1.0 0.0 0.0 0.0 0.0 1.0 5.0 0.0
609.0023413569085 1.0 0.0 0.0 0.0 0.0 1.0 5.0 0.0
610.013845664366 1.0 0.0 0.0 0.0 0.0 1.0 5.0 0.0
611.013845664366 1.0 0.0 0.0 0.0 0.0 1.0 5.0 0.0
612.013845664366 1.0 0.0 0.0 0.0 0.0 1.0 5.0 0.0
613.0125816005153 1.0 0.0 0.0 0.0 0.0 1.0 5.0 0.0
614.013845664366 1.0 0.0 0.0 0.0 0.0 1.0 5.0 0.0
615.013845664366 1.0 0.0 0.0 0.0 0.0 1.0 5.0 0.0
616.013845664366 1.0 0.0 0.0 0.0 0.0 1.0 5.0 0.0
617.0124795559027 1.0 0.0 0.0 0.0 0.0 1.0 5.0 0.0
618.013845664366 1.0 0.0 0.0 0.0 0.0 1.0 5.0 0.0
619.013845664366 1.0 0.0 0.0 0.0 0.0 1.0 5.0 0.0
620.013845664366 1.0 0.0 0.0 0.0 0.0 1.0 5.0 0.0
621.0079360127015 1.0 0.0 0.0 0.0 0.0 1.0 5.0 0.0
622.0124519111483 1.0 0.0 0.0 0.0 0.0 1.0 5.0 0.0
623.0055886574825 1.0 0.0 0.0 0.0 0.0 1.0 5.0 0.0
624.013845664366 1.0 0.0 0.0 0.0 0.0 1.0 5.0 0.0
625.013845664366 1.0 0.0 0.0 0.0 0.0 1.0 5.0 0.0
626.0124120855666 1.0 0.0 0.0 0.0 0.0 1.0 5.0 0.0
627.013845664366 1.0 0.0 0.0 0.0 0.0 1.0 5.0 0.0
628.013845664366 1.0 0.0 0.0 0.0 0.0 1.0 5.0 0.0
629.0063767375536 1.0 0.0 0.0 0.0 0.0 1.0 5.0 0.0
630.013845664366 1.0 0.0 0.0 0.0 0.0 1.0 5.0 0.0
631.013845664366 1.0 0.0 0.0 0.0 0.0 1.0 5.0 0.0
632.0084381083366 1.0 0.0 0.0 0.0 0.0 1.0 5.0 0.0
633.013845664366 1.0 0.0 0.0 0.0 0.0 1.0 5.0 0.0
634.013845664366 1.0 0.0 0.0 0.0 0.0 1.0 5.0 0.0
635.013845664366 1.0 0.0 0.0 0.0 0.0 1.0 5.0 0.0
636.013845664366 1.0 0.0 0.0 0.0 0.0 1.0 5.0 0.0
637.013845664366 1.0 0.0 0.0 0.0 0.0 1.0 5.0 0.0
638.0013028039724 1.0 0.0 0.0 0.0 0.0 1.0 5.0 0.0
639.013845664366 1.0 0.0 0.0 0.0 0.0 1.0 5.0 0.0
640.013845664366 1.0 0.0 0.0 0.0 0.0 1.0 5.0 0.0
641.013845664366 1.0 0.0 0.0 0.0 0.0 1.0 5.0 0.0
642.0076135789393 1.0 0.0 0.0 0.0 0.0 1.0 5.0 0.0
643.013845664366 1.0 0.0 0.0 0.0 0.0 1.0 5.0 0.0
644.013845664366 1.0 0.0 0.0 0.0 0.0 1.0 5.0 0.0
645.013845664366 1.0 0.0 0.0 0.0 0.0 1.0 5.0 0.0
646.013845664366 1.0 0.0 0.0 0.0 0.0 1.0 5.0 0.0
647.0099728232277 1.0 0.0 0.0 0.0 0.0 1.0 5.0 0.0
648.013845664366 1.0 0.0 0.0 0.0 0.0 1.0 5.0 0.0
649.003575388234 1.0 0.0 0.0 0.0 0.0 1.0 5.0 0.0
650.013845664366 1.0 0.0 0.0 0.0 0.0 1.0 5.0 0.0
651.0104278831179 1.0 0.0 0.0 0.0 0.0 1.0 5.0 0.0
652.0092258380109 1.0 0.0 0.0 0.0 0.0 1.0 5.0 0.0
653.0056131807112 1.0 0.0 0.0 0.0 0.0 1.0 5.0 0.0
654.013845664366 1.0 0.0 0.0 0.0 0.0 1.0 5.0 0.0
655.013845664366 1.0 0.0 0.0 0.0 0.0 1.0 5.0 0.0
656.013845664366 1.0 0.0 0.0 0.0 0.0 1.0 5.0 0.0
657.013845664366 1.0 0.0 0.0 0.0 0.0 1.0 5.0 0.0
658.0035163590379 1.0 0.0 0.0 0.0 0.0 1.0 5.0 0.0
659.0048320662696 1.0 0.0 0.0 0.0 0.0 1.0 5.0 0.0
660.013845664366 1.0 0.0 0.0 0.0 0.0 1.0 5.0 0.0
661.0006757881766 1.0 0.0 0.0 0.0 0.0 1.0 5.0 0.0
662.013845664366 1.0 0.0 0.0 0.0 0.0 1.0 5.0 0.0
663.0049085115966 1.0 0.0 0.0 0.0 0.0 1.0 5.0 0.0
664.013845664366 1.0 0.0 0.0 0.0 0.0 1.0 5.0 0.0
665.006616437986 1.0 0.0 0.0 0.0 0.0 1.0 5.0 0.0
666.013845664366 1.0 0.0 0.0 0.0 0.0 1.0 5.0 0.0
667.0077082487932 1.0 0.0 0.0 0.0 0.0 1.0 5.0 0.0
668.0120697467357 1.0 0.0 0.0 0.0 0.0 1.0 5.0 0.0
669.013845664366 1.0 0.0 0.0 0.0 0.0 1.0 5.0 0.0
670.013845664366 1.0 0.0 0.0 0.0 0.0 1.0 5.0 0.0
671.013845664366 1.0 0.0 0.0 0.0 0.0 1.0 5.0 0.0
672.013845664366 1.0 0.0 0.0 0.0 0.0 1.0 5.0 0.0
673.013845664366 1.0 0.0 0.0 0.0 0.0 1.0 5.0 0.0
674.013845664366 1.0 0.0 0.0 0.0 0.0 1.0 5.0 0.0
675.013845664366 1.0 0.0 0.0 0.0 0.0 1.0 5.0 0.0
676.013845664366 1.0 0.0 0.0 0.0 0.0 1.0 5.0 0.0
677.013845664366 1.0 0.0 0.0 0.0 0.0 1.0 5.0 0.0
678.0004311063655 1.0 0.0 0.0 0.0 0.0 1.0 5.0 0.0
679.0029192777249 1.0 0.0 0.0 0.0 0.0 1.0 5.0 0.0
680.013845664366 1.0 0.0 0.0 0.0 0.0 1.0 5.0 0.0
681.0006416425315 1.0 0.0 0.0 0.0 0.0 1.0 5.0 0.0
682.013845664366 1.0 0.0 0.0 0.0 0.0 1.0 5.0 0.0
683.0001604012971 1.0 0.0 0.0 0.0 0.0 1.0 5.0 0.0
684.0028905979259 1.0 0.0 0.0 0.0 0.0 1.0 5.0 0.0
685.006628950798 1.0 0.0 0.0 0.0 0.0 1.0 5.0 0.0
686.0066841483521 1.0 0.0 0.0 0.0 0.0 1.0 5.0 0.0
687.013845664366 1.0 0.0 0.0 0.0 0.0 1.0 5.0 0.0
688.013845664366 1.0 0.0 0.0 0.0 0.0 1.0 5.0 0.0
689.013845664366 1.0 0.0 0.0 0.0 0.0 1.0 5.0 0.0
690.013845664366 1.0 0.0 0.0 0.0 0.0 1.0 5.0 0.0
691.013845664366 1.0 0.0 0.0 0.0 0.0 1.0 5.0 0.0
692.013845664366 1.0 0.0 0.0 0.0 0.0 1.0 5.0 0.0
693.0030520157172 1.0 0.0 0.0 0.0 0.0 1.0 5.0 0.0
694.013845664366 1.0 0.0 0.0 0.0 0.0 1.0 5.0 0.0
695.0025996202592 1.0 0.0 0.0 0.0 0.0 1.0 5.0 0.0
696.013845664366 1.0 0.0 0.0 0.0 0.0 1.0 5.0 0.0
697.013845664366 1.0 0.0 0.0 0.0 0.0 1.0 5.0 0.0
698.0131202948135 1.0 0.0 0.0 0.0 0.0 1.0 5.0 0.0
699.0071960456158 1.0 0.0 0.0 0.0 0.0 1.0 5.0 0.0
700.0068646521044 1.0 0.0 0.0 0.0 0.0 1.0 5.0 0.0
701.013845664366 1.0 0.0 0.0 0.0 0.0 1.0 5.0 0.0
702.013845664366 1.0 0.0 0.0 0.0 0.0 1.0 5.0 0.0
703.0012321316956 1.0 0.0 0.0 0.0 0.0 1.0 5.0 0.0
704.013845664366 1.0 0.0 0.0 0.0 0.0 1.0 5.0 0.0
705.013845664366 1.0 0.0 0.0 0.0 0.0 1.0 5.0 0.0
706.0018993566216 1.0 0.0 0.0 0.0 0.0 1.0 5.0 0.0
707.013845664366 1.0 0.0 0.0 0.0 0.0 1.0 5.0 0.0
708.013845664366 1.0 0.0 0.0 0.0 0.0 1.0 5.0 0.0
709.0053721186845 1.0 0.0 0.0 0.0 0.0 1.0 5.0 0.0
710.001559327058 1.0 0.0 0.0 0.0 0.0 1.0 5.0 0.0
711.0093336708289 1.0 0.0 0.0 0.0 0.0 1.0 5.0 0.0
712.0016829298961 1.0 0.0 0.0 0.0 0.0 1.0 5.0 0.0
713.013845664366 1.0 0.0 0.0 0.0 0.0 1.0 5.0 0.0
714.0104599858017 1.0 0.0 0.0 0.0 0.0 1.0 5.0 0.0
715.0074922265823 1.0 0.0 0.0 0.0 0.0 1.0 5.0 0.0
716.013845664366 1.0 0.0 0.0 0.0 0.0 1.0 5.0 0.0
717.013845664366 1.0 0.0 0.0 0.0 0.0 1.0 5.0 0.0
718.013845664366 1.0 0.0 0.0 0.0 0.0 1.0 5.0 0.0
719.013845664366 1.0 0.0 0.0 0.0 0.0 1.0 5.0 0.0
720.013845664366 1.0 0.0 0.0 0.0 0.0 1.0 5.0 0.0
721.0107177083248 1.0 0.0 0.0 0.0 0.0 1.0 5.0 0.0
722.0099843189817 1.0 0.0 0.0 0.0 0.0 1.0 5.0 0.0
723.013845664366 1.0 0.0 0.0 0.0 0.0 1.0 5.0 0.0
724.013845664366 1.0 0.0 0.0 0.0 0.0 1.0 5.0 0.0
725.013845664366 1.0 0.0 0.0 0.0 0.0 1.0 5.0 0.0
726.013845664366 1.0 0.0 0.0 0.0 0.0 1.0 5.0 0.0
727.013845664366 1.0 0.0 0.0 0.0 0.0 1.0 5.0 0.0
728.0077623650282 1.0 0.0 0.0 0.0 0.0 1.0 5.0 0.0
729.0034533125566 1.0 0.0 0.0 0.0 0.0 1.0 5.0 0.0
730.013845664366 1.0 0.0 0.0 0.0 0.0 1.0 5.0 0.0
731.013845664366 1.0 0.0 0.0 0.0 0.0 1.0 5.0 0.0
732.013845664366 1.0 0.0 0.0 0.0 0.0 1.0 5.0 0.0
733.013845664366 1.0 0.0 0.0 0.0 0.0 1.0 5.0 0.0
734.013845664366 1.0 0.0 0.0 0.0 0.0 1.0 5.0 0.0
735.013845664366 1.0 0.0 0.0 0.0 0.0 1.0 5.0 0.0
736.0006125263375 1.0 0.0 0.0 0.0 0.0 1.0 5.0 0.0
737.0020921468325 1.0 0.0 0.0 0.0 0.0 1.0 5.0 0.0
738.0005618170471 1.0 0.0 0.0 0.0 0.0 1.0 5.0 0.0
739.0068431883226 1.0 0.0 0.0 0.0 0.0 1.0 5.0 0.0
740.0125873922012 1.0 0.0 0.0 0.0 0.0 1.0 5.0 0.0
741.0074008268703 1.0 0.0 0.0 0.0 0.0 1.0 5.0 0.0
742.013845664366 1.0 0.0 0.0 0.0 0.0 1.0 5.0 0.0
743.0016125619044 1.0 0.0 0.0 0.0 0.0 1.0 5.0 0.0
744.0068175567856 1.0 0.0 0.0 0.0 0.0 1.0 5.0 0.0
745.013845664366 1.0 0.0 0.0 0.0 0.0 1.0 5.0 0.0
746.013845664366 1.0 0.0 0.0 0.0 0.0 1.0 5.0 0.0
747.013845664366 1.0 0.0 0.0 0.0 0.0 1.0 5.0 0.0
748.0129266719257 1.0 0.0 0.0 0.0 0.0 1.0 5.0 0.0
749.0131126687786 1.0 0.0 0.0 0.0 0.0 1.0 5.0 0.0
750.013845664366 1.0 0.0 0.0 0.0 0.0 1.0 5.0 0.0
751.013845664366 1.0 0.0 0.0 0.0 0.0 1.0 5.0 0.0
752.0067064709086 1.0 0.0 0.0 0.0 0.0 1.0 5.0 0.0
753.0115285875843 1.0 0.0 0.0 0.0 0.0 1.0 5.0 0.0
754.013845664366 1.0 0.0 0.0 0.0 0.0 1.0 5.0 0.0
755.0097424875755 1.0 0.0 0.0 0.0 0.0 1.0 5.0 0.0
756.013845664366 1.0 0.0 0.0 0.0 0.0 1.0 5.0 0.0
757.013845664366 1.0 0.0 0.0 0.0 0.0 1.0 5.0 0.0
758.0062363051111 1.0 0.0 0.0 0.0 0.0 1.0 5.0 0.0
759.0096216934113 1.0 0.0 0.0 0.0 0.0 1.0 5.0 0.0
760.013845664366 1.0 0.0 0.0 0.0 0.0 1.0 5.0 0.0
761.0099272451106 1.0 0.0 0.0 0.0 0.0 1.0 5.0 0.0
762.0045342694511 1.0 0.0 0.0 0.0 0.0 1.0 5.0 0.0
763.0101903610446 1.0 0.0 0.0 0.0 0.0 1.0 5.0 0.0
764.0069727458314 1.0 0.0 0.0 0.0 0.0 1.0 5.0 0.0
765.0123476517289 1.0 0.0 0.0 0.0 0.0 1.0 5.0 0.0
766.0042340385465 1.0 0.0 0.0 0.0 0.0 1.0 5.0 0.0
767.0062566046377 1.0 0.0 0.0 0.0 0.0 1.0 5.0 0.0
768.0046412673343 1.0 0.0 0.0 0.0 0.0 1.0 5.0 0.0
769.013845664366 1.0 0.0 0.0 0.0 0.0 1.0 5.0 0.0
770.0065434003258 1.0 0.0 0.0 0.0 0.0 1.0 5.0 0.0
771.0028417559259 1.0 0.0 0.0 0.0 0.0 1.0 5.0 0.0
772.0109743923197 1.0 0.0 0.0 0.0 0.0 1.0 5.0 0.0
773.013845664366 1.0 0.0 0.0 0.0 0.0 1.0 5.0 0.0
774.0086199023362 1.0 0.0 0.0 0.0 0.0 1.0 5.0 0.0
775.0063746275683 1.0 0.0 0.0 0.0 0.0 1.0 5.0 0.0
776.013845664366 1.0 0.0 0.0 0.0 0.0 1.0 5.0 0.0
777.0103320775133 1.0 0.0 0.0 0.0 0.0 1.0 5.0 0.0
778.0102056540687 1.0 0.0 0.0 0.0 0.0 1.0 5.0 0.0
779.013845664366 1.0 0.0 0.0 0.0 0.0 1.0 5.0 0.0
780.0029445832304 1.0 0.0 0.0 0.0 0.0 1.0 5.0 0.0
781.013845664366 1.0 0.0 0.0 0.0 0.0 1.0 5.0 0.0
782.013845664366 1.0 0.0 0.0 0.0 0.0 1.0 5.0 0.0
783.013845664366 1.0 0.0 0.0 0.0 0.0 1.0 5.0 0.0
784.013845664366 1.0 0.0 0.0 0.0 0.0 1.0 5.0 0.0
785.013845664366 1.0 0.0 0.0 0.0 0.0 1.0 5.0 0.0
786.0071723407643 1.0 0.0 0.0 0.0 0.0 1.0 5.0 0.0
787.013845664366 1.0 0.0 0.0 0.0 0.0 1.0 5.0 0.0
788.013845664366 1.0 0.0 0.0 0.0 0.0 1.0 5.0 0.0
789.013845664366 1.0 0.0 0.0 0.0 0.0 1.0 5.0 0.0
790.013845664366 1.0 0.0 0.0 0.0 0.0 1.0 5.0 0.0
791.013845664366 1.0 0.0 0.0 0.0 0.0 1.0 5.0 0.0
792.01309475546 1.0 0.0 0.0 0.0 0.0 1.0 5.0 0.0
793.0035165964925 1.0 0.0 0.0 0.0 0.0 1.0 5.0 0.0
794.0040854281347 1.0 0.0 0.0 0.0 0.0 1.0 5.0 0.0
795.0065463848855 1.0 0.0 0.0 0.0 0.0 1.0 5.0 0.0
796.013845664366 1.0 0.0 0.0 0.0 0.0 1.0 5.0 0.0
797.013845664366 1.0 0.0 0.0 0.0 0.0 1.0 5.0 0.0
798.013845664366 1.0 0.0 0.0 0.0 0.0 1.0 5.0 0.0
799.013845664366 1.0 0.0 0.0 0.0 0.0 1.0 5.0 0.0
800.013845664366 1.0 0.0 0.0 0.0 0.0 1.0 5.0 0.0
801.013845664366 1.0 0.0 0.0 0.0 0.0 1.0 5.0 0.0
802.013845664366 1.0 0.0 0.0 0.0 0.0 1.0 5.0 0.0
803.009895806773 1.0 0.0 0.0 0.0 0.0 1.0 5.0 0.0
804.0068233615588 1.0 0.0 0.0 0.0 0.0 1.0 5.0 0.0
805.013845664366 1.0 0.0 0.0 0.0 0.0 1.0 5.0 0.0
806.0023695938193 1.0 0.0 0.0 0.0 0.0 1.0 5.0 0.0
807.013845664366 1.0 0.0 0.0 0.0 0.0 1.0 5.0 0.0
808.013845664366 1.0 0.0 0.0 0.0 0.0 1.0 5.0 0.0
809.013845664366 1.0 0.0 0.0 0.0 0.0 1.0 5.0 0.0
810.013845664366 1.0 0.0 0.0 0.0 0.0 1.0 5.0 0.0
811.013845664366 1.0 0.0 0.0 0.0 0.0 1.0 5.0 0.0
812.0028162248045 1.0 0.0 0.0 0.0 0.0 1.0 5.0 0.0
813.013845664366 1.0 0.0 0.0 0.0 0.0 1.0 5.0 0.0
814.013845664366 1.0 0.0 0.0 0.0 0.0 1.0 5.0 0.0
815.0123222359839 1.0 0.0 0.0 0.0 0.0 1.0 5.0 0.0
816.013845664366 1.0 0.0 0.0 0.0 0.0 1.0 5.0 0.0
817.013845664366 1.0 0.0 0.0 0.0 0.0 1.0 5.0 0.0
818.013845664366 1.0 0.0 0.0 0.0 0.0 1.0 5.0 0.0
819.013845664366 1.0 0.0 0.0 0.0 0.0 1.0 5.0 0.0
820.013845664366 1.0 0.0 0.0 0.0 0.0 1.0 5.0 0.0
821.0014643048837 1.0 0.0 0.0 0.0 0.0 1.0 5.0 0.0
822.013845664366 1.0 0.0 0.0 0.0 0.0 1.0 5.0 0.0
823.0051547443552 1.0 0.0 0.0 0.0 0.0 1.0 5.0 0.0
824.013845664366 1.0 0.0 0.0 0.0 0.0 1.0 5.0 0.0
825.0050332711302 1.0 0.0 0.0 0.0 0.0 1.0 5.0 0.0
826.013845664366 1.0 0.0 0.0 0.0 0.0 1.0 5.0 0.0
827.0132353022528 1.0 0.0 0.0 0.0 0.0 1.0 5.0 0.0
828.0061469210635 1.0 0.0 0.0 0.0 0.0 1.0 5.0 0.0
829.0027067995858 1.0 0.0 0.0 0.0 0.0 1.0 5.0 0.0
830.000819067858 1.0 0.0 0.0 0.0 0.0 1.0 5.0 0.0
831.0013813903466 1.0 0.0 0.0 0.0 0.0 1.0 5.0 0.0
832.013845664366 1.0 0.0 0.0 0.0 0.0 1.0 5.0 0.0
833.013845664366 1.0 0.0 0.0 0.0 0.0 1.0 5.0 0.0
834.013845664366 1.0 0.0 0.0 0.0 0.0 1.0 5.0 0.0
835.013845664366 1.0 0.0 0.0 0.0 0.0 1.0 5.0 0.0
836.013845664366 1.0 0.0 0.0 0.0 0.0 1.0 5.0 0.0
837.013845664366 1.0 0.0 0.0 0.0 0.0 1.0 5.0 0.0
838.0028435018297 1.0 0.0 0.0 0.0 0.0 1.0 5.0 0.0
839.013845664366 1.0 0.0 0.0 0.0 0.0 1.0 5.0 0.0
840.0081654837154 1.0 0.0 0.0 0.0 0.0 1.0 5.0 0.0
841.0049209907231 1.0 0.0 0.0 0.0 0.0 1.0 5.0 0.0
842.013845664366 1.0 0.0 0.0 0.0 0.0 1.0 5.0 0.0
843.001168164002 1.0 0.0 0.0 0.0 0.0 1.0 5.0 0.0
844.0108869002601 1.0 0.0 0.0 0.0 0.0 1.0 5.0 0.0
845.0077464706789 1.0 0.0 0.0 0.0 0.0 1.0 5.0 0.0
846.0048161283171 1.0 0.0 0.0 0.0 0.0 1.0 5.0 0.0
847.013845664366 1.0 0.0 0.0 0.0 0.0 1.0 5.0 0.0
848.0067346965999 1.0 0.0 0.0 0.0 0.0 1.0 5.0 0.0
849.013845664366 1.0 0.0 0.0 0.0 0.0 1.0 5.0 0.0
850.013845664366 1.0 0.0 0.0 0.0 0.0 1.0 5.0 0.0
851.002508945993 1.0 0.0 0.0 0.0 0.0 1.0 5.0 0.0
852.013845664366 1.0 0.0 0.0 0.0 0.0 1.0 5.0 0.0
853.009854499038 1.0 0.0 0.0 0.0 0.0 1.0 5.0 0.0
854.013845664366 1.0 0.0 0.0 0.0 0.0 1.0 5.0 0.0
855.013845664366 1.0 0.0 0.0 0.0 0.0 1.0 5.0 0.0
856.013845664366 1.0 0.0 0.0 0.0 0.0 1.0 5.0 0.0
857.013845664366 1.0 0.0 0.0 0.0 0.0 1.0 5.0 0.0
858.013845664366 1.0 0.0 0.0 0.0 0.0 1.0 5.0 0.0
859.013845664366 1.0 0.0 0.0 0.0 0.0 1.0 5.0 0.0
860.0091478646807 1.0 0.0 0.0 0.0 0.0 1.0 5.0 0.0
861.0019120147324 1.0 0.0 0.0 0.0 0.0 1.0 5.0 0.0
862.0065579341455 1.0 0.0 0.0 0.0 0.0 1.0 5.0 0.0
863.013845664366 1.0 0.0 0.0 0.0 0.0 1.0 5.0 0.0
864.013845664366 1.0 0.0 0.0 0.0 0.0 1.0 5.0 0.0
865.013845664366 1.0 0.0 0.0 0.0 0.0 1.0 5.0 0.0
866.013845664366 1.0 0.0 0.0 0.0 0.0 1.0 5.0 0.0
867.013845664366 1.0 0.0 0.0 0.0 0.0 1.0 5.0 0.0
868.013845664366 1.0 0.0 0.0 0.0 0.0 1.0 5.0 0.0
869.013845664366 1.0 0.0 0.0 0.0 0.0 1.0 5.0 0.0
870.0062482954846 1.0 0.0 0.0 0.0 0.0 1.0 5.0 0.0
871.0014838394713 1.0 0.0 0.0 0.0 0.0 1.0 5.0 0.0
872.013845664366 1.0 0.0 0.0 0.0 0.0 1.0 5.0 0.0
873.008908887405 1.0 0.0 0.0 0.0 0.0 1.0 5.0 0.0
874.013845664366 1.0 0.0 0.0 0.0 0.0 1.0 5.0 0.0
875.013845664366 1.0 0.0 0.0 0.0 0.0 1.0 5.0 0.0
876.0033768656745 1.0 0.0 0.0 0.0 0.0 1.0 5.0 0.0
877.013845664366 1.0 0.0 0.0 0.0 0.0 1.0 5.0 0.0
878.013845664366 1.0 0.0 0.0 0.0 0.0 1.0 5.0 0.0
879.013845664366 1.0 0.0 0.0 0.0 0.0 1.0 5.0 0.0
880.013845664366 1.0 0.0 0.0 0.0 0.0 1.0 5.0 0.0
881.012858899781 1.0 0.0 0.0 0.0 0.0 1.0 5.0 0.0
882.0030515685378 1.0 0.0 0.0 0.0 0.0 1.0 5.0 0.0
883.013845664366 1.0 0.0 0.0 0.0 0.0 1.0 5.0 0.0
884.013845664366 1.0 0.0 0.0 0.0 0.0 1.0 5.0 0.0
885.0028279296329 1.0 0.0 0.0 0.0 0.0 1.0 5.0 0.0
886.013845664366 1.0 0.0 0.0 0.0 0.0 1.0 5.0 0.0
887.013845664366 1.0 0.0 0.0 0.0 0.0 1.0 5.0 0.0
888.013845664366 1.0 0.0 0.0 0.0 0.0 1.0 5.0 0.0
889.013845664366 1.0 0.0 0.0 0.0 0.0 1.0 5.0 0.0
890.0096935913422 1.0 0.0 0.0 0.0 0.0 1.0 5.0 0.0
891.013845664366 1.0 0.0 0.0 0.0 0.0 1.0 5.0 0.0
892.013845664366 1.0 0.0 0.0 0.0 0.0 1.0 5.0 0.0
893.0101194012686 1.0 0.0 0.0 0.0 0.0 1.0 5.0 0.0
894.0136034621758 1.0 0.0 0.0 0.0 0.0 1.0 5.0 0.0
895.0102795479011 1.0 0.0 0.0 0.0 0.0 1.0 5.0 0.0
896.013845664366 1.0 0.0 0.0 0.0 0.0 1.0 5.0 0.0
897.0059797234644 1.0 0.0 0.0 0.0 0.0 1.0 5.0 0.0
898.003756160308 1.0 0.0 0.0 0.0 0.0 1.0 5.0 0.0
899.013845664366 1.0 0.0 0.0 0.0 0.0 1.0 5.0 0.0
900.0050390076783 1.0 0.0 0.0 0.0 0.0 1.0 5.0 0.0
901.0063613769744 1.0 0.0 0.0 0.0 0.0 1.0 5.0 0.0
902.013845664366 1.0 0.0 0.0 0.0 0.0 1.0 5.0 0.0
903.013845664366 1.0 0.0 0.0 0.0 0.0 1.0 5.0 0.0
904.013845664366 1.0 0.0 0.0 0.0 0.0 1.0 5.0 0.0
905.013845664366 1.0 0.0 0.0 0.0 0.0 1.0 5.0 0.0
906.013845664366 1.0 0.0 0.0 0.0 0.0 1.0 5.0 0.0
907.013845664366 1.0 0.0 0.0 0.0 0.0 1.0 5.0 0.0
908.013845664366 1.0 0.0 0.0 0.0 0.0 1.0 5.0 0.0
909.013845664366 1.0 0.0 0.0 0.0 0.0 1.0 5.0 0.0
910.013845664366 1.0 0.0 0.0 0.0 0.0 1.0 5.0 0.0
911.013845664366 1.0 0.0 0.0 0.0 0.0 1.0 5.0 0.0
912.0002808179615 1.0 0.0 0.0 0.0 0.0 1.0 5.0 0.0
913.013845664366 1.0 0.0 0.0 0.0 0.0 1.0 5.0 0.0
914.0136482868356 1.0 0.0 0.0 0.0 0.0 1.0 5.0 0.0
915.013845664366 1.0 0.0 0.0 0.0 0.0 1.0 5.0 0.0
916.0110807508771 1.0 0.0 0.0 0.0 0.0 1.0 5.0 0.0
917.013845664366 1.0 0.0 0.0 0.0 0.0 1.0 5.0 0.0
918.0084866663274 1.0 0.0 0.0 0.0 0.0 1.0 5.0 0.0
919.0122954027213 1.0 0.0 0.0 0.0 0.0 1.0 5.0 0.0
920.013845664366 1.0 0.0 0.0 0.0 0.0 1.0 5.0 0.0
921.013845664366 1.0 0.0 0.0 0.0 0.0 1.0 5.0 0.0
922.013845664366 1.0 0.0 0.0 0.0 0.0 1.0 5.0 0.0
923.0130589012031 1.0 0.0 0.0 0.0 0.0 1.0 5.0 0.0
924.013845664366 1.0 0.0 0.0 0.0 0.0 1.0 5.0 0.0
925.013845664366 1.0 0.0 0.0 0.0 0.0 1.0 5.0 0.0
926.013845664366 1.0 0.0 0.0 0.0 0.0 1.0 5.0 0.0
927.013845664366 1.0 0.0 0.0 0.0 0.0 1.0 5.0 0.0
928.013845664366 1.0 0.0 0.0 0.0 0.0 1.0 5.0 0.0
929.013845664366 1.0 0.0 0.0 0.0 0.0 1.0 5.0 0.0
930.013845664366 1.0 0.0 0.0 0.0 0.0 1.0 5.0 0.0
931.013845664366 1.0 0.0 0.0 0.0 0.0 1.0 5.0 0.0
932.013845664366 1.0 0.0 0.0 0.0 0.0 1.0 5.0 0.0
933.013845664366 1.0 0.0 0.0 0.0 0.0 1.0 5.0 0.0
934.013845664366 1.0 0.0 0.0 0.0 0.0 1.0 5.0 0.0
935.0112139824796 1.0 0.0 0.0 0.0 0.0 1.0 5.0 0.0
936.013845664366 1.0 0.0 0.0 0.0 0.0 1.0 5.0 0.0
937.0115930779604 1.0 0.0 0.0 0.0 0.0 1.0 5.0 0.0
938.0043011164647 1.0 0.0 0.0 0.0 0.0 1.0 5.0 0.0
939.0021263180429 1.0 0.0 0.0 0.0 0.0 1.0 5.0 0.0
940.0003631039035 1.0 0.0 0.0 0.0 0.0 1.0 5.0 0.0
941.013845664366 1.0 0.0 0.0 0.0 0.0 1.0 5.0 0.0
942.013845664366 1.0 0.0 0.0 0.0 0.0 1.0 5.0 0.0
943.013845664366 1.0 0.0 0.0 0.0 0.0 1.0 5.0 0.0
944.0054450727588 1.0 0.0 0.0 0.0 0.0 1.0 5.0 0.0
945.013845664366 1.0 0.0 0.0 0.0 0.0 1.0 5.0 0.0
946.013845664366 1.0 0.0 0.0 0.0 0.0 1.0 5.0 0.0
947.013845664366 1.0 0.0 0.0 0.0 0.0 1.0 5.0 0.0
948.013845664366 1.0 0.0 0.0 0.0 0.0 1.0 5.0 0.0
949.013845664366 1.0 0.0 0.0 0.0 0.0 1.0 5.0 0.0
950.0100881532693 1.0 0.0 0.0 0.0 0.0 1.0 5.0 0.0
951.013845664366 1.0 0.0 0.0 0.0 0.0 1.0 5.0 0.0
952.013845664366 1.0 0.0 0.0 0.0 0.0 1.0 5.0 0.0
953.013845664366 1.0 0.0 0.0 0.0 0.0 1.0 5.0 0.0
954.013845664366 1.0 0.0 0.0 0.0 0.0 1.0 5.0 0.0
955.0026832426079 1.0 0.0 0.0 0.0 0.0 1.0 5.0 0.0
956.0057792806914 1.0 0.0 0.0 0.0 0.0 1.0 5.0 0.0
957.013845664366 1.0 0.0 0.0 0.0 0.0 1.0 5.0 0.0
958.013845664366 1.0 0.0 0.0 0.0 0.0 1.0 5.0 0.0
959.013845664366 1.0 0.0 0.0 0.0 0.0 1.0 5.0 0.0
960.0040904304175 1.0 0.0 0.0 0.0 0.0 1.0 5.0 0.0
961.013845664366 1.0 0.0 0.0 0.0 0.0 1.0 5.0 0.0
962.013845664366 1.0 0.0 0.0 0.0 0.0 1.0 5.0 0.0
963.0124489597268 1.0 0.0 0.0 0.0 0.0 1.0 5.0 0.0
964.013845664366 1.0 0.0 0.0 0.0 0.0 1.0 5.0 0.0
965.013845664366 1.0 0.0 0.0 0.0 0.0 1.0 5.0 0.0
966.013845664366 1.0 0.0 0.0 0.0 0.0 1.0 5.0 0.0
967.0095900418538 1.0 0.0 0.0 0.0 0.0 1.0 5.0 0.0
968.0025877732381 1.0 0.0 0.0 0.0 0.0 1.0 5.0 0.0
969.013845664366 1.0 0.0 0.0 0.0 0.0 1.0 5.0 0.0
970.0090002416943 1.0 0.0 0.0 0.0 0.0 1.0 5.0 0.0
971.0005808179155 1.0 0.0 0.0 0.0 0.0 1.0 5.0 0.0
972.013845664366 1.0 0.0 0.0 0.0 0.0 1.0 5.0 0.0
973.013845664366 1.0 0.0 0.0 0.0 0.0 1.0 5.0 0.0
974.013845664366 1.0 0.0 0.0 0.0 0.0 1.0 5.0 0.0
975.0093615281212 1.0 0.0 0.0 0.0 0.0 1.0 5.0 0.0
976.0083309079394 1.0 0.0 0.0 0.0 0.0 1.0 5.0 0.0
977.013845664366 1.0 0.0 0.0 0.0 0.0 1.0 5.0 0.0
978.013845664366 1.0 0.0 0.0 0.0 0.0 1.0 5.0 0.0
979.0101018074121 1.0 0.0 0.0 0.0 0.0 1.0 5.0 0.0
980.013845664366 1.0 0.0 0.0 0.0 0.0 1.0 5.0 0.0
981.0052581855101 1.0 0.0 0.0 0.0 0.0 1.0 5.0 0.0
982.013845664366 1.0 0.0 0.0 0.0 0.0 1.0 5.0 0.0
983.013845664366 1.0 0.0 0.0 0.0 0.0 1.0 5.0 0.0
984.002575681878 1.0 0.0 0.0 0.0 0.0 1.0 5.0 0.0
985.0053239498726 1.0 0.0 0.0 0.0 0.0 1.0 5.0 0.0
986.013845664366 1.0 0.0 0.0 0.0 0.0 1.0 5.0 0.0
987.013845664366 1.0 0.0 0.0 0.0 0.0 1.0 5.0 0.0
988.013845664366 1.0 0.0 0.0 0.0 0.0 1.0 5.0 0.0
989.013845664366 1.0 0.0 0.0 0.0 0.0 1.0 5.0 0.0
990.013845664366 1.0 0.0 0.0 0.0 0.0 1.0 5.0 0.0
991.013845664366 1.0 0.0 0.0 0.0 0.0 1.0 5.0 0.0
992.0047465081387 1.0 0.0 0.0 0.0 0.0 1.0 5.0 0.0
993.013845664366 1.0 0.0 0.0 0.0 0.0 1.0 5.0 0.0
994.0063033143502 1.0 0.0 0.0 0.0 0.0 1.0 5.0 0.0
995.0054573022107 1.0 0.0 0.0 0.0 0.0 1.0 5.0 0.0
996.013845664366 1.0 0.0 0.0 0.0 0.0 1.0 5.0 0.0
997.0109164294182 1.0 0.0 0.0 0.0 0.0 1.0 5.0 0.0
998.013845664366 1.0 0.0 0.0 0.0 0.0 1.0 5.0 0.0
999.013845664366 1.0 0.0 0.0 0.0 0.0 1.0 5.0 0.0
1000.013845664366 1.0 0.0 0.0 0.0 0.0 1.0 5.0 0.0
1001.0013060873988 1.0 0.0 0.0 0.0 0.0 1.0 5.0 0.0
1002.013845664366 1.0 0.0 0.0 0.0 0.0 1.0 5.0 0.0
1003.013845664366 1.0 0.0 0.0 0.0 0.0 1.0 5.0 0.0
1004.013845664366 1.0 0.0 0.0 0.0 0.0 1.0 5.0 0.0
1005.005136065803 1.0 0.0 0.0 0.0 0.0 1.0 5.0 0.0
1006.013845664366 1.0 0.0 0.0 0.0 0.0 1.0 5.0 0.0
1007.013845664366 1.0 0.0 0.0 0.0 0.0 1.0 5.0 0.0
1008.004915299482 1.0 0.0 0.0 0.0 0.0 1.0 5.0 0.0
1009.0106195435462 1.0 0.0 0.0 0.0 0.0 1.0 5.0 0.0
1010.0039822061884 1.0 0.0 0.0 0.0 0.0 1.0 5.0 0.0
1011.013845664366 1.0 0.0 0.0 0.0 0.0 1.0 5.0 0.0
1012.013845664366 1.0 0.0 0.0 0.0 0.0 1.0 5.0 0.0
1013.013845664366 1.0 0.0 0.0 0.0 0.0 1.0 5.0 0.0
1014.013845664366 1.0 0.0 0.0 0.0 0.0 1.0 5.0 0.0
1015.013845664366 1.0 0.0 0.0 0.0 0.0 1.0 5.0 0.0
1016.013845664366 1.0 0.0 0.0 0.0 0.0 1.0 5.0 0.0
1017.013845664366 1.0 0.0 0.0 0.0 0.0 1.0 5.0 0.0
1018.013845664366 1.0 0.0 0.0 0.0 0.0 1.0 5.0 0.0
1019.013845664366 1.0 0.0 0.0 0.0 0.0 1.0 5.0 0.0
1020.013845664366 1.0 0.0 0.0 0.0 0.0 1.0 5.0 0.0
1021.013845664366 1.0 0.0 0.0 0.0 0.0 1.0 5.0 0.0
1022.013845664366 1.0 0.0 0.0 0.0 0.0 1.0 5.0 0.0
1023.001287635507 1.0 0.0 0.0 0.0 0.0 1.0 5.0 0.0
1024.013845664366 1.0 0.0 0.0 0.0 0.0 1.0 5.0 0.0
1025.013845664366 1.0 0.0 0.0 0.0 0.0 1.0 5.0 0.0
1026.013845664366 1.0 0.0 0.0 0.0 0.0 1.0 5.0 0.0
1027.013845664366 1.0 0.0 0.0 0.0 0.0 1.0 5.0 0.0
1028.013845664366 1.0 0.0 0.0 0.0 0.0 1.0 5.0 0.0
1029.0009262816643 1.0 0.0 0.0 0.0 0.0 1.0 5.0 0.0
1030.013845664366 1.0 0.0 0.0 0.0 0.0 1.0 5.0 0.0
1031.0011723965922 1.0 0.0 0.0 0.0 0.0 1.0 5.0 0.0
1032.013845664366 1.0 0.0 0.0 0.0 0.0 1.0 5.0 0.0
1033.004854180724 1.0 0.0 0.0 0.0 0.0 1.0 5.0 0.0
1034.013845664366 1.0 0.0 0.0 0.0 0.0 1.0 5.0 0.0
1035.013845664366 1.0 0.0 0.0 0.0 0.0 1.0 5.0 0.0
1036.013845664366 1.0 0.0 0.0 0.0 0.0 1.0 5.0 0.0
1037.013845664366 1.0 0.0 0.0 0.0 0.0 1.0 5.0 0.0
1038.013845664366 1.0 0.0 0.0 0.0 0.0 1.0 5.0 0.0
1039.013845664366 1.0 0.0 0.0 0.0 0.0 1.0 5.0 0.0
1040.013845664366 1.0 0.0 0.0 0.0 0.0 1.0 5.0 0.0
1041.013845664366 1.0 0.0 0.0 0.0 0.0 1.0 5.0 0.0
1042.0020447003399 1.0 0.0 0.0 0.0 0.0 1.0 5.0 0.0
1043.0133009732779 1.0 0.0 0.0 0.0 0.0 1.0 5.0 0.0
1044.013845664366 1.0 0.0 0.0 0.0 0.0 1.0 5.0 0.0
1045.012797285425 1.0 0.0 0.0 0.0 0.0 1.0 5.0 0.0
1046.013845664366 1.0 0.0 0.0 0.0 0.0 1.0 5.0 0.0
1047.0054138749417 1.0 0.0 0.0 0.0 0.0 1.0 5.0 0.0
1048.013845664366 1.0 0.0 0.0 0.0 0.0 1.0 5.0 0.0
1049.001314299768 1.0 0.0 0.0 0.0 0.0 1.0 5.0 0.0
1050.013845664366 1.0 0.0 0.0 0.0 0.0 1.0 5.0 0.0
1051.013845664366 1.0 0.0 0.0 0.0 0.0 1.0 5.0 0.0
1052.013845664366 1.0 0.0 0.0 0.0 0.0 1.0 5.0 0.0
1053.013845664366 1.0 0.0 0.0 0.0 0.0 1.0 5.0 0.0
1054.013845664366 1.0 0.0 0.0 0.0 0.0 1.0 5.0 0.0
1055.0009740715093 1.0 0.0 0.0 0.0 0.0 1.0 5.0 0.0
1056.013845664366 1.0 0.0 0.0 0.0 0.0 1.0 5.0 0.0
1057.0132892888876 1.0 0.0 0.0 0.0 0.0 1.0 5.0 0.0
1058.013845664366 1.0 0.0 0.0 0.0 0.0 1.0 5.0 0.0
1059.013845664366 1.0 0.0 0.0 0.0 0.0 1.0 5.0 0.0
1060.013845664366 1.0 0.0 0.0 0.0 0.0 1.0 5.0 0.0
1061.013845664366 1.0 0.0 0.0 0.0 0.0 1.0 5.0 0.0
1062.013845664366 1.0 0.0 0.0 0.0 0.0 1.0 5.0 0.0
1063.0006746890929 1.0 0.0 0.0 0.0 0.0 1.0 5.0 0.0
1064.013845664366 1.0 0.0 0.0 0.0 0.0 1.0 5.0 0.0
1065.013845664366 1.0 0.0 0.0 0.0 0.0 1.0 5.0 0.0
1066.013845664366 1.0 0.0 0.0 0.0 0.0 1.0 5.0 0.0
1067.0022571573195 1.0 0.0 0.0 0.0 0.0 1.0 5.0 0.0
1068.013845664366 1.0 0.0 0.0 0.0 0.0 1.0 5.0 0.0
1069.0030229525391 1.0 0.0 0.0 0.0 0.0 1.0 5.0 0.0
1070.0127654060318 1.0 0.0 0.0 0.0 0.0 1.0 5.0 0.0
1071.0126658675508 1.0 0.0 0.0 0.0 0.0 1.0 5.0 0.0
1072.013845664366 1.0 0.0 0.0 0.0 0.0 1.0 5.0 0.0
1073.013845664366 1.0 0.0 0.0 0.0 0.0 1.0 5.0 0.0
1074.013845664366 1.0 0.0 0.0 0.0 0.0 1.0 5.0 0.0
1075.013845664366 1.0 0.0 0.0 0.0 0.0 1.0 5.0 0.0
1076.013845664366 1.0 0.0 0.0 0.0 0.0 1.0 5.0 0.0
1077.013845664366 1.0 0.0 0.0 0.0 0.0 1.0 5.0 0.0
1078.0032431994027 1.0 0.0 0.0 0.0 0.0 1.0 5.0 0.0
1079.0033004832728 1.0 0.0 0.0 0.0 0.0 1.0 5.0 0.0
1080.004886219294 1.0 0.0 0.0 0.0 0.0 1.0 5.0 0.0
1081.013845664366 1.0 0.0 0.0 0.0 0.0 1.0 5.0 0.0
1082.013845664366 1.0 0.0 0.0 0.0 0.0 1.0 5.0 0.0
1083.013845664366 1.0 0.0 0.0 0.0 0.0 1.0 5.0 0.0
1084.013845664366 1.0 0.0 0.0 0.0 0.0 1.0 5.0 0.0
1085.0057333334037 1.0 0.0 0.0 0.0 0.0 1.0 5.0 0.0
1086.013845664366 1.0 0.0 0.0 0.0 0.0 1.0 5.0 0.0
1087.013845664366 1.0 0.0 0.0 0.0 0.0 1.0 5.0 0.0
1088.0109207476783 1.0 0.0 0.0 0.0 0.0 1.0 5.0 0.0
1089.013845664366 1.0 0.0 0.0 0.0 0.0 1.0 5.0 0.0
1090.013845664366 1.0 0.0 0.0 0.0 0.0 1.0 5.0 0.0
1091.0103224843674 1.0 0.0 0.0 0.0 0.0 1.0 5.0 0.0
1092.013845664366 1.0 0.0 0.0 0.0 0.0 1.0 5.0 0.0
1093.0045434480414 1.0 0.0 0.0 0.0 0.0 1.0 5.0 0.0
1094.013845664366 1.0 0.0 0.0 0.0 0.0 1.0 5.0 0.0
1095.013845664366 1.0 0.0 0.0 0.0 0.0 1.0 5.0 0.0
1096.013845664366 1.0 0.0 0.0 0.0 0.0 1.0 5.0 0.0
1097.0086473642598 1.0 0.0 0.0 0.0 0.0 1.0 5.0 0.0
1098.013845664366 1.0 0.0 0.0 0.0 0.0 1.0 5.0 0.0
1099.010452266554 1.0 0.0 0.0 0.0 0.0 1.0 5.0 0.0
1100.013845664366 1.0 0.0 0.0 0.0 0.0 1.0 5.0 0.0
1101.013845664366 1.0 0.0 0.0 0.0 0.0 1.0 5.0 0.0
1102.013845664366 1.0 0.0 0.0 0.0 0.0 1.0 5.0 0.0
1103.013845664366 1.0 0.0 0.0 0.0 0.0 1.0 5.0 0.0
1104.013845664366 1.0 0.0 0.0 0.0 0.0 1.0 5.0 0.0
1105.013845664366 1.0 0.0 0.0 0.0 0.0 1.0 5.0 0.0
1106.0021646800546 1.0 0.0 0.0 0.0 0.0 1.0 5.0 0.0
1107.004996211889 1.0 0.0 0.0 0.0 0.0 1.0 5.0 0.0
1108.013845664366 1.0 0.0 0.0 0.0 0.0 1.0 5.0 0.0
1109.0128302984363 1.0 0.0 0.0 0.0 0.0 1.0 5.0 0.0
1110.013845664366 1.0 0.0 0.0 0.0 0.0 1.0 5.0 0.0
1111.000386826293 1.0 0.0 0.0 0.0 0.0 1.0 5.0 0.0
1112.0003779868894 1.0 0.0 0.0 0.0 0.0 1.0 5.0 0.0
1113.013845664366 1.0 0.0 0.0 0.0 0.0 1.0 5.0 0.0
1114.0068513720519 1.0 0.0 0.0 0.0 0.0 1.0 5.0 0.0
1115.013845664366 1.0 0.0 0.0 0.0 0.0 1.0 5.0 0.0
1116.001106939881 1.0 0.0 0.0 0.0 0.0 1.0 5.0 0.0
1117.013845664366 1.0 0.0 0.0 0.0 0.0 1.0 5.0 0.0
1118.0008561177724 1.0 0.0 0.0 0.0 0.0 1.0 5.0 0.0
1119.013845664366 1.0 0.0 0.0 0.0 0.0 1.0 5.0 0.0
1120.013845664366 1.0 0.0 0.0 0.0 0.0 1.0 5.0 0.0
1121.010885173374 1.0 0.0 0.0 0.0 0.0 1.0 5.0 0.0
1122.013845664366 1.0 0.0 0.0 0.0 0.0 1.0 5.0 0.0
1123.013845664366 1.0 0.0 0.0 0.0 0.0 1.0 5.0 0.0
1124.013845664366 1.0 0.0 0.0 0.0 0.0 1.0 5.0 0.0
1125.013845664366 1.0 0.0 0.0 0.0 0.0 1.0 5.0 0.0
1126.009888822815 1.0 0.0 0.0 0.0 0.0 1.0 5.0 0.0
1127.0074301429506 1.0 0.0 0.0 0.0 0.0 1.0 5.0 0.0
1128.013845664366 1.0 0.0 0.0 0.0 0.0 1.0 5.0 0.0
1129.013845664366 1.0 0.0 0.0 0.0 0.0 1.0 5.0 0.0
1130.013845664366 1.0 0.0 0.0 0.0 0.0 1.0 5.0 0.0
1131.0051294298787 1.0 0.0 0.0 0.0 0.0 1.0 5.0 0.0
1132.0047420730775 1.0 0.0 0.0 0.0 0.0 1.0 5.0 0.0
1133.009780365028 1.0 0.0 0.0 0.0 0.0 1.0 5.0 0.0
1134.0087939789585 1.0 0.0 0.0 0.0 0.0 1.0 5.0 0.0
1135.013845664366 1.0 0.0 0.0 0.0 0.0 1.0 5.0 0.0
1136.013845664366 1.0 0.0 0.0 0.0 0.0 1.0 5.0 0.0
1137.013845664366 1.0 0.0 0.0 0.0 0.0 1.0 5.0 0.0
1138.0105990793168 1.0 0.0 0.0 0.0 0.0 1.0 5.0 0.0
1139.013845664366 1.0 0.0 0.0 0.0 0.0 1.0 5.0 0.0
1140.013845664366 1.0 0.0 0.0 0.0 0.0 1.0 5.0 0.0
1141.013845664366 1.0 0.0 0.0 0.0 0.0 1.0 5.0 0.0
1142.013845664366 1.0 0.0 0.0 0.0 0.0 1.0 5.0 0.0
1143.0048260096987 1.0 0.0 0.0 0.0 0.0 1.0 5.0 0.0
1144.013845664366 1.0 0.0 0.0 0.0 0.0 1.0 5.0 0.0
1145.001235710115 1.0 0.0 0.0 0.0 0.0 1.0 5.0 0.0
1146.013845664366 1.0 0.0 0.0 0.0 0.0 1.0 5.0 0.0
1147.013845664366 1.0 0.0 0.0 0.0 0.0 1.0 5.0 0.0
1148.0046307096509 1.0 0.0 0.0 0.0 0.0 1.0 5.0 0.0
1149.0136443330675 1.0 0.0 0.0 0.0 0.0 1.0 5.0 0.0
1150.013845664366 1.0 0.0 0.0 0.0 0.0 1.0 5.0 0.0
1151.013845664366 1.0 0.0 0.0 0.0 0.0 1.0 5.0 0.0
1152.0117039282031 1.0 0.0 0.0 0.0 0.0 1.0 5.0 0.0
1153.0110888815022 1.0 0.0 0.0 0.0 0.0 1.0 5.0 0.0
1154.013845664366 1.0 0.0 0.0 0.0 0.0 1.0 5.0 0.0
1155.0119402926819 1.0 0.0 0.0 0.0 0.0 1.0 5.0 0.0
1156.013845664366 1.0 0.0 0.0 0.0 0.0 1.0 5.0 0.0
1157.013845664366 1.0 0.0 0.0 0.0 0.0 1.0 5.0 0.0
1158.013845664366 1.0 0.0 0.0 0.0 0.0 1.0 5.0 0.0
1159.0091731665875 1.0 0.0 0.0 0.0 0.0 1.0 5.0 0.0
1160.013845664366 1.0 0.0 0.0 0.0 0.0 1.0 5.0 0.0
1161.013845664366 1.0 0.0 0.0 0.0 0.0 1.0 5.0 0.0
1162.013845664366 1.0 0.0 0.0 0.0 0.0 1.0 5.0 0.0
1163.0122780745112 1.0 0.0 0.0 0.0 0.0 1.0 5.0 0.0
1164.0046318858356 1.0 0.0 0.0 0.0 0.0 1.0 5.0 0.0
1165.0091296852183 1.0 0.0 0.0 0.0 0.0 1.0 5.0 0.0
1166.0057716074346 1.0 0.0 0.0 0.0 0.0 1.0 5.0 0.0
1167.010246925869 1.0 0.0 0.0 0.0 0.0 1.0 5.0 0.0
1168.013845664366 1.0 0.0 0.0 0.0 0.0 1.0 5.0 0.0
1169.013845664366 1.0 0.0 0.0 0.0 0.0 1.0 5.0 0.0
1170.013845664366 1.0 0.0 0.0 0.0 0.0 1.0 5.0 0.0
1171.013845664366 1.0 0.0 0.0 0.0 0.0 1.0 5.0 0.0
1172.005384043165 1.0 0.0 0.0 0.0 0.0 1.0 5.0 0.0
1173.013845664366 1.0 0.0 0.0 0.0 0.0 1.0 5.0 0.0
1174.013845664366 1.0 0.0 0.0 0.0 0.0 1.0 5.0 0.0
1175.013845664366 1.0 0.0 0.0 0.0 0.0 1.0 5.0 0.0
1176.0029391461558 1.0 0.0 0.0 0.0 0.0 1.0 5.0 0.0
1177.013845664366 1.0 0.0 0.0 0.0 0.0 1.0 5.0 0.0
1178.013845664366 1.0 0.0 0.0 0.0 0.0 1.0 5.0 0.0
1179.000151608489 1.0 0.0 0.0 0.0 0.0 1.0 5.0 0.0
1180.013845664366 1.0 0.0 0.0 0.0 0.0 1.0 5.0 0.0
1181.013845664366 1.0 0.0 0.0 0.0 0.0 1.0 5.0 0.0
1182.013845664366 1.0 0.0 0.0 0.0 0.0 1.0 5.0 0.0
1183.013845664366 1.0 0.0 0.0 0.0 0.0 1.0 5.0 0.0
1184.013845664366 1.0 0.0 0.0 0.0 0.0 1.0 5.0 0.0
1185.0102554442226 1.0 0.0 0.0 0.0 0.0 1.0 5.0 0.0
1186.013845664366 1.0 0.0 0.0 0.0 0.0 1.0 5.0 0.0
1187.013845664366 1.0 0.0 0.0 0.0 0.0 1.0 5.0 0.0
1188.013845664366 1.0 0.0 0.0 0.0 0.0 1.0 5.0 0.0
1189.013845664366 1.0 0.0 0.0 0.0 0.0 1.0 5.0 0.0
1190.005261074114 1.0 0.0 0.0 0.0 0.0 1.0 5.0 0.0
1191.013845664366 1.0 0.0 0.0 0.0 0.0 1.0 5.0 0.0
1192.013845664366 1.0 0.0 0.0 0.0 0.0 1.0 5.0 0.0
1193.0075483084318 1.0 0.0 0.0 0.0 0.0 1.0 5.0 0.0
1194.013845664366 1.0 0.0 0.0 0.0 0.0 1.0 5.0 0.0
1195.013845664366 1.0 0.0 0.0 0.0 0.0 1.0 5.0 0.0
1196.013845664366 1.0 0.0 0.0 0.0 0.0 1.0 5.0 0.0
1197.013845664366 1.0 0.0 0.0 0.0 0.0 1.0 5.0 0.0
1198.013845664366 1.0 0.0 0.0 0.0 0.0 1.0 5.0 0.0
1199.013845664366 1.0 0.0 0.0 0.0 0.0 1.0 5.0 0.0
1200.0 1.0 0.0 0.0 0.0 0.0 1.0 5.0 0.0
1201.0 0.95 0.0 0.05 0.0 0.0 1.0 4.975 0.09268292682926829
1202.0 0.825 0.0 0.17499999999999996 0.0 0.0 1.0 4.4 0.2817073170731707
1203.0 0.225 0.0 0.775 0.0 0.0 1.0 4.125 0.3402439024390244
1204.0 0.024999999999999994 0.0 0.975 0.0 0.0 1.0 4.95 0.0475609756097561
1205.0 0.0 0.0 1.0 0.0 0.0 1.0 5.675 0.0
1206.0 0.0 0.0 1.0 0.0 0.0 1.0 6.0 0.0
1207.0 0.0 0.0 1.0 0.0 0.0 1.0 6.0 0.0
1208.0 0.0 0.0 1.0 0.0 0.0 1.0 6.0 0.0
1209.0 0.0 0.0 1.0 0.0 0.0 1.0 6.0 0.0
1210.0 0.0 0.0 1.0 0.0 0.0 1.0 6.0 0.0
1211.0 0.0 0.0 1.0 0.0 0.0 1.0 6.0 0.0
1212.0 0.0 0.0 1.0 0.0 0.0 1.0 6.0 0.0
1213.0 0.0 0.0 1.0 0.0 0.0 1.0 6.0 0.0
1214.0 0.0 0.0 1.0 0.0 0.0 1.0 6.0 0.0
1215.0 0.0 0.0 1.0 0.0 0.0 1.0 6.0 0.0
1216.0 0.0 0.0 1.0 0.0 0.0 1.0 6.0 0.0
1217.0 0.0 0.0 1.0 0.0 0.0 1.0 6.0 0.0
1218.0 0.0 0.0 1.0 0.0 0.0 1.0 6.0 0.0
1219.0 0.0 0.0 1.0 0.0 0.0 1.0 6.0 0.0
1220.0 0.0 0.0 1.0 0.0 0.0 1.0 6.0 0.0
1221.0 0.0 0.0 1.0 0.0 0.0 1.0 6.0 0.0
1222.0 0.0 0.0 1.0 0.0 0.0 1.0 6.0 0.0
1223.0 0.0 0.0 1.0 0.0 0.0 1.0 6.0 0.0
1224.0 0.0 0.0 1.0 0.0 0.0 1.0 6.0 0.0
1225.0 0.0 0.0 1.0 0.0 0.0 1.0 6.0 0.0
1226.0 0.0 0.0 1.0 0.0 0.0 1.0 6.0 0.0
1227.0 0.0 0.0 1.0 0.0 0.0 1.0 6.0 0.0
1228.0 0.0 0.0 1.0 0.0 0.0 1.0 6.0 0.0
1229.0 0.0 0.0 1.0 0.0 0.0 1.0 6.0 0.0
1230.0 0.0 0.0 1.0 0.0 0.0 1.0 6.0 0.0
1231.0 0.0 0.0 1.0 0.0 0.0 1.0 6.0 0.0
1232.0 0.0 0.0 1.0 0.0 0.0 1.0 6.0 0.0
1233.0 0.0 0.0 1.0 0.0 0.0 1.0 6.0 0.0
1234.0 0.0 0.0 1.0 0.0 0.0 1.0 6.0 0.0
1235.0 0.0 0.0 1.0 0.0 0.0 1.0 6.0 0.0
1236.0 0.0 0.0 1.0 0.0 0.0 1.0 6.0 0.0
1237.0 0.0 0.0 1.0 0.0 0.0 1.0 6.0 0.0
1238.0 0.0 0.0 1.0 0.0 0.0 1.0 6.0 0.0
1239.0 0.0 0.0 1.0 0.0 0.0 1.0 6.0 0.0
1240.0 0.0 0.0 1.0 0.0 0.0 1.0 6.0 0.0
1241.0 0.0 0.0 1.0 0.0 0.0 1.0 6.0 0.0
1242.0 0.0 0.0 1.0 0.0 0.0 1.0 6.0 0.0
1243.0 0.0 0.0 1.0 0.0 0.0 1.0 6.0 0.0
1244.0 0.0 0.0 1.0 0.0 0.0 1.0 6.0 0.0
1245.0 0.0 0.0 1.0 0.0 0.0 1.0 6.0 0.0
1246.0 0.0 0.0 1.0 0.0 0.0 1.0 6.0 0.0
1247.0 0.0 0.0 1.0 0.0 0.0 1.0 6.0 0.0
1248.0 0.0 0.0 1.0 0.0 0.0 1.0 6.0 0.0
1249.0 0.0 0.0 1.0 0.0 0.0 1.0 6.0 0.0
1250.0 0.0 0.0 1.0 0.0 0.0 1.0 6.0 0.0
1251.0 0.0 0.0 1.0 0.0 0.0 1.0 6.0 0.0
1252.0 0.0 0.0 1.0 0.0 0.0 1.0 6.0 0.0
1253.0 0.0 0.0 1.0 0.0 0.0 1.0 6.0 0.0
1254.0 0.0 0.0 1.0 0.0 0.0 1.0 6.0 0.0
1255.0 0.0 0.0 1.0 0.0 0.0 1.0 6.0 0.0
1256.0 0.0 0.0 1.0 0.0 0.0 1.0 6.0 0.0
1257.0 0.0 0.0 1.0 0.0 0.0 1.0 6.0 0.0
1258.0 0.0 0.0 1.0 0.0 0.0 1.0 6.0 0.0
1259.0 0.0 0.0 1.0 0.0 0.0 1.0 6.0 0.0
1260.0 0.0 0.0 1.0 0.0 0.0 1.0 6.0 0.0
1261.0 0.0 0.0 1.0 0.0 0.0 1.0 6.0 0.0
1262.0 0.0 0.0 1.0 0.0 0.0 1.0 6.0 0.0
1263.0 0.0 0.0 1.0 0.0 0.0 1.0 6.0 0.0
1264.0 0.0 0.0 1.0 0.0 0.0 1.0 6.0 0.0
1265.0 0.0 0.0 1.0 0.0 0.0 1.0 6.0 0.0
1266.0 0.0 0.0 1.0 0.0 0.0 1.0 6.0 0.0
1267.0 0.0 0.0 1.0 0.0 0.0 1.0 6.0 0.0
1268.0 0.0 0.0 1.0 0.0 0.0 1.0 6.0 0.0
1269.0 0.0 0.0 1.0 0.0 0.0 1.0 6.0 0.0
1270.0 0.0 0.0 1.0 0.0 0.0 1.0 6.0 0.0
1271.0 0.0 0.0 1.0 0.0 0.0 1.0 6.0 0.0
1272.0 0.0 0.0 1.0 0.0 0.0 1.0 6.0 0.0
1273.0 0.0 0.0 1.0 0.0 0.0 1.0 6.0 0.0
1274.0 0.0 0.0 1.0 0.0 0.0 1.0 6.0 0.0
1275.0 0.0 0.0 1.0 0.0 0.0 1.0 6.0 0.0
1276.0 0.0 0.0 1.0 0.0 0.0 1.0 6.0 0.0
1277.0 0.0 0.0 1.0 0.0 0.0 1.0 6.0 0.0
1278.0 0.0 0.0 1.0 0.0 0.0 1.0 6.0 0.0
1279.0 0.0 0.0 1.0 0.0 0.0 1.0 6.0 0.0
1280.0 0.0 0.0 1.0 0.0 0.0 1.0 6.0 0.0
1281.0 0.0 0.0 1.0 0.0 0.0 1.0 6.0 0.0
1282.0 0.0 0.0 1.0 0.0 0.0 1.0 6.0 0.0
1283.0 0.0 0.0 1.0 0.0 0.0 1.0 6.0 0.0
1284.0 0.0 0.0 1.0 0.0 0.0 1.0 6.0 0.0
1285.0 0.0 0.0 1.0 0.0 0.0 1.0 6.0 0.0
1286.0 0.0 0.0 1.0 0.0 0.0 1.0 6.0 0.0
1287.0 0.0 0.0 1.0 0.0 0.0 1.0 6.0 0.0
1288.0 0.0 0.0 1.0 0.0 0.0 1.0 6.0 0.0
1289.0 0.0 0.0 1.0 0.0 0.0 1.0 6.0 0.0
1290.0 0.0 0.0 1.0 0.0 0.0 1.0 6.0 0.0
1291.0 0.0 0.0 1.0 0.0 0.0 1.0 6.0 0.0
1292.0 0.0 0.0 1.0 0.0 0.0 1.0 6.0 0.0
1293.0 0.0 0.0 1.0 0.0 0.0 1.0 6.0 0.0
1294.0 0.0 0.0 1.0 0.0 0.0 1.0 6.0 0.0
1295.0 0.0 0.0 1.0 0.0 0.0 1.0 6.0 0.0
1296.0 0.0 0.0 1.0 0.0 0.0 1.0 6.0 0.0
1297.0 0.0 0.0 1.0 0.0 0.0 1.0 6.0 0.0
1298.0 0.0 0.0 1.0 0.0 0.0 1.0 6.0 0.0
1299.0 0.0 0.0 1.0 0.0 0.0 1.0 6.0 0.0
1300.0 0.0 0.0 1.0 0.0 0.0 1.0 6.0 0.0
1301.0 0.0 0.0 1.0 0.0 0.0 1.0 6.0 0.0
1302.0 0.0 0.0 1.0 0.0 0.0 1.0 6.0 0.0
1303.0 0.0 0.0 1.0 0.0 0.0 1.0 6.0 0.0
1304.0 0.0 0.0 1.0 0.0 0.0 1.0 6.0 0.0
1305.0 0.0 0.0 1.0 0.0 0.0 1.0 6.0 0.0
1306.0 0.0 0.0 1.0 0.0 0.0 1.0 6.0 0.0
1307.0 0.0 0.0 1.0 0.0 0.0 1.0 6.0 0.0
1308.0 0.0 0.0 1.0 0.0 0.0 1.0 6.0 0.0
1309.0 0.0 0.0 1.0 0.0 0.0 1.0 6.0 0.0
1310.0 0.0 0.0 1.0 0.0 0.0 1.0 6.0 0.0
1311.0 0.0 0.0 1.0 0.0 0.0 1.0 6.0 0.0
1312.0 0.0 0.0 1.0 0.0 0.0 1.0 6.0 0.0
1313.0 0.0 0.0 1.0 0.0 0.0 1.0 6.0 0.0
1314.0 0.0 0.0 1.0 0.0 0.0 1.0 6.0 0.0
1315.0 0.0 0.0 1.0 0.0 0.0 1.0 6.0 0.0
1316.0 0.0 0.0 1.0 0.0 0.0 1.0 6.0 0.0
1317.0 0.0 0.0 1.0 0.0 0.0 1.0 6.0 0.0
1318.0 0.0 0.0 1.0 0.0 0.0 1.0 6.0 0.0
1319.0 0.0 0.0 1.0 0.0 0.0 1.0 6.0 0.0
1320.0 0.0 0.0 1.0 0.0 0.0 1.0 6.0 0.0
1321.0 0.0 0.0 1.0 0.0 0.0 1.0 6.0 0.0
1322.0 0.0 0.0 1.0 0.0 0.0 1.0 6.0 0.0
1323.0 0.0 0.0 1.0 0.0 0.0 1.0 6.0 0.0
1324.0 0.0 0.0 1.0 0.0 0.0 1.0 6.0 0.0
1325.0 0.0 0.0 1.0 0.0 0.0 1.0 6.0 0.0
1326.0 0.0 0.0 1.0 0.0 0.0 1.0 6.0 0.0
1327.0 0.0 0.0 1.0 0.0 0.0 1.0 6.0 0.0
1328.0 0.0 0.0 1.0 0.0 0.0 1.0 6.0 0.0
1329.0 0.0 0.0 1.0 0.0 0.0 1.0 6.0 0.0
1330.0 0.0 0.0 1.0 0.0 0.0 1.0 6.0 0.0
1331.0 0.0 0.0 1.0 0.0 0.0 1.0 6.0 0.0
1332.0 0.0 0.0 1.0 0.0 0.0 1.0 6.0 0.0
1333.0 0.0 0.0 1.0 0.0 0.0 1.0 6.0 0.0
1334.0 0.0 0.0 1.0 0.0 0.0 1.0 6.0 0.0
1335.0 0.0 0.0 1.0 0.0 0.0 1.0 6.0 0.0
1336.0 0.0 0.0 1.0 0.0 0.0 1.0 6.0 0.0
1337.0 0.0 0.0 1.0 0.0 0.0 1.0 6.0 0.0
1338.0 0.0 0.0 0.225 0.775 0.0 0.0 6.1 0.3402439024390244
1339.0050541404282 0.0 0.0 0.0 1.0 0.0 0.0 6.875 0.0
1340.013845664366 0.0 0.0 0.0 1.0 0.0 0.0 7.85 0.0
1341.013845664366 0.0 0.0 0.0 1.0 0.0 0.0 8.0 0.0
1342.0073986297616 0.0 0.0 0.0 1.0 0.0 0.0 8.0 0.0
1343.0100580430146 0.0 0.0 0.0 1.0 0.0 0.0 8.0 0.0
1344.013845664366 0.0 0.0 0.0 1.0 0.0 0.0 8.0 0.0
1345.013845664366 0.0 0.0 0.0 1.0 0.0 0.0 8.0 0.0
1346.00262943359 0.0 0.0 0.0 1.0 0.0 0.0 8.0 0.0
1347.0020608740597 0.0 0.0 0.0 1.0 0.0 0.0 8.0 0.0
1348.013845664366 0.0 0.0 0.0 1.0 0.0 0.0 8.0 0.0
1349.013845664366 0.0 0.0 0.0 1.0 0.0 0.0 8.0 0.0
1350.013845664366 0.0 0.0 0.0 1.0 0.0 0.0 8.0 0.0
1351.013845664366 0.0 0.0 0.0 1.0 0.0 0.0 8.0 0.0
1352.013845664366 0.0 0.0 0.0 1.0 0.0 0.0 8.0 0.0
1353.0093852438965 0.0 0.0 0.0 1.0 0.0 0.0 8.0 0.0
1354.013845664366 0.0 0.0 0.0 1.0 0.0 0.0 8.0 0.0
1355.013845664366 0.0 0.0 0.0 1.0 0.0 0.0 8.0 0.0
1356.0132307277122 0.0 0.0 0.0 1.0 0.0 0.0 8.0 0.0
1357.013845664366 0.0 0.0 0.0 1.0 0.0 0.0 8.0 0.0
1358.013845664366 0.0 0.0 0.0 1.0 0.0 0.0 8.0 0.0
1359.013845664366 0.0 0.0 0.0 1.0 0.0 0.0 8.0 0.0
1360.0031361588267 0.0 0.0 0.0 1.0 0.0 0.0 8.0 0.0
1361.013845664366 0.0 0.0 0.0 1.0 0.0 0.0 8.0 0.0
1362.013845664366 0.0 0.0 0.0 1.0 0.0 0.0 8.0 0.0
1363.01213573787 0.0 0.0 0.0 1.0 0.0 0.0 8.0 0.0
1364.013845664366 0.0 0.0 0.0 1.0 0.0 0.0 8.0 0.0
1365.013845664366 0.0 0.0 0.0 1.0 0.0 0.0 8.0 0.0
1366.0133070445488 0.0 0.0 0.0 1.0 0.0 0.0 8.0 0.0
1367.0007090848956 0.0 0.0 0.0 1.0 0.0 0.0 8.0 0.0
1368.0063076700962 0.0 0.0 0.0 1.0 0.0 0.0 8.0 0.0
1369.0107137882144 0.0 0.0 0.0 1.0 0.0 0.0 8.0 0.0
1370.010195869225 0.0 0.0 0.0 1.0 0.0 0.0 8.0 0.0
1371.010160042754 0.0 0.0 0.0 1.0 0.0 0.0 8.0 0.0
1372.013845664366 0.0 0.0 0.0 1.0 0.0 0.0 8.0 0.0
1373.00245518677 0.0 0.0 0.0 1.0 0.0 0.0 8.0 0.0
1374.013845664366 0.0 0.0 0.0 1.0 0.0 0.0 8.0 0.0
1375.013845664366 0.0 0.0 0.0 1.0 0.0 0.0 8.0 0.0
1376.013845664366 0.0 0.0 0.0 1.0 0.0 0.0 8.0 0.0
1377.013845664366 0.0 0.0 0.0 1.0 0.0 0.0 8.0 0.0
1378.013845664366 0.0 0.0 0.0 1.0 0.0 0.0 8.0 0.0
1379.0138150180196 0.0 0.0 0.0 1.0 0.0 0.0 8.0 0.0
1380.0046834066325 0.0 0.0 0.0 1.0 0.0 0.0 8.0 0.0
1381.013845664366 0.0 0.0 0.0 1.0 0.0 0.0 8.0 0.0
1382.013845664366 0.0 0.0 0.0 1.0 0.0 0.0 8.0 0.0
1383.013845664366 0.0 0.0 0.0 1.0 0.0 0.0 8.0 0.0
1384.013845664366 0.0 0.0 0.0 1.0 0.0 0.0 8.0 0.0
1385.0122786572874 0.0 0.0 0.0 1.0 0.0 0.0 8.0 0.0
1386.001519916484 0.0 0.0 0.0 1.0 0.0 0.0 8.0 0.0
1387.0072559829466 0.0 0.0 0.0 1.0 0.0 0.0 8.0 0.0
1388.013845664366 0.0 0.0 0.0 1.0 0.0 0.0 8.0 0.0
1389.0105254789346 0.0 0.0 0.0 1.0 0.0 0.0 8.0 0.0
1390.0036171745182 0.0 0.0 0.0 1.0 0.0 0.0 8.0 0.0
1391.0037947598664 0.0 0.0 0.0 1.0 0.0 0.0 8.0 0.0
1392.013845664366 0.0 0.0 0.0 1.0 0.0 0.0 8.0 0.0
1393.013845664366 0.0 0.0 0.0 1.0 0.0 0.0 8.0 0.0
1394.013845664366 0.0 0.0 0.0 1.0 0.0 0.0 8.0 0.0
1395.0043278633827 0.0 0.0 0.0 1.0 0.0 0.0 8.0 0.0
1396.013845664366 0.0 0.0 0.0 1.0 0.0 0.0 8.0 0.0
1397.0062825610396 0.0 0.0 0.0 1.0 0.0 0.0 8.0 0.0
1398.013845664366 0.0 0.0 0.0 1.0 0.0 0.0 8.0 0.0
1399.0121376892507 0.0 0.0 0.0 1.0 0.0 0.0 8.0 0.0
1400.0086544556063 0.0 0.0 0.0 1.0 0.0 0.0 8.0 0.0
1401.0020210617554 0.0 0.0 0.0 1.0 0.0 0.0 8.0 0.0
1402.013845664366 0.0 0.0 0.0 1.0 0.0 0.0 8.0 0.0
1403.013845664366 0.0 0.0 0.0 1.0 0.0 0.0 8.0 0.0
1404.013845664366 0.0 0.0 0.0 1.0 0.0 0.0 8.0 0.0
1405.013845664366 0.0 0.0 0.0 1.0 0.0 0.0 8.0 0.0
1406.013845664366 0.0 0.0 0.0 1.0 0.0 0.0 8.0 0.0
1407.0094905714711 0.0 0.0 0.0 1.0 0.0 0.0 8.0 0.0
1408.007892304438 0.0 0.0 0.0 1.0 0.0 0.0 8.0 0.0
1409.013845664366 0.0 0.0 0.0 1.0 0.0 0.0 8.0 0.0
1410.013845664366 0.0 0.0 0.0 1.0 0.0 0.0 8.0 0.0
1411.0029622178577 0.0 0.0 0.0 1.0 0.0 0.0 8.0 0.0
1412.013845664366 0.0 0.0 0.0 1.0 0.0 0.0 8.0 0.0
1413.013845664366 0.0 0.0 0.0 1.0 0.0 0.0 8.0 0.0
1414.013845664366 0.0 0.0 0.0 1.0 0.0 0.0 8.0 0.0
1415.013845664366 0.0 0.0 0.0 1.0 0.0 0.0 8.0 0.0
1416.013845664366 0.0 0.0 0.0 1.0 0.0 0.0 8.0 0.0
1417.013845664366 0.0 0.0 0.0 1.0 0.0 0.0 8.0 0.0
1418.013845664366 0.0 0.0 0.0 1.0 0.0 0.0 8.0 0.0
1419.0029146386717 0.0 0.0 0.0 1.0 0.0 0.0 8.0 0.0
1420.013845664366 0.0 0.0 0.0 1.0 0.0 0.0 8.0 0.0
1421.0127535638587 0.0 0.0 0.0 1.0 0.0 0.0 8.0 0.0
1422.013845664366 0.0 0.0 0.0 1.0 0.0 0.0 8.0 0.0
1423.0035825919156 0.0 0.0 0.0 1.0 0.0 0.0 8.0 0.0
1424.013845664366 0.0 0.0 0.0 1.0 0.0 0.0 8.0 0.0
1425.0123166263563 0.0 0.0 0.0 1.0 0.0 0.0 8.0 0.0
1426.000733829644 0.0 0.0 0.0 1.0 0.0 0.0 8.0 0.0
1427.013845664366 0.0 0.0 0.0 1.0 0.0 0.0 8.0 0.0
1428.0125986903113 0.0 0.0 0.0 1.0 0.0 0.0 8.0 0.0
1429.00535183166 0.0 0.0 0.0 1.0 0.0 0.0 8.0 0.0
1430.013845664366 0.0 0.0 0.0 1.0 0.0 0.0 8.0 0.0
1431.013845664366 0.0 0.0 0.0 1.0 0.0 0.0 8.0 0.0
1432.0001155413756 0.0 0.0 0.0 1.0 0.0 0.0 8.0 0.0
1433.013845664366 0.0 0.0 0.0 1.0 0.0 0.0 8.0 0.0
1434.013845664366 0.0 0.0 0.0 1.0 0.0 0.0 8.0 0.0
1435.013845664366 0.0 0.0 0.0 1.0 0.0 0.0 8.0 0.0
1436.013845664366 0.0 0.0 0.0 1.0 0.0 0.0 8.0 0.0
1437.013845664366 0.0 0.0 0.0 1.0 0.0 0.0 8.0 0.0
1438.013845664366 0.0 0.0 0.0 1.0 0.0 0.0 8.0 0.0
1439.013845664366 0.0 0.0 0.0 1.0 0.0 0.0 8.0 0.0
1440.01176166724 0.0 0.0 0.0 1.0 0.0 0.0 8.0 0.0
1441.007301038181 0.0 0.0 0.0 1.0 0.0 0.0 8.0 0.0
1442.013845664366 0.0 0.0 0.0 1.0 0.0 0.0 8.0 0.0
1443.013845664366 0.0 0.0 0.0 1.0 0.0 0.0 8.0 0.0
1444.013845664366 0.0 0.0 0.0 1.0 0.0 0.0 8.0 0.0
1445.0079699750208 0.0 0.0 0.0 1.0 0.0 0.0 8.0 0.0
1446.013845664366 0.0 0.0 0.0 1.0 0.0 0.0 8.0 0.0
1447.013845664366 0.0 0.0 0.0 1.0 0.0 0.0 8.0 0.0
1448.013845664366 0.0 0.0 0.0 1.0 0.0 0.0 8.0 0.0
1449.0025646902072 0.0 0.0 0.0 1.0 0.0 0.0 8.0 0.0
1450.0031964882012 0.0 0.0 0.0 1.0 0.0 0.0 8.0 0.0
1451.005202762439 0.0 0.0 0.0 1.0 0.0 0.0 8.0 0.0
1452.013845664366 0.0 0.0 0.0 1.0 0.0 0.0 8.0 0.0
1453.013845664366 0.0 0.0 0.0 1.0 0.0 0.0 8.0 0.0
1454.013845664366 0.0 0.0 0.0 1.0 0.0 0.0 8.0 0.0
1455.013845664366 0.0 0.0 0.0 1.0 0.0 0.0 8.0 0.0
1456.0114639309872 0.0 0.0 0.0 1.0 0.0 0.0 8.0 0.0
1457.013845664366 0.0 0.0 0.0 1.0 0.0 0.0 8.0 0.0
1458.013012194181 0.0 0.0 0.0 1.0 0.0 0.0 8.0 0.0
1459.013845664366 0.0 0.0 0.0 1.0 0.0 0.0 8.0 0.0
1460.013845664366 0.0 0.0 0.0 1.0 0.0 0.0 8.0 0.0
1461.013845664366 0.0 0.0 0.0 1.0 0.0 0.0 8.0 0.0
1462.0038288031585 0.0 0.0 0.0 1.0 0.0 0.0 8.0 0.0
1463.0063696298132 0.0 0.0 0.0 1.0 0.0 0.0 8.0 0.0
1464.0102401896056 0.0 0.0 0.0 1.0 0.0 0.0 8.0 0.0
1465.013845664366 0.0 0.0 0.0 1.0 0.0 0.0 8.0 0.0
1466.013845664366 0.0 0.0 0.0 1.0 0.0 0.0 8.0 0.0
1467.013845664366 0.0 0.0 0.0 1.0 0.0 0.0 8.0 0.0
1468.013845664366 0.0 0.0 0.0 1.0 0.0 0.0 8.0 0.0
1469.013845664366 0.0 0.0 0.0 1.0 0.0 0.0 8.0 0.0
1470.013845664366 0.0 0.0 0.0 1.0 0.0 0.0 8.0 0.0
1471.0088983423082 0.0 0.0 0.0 1.0 0.0 0.0 8.0 0.0
1472.0078113629595 0.0 0.0 0.0 1.0 0.0 0.0 8.0 0.0
1473.013845664366 0.0 0.0 0.0 1.0 0.0 0.0 8.0 0.0
1474.013845664366 0.0 0.0 0.0 1.0 0.0 0.0 8.0 0.0
1475.0075163611446 0.0 0.0 0.0 1.0 0.0 0.0 8.0 0.0
1476.0131109128251 0.0 0.0 0.0 1.0 0.0 0.0 8.0 0.0
1477.0063409639622 0.0 0.0 0.0 1.0 0.0 0.0 8.0 0.0
1478.0086748234219 0.0 0.0 0.0 1.0 0.0 0.0 8.0 0.0
1479.013845664366 0.0 0.0 0.0 1.0 0.0 0.0 8.0 0.0
1480.013845664366 0.0 0.0 0.0 1.0 0.0 0.0 8.0 0.0
1481.0133265456743 0.0 0.0 0.0 1.0 0.0 0.0 8.0 0.0
1482.013845664366 0.0 0.0 0.0 1.0 0.0 0.0 8.0 0.0
1483.013845664366 0.0 0.0 0.0 1.0 0.0 0.0 8.0 0.0
1484.013845664366 0.0 0.0 0.0 1.0 0.0 0.0 8.0 0.0
1485.013845664366 0.0 0.0 0.0 1.0 0.0 0.0 8.0 0.0
1486.013845664366 0.0 0.0 0.0 1.0 0.0 0.0 8.0 0.0
1487.013845664366 0.0 0.0 0.0 1.0 0.0 0.0 8.0 0.0
1488.0017379456792 0.0 0.0 0.0 1.0 0.0 0.0 8.0 0.0
1489.013845664366 0.0 0.0 0.0 1.0 0.0 0.0 8.0 0.0
1490.013845664366 0.0 0.0 0.0 1.0 0.0 0.0 8.0 0.0
1491.0108524120226 0.0 0.0 0.0 1.0 0.0 0.0 8.0 0.0
1492.0128982031936 0.0 0.0 0.0 1.0 0.0 0.0 8.0 0.0
1493.013845664366 0.0 0.0 0.0 1.0 0.0 0.0 8.0 0.0
1494.013845664366 0.0 0.0 0.0 1.0 0.0 0.0 8.0 0.0
1495.013845664366 0.0 0.0 0.0 1.0 0.0 0.0 8.0 0.0
1496.013845664366 0.0 0.0 0.0 1.0 0.0 0.0 8.0 0.0
1497.0070872245562 0.0 0.0 0.0 1.0 0.0 0.0 8.0 0.0
1498.013845664366 0.0 0.0 0.0 1.0 0.0 0.0 8.0 0.0
1499.013845664366 0.0 0.0 0.0 1.0 0.0 0.0 8.0 0.0
1500.013845664366 0.0 0.0 0.0 1.0 0.0 0.0 8.0 0.0
1501.0009458508598 0.0 0.0 0.0 1.0 0.0 0.0 8.0 0.0
1502.013845664366 0.0 0.0 0.0 1.0 0.0 0.0 8.0 0.0
1503.013845664366 0.0 0.0 0.0 1.0 0.0 0.0 8.0 0.0
1504.0072726405817 0.0 0.0 0.0 1.0 0.0 0.0 8.0 0.0
1505.013845664366 0.0 0.0 0.0 1.0 0.0 0.0 8.0 0.0
1506.0033787837037 0.0 0.0 0.0 1.0 0.0 0.0 8.0 0.0
1507.013845664366 0.0 0.0 0.0 1.0 0.0 0.0 8.0 0.0
1508.013845664366 0.0 0.0 0.0 1.0 0.0 0.0 8.0 0.0
1509.013845664366 0.0 0.0 0.0 1.0 0.0 0.0 8.0 0.0
1510.0060345427585 0.0 0.0 0.0 1.0 0.0 0.0 8.0 0.0
1511.013845664366 0.0 0.0 0.0 1.0 0.0 0.0 8.0 0.0
1512.0075150032558 0.0 0.0 0.0 1.0 0.0 0.0 8.0 0.0
1513.0025646691022 0.0 0.0 0.0 1.0 0.0 0.0 8.0 0.0
1514.013845664366 0.0 0.0 0.0 1.0 0.0 0.0 8.0 0.0
1515.013845664366 0.0 0.0 0.0 1.0 0.0 0.0 8.0 0.0
1516.013845664366 0.0 0.0 0.0 1.0 0.0 0.0 8.0 0.0
1517.0015890211728 0.0 0.0 0.0 1.0 0.0 0.0 8.0 0.0
1518.004749954102 0.0 0.0 0.0 1.0 0.0 0.0 8.0 0.0
1519.013845664366 0.0 0.0 0.0 1.0 0.0 0.0 8.0 0.0
1520.0068511213078 0.0 0.0 0.0 1.0 0.0 0.0 8.0 0.0
1521.013845664366 0.0 0.0 0.0 1.0 0.0 0.0 8.0 0.0
1522.013845664366 0.0 0.0 0.0 1.0 0.0 0.0 8.0 0.0
1523.013845664366 0.0 0.0 0.0 1.0 0.0 0.0 8.0 0.0
1524.013845664366 0.0 0.0 0.0 1.0 0.0 0.0 8.0 0.0
1525.00251297468 0.0 0.0 0.0 1.0 0.0 0.0 8.0 0.0
1526.0083024372043 0.0 0.0 0.0 1.0 0.0 0.0 8.0 0.0
1527.013845664366 0.0 0.0 0.0 1.0 0.0 0.0 8.0 0.0
1528.0133401489693 0.0 0.0 0.0 1.0 0.0 0.0 8.0 0.0
1529.013845664366 0.0 0.0 0.0 1.0 0.0 0.0 8.0 0.0
1530.013845664366 0.0 0.0 0.0 1.0 0.0 0.0 8.0 0.0
1531.013845664366 0.0 0.0 0.0 1.0 0.0 0.0 8.0 0.0
1532.013660707584 0.0 0.0 0.0 1.0 0.0 0.0 8.0 0.0
1533.013845664366 0.0 0.0 0.0 1.0 0.0 0.0 8.0 0.0
1534.013845664366 0.0 0.0 0.0 1.0 0.0 0.0 8.0 0.0
1535.0084049902562 0.0 0.0 0.0 1.0 0.0 0.0 8.0 0.0
1536.013845664366 0.0 0.0 0.0 1.0 0.0 0.0 8.0 0.0
1537.0004657531988 0.0 0.0 0.0 1.0 0.0 0.0 8.0 0.0
1538.0034167032675 0.0 0.0 0.0 1.0 0.0 0.0 8.0 0.0
1539.0097796818868 0.0 0.0 0.0 1.0 0.0 0.0 8.0 0.0
1540.013845664366 0.0 0.0 0.0 1.0 0.0 0.0 8.0 0.0
1541.013845664366 0.0 0.0 0.0 1.0 0.0 0.0 8.0 0.0
1542.000839472506 0.0 0.0 0.0 1.0 0.0 0.0 8.0 0.0
1543.013845664366 0.0 0.0 0.0 1.0 0.0 0.0 8.0 0.0
1544.0034617634326 0.0 0.0 0.0 1.0 0.0 0.0 8.0 0.0
1545.013845664366 0.0 0.0 0.0 1.0 0.0 0.0 8.0 0.0
1546.013845664366 0.0 0.0 0.0 1.0 0.0 0.0 8.0 0.0
1547.013845664366 0.0 0.0 0.0 1.0 0.0 0.0 8.0 0.0
1548.005215844756 0.0 0.0 0.0 1.0 0.0 0.0 8.0 0.0
1549.013845664366 0.0 0.0 0.0 1.0 0.0 0.0 8.0 0.0
1550.013845664366 0.0 0.0 0.0 1.0 0.0 0.0 8.0 0.0
1551.013845664366 0.0 0.0 0.0 1.0 0.0 0.0 8.0 0.0
1552.013845664366 0.0 0.0 0.0 1.0 0.0 0.0 8.0 0.0
1553.013845664366 0.0 0.0 0.0 1.0 0.0 0.0 8.0 0.0
1554.013845664366 0.0 0.0 0.0 1.0 0.0 0.0 8.0 0.0
1555.013845664366 0.0 0.0 0.0 1.0 0.0 0.0 8.0 0.0
1556.0048850649541 0.0 0.0 0.0 1.0 0.0 0.0 8.0 0.0
1557.0063242578474 0.0 0.0 0.0 1.0 0.0 0.0 8.0 0.0
1558.013845664366 0.0 0.0 0.0 1.0 0.0 0.0 8.0 0.0
1559.013845664366 0.0 0.0 0.0 1.0 0.0 0.0 8.0 0.0
1560.0044184176884 0.0 0.0 0.0 1.0 0.0 0.0 8.0 0.0
1561.0041740867985 0.0 0.0 0.0 1.0 0.0 0.0 8.0 0.0
1562.0051522560657 0.0 0.0 0.0 1.0 0.0 0.0 8.0 0.0
1563.003224254472 0.0 0.0 0.0 1.0 0.0 0.0 8.0 0.0
1564.013845664366 0.0 0.0 0.0 1.0 0.0 0.0 8.0 0.0
1565.0112824432485 0.0 0.0 0.0 1.0 0.0 0.0 8.0 0.0
1566.013845664366 0.0 0.0 0.0 1.0 0.0 0.0 8.0 0.0
1567.013845664366 0.0 0.0 0.0 1.0 0.0 0.0 8.0 0.0
1568.013845664366 0.0 0.0 0.0 1.0 0.0 0.0 8.0 0.0
1569.013845664366 0.0 0.0 0.0 1.0 0.0 0.0 8.0 0.0
1570.013845664366 0.0 0.0 0.0 1.0 0.0 0.0 8.0 0.0
1571.013845664366 0.0 0.0 0.0 1.0 0.0 0.0 8.0 0.0
1572.013845664366 0.0 0.0 0.0 1.0 0.0 0.0 8.0 0.0
1573.013845664366 0.0 0.0 0.0 1.0 0.0 0.0 8.0 0.0
1574.0100519975322 0.0 0.0 0.0 1.0 0.0 0.0 8.0 0.0
1575.013845664366 0.0 0.0 0.0 1.0 0.0 0.0 8.0 0.0
1576.013845664366 0.0 0.0 0.0 1.0 0.0 0.0 8.0 0.0
1577.013845664366 0.0 0.0 0.0 1.0 0.0 0.0 8.0 0.0
1578.013845664366 0.0 0.0 0.0 1.0 0.0 0.0 8.0 0.0
1579.013845664366 0.0 0.0 0.0 1.0 0.0 0.0 8.0 0.0
1580.0125714499889 0.0 0.0 0.0 1.0 0.0 0.0 8.0 0.0
1581.013845664366 0.0 0.0 0.0 1.0 0.0 0.0 8.0 0.0
1582.013845664366 0.0 0.0 0.0 1.0 0.0 0.0 8.0 0.0
1583.0109673197248 0.0 0.0 0.0 1.0 0.0 0.0 8.0 0.0
1584.0065291650656 0.0 0.0 0.0 1.0 0.0 0.0 8.0 0.0
1585.013845664366 0.0 0.0 0.0 1.0 0.0 0.0 8.0 0.0
1586.0043588410888 0.0 0.0 0.0 1.0 0.0 0.0 8.0 0.0
1587.0009116579797 0.0 0.0 0.0 1.0 0.0 0.0 8.0 0.0
1588.013845664366 0.0 0.0 0.0 1.0 0.0 0.0 8.0 0.0
1589.013845664366 0.0 0.0 0.0 1.0 0.0 0.0 8.0 0.0
1590.0106166958453 0.0 0.0 0.0 1.0 0.0 0.0 8.0 0.0
1591.013845664366 0.0 0.0 0.0 1.0 0.0 0.0 8.0 0.0
1592.0076626604762 0.0 0.0 0.0 1.0 0.0 0.0 8.0 0.0
1593.013845664366 0.0 0.0 0.0 1.0 0.0 0.0 8.0 0.0
1594.009664981142 0.0 0.0 0.0 1.0 0.0 0.0 8.0 0.0
1595.0044909877095 0.0 0.0 0.0 1.0 0.0 0.0 8.0 0.0
1596.0001807202889 0.0 0.0 0.0 1.0 0.0 0.0 8.0 0.0
1597.013845664366 0.0 0.0 0.0 1.0 0.0 0.0 8.0 0.0
1598.013845664366 0.0 0.0 0.0 1.0 0.0 0.0 8.0 0.0
1599.0012982628546 0.0 0.0 0.0 1.0 0.0 0.0 8.0 0.0
1600.013845664366 0.0 0.0 0.0 1.0 0.0 0.0 8.0 0.0
1601.0066076986716 0.0 0.0 0.0 1.0 0.0 0.0 8.0 0.0
1602.0070320430482 0.0 0.0 0.0 1.0 0.0 0.0 8.0 0.0
1603.0035950175302 0.0 0.0 0.0 1.0 0.0 0.0 8.0 0.0
1604.013845664366 0.0 0.0 0.0 1.0 0.0 0.0 8.0 0.0
1605.013845664366 0.0 0.0 0.0 1.0 0.0 0.0 8.0 0.0
1606.013845664366 0.0 0.0 0.0 1.0 0.0 0.0 8.0 0.0
1607.013845664366 0.0 0.0 0.0 1.0 0.0 0.0 8.0 0.0
1608.013845664366 0.0 0.0 0.0 1.0 0.0 0.0 8.0 0.0
1609.004984253259 0.0 0.0 0.0 1.0 0.0 0.0 8.0 0.0
1610.013845664366 0.0 0.0 0.0 1.0 0.0 0.0 8.0 0.0
1611.0091849208843 0.0 0.0 0.0 1.0 0.0 0.0 8.0 0.0
1612.002666480797 0.0 0.0 0.0 1.0 0.0 0.0 8.0 0.0
1613.013845664366 0.0 0.0 0.0 1.0 0.0 0.0 8.0 0.0
1614.013845664366 0.0 0.0 0.0 1.0 0.0 0.0 8.0 0.0
1615.013845664366 0.0 0.0 0.0 1.0 0.0 0.0 8.0 0.0
1616.0135158428486 0.0 0.0 0.0 1.0 0.0 0.0 8.0 0.0
1617.013845664366 0.0 0.0 0.0 1.0 0.0 0.0 8.0 0.0
1618.0092146393515 0.0 0.0 0.0 1.0 0.0 0.0 8.0 0.0
1619.0134491022586 0.0 0.0 0.0 1.0 0.0 0.0 8.0 0.0
1620.0135490383475 0.0 0.0 0.0 1.0 0.0 0.0 8.0 0.0
1621.002932719248 0.0 0.0 0.0 1.0 0.0 0.0 8.0 0.0
1622.004810720789 0.0 0.0 0.0 1.0 0.0 0.0 8.0 0.0
1623.013845664366 0.0 0.0 0.0 1.0 0.0 0.0 8.0 0.0
1624.0013917306146 0.0 0.0 0.0 1.0 0.0 0.0 8.0 0.0
1625.00207273834 0.0 0.0 0.0 1.0 0.0 0.0 8.0 0.0
1626.013845664366 0.0 0.0 0.0 1.0 0.0 0.0 8.0 0.0
1627.013845664366 0.0 0.0 0.0 1.0 0.0 0.0 8.0 0.0
1628.013845664366 0.0 0.0 0.0 1.0 0.0 0.0 8.0 0.0
1629.013845664366 0.0 0.0 0.0 1.0 0.0 0.0 8.0 0.0
1630.0013426941111 0.0 0.0 0.0 1.0 0.0 0.0 8.0 0.0
1631.013845664366 0.0 0.0 0.0 1.0 0.0 0.0 8.0 0.0
1632.003859564357 0.0 0.0 0.0 1.0 0.0 0.0 8.0 0.0
1633.013845664366 0.0 0.0 0.0 1.0 0.0 0.0 8.0 0.0
1634.013845664366 0.0 0.0 0.0 1.0 0.0 0.0 8.0 0.0
1635.0096015157205 0.0 0.0 0.0 1.0 0.0 0.0 8.0 0.0
1636.013845664366 0.0 0.0 0.0 1.0 0.0 0.0 8.0 0.0
1637.013845664366 0.0 0.0 0.0 1.0 0.0 0.0 8.0 0.0
1638.0000216337244 0.0 0.0 0.0 1.0 0.0 0.0 8.0 0.0
1639.0123102298005 0.0 0.0 0.0 1.0 0.0 0.0 8.0 0.0
1640.013845664366 0.0 0.0 0.0 1.0 0.0 0.0 8.0 0.0
1641.013845664366 0.0 0.0 0.0 1.0 0.0 0.0 8.0 0.0
1642.013845664366 0.0 0.0 0.0 1.0 0.0 0.0 8.0 0.0
1643.0009813765055 0.0 0.0 0.0 1.0 0.0 0.0 8.0 0.0
1644.013845664366 0.0 0.0 0.0 1.0 0.0 0.0 8.0 0.0
1645.0085554870593 0.0 0.0 0.0 1.0 0.0 0.0 8.0 0.0
1646.013845664366 0.0 0.0 0.0 1.0 0.0 0.0 8.0 0.0
1647.013845664366 0.0 0.0 0.0 1.0 0.0 0.0 8.0 0.0
1648.0022431148475 0.0 0.0 0.0 1.0 0.0 0.0 8.0 0.0
1649.013845664366 0.0 0.0 0.0 1.0 0.0 0.0 8.0 0.0
1650.0112878163486 0.0 0.0 0.0 1.0 0.0 0.0 8.0 0.0
1651.013845664366 0.0 0.0 0.0 1.0 0.0 0.0 8.0 0.0
1652.013845664366 0.0 0.0 0.0 1.0 0.0 0.0 8.0 0.0
1653.013845664366 0.0 0.0 0.0 1.0 0.0 0.0 8.0 0.0
1654.013845664366 0.0 0.0 0.0 1.0 0.0 0.0 8.0 0.0
1655.004618605647 0.0 0.0 0.0 1.0 0.0 0.0 8.0 0.0
1656.013845664366 0.0 0.0 0.0 1.0 0.0 0.0 8.0 0.0
1657.013845664366 0.0 0.0 0.0 1.0 0.0 0.0 8.0 0.0
1658.013845664366 0.0 0.0 0.0 1.0 0.0 0.0 8.0 0.0
1659.004291144915 0.0 0.0 0.0 1.0 0.0 0.0 8.0 0.0
1660.013845664366 0.0 0.0 0.0 1.0 0.0 0.0 8.0 0.0
1661.0020705039758 0.0 0.0 0.0 1.0 0.0 0.0 8.0 0.0
1662.0121305902428 0.0 0.0 0.0 1.0 0.0 0.0 8.0 0.0
1663.013845664366 0.0 0.0 0.0 1.0 0.0 0.0 8.0 0.0
1664.0079135908493 0.0 0.0 0.0 1.0 0.0 0.0 8.0 0.0
1665.002926345237 0.0 0.0 0.0 1.0 0.0 0.0 8.0 0.0
1666.0068952461747 0.0 0.0 0.0 1.0 0.0 0.0 8.0 0.0
1667.013845664366 0.0 0.0 0.0 1.0 0.0 0.0 8.0 0.0
1668.013845664366 0.0 0.0 0.0 1.0 0.0 0.0 8.0 0.0
1669.0067774873578 0.0 0.0 0.0 1.0 0.0 0.0 8.0 0.0
1670.013845664366 0.0 0.0 0.0 1.0 0.0 0.0 8.0 0.0
1671.013845664366 0.0 0.0 0.0 1.0 0.0 0.0 8.0 0.0
1672.013845664366 0.0 0.0 0.0 1.0 0.0 0.0 8.0 0.0
1673.012247808729 0.0 0.0 0.0 1.0 0.0 0.0 8.0 0.0
1674.013845664366 0.0 0.0 0.0 1.0 0.0 0.0 8.0 0.0
1675.013845664366 0.0 0.0 0.0 1.0 0.0 0.0 8.0 0.0
1676.013845664366 0.0 0.0 0.0 1.0 0.0 0.0 8.0 0.0
1677.013845664366 0.0 0.0 0.0 1.0 0.0 0.0 8.0 0.0
1678.0123664644632 0.0 0.0 0.0 1.0 0.0 0.0 8.0 0.0
1679.013845664366 0.0 0.0 0.0 1.0 0.0 0.0 8.0 0.0
1680.008961066467 0.0 0.0 0.0 1.0 0.0 0.0 8.0 0.0
1681.013845664366 0.0 0.0 0.0 1.0 0.0 0.0 8.0 0.0
1682.013845664366 0.0 0.0 0.0 1.0 0.0 0.0 8.0 0.0
1683.013845664366 0.0 0.0 0.0 1.0 0.0 0.0 8.0 0.0
1684.0050985346581 0.0 0.0 0.0 1.0 0.0 0.0 8.0 0.0
1685.013845664366 0.0 0.0 0.0 1.0 0.0 0.0 8.0 0.0
1686.0050085767618 0.0 0.0 0.0 1.0 0.0 0.0 8.0 0.0
1687.013845664366 0.0 0.0 0.0 1.0 0.0 0.0 8.0 0.0
1688.013845664366 0.0 0.0 0.0 1.0 0.0 0.0 8.0 0.0
1689.0108253012281 0.0 0.0 0.0 1.0 0.0 0.0 8.0 0.0
1690.013845664366 0.0 0.0 0.0 1.0 0.0 0.0 8.0 0.0
1691.0031572349183 0.0 0.0 0.0 1.0 0.0 0.0 8.0 0.0
1692.013845664366 0.0 0.0 0.0 1.0 0.0 0.0 8.0 0.0
1693.0037893033934 0.0 0.0 0.0 1.0 0.0 0.0 8.0 0.0
1694.013845664366 0.0 0.0 0.0 1.0 0.0 0.0 8.0 0.0
1695.0017863677338 0.0 0.0 0.0 1.0 0.0 0.0 8.0 0.0
1696.013845664366 0.0 0.0 0.0 1.0 0.0 0.0 8.0 0.0
1697.013845664366 0.0 0.0 0.0 1.0 0.0 0.0 8.0 0.0
1698.0047149107934 0.0 0.0 0.0 1.0 0.0 0.0 8.0 0.0
1699.010962444242 0.0 0.0 0.0 1.0 0.0 0.0 8.0 0.0
1700.0009367242867 0.0 0.0 0.0 1.0 0.0 0.0 8.0 0.0
1701.013845664366 0.0 0.0 0.0 1.0 0.0 0.0 8.0 0.0
1702.013845664366 0.0 0.0 0.0 1.0 0.0 0.0 8.0 0.0
1703.002831266432 0.0 0.0 0.0 1.0 0.0 0.0 8.0 0.0
1704.013845664366 0.0 0.0 0.0 1.0 0.0 0.0 8.0 0.0
1705.013845664366 0.0 0.0 0.0 1.0 0.0 0.0 8.0 0.0
1706.0135925515692 0.0 0.0 0.0 1.0 0.0 0.0 8.0 0.0
1707.0082314854842 0.0 0.0 0.0 1.0 0.0 0.0 8.0 0.0
1708.0005345367886 0.0 0.0 0.0 1.0 0.0 0.0 8.0 0.0
1709.001351041676 0.0 0.0 0.0 1.0 0.0 0.0 8.0 0.0
1710.013845664366 0.0 0.0 0.0 1.0 0.0 0.0 8.0 0.0
1711.013845664366 0.0 0.0 0.0 1.0 0.0 0.0 8.0 0.0
1712.013845664366 0.0 0.0 0.0 1.0 0.0 0.0 8.0 0.0
1713.013845664366 0.0 0.0 0.0 1.0 0.0 0.0 8.0 0.0
1714.013845664366 0.0 0.0 0.0 1.0 0.0 0.0 8.0 0.0
1715.013845664366 0.0 0.0 0.0 1.0 0.0 0.0 8.0 0.0
1716.013845664366 0.0 0.0 0.0 1.0 0.0 0.0 8.0 0.0
1717.0106727037498 0.0 0.0 0.0 1.0 0.0 0.0 8.0 0.0
1718.013845664366 0.0 0.0 0.0 1.0 0.0 0.0 8.0 0.0
1719.013845664366 0.0 0.0 0.0 1.0 0.0 0.0 8.0 0.0
1720.006922904379 0.0 0.0 0.0 1.0 0.0 0.0 8.0 0.0
1721.0062461924429 0.0 0.0 0.0 1.0 0.0 0.0 8.0 0.0
1722.013845664366 0.0 0.0 0.0 1.0 0.0 0.0 8.0 0.0
1723.0107234752895 0.0 0.0 0.0 1.0 0.0 0.0 8.0 0.0
1724.013845664366 0.0 0.0 0.0 1.0 0.0 0.0 8.0 0.0
1725.013845664366 0.0 0.0 0.0 1.0 0.0 0.0 8.0 0.0
1726.0115457823206 0.0 0.0 0.0 1.0 0.0 0.0 8.0 0.0
1727.0016749327124 0.0 0.0 0.0 1.0 0.0 0.0 8.0 0.0
1728.013845664366 0.0 0.0 0.0 1.0 0.0 0.0 8.0 0.0
1729.0132180661133 0.0 0.0 0.0 1.0 0.0 0.0 8.0 0.0
1730.013845664366 0.0 0.0 0.0 1.0 0.0 0.0 8.0 0.0
1731.0089364522225 0.0 0.0 0.0 1.0 0.0 0.0 8.0 0.0
1732.0005127465301 0.0 0.0 0.0 1.0 0.0 0.0 8.0 0.0
1733.0072078126102 0.0 0.0 0.0 1.0 0.0 0.0 8.0 0.0
1734.013845664366 0.0 0.0 0.0 1.0 0.0 0.0 8.0 0.0
1735.004224768517 0.0 0.0 0.0 1.0 0.0 0.0 8.0 0.0
1736.013845664366 0.0 0.0 0.0 1.0 0.0 0.0 8.0 0.0
1737.0078377371924 0.0 0.0 0.0 1.0 0.0 0.0 8.0 0.0
1738.0039278211864 0.0 0.0 0.0 1.0 0.0 0.0 8.0 0.0
1739.013845664366 0.0 0.0 0.0 1.0 0.0 0.0 8.0 0.0
1740.013845664366 0.0 0.0 0.0 1.0 0.0 0.0 8.0 0.0
1741.013845664366 0.0 0.0 0.0 1.0 0.0 0.0 8.0 0.0
1742.0045376678152 0.0 0.0 0.0 1.0 0.0 0.0 8.0 0.0
1743.0008362773683 0.0 0.0 0.0 1.0 0.0 0.0 8.0 0.0
1744.0098964308693 0.0 0.0 0.0 1.0 0.0 0.0 8.0 0.0
1745.0106515227644 0.0 0.0 0.0 1.0 0.0 0.0 8.0 0.0
1746.0107215907656 0.0 0.0 0.0 1.0 0.0 0.0 8.0 0.0
1747.013845664366 0.0 0.0 0.0 1.0 0.0 0.0 8.0 0.0
1748.013845664366 0.0 0.0 0.0 1.0 0.0 0.0 8.0 0.0
1749.0020575820197 0.0 0.0 0.0 1.0 0.0 0.0 8.0 0.0
1750.013845664366 0.0 0.0 0.0 1.0 0.0 0.0 8.0 0.0
1751.013845664366 0.0 0.0 0.0 1.0 0.0 0.0 8.0 0.0
1752.013845664366 0.0 0.0 0.0 1.0 0.0 0.0 8.0 0.0
1753.0044929024903 0.0 0.0 0.0 1.0 0.0 0.0 8.0 0.0
1754.013845664366 0.0 0.0 0.0 1.0 0.0 0.0 8.0 0.0
1755.010240422997 0.0 0.0 0.0 1.0 0.0 0.0 8.0 0.0
1756.0001952711668 0.0 0.0 0.0 1.0 0.0 0.0 8.0 0.0
1757.0007150572394 0.0 0.0 0.0 1.0 0.0 0.0 8.0 0.0
1758.013845664366 0.0 0.0 0.0 1.0 0.0 0.0 8.0 0.0
1759.013845664366 0.0 0.0 0.0 1.0 0.0 0.0 8.0 0.0
1760.013845664366 0.0 0.0 0.0 1.0 0.0 0.0 8.0 0.0
1761.0013460328082 0.0 0.0 0.0 1.0 0.0 0.0 8.0 0.0
1762.013845664366 0.0 0.0 0.0 1.0 0.0 0.0 8.0 0.0
1763.013845664366 0.0 0.0 0.0 1.0 0.0 0.0 8.0 0.0
1764.0116517875879 0.0 0.0 0.0 1.0 0.0 0.0 8.0 0.0
1765.013845664366 0.0 0.0 0.0 1.0 0.0 0.0 8.0 0.0
1766.0057950518092 0.0 0.0 0.0 1.0 0.0 0.0 8.0 0.0
1767.0012623713453 0.0 0.0 0.0 1.0 0.0 0.0 8.0 0.0
1768.013845664366 0.0 0.0 0.0 1.0 0.0 0.0 8.0 0.0
1769.0116388561835 0.0 0.0 0.0 1.0 0.0 0.0 8.0 0.0
1770.0030013471692 0.0 0.0 0.0 1.0 0.0 0.0 8.0 0.0
1771.0045685728837 0.0 0.0 0.0 1.0 0.0 0.0 8.0 0.0
1772.0074644918122 0.0 0.0 0.0 1.0 0.0 0.0 8.0 0.0
1773.0092878022986 0.0 0.0 0.0 1.0 0.0 0.0 8.0 0.0
1774.013845664366 0.0 0.0 0.0 1.0 0.0 0.0 8.0 0.0
1775.013845664366 0.0 0.0 0.0 1.0 0.0 0.0 8.0 0.0
1776.013845664366 0.0 0.0 0.0 1.0 0.0 0.0 8.0 0.0
1777.013845664366 0.0 0.0 0.0 1.0 0.0 0.0 8.0 0.0
1778.013845664366 0.0 0.0 0.0 1.0 0.0 0.0 8.0 0.0
1779.0072441166847 0.0 0.0 0.0 1.0 0.0 0.0 8.0 0.0
1780.0102755407147 0.0 0.0 0.0 1.0 0.0 0.0 8.0 0.0
1781.0082248084009 0.0 0.0 0.0 1.0 0.0 0.0 8.0 0.0
1782.013845664366 0.0 0.0 0.0 1.0 0.0 0.0 8.0 0.0
1783.013845664366 0.0 0.0 0.0 1.0 0.0 0.0 8.0 0.0
1784.013845664366 0.0 0.0 0.0 1.0 0.0 0.0 8.0 0.0
1785.013845664366 0.0 0.0 0.0 1.0 0.0 0.0 8.0 0.0
1786.013845664366 0.0 0.0 0.0 1.0 0.0 0.0 8.0 0.0
1787.013845664366 0.0 0.0 0.0 1.0 0.0 0.0 8.0 0.0
1788.013845664366 0.0 0.0 0.0 1.0 0.0 0.0 8.0 0.0
1789.0065681162073 0.0 0.0 0.0 1.0 0.0 0.0 8.0 0.0
1790.013845664366 0.0 0.0 0.0 1.0 0.0 0.0 8.0 0.0
1791.013845664366 0.0 0.0 0.0 1.0 0.0 0.0 8.0 0.0
1792.013845664366 0.0 0.0 0.0 1.0 0.0 0.0 8.0 0.0
1793.010230398298 0.0 0.0 0.0 1.0 0.0 0.0 8.0 0.0
1794.0040623232603 0.0 0.0 0.0 1.0 0.0 0.0 8.0 0.0
1795.013845664366 0.0 0.0 0.0 1.0 0.0 0.0 8.0 0.0
1796.0046759870208 0.0 0.0 0.0 1.0 0.0 0.0 8.0 0.0
1797.013845664366 0.0 0.0 0.0 1.0 0.0 0.0 8.0 0.0
1798.013845664366 0.0 0.0 0.0 1.0 0.0 0.0 8.0 0.0
1799.0042797625897 0.0 0.0 0.0 1.0 0.0 0.0 8.0 0.0
1800.0010278921027 0.0 0.0 0.0 1.0 0.0 0.0 8.0 0.0
1801.00142612681 0.0 0.0 0.0 1.0 0.0 0.0 7.475 0.0
1802.0136772105247 0.0 0.0 0.0 1.0 0.0 0.0 6.325 0.0
1803.013845664366 0.0 0.0 0.0 1.0 0.0 0.0 6.075 0.0
1804.013845664366 0.0 0.0 0.0 1.0 0.0 0.0 6.0 0.0
1805.013845664366 0.0 0.0 0.0 1.0 0.0 0.0 6.0 0.0
1806.013845664366 0.0 0.0 0.0 1.0 0.0 0.0 6.0 0.0
1807.013845664366 0.0 0.0 0.0 1.0 0.0 0.0 6.0 0.0
1808.004298141557 0.0 0.0 0.0 1.0 0.0 0.0 6.0 0.0
1809.013845664366 0.0 0.0 0.0 1.0 0.0 0.0 6.0 0.0
1810.013845664366 0.0 0.0 0.0 1.0 0.0 0.0 6.0 0.0
1811.013845664366 0.0 0.0 0.0 1.0 0.0 0.0 6.0 0.0
1812.013845664366 0.0 0.0 0.0 1.0 0.0 0.0 6.0 0.0
1813.013845664366 0.0 0.0 0.0 1.0 0.0 0.0 6.0 0.0
1814.0019362223672 0.0 0.0 0.0 1.0 0.0 0.0 6.0 0.0
1815.013845664366 0.0 0.0 0.0 1.0 0.0 0.0 6.0 0.0
1816.013845664366 0.0 0.0 0.0 1.0 0.0 0.0 6.0 0.0
1817.0026293677176 0.0 0.0 0.0 1.0 0.0 0.0 6.0 0.0
1818.013845664366 0.0 0.0 0.0 1.0 0.0 0.0 6.0 0.0
1819.013845664366 0.0 0.0 0.0 1.0 0.0 0.0 6.0 0.0
1820.013845664366 0.0 0.0 0.0 1.0 0.0 0.0 6.0 0.0
1821.013845664366 0.0 0.0 0.0 1.0 0.0 0.0 6.0 0.0
1822.013845664366 0.0 0.0 0.0 1.0 0.0 0.0 6.0 0.0
1823.0029345101927 0.0 0.0 0.0 1.0 0.0 0.0 6.0 0.0
1824.013845664366 0.0 0.0 0.0 1.0 0.0 0.0 6.0 0.0
1825.0104906394033 0.0 0.0 0.0 1.0 0.0 0.0 6.0 0.0
1826.013845664366 0.0 0.0 0.0 1.0 0.0 0.0 6.0 0.0
1827.013845664366 0.0 0.0 0.0 1.0 0.0 0.0 6.0 0.0
1828.0078121174954 0.0 0.0 0.0 1.0 0.0 0.0 6.0 0.0
1829.013845664366 0.0 0.0 0.0 1.0 0.0 0.0 6.0 0.0
1830.0048109121701 0.0 0.0 0.0 1.0 0.0 0.0 6.0 0.0
1831.0010785814088 0.0 0.0 0.0 1.0 0.0 0.0 6.0 0.0
1832.013845664366 0.0 0.0 0.0 1.0 0.0 0.0 6.0 0.0
1833.013845664366 0.0 0.0 0.0 1.0 0.0 0.0 6.0 0.0
1834.013845664366 0.0 0.0 0.0 1.0 0.0 0.0 6.0 0.0
1835.0019760826299 0.0 0.0 0.0 1.0 0.0 0.0 6.0 0.0
1836.013845664366 0.0 0.0 0.0 1.0 0.0 0.0 6.0 0.0
1837.013845664366 0.0 0.0 0.0 1.0 0.0 0.0 6.0 0.0
1838.013845664366 0.0 0.0 0.0 1.0 0.0 0.0 6.0 0.0
1839.013845664366 0.0 0.0 0.0 1.0 0.0 0.0 6.0 0.0
1840.013845664366 0.0 0.0 0.0 1.0 0.0 0.0 6.0 0.0
1841.0003798778991 0.0 0.0 0.0 1.0 0.0 0.0 6.0 0.0
1842.013845664366 0.0 0.0 0.0 1.0 0.0 0.0 6.0 0.0
1843.013845664366 0.0 0.0 0.0 1.0 0.0 0.0 6.0 0.0
1844.000711517299 0.0 0.0 0.0 1.0 0.0 0.0 6.0 0.0
1845.013845664366 0.0 0.0 0.0 1.0 0.0 0.0 6.0 0.0
1846.013845664366 0.0 0.0 0.0 1.0 0.0 0.0 6.0 0.0
1847.013845664366 0.0 0.0 0.0 1.0 0.0 0.0 6.0 0.0
1848.013845664366 0.0 0.0 0.0 1.0 0.0 0.0 6.0 0.0
1849.013845664366 0.0 0.0 0.0 1.0 0.0 0.0 6.0 0.0
1850.0034841376648 0.0 0.0 0.0 1.0 0.0 0.0 6.0 0.0
1851.013845664366 0.0 0.0 0.0 1.0 0.0 0.0 6.0 0.0
1852.0080317648255 0.0 0.0 0.0 1.0 0.0 0.0 6.0 0.0
1853.013845664366 0.0 0.0 0.0 1.0 0.0 0.0 6.0 0.0
1854.0107249683233 0.0 0.0 0.0 1.0 0.0 0.0 6.0 0.0
1855.013845664366 0.0 0.0 0.0 1.0 0.0 0.0 6.0 0.0
1856.013845664366 0.0 0.0 0.0 1.0 0.0 0.0 6.0 0.0
1857.0072643302183 0.0 0.0 0.0 1.0 0.0 0.0 6.0 0.0
1858.013845664366 0.0 0.0 0.0 1.0 0.0 0.0 6.0 0.0
1859.012653809943 0.0 0.0 0.0 1.0 0.0 0.0 6.0 0.0
1860.013845664366 0.0 0.0 0.0 1.0 0.0 0.0 6.0 0.0
1861.013845664366 0.0 0.0 0.0 1.0 0.0 0.0 6.0 0.0
1862.013845664366 0.0 0.0 0.0 1.0 0.0 0.0 6.0 0.0
1863.0085787899986 0.0 0.0 0.0 1.0 0.0 0.0 6.0 0.0
1864.0022092125269 0.0 0.0 0.0 1.0 0.0 0.0 6.0 0.0
1865.013845664366 0.0 0.0 0.0 1.0 0.0 0.0 6.0 0.0
1866.013845664366 0.0 0.0 0.0 1.0 0.0 0.0 6.0 0.0
1867.0059852609666 0.0 0.0 0.0 1.0 0.0 0.0 6.0 0.0
1868.0070974442785 0.0 0.0 0.0 1.0 0.0 0.0 6.0 0.0
1869.013845664366 0.0 0.0 0.0 1.0 0.0 0.0 6.0 0.0
1870.0034554959045 0.0 0.0 0.0 1.0 0.0 0.0 6.0 0.0
1871.0020890268186 0.0 0.0 0.0 1.0 0.0 0.0 6.0 0.0
1872.013845664366 0.0 0.0 0.0 1.0 0.0 0.0 6.0 0.0
1873.0054296642693 0.0 0.0 0.0 1.0 0.0 0.0 6.0 0.0
1874.013845664366 0.0 0.0 0.0 1.0 0.0 0.0 6.0 0.0
1875.001524616796 0.0 0.0 0.0 1.0 0.0 0.0 6.0 0.0
1876.0034817601886 0.0 0.0 0.0 1.0 0.0 0.0 6.0 0.0
1877.013845664366 0.0 0.0 0.0 1.0 0.0 0.0 6.0 0.0
1878.0061676051198 0.0 0.0 0.0 1.0 0.0 0.0 6.0 0.0
1879.0132239657771 0.0 0.0 0.0 1.0 0.0 0.0 6.0 0.0
1880.013845664366 0.0 0.0 0.0 1.0 0.0 0.0 6.0 0.0
1881.0066880107588 0.0 0.0 0.0 1.0 0.0 0.0 6.0 0.0
1882.0008261163068 0.0 0.0 0.0 1.0 0.0 0.0 6.0 0.0
1883.013845664366 0.0 0.0 0.0 1.0 0.0 0.0 6.0 0.0
1884.0020338186162 0.0 0.0 0.0 1.0 0.0 0.0 6.0 0.0
1885.00374116553 0.0 0.0 0.0 1.0 0.0 0.0 6.0 0.0
1886.013845664366 0.0 0.0 0.0 1.0 0.0 0.0 6.0 0.0
1887.0118486721474 0.0 0.0 0.0 1.0 0.0 0.0 6.0 0.0
1888.0019320598244 0.0 0.0 0.0 1.0 0.0 0.0 6.0 0.0
1889.013845664366 0.0 0.0 0.0 1.0 0.0 0.0 6.0 0.0
1890.013845664366 0.0 0.0 0.0 1.0 0.0 0.0 6.0 0.0
1891.013845664366 0.0 0.0 0.0 1.0 0.0 0.0 6.0 0.0
1892.0051887739232 0.0 0.0 0.0 1.0 0.0 0.0 6.0 0.0
1893.013845664366 0.0 0.0 0.0 1.0 0.0 0.0 6.0 0.0
1894.013845664366 0.0 0.0 0.0 1.0 0.0 0.0 6.0 0.0
1895.0017089860696 0.0 0.0 0.0 1.0 0.0 0.0 6.0 0.0
1896.013845664366 0.0 0.0 0.0 1.0 0.0 0.0 6.0 0.0
1897.0033970762136 0.0 0.0 0.0 1.0 0.0 0.0 6.0 0.0
1898.0016300480997 0.0 0.0 0.0 1.0 0.0 0.0 6.0 0.0
1899.013845664366 0.0 0.0 0.0 1.0 0.0 0.0 6.0 0.0
1900.013845664366 0.0 0.0 0.0 1.0 0.0 0.0 6.0 0.0
1901.012725471386 0.0 0.0 0.0 1.0 0.0 0.0 6.0 0.0
1902.000853741746 0.0 0.0 0.0 1.0 0.0 0.0 6.0 0.0
1903.013845664366 0.0 0.0 0.0 1.0 0.0 0.0 6.0 0.0
1904.0034810440368 0.0 0.0 0.0 1.0 0.0 0.0 6.0 0.0
1905.003782604119 0.0 0.0 0.0 1.0 0.0 0.0 6.0 0.0
1906.013845664366 0.0 0.0 0.0 1.0 0.0 0.0 6.0 0.0
1907.013845664366 0.0 0.0 0.0 1.0 0.0 0.0 6.0 0.0
1908.0082086136579 0.0 0.0 0.0 1.0 0.0 0.0 6.0 0.0
1909.013845664366 0.0 0.0 0.0 1.0 0.0 0.0 6.0 0.0
1910.013845664366 0.0 0.0 0.0 1.0 0.0 0.0 6.0 0.0
1911.008655670824 0.0 0.0 0.0 1.0 0.0 0.0 6.0 0.0
1912.013845664366 0.0 0.0 0.0 1.0 0.0 0.0 6.0 0.0
1913.013845664366 0.0 0.0 0.0 1.0 0.0 0.0 6.0 0.0
1914.013845664366 0.0 0.0 0.0 1.0 0.0 0.0 6.0 0.0
1915.0081997880238 0.0 0.0 0.0 1.0 0.0 0.0 6.0 0.0
1916.0049419946095 0.0 0.0 0.0 1.0 0.0 0.0 6.0 0.0
1917.007294171593 0.0 0.0 0.0 1.0 0.0 0.0 6.0 0.0
1918.013845664366 0.0 0.0 0.0 1.0 0.0 0.0 6.0 0.0
1919.0076651859167 0.0 0.0 0.0 1.0 0.0 0.0 6.0 0.0
1920.0047885783993 0.0 0.0 0.0 1.0 0.0 0.0 6.0 0.0
1921.0102568587233 0.0 0.0 0.0 1.0 0.0 0.0 6.0 0.0
1922.013845664366 0.0 0.0 0.0 1.0 0.0 0.0 6.0 0.0
1923.013845664366 0.0 0.0 0.0 1.0 0.0 0.0 6.0 0.0
1924.013845664366 0.0 0.0 0.0 1.0 0.0 0.0 6.0 0.0
1925.0063176407914 0.0 0.0 0.0 1.0 0.0 0.0 6.0 0.0
1926.011193649661 0.0 0.0 0.0 1.0 0.0 0.0 6.0 0.0
1927.0088027157599 0.0 0.0 0.0 1.0 0.0 0.0 6.0 0.0
1928.013845664366 0.0 0.0 0.0 1.0 0.0 0.0 6.0 0.0
1929.013845664366 0.0 0.0 0.0 1.0 0.0 0.0 6.0 0.0
1930.0099722522425 0.0 0.0 0.0 1.0 0.0 0.0 6.0 0.0
1931.013845664366 0.0 0.0 0.0 1.0 0.0 0.0 6.0 0.0
1932.013845664366 0.0 0.0 0.0 1.0 0.0 0.0 6.0 0.0
1933.013845664366 0.0 0.0 0.0 1.0 0.0 0.0 6.0 0.0
1934.0020568013533 0.0 0.0 0.0 1.0 0.0 0.0 6.0 0.0
1935.013845664366 0.0 0.0 0.0 1.0 0.0 0.0 6.0 0.0
1936.006376043126 0.0 0.0 0.0 1.0 0.0 0.0 6.0 0.0
1937.013845664366 0.0 0.0 0.0 1.0 0.0 0.0 6.0 0.0
1938.013845664366 0.0 0.0 0.0 1.0 0.0 0.0 6.0 0.0
1939.013845664366 0.0 0.0 0.0 1.0 0.0 0.0 6.0 0.0
1940.013845664366 0.0 0.0 0.0 1.0 0.0 0.0 6.0 0.0
1941.013845664366 0.0 0.0 0.0 1.0 0.0 0.0 6.0 0.0
1942.0077803896274 0.0 0.0 0.0 1.0 0.0 0.0 6.0 0.0
1943.013845664366 0.0 0.0 0.0 1.0 0.0 0.0 6.0 0.0
1944.0056405952328 0.0 0.0 0.0 1.0 0.0 0.0 6.0 0.0
1945.013845664366 0.0 0.0 0.0 1.0 0.0 0.0 6.0 0.0
1946.0087184387517 0.0 0.0 0.0 1.0 0.0 0.0 6.0 0.0
1947.013845664366 0.0 0.0 0.0 1.0 0.0 0.0 6.0 0.0
1948.006036943999 0.0 0.0 0.0 1.0 0.0 0.0 6.0 0.0
1949.013845664366 0.0 0.0 0.0 1.0 0.0 0.0 6.0 0.0
1950.013845664366 0.0 0.0 0.0 1.0 0.0 0.0 6.0 0.0
1951.013845664366 0.0 0.0 0.0 1.0 0.0 0.0 6.0 0.0
1952.0110126212414 0.0 0.0 0.0 1.0 0.0 0.0 6.0 0.0
1953.013845664366 0.0 0.0 0.0 1.0 0.0 0.0 6.0 0.0
1954.013845664366 0.0 0.0 0.0 1.0 0.0 0.0 6.0 0.0
1955.013845664366 0.0 0.0 0.0 1.0 0.0 0.0 6.0 0.0
1956.013845664366 0.0 0.0 0.0 1.0 0.0 0.0 6.0 0.0
1957.013845664366 0.0 0.0 0.0 1.0 0.0 0.0 6.0 0.0
1958.0023673896483 0.0 0.0 0.0 1.0 0.0 0.0 6.0 0.0
1959.0069564026996 0.0 0.0 0.0 1.0 0.0 0.0 6.0 0.0
1960.013845664366 0.0 0.0 0.0 1.0 0.0 0.0 6.0 0.0
1961.0098316848278 0.0 0.0 0.0 1.0 0.0 0.0 6.0 0.0
1962.013845664366 0.0 0.0 0.0 1.0 0.0 0.0 6.0 0.0
1963.013845664366 0.0 0.0 0.0 1.0 0.0 0.0 6.0 0.0
1964.013845664366 0.0 0.0 0.0 1.0 0.0 0.0 6.0 0.0
1965.013845664366 0.0 0.0 0.0 1.0 0.0 0.0 6.0 0.0
1966.013845664366 0.0 0.0 0.0 1.0 0.0 0.0 6.0 0.0
1967.013845664366 0.0 0.0 0.0 1.0 0.0 0.0 6.0 0.0
1968.013845664366 0.0 0.0 0.0 1.0 0.0 0.0 6.0 0.0
1969.0013035706897 0.0 0.0 0.0 1.0 0.0 0.0 6.0 0.0
1970.0124511818756 0.0 0.0 0.0 1.0 0.0 0.0 6.0 0.0
1971.0053769752003 0.0 0.0 0.0 1.0 0.0 0.0 6.0 0.0
1972.0045658797715 0.0 0.0 0.0 1.0 0.0 0.0 6.0 0.0
1973.013845664366 0.0 0.0 0.0 1.0 0.0 0.0 6.0 0.0
1974.013845664366 0.0 0.0 0.0 1.0 0.0 0.0 6.0 0.0
1975.0101993781523 0.0 0.0 0.0 1.0 0.0 0.0 6.0 0.0
1976.013845664366 0.0 0.0 0.0 1.0 0.0 0.0 6.0 0.0
1977.009683861023 0.0 0.0 0.0 1.0 0.0 0.0 6.0 0.0
1978.013845664366 0.0 0.0 0.0 1.0 0.0 0.0 6.0 0.0
1979.013845664366 0.0 0.0 0.0 1.0 0.0 0.0 6.0 0.0
1980.0125948688014 0.0 0.0 0.0 1.0 0.0 0.0 6.0 0.0
1981.0031440976843 0.0 0.0 0.0 1.0 0.0 0.0 6.0 0.0
1982.013845664366 0.0 0.0 0.0 1.0 0.0 0.0 6.0 0.0
1983.013845664366 0.0 0.0 0.0 1.0 0.0 0.0 6.0 0.0
1984.013845664366 0.0 0.0 0.0 1.0 0.0 0.0 6.0 0.0
1985.013845664366 0.0 0.0 0.0 1.0 0.0 0.0 6.0 0.0
1986.000600854841 0.0 0.0 0.0 1.0 0.0 0.0 6.0 0.0
1987.0044193539056 0.0 0.0 0.0 1.0 0.0 0.0 6.0 0.0
1988.013845664366 0.0 0.0 0.0 1.0 0.0 0.0 6.0 0.0
1989.013845664366 0.0 0.0 0.0 1.0 0.0 0.0 6.0 0.0
1990.013845664366 0.0 0.0 0.0 1.0 0.0 0.0 6.0 0.0
1991.013845664366 0.0 0.0 0.0 1.0 0.0 0.0 6.0 0.0
1992.013845664366 0.0 0.0 0.0 1.0 0.0 0.0 6.0 0.0
1993.013845664366 0.0 0.0 0.0 1.0 0.0 0.0 6.0 0.0
1994.013845664366 0.0 0.0 0.0 1.0 0.0 0.0 6.0 0.0
1995.000362618443 0.0 0.0 0.0 1.0 0.0 0.0 6.0 0.0
1996.0098738361364 0.0 0.0 0.0 1.0 0.0 0.0 6.0 0.0
1997.013845664366 0.0 0.0 0.0 1.0 0.0 0.0 6.0 0.0
1998.013845664366 0.0 0.0 0.0 1.0 0.0 0.0 6.0 0.0
1999.0098965832035 0.0 0.0 0.0 1.0 0.0 0.0 6.0 0.0
2000.0083537724693 0.0 0.0 0.0 1.0 0.0 0.0 6.0 0.0
2001.013845664366 0.29999999999999993 0.0 0.0 0.7 0.0 1.0 6.0 0.4097560975609756
2002.013845664366 0.95 0.0 0.0 0.04999999999999999 0.0 1.0 6.2 0.09268292682926829
2003.0063118350552 0.975 0.0 0.0 0.02499999999999999 0.0 1.0 7.225 0.0475609756097561
2004.013845664366 1.0 0.0 0.0 0.0 0.0 1.0 7.8 0.0
2005.013845664366 1.0 0.0 0.0 0.0 0.0 1.0 7.975 0.0
2006.013845664366 1.0 0.0 0.0 0.0 0.0 1.0 8.0 0.0
2007.0059023209742 1.0 0.0 0.0 0.0 0.0 1.0 8.0 0.0
2008.013845664366 1.0 0.0 0.0 0.0 0.0 1.0 8.0 0.0
2009.003640451611 1.0 0.0 0.0 0.0 0.0 1.0 8.0 0.0
2010.013845664366 1.0 0.0 0.0 0.0 0.0 1.0 8.0 0.0
2011.000249740549 1.0 0.0 0.0 0.0 0.0 1.0 8.0 0.0
2012.007039395076 1.0 0.0 0.0 0.0 0.0 1.0 8.0 0.0
2013.0008833412878 1.0 0.0 0.0 0.0 0.0 1.0 8.0 0.0
2014.0001185973106 1.0 0.0 0.0 0.0 0.0 1.0 8.0 0.0
2015.013845664366 1.0 0.0 0.0 0.0 0.0 1.0 8.0 0.0
2016.0054138049031 1.0 0.0 0.0 0.0 0.0 1.0 8.0 0.0
2017.013845664366 1.0 0.0 0.0 0.0 0.0 1.0 8.0 0.0
2018.013845664366 1.0 0.0 0.0 0.0 0.0 1.0 8.0 0.0
2019.013845664366 1.0 0.0 0.0 0.0 0.0 1.0 8.0 0.0
2020.0028064335227 1.0 0.0 0.0 0.0 0.0 1.0 8.0 0.0
2021.0003701453163 1.0 0.0 0.0 0.0 0.0 1.0 8.0 0.0
2022.013845664366 1.0 0.0 0.0 0.0 0.0 1.0 8.0 0.0
2023.013845664366 1.0 0.0 0.0 0.0 0.0 1.0 8.0 0.0
2024.013845664366 1.0 0.0 0.0 0.0 0.0 1.0 8.0 0.0
2025.0006179236836 1.0 0.0 0.0 0.0 0.0 1.0 8.0 0.0
2026.013845664366 1.0 0.0 0.0 0.0 0.0 1.0 8.0 0.0
2027.013845664366 1.0 0.0 0.0 0.0 0.0 1.0 8.0 0.0
2028.013845664366 1.0 0.0 0.0 0.0 0.0 1.0 8.0 0.0
2029.0102946597221 1.0 0.0 0.0 0.0 0.0 1.0 8.0 0.0
2030.0027207836652 1.0 0.0 0.0 0.0 0.0 1.0 8.0 0.0
2031.0075459832003 1.0 0.0 0.0 0.0 0.0 1.0 8.0 0.0
2032.013845664366 1.0 0.0 0.0 0.0 0.0 1.0 8.0 0.0
2033.011802658749 1.0 0.0 0.0 0.0 0.0 1.0 8.0 0.0
2034.0031070338534 1.0 0.0 0.0 0.0 0.0 1.0 8.0 0.0
2035.013845664366 1.0 0.0 0.0 0.0 0.0 1.0 8.0 0.0
2036.013845664366 1.0 0.0 0.0 0.0 0.0 1.0 8.0 0.0
2037.013845664366 1.0 0.0 0.0 0.0 0.0 1.0 8.0 0.0
2038.013845664366 1.0 0.0 0.0 0.0 0.0 1.0 8.0 0.0
2039.013845664366 1.0 0.0 0.0 0.0 0.0 1.0 8.0 0.0
2040.0130509333908 1.0 0.0 0.0 0.0 0.0 1.0 8.0 0.0
2041.010939845829 1.0 0.0 0.0 0.0 0.0 1.0 8.0 0.0
2042.0109284601708 1.0 0.0 0.0 0.0 0.0 1.0 8.0 0.0
2043.013845664366 1.0 0.0 0.0 0.0 0.0 1.0 8.0 0.0
2044.013845664366 1.0 0.0 0.0 0.0 0.0 1.0 8.0 0.0
2045.013845664366 1.0 0.0 0.0 0.0 0.0 1.0 8.0 0.0
2046.013845664366 1.0 0.0 0.0 0.0 0.0 1.0 8.0 0.0
2047.013845664366 1.0 0.0 0.0 0.0 0.0 1.0 8.0 0.0
2048.0138456643663 1.0 0.0 0.0 0.0 0.0 1.0 8.0 0.0
2049.0138456643663 1.0 0.0 0.0 0.0 0.0 1.0 8.0 0.0
2050.013795422976 1.0 0.0 0.0 0.0 0.0 1.0 8.0 0.0
2051.0006311484885 1.0 0.0 0.0 0.0 0.0 1.0 8.0 0.0
2052.004130187814 1.0 0.0 0.0 0.0 0.0 1.0 8.0 0.0
2053.0138456643663 1.0 0.0 0.0 0.0 0.0 1.0 8.0 0.0
2054.0138456643663 1.0 0.0 0.0 0.0 0.0 1.0 8.0 0.0
2055.0138456643663 1.0 0.0 0.0 0.0 0.0 1.0 8.0 0.0
2056.0113520084988 1.0 0.0 0.0 0.0 0.0 1.0 8.0 0.0
2057.0138456643663 1.0 0.0 0.0 0.0 0.0 1.0 8.0 0.0
2058.0092293942985 1.0 0.0 0.0 0.0 0.0 1.0 8.0 0.0
2059.000021457035 1.0 0.0 0.0 0.0 0.0 1.0 8.0 0.0
2060.0138456643663 1.0 0.0 0.0 0.0 0.0 1.0 8.0 0.0
2061.0138456643663 1.0 0.0 0.0 0.0 0.0 1.0 8.0 0.0
2062.0138456643663 1.0 0.0 0.0 0.0 0.0 1.0 8.0 0.0
2063.0138456643663 1.0 0.0 0.0 0.0 0.0 1.0 8.0 0.0
2064.0138456643663 1.0 0.0 0.0 0.0 0.0 1.0 8.0 0.0
2065.011748536753 1.0 0.0 0.0 0.0 0.0 1.0 8.0 0.0
2066.0037358654085 1.0 0.0 0.0 0.0 0.0 1.0 8.0 0.0
2067.0138456643663 1.0 0.0 0.0 0.0 0.0 1.0 8.0 0.0
2068.0138456643663 1.0 0.0 0.0 0.0 0.0 1.0 8.0 0.0
2069.0138456643663 1.0 0.0 0.0 0.0 0.0 1.0 8.0 0.0
2070.0138456643663 1.0 0.0 0.0 0.0 0.0 1.0 8.0 0.0
2071.0044655428806 1.0 0.0 0.0 0.0 0.0 1.0 8.0 0.0
2072.0138456643663 1.0 0.0 0.0 0.0 0.0 1.0 8.0 0.0
2073.0138456643663 1.0 0.0 0.0 0.0 0.0 1.0 8.0 0.0
2074.0138456643663 1.0 0.0 0.0 0.0 0.0 1.0 8.0 0.0
2075.0138456643663 1.0 0.0 0.0 0.0 0.0 1.0 8.0 0.0
2076.0138456643663 1.0 0.0 0.0 0.0 0.0 1.0 8.0 0.0
2077.0138456643663 1.0 0.0 0.0 0.0 0.0 1.0 8.0 0.0
2078.0138456643663 1.0 0.0 0.0 0.0 0.0 1.0 8.0 0.0
2079.0138456643663 1.0 0.0 0.0 0.0 0.0 1.0 8.0 0.0
2080.0097641470106 1.0 0.0 0.0 0.0 0.0 1.0 8.0 0.0
2081.001104325174 1.0 0.0 0.0 0.0 0.0 1.0 8.0 0.0
2082.0138456643663 1.0 0.0 0.0 0.0 0.0 1.0 8.0 0.0
2083.0138456643663 1.0 0.0 0.0 0.0 0.0 1.0 8.0 0.0
2084.006048819896 1.0 0.0 0.0 0.0 0.0 1.0 8.0 0.0
2085.0138456643663 1.0 0.0 0.0 0.0 0.0 1.0 8.0 0.0
2086.0052949566652 1.0 0.0 0.0 0.0 0.0 1.0 8.0 0.0
2087.0138456643663 1.0 0.0 0.0 0.0 0.0 1.0 8.0 0.0
2088.0099822754078 1.0 0.0 0.0 0.0 0.0 1.0 8.0 0.0
2089.0138456643663 1.0 0.0 0.0 0.0 0.0 1.0 8.0 0.0
2090.0138456643663 1.0 0.0 0.0 0.0 0.0 1.0 8.0 0.0
2091.0138456643663 1.0 0.0 0.0 0.0 0.0 1.0 8.0 0.0
2092.0138456643663 1.0 0.0 0.0 0.0 0.0 1.0 8.0 0.0
2093.0138456643663 1.0 0.0 0.0 0.0 0.0 1.0 8.0 0.0
2094.0126953246922 1.0 0.0 0.0 0.0 0.0 1.0 8.0 0.0
2095.008989752524 1.0 0.0 0.0 0.0 0.0 1.0 8.0 0.0
2096.0114858336156 1.0 0.0 0.0 0.0 0.0 1.0 8.0 0.0
2097.0138456643663 1.0 0.0 0.0 0.0 0.0 1.0 8.0 0.0
2098.0073792810144 1.0 0.0 0.0 0.0 0.0 1.0 8.0 0.0
2099.0138456643663 1.0 0.0 0.0 0.0 0.0 1.0 8.0 0.0
2100.012192419443 1.0 0.0 0.0 0.0 0.0 1.0 8.0 0.0
2101.0138456643663 1.0 0.0 0.0 0.0 0.0 1.0 8.0 0.0
2102.0114133070037 1.0 0.0 0.0 0.0 0.0 1.0 8.0 0.0
2103.0134984817823 1.0 0.0 0.0 0.0 0.0 1.0 8.0 0.0
2104.0138456643663 1.0 0.0 0.0 0.0 0.0 1.0 8.0 0.0
2105.0127959081233 1.0 0.0 0.0 0.0 0.0 1.0 8.0 0.0
2106.0138456643663 1.0 0.0 0.0 0.0 0.0 1.0 8.0 0.0
2107.0027897397085 1.0 0.0 0.0 0.0 0.0 1.0 8.0 0.0
2108.0138456643663 1.0 0.0 0.0 0.0 0.0 1.0 8.0 0.0
2109.0138456643663 1.0 0.0 0.0 0.0 0.0 1.0 8.0 0.0
2110.0138456643663 1.0 0.0 0.0 0.0 0.0 1.0 8.0 0.0
2111.0138456643663 1.0 0.0 0.0 0.0 0.0 1.0 8.0 0.0
2112.0138456643663 1.0 0.0 0.0 0.0 0.0 1.0 8.0 0.0
2113.0138456643663 1.0 0.0 0.0 0.0 0.0 1.0 8.0 0.0
2114.001550079601 1.0 0.0 0.0 0.0 0.0 1.0 8.0 0.0
2115.005435286541 1.0 0.0 0.0 0.0 0.0 1.0 8.0 0.0
2116.0138456643663 1.0 0.0 0.0 0.0 0.0 1.0 8.0 0.0
2117.0138456643663 1.0 0.0 0.0 0.0 0.0 1.0 8.0 0.0
2118.0138456643663 1.0 0.0 0.0 0.0 0.0 1.0 8.0 0.0
2119.0138456643663 1.0 0.0 0.0 0.0 0.0 1.0 8.0 0.0
2120.0138456643663 1.0 0.0 0.0 0.0 0.0 1.0 8.0 0.0
2121.0138456643663 1.0 0.0 0.0 0.0 0.0 1.0 8.0 0.0
2122.00821305325 1.0 0.0 0.0 0.0 0.0 1.0 8.0 0.0
2123.0138456643663 1.0 0.0 0.0 0.0 0.0 1.0 8.0 0.0
2124.0138456643663 1.0 0.0 0.0 0.0 0.0 1.0 8.0 0.0
2125.011729710985 1.0 0.0 0.0 0.0 0.0 1.0 8.0 0.0
2126.0138456643663 1.0 0.0 0.0 0.0 0.0 1.0 8.0 0.0
2127.0138456643663 1.0 0.0 0.0 0.0 0.0 1.0 8.0 0.0
2128.0003097142635 1.0 0.0 0.0 0.0 0.0 1.0 8.0 0.0
2129.0138456643663 1.0 0.0 0.0 0.0 0.0 1.0 8.0 0.0
2130.0138456643663 1.0 0.0 0.0 0.0 0.0 1.0 8.0 0.0
2131.0138456643663 1.0 0.0 0.0 0.0 0.0 1.0 8.0 0.0
2132.0138456643663 1.0 0.0 0.0 0.0 0.0 1.0 8.0 0.0
2133.0138456643663 1.0 0.0 0.0 0.0 0.0 1.0 8.0 0.0
2134.0138456643663 1.0 0.0 0.0 0.0 0.0 1.0 8.0 0.0
2135.0138456643663 1.0 0.0 0.0 0.0 0.0 1.0 8.0 0.0
2136.0019047986575 1.0 0.0 0.0 0.0 0.0 1.0 8.0 0.0
2137.0138456643663 1.0 0.0 0.0 0.0 0.0 1.0 8.0 0.0
2138.0035183604264 1.0 0.0 0.0 0.0 0.0 1.0 8.0 0.0
2139.001144182114 1.0 0.0 0.0 0.0 0.0 1.0 8.0 0.0
2140.0138456643663 1.0 0.0 0.0 0.0 0.0 1.0 8.0 0.0
2141.0138456643663 1.0 0.0 0.0 0.0 0.0 1.0 8.0 0.0
2142.0138456643663 1.0 0.0 0.0 0.0 0.0 1.0 8.0 0.0
2143.0044943436105 1.0 0.0 0.0 0.0 0.0 1.0 8.0 0.0
2144.0138456643663 1.0 0.0 0.0 0.0 0.0 1.0 8.0 0.0
2145.0138456643663 1.0 0.0 0.0 0.0 0.0 1.0 8.0 0.0
2146.0138456643663 1.0 0.0 0.0 0.0 0.0 1.0 8.0 0.0
2147.0138456643663 1.0 0.0 0.0 0.0 0.0 1.0 8.0 0.0
2148.0138456643663 1.0 0.0 0.0 0.0 0.0 1.0 8.0 0.0
2149.0138456643663 1.0 0.0 0.0 0.0 0.0 1.0 8.0 0.0
2150.0138456643663 1.0 0.0 0.0 0.0 0.0 1.0 8.0 0.0
2151.0138456643663 1.0 0.0 0.0 0.0 0.0 1.0 8.0 0.0
2152.0041428950694 1.0 0.0 0.0 0.0 0.0 1.0 8.0 0.0
2153.0138456643663 1.0 0.0 0.0 0.0 0.0 1.0 8.0 0.0
2154.0120058707544 1.0 0.0 0.0 0.0 0.0 1.0 8.0 0.0
2155.0138456643663 1.0 0.0 0.0 0.0 0.0 1.0 8.0 0.0
2156.0138456643663 1.0 0.0 0.0 0.0 0.0 1.0 8.0 0.0
2157.0138456643663 1.0 0.0 0.0 0.0 0.0 1.0 8.0 0.0
2158.0138456643663 1.0 0.0 0.0 0.0 0.0 1.0 8.0 0.0
2159.0138456643663 1.0 0.0 0.0 0.0 0.0 1.0 8.0 0.0
2160.008202023314 1.0 0.0 0.0 0.0 0.0 1.0 8.0 0.0
2161.0138456643663 1.0 0.0 0.0 0.0 0.0 1.0 8.0 0.0
2162.00715428449 1.0 0.0 0.0 0.0 0.0 1.0 8.0 0.0
2163.0026859875647 1.0 0.0 0.0 0.0 0.0 1.0 8.0 0.0
2164.0072410453545 1.0 0.0 0.0 0.0 0.0 1.0 8.0 0.0
2165.0138456643663 1.0 0.0 0.0 0.0 0.0 1.0 8.0 0.0
2166.0138456643663 1.0 0.0 0.0 0.0 0.0 1.0 8.0 0.0
2167.006185347827 1.0 0.0 0.0 0.0 0.0 1.0 8.0 0.0
2168.0138456643663 1.0 0.0 0.0 0.0 0.0 1.0 8.0 0.0
2169.0138456643663 1.0 0.0 0.0 0.0 0.0 1.0 8.0 0.0
2170.0030213806294 1.0 0.0 0.0 0.0 0.0 1.0 8.0 0.0
2171.008266916718 1.0 0.0 0.0 0.0 0.0 1.0 8.0 0.0
2172.0082178831844 1.0 0.0 0.0 0.0 0.0 1.0 8.0 0.0
2173.0138456643663 1.0 0.0 0.0 0.0 0.0 1.0 8.0 0.0
2174.0125295175144 1.0 0.0 0.0 0.0 0.0 1.0 8.0 0.0
2175.0138456643663 1.0 0.0 0.0 0.0 0.0 1.0 8.0 0.0
2176.0138456643663 1.0 0.0 0.0 0.0 0.0 1.0 8.0 0.0
2177.0138456643663 1.0 0.0 0.0 0.0 0.0 1.0 8.0 0.0
2178.0138456643663 1.0 0.0 0.0 0.0 0.0 1.0 8.0 0.0
2179.0138456643663 1.0 0.0 0.0 0.0 0.0 1.0 8.0 0.0
2180.0058285202003 1.0 0.0 0.0 0.0 0.0 1.0 8.0 0.0
2181.0138456643663 1.0 0.0 0.0 0.0 0.0 1.0 8.0 0.0
2182.0048626424777 1.0 0.0 0.0 0.0 0.0 1.0 8.0 0.0
2183.0029578417234 1.0 0.0 0.0 0.0 0.0 1.0 8.0 0.0
2184.0138456643663 1.0 0.0 0.0 0.0 0.0 1.0 8.0 0.0
2185.0138456643663 1.0 0.0 0.0 0.0 0.0 1.0 8.0 0.0
2186.0138456643663 1.0 0.0 0.0 0.0 0.0 1.0 8.0 0.0
2187.0099101989426 1.0 0.0 0.0 0.0 0.0 1.0 8.0 0.0
2188.0090344992295 1.0 0.0 0.0 0.0 0.0 1.0 8.0 0.0
2189.0138456643663 1.0 0.0 0.0 0.0 0.0 1.0 8.0 0.0
2190.0138456643663 1.0 0.0 0.0 0.0 0.0 1.0 8.0 0.0
2191.0138456643663 1.0 0.0 0.0 0.0 0.0 1.0 8.0 0.0
2192.0138456643663 1.0 0.0 0.0 0.0 0.0 1.0 8.0 0.0
2193.0103875522536 1.0 0.0 0.0 0.0 0.0 1.0 8.0 0.0
2194.0067623058367 1.0 0.0 0.0 0.0 0.0 1.0 8.0 0.0
2195.0138456643663 1.0 0.0 0.0 0.0 0.0 1.0 8.0 0.0
2196.0138456643663 1.0 0.0 0.0 0.0 0.0 1.0 8.0 0.0
2197.0138456643663 1.0 0.0 0.0 0.0 0.0 1.0 8.0 0.0
2198.006671464594 1.0 0.0 0.0 0.0 0.0 1.0 8.0 0.0
2199.002232116503 1.0 0.0 0.0 0.0 0.0 1.0 8.0 0.0
2200.0138456643663 1.0 0.0 0.0 0.0 0.0 1.0 8.0 0.0
2201.0138456643663 1.0 0.0 0.0 0.0 0.0 1.0 8.0 0.0
2202.003100141054 1.0 0.0 0.0 0.0 0.0 1.0 8.0 0.0
2203.0138456643663 1.0 0.0 0.0 0.0 0.0 1.0 8.0 0.0
2204.0138456643663 1.0 0.0 0.0 0.0 0.0 1.0 8.0 0.0
2205.0114752907702 1.0 0.0 0.0 0.0 0.0 1.0 8.0 0.0
2206.0035036054765 1.0 0.0 0.0 0.0 0.0 1.0 8.0 0.0
2207.0138456643663 1.0 0.0 0.0 0.0 0.0 1.0 8.0 0.0
2208.0138456643663 1.0 0.0 0.0 0.0 0.0 1.0 8.0 0.0
2209.0050000483848 1.0 0.0 0.0 0.0 0.0 1.0 8.0 0.0
2210.0060210996185 1.0 0.0 0.0 0.0 0.0 1.0 8.0 0.0
2211.0138456643663 1.0 0.0 0.0 0.0 0.0 1.0 8.0 0.0
2212.0138456643663 1.0 0.0 0.0 0.0 0.0 1.0 8.0 0.0
2213.0060588666706 1.0 0.0 0.0 0.0 0.0 1.0 8.0 0.0
2214.0026402212757 1.0 0.0 0.0 0.0 0.0 1.0 8.0 0.0
2215.0138456643663 1.0 0.0 0.0 0.0 0.0 1.0 8.0 0.0
2216.0138456643663 1.0 0.0 0.0 0.0 0.0 1.0 8.0 0.0
2217.0138456643663 1.0 0.0 0.0 0.0 0.0 1.0 8.0 0.0
2218.0138456643663 1.0 0.0 0.0 0.0 0.0 1.0 8.0 0.0
2219.0138456643663 1.0 0.0 0.0 0.0 0.0 1.0 8.0 0.0
2220.0138456643663 1.0 0.0 0.0 0.0 0.0 1.0 8.0 0.0
2221.002261293218 1.0 0.0 0.0 0.0 0.0 1.0 8.0 0.0
2222.013498691629 1.0 0.0 0.0 0.0 0.0 1.0 8.0 0.0
2223.002637773943 1.0 0.0 0.0 0.0 0.0 1.0 8.0 0.0
2224.010907508951 1.0 0.0 0.0 0.0 0.0 1.0 8.0 0.0
2225.0138456643663 1.0 0.0 0.0 0.0 0.0 1.0 8.0 0.0
2226.0138456643663 1.0 0.0 0.0 0.0 0.0 1.0 8.0 0.0
2227.0138456643663 1.0 0.0 0.0 0.0 0.0 1.0 8.0 0.0
2228.0138456643663 1.0 0.0 0.0 0.0 0.0 1.0 8.0 0.0
2229.0138456643663 1.0 0.0 0.0 0.0 0.0 1.0 8.0 0.0
2230.0010972889017 1.0 0.0 0.0 0.0 0.0 1.0 8.0 0.0
2231.0138456643663 1.0 0.0 0.0 0.0 0.0 1.0 8.0 0.0
2232.0138456643663 1.0 0.0 0.0 0.0 0.0 1.0 8.0 0.0
2233.0138456643663 1.0 0.0 0.0 0.0 0.0 1.0 8.0 0.0
2234.0138456643663 1.0 0.0 0.0 0.0 0.0 1.0 8.0 0.0
2235.003786499542 1.0 0.0 0.0 0.0 0.0 1.0 8.0 0.0
2236.0110481946062 1.0 0.0 0.0 0.0 0.0 1.0 8.0 0.0
2237.0138456643663 1.0 0.0 0.0 0.0 0.0 1.0 8.0 0.0
2238.0138456643663 1.0 0.0 0.0 0.0 0.0 1.0 8.0 0.0
2239.0138456643663 1.0 0.0 0.0 0.0 0.0 1.0 8.0 0.0
2240.0037007089754 1.0 0.0 0.0 0.0 0.0 1.0 8.0 0.0
2241.0073654153766 1.0 0.0 0.0 0.0 0.0 1.0 8.0 0.0
2242.0138456643663 1.0 0.0 0.0 0.0 0.0 1.0 8.0 0.0
2243.0138456643663 1.0 0.0 0.0 0.0 0.0 1.0 8.0 0.0
2244.0138456643663 1.0 0.0 0.0 0.0 0.0 1.0 8.0 0.0
2245.00948150888 1.0 0.0 0.0 0.0 0.0 1.0 8.0 0.0
2246.0050587476967 1.0 0.0 0.0 0.0 0.0 1.0 8.0 0.0
2247.0138456643663 1.0 0.0 0.0 0.0 0.0 1.0 8.0 0.0
2248.0018428359085 1.0 0.0 0.0 0.0 0.0 1.0 8.0 0.0
2249.011946206659 1.0 0.0 0.0 0.0 0.0 1.0 8.0 0.0
2250.0077887901625 1.0 0.0 0.0 0.0 0.0 1.0 8.0 0.0
2251.0032131563307 1.0 0.0 0.0 0.0 0.0 1.0 8.0 0.0
2252.008537200366 1.0 0.0 0.0 0.0 0.0 1.0 8.0 0.0
2253.0138456643663 1.0 0.0 0.0 0.0 0.0 1.0 8.0 0.0
2254.0111418677807 1.0 0.0 0.0 0.0 0.0 1.0 8.0 0.0
2255.0138456643663 1.0 0.0 0.0 0.0 0.0 1.0 8.0 0.0
2256.0138456643663 1.0 0.0 0.0 0.0 0.0 1.0 8.0 0.0
2257.0138456643663 1.0 0.0 0.0 0.0 0.0 1.0 8.0 0.0
2258.0138456643663 1.0 0.0 0.0 0.0 0.0 1.0 8.0 0.0
2259.011334025477 1.0 0.0 0.0 0.0 0.0 1.0 8.0 0.0
2260.0017400773418 1.0 0.0 0.0 0.0 0.0 1.0 8.0 0.0
2261.0138456643663 1.0 0.0 0.0 0.0 0.0 1.0 8.0 0.0
2262.005078156175 1.0 0.0 0.0 0.0 0.0 1.0 8.0 0.0
2263.0138456643663 1.0 0.0 0.0 0.0 0.0 1.0 8.0 0.0
2264.0138456643663 1.0 0.0 0.0 0.0 0.0 1.0 8.0 0.0
2265.0051654474073 1.0 0.0 0.0 0.0 0.0 1.0 8.0 0.0
2266.0138456643663 1.0 0.0 0.0 0.0 0.0 1.0 8.0 0.0
2267.0138456643663 1.0 0.0 0.0 0.0 0.0 1.0 8.0 0.0
2268.001827998212 1.0 0.0 0.0 0.0 0.0 1.0 8.0 0.0
2269.0138456643663 1.0 0.0 0.0 0.0 0.0 1.0 8.0 0.0
2270.011990715791 1.0 0.0 0.0 0.0 0.0 1.0 8.0 0.0
2271.0138456643663 1.0 0.0 0.0 0.0 0.0 1.0 8.0 0.0
2272.006838690543 1.0 0.0 0.0 0.0 0.0 1.0 8.0 0.0
2273.0138456643663 1.0 0.0 0.0 0.0 0.0 1.0 8.0 0.0
2274.0138456643663 1.0 0.0 0.0 0.0 0.0 1.0 8.0 0.0
2275.0138456643663 1.0 0.0 0.0 0.0 0.0 1.0 8.0 0.0
2276.0138456643663 1.0 0.0 0.0 0.0 0.0 1.0 8.0 0.0
2277.0138456643663 1.0 0.0 0.0 0.0 0.0 1.0 8.0 0.0
2278.0138456643663 1.0 0.0 0.0 0.0 0.0 1.0 8.0 0.0
2279.0138456643663 1.0 0.0 0.0 0.0 0.0 1.0 8.0 0.0
2280.006983218467 1.0 0.0 0.0 0.0 0.0 1.0 8.0 0.0
2281.0138456643663 1.0 0.0 0.0 0.0 0.0 1.0 8.0 0.0
2282.0035969553637 1.0 0.0 0.0 0.0 0.0 1.0 8.0 0.0
2283.0138456643663 1.0 0.0 0.0 0.0 0.0 1.0 8.0 0.0
2284.0138456643663 1.0 0.0 0.0 0.0 0.0 1.0 8.0 0.0
2285.0138456643663 1.0 0.0 0.0 0.0 0.0 1.0 8.0 0.0
2286.001549739647 1.0 0.0 0.0 0.0 0.0 1.0 8.0 0.0
2287.0138456643663 1.0 0.0 0.0 0.0 0.0 1.0 8.0 0.0
2288.0068927920047 1.0 0.0 0.0 0.0 0.0 1.0 8.0 0.0
2289.0138456643663 1.0 0.0 0.0 0.0 0.0 1.0 8.0 0.0
2290.006501024449 1.0 0.0 0.0 0.0 0.0 1.0 8.0 0.0
2291.0138456643663 1.0 0.0 0.0 0.0 0.0 1.0 8.0 0.0
2292.0101983943377 1.0 0.0 0.0 0.0 0.0 1.0 8.0 0.0
2293.000985573517 1.0 0.0 0.0 0.0 0.0 1.0 8.0 0.0
2294.0138456643663 1.0 0.0 0.0 0.0 0.0 1.0 8.0 0.0
2295.0138456643663 1.0 0.0 0.0 0.0 0.0 1.0 8.0 0.0
2296.0138456643663 1.0 0.0 0.0 0.0 0.0 1.0 8.0 0.0
2297.0138456643663 1.0 0.0 0.0 0.0 0.0 1.0 8.0 0.0
2298.0050943197784 1.0 0.0 0.0 0.0 0.0 1.0 8.0 0.0
2299.0138456643663 1.0 0.0 0.0 0.0 0.0 1.0 8.0 0.0
2300.0138456643663 1.0 0.0 0.0 0.0 0.0 1.0 8.0 0.0
2301.0012572949013 1.0 0.0 0.0 0.0 0.0 1.0 8.0 0.0
2302.0138456643663 1.0 0.0 0.0 0.0 0.0 1.0 8.0 0.0
2303.012569141572 1.0 0.0 0.0 0.0 0.0 1.0 8.0 0.0
2304.0033903015005 1.0 0.0 0.0 0.0 0.0 1.0 8.0 0.0
2305.0138456643663 1.0 0.0 0.0 0.0 0.0 1.0 8.0 0.0
2306.0138456643663 1.0 0.0 0.0 0.0 0.0 1.0 8.0 0.0
2307.0088550449254 1.0 0.0 0.0 0.0 0.0 1.0 8.0 0.0
2308.005990646066 1.0 0.0 0.0 0.0 0.0 1.0 8.0 0.0
2309.0097435004855 1.0 0.0 0.0 0.0 0.0 1.0 8.0 0.0
2310.0065878111723 1.0 0.0 0.0 0.0 0.0 1.0 8.0 0.0
2311.012221894837 1.0 0.0 0.0 0.0 0.0 1.0 8.0 0.0
2312.01205667051 1.0 0.0 0.0 0.0 0.0 1.0 8.0 0.0
2313.0138456643663 1.0 0.0 0.0 0.0 0.0 1.0 8.0 0.0
2314.0138456643663 1.0 0.0 0.0 0.0 0.0 1.0 8.0 0.0
2315.0138456643663 1.0 0.0 0.0 0.0 0.0 1.0 8.0 0.0
2316.011848916367 1.0 0.0 0.0 0.0 0.0 1.0 8.0 0.0
2317.0138456643663 1.0 0.0 0.0 0.0 0.0 1.0 8.0 0.0
2318.0138456643663 1.0 0.0 0.0 0.0 0.0 1.0 8.0 0.0
2319.005032749429 1.0 0.0 0.0 0.0 0.0 1.0 8.0 0.0
2320.002788182824 1.0 0.0 0.0 0.0 0.0 1.0 8.0 0.0
2321.0138456643663 1.0 0.0 0.0 0.0 0.0 1.0 8.0 0.0
2322.0138456643663 1.0 0.0 0.0 0.0 0.0 1.0 8.0 0.0
2323.005741777896 1.0 0.0 0.0 0.0 0.0 1.0 8.0 0.0
2324.0138456643663 1.0 0.0 0.0 0.0 0.0 1.0 8.0 0.0
2325.0138456643663 1.0 0.0 0.0 0.0 0.0 1.0 8.0 0.0
2326.0044288732424 1.0 0.0 0.0 0.0 0.0 1.0 8.0 0.0
2327.0138456643663 1.0 0.0 0.0 0.0 0.0 1.0 8.0 0.0
2328.0138456643663 1.0 0.0 0.0 0.0 0.0 1.0 8.0 0.0
2329.0138456643663 1.0 0.0 0.0 0.0 0.0 1.0 8.0 0.0
2330.0138456643663 1.0 0.0 0.0 0.0 0.0 1.0 8.0 0.0
2331.0138456643663 1.0 0.0 0.0 0.0 0.0 1.0 8.0 0.0
2332.0138456643663 1.0 0.0 0.0 0.0 0.0 1.0 8.0 0.0
2333.0138456643663 1.0 0.0 0.0 0.0 0.0 1.0 8.0 0.0
2334.010895456596 1.0 0.0 0.0 0.0 0.0 1.0 8.0 0.0
2335.0138456643663 1.0 0.0 0.0 0.0 0.0 1.0 8.0 0.0
2336.0138456643663 1.0 0.0 0.0 0.0 0.0 1.0 8.0 0.0
2337.0138456643663 1.0 0.0 0.0 0.0 0.0 1.0 8.0 0.0
2338.003678708221 1.0 0.0 0.0 0.0 0.0 1.0 8.0 0.0
2339.0090147487635 1.0 0.0 0.0 0.0 0.0 1.0 8.0 0.0
2340.0138456643663 1.0 0.0 0.0 0.0 0.0 1.0 8.0 0.0
2341.0097815162644 1.0 0.0 0.0 0.0 0.0 1.0 8.0 0.0
2342.0138456643663 1.0 0.0 0.0 0.0 0.0 1.0 8.0 0.0
2343.0138456643663 1.0 0.0 0.0 0.0 0.0 1.0 8.0 0.0
2344.0080304626085 1.0 0.0 0.0 0.0 0.0 1.0 8.0 0.0
2345.004118515185 1.0 0.0 0.0 0.0 0.0 1.0 8.0 0.0
2346.0138456643663 1.0 0.0 0.0 0.0 0.0 1.0 8.0 0.0
2347.0138456643663 1.0 0.0 0.0 0.0 0.0 1.0 8.0 0.0
2348.000773529598 1.0 0.0 0.0 0.0 0.0 1.0 8.0 0.0
2349.0078172131275 1.0 0.0 0.0 0.0 0.0 1.0 8.0 0.0
2350.0138456643663 1.0 0.0 0.0 0.0 0.0 1.0 8.0 0.0
2351.0138456643663 1.0 0.0 0.0 0.0 0.0 1.0 8.0 0.0
2352.0138456643663 1.0 0.0 0.0 0.0 0.0 1.0 8.0 0.0
2353.0109447916616 1.0 0.0 0.0 0.0 0.0 1.0 8.0 0.0
2354.0138456643663 1.0 0.0 0.0 0.0 0.0 1.0 8.0 0.0
2355.0138456643663 1.0 0.0 0.0 0.0 0.0 1.0 8.0 0.0
2356.0138456643663 1.0 0.0 0.0 0.0 0.0 1.0 8.0 0.0
2357.0138456643663 1.0 0.0 0.0 0.0 0.0 1.0 8.0 0.0
2358.0138456643663 1.0 0.0 0.0 0.0 0.0 1.0 8.0 0.0
2359.0138456643663 1.0 0.0 0.0 0.0 0.0 1.0 8.0 0.0
2360.0138456643663 1.0 0.0 0.0 0.0 0.0 1.0 8.0 0.0
2361.013770048416 1.0 0.0 0.0 0.0 0.0 1.0 8.0 0.0
2362.0138456643663 1.0 0.0 0.0 0.0 0.0 1.0 8.0 0.0
2363.008880431873 1.0 0.0 0.0 0.0 0.0 1.0 8.0 0.0
2364.0138456643663 1.0 0.0 0.0 0.0 0.0 1.0 8.0 0.0
2365.0138456643663 1.0 0.0 0.0 0.0 0.0 1.0 8.0 0.0
2366.0002245533697 1.0 0.0 0.0 0.0 0.0 1.0 8.0 0.0
2367.0019225825486 1.0 0.0 0.0 0.0 0.0 1.0 8.0 0.0
2368.0138456643663 1.0 0.0 0.0 0.0 0.0 1.0 8.0 0.0
2369.0055536903646 1.0 0.0 0.0 0.0 0.0 1.0 8.0 0.0
2370.0138456643663 1.0 0.0 0.0 0.0 0.0 1.0 8.0 0.0
2371.0138456643663 1.0 0.0 0.0 0.0 0.0 1.0 8.0 0.0
2372.0138456643663 1.0 0.0 0.0 0.0 0.0 1.0 8.0 0.0
2373.0138456643663 1.0 0.0 0.0 0.0 0.0 1.0 8.0 0.0
2374.0138456643663 1.0 0.0 0.0 0.0 0.0 1.0 8.0 0.0
2375.0138456643663 1.0 0.0 0.0 0.0 0.0 1.0 8.0 0.0
2376.0138456643663 1.0 0.0 0.0 0.0 0.0 1.0 8.0 0.0
2377.0138456643663 1.0 0.0 0.0 0.0 0.0 1.0 8.0 0.0
2378.0138456643663 1.0 0.0 0.0 0.0 0.0 1.0 8.0 0.0
2379.0138456643663 1.0 0.0 0.0 0.0 0.0 1.0 8.0 0.0
2380.012862404629 1.0 0.0 0.0 0.0 0.0 1.0 8.0 0.0
2381.0002649503294 1.0 0.0 0.0 0.0 0.0 1.0 8.0 0.0
2382.0018037148093 1.0 0.0 0.0 0.0 0.0 1.0 8.0 0.0
2383.0138456643663 1.0 0.0 0.0 0.0 0.0 1.0 8.0 0.0
2384.0138456643663 1.0 0.0 0.0 0.0 0.0 1.0 8.0 0.0
2385.0138456643663 1.0 0.0 0.0 0.0 0.0 1.0 8.0 0.0
2386.0138456643663 1.0 0.0 0.0 0.0 0.0 1.0 8.0 0.0
2387.0138456643663 1.0 0.0 0.0 0.0 0.0 1.0 8.0 0.0
2388.0138456643663 1.0 0.0 0.0 0.0 0.0 1.0 8.0 0.0
2389.0086630931432 1.0 0.0 0.0 0.0 0.0 1.0 8.0 0.0
2390.0138456643663 1.0 0.0 0.0 0.0 0.0 1.0 8.0 0.0
2391.0138456643663 1.0 0.0 0.0 0.0 0.0 1.0 8.0 0.0
2392.0138456643663 1.0 0.0 0.0 0.0 0.0 1.0 8.0 0.0
2393.002001287137 1.0 0.0 0.0 0.0 0.0 1.0 8.0 0.0
2394.00408556035 1.0 0.0 0.0 0.0 0.0 1.0 8.0 0.0
2395.0138456643663 1.0 0.0 0.0 0.0 0.0 1.0 8.0 0.0
2396.0138456643663 1.0 0.0 0.0 0.0 0.0 1.0 8.0 0.0
2397.0138456643663 1.0 0.0 0.0 0.0 0.0 1.0 8.0 0.0
2398.004023423785 1.0 0.0 0.0 0.0 0.0 1.0 8.0 0.0
2399.0138456643663 1.0 0.0 0.0 0.0 0.0 1.0 8.0 0.0
2400.0 1.0 0.0 0.0 0.0 1.0 1.0 8.0 0.0
2401.0116607828045 0.775 0.22499999999999995 0.0 0.0 1.0 1.0 7.525 0.3402439024390244
2402.0138456643663 0.7 0.30000000000000004 0.0 0.0 1.0 1.0 6.975 0.4097560975609756
2403.0138456643663 0.575 0.425 0.0 0.0 1.0 1.0 6.475 0.4768292682926829
2404.0138456643663 0.275 0.725 0.0 0.0 1.0 1.0 6.65 0.38902439024390245
2405.0102917803965 0.024999999999999988 0.975 0.0 0.0 1.0 1.0 7.375 0.0475609756097561
2406.0138456643663 0.0 1.0 0.0 0.0 1.0 1.0 7.9 0.0
2407.0138456643663 0.0 1.0 0.0 0.0 1.0 1.0 8.0 0.0
2408.0138456643663 0.0 1.0 0.0 0.0 1.0 1.0 8.0 0.0
2409.0138456643663 0.0 1.0 0.0 0.0 1.0 1.0 8.0 0.0
2410.0138456643663 0.0 1.0 0.0 0.0 1.0 1.0 8.0 0.0
2411.0138456643663 0.0 1.0 0.0 0.0 1.0 1.0 8.0 0.0
2412.0138456643663 0.0 1.0 0.0 0.0 1.0 1.0 8.0 0.0
2413.0085551652837 0.0 1.0 0.0 0.0 1.0 1.0 8.0 0.0
2414.0074221685763 0.0 1.0 0.0 0.0 1.0 1.0 8.0 0.0
2415.0063183782304 0.0 1.0 0.0 0.0 1.0 1.0 8.0 0.0
2416.0007674043723 0.0 1.0 0.0 0.0 1.0 1.0 8.0 0.0
2417.005127822686 0.0 1.0 0.0 0.0 1.0 1.0 8.0 0.0
2418.0130298547447 0.0 1.0 0.0 0.0 1.0 1.0 8.0 0.0
2419.00804515934 0.0 1.0 0.0 0.0 1.0 1.0 8.0 0.0
2420.0026846629057 0.0 1.0 0.0 0.0 1.0 1.0 8.0 0.0
2421.0138456643663 0.0 1.0 0.0 0.0 1.0 1.0 8.0 0.0
2422.0138456643663 0.0 1.0 0.0 0.0 1.0 1.0 8.0 0.0
2423.0138456643663 0.0 1.0 0.0 0.0 1.0 1.0 8.0 0.0
2424.0138456643663 0.0 1.0 0.0 0.0 1.0 1.0 8.0 0.0
2425.0138456643663 0.0 1.0 0.0 0.0 1.0 1.0 8.0 0.0
2426.001654136749 0.0 1.0 0.0 0.0 1.0 1.0 8.0 0.0
2427.0138456643663 0.0 1.0 0.0 0.0 1.0 1.0 8.0 0.0
2428.0102270492093 0.0 1.0 0.0 0.0 1.0 1.0 8.0 0.0
2429.0138456643663 0.0 1.0 0.0 0.0 1.0 1.0 8.0 0.0
2430.0138456643663 0.0 1.0 0.0 0.0 1.0 1.0 8.0 0.0
2431.0085945261717 0.0 1.0 0.0 0.0 1.0 1.0 8.0 0.0
2432.0138456643663 0.0 1.0 0.0 0.0 1.0 1.0 8.0 0.0
2433.0138456643663 0.0 1.0 0.0 0.0 1.0 1.0 8.0 0.0
2434.0138456643663 0.0 1.0 0.0 0.0 1.0 1.0 8.0 0.0
2435.0138456643663 0.0 1.0 0.0 0.0 1.0 1.0 8.0 0.0
2436.0138456643663 0.0 1.0 0.0 0.0 1.0 1.0 8.0 0.0
2437.0062238922465 0.0 1.0 0.0 0.0 1.0 1.0 8.0 0.0
2438.0138456643663 0.0 1.0 0.0 0.0 1.0 1.0 8.0 0.0
2439.005604845187 0.0 1.0 0.0 0.0 1.0 1.0 8.0 0.0
2440.000457118787 0.0 1.0 0.0 0.0 1.0 1.0 8.0 0.0
2441.0138456643663 0.0 1.0 0.0 0.0 1.0 1.0 8.0 0.0
2442.0054032315575 0.0 1.0 0.0 0.0 1.0 1.0 8.0 0.0
2443.010416910541 0.0 1.0 0.0 0.0 1.0 1.0 8.0 0.0
2444.0138456643663 0.0 1.0 0.0 0.0 1.0 1.0 8.0 0.0
2445.0138456643663 0.0 1.0 0.0 0.0 1.0 1.0 8.0 0.0
2446.0002099007447 0.0 1.0 0.0 0.0 1.0 1.0 8.0 0.0
2447.0138456643663 0.0 1.0 0.0 0.0 1.0 1.0 8.0 0.0
2448.0138456643663 0.0 1.0 0.0 0.0 1.0 1.0 8.0 0.0
2449.01194047957 0.0 1.0 0.0 0.0 1.0 1.0 8.0 0.0
2450.0138456643663 0.0 1.0 0.0 0.0 1.0 1.0 8.0 0.0
2451.001319696505 0.0 1.0 0.0 0.0 1.0 1.0 8.0 0.0
2452.0138456643663 0.0 1.0 0.0 0.0 1.0 1.0 8.0 0.0
2453.0138456643663 0.0 1.0 0.0 0.0 1.0 1.0 8.0 0.0
2454.0138456643663 0.0 1.0 0.0 0.0 1.0 1.0 8.0 0.0
2455.0138456643663 0.0 1.0 0.0 0.0 1.0 1.0 8.0 0.0
2456.0138456643663 0.0 1.0 0.0 0.0 1.0 1.0 8.0 0.0
2457.0007798411475 0.0 1.0 0.0 0.0 1.0 1.0 8.0 0.0
2458.0069899558257 0.0 1.0 0.0 0.0 1.0 1.0 8.0 0.0
2459.0138456643663 0.0 1.0 0.0 0.0 1.0 1.0 8.0 0.0
2460.0134096687675 0.0 1.0 0.0 0.0 1.0 1.0 8.0 0.0
2461.0035600992833 0.0 1.0 0.0 0.0 1.0 1.0 8.0 0.0
2462.0138456643663 0.0 1.0 0.0 0.0 1.0 1.0 8.0 0.0
2463.0138456643663 0.0 1.0 0.0 0.0 1.0 1.0 8.0 0.0
2464.0138456643663 0.0 1.0 0.0 0.0 1.0 1.0 8.0 0.0
2465.0138456643663 0.0 1.0 0.0 0.0 1.0 1.0 8.0 0.0
2466.0022037654785 0.0 1.0 0.0 0.0 1.0 1.0 8.0 0.0
2467.0046192007285 0.0 1.0 0.0 0.0 1.0 1.0 8.0 0.0
2468.0138456643663 0.0 1.0 0.0 0.0 1.0 1.0 8.0 0.0
2469.0067745593715 0.0 1.0 0.0 0.0 1.0 1.0 8.0 0.0
2470.0138456643663 0.0 1.0 0.0 0.0 1.0 1.0 8.0 0.0
2471.0138456643663 0.0 1.0 0.0 0.0 1.0 1.0 8.0 0.0
2472.0138456643663 0.0 1.0 0.0 0.0 1.0 1.0 8.0 0.0
2473.0043337213074 0.0 1.0 0.0 0.0 1.0 1.0 8.0 0.0
2474.0138456643663 0.0 1.0 0.0 0.0 1.0 1.0 8.0 0.0
2475.0138456643663 0.0 1.0 0.0 0.0 1.0 1.0 8.0 0.0
2476.0138456643663 0.0 1.0 0.0 0.0 1.0 1.0 8.0 0.0
2477.0002842856857 0.0 1.0 0.0 0.0 1.0 1.0 8.0 0.0
2478.0128667378867 0.0 1.0 0.0 0.0 1.0 1.0 8.0 0.0
2479.0138456643663 0.0 1.0 0.0 0.0 1.0 1.0 8.0 0.0
2480.0029362444448 0.0 1.0 0.0 0.0 1.0 1.0 8.0 0.0
2481.0138456643663 0.0 1.0 0.0 0.0 1.0 1.0 8.0 0.0
2482.0138456643663 0.0 1.0 0.0 0.0 1.0 1.0 8.0 0.0
2483.0072167261515 0.0 1.0 0.0 0.0 1.0 1.0 8.0 0.0
2484.0016320889945 0.0 1.0 0.0 0.0 1.0 1.0 8.0 0.0
2485.002263766869 0.0 1.0 0.0 0.0 1.0 1.0 8.0 0.0
2486.0138456643663 0.0 1.0 0.0 0.0 1.0 1.0 8.0 0.0
2487.0138456643663 0.0 1.0 0.0 0.0 1.0 1.0 8.0 0.0
2488.0138456643663 0.0 1.0 0.0 0.0 1.0 1.0 8.0 0.0
2489.0138456643663 0.0 1.0 0.0 0.0 1.0 1.0 8.0 0.0
2490.0116825755667 0.0 1.0 0.0 0.0 1.0 1.0 8.0 0.0
2491.0044466317645 0.0 1.0 0.0 0.0 1.0 1.0 8.0 0.0
2492.0138456643663 0.0 1.0 0.0 0.0 1.0 1.0 8.0 0.0
2493.0138456643663 0.0 1.0 0.0 0.0 1.0 1.0 8.0 0.0
2494.0138456643663 0.0 1.0 0.0 0.0 1.0 1.0 8.0 0.0
2495.01108916012 0.0 1.0 0.0 0.0 1.0 1.0 8.0 0.0
2496.002254039926 0.0 1.0 0.0 0.0 1.0 1.0 8.0 0.0
2497.0010136542114 0.0 1.0 0.0 0.0 1.0 1.0 8.0 0.0
2498.0138456643663 0.0 1.0 0.0 0.0 1.0 1.0 8.0 0.0
2499.0138456643663 0.0 1.0 0.0 0.0 1.0 1.0 8.0 0.0
2500.0138456643663 0.0 1.0 0.0 0.0 1.0 1.0 8.0 0.0
2501.0138456643663 0.0 1.0 0.0 0.0 1.0 1.0 8.0 0.0
2502.0138456643663 0.0 1.0 0.0 0.0 1.0 1.0 8.0 0.0
2503.009166895096 0.0 1.0 0.0 0.0 1.0 1.0 8.0 0.0
2504.0138456643663 0.0 1.0 0.0 0.0 1.0 1.0 8.0 0.0
2505.0138456643663 0.0 1.0 0.0 0.0 1.0 1.0 8.0 0.0
2506.0138456643663 0.0 1.0 0.0 0.0 1.0 1.0 8.0 0.0
2507.0138456643663 0.0 1.0 0.0 0.0 1.0 1.0 8.0 0.0
2508.0138456643663 0.0 1.0 0.0 0.0 1.0 1.0 8.0 0.0
2509.0138456643663 0.0 1.0 0.0 0.0 1.0 1.0 8.0 0.0
2510.0025515660623 0.0 1.0 0.0 0.0 1.0 1.0 8.0 0.0
2511.0138456643663 0.0 1.0 0.0 0.0 1.0 1.0 8.0 0.0
2512.0138456643663 0.0 1.0 0.0 0.0 1.0 1.0 8.0 0.0
2513.0138456643663 0.0 1.0 0.0 0.0 1.0 1.0 8.0 0.0
2514.0138456643663 0.0 1.0 0.0 0.0 1.0 1.0 8.0 0.0
2515.0138456643663 0.0 1.0 0.0 0.0 1.0 1.0 8.0 0.0
2516.0138456643663 0.0 1.0 0.0 0.0 1.0 1.0 8.0 0.0
2517.005418206036 0.0 1.0 0.0 0.0 1.0 1.0 8.0 0.0
2518.0042406930615 0.0 1.0 0.0 0.0 1.0 1.0 8.0 0.0
2519.002524265066 0.0 1.0 0.0 0.0 1.0 1.0 8.0 0.0
2520.0138456643663 0.0 1.0 0.0 0.0 1.0 1.0 8.0 0.0
2521.010391933338 0.0 1.0 0.0 0.0 1.0 1.0 8.0 0.0
2522.0138456643663 0.0 1.0 0.0 0.0 1.0 1.0 8.0 0.0
2523.0138456643663 0.0 1.0 0.0 0.0 1.0 1.0 8.0 0.0
2524.0138456643663 0.0 1.0 0.0 0.0 1.0 1.0 8.0 0.0
2525.0138456643663 0.0 1.0 0.0 0.0 1.0 1.0 8.0 0.0
2526.0005327151703 0.0 1.0 0.0 0.0 1.0 1.0 8.0 0.0
2527.0138456643663 0.0 0.55 0.0 0.45 0.0 1.0 8.0 0.48292682926829267
2528.0138456643663 0.4 0.0 0.0 0.6 0.0 1.0 8.275 0.4682926829268293
2529.0138456643663 0.925 0.0 0.0 0.07500000000000001 0.0 1.0 9.175 0.1353658536585366
2530.0138456643663 1.0 0.0 0.0 0.0 0.0 1.0 10.2 0.0
2531.0138456643663 1.0 0.0 0.0 0.0 0.0 1.0 10.8 0.0
2532.0138456643663 1.0 0.0 0.0 0.0 0.0 1.0 11.0 0.0
2533.001387086295 1.0 0.0 0.0 0.0 0.0 1.0 11.0 0.0
2534.0138456643663 1.0 0.0 0.0 0.0 0.0 1.0 11.0 0.0
2535.009473432087 1.0 0.0 0.0 0.0 0.0 1.0 11.0 0.0
2536.0138456643663 1.0 0.0 0.0 0.0 0.0 1.0 11.0 0.0
2537.0138456643663 1.0 0.0 0.0 0.0 0.0 1.0 10.725 0.0
2538.0138456643663 1.0 0.0 0.0 0.0 0.0 1.0 10.05 0.0
2539.0138456643663 1.0 0.0 0.0 0.0 0.0 1.0 9.275 0.0
2540.0125782364657 1.0 0.0 0.0 0.0 0.0 1.0 9.025 0.0
2541.0084644791973 1.0 0.0 0.0 0.0 0.0 1.0 9.0 0.0
2542.0138456643663 1.0 0.0 0.0 0.0 0.0 1.0 9.0 0.0
2543.0064834563786 1.0 0.0 0.0 0.0 0.0 1.0 9.0 0.0
2544.0138456643663 1.0 0.0 0.0 0.0 0.0 1.0 9.0 0.0
2545.0138456643663 1.0 0.0 0.0 0.0 0.0 1.0 9.0 0.0
2546.0138456643663 1.0 0.0 0.0 0.0 0.0 1.0 9.0 0.0
2547.0138456643663 1.0 0.0 0.0 0.0 0.0 1.0 9.0 0.0
2548.001388538478 1.0 0.0 0.0 0.0 0.0 1.0 9.0 0.0
2549.0138456643663 1.0 0.0 0.0 0.0 0.0 1.0 9.0 0.0
2550.0138456643663 1.0 0.0 0.0 0.0 0.0 1.0 9.0 0.0
2551.0024872978183 1.0 0.0 0.0 0.0 0.0 1.0 9.0 0.0
2552.009648125638 1.0 0.0 0.0 0.0 0.0 1.0 9.0 0.0
2553.0138456643663 1.0 0.0 0.0 0.0 0.0 1.0 9.0 0.0
2554.0138456643663 1.0 0.0 0.0 0.0 0.0 1.0 9.0 0.0
2555.004801173622 1.0 0.0 0.0 0.0 0.0 1.0 9.0 0.0
2556.0138456643663 1.0 0.0 0.0 0.0 0.0 1.0 9.0 0.0
2557.0138456643663 1.0 0.0 0.0 0.0 0.0 1.0 9.0 0.0
2558.0138456643663 1.0 0.0 0.0 0.0 0.0 1.0 9.0 0.0
2559.005687366396 1.0 0.0 0.0 0.0 0.0 1.0 9.0 0.0
2560.0138456643663 1.0 0.0 0.0 0.0 0.0 1.0 9.0 0.0
2561.0138456643663 1.0 0.0 0.0 0.0 0.0 1.0 9.0 0.0
2562.0138456643663 1.0 0.0 0.0 0.0 0.0 1.0 9.0 0.0
2563.0138456643663 1.0 0.0 0.0 0.0 0.0 1.0 9.0 0.0
2564.0015716011007 1.0 0.0 0.0 0.0 0.0 1.0 9.0 0.0
2565.0138456643663 1.0 0.0 0.0 0.0 0.0 1.0 9.0 0.0
2566.0098768029357 1.0 0.0 0.0 0.0 0.0 1.0 9.0 0.0
2567.0138456643663 1.0 0.0 0.0 0.0 0.0 1.0 9.0 0.0
2568.0138456643663 1.0 0.0 0.0 0.0 0.0 1.0 9.0 0.0
2569.0138456643663 1.0 0.0 0.0 0.0 0.0 1.0 9.0 0.0
2570.0138456643663 1.0 0.0 0.0 0.0 0.0 1.0 9.0 0.0
2571.0119128185092 1.0 0.0 0.0 0.0 0.0 1.0 9.0 0.0
2572.0138456643663 1.0 0.0 0.0 0.0 0.0 1.0 9.0 0.0
2573.0138456643663 1.0 0.0 0.0 0.0 0.0 1.0 9.0 0.0
2574.0138456643663 1.0 0.0 0.0 0.0 0.0 1.0 9.0 0.0
2575.0061454399506 1.0 0.0 0.0 0.0 0.0 1.0 9.0 0.0
2576.0138456643663 1.0 0.0 0.0 0.0 0.0 1.0 9.0 0.0
2577.0138456643663 1.0 0.0 0.0 0.0 0.0 1.0 9.0 0.0
2578.0138456643663 1.0 0.0 0.0 0.0 0.0 1.0 9.0 0.0
2579.005300050894 1.0 0.0 0.0 0.0 0.0 1.0 9.0 0.0
2580.002086355841 1.0 0.0 0.0 0.0 0.0 1.0 9.0 0.0
2581.0138456643663 1.0 0.0 0.0 0.0 0.0 1.0 9.0 0.0
2582.012223288964 1.0 0.0 0.0 0.0 0.0 1.0 9.0 0.0
2583.0138456643663 1.0 0.0 0.0 0.0 0.0 1.0 9.0 0.0
2584.0138456643663 1.0 0.0 0.0 0.0 0.0 1.0 9.0 0.0
2585.0138456643663 1.0 0.0 0.0 0.0 0.0 1.0 9.0 0.0
2586.0138456643663 1.0 0.0 0.0 0.0 0.0 1.0 9.0 0.0
2587.0138456643663 1.0 0.0 0.0 0.0 0.0 1.0 9.0 0.0
2588.0138456643663 1.0 0.0 0.0 0.0 0.0 1.0 9.0 0.0
2589.0013098558948 1.0 0.0 0.0 0.0 0.0 1.0 9.0 0.0
2590.0138456643663 1.0 0.0 0.0 0.0 0.0 1.0 9.0 0.0
2591.011002260792 1.0 0.0 0.0 0.0 0.0 1.0 9.0 0.0
2592.000959593176 1.0 0.0 0.0 0.0 0.0 1.0 9.0 0.0
2593.0138456643663 1.0 0.0 0.0 0.0 0.0 1.0 9.0 0.0
2594.0138456643663 1.0 0.0 0.0 0.0 0.0 1.0 9.0 0.0
2595.0138456643663 1.0 0.0 0.0 0.0 0.0 1.0 9.0 0.0
2596.0005550651163 1.0 0.0 0.0 0.0 0.0 1.0 9.0 0.0
2597.0138456643663 1.0 0.0 0.0 0.0 0.0 1.0 9.0 0.0
2598.01352810345 1.0 0.0 0.0 0.0 0.0 1.0 9.0 0.0
2599.0138456643663 1.0 0.0 0.0 0.0 0.0 1.0 9.0 0.0
2600.0138456643663 1.0 0.0 0.0 0.0 0.0 1.0 9.0 0.0
2601.0040051577307 1.0 0.0 0.0 0.0 0.0 1.0 9.0 0.0
2602.0138456643663 1.0 0.0 0.0 0.0 0.0 1.0 9.0 0.0
2603.0138456643663 1.0 0.0 0.0 0.0 0.0 1.0 9.0 0.0
2604.003113703904 1.0 0.0 0.0 0.0 0.0 1.0 9.0 0.0
2605.0138456643663 1.0 0.0 0.0 0.0 0.0 1.0 9.0 0.0
2606.0088849387967 1.0 0.0 0.0 0.0 0.0 1.0 9.0 0.0
2607.0072556050654 1.0 0.0 0.0 0.0 0.0 1.0 9.0 0.0
2608.0124164288695 1.0 0.0 0.0 0.0 0.0 1.0 9.0 0.0
2609.0138456643663 1.0 0.0 0.0 0.0 0.0 1.0 9.0 0.0
2610.013834020029 1.0 0.0 0.0 0.0 0.0 1.0 9.0 0.0
2611.0017063622304 1.0 0.0 0.0 0.0 0.0 1.0 9.0 0.0
2612.006345558628 1.0 0.0 0.0 0.0 0.0 1.0 9.0 0.0
2613.0138456643663 1.0 0.0 0.0 0.0 0.0 1.0 9.0 0.0
2614.0013833542816 1.0 0.0 0.0 0.0 0.0 1.0 9.0 0.0
2615.004103367084 1.0 0.0 0.0 0.0 0.0 1.0 9.0 0.0
2616.007600759296 1.0 0.0 0.0 0.0 0.0 1.0 9.0 0.0
2617.010427824363 1.0 0.0 0.0 0.0 0.0 1.0 9.0 0.0
2618.0108743051155 1.0 0.0 0.0 0.0 0.0 1.0 9.0 0.0
2619.0138456643663 1.0 0.0 0.0 0.0 0.0 1.0 9.0 0.0
2620.0138456643663 1.0 0.0 0.0 0.0 0.0 1.0 9.0 0.0
2621.0138456643663 1.0 0.0 0.0 0.0 0.0 1.0 9.0 0.0
2622.0015946143753 1.0 0.0 0.0 0.0 0.0 1.0 9.0 0.0
2623.003257609038 1.0 0.0 0.0 0.0 0.0 1.0 9.0 0.0
2624.0094151872217 1.0 0.0 0.0 0.0 0.0 1.0 9.0 0.0
2625.0138456643663 1.0 0.0 0.0 0.0 0.0 1.0 9.0 0.0
2626.00973544407 1.0 0.0 0.0 0.0 0.0 1.0 9.0 0.0
2627.0028562011403 1.0 0.0 0.0 0.0 0.0 1.0 9.0 0.0
2628.0138456643663 1.0 0.0 0.0 0.0 0.0 1.0 9.0 0.0
2629.0138456643663 1.0 0.0 0.0 0.0 0.0 1.0 9.0 0.0
2630.0138456643663 1.0 0.0 0.0 0.0 0.0 1.0 9.0 0.0
2631.0127179553756 1.0 0.0 0.0 0.0 0.0 1.0 9.0 0.0
2632.0138456643663 1.0 0.0 0.0 0.0 0.0 1.0 9.0 0.0
2633.008969690044 1.0 0.0 0.0 0.0 0.0 1.0 9.0 0.0
2634.0111288253447 1.0 0.0 0.0 0.0 0.0 1.0 9.0 0.0
2635.0138456643663 1.0 0.0 0.0 0.0 0.0 1.0 9.0 0.0
2636.0138456643663 1.0 0.0 0.0 0.0 0.0 1.0 9.0 0.0
2637.0138456643663 1.0 0.0 0.0 0.0 0.0 1.0 9.0 0.0
2638.0138456643663 1.0 0.0 0.0 0.0 0.0 1.0 9.0 0.0
2639.0138456643663 1.0 0.0 0.0 0.0 0.0 1.0 9.0 0.0
2640.0138456643663 1.0 0.0 0.0 0.0 0.0 1.0 9.0 0.0
2641.009728501895 1.0 0.0 0.0 0.0 0.0 1.0 9.0 0.0
2642.0138456643663 1.0 0.0 0.0 0.0 0.0 1.0 9.0 0.0
2643.0138456643663 1.0 0.0 0.0 0.0 0.0 1.0 9.0 0.0
2644.000870975876 1.0 0.0 0.0 0.0 0.0 1.0 9.0 0.0
2645.0138456643663 1.0 0.0 0.0 0.0 0.0 1.0 9.0 0.0
2646.0138456643663 1.0 0.0 0.0 0.0 0.0 1.0 9.0 0.0
2647.0138456643663 1.0 0.0 0.0 0.0 0.0 1.0 9.0 0.0
2648.006586351399 1.0 0.0 0.0 0.0 0.0 1.0 9.0 0.0
2649.0031166609747 1.0 0.0 0.0 0.0 0.0 1.0 9.0 0.0
2650.0138456643663 1.0 0.0 0.0 0.0 0.0 1.0 9.0 0.0
2651.0138456643663 1.0 0.0 0.0 0.0 0.0 1.0 9.0 0.0
2652.0043927494885 1.0 0.0 0.0 0.0 0.0 1.0 9.0 0.0
2653.0127613046184 1.0 0.0 0.0 0.0 0.0 1.0 9.0 0.0
2654.0138456643663 1.0 0.0 0.0 0.0 0.0 1.0 9.0 0.0
2655.0138456643663 1.0 0.0 0.0 0.0 0.0 1.0 9.0 0.0
2656.0090392661527 1.0 0.0 0.0 0.0 0.0 1.0 9.0 0.0
2657.0138456643663 1.0 0.0 0.0 0.0 0.0 1.0 9.0 0.0
2658.0138456643663 1.0 0.0 0.0 0.0 0.0 1.0 9.0 0.0
2659.00009107002 1.0 0.0 0.0 0.0 0.0 1.0 9.0 0.0
2660.005929699209 1.0 0.0 0.0 0.0 0.0 1.0 9.0 0.0
2661.0138456643663 1.0 0.0 0.0 0.0 0.0 1.0 9.0 0.0
2662.0012002766193 1.0 0.0 0.0 0.0 0.0 1.0 9.0 0.0
2663.0138456643663 1.0 0.0 0.0 0.0 0.0 1.0 9.0 0.0
2664.0138456643663 1.0 0.0 0.0 0.0 0.0 1.0 9.0 0.0
2665.0095252566543 1.0 0.0 0.0 0.0 0.0 1.0 9.0 0.0
2666.0138456643663 1.0 0.0 0.0 0.0 0.0 1.0 9.0 0.0
2667.0138456643663 1.0 0.0 0.0 0.0 0.0 1.0 9.0 0.0
2668.0138456643663 1.0 0.0 0.0 0.0 0.0 1.0 9.0 0.0
2669.007598868228 1.0 0.0 0.0 0.0 0.0 1.0 9.0 0.0
2670.0138456643663 1.0 0.0 0.0 0.0 0.0 1.0 9.0 0.0
2671.0017317372653 1.0 0.0 0.0 0.0 0.0 1.0 9.0 0.0
2672.007217844375 1.0 0.0 0.0 0.0 0.0 1.0 9.0 0.0
2673.0138456643663 1.0 0.0 0.0 0.0 0.0 1.0 9.0 0.0
2674.0138456643663 1.0 0.0 0.0 0.0 0.0 1.0 9.0 0.0
2675.0138456643663 1.0 0.0 0.0 0.0 0.0 1.0 9.0 0.0
2676.000707646911 1.0 0.0 0.0 0.0 0.0 1.0 9.0 0.0
2677.0056412610807 1.0 0.0 0.0 0.0 0.0 1.0 9.0 0.0
2678.0138456643663 1.0 0.0 0.0 0.0 0.0 1.0 9.0 0.0
2679.0138456643663 1.0 0.0 0.0 0.0 0.0 1.0 9.0 0.0
2680.0138456643663 1.0 0.0 0.0 0.0 0.0 1.0 9.0 0.0
2681.0138456643663 1.0 0.0 0.0 0.0 0.0 1.0 9.0 0.0
2682.0044852623105 1.0 0.0 0.0 0.0 0.0 1.0 9.0 0.0
2683.0138456643663 1.0 0.0 0.0 0.0 0.0 1.0 9.0 0.0
2684.0138456643663 1.0 0.0 0.0 0.0 0.0 1.0 9.0 0.0
2685.0138456643663 1.0 0.0 0.0 0.0 0.0 1.0 9.0 0.0
2686.0138456643663 1.0 0.0 0.0 0.0 0.0 1.0 9.0 0.0
2687.0138456643663 1.0 0.0 0.0 0.0 0.0 1.0 9.0 0.0
2688.0022207451348 1.0 0.0 0.0 0.0 0.0 1.0 9.0 0.0
2689.0138456643663 1.0 0.0 0.0 0.0 0.0 1.0 9.0 0.0
2690.0005620283387 1.0 0.0 0.0 0.0 0.0 1.0 9.0 0.0
2691.0049166635886 1.0 0.0 0.0 0.0 0.0 1.0 9.0 0.0
2692.0023320604664 1.0 0.0 0.0 0.0 0.0 1.0 9.0 0.0
2693.00312475281 1.0 0.0 0.0 0.0 0.0 1.0 9.0 0.0
2694.000572398462 1.0 0.0 0.0 0.0 0.0 1.0 9.0 0.0
2695.0138456643663 1.0 0.0 0.0 0.0 0.0 1.0 9.0 0.0
2696.0138456643663 1.0 0.0 0.0 0.0 0.0 1.0 9.0 0.0
2697.0138456643663 1.0 0.0 0.0 0.0 0.0 1.0 9.0 0.0
2698.0138456643663 1.0 0.0 0.0 0.0 0.0 1.0 9.0 0.0
2699.0138456643663 1.0 0.0 0.0 0.0 0.0 1.0 9.0 0.0
2700.0138456643663 1.0 0.0 0.0 0.0 0.0 1.0 9.0 0.0
2701.0121886758193 1.0 0.0 0.0 0.0 0.0 1.0 9.0 0.0
2702.0138456643663 1.0 0.0 0.0 0.0 0.0 1.0 9.0 0.0
2703.0138456643663 1.0 0.0 0.0 0.0 0.0 1.0 9.0 0.0
2704.0138456643663 1.0 0.0 0.0 0.0 0.0 1.0 9.0 0.0
2705.0138456643663 1.0 0.0 0.0 0.0 0.0 1.0 9.0 0.0
2706.0040237166845 1.0 0.0 0.0 0.0 0.0 1.0 9.0 0.0
2707.000315774555 1.0 0.0 0.0 0.0 0.0 1.0 9.0 0.0
2708.0138456643663 1.0 0.0 0.0 0.0 0.0 1.0 9.0 0.0
2709.0073504670645 1.0 0.0 0.0 0.0 0.0 1.0 9.0 0.0
2710.0062944539513 1.0 0.0 0.0 0.0 0.0 1.0 9.0 0.0
2711.0015691673366 1.0 0.0 0.0 0.0 0.0 1.0 9.0 0.0
2712.0123131779296 1.0 0.0 0.0 0.0 0.0 1.0 9.0 0.0
2713.0138456643663 1.0 0.0 0.0 0.0 0.0 1.0 9.0 0.0
2714.0138456643663 1.0 0.0 0.0 0.0 0.0 1.0 9.0 0.0
2715.0117499708567 1.0 0.0 0.0 0.0 0.0 1.0 9.0 0.0
2716.0138456643663 1.0 0.0 0.0 0.0 0.0 1.0 9.0 0.0
2717.0138456643663 1.0 0.0 0.0 0.0 0.0 1.0 9.0 0.0
2718.0118717520386 1.0 0.0 0.0 0.0 0.0 1.0 9.0 0.0
2719.0138456643663 1.0 0.0 0.0 0.0 0.0 1.0 9.0 0.0
2720.001656616583 1.0 0.0 0.0 0.0 0.0 1.0 9.0 0.0
2721.0138456643663 1.0 0.0 0.0 0.0 0.0 1.0 9.0 0.0
2722.0138456643663 1.0 0.0 0.0 0.0 0.0 1.0 9.0 0.0
2723.004324139483 1.0 0.0 0.0 0.0 0.0 1.0 9.0 0.0
2724.002696170697 1.0 0.0 0.0 0.0 0.0 1.0 9.0 0.0
2725.0138456643663 1.0 0.0 0.0 0.0 0.0 1.0 9.0 0.0
2726.0138456643663 1.0 0.0 0.0 0.0 0.0 1.0 9.0 0.0
2727.0138456643663 1.0 0.0 0.0 0.0 0.0 1.0 9.0 0.0
2728.01085502317 1.0 0.0 0.0 0.0 0.0 1.0 9.0 0.0
2729.008840042351 1.0 0.0 0.0 0.0 0.0 1.0 9.0 0.0
2730.007284935315 1.0 0.0 0.0 0.0 0.0 1.0 9.0 0.0
2731.0138456643663 1.0 0.0 0.0 0.0 0.0 1.0 9.0 0.0
2732.0092553534187 1.0 0.0 0.0 0.0 0.0 1.0 9.0 0.0
2733.0138456643663 1.0 0.0 0.0 0.0 0.0 1.0 9.0 0.0
2734.0117645741675 1.0 0.0 0.0 0.0 0.0 1.0 9.0 0.0
2735.004631705436 1.0 0.0 0.0 0.0 0.0 1.0 9.0 0.0
2736.0138456643663 1.0 0.0 0.0 0.0 0.0 1.0 9.0 0.0
2737.0046976210406 1.0 0.0 0.0 0.0 0.0 1.0 9.0 0.0
2738.0138456643663 1.0 0.0 0.0 0.0 0.0 1.0 9.0 0.0
2739.0138456643663 1.0 0.0 0.0 0.0 0.0 1.0 9.0 0.0
2740.0138456643663 1.0 0.0 0.0 0.0 0.0 1.0 9.0 0.0
2741.0138456643663 1.0 0.0 0.0 0.0 0.0 1.0 9.0 0.0
2742.004925069613 1.0 0.0 0.0 0.0 0.0 1.0 9.0 0.0
2743.0138456643663 1.0 0.0 0.0 0.0 0.0 1.0 9.0 0.0
2744.0138456643663 1.0 0.0 0.0 0.0 0.0 1.0 9.0 0.0
2745.0138456643663 1.0 0.0 0.0 0.0 0.0 1.0 9.0 0.0
2746.0138456643663 1.0 0.0 0.0 0.0 0.0 1.0 9.0 0.0
2747.0138456643663 1.0 0.0 0.0 0.0 0.0 1.0 9.0 0.0
2748.0138456643663 1.0 0.0 0.0 0.0 0.0 1.0 9.0 0.0
2749.0138456643663 1.0 0.0 0.0 0.0 0.0 1.0 9.0 0.0
2750.0138456643663 1.0 0.0 0.0 0.0 0.0 1.0 9.0 0.0
2751.0138456643663 1.0 0.0 0.0 0.0 0.0 1.0 9.0 0.0
2752.001375300021 1.0 0.0 0.0 0.0 0.0 1.0 9.0 0.0
2753.0138456643663 1.0 0.0 0.0 0.0 0.0 1.0 9.0 0.0
2754.0138456643663 1.0 0.0 0.0 0.0 0.0 1.0 9.0 0.0
2755.0138456643663 1.0 0.0 0.0 0.0 0.0 1.0 9.0 0.0
2756.0037375688125 1.0 0.0 0.0 0.0 0.0 1.0 9.0 0.0
2757.005640377539 1.0 0.0 0.0 0.0 0.0 1.0 9.0 0.0
2758.0001440209044 1.0 0.0 0.0 0.0 0.0 1.0 9.0 0.0
2759.0138456643663 1.0 0.0 0.0 0.0 0.0 1.0 9.0 0.0
2760.012368989988 1.0 0.0 0.0 0.0 0.0 1.0 9.0 0.0
2761.0138456643663 1.0 0.0 0.0 0.0 0.0 1.0 9.0 0.0
2762.003902765036 1.0 0.0 0.0 0.0 0.0 1.0 9.0 0.0
2763.0009194184604 1.0 0.0 0.0 0.0 0.0 1.0 9.0 0.0
2764.0138456643663 1.0 0.0 0.0 0.0 0.0 1.0 9.0 0.0
2765.0138456643663 1.0 0.0 0.0 0.0 0.0 1.0 9.0 0.0
2766.0138456643663 1.0 0.0 0.0 0.0 0.0 1.0 9.0 0.0
2767.0046423353906 1.0 0.0 0.0 0.0 0.0 1.0 9.0 0.0
2768.0138456643663 1.0 0.0 0.0 0.0 0.0 1.0 9.0 0.0
2769.0138456643663 1.0 0.0 0.0 0.0 0.0 1.0 9.0 0.0
2770.0138456643663 1.0 0.0 0.0 0.0 0.0 1.0 9.0 0.0
2771.0138456643663 1.0 0.0 0.0 0.0 0.0 1.0 9.0 0.0
2772.0138456643663 1.0 0.0 0.0 0.0 0.0 1.0 9.0 0.0
2773.010856789854 1.0 0.0 0.0 0.0 0.0 1.0 9.0 0.0
2774.0138456643663 1.0 0.0 0.0 0.0 0.0 1.0 9.0 0.0
2775.000277377835 1.0 0.0 0.0 0.0 0.0 1.0 9.0 0.0
2776.0138456643663 1.0 0.0 0.0 0.0 0.0 1.0 9.0 0.0
2777.007483684378 1.0 0.0 0.0 0.0 0.0 1.0 9.0 0.0
2778.012697750364 1.0 0.0 0.0 0.0 0.0 1.0 9.0 0.0
2779.0138456643663 1.0 0.0 0.0 0.0 0.0 1.0 9.0 0.0
2780.003539859199 1.0 0.0 0.0 0.0 0.0 1.0 9.0 0.0
2781.0138456643663 1.0 0.0 0.0 0.0 0.0 1.0 9.0 0.0
2782.0138456643663 1.0 0.0 0.0 0.0 0.0 1.0 9.0 0.0
2783.0138456643663 1.0 0.0 0.0 0.0 0.0 1.0 9.0 0.0
2784.0031720212323 1.0 0.0 0.0 0.0 0.0 1.0 9.0 0.0
2785.0138456643663 1.0 0.0 0.0 0.0 0.0 1.0 9.0 0.0
2786.0138456643663 1.0 0.0 0.0 0.0 0.0 1.0 9.0 0.0
2787.008128114902 1.0 0.0 0.0 0.0 0.0 1.0 9.0 0.0
2788.002067027136 1.0 0.0 0.0 0.0 0.0 1.0 9.0 0.0
2789.0138456643663 1.0 0.0 0.0 0.0 0.0 1.0 9.0 0.0
2790.0068197293876 1.0 0.0 0.0 0.0 0.0 1.0 9.0 0.0
2791.0138456643663 1.0 0.0 0.0 0.0 0.0 1.0 9.0 0.0
2792.0138456643663 1.0 0.0 0.0 0.0 0.0 1.0 9.0 0.0
2793.008806560619 1.0 0.0 0.0 0.0 0.0 1.0 9.0 0.0
2794.0138456643663 1.0 0.0 0.0 0.0 0.0 1.0 9.0 0.0
2795.0104566135556 1.0 0.0 0.0 0.0 0.0 1.0 9.0 0.0
2796.0138456643663 1.0 0.0 0.0 0.0 0.0 1.0 9.0 0.0
2797.0138456643663 1.0 0.0 0.0 0.0 0.0 1.0 9.0 0.0
2798.0138456643663 1.0 0.0 0.0 0.0 0.0 1.0 9.0 0.0
2799.0138456643663 1.0 0.0 0.0 0.0 0.0 1.0 9.0 0.0
2800.0138456643663 1.0 0.0 0.0 0.0 0.0 1.0 9.0 0.0
2801.0005778010714 1.0 0.0 0.0 0.0 0.0 1.0 9.0 0.0
2802.0049649201037 1.0 0.0 0.0 0.0 0.0 1.0 9.0 0.0
2803.007774389686 1.0 0.0 0.0 0.0 0.0 1.0 9.0 0.0
2804.007236758329 1.0 0.0 0.0 0.0 0.0 1.0 9.0 0.0
2805.0138456643663 1.0 0.0 0.0 0.0 0.0 1.0 9.0 0.0
2806.0138456643663 1.0 0.0 0.0 0.0 0.0 1.0 9.0 0.0
2807.0138456643663 1.0 0.0 0.0 0.0 0.0 1.0 9.0 0.0
2808.0138456643663 1.0 0.0 0.0 0.0 0.0 1.0 9.0 0.0
2809.0138456643663 1.0 0.0 0.0 0.0 0.0 1.0 9.0 0.0
2810.0092033314286 1.0 0.0 0.0 0.0 0.0 1.0 9.0 0.0
2811.0138456643663 1.0 0.0 0.0 0.0 0.0 1.0 9.0 0.0
2812.0138456643663 1.0 0.0 0.0 0.0 0.0 1.0 9.0 0.0
2813.0138456643663 1.0 0.0 0.0 0.0 0.0 1.0 9.0 0.0
2814.0138456643663 1.0 0.0 0.0 0.0 0.0 1.0 9.0 0.0
2815.001832832918 1.0 0.0 0.0 0.0 0.0 1.0 9.0 0.0
2816.0057820357592 1.0 0.0 0.0 0.0 0.0 1.0 9.0 0.0
2817.0138456643663 1.0 0.0 0.0 0.0 0.0 1.0 9.0 0.0
2818.0138456643663 1.0 0.0 0.0 0.0 0.0 1.0 9.0 0.0
2819.0138456643663 1.0 0.0 0.0 0.0 0.0 1.0 9.0 0.0
2820.0116259429433 1.0 0.0 0.0 0.0 0.0 1.0 9.0 0.0
2821.0068462331324 1.0 0.0 0.0 0.0 0.0 1.0 9.0 0.0
2822.0021948629847 1.0 0.0 0.0 0.0 0.0 1.0 9.0 0.0
2823.0138456643663 1.0 0.0 0.0 0.0 0.0 1.0 9.0 0.0
2824.0099837475614 1.0 0.0 0.0 0.0 0.0 1.0 9.0 0.0
2825.0138456643663 1.0 0.0 0.0 0.0 0.0 1.0 9.0 0.0
2826.0138456643663 1.0 0.0 0.0 0.0 0.0 1.0 9.0 0.0
2827.0138456643663 1.0 0.0 0.0 0.0 0.0 1.0 9.0 0.0
2828.0138456643663 1.0 0.0 0.0 0.0 0.0 1.0 9.0 0.0
2829.0030890903963 1.0 0.0 0.0 0.0 0.0 1.0 9.0 0.0
2830.003353397734 1.0 0.0 0.0 0.0 0.0 1.0 9.0 0.0
2831.0138456643663 1.0 0.0 0.0 0.0 0.0 1.0 9.0 0.0
2832.0138456643663 1.0 0.0 0.0 0.0 0.0 1.0 9.0 0.0
2833.0138456643663 1.0 0.0 0.0 0.0 0.0 1.0 9.0 0.0
2834.002361583527 1.0 0.0 0.0 0.0 0.0 1.0 9.0 0.0
2835.0138456643663 1.0 0.0 0.0 0.0 0.0 1.0 9.0 0.0
2836.0138456643663 1.0 0.0 0.0 0.0 0.0 1.0 9.0 0.0
2837.0138456643663 1.0 0.0 0.0 0.0 0.0 1.0 9.0 0.0
2838.0138456643663 1.0 0.0 0.0 0.0 0.0 1.0 9.0 0.0
2839.0138456643663 1.0 0.0 0.0 0.0 0.0 1.0 9.0 0.0
2840.005680244085 1.0 0.0 0.0 0.0 0.0 1.0 9.0 0.0
2841.0138456643663 1.0 0.0 0.0 0.0 0.0 1.0 9.0 0.0
2842.0138456643663 1.0 0.0 0.0 0.0 0.0 1.0 9.0 0.0
2843.0138456643663 1.0 0.0 0.0 0.0 0.0 1.0 9.0 0.0
2844.0138456643663 1.0 0.0 0.0 0.0 0.0 1.0 9.0 0.0
2845.0101482578057 1.0 0.0 0.0 0.0 0.0 1.0 9.0 0.0
2846.011968881497 1.0 0.0 0.0 0.0 0.0 1.0 9.0 0.0
2847.0122466395787 1.0 0.0 0.0 0.0 0.0 1.0 9.0 0.0
2848.00267472972 1.0 0.0 0.0 0.0 0.0 1.0 9.0 0.0
2849.0007837197495 1.0 0.0 0.0 0.0 0.0 1.0 9.0 0.0
2850.0138456643663 1.0 0.0 0.0 0.0 0.0 1.0 9.0 0.0
2851.011501567155 1.0 0.0 0.0 0.0 0.0 1.0 9.0 0.0
2852.0138456643663 1.0 0.0 0.0 0.0 0.0 1.0 9.0 0.0
2853.0138456643663 1.0 0.0 0.0 0.0 0.0 1.0 9.0 0.0
2854.00857318184 1.0 0.0 0.0 0.0 0.0 1.0 9.0 0.0
2855.0138456643663 1.0 0.0 0.0 0.0 0.0 1.0 9.0 0.0
2856.005038939113 1.0 0.0 0.0 0.0 0.0 1.0 9.0 0.0
2857.0138456643663 1.0 0.0 0.0 0.0 0.0 1.0 9.0 0.0
2858.0084823184648 1.0 0.0 0.0 0.0 0.0 1.0 9.0 0.0
2859.0138456643663 1.0 0.0 0.0 0.0 0.0 1.0 9.0 0.0
2860.0138456643663 1.0 0.0 0.0 0.0 0.0 1.0 9.0 0.0
2861.0138456643663 1.0 0.0 0.0 0.0 0.0 1.0 9.0 0.0
2862.0138456643663 1.0 0.0 0.0 0.0 0.0 1.0 9.0 0.0
2863.0035086649305 1.0 0.0 0.0 0.0 0.0 1.0 9.0 0.0
2864.011997644822 1.0 0.0 0.0 0.0 0.0 1.0 9.0 0.0
2865.0050789416814 1.0 0.0 0.0 0.0 0.0 1.0 9.0 0.0
2866.0061310504952 1.0 0.0 0.0 0.0 0.0 1.0 9.0 0.0
2867.0138456643663 1.0 0.0 0.0 0.0 0.0 1.0 9.0 0.0
2868.00554541213 1.0 0.0 0.0 0.0 0.0 1.0 9.0 0.0
2869.0138456643663 1.0 0.0 0.0 0.0 0.0 1.0 9.0 0.0
2870.0138456643663 1.0 0.0 0.0 0.0 0.0 1.0 9.0 0.0
2871.0138456643663 1.0 0.0 0.0 0.0 0.0 1.0 9.0 0.0
2872.0067860714394 1.0 0.0 0.0 0.0 0.0 1.0 9.0 0.0
2873.0138456643663 1.0 0.0 0.0 0.0 0.0 1.0 9.0 0.0
2874.0138456643663 1.0 0.0 0.0 0.0 0.0 1.0 9.0 0.0
2875.0138456643663 1.0 0.0 0.0 0.0 0.0 1.0 9.0 0.0
2876.0090241208613 1.0 0.0 0.0 0.0 0.0 1.0 9.0 0.0
2877.0035495814245 1.0 0.0 0.0 0.0 0.0 1.0 9.0 0.0
2878.0025040182923 1.0 0.0 0.0 0.0 0.0 1.0 9.0 0.0
2879.0138456643663 1.0 0.0 0.0 0.0 0.0 1.0 9.0 0.0
2880.0138456643663 1.0 0.0 0.0 0.0 0.0 1.0 9.0 0.0
2881.0138456643663 1.0 0.0 0.0 0.0 0.0 1.0 9.0 0.0
2882.0084634399977 1.0 0.0 0.0 0.0 0.0 1.0 9.0 0.0
2883.0138456643663 1.0 0.0 0.0 0.0 0.0 1.0 9.0 0.0
2884.0065503577466 1.0 0.0 0.0 0.0 0.0 1.0 9.0 0.0
2885.0138456643663 1.0 0.0 0.0 0.0 0.0 1.0 9.0 0.0
2886.013660855603 1.0 0.0 0.0 0.0 0.0 1.0 9.0 0.0
2887.0138456643663 1.0 0.0 0.0 0.0 0.0 1.0 9.0 0.0
2888.0138456643663 1.0 0.0 0.0 0.0 0.0 1.0 9.0 0.0
2889.013355765996 1.0 0.0 0.0 0.0 0.0 1.0 9.0 0.0
2890.0138456643663 1.0 0.0 0.0 0.0 0.0 1.0 9.0 0.0
2891.0138456643663 1.0 0.0 0.0 0.0 0.0 1.0 9.0 0.0
2892.0138456643663 1.0 0.0 0.0 0.0 0.0 1.0 9.0 0.0
2893.003866455669 1.0 0.0 0.0 0.0 0.0 1.0 9.0 0.0
2894.0138456643663 1.0 0.0 0.0 0.0 0.0 1.0 9.0 0.0
2895.0138456643663 1.0 0.0 0.0 0.0 0.0 1.0 9.0 0.0
2896.0138456643663 1.0 0.0 0.0 0.0 0.0 1.0 9.0 0.0
2897.0138456643663 1.0 0.0 0.0 0.0 0.0 1.0 9.0 0.0
2898.0138456643663 1.0 0.0 0.0 0.0 0.0 1.0 9.0 0.0
2899.0138456643663 1.0 0.0 0.0 0.0 0.0 1.0 9.0 0.0
2900.0138456643663 1.0 0.0 0.0 0.0 0.0 1.0 9.0 0.0
2901.0138456643663 1.0 0.0 0.0 0.0 0.0 1.0 9.0 0.0
2902.0063862070983 1.0 0.0 0.0 0.0 0.0 1.0 9.0 0.0
2903.0138456643663 1.0 0.0 0.0 0.0 0.0 1.0 9.0 0.0
2904.0138456643663 1.0 0.0 0.0 0.0 0.0 1.0 9.0 0.0
2905.003229900264 1.0 0.0 0.0 0.0 0.0 1.0 9.0 0.0
2906.0138456643663 1.0 0.0 0.0 0.0 0.0 1.0 9.0 0.0
2907.004336106007 1.0 0.0 0.0 0.0 0.0 1.0 9.0 0.0
2908.0138456643663 1.0 0.0 0.0 0.0 0.0 1.0 9.0 0.0
2909.0091673855636 1.0 0.0 0.0 0.0 0.0 1.0 9.0 0.0
2910.0138456643663 1.0 0.0 0.0 0.0 0.0 1.0 9.0 0.0
2911.0138456643663 1.0 0.0 0.0 0.0 0.0 1.0 9.0 0.0
2912.0138456643663 1.0 0.0 0.0 0.0 0.0 1.0 9.0 0.0
2913.0138456643663 1.0 0.0 0.0 0.0 0.0 1.0 9.0 0.0
2914.0138456643663 1.0 0.0 0.0 0.0 0.0 1.0 9.0 0.0
2915.0138456643663 1.0 0.0 0.0 0.0 0.0 1.0 9.0 0.0
2916.0138456643663 1.0 0.0 0.0 0.0 0.0 1.0 9.0 0.0
2917.0138456643663 1.0 0.0 0.0 0.0 0.0 1.0 9.0 0.0
2918.0138456643663 1.0 0.0 0.0 0.0 0.0 1.0 9.0 0.0
2919.0031581556245 1.0 0.0 0.0 0.0 0.0 1.0 9.0 0.0
2920.0138456643663 1.0 0.0 0.0 0.0 0.0 1.0 9.0 0.0
2921.0101928628646 1.0 0.0 0.0 0.0 0.0 1.0 9.0 0.0
2922.0138456643663 1.0 0.0 0.0 0.0 0.0 1.0 9.0 0.0
2923.0118787026145 1.0 0.0 0.0 0.0 0.0 1.0 9.0 0.0
2924.002567145872 1.0 0.0 0.0 0.0 0.0 1.0 9.0 0.0
2925.0138456643663 1.0 0.0 0.0 0.0 0.0 1.0 9.0 0.0
2926.0138456643663 1.0 0.0 0.0 0.0 0.0 1.0 9.0 0.0
2927.0138456643663 1.0 0.0 0.0 0.0 0.0 1.0 9.0 0.0
2928.0065086530235 1.0 0.0 0.0 0.0 0.0 1.0 9.0 0.0
2929.0138456643663 1.0 0.0 0.0 0.0 0.0 1.0 9.0 0.0
2930.013060822555 1.0 0.0 0.0 0.0 0.0 1.0 9.0 0.0
2931.011192889115 1.0 0.0 0.0 0.0 0.0 1.0 9.0 0.0
2932.012468321519 1.0 0.0 0.0 0.0 0.0 1.0 9.0 0.0
2933.0138456643663 1.0 0.0 0.0 0.0 0.0 1.0 9.0 0.0
2934.0062036937757 1.0 0.0 0.0 0.0 0.0 1.0 9.0 0.0
2935.0138456643663 1.0 0.0 0.0 0.0 0.0 1.0 9.0 0.0
2936.0058407592264 1.0 0.0 0.0 0.0 0.0 1.0 9.0 0.0
2937.0006088377386 1.0 0.0 0.0 0.0 0.0 1.0 9.0 0.0
2938.001868462016 1.0 0.0 0.0 0.0 0.0 1.0 9.0 0.0
2939.0138456643663 1.0 0.0 0.0 0.0 0.0 1.0 9.0 0.0
2940.0138456643663 1.0 0.0 0.0 0.0 0.0 1.0 9.0 0.0
2941.0039709254197 1.0 0.0 0.0 0.0 0.0 1.0 9.0 0.0
2942.0138456643663 1.0 0.0 0.0 0.0 0.0 1.0 9.0 0.0
2943.0138456643663 1.0 0.0 0.0 0.0 0.0 1.0 9.0 0.0
2944.0040296035954 1.0 0.0 0.0 0.0 0.0 1.0 9.0 0.0
2945.0138456643663 1.0 0.0 0.0 0.0 0.0 1.0 9.0 0.0
2946.000724444015 1.0 0.0 0.0 0.0 0.0 1.0 9.0 0.0
2947.0138456643663 1.0 0.0 0.0 0.0 0.0 1.0 9.0 0.0
2948.011567111199 1.0 0.0 0.0 0.0 0.0 1.0 9.0 0.0
2949.0138456643663 1.0 0.0 0.0 0.0 0.0 1.0 9.0 0.0
2950.007633190301 1.0 0.0 0.0 0.0 0.0 1.0 9.0 0.0
2951.0138456643663 1.0 0.0 0.0 0.0 0.0 1.0 9.0 0.0
2952.001935569854 1.0 0.0 0.0 0.0 0.0 1.0 9.0 0.0
2953.0054091680913 1.0 0.0 0.0 0.0 0.0 1.0 9.0 0.0
2954.0138456643663 1.0 0.0 0.0 0.0 0.0 1.0 9.0 0.0
2955.0138456643663 1.0 0.0 0.0 0.0 0.0 1.0 9.0 0.0
2956.0077172560277 1.0 0.0 0.0 0.0 0.0 1.0 9.0 0.0
2957.0138456643663 1.0 0.0 0.0 0.0 0.0 1.0 9.0 0.0
2958.0138456643663 1.0 0.0 0.0 0.0 0.0 1.0 9.0 0.0
2959.0023994636504 1.0 0.0 0.0 0.0 0.0 1.0 9.0 0.0
2960.0138456643663 1.0 0.0 0.0 0.0 0.0 1.0 9.0 0.0
2961.0138456643663 1.0 0.0 0.0 0.0 0.0 1.0 9.0 0.0
2962.0005594327563 1.0 0.0 0.0 0.0 0.0 1.0 9.0 0.0
2963.0138456643663 1.0 0.0 0.0 0.0 0.0 1.0 9.0 0.0
2964.0089735949377 1.0 0.0 0.0 0.0 0.0 1.0 9.0 0.0
2965.010425834534 1.0 0.0 0.0 0.0 0.0 1.0 9.0 0.0
2966.008055959765 1.0 0.0 0.0 0.0 0.0 1.0 9.0 0.0
2967.012051655592 1.0 0.0 0.0 0.0 0.0 1.0 9.0 0.0
2968.0138456643663 1.0 0.0 0.0 0.0 0.0 1.0 9.0 0.0
2969.0138456643663 1.0 0.0 0.0 0.0 0.0 1.0 9.0 0.0
2970.0138456643663 1.0 0.0 0.0 0.0 0.0 1.0 9.0 0.0
2971.0138456643663 1.0 0.0 0.0 0.0 0.0 1.0 9.0 0.0
2972.0138456643663 1.0 0.0 0.0 0.0 0.0 1.0 9.0 0.0
2973.0138456643663 1.0 0.0 0.0 0.0 0.0 1.0 9.0 0.0
2974.0076704762314 1.0 0.0 0.0 0.0 0.0 1.0 9.0 0.0
2975.0138456643663 1.0 0.0 0.0 0.0 0.0 1.0 9.0 0.0
2976.004555150541 1.0 0.0 0.0 0.0 0.0 1.0 9.0 0.0
2977.0138456643663 1.0 0.0 0.0 0.0 0.0 1.0 9.0 0.0
2978.0138456643663 1.0 0.0 0.0 0.0 0.0 1.0 9.0 0.0
2979.0034600091885 1.0 0.0 0.0 0.0 0.0 1.0 9.0 0.0
2980.0033434686907 1.0 0.0 0.0 0.0 0.0 1.0 9.0 0.0
2981.0015235219366 1.0 0.0 0.0 0.0 0.0 1.0 9.0 0.0
2982.0005045325715 1.0 0.0 0.0 0.0 0.0 1.0 9.0 0.0
2983.0138456643663 1.0 0.0 0.0 0.0 0.0 1.0 9.0 0.0
2984.0138456643663 1.0 0.0 0.0 0.0 0.0 1.0 9.0 0.0
2985.0138456643663 1.0 0.0 0.0 0.0 0.0 1.0 9.0 0.0
2986.0051836455045 1.0 0.0 0.0 0.0 0.0 1.0 9.0 0.0
2987.0138456643663 1.0 0.0 0.0 0.0 0.0 1.0 9.0 0.0
2988.0028235707705 1.0 0.0 0.0 0.0 0.0 1.0 9.0 0.0
2989.0138456643663 1.0 0.0 0.0 0.0 0.0 1.0 9.0 0.0
2990.0138456643663 1.0 0.0 0.0 0.0 0.0 1.0 9.0 0.0
2991.0138456643663 1.0 0.0 0.0 0.0 0.0 1.0 9.0 0.0
2992.0025085683883 1.0 0.0 0.0 0.0 0.0 1.0 9.0 0.0
2993.0138456643663 1.0 0.0 0.0 0.0 0.0 1.0 9.0 0.0
2994.0066377059093 1.0 0.0 0.0 0.0 0.0 1.0 9.0 0.0
2995.0092081213456 1.0 0.0 0.0 0.0 0.0 1.0 9.0 0.0
2996.0091831363634 1.0 0.0 0.0 0.0 0.0 1.0 9.0 0.0
2997.0138456643663 1.0 0.0 0.0 0.0 0.0 1.0 9.0 0.0
2998.0055344086695 1.0 0.0 0.0 0.0 0.0 1.0 9.0 0.0
2999.0114240948587 1.0 0.0 0.0 0.0 0.0 1.0 9.0 0.0
3000.0138456643663 1.0 0.0 0.0 0.0 0.0 1.0 9.0 0.0
3001.0138456643663 1.0 0.0 0.0 0.0 0.0 1.0 9.0 0.0
3002.0138456643663 1.0 0.0 0.0 0.0 0.0 1.0 9.0 0.0
3003.000030079262 1.0 0.0 0.0 0.0 0.0 1.0 9.0 0.0
3004.0036905063575 1.0 0.0 0.0 0.0 0.0 1.0 9.0 0.0
3005.0138456643663 1.0 0.0 0.0 0.0 0.0 1.0 9.0 0.0
3006.0138456643663 1.0 0.0 0.0 0.0 0.0 1.0 9.0 0.0
3007.0078622371298 1.0 0.0 0.0 0.0 0.0 1.0 9.0 0.0
3008.000917925253 1.0 0.0 0.0 0.0 0.0 1.0 9.0 0.0
3009.0138456643663 1.0 0.0 0.0 0.0 0.0 1.0 9.0 0.0
3010.0138456643663 1.0 0.0 0.0 0.0 0.0 1.0 9.0 0.0
3011.006328967664 1.0 0.0 0.0 0.0 0.0 1.0 9.0 0.0
3012.0014760824165 1.0 0.0 0.0 0.0 0.0 1.0 9.0 0.0
3013.0138456643663 1.0 0.0 0.0 0.0 0.0 1.0 9.0 0.0
3014.008692358074 1.0 0.0 0.0 0.0 0.0 1.0 9.0 0.0
3015.0138456643663 1.0 0.0 0.0 0.0 0.0 1.0 9.0 0.0
3016.0138456643663 1.0 0.0 0.0 0.0 0.0 1.0 9.0 0.0
3017.0029368523315 1.0 0.0 0.0 0.0 0.0 1.0 9.0 0.0
3018.000224221219 1.0 0.0 0.0 0.0 0.0 1.0 9.0 0.0
3019.0138456643663 1.0 0.0 0.0 0.0 0.0 1.0 9.0 0.0
3020.0138456643663 1.0 0.0 0.0 0.0 0.0 1.0 9.0 0.0
3021.0138456643663 1.0 0.0 0.0 0.0 0.0 1.0 9.0 0.0
3022.0138456643663 1.0 0.0 0.0 0.0 0.0 1.0 9.0 0.0
3023.0020784795256 1.0 0.0 0.0 0.0 0.0 1.0 9.0 0.0
3024.0138456643663 1.0 0.0 0.0 0.0 0.0 1.0 9.0 0.0
3025.001330835649 1.0 0.0 0.0 0.0 0.0 1.0 9.0 0.0
3026.00691424764 1.0 0.0 0.0 0.0 0.0 1.0 9.0 0.0
3027.0138456643663 1.0 0.0 0.0 0.0 0.0 1.0 9.0 0.0
3028.000550297675 1.0 0.0 0.0 0.0 0.0 1.0 9.0 0.0
3029.0138456643663 1.0 0.0 0.0 0.0 0.0 1.0 9.0 0.0
3030.0138456643663 1.0 0.0 0.0 0.0 0.0 1.0 9.0 0.0
3031.0138456643663 1.0 0.0 0.0 0.0 0.0 1.0 9.0 0.0
3032.006296781861 1.0 0.0 0.0 0.0 0.0 1.0 9.0 0.0
3033.0113976738116 1.0 0.0 0.0 0.0 0.0 1.0 9.0 0.0
3034.0138456643663 1.0 0.0 0.0 0.0 0.0 1.0 9.0 0.0
3035.0094228151397 1.0 0.0 0.0 0.0 0.0 1.0 9.0 0.0
3036.003111134524 1.0 0.0 0.0 0.0 0.0 1.0 9.0 0.0
3037.003659870787 1.0 0.0 0.0 0.0 0.0 1.0 9.0 0.0
3038.0138456643663 1.0 0.0 0.0 0.0 0.0 1.0 9.0 0.0
3039.0138456643663 1.0 0.0 0.0 0.0 0.0 1.0 9.0 0.0
3040.0138456643663 1.0 0.0 0.0 0.0 0.0 1.0 9.0 0.0
3041.008022680438 1.0 0.0 0.0 0.0 0.0 1.0 9.0 0.0
3042.0138456643663 1.0 0.0 0.0 0.0 0.0 1.0 9.0 0.0
3043.0138456643663 1.0 0.0 0.0 0.0 0.0 1.0 9.0 0.0
3044.00543380756 1.0 0.0 0.0 0.0 0.0 1.0 9.0 0.0
3045.0110050774388 1.0 0.0 0.0 0.0 0.0 1.0 9.0 0.0
3046.011023800748 1.0 0.0 0.0 0.0 0.0 1.0 9.0 0.0
3047.0097845185974 1.0 0.0 0.0 0.0 0.0 1.0 9.0 0.0
3048.0059716093674 1.0 0.0 0.0 0.0 0.0 1.0 9.0 0.0
3049.0138456643663 1.0 0.0 0.0 0.0 0.0 1.0 9.0 0.0
3050.0106751591297 1.0 0.0 0.0 0.0 0.0 1.0 9.0 0.0
3051.002798175509 1.0 0.0 0.0 0.0 0.0 1.0 9.0 0.0
3052.0138456643663 1.0 0.0 0.0 0.0 0.0 1.0 9.0 0.0
3053.0138456643663 1.0 0.0 0.0 0.0 0.0 1.0 9.0 0.0
3054.000645479878 1.0 0.0 0.0 0.0 0.0 1.0 9.0 0.0
3055.009768879888 1.0 0.0 0.0 0.0 0.0 1.0 9.0 0.0
3056.00399239096 1.0 0.0 0.0 0.0 0.0 1.0 9.0 0.0
3057.0041966023086 1.0 0.0 0.0 0.0 0.0 1.0 9.0 0.0
3058.0138456643663 1.0 0.0 0.0 0.0 0.0 1.0 9.0 0.0
3059.0138456643663 1.0 0.0 0.0 0.0 0.0 1.0 9.0 0.0
3060.0138456643663 1.0 0.0 0.0 0.0 0.0 1.0 9.0 0.0
3061.0138456643663 1.0 0.0 0.0 0.0 0.0 1.0 9.0 0.0
3062.0138456643663 1.0 0.0 0.0 0.0 0.0 1.0 9.0 0.0
3063.0138456643663 1.0 0.0 0.0 0.0 0.0 1.0 9.0 0.0
3064.0138456643663 1.0 0.0 0.0 0.0 0.0 1.0 9.0 0.0
3065.0138456643663 1.0 0.0 0.0 0.0 0.0 1.0 9.0 0.0
3066.0138456643663 1.0 0.0 0.0 0.0 0.0 1.0 9.0 0.0
3067.0138456643663 1.0 0.0 0.0 0.0 0.0 1.0 9.0 0.0
3068.0138456643663 1.0 0.0 0.0 0.0 0.0 1.0 9.0 0.0
3069.0072353717287 1.0 0.0 0.0 0.0 0.0 1.0 9.0 0.0
3070.0138456643663 1.0 0.0 0.0 0.0 0.0 1.0 9.0 0.0
3071.0104135931647 1.0 0.0 0.0 0.0 0.0 1.0 9.0 0.0
3072.0104769640056 1.0 0.0 0.0 0.0 0.0 1.0 9.0 0.0
3073.0138456643663 1.0 0.0 0.0 0.0 0.0 1.0 9.0 0.0
3074.0083398470492 1.0 0.0 0.0 0.0 0.0 1.0 9.0 0.0
3075.0138456643663 1.0 0.0 0.0 0.0 0.0 1.0 9.0 0.0
3076.0138456643663 1.0 0.0 0.0 0.0 0.0 1.0 9.0 0.0
3077.001424889415 1.0 0.0 0.0 0.0 0.0 1.0 9.0 0.0
3078.002175348256 1.0 0.0 0.0 0.0 0.0 1.0 9.0 0.0
3079.002278080339 1.0 0.0 0.0 0.0 0.0 1.0 9.0 0.0
3080.0029088756282 1.0 0.0 0.0 0.0 0.0 1.0 9.0 0.0
3081.0138456643663 1.0 0.0 0.0 0.0 0.0 1.0 9.0 0.0
3082.0138456643663 1.0 0.0 0.0 0.0 0.0 1.0 9.0 0.0
3083.0138456643663 1.0 0.0 0.0 0.0 0.0 1.0 9.0 0.0
3084.0138456643663 1.0 0.0 0.0 0.0 0.0 1.0 9.0 0.0
3085.007402625589 1.0 0.0 0.0 0.0 0.0 1.0 9.0 0.0
3086.0037732482074 1.0 0.0 0.0 0.0 0.0 1.0 9.0 0.0
3087.00924835772 1.0 0.0 0.0 0.0 0.0 1.0 9.0 0.0
3088.0034837400317 1.0 0.0 0.0 0.0 0.0 1.0 9.0 0.0
3089.0138456643663 1.0 0.0 0.0 0.0 0.0 1.0 9.0 0.0
3090.0138456643663 1.0 0.0 0.0 0.0 0.0 1.0 9.0 0.0
3091.0110547513505 1.0 0.0 0.0 0.0 0.0 1.0 9.0 0.0
3092.0138456643663 1.0 0.0 0.0 0.0 0.0 1.0 9.0 0.0
3093.0138456643663 1.0 0.0 0.0 0.0 0.0 1.0 9.0 0.0
3094.0138456643663 1.0 0.0 0.0 0.0 0.0 1.0 9.0 0.0
3095.0138456643663 1.0 0.0 0.0 0.0 0.0 1.0 9.0 0.0
3096.0138456643663 1.0 0.0 0.0 0.0 0.0 1.0 9.0 0.0
3097.0138456643663 1.0 0.0 0.0 0.0 0.0 1.0 9.0 0.0
3098.010523077358 1.0 0.0 0.0 0.0 0.0 1.0 9.0 0.0
3099.0138456643663 0.925 0.0 0.07500000000000001 0.0 0.0 1.0 9.0 0.1353658536585366
3100.0113642744386 0.725 0.0 0.275 0.0 0.0 1.0 9.075 0.38902439024390245
3101.0138456643663 0.375 0.0 0.625 0.0 0.0 1.0 9.375 0.4573170731707317
3102.0138456643663 0.09999999999999998 0.0 0.9 0.0 0.0 1.0 9.875 0.17560975609756097
3103.0138456643663 0.0 0.0 1.0 0.0 0.0 1.0 10.675 0.0
3104.0138456643663 0.0 0.0 1.0 0.0 0.0 1.0 11.0 0.0
3105.0138456643663 0.0 0.0 1.0 0.0 0.0 1.0 11.0 0.0
3106.0138456643663 0.0 0.0 1.0 0.0 0.0 1.0 11.0 0.0
3107.0138456643663 0.0 0.0 1.0 0.0 0.0 1.0 11.0 0.0
3108.0138456643663 0.0 0.0 1.0 0.0 0.0 1.0 11.0 0.0
3109.0138456643663 0.0 0.0 1.0 0.0 0.0 1.0 11.0 0.0
3110.0138456643663 0.0 0.0 1.0 0.0 0.0 1.0 11.0 0.0
3111.0138456643663 0.0 0.0 1.0 0.0 0.0 1.0 11.0 0.0
3112.0138456643663 0.0 0.0 1.0 0.0 0.0 1.0 11.0 0.0
3113.0138456643663 0.0 0.0 1.0 0.0 0.0 1.0 11.0 0.0
3114.0022027112373 0.0 0.0 1.0 0.0 0.0 1.0 11.0 0.0
3115.0138456643663 0.0 0.0 1.0 0.0 0.0 1.0 11.0 0.0
3116.0138456643663 0.0 0.0 1.0 0.0 0.0 1.0 11.0 0.0
3117.002146891652 0.0 0.0 1.0 0.0 0.0 1.0 11.0 0.0
3118.0138456643663 0.0 0.0 1.0 0.0 0.0 1.0 11.0 0.0
3119.0084839608485 0.0 0.0 1.0 0.0 0.0 1.0 11.0 0.0
3120.0138456643663 0.0 0.0 1.0 0.0 0.0 1.0 11.0 0.0
3121.0027448461456 0.0 0.0 1.0 0.0 0.0 1.0 11.0 0.0
3122.0138456643663 0.0 0.0 1.0 0.0 0.0 1.0 11.0 0.0
3123.0068970076586 0.0 0.0 1.0 0.0 0.0 1.0 11.0 0.0
3124.0050451361603 0.0 0.0 1.0 0.0 0.0 1.0 11.0 0.0
3125.0138456643663 0.0 0.0 1.0 0.0 0.0 1.0 11.0 0.0
3126.0138456643663 0.0 0.0 1.0 0.0 0.0 1.0 11.0 0.0
3127.0138456643663 0.0 0.0 1.0 0.0 0.0 1.0 11.0 0.0
3128.012962096476 0.0 0.0 1.0 0.0 0.0 1.0 11.0 0.0
3129.0084094810027 0.0 0.0 1.0 0.0 0.0 1.0 11.0 0.0
3130.0138456643663 0.0 0.0 1.0 0.0 0.0 1.0 11.0 0.0
3131.0138456643663 0.0 0.0 1.0 0.0 0.0 1.0 11.0 0.0
3132.0138456643663 0.0 0.0 1.0 0.0 0.0 1.0 11.0 0.0
3133.0055835137323 0.0 0.0 1.0 0.0 0.0 1.0 11.0 0.0
3134.0138456643663 0.0 0.0 1.0 0.0 0.0 1.0 11.0 0.0
3135.0138456643663 0.0 0.0 1.0 0.0 0.0 1.0 11.0 0.0
3136.0138456643663 0.0 0.0 1.0 0.0 0.0 1.0 11.0 0.0
3137.0138456643663 0.0 0.0 1.0 0.0 0.0 1.0 11.0 0.0
3138.001291773793 0.0 0.0 1.0 0.0 0.0 1.0 11.0 0.0
3139.0138456643663 0.0 0.0 1.0 0.0 0.0 1.0 11.0 0.0
3140.0138456643663 0.0 0.0 1.0 0.0 0.0 1.0 11.0 0.0
3141.0138456643663 0.0 0.0 1.0 0.0 0.0 1.0 11.0 0.0
3142.0138456643663 0.0 0.0 1.0 0.0 0.0 1.0 11.0 0.0
3143.0138456643663 0.0 0.0 1.0 0.0 0.0 1.0 11.0 0.0
3144.0107374476593 0.0 0.0 1.0 0.0 0.0 1.0 11.0 0.0
3145.0138456643663 0.0 0.0 1.0 0.0 0.0 1.0 11.0 0.0
3146.007922354616 0.0 0.0 1.0 0.0 0.0 1.0 11.0 0.0
3147.0138456643663 0.0 0.0 1.0 0.0 0.0 1.0 11.0 0.0
3148.0138456643663 0.0 0.0 1.0 0.0 0.0 1.0 11.0 0.0
3149.0138456643663 0.0 0.0 1.0 0.0 0.0 1.0 11.0 0.0
3150.0138456643663 0.0 0.0 1.0 0.0 0.0 1.0 11.0 0.0
3151.0087538640387 0.0 0.0 1.0 0.0 0.0 1.0 11.0 0.0
3152.0138456643663 0.0 0.0 1.0 0.0 0.0 1.0 11.0 0.0
3153.008781857558 0.0 0.0 1.0 0.0 0.0 1.0 11.0 0.0
3154.0121141905174 0.0 0.0 1.0 0.0 0.0 1.0 11.0 0.0
3155.0138456643663 0.0 0.0 1.0 0.0 0.0 1.0 11.0 0.0
3156.0138456643663 0.0 0.0 1.0 0.0 0.0 1.0 11.0 0.0
3157.002749735535 0.0 0.0 1.0 0.0 0.0 1.0 11.0 0.0
3158.0126712210767 0.0 0.0 1.0 0.0 0.0 1.0 11.0 0.0
3159.0138456643663 0.0 0.0 1.0 0.0 0.0 1.0 11.0 0.0
3160.0138456643663 0.0 0.0 1.0 0.0 0.0 1.0 11.0 0.0
3161.0138456643663 0.0 0.0 1.0 0.0 0.0 1.0 11.0 0.0
3162.0138456643663 0.0 0.0 1.0 0.0 0.0 1.0 11.0 0.0
3163.001037684403 0.0 0.0 1.0 0.0 0.0 1.0 11.0 0.0
3164.0092337159454 0.0 0.0 1.0 0.0 0.0 1.0 11.0 0.0
3165.0138456643663 0.0 0.0 1.0 0.0 0.0 1.0 11.0 0.0
3166.0138456643663 0.0 0.0 1.0 0.0 0.0 1.0 11.0 0.0
3167.0138456643663 0.0 0.0 1.0 0.0 0.0 1.0 11.0 0.0
3168.003676513601 0.0 0.0 1.0 0.0 0.0 1.0 11.0 0.0
3169.0138456643663 0.0 0.0 1.0 0.0 0.0 1.0 11.0 0.0
3170.000926123169 0.0 0.0 1.0 0.0 0.0 1.0 11.0 0.0
3171.0138456643663 0.0 0.0 1.0 0.0 0.0 1.0 11.0 0.0
3172.0138456643663 0.0 0.0 1.0 0.0 0.0 1.0 11.0 0.0
3173.0093976988965 0.0 0.0 1.0 0.0 0.0 1.0 11.0 0.0
3174.0138456643663 0.0 0.0 1.0 0.0 0.0 1.0 11.0 0.0
3175.00221776313 0.0 0.0 1.0 0.0 0.0 1.0 11.0 0.0
3176.0138456643663 0.0 0.0 1.0 0.0 0.0 1.0 11.0 0.0
3177.002308964821 0.0 0.0 1.0 0.0 0.0 1.0 11.0 0.0
3178.0138456643663 0.0 0.0 1.0 0.0 0.0 1.0 11.0 0.0
3179.011192140631 0.0 0.0 1.0 0.0 0.0 1.0 11.0 0.0
3180.0138456643663 0.0 0.0 1.0 0.0 0.0 1.0 11.0 0.0
3181.0138456643663 0.0 0.0 1.0 0.0 0.0 1.0 11.0 0.0
3182.0138456643663 0.0 0.0 1.0 0.0 0.0 1.0 11.0 0.0
3183.0138456643663 0.0 0.0 1.0 0.0 0.0 1.0 11.0 0.0
3184.007864770529 0.0 0.0 1.0 0.0 0.0 1.0 11.0 0.0
3185.0138456643663 0.0 0.0 1.0 0.0 0.0 1.0 11.0 0.0
3186.0138456643663 0.0 0.0 1.0 0.0 0.0 1.0 11.0 0.0
3187.00256299215 0.0 0.0 1.0 0.0 0.0 1.0 11.0 0.0
3188.0083373881116 0.0 0.0 1.0 0.0 0.0 1.0 11.0 0.0
3189.0004218961344 0.0 0.0 1.0 0.0 0.0 1.0 11.0 0.0
3190.004471253012 0.0 0.0 1.0 0.0 0.0 1.0 11.0 0.0
3191.004610534211 0.0 0.0 1.0 0.0 0.0 1.0 11.0 0.0
3192.00068771484 0.0 0.0 1.0 0.0 0.0 1.0 11.0 0.0
3193.0138456643663 0.0 0.0 1.0 0.0 0.0 1.0 11.0 0.0
3194.0138456643663 0.0 0.0 1.0 0.0 0.0 1.0 11.0 0.0
3195.00428514016 0.0 0.0 1.0 0.0 0.0 1.0 11.0 0.0
3196.005802595407 0.0 0.0 1.0 0.0 0.0 1.0 11.0 0.0
3197.0138456643663 0.0 0.0 1.0 0.0 0.0 1.0 11.0 0.0
3198.0138456643663 0.0 0.0 1.0 0.0 0.0 1.0 11.0 0.0
3199.0138456643663 0.0 0.0 1.0 0.0 0.0 1.0 11.0 0.0
3200.0138456643663 0.0 0.0 1.0 0.0 0.0 1.0 11.0 0.0
3201.0138456643663 0.0 0.0 1.0 0.0 0.0 1.0 10.5 0.0
3202.0138456643663 0.0 0.0 1.0 0.0 0.0 1.0 9.725 0.0
3203.000627375324 0.0 0.0 1.0 0.0 0.0 1.0 9.1 0.0
3204.0009464290697 0.0 0.0 1.0 0.0 0.0 1.0 9.0 0.0
3205.0060882862285 0.0 0.0 1.0 0.0 0.0 1.0 9.0 0.0
3206.0138456643663 0.0 0.0 1.0 0.0 0.0 1.0 9.0 0.0
3207.0068595086677 0.0 0.0 1.0 0.0 0.0 1.0 9.0 0.0
3208.007890803583 0.0 0.0 1.0 0.0 0.0 1.0 9.0 0.0
3209.0021791479217 0.0 0.0 1.0 0.0 0.0 1.0 9.0 0.0
3210.012083537653 0.0 0.0 1.0 0.0 0.0 1.0 9.0 0.0
3211.0103909149493 0.0 0.0 1.0 0.0 0.0 1.0 9.0 0.0
3212.0086837616122 0.0 0.0 1.0 0.0 0.0 1.0 9.0 0.0
3213.010479136736 0.0 0.0 1.0 0.0 0.0 1.0 9.0 0.0
3214.0071945591862 0.0 0.0 1.0 0.0 0.0 1.0 9.0 0.0
3215.00252164005 0.0 0.0 1.0 0.0 0.0 1.0 9.0 0.0
3216.0138456643663 0.0 0.0 1.0 0.0 0.0 1.0 9.0 0.0
3217.0077978442 0.0 0.0 1.0 0.0 0.0 1.0 9.0 0.0
3218.0138456643663 0.0 0.0 1.0 0.0 0.0 1.0 9.0 0.0
3219.0006386423092 0.0 0.0 1.0 0.0 0.0 1.0 9.0 0.0
3220.0138456643663 0.0 0.0 1.0 0.0 0.0 1.0 9.0 0.0
3221.0138456643663 0.0 0.0 1.0 0.0 0.0 1.0 9.0 0.0
3222.0138456643663 0.0 0.0 1.0 0.0 0.0 1.0 9.0 0.0
3223.0010287329205 0.0 0.0 1.0 0.0 0.0 1.0 9.0 0.0
3224.0115434242757 0.0 0.0 1.0 0.0 0.0 1.0 9.0 0.0
3225.0049236044856 0.0 0.0 1.0 0.0 0.0 1.0 9.0 0.0
3226.000113834829 0.0 0.0 1.0 0.0 0.0 1.0 9.0 0.0
3227.0138456643663 0.0 0.0 1.0 0.0 0.0 1.0 9.0 0.0
3228.013073456692 0.0 0.0 1.0 0.0 0.0 1.0 9.0 0.0
3229.0138456643663 0.0 0.0 1.0 0.0 0.0 1.0 9.0 0.0
3230.0138456643663 0.0 0.0 1.0 0.0 0.0 1.0 9.0 0.0
3231.0138456643663 0.0 0.0 1.0 0.0 0.0 1.0 9.0 0.0
3232.0138456643663 0.0 0.0 1.0 0.0 0.0 1.0 9.0 0.0
3233.0138456643663 0.0 0.0 1.0 0.0 0.0 1.0 9.0 0.0
3234.0023544902506 0.0 0.0 1.0 0.0 0.0 1.0 9.0 0.0
3235.0138456643663 0.0 0.0 1.0 0.0 0.0 1.0 9.0 0.0
3236.0138456643663 0.0 0.0 1.0 0.0 0.0 1.0 9.0 0.0
3237.0138456643663 0.0 0.0 1.0 0.0 0.0 1.0 9.0 0.0
3238.0138456643663 0.0 0.0 1.0 0.0 0.0 1.0 9.0 0.0
3239.0138456643663 0.0 0.0 1.0 0.0 0.0 1.0 9.0 0.0
3240.0052148269383 0.0 0.0 1.0 0.0 0.0 1.0 9.0 0.0
3241.0057819917834 0.0 0.0 1.0 0.0 0.0 1.0 9.0 0.0
3242.011443210488 0.0 0.0 1.0 0.0 0.0 1.0 9.0 0.0
3243.0138456643663 0.0 0.0 1.0 0.0 0.0 1.0 9.0 0.0
3244.0012823226875 0.0 0.0 1.0 0.0 0.0 1.0 9.0 0.0
3245.0138456643663 0.0 0.0 1.0 0.0 0.0 1.0 9.0 0.0
3246.0138456643663 0.0 0.0 1.0 0.0 0.0 1.0 9.0 0.0
3247.0085697658715 0.0 0.0 1.0 0.0 0.0 1.0 9.0 0.0
3248.007026322823 0.0 0.0 1.0 0.0 0.0 1.0 9.0 0.0
3249.0138456643663 0.0 0.0 1.0 0.0 0.0 1.0 9.0 0.0
3250.0138456643663 0.0 0.0 1.0 0.0 0.0 1.0 9.0 0.0
3251.005606787062 0.0 0.0 1.0 0.0 0.0 1.0 9.0 0.0
3252.0138456643663 0.0 0.0 1.0 0.0 0.0 1.0 9.0 0.0
3253.0138456643663 0.0 0.0 1.0 0.0 0.0 1.0 9.0 0.0
3254.0138456643663 0.0 0.0 1.0 0.0 0.0 1.0 9.0 0.0
3255.0138456643663 0.0 0.0 1.0 0.0 0.0 1.0 9.0 0.0
3256.0138456643663 0.0 0.0 1.0 0.0 0.0 1.0 9.0 0.0
3257.0138456643663 0.0 0.0 1.0 0.0 0.0 1.0 9.0 0.0
3258.0032438769786 0.0 0.0 1.0 0.0 0.0 1.0 9.0 0.0
3259.0028046968205 0.0 0.0 0.575 0.425 0.0 0.0 9.0 0.4768292682926829
3260.002765956403 0.0 0.0 0.02499999999999999 0.975 0.0 0.0 9.375 0.0475609756097561
3261.000325985913 0.0 0.0 0.0 1.0 0.0 0.0 10.275 0.0
3262.009398062052 0.0 0.0 0.0 1.0 0.0 0.0 10.825 0.0
3263.007311823377 0.0 0.0 0.0 1.0 0.0 0.0 10.925 0.0
3264.0138456643663 0.0 0.0 0.0 1.0 0.0 0.0 11.0 0.0
3265.0138456643663 0.0 0.0 0.0 1.0 0.0 0.0 11.0 0.0
3266.000061428876 0.0 0.0 0.0 1.0 0.0 0.0 11.0 0.0
3267.0010954397535 0.0 0.0 0.0 1.0 0.0 0.0 11.0 0.0
3268.0138456643663 0.0 0.0 0.0 1.0 0.0 0.0 11.0 0.0
3269.0138456643663 0.0 0.0 0.0 1.0 0.0 0.0 11.0 0.0
3270.0012297621115 0.0 0.0 0.0 1.0 0.0 0.0 11.0 0.0
3271.0048781082746 0.0 0.0 0.0 1.0 0.0 0.0 11.0 0.0
3272.0091676397356 0.0 0.0 0.0 1.0 0.0 0.0 11.0 0.0
3273.0138456643663 0.0 0.0 0.0 1.0 0.0 0.0 11.0 0.0
3274.0024092656777 0.0 0.0 0.0 1.0 0.0 0.0 11.0 0.0
3275.0009913093186 0.0 0.0 0.0 1.0 0.0 0.0 11.0 0.0
3276.0138456643663 0.0 0.0 0.0 1.0 0.0 0.0 11.0 0.0
3277.0138456643663 0.0 0.0 0.0 1.0 0.0 0.0 11.0 0.0
3278.0138456643663 0.0 0.0 0.0 1.0 0.0 0.0 11.0 0.0
3279.0035220387117 0.0 0.0 0.0 1.0 0.0 0.0 11.0 0.0
3280.0138456643663 0.0 0.0 0.0 1.0 0.0 0.0 11.0 0.0
3281.0138456643663 0.0 0.0 0.0 1.0 0.0 0.0 11.0 0.0
3282.0138456643663 0.0 0.0 0.0 1.0 0.0 0.0 11.0 0.0
3283.0138456643663 0.0 0.0 0.0 1.0 0.0 0.0 11.0 0.0
3284.0138456643663 0.0 0.0 0.0 1.0 0.0 0.0 11.0 0.0
3285.0138456643663 0.0 0.0 0.0 1.0 0.0 0.0 11.0 0.0
3286.010293851389 0.0 0.0 0.0 1.0 0.0 0.0 11.0 0.0
3287.0138456643663 0.0 0.0 0.0 1.0 0.0 0.0 11.0 0.0
3288.01062229191 0.0 0.0 0.0 1.0 0.0 0.0 11.0 0.0
3289.0011411743512 0.0 0.0 0.0 1.0 0.0 0.0 11.0 0.0
3290.0138456643663 0.0 0.0 0.0 1.0 0.0 0.0 11.0 0.0
3291.0138456643663 0.0 0.0 0.0 1.0 0.0 0.0 11.0 0.0
3292.0138456643663 0.0 0.0 0.0 1.0 0.0 0.0 11.0 0.0
3293.0114058630625 0.0 0.0 0.0 1.0 0.0 0.0 11.0 0.0
3294.0138456643663 0.0 0.0 0.0 1.0 0.0 0.0 11.0 0.0
3295.0118014321624 0.0 0.0 0.0 1.0 0.0 0.0 11.0 0.0
3296.0138456643663 0.0 0.0 0.0 1.0 0.0 0.0 11.0 0.0
3297.0085103606766 0.0 0.0 0.0 1.0 0.0 0.0 11.0 0.0
3298.003991634305 0.0 0.0 0.0 1.0 0.0 0.0 11.0 0.0
3299.0138456643663 0.0 0.0 0.0 1.0 0.0 0.0 11.0 0.0
3300.0138456643663 0.0 0.0 0.0 1.0 0.0 0.0 11.0 0.0
3301.01359834496 0.0 0.0 0.0 1.0 0.0 0.0 11.0 0.0
3302.0138456643663 0.0 0.0 0.0 1.0 0.0 0.0 11.0 0.0
3303.0120647510175 0.0 0.0 0.0 1.0 0.0 0.0 11.0 0.0
3304.0027801888796 0.0 0.0 0.0 1.0 0.0 0.0 11.0 0.0
3305.0138456643663 0.0 0.0 0.0 1.0 0.0 0.0 11.0 0.0
3306.0138456643663 0.0 0.0 0.0 1.0 0.0 0.0 11.0 0.0
3307.0138456643663 0.0 0.0 0.0 1.0 0.0 0.0 11.0 0.0
3308.0002665221004 0.0 0.0 0.0 1.0 0.0 0.0 11.0 0.0
3309.0023892103623 0.0 0.0 0.0 1.0 0.0 0.0 11.0 0.0
3310.0138456643663 0.0 0.0 0.0 1.0 0.0 0.0 11.0 0.0
3311.0138456643663 0.0 0.0 0.0 1.0 0.0 0.0 11.0 0.0
3312.0138456643663 0.0 0.0 0.0 1.0 0.0 0.0 11.0 0.0
3313.0138456643663 0.0 0.0 0.0 1.0 0.0 0.0 11.0 0.0
3314.006268096003 0.0 0.0 0.0 1.0 0.0 0.0 11.0 0.0
3315.0030719095894 0.0 0.0 0.0 1.0 0.0 0.0 11.0 0.0
3316.01310472785 0.0 0.0 0.0 1.0 0.0 0.0 11.0 0.0
3317.0001211099284 0.0 0.0 0.0 1.0 0.0 0.0 11.0 0.0
3318.0079694945402 0.0 0.0 0.0 1.0 0.0 0.0 11.0 0.0
3319.0138456643663 0.0 0.0 0.0 1.0 0.0 0.0 11.0 0.0
3320.0138456643663 0.0 0.0 0.0 1.0 0.0 0.0 11.0 0.0
3321.0138456643663 0.0 0.0 0.0 1.0 0.0 0.0 11.0 0.0
3322.0028728512652 0.0 0.0 0.0 1.0 0.0 0.0 11.0 0.0
3323.001113196548 0.0 0.0 0.0 1.0 0.0 0.0 11.0 0.0
3324.0006562368694 0.0 0.0 0.0 1.0 0.0 0.0 11.0 0.0
3325.0138456643663 0.0 0.0 0.0 1.0 0.0 0.0 11.0 0.0
3326.0138456643663 0.0 0.0 0.0 1.0 0.0 0.0 11.0 0.0
3327.0138456643663 0.0 0.0 0.0 1.0 0.0 0.0 11.0 0.0
3328.0137143837364 0.0 0.0 0.0 1.0 0.0 0.0 11.0 0.0
3329.005386825234 0.0 0.0 0.0 1.0 0.0 0.0 11.0 0.0
3330.006122650319 0.0 0.0 0.0 1.0 0.0 0.0 11.0 0.0
3331.0024814178664 0.0 0.0 0.0 1.0 0.0 0.0 11.0 0.0
3332.0107505324922 0.0 0.0 0.0 1.0 0.0 0.0 11.0 0.0
3333.0138456643663 0.0 0.0 0.0 1.0 0.0 0.0 11.0 0.0
3334.0138456643663 0.0 0.0 0.0 1.0 0.0 0.0 11.0 0.0
3335.0138456643663 0.0 0.0 0.0 1.0 0.0 0.0 11.0 0.0
3336.0138456643663 0.0 0.0 0.0 1.0 0.0 0.0 11.0 0.0
3337.0085433597037 0.0 0.0 0.0 1.0 0.0 0.0 11.0 0.0
3338.0138456643663 0.0 0.0 0.0 1.0 0.0 0.0 11.0 0.0
3339.0126521151187 0.0 0.0 0.0 1.0 0.0 0.0 11.0 0.0
3340.0138456643663 0.0 0.0 0.0 1.0 0.0 0.0 11.0 0.0
3341.0138456643663 0.0 0.0 0.0 1.0 0.0 0.0 11.0 0.0
3342.009660969614 0.0 0.0 0.0 1.0 0.0 0.0 11.0 0.0
3343.000122526319 0.0 0.0 0.0 1.0 0.0 0.0 11.0 0.0
3344.0097211427646 0.0 0.0 0.0 1.0 0.0 0.0 11.0 0.0
3345.0138456643663 0.0 0.0 0.0 1.0 0.0 0.0 11.0 0.0
3346.0138456643663 0.0 0.0 0.0 1.0 0.0 0.0 11.0 0.0
3347.0138456643663 0.0 0.0 0.0 1.0 0.0 0.0 11.0 0.0
3348.0138456643663 0.0 0.0 0.0 1.0 0.0 0.0 11.0 0.0
3349.0138456643663 0.0 0.0 0.0 1.0 0.0 0.0 11.0 0.0
3350.0138456643663 0.0 0.0 0.0 1.0 0.0 0.0 11.0 0.0
3351.0138456643663 0.0 0.0 0.0 1.0 0.0 0.0 11.0 0.0
3352.0138456643663 0.0 0.0 0.0 1.0 0.0 0.0 11.0 0.0
3353.0041866221923 0.0 0.0 0.0 1.0 0.0 0.0 11.0 0.0
3354.001151168616 0.0 0.0 0.0 1.0 0.0 0.0 11.0 0.0
3355.0138456643663 0.0 0.0 0.0 1.0 0.0 0.0 11.0 0.0
3356.0138456643663 0.0 0.0 0.0 1.0 0.0 0.0 11.0 0.0
3357.0060739195083 0.0 0.0 0.0 1.0 0.0 0.0 11.0 0.0
3358.0138456643663 0.0 0.0 0.0 1.0 0.0 0.0 11.0 0.0
3359.0138456643663 0.0 0.0 0.0 1.0 0.0 0.0 11.0 0.0
3360.0138456643663 0.0 0.0 0.0 1.0 0.0 0.0 11.0 0.0
3361.0138456643663 0.0 0.0 0.0 1.0 0.0 0.0 11.0 0.0
3362.0138456643663 0.0 0.0 0.0 1.0 0.0 0.0 11.0 0.0
3363.0138456643663 0.0 0.0 0.0 1.0 0.0 0.0 11.0 0.0
3364.0138456643663 0.0 0.0 0.0 1.0 0.0 0.0 11.0 0.0
3365.0138456643663 0.0 0.0 0.0 1.0 0.0 0.0 11.0 0.0
3366.0138456643663 0.0 0.0 0.0 1.0 0.0 0.0 11.0 0.0
3367.001923181197 0.0 0.0 0.0 1.0 0.0 0.0 11.0 0.0
3368.0138456643663 0.0 0.0 0.0 1.0 0.0 0.0 11.0 0.0
3369.0066813463554 0.0 0.0 0.0 1.0 0.0 0.0 11.0 0.0
3370.0138456643663 0.0 0.0 0.0 1.0 0.0 0.0 11.0 0.0
3371.0138456643663 0.0 0.0 0.0 1.0 0.0 0.0 11.0 0.0
3372.0138456643663 0.0 0.0 0.0 1.0 0.0 0.0 11.0 0.0
3373.0138456643663 0.0 0.0 0.0 1.0 0.0 0.0 11.0 0.0
3374.0054573659636 0.0 0.0 0.0 1.0 0.0 0.0 11.0 0.0
3375.0100288876447 0.0 0.0 0.0 1.0 0.0 0.0 11.0 0.0
3376.0138456643663 0.0 0.0 0.0 1.0 0.0 0.0 11.0 0.0
3377.0138456643663 0.0 0.0 0.0 1.0 0.0 0.0 11.0 0.0
3378.0062021376516 0.0 0.0 0.0 1.0 0.0 0.0 11.0 0.0
3379.0000255423383 0.0 0.0 0.0 1.0 0.0 0.0 11.0 0.0
3380.0138456643663 0.0 0.0 0.0 1.0 0.0 0.0 11.0 0.0
3381.0015860539825 0.0 0.0 0.0 1.0 0.0 0.0 11.0 0.0
3382.0138456643663 0.0 0.0 0.0 1.0 0.0 0.0 11.0 0.0
3383.00197658039 0.0 0.0 0.0 1.0 0.0 0.0 11.0 0.0
3384.0138456643663 0.0 0.0 0.0 1.0 0.0 0.0 11.0 0.0
3385.0138456643663 0.0 0.0 0.0 1.0 0.0 0.0 11.0 0.0
3386.0138456643663 0.0 0.0 0.0 1.0 0.0 0.0 11.0 0.0
3387.002080839908 0.0 0.0 0.0 1.0 0.0 0.0 11.0 0.0
3388.0138456643663 0.0 0.0 0.0 1.0 0.0 0.0 11.0 0.0
3389.0138456643663 0.0 0.0 0.0 1.0 0.0 0.0 11.0 0.0
3390.0138456643663 0.0 0.0 0.0 1.0 0.0 0.0 11.0 0.0
3391.0138456643663 0.0 0.0 0.0 1.0 0.0 0.0 11.0 0.0
3392.0138456643663 0.0 0.0 0.0 1.0 0.0 0.0 11.0 0.0
3393.0138456643663 0.0 0.0 0.0 1.0 0.0 0.0 11.0 0.0
3394.0125319588396 0.0 0.0 0.0 1.0 0.0 0.0 11.0 0.0
3395.0138456643663 0.0 0.0 0.0 1.0 0.0 0.0 11.0 0.0
3396.0138456643663 0.0 0.0 0.0 1.0 0.0 0.0 11.0 0.0
3397.0138456643663 0.0 0.0 0.0 1.0 0.0 0.0 11.0 0.0
3398.0123060034443 0.0 0.0 0.0 1.0 0.0 0.0 11.0 0.0
3399.0138456643663 0.0 0.0 0.0 1.0 0.0 0.0 11.0 0.0
3400.0138456643663 0.0 0.0 0.0 1.0 0.0 0.0 11.0 0.0
3401.0138456643663 0.0 0.0 0.0 1.0 0.0 0.0 11.0 0.0
3402.0138456643663 0.0 0.0 0.0 1.0 0.0 1.0 11.0 0.0
3403.0085285583928 0.0 0.0 0.0 1.0 0.0 1.0 11.0 0.0
3404.0138456643663 0.0 0.0 0.0 1.0 0.0 1.0 11.0 0.0
3405.0138456643663 0.0 0.0 0.0 1.0 0.0 1.0 11.0 0.0
3406.00163094015 0.0 0.0 0.0 1.0 0.0 1.0 11.0 0.0
3407.0138456643663 0.0 0.0 0.0 1.0 0.0 1.0 11.0 0.0
3408.000908083723 0.0 0.0 0.0 1.0 0.0 1.0 11.0 0.0
3409.0138456643663 0.0 0.0 0.0 1.0 0.0 1.0 11.0 0.0
3410.0067883080505 0.0 0.0 0.0 1.0 0.0 1.0 11.0 0.0
3411.011990315231 0.0 0.0 0.0 1.0 0.0 1.0 11.0 0.0
3412.008819045869 0.0 0.0 0.0 1.0 0.0 1.0 11.0 0.0
3413.0138456643663 0.0 0.0 0.0 1.0 0.0 1.0 11.0 0.0
3414.0138456643663 0.0 0.0 0.0 1.0 0.0 1.0 11.0 0.0
3415.006878525471 0.0 0.0 0.0 1.0 0.0 1.0 11.0 0.0
3416.0074158774596 0.0 0.0 0.0 1.0 0.0 1.0 11.0 0.0
3417.0138456643663 0.0 0.0 0.0 1.0 0.0 1.0 11.0 0.0
3418.0138456643663 0.0 0.0 0.0 1.0 0.0 1.0 11.0 0.0
3419.0045600242856 0.0 0.0 0.0 1.0 0.0 1.0 11.0 0.0
3420.0138456643663 0.0 0.0 0.0 1.0 0.0 1.0 11.0 0.0
3421.0138456643663 0.0 0.0 0.0 1.0 0.0 1.0 11.0 0.0
3422.0138456643663 0.0 0.0 0.0 1.0 0.0 1.0 11.0 0.0
3423.0083792170335 0.0 0.0 0.0 1.0 0.0 1.0 11.0 0.0
3424.0138456643663 0.0 0.0 0.0 1.0 0.0 1.0 11.0 0.0
3425.0021987791642 0.0 0.0 0.0 1.0 0.0 1.0 11.0 0.0
3426.0138456643663 0.0 0.0 0.0 1.0 0.0 1.0 11.0 0.0
3427.0104718755583 0.0 0.0 0.0 1.0 0.0 1.0 11.0 0.0
3428.0138456643663 0.0 0.0 0.0 1.0 0.0 1.0 11.0 0.0
3429.0138456643663 0.0 0.0 0.0 1.0 0.0 1.0 11.0 0.0
3430.0138456643663 0.0 0.0 0.0 1.0 0.0 1.0 11.0 0.0
3431.0013509932373 0.0 0.0 0.0 1.0 0.0 1.0 11.0 0.0
3432.0014197321693 0.0 0.0 0.0 1.0 0.0 1.0 11.0 0.0
3433.0138456643663 0.0 0.0 0.0 1.0 0.0 1.0 11.0 0.0
3434.0138456643663 0.0 0.0 0.0 1.0 0.0 1.0 11.0 0.0
3435.0138456643663 0.0 0.0 0.0 1.0 0.0 1.0 11.0 0.0
3436.003711889083 0.0 0.0 0.0 1.0 0.0 1.0 11.0 0.0
3437.0061016488266 0.0 0.0 0.0 1.0 0.0 1.0 11.0 0.0
3438.0065469976953 0.0 0.0 0.0 1.0 0.0 1.0 11.0 0.0
3439.0138456643663 0.0 0.0 0.0 1.0 0.0 1.0 11.0 0.0
3440.0138456643663 0.0 0.0 0.0 1.0 0.0 1.0 11.0 0.0
3441.0138456643663 0.0 0.0 0.0 1.0 0.0 1.0 11.0 0.0
3442.0085339347147 0.0 0.0 0.0 1.0 0.0 1.0 11.0 0.0
3443.0138456643663 0.0 0.0 0.0 1.0 0.0 1.0 11.0 0.0
3444.0138456643663 0.0 0.0 0.0 1.0 0.0 1.0 11.0 0.0
3445.0095698890605 0.0 0.0 0.0 1.0 0.0 1.0 11.0 0.0
3446.0138456643663 0.0 0.0 0.0 1.0 0.0 1.0 11.0 0.0
3447.006769052436 0.0 0.0 0.0 1.0 0.0 1.0 11.0 0.0
3448.0138456643663 0.0 0.0 0.0 1.0 0.0 1.0 11.0 0.0
3449.0126357727972 0.0 0.0 0.0 1.0 0.0 1.0 11.0 0.0
3450.0032129969245 0.0 0.0 0.0 1.0 0.0 1.0 11.0 0.0
3451.0138456643663 0.0 0.0 0.0 1.0 0.0 1.0 11.0 0.0
3452.0138456643663 0.0 0.0 0.0 1.0 0.0 1.0 11.0 0.0
3453.0138456643663 0.0 0.0 0.0 1.0 0.0 1.0 11.0 0.0
3454.0138456643663 0.0 0.0 0.0 1.0 0.0 1.0 11.0 0.0
3455.0017412243064 0.0 0.0 0.0 1.0 0.0 1.0 11.0 0.0
3456.0092703710807 0.0 0.0 0.0 1.0 0.0 1.0 11.0 0.0
3457.0138456643663 0.0 0.0 0.0 1.0 0.0 1.0 11.0 0.0
3458.0138456643663 0.0 0.0 0.0 1.0 0.0 1.0 11.0 0.0
3459.0138456643663 0.0 0.0 0.0 1.0 0.0 1.0 11.0 0.0
3460.0138456643663 0.0 0.0 0.0 1.0 0.0 1.0 11.0 0.0
3461.0138456643663 0.0 0.0 0.0 1.0 0.0 1.0 11.0 0.0
3462.0100271195606 0.0 0.0 0.0 1.0 0.0 1.0 11.0 0.0
3463.0068255994415 0.0 0.0 0.0 1.0 0.0 1.0 11.0 0.0
3464.0138456643663 0.0 0.0 0.0 1.0 0.0 1.0 11.0 0.0
3465.009756721915 0.0 0.0 0.0 1.0 0.0 1.0 11.0 0.0
3466.0138456643663 0.0 0.0 0.0 1.0 0.0 1.0 11.0 0.0
3467.0138456643663 0.0 0.0 0.0 1.0 0.0 1.0 11.0 0.0
3468.000091320188 0.0 0.0 0.0 1.0 0.0 1.0 11.0 0.0
3469.0138456643663 0.0 0.0 0.0 1.0 0.0 1.0 11.0 0.0
3470.0138456643663 0.0 0.0 0.0 1.0 0.0 1.0 11.0 0.0
3471.0138456643663 0.0 0.0 0.0 1.0 0.0 1.0 11.0 0.0
3472.0138456643663 0.0 0.0 0.0 1.0 0.0 1.0 11.0 0.0
3473.003000366996 0.0 0.0 0.0 1.0 0.0 1.0 11.0 0.0
3474.0138456643663 0.0 0.0 0.0 1.0 0.0 1.0 11.0 0.0
3475.0138456643663 0.0 0.0 0.0 1.0 0.0 1.0 11.0 0.0
3476.0009741072345 0.0 0.0 0.0 1.0 0.0 1.0 11.0 0.0
3477.0103983440767 0.0 0.0 0.0 1.0 0.0 1.0 11.0 0.0
3478.0138456643663 0.0 0.0 0.0 1.0 0.0 1.0 11.0 0.0
3479.0138456643663 0.0 0.0 0.0 1.0 0.0 1.0 11.0 0.0
3480.004657742333 0.0 0.0 0.0 1.0 0.0 1.0 11.0 0.0
3481.0138456643663 0.0 0.0 0.0 1.0 0.0 1.0 11.0 0.0
3482.005812782929 0.0 0.0 0.0 1.0 0.0 1.0 11.0 0.0
3483.0138456643663 0.0 0.0 0.0 1.0 0.0 1.0 11.0 0.0
3484.0064357031183 0.0 0.0 0.0 1.0 0.0 1.0 11.0 0.0
3485.0138456643663 0.0 0.0 0.0 1.0 0.0 1.0 11.0 0.0
3486.0020648481072 0.0 0.0 0.0 1.0 0.0 1.0 11.0 0.0
3487.0138456643663 0.0 0.0 0.0 1.0 0.0 1.0 11.0 0.0
3488.0138456643663 0.0 0.0 0.0 1.0 0.0 1.0 11.0 0.0
3489.000825982084 0.0 0.0 0.0 1.0 0.0 1.0 11.0 0.0
3490.004817728557 0.0 0.0 0.0 1.0 0.0 1.0 11.0 0.0
3491.001442165684 0.0 0.0 0.0 1.0 0.0 1.0 11.0 0.0
3492.0103532386665 0.0 0.0 0.0 1.0 0.0 1.0 11.0 0.0
3493.0138456643663 0.0 0.0 0.0 1.0 0.0 1.0 11.0 0.0
3494.0138456643663 0.0 0.0 0.0 1.0 0.0 1.0 11.0 0.0
3495.0138456643663 0.0 0.0 0.0 1.0 0.0 1.0 11.0 0.0
3496.0138456643663 0.0 0.0 0.0 1.0 0.0 1.0 11.0 0.0
3497.001371697102 0.0 0.0 0.0 1.0 0.0 1.0 11.0 0.0
3498.0025663288684 0.0 0.0 0.0 1.0 0.0 1.0 11.0 0.0
3499.0020719007557 0.0 0.0 0.0 1.0 0.0 1.0 11.0 0.0
3500.0138456643663 0.0 0.0 0.0 1.0 0.0 1.0 11.0 0.0
3501.013220337054 0.0 0.0 0.0 1.0 0.0 1.0 11.0 0.0
3502.0138456643663 0.0 0.0 0.0 1.0 0.0 1.0 11.0 0.0
3503.0138456643663 0.0 0.0 0.0 1.0 0.0 1.0 11.0 0.0
3504.0019074864467 0.0 0.0 0.0 1.0 0.0 1.0 11.0 0.0
3505.001686427713 0.0 0.0 0.0 1.0 0.0 1.0 11.0 0.0
3506.007077484924 0.0 0.0 0.0 1.0 0.0 1.0 11.0 0.0
3507.00762760715 0.0 0.0 0.0 1.0 0.0 1.0 11.0 0.0
3508.0138456643663 0.0 0.0 0.0 1.0 0.0 1.0 11.0 0.0
3509.0138456643663 0.0 0.0 0.0 1.0 0.0 1.0 11.0 0.0
3510.0138456643663 0.0 0.0 0.0 1.0 0.0 1.0 11.0 0.0
3511.005006346232 0.0 0.0 0.0 1.0 0.0 1.0 11.0 0.0
3512.001433966681 0.0 0.0 0.0 1.0 0.0 1.0 11.0 0.0
3513.0138456643663 0.0 0.0 0.0 1.0 0.0 1.0 11.0 0.0
3514.0138456643663 0.0 0.0 0.0 1.0 0.0 1.0 11.0 0.0
3515.0138456643663 0.0 0.0 0.0 1.0 0.0 1.0 11.0 0.0
3516.0138456643663 0.0 0.0 0.0 1.0 0.0 1.0 11.0 0.0
3517.0138456643663 0.0 0.0 0.0 1.0 0.0 1.0 11.0 0.0
3518.0055614392227 0.0 0.0 0.0 1.0 0.0 1.0 11.0 0.0
3519.0138456643663 0.0 0.0 0.0 1.0 0.0 1.0 11.0 0.0
3520.0138456643663 0.0 0.0 0.0 1.0 0.0 1.0 11.0 0.0
3521.000776223656 0.0 0.0 0.0 1.0 0.0 1.0 11.0 0.0
3522.0138456643663 0.0 0.0 0.0 1.0 0.0 1.0 11.0 0.0
3523.0138456643663 0.0 0.0 0.0 1.0 0.0 1.0 11.0 0.0
3524.0138456643663 0.0 0.0 0.0 1.0 0.0 1.0 11.0 0.0
3525.0138456643663 0.0 0.0 0.0 1.0 0.0 1.0 11.0 0.0
3526.008145728316 0.0 0.0 0.0 1.0 0.0 1.0 11.0 0.0
3527.0128759832687 0.0 0.0 0.0 1.0 0.0 1.0 11.0 0.0
3528.013625619083 0.0 0.0 0.0 1.0 0.0 1.0 11.0 0.0
3529.0138456643663 0.0 0.0 0.0 1.0 0.0 1.0 11.0 0.0
3530.0034544594396 0.0 0.0 0.0 1.0 0.0 1.0 11.0 0.0
3531.0138456643663 0.0 0.0 0.0 1.0 0.0 1.0 11.0 0.0
3532.0138456643663 0.0 0.0 0.0 1.0 0.0 1.0 11.0 0.0
3533.0138456643663 0.0 0.0 0.0 1.0 0.0 1.0 11.0 0.0
3534.0138456643663 0.0 0.0 0.0 1.0 0.0 1.0 11.0 0.0
3535.0138456643663 0.0 0.0 0.0 1.0 0.0 1.0 11.0 0.0
3536.0138456643663 0.0 0.0 0.0 1.0 0.0 1.0 11.0 0.0
3537.003920309363 0.0 0.0 0.0 1.0 0.0 1.0 11.0 0.0
3538.0138456643663 0.0 0.0 0.0 1.0 0.0 1.0 11.0 0.0
3539.0138456643663 0.0 0.0 0.0 1.0 0.0 1.0 11.0 0.0
3540.0138456643663 0.0 0.0 0.0 1.0 0.0 1.0 11.0 0.0
3541.0138456643663 0.0 0.0 0.0 1.0 0.0 1.0 11.0 0.0
3542.0138456643663 0.0 0.0 0.0 1.0 0.0 1.0 11.0 0.0
3543.0138456643663 0.0 0.0 0.0 1.0 0.0 1.0 11.0 0.0
3544.004425533053 0.0 0.0 0.0 1.0 0.0 1.0 11.0 0.0
3545.0138456643663 0.0 0.0 0.0 1.0 0.0 1.0 11.0 0.0
3546.0138456643663 0.0 0.0 0.0 1.0 0.0 1.0 11.0 0.0
3547.0138456643663 0.0 0.0 0.0 1.0 0.0 1.0 11.0 0.0
3548.011028360436 0.0 0.0 0.0 1.0 0.0 1.0 11.0 0.0
3549.001612751038 0.0 0.0 0.0 1.0 0.0 1.0 11.0 0.0
3550.012894334121 0.0 0.0 0.0 1.0 0.0 1.0 11.0 0.0
3551.000006649796 0.0 0.0 0.0 1.0 0.0 1.0 11.0 0.0
3552.0138456643663 0.0 0.0 0.0 1.0 0.0 1.0 11.0 0.0
3553.0138456643663 0.0 0.0 0.0 1.0 0.0 1.0 11.0 0.0
3554.0138456643663 0.0 0.0 0.0 1.0 0.0 1.0 11.0 0.0
3555.0138456643663 0.0 0.0 0.0 1.0 0.0 1.0 11.0 0.0
3556.0046925142587 0.0 0.0 0.0 1.0 0.0 1.0 11.0 0.0
3557.0043459067174 0.0 0.0 0.0 1.0 0.0 1.0 11.0 0.0
3558.0138456643663 0.0 0.0 0.0 1.0 0.0 1.0 11.0 0.0
3559.0083790093013 0.0 0.0 0.0 1.0 0.0 1.0 11.0 0.0
3560.0110616014913 0.0 0.0 0.0 1.0 0.0 1.0 11.0 0.0
3561.0138456643663 0.0 0.0 0.0 1.0 0.0 1.0 11.0 0.0
3562.0138456643663 0.0 0.0 0.0 1.0 0.0 1.0 11.0 0.0
3563.012256184837 0.0 0.0 0.0 1.0 0.0 1.0 11.0 0.0
3564.007206722763 0.0 0.0 0.0 1.0 0.0 1.0 11.0 0.0
3565.0138456643663 0.0 0.0 0.0 1.0 0.0 1.0 11.0 0.0
3566.0138456643663 0.0 0.0 0.0 1.0 0.0 1.0 11.0 0.0
3567.0138456643663 0.0 0.0 0.0 1.0 0.0 1.0 11.0 0.0
3568.0138456643663 0.0 0.0 0.0 1.0 0.0 1.0 11.0 0.0
3569.0069518341543 0.0 0.0 0.0 1.0 0.0 1.0 11.0 0.0
3570.0138456643663 0.0 0.0 0.0 1.0 0.0 1.0 11.0 0.0
3571.0138456643663 0.0 0.0 0.0 1.0 0.0 1.0 11.0 0.0
3572.0138456643663 0.0 0.0 0.0 1.0 0.0 1.0 11.0 0.0
3573.0138456643663 0.0 0.0 0.0 1.0 0.0 1.0 11.0 0.0
3574.0138456643663 0.0 0.0 0.0 1.0 0.0 1.0 11.0 0.0
3575.0138456643663 0.0 0.0 0.0 1.0 0.0 1.0 11.0 0.0
3576.000999336331 0.0 0.0 0.0 1.0 0.0 1.0 11.0 0.0
3577.0138456643663 0.0 0.0 0.0 1.0 0.0 1.0 11.0 0.0
3578.0028665769996 0.0 0.0 0.0 1.0 0.0 1.0 11.0 0.0
3579.0138456643663 0.0 0.0 0.0 1.0 0.0 1.0 11.0 0.0
3580.0138456643663 0.0 0.0 0.0 1.0 0.0 1.0 11.0 0.0
3581.000399728493 0.0 0.0 0.0 1.0 0.0 1.0 11.0 0.0
3582.0138456643663 0.0 0.0 0.0 1.0 0.0 1.0 11.0 0.0
3583.0138456643663 0.0 0.0 0.0 1.0 0.0 1.0 11.0 0.0
3584.0138456643663 0.0 0.0 0.0 1.0 0.0 1.0 11.0 0.0
3585.009729035457 0.0 0.0 0.0 1.0 0.0 1.0 11.0 0.0
3586.0126762617124 0.0 0.0 0.0 1.0 0.0 1.0 11.0 0.0
3587.004581029197 0.0 0.0 0.0 1.0 0.0 1.0 11.0 0.0
3588.0138456643663 0.0 0.0 0.0 1.0 0.0 1.0 11.0 0.0
3589.0119829873747 0.0 0.0 0.0 1.0 0.0 1.0 11.0 0.0
3590.0106543845814 0.0 0.0 0.0 1.0 0.0 1.0 11.0 0.0
3591.0051914170376 0.0 0.0 0.0 1.0 0.0 1.0 11.0 0.0
3592.0138456643663 0.0 0.0 0.0 1.0 0.0 1.0 11.0 0.0
3593.0138456643663 0.0 0.0 0.0 1.0 0.0 1.0 11.0 0.0
3594.0138456643663 0.0 0.0 0.0 1.0 0.0 1.0 11.0 0.0
3595.0138456643663 0.0 0.0 0.0 1.0 0.0 1.0 11.0 0.0
3596.0138456643663 0.0 0.0 0.0 1.0 0.0 1.0 11.0 0.0
3597.0138456643663 0.0 0.0 0.0 1.0 0.0 1.0 11.0 0.0
3598.005249093203 0.0 0.0 0.0 1.0 0.0 1.0 11.0 0.0
3599.0138456643663 0.0 0.0 0.0 1.0 0.0 1.0 11.0 0.0
3600.012294049085 0.0 0.0 0.0 1.0 0.0 1.0 10.9 0.0
3601.01175854649 0.0 0.0 0.0 1.0 0.0 1.0 10.25 0.0
3602.0138456643663 0.0 0.0 0.0 1.0 0.0 1.0 9.475 0.0
3603.0138456643663 0.0 0.0 0.0 1.0 0.0 1.0 9.075 0.0
3604.0138456643663 0.0 0.0 0.0 1.0 0.0 1.0 9.0 0.0
3605.0138456643663 0.0 0.0 0.0 1.0 0.0 1.0 9.0 0.0
3606.0138456643663 0.0 0.0 0.0 1.0 0.0 1.0 9.0 0.0
3607.0138456643663 0.0 0.0 0.0 1.0 0.0 1.0 9.0 0.0
3608.0082230860244 0.0 0.0 0.0 1.0 0.0 1.0 9.0 0.0
3609.0138456643663 0.0 0.0 0.0 1.0 0.0 1.0 9.0 0.0
3610.0138456643663 0.0 0.0 0.0 1.0 0.0 1.0 9.0 0.0
3611.0122309246963 0.0 0.0 0.0 1.0 0.0 1.0 9.0 0.0
3612.0138456643663 0.0 0.0 0.0 1.0 0.0 1.0 9.0 0.0
3613.0138456643663 0.0 0.0 0.0 1.0 0.0 1.0 9.0 0.0
3614.000625689251 0.0 0.0 0.0 1.0 0.0 1.0 9.0 0.0
3615.0044166849184 0.0 0.0 0.0 1.0 0.0 1.0 9.0 0.0
3616.0138456643663 0.0 0.0 0.0 1.0 0.0 1.0 9.0 0.0
3617.0138456643663 0.0 0.0 0.0 1.0 0.0 1.0 9.0 0.0
3618.002591055042 0.0 0.0 0.0 1.0 0.0 1.0 9.0 0.0
3619.0138456643663 0.0 0.0 0.0 1.0 0.0 1.0 9.0 0.0
3620.010332659324 0.0 0.0 0.0 1.0 0.0 1.0 9.0 0.0
3621.0138456643663 0.0 0.0 0.0 1.0 0.0 1.0 9.0 0.0
3622.0138456643663 0.0 0.0 0.0 1.0 0.0 1.0 9.0 0.0
3623.0138456643663 0.0 0.0 0.0 1.0 0.0 1.0 9.0 0.0
3624.003620008286 0.0 0.0 0.0 1.0 0.0 1.0 9.0 0.0
3625.004100735069 0.0 0.0 0.0 1.0 0.0 1.0 9.0 0.0
3626.0082848517895 0.0 0.0 0.0 1.0 0.0 1.0 9.0 0.0
3627.0138456643663 0.0 0.0 0.0 1.0 0.0 1.0 9.0 0.0
3628.0138456643663 0.0 0.0 0.0 1.0 0.0 1.0 9.0 0.0
3629.0138456643663 0.0 0.0 0.0 1.0 0.0 1.0 9.0 0.0
3630.0138456643663 0.0 0.0 0.0 1.0 0.0 1.0 9.0 0.0
3631.0138456643663 0.0 0.0 0.0 1.0 0.0 1.0 9.0 0.0
3632.0039440151277 0.0 0.0 0.0 1.0 0.0 1.0 9.0 0.0
3633.0138456643663 0.0 0.0 0.0 1.0 0.0 1.0 9.0 0.0
3634.011822696153 0.0 0.0 0.0 1.0 0.0 1.0 9.0 0.0
3635.0138456643663 0.0 0.0 0.0 1.0 0.0 1.0 9.0 0.0
3636.0106099680484 0.0 0.0 0.0 1.0 0.0 1.0 9.0 0.0
3637.0003651627208 0.0 0.0 0.0 1.0 0.0 1.0 9.0 0.0
3638.0102891759384 0.0 0.0 0.0 1.0 0.0 1.0 9.0 0.0
3639.0138456643663 0.0 0.0 0.0 1.0 0.0 1.0 9.0 0.0
3640.0138456643663 0.0 0.0 0.0 1.0 0.0 1.0 9.0 0.0
3641.0138456643663 0.0 0.0 0.0 1.0 0.0 1.0 9.0 0.0
3642.0138456643663 0.0 0.0 0.0 1.0 0.0 1.0 9.0 0.0
3643.0138456643663 0.0 0.0 0.0 1.0 0.0 1.0 9.0 0.0
3644.0138456643663 0.0 0.0 0.0 1.0 0.0 1.0 9.0 0.0
3645.0138456643663 0.0 0.0 0.0 1.0 0.0 1.0 9.0 0.0
3646.0138456643663 0.0 0.0 0.0 1.0 0.0 1.0 9.0 0.0
3647.00312261176 0.0 0.0 0.0 1.0 0.0 1.0 9.0 0.0
3648.0030752841258 0.0 0.0 0.0 1.0 0.0 1.0 9.0 0.0
3649.0138456643663 0.0 0.0 0.0 1.0 0.0 1.0 9.0 0.0
3650.0038574795567 0.0 0.0 0.0 1.0 0.0 1.0 9.0 0.0
3651.0138456643663 0.0 0.0 0.0 1.0 0.0 1.0 9.0 0.0
3652.010807891747 0.0 0.0 0.0 1.0 0.0 1.0 9.0 0.0
3653.0030871697095 0.0 0.0 0.0 1.0 0.0 1.0 9.0 0.0
3654.0138456643663 0.0 0.0 0.0 1.0 0.0 1.0 9.0 0.0
3655.0138456643663 0.0 0.0 0.0 1.0 0.0 1.0 9.0 0.0
3656.002454958807 0.0 0.0 0.0 1.0 0.0 1.0 9.0 0.0
3657.0138456643663 0.0 0.0 0.0 1.0 0.0 1.0 9.0 0.0
3658.0138456643663 0.0 0.0 0.0 1.0 0.0 1.0 9.0 0.0
3659.0138456643663 0.0 0.0 0.0 1.0 0.0 1.0 9.0 0.0
3660.0138456643663 0.0 0.0 0.0 1.0 0.0 1.0 9.0 0.0
3661.0138456643663 0.0 0.0 0.0 1.0 0.0 1.0 9.0 0.0
3662.0138456643663 0.0 0.0 0.0 1.0 0.0 1.0 9.0 0.0
3663.003597837074 0.0 0.0 0.0 1.0 0.0 1.0 9.0 0.0
3664.0138456643663 0.0 0.0 0.0 1.0 0.0 1.0 9.0 0.0
3665.0138456643663 0.0 0.0 0.0 1.0 0.0 1.0 9.0 0.0
3666.001430862166 0.0 0.0 0.0 1.0 0.0 1.0 9.0 0.0
3667.0138456643663 0.0 0.0 0.0 1.0 0.0 1.0 9.0 0.0
3668.0138456643663 0.0 0.0 0.0 1.0 0.0 1.0 9.0 0.0
3669.0138456643663 0.0 0.0 0.0 1.0 0.0 1.0 9.0 0.0
3670.0138456643663 0.0 0.0 0.0 1.0 0.0 1.0 9.0 0.0
3671.0138456643663 0.0 0.0 0.0 1.0 0.0 1.0 9.0 0.0
3672.0138456643663 0.0 0.0 0.0 1.0 0.0 1.0 9.0 0.0
3673.0138456643663 0.0 0.0 0.0 1.0 0.0 1.0 9.0 0.0
3674.006096433876 0.0 0.0 0.0 1.0 0.0 1.0 9.0 0.0
3675.0084761832695 0.0 0.0 0.0 1.0 0.0 1.0 9.0 0.0
3676.00026950513 0.0 0.0 0.0 1.0 0.0 1.0 9.0 0.0
3677.0138456643663 0.0 0.0 0.0 1.0 0.0 1.0 9.0 0.0
3678.0138456643663 0.0 0.0 0.0 1.0 0.0 1.0 9.0 0.0
3679.0138456643663 0.0 0.0 0.0 1.0 0.0 1.0 9.0 0.0
3680.0138456643663 0.0 0.0 0.0 1.0 0.0 1.0 9.0 0.0
3681.0011907100184 0.0 0.0 0.0 1.0 0.0 1.0 9.0 0.0
3682.009004814641 0.0 0.0 0.0 1.0 0.0 1.0 9.0 0.0
3683.0138456643663 0.0 0.0 0.0 1.0 0.0 1.0 9.0 0.0
3684.0138456643663 0.0 0.0 0.0 1.0 0.0 1.0 9.0 0.0
3685.0138456643663 0.0 0.0 0.0 1.0 0.0 1.0 9.0 0.0
3686.0029178543946 0.0 0.0 0.0 1.0 0.0 1.0 9.0 0.0
3687.0138456643663 0.0 0.0 0.0 1.0 0.0 1.0 9.0 0.0
3688.0138456643663 0.0 0.0 0.0 1.0 0.0 1.0 9.0 0.0
3689.0138456643663 0.0 0.0 0.0 1.0 0.0 1.0 9.0 0.0
3690.0138456643663 0.0 0.0 0.0 1.0 0.0 1.0 9.0 0.0
3691.0138456643663 0.0 0.0 0.0 1.0 0.0 1.0 9.0 0.0
3692.0138456643663 0.0 0.0 0.0 1.0 0.0 1.0 9.0 0.0
3693.0138456643663 0.0 0.0 0.0 1.0 0.0 1.0 9.0 0.0
3694.0138456643663 0.0 0.0 0.0 1.0 0.0 1.0 9.0 0.0
3695.012905497395 0.0 0.0 0.0 1.0 0.0 1.0 9.0 0.0
3696.0138456643663 0.0 0.0 0.0 1.0 0.0 1.0 9.0 0.0
3697.0138456643663 0.0 0.0 0.0 1.0 0.0 1.0 9.0 0.0
3698.0138456643663 0.0 0.0 0.0 1.0 0.0 1.0 9.0 0.0
3699.0138456643663 0.0 0.0 0.0 1.0 0.0 1.0 9.0 0.0
3700.001502914578 0.0 0.0 0.0 1.0 0.0 1.0 9.0 0.0
3701.0138456643663 0.0 0.0 0.0 1.0 0.0 1.0 9.0 0.0
3702.0138456643663 0.0 0.0 0.0 1.0 0.0 1.0 9.0 0.0
3703.002880139075 0.0 0.0 0.0 1.0 0.0 1.0 9.0 0.0
3704.0138456643663 0.0 0.0 0.0 1.0 0.0 1.0 9.0 0.0
3705.0138456643663 0.0 0.0 0.0 1.0 0.0 1.0 9.0 0.0
3706.012924289382 0.0 0.0 0.0 1.0 0.0 1.0 9.0 0.0
3707.0012534050993 0.0 0.0 0.0 1.0 0.0 1.0 9.0 0.0
3708.0138456643663 0.0 0.0 0.0 1.0 0.0 1.0 9.0 0.0
3709.0080494448416 0.0 0.0 0.0 1.0 0.0 1.0 9.0 0.0
3710.003226673494 0.0 0.0 0.0 1.0 0.0 1.0 9.0 0.0
3711.010960732054 0.0 0.0 0.0 1.0 0.0 1.0 9.0 0.0
3712.0067137090555 0.0 0.0 0.0 1.0 0.0 1.0 9.0 0.0
3713.01285350163 0.0 0.0 0.0 1.0 0.0 1.0 9.0 0.0
3714.0138456643663 0.0 0.0 0.0 1.0 0.0 1.0 9.0 0.0
3715.0085311091734 0.0 0.0 0.0 1.0 0.0 1.0 9.0 0.0
3716.0138456643663 0.0 0.0 0.0 1.0 0.0 1.0 9.0 0.0
3717.0138456643663 0.0 0.0 0.0 1.0 0.0 1.0 9.0 0.0
3718.0117047827885 0.0 0.0 0.0 1.0 0.0 1.0 9.0 0.0
3719.0138456643663 0.0 0.0 0.0 1.0 0.0 1.0 9.0 0.0
3720.0138456643663 0.0 0.0 0.0 1.0 0.0 1.0 9.0 0.0
3721.0138456643663 0.0 0.0 0.0 1.0 0.0 1.0 9.0 0.0
3722.0138456643663 0.0 0.0 0.0 1.0 0.0 1.0 9.0 0.0
3723.0138456643663 0.0 0.0 0.0 1.0 0.0 1.0 9.0 0.0
3724.0104258482634 0.0 0.0 0.0 1.0 0.0 1.0 9.0 0.0
3725.0138456643663 0.0 0.0 0.0 1.0 0.0 1.0 9.0 0.0
3726.0138456643663 0.0 0.0 0.0 1.0 0.0 1.0 9.0 0.0
3727.012755758876 0.0 0.0 0.0 1.0 0.0 1.0 8.475 0.0
3728.002837122443 0.0 0.0 0.0 1.0 0.0 1.0 7.65 0.0
3729.0138456643663 0.0 0.0 0.0 1.0 0.0 1.0 6.65 0.0
3730.0052173005756 0.0 0.0 0.0 1.0 0.0 1.0 6.125 0.0
3731.0138456643663 0.0 0.0 0.0 1.0 0.0 1.0 6.05 0.0
3732.012384361731 0.0 0.0 0.0 1.0 0.0 1.0 6.025 0.0
3733.0138456643663 0.0 0.0 0.0 1.0 0.0 1.0 6.025 0.0
3734.0117342597246 0.0 0.0 0.0 1.0 0.0 1.0 6.0 0.0
3735.010161508273 0.0 0.0 0.0 1.0 0.0 1.0 6.0 0.0
3736.0138456643663 0.0 0.0 0.0 1.0 0.0 1.0 6.0 0.0
3737.0138456643663 0.0 0.0 0.0 1.0 0.0 1.0 6.0 0.0
3738.0057597157565 0.0 0.0 0.0 1.0 0.0 1.0 6.0 0.0
3739.0138456643663 0.0 0.0 0.0 1.0 0.0 1.0 6.0 0.0
3740.0138456643663 0.0 0.0 0.0 1.0 0.0 1.0 6.0 0.0
3741.0138456643663 0.0 0.0 0.0 1.0 0.0 1.0 6.0 0.0
3742.0138456643663 0.0 0.0 0.0 1.0 0.0 1.0 6.0 0.0
3743.0138456643663 0.0 0.0 0.0 1.0 0.0 1.0 6.0 0.0
3744.0138456643663 0.0 0.0 0.0 1.0 0.0 1.0 6.0 0.0
3745.002146779193 0.0 0.0 0.0 1.0 0.0 1.0 6.0 0.0
3746.008949563597 0.0 0.0 0.0 1.0 0.0 1.0 6.0 0.0
3747.0138456643663 0.0 0.0 0.0 1.0 0.0 1.0 6.0 0.0
3748.0138456643663 0.0 0.0 0.0 1.0 0.0 1.0 6.0 0.0
3749.0050435200837 0.0 0.0 0.0 1.0 0.0 1.0 6.0 0.0
3750.0138456643663 0.0 0.0 0.0 1.0 0.0 1.0 6.0 0.0
3751.003187007569 0.0 0.0 0.0 1.0 0.0 1.0 6.0 0.0
3752.004070078326 0.0 0.0 0.0 1.0 0.0 1.0 6.0 0.0
3753.0008166860316 0.0 0.0 0.0 1.0 0.0 1.0 6.0 0.0
3754.0057036800995 0.0 0.0 0.0 1.0 0.0 1.0 6.0 0.0
3755.0138456643663 0.0 0.0 0.0 1.0 0.0 1.0 6.0 0.0
3756.0138456643663 0.0 0.0 0.0 1.0 0.0 1.0 6.0 0.0
3757.0138456643663 0.0 0.0 0.0 1.0 0.0 1.0 6.0 0.0
3758.0138456643663 0.0 0.0 0.0 1.0 0.0 1.0 6.0 0.0
3759.00914057355 0.0 0.0 0.0 1.0 0.0 1.0 6.0 0.0
3760.0019249518223 0.0 0.0 0.0 1.0 0.0 1.0 6.0 0.0
3761.0138456643663 0.0 0.0 0.0 1.0 0.0 1.0 6.0 0.0
3762.0138456643663 0.0 0.0 0.0 1.0 0.0 1.0 6.0 0.0
3763.0138456643663 0.0 0.0 0.0 1.0 0.0 1.0 6.0 0.0
3764.0138456643663 0.0 0.0 0.0 1.0 0.0 1.0 6.0 0.0
3765.0138456643663 0.0 0.0 0.0 1.0 0.0 1.0 6.0 0.0
3766.0138456643663 0.0 0.0 0.0 1.0 0.0 1.0 6.0 0.0
3767.0138456643663 0.0 0.0 0.0 1.0 0.0 1.0 6.0 0.0
3768.0138456643663 0.0 0.0 0.0 1.0 0.0 1.0 6.0 0.0
3769.0138456643663 0.0 0.0 0.0 1.0 0.0 1.0 6.0 0.0
3770.0047901161915 0.0 0.0 0.0 1.0 0.0 1.0 6.0 0.0
3771.0138456643663 0.0 0.0 0.0 1.0 0.0 1.0 6.0 0.0
3772.006174991739 0.0 0.0 0.0 1.0 0.0 1.0 6.0 0.0
3773.0138456643663 0.0 0.0 0.0 1.0 0.0 1.0 6.0 0.0
3774.012862530487 0.0 0.0 0.0 1.0 0.0 1.0 6.0 0.0
3775.0138456643663 0.0 0.0 0.0 1.0 0.0 1.0 6.0 0.0
3776.009874010449 0.0 0.0 0.0 1.0 0.0 1.0 6.0 0.0
3777.0059865322696 0.0 0.0 0.0 1.0 0.0 1.0 6.0 0.0
3778.0045375860323 0.0 0.0 0.0 1.0 0.0 1.0 6.0 0.0
3779.0138456643663 0.0 0.0 0.0 1.0 0.0 1.0 6.0 0.0
3780.0138456643663 0.0 0.0 0.0 1.0 0.0 1.0 6.0 0.0
3781.0089394753354 0.0 0.0 0.0 1.0 0.0 1.0 6.0 0.0
3782.0138456643663 0.0 0.0 0.0 1.0 0.0 1.0 6.0 0.0
3783.0094373491243 0.0 0.0 0.0 1.0 0.0 1.0 6.0 0.0
3784.0126091905363 0.0 0.0 0.0 1.0 0.0 1.0 6.0 0.0
3785.0039700499974 0.0 0.0 0.0 1.0 0.0 1.0 6.0 0.0
3786.004905844508 0.0 0.0 0.0 1.0 0.0 1.0 6.0 0.0
3787.0138456643663 0.0 0.0 0.0 1.0 0.0 1.0 6.0 0.0
3788.0138456643663 0.0 0.0 0.0 1.0 0.0 1.0 6.0 0.0
3789.0048533055688 0.0 0.0 0.0 1.0 0.0 1.0 6.0 0.0
3790.0138456643663 0.0 0.0 0.0 1.0 0.0 1.0 6.0 0.0
3791.0138456643663 0.0 0.0 0.0 1.0 0.0 1.0 6.0 0.0
3792.007974577941 0.0 0.0 0.0 1.0 0.0 1.0 6.0 0.0
3793.0051744499306 0.0 0.0 0.0 1.0 0.0 1.0 6.0 0.0
3794.0072463979027 0.0 0.0 0.0 1.0 0.0 1.0 6.0 0.0
3795.0138456643663 0.0 0.0 0.0 1.0 0.0 1.0 6.0 0.0
3796.000927131049 0.0 0.0 0.0 1.0 0.0 1.0 6.0 0.0
3797.0138456643663 0.0 0.0 0.0 1.0 0.0 1.0 6.0 0.0
3798.0068362885495 0.0 0.0 0.0 1.0 0.0 1.0 6.0 0.0
3799.0011342517423 0.0 0.0 0.0 1.0 0.0 1.0 6.0 0.0
3800.0081304718165 0.0 0.0 0.0 1.0 0.0 1.0 6.0 0.0
3801.0138456643663 0.0 0.0 0.0 1.0 0.0 1.0 6.0 0.0
3802.0129224788525 0.0 0.0 0.0 1.0 0.0 1.0 6.0 0.0
3803.0005401948897 0.0 0.0 0.0 1.0 0.0 1.0 6.0 0.0
3804.013507031111 0.0 0.0 0.0 1.0 0.0 1.0 6.0 0.0
3805.00696992429 0.0 0.0 0.0 1.0 0.0 1.0 6.0 0.0
3806.00457047702 0.0 0.0 0.0 1.0 0.0 1.0 6.0 0.0
3807.0138456643663 0.0 0.0 0.0 1.0 0.0 1.0 6.0 0.0
3808.0138456643663 0.0 0.0 0.0 1.0 0.0 1.0 6.0 0.0
3809.0066423747744 0.0 0.0 0.0 1.0 0.0 1.0 6.0 0.0
3810.009169357992 0.0 0.0 0.0 1.0 0.0 1.0 6.0 0.0
3811.0138456643663 0.0 0.0 0.0 1.0 0.0 1.0 6.0 0.0
3812.0138456643663 0.0 0.0 0.0 1.0 0.0 1.0 6.0 0.0
3813.0138456643663 0.0 0.0 0.0 1.0 0.0 1.0 6.0 0.0
3814.0138456643663 0.0 0.0 0.0 1.0 0.0 1.0 6.0 0.0
3815.0138456643663 0.0 0.0 0.0 1.0 0.0 1.0 6.0 0.0
3816.0138456643663 0.0 0.0 0.0 1.0 0.0 1.0 6.0 0.0
3817.004294790125 0.0 0.0 0.0 1.0 0.0 1.0 6.0 0.0
3818.004010294348 0.0 0.0 0.0 1.0 0.0 1.0 6.0 0.0
3819.0069046000563 0.0 0.0 0.0 1.0 0.0 1.0 6.0 0.0
3820.0138456643663 0.0 0.0 0.0 1.0 0.0 1.0 6.0 0.0
3821.0138456643663 0.0 0.0 0.0 1.0 0.0 1.0 6.0 0.0
3822.0138456643663 0.0 0.0 0.0 1.0 0.0 1.0 6.0 0.0
3823.0138456643663 0.0 0.0 0.0 1.0 0.0 1.0 6.0 0.0
3824.0062932960664 0.0 0.0 0.0 1.0 0.0 1.0 6.0 0.0
3825.0138456643663 0.0 0.0 0.0 1.0 0.0 1.0 6.0 0.0
3826.0138456643663 0.0 0.0 0.0 1.0 0.0 1.0 6.0 0.0
3827.013728053561 0.0 0.0 0.0 1.0 0.0 1.0 6.0 0.0
3828.0113607250046 0.0 0.0 0.0 1.0 0.0 1.0 6.0 0.0
3829.0138456643663 0.0 0.0 0.0 1.0 0.0 1.0 6.0 0.0
3830.0138456643663 0.0 0.0 0.0 1.0 0.0 1.0 6.0 0.0
3831.000854808169 0.0 0.0 0.0 1.0 0.0 1.0 6.0 0.0
3832.010220471044 0.0 0.0 0.0 1.0 0.0 1.0 6.0 0.0
3833.012490585574 0.0 0.0 0.0 1.0 0.0 1.0 6.0 0.0
3834.0138456643663 0.0 0.0 0.0 1.0 0.0 1.0 6.0 0.0
3835.0138456643663 0.0 0.0 0.0 1.0 0.0 1.0 6.0 0.0
3836.0138456643663 0.0 0.0 0.0 1.0 0.0 1.0 6.0 0.0
3837.011229696268 0.19999999999999998 0.0 0.0 0.8 0.0 1.0 6.0 0.3121951219512195
3838.0138456643663 0.9 0.0 0.0 0.1 0.0 1.0 6.15 0.17560975609756097
3839.0138456643663 0.95 0.0 0.0 0.049999999999999996 0.0 1.0 7.0 0.09268292682926829
3840.0036551724234 1.0 0.0 0.0 0.0 0.0 1.0 7.775 0.0
3841.0138456643663 1.0 0.0 0.0 0.0 0.0 1.0 7.975 0.0
3842.0138456643663 1.0 0.0 0.0 0.0 0.0 1.0 8.0 0.0
3843.0138456643663 1.0 0.0 0.0 0.0 0.0 1.0 8.0 0.0
3844.0138456643663 1.0 0.0 0.0 0.0 0.0 1.0 8.0 0.0
3845.0138456643663 1.0 0.0 0.0 0.0 0.0 1.0 8.0 0.0
3846.0138456643663 1.0 0.0 0.0 0.0 0.0 1.0 8.0 0.0
3847.005830576965 1.0 0.0 0.0 0.0 0.0 1.0 8.0 0.0
3848.0138456643663 1.0 0.0 0.0 0.0 0.0 1.0 8.0 0.0
3849.012806312264 1.0 0.0 0.0 0.0 0.0 1.0 8.0 0.0
3850.0138456643663 1.0 0.0 0.0 0.0 0.0 1.0 8.0 0.0
3851.0138456643663 1.0 0.0 0.0 0.0 0.0 1.0 8.0 0.0
3852.0138456643663 1.0 0.0 0.0 0.0 0.0 1.0 8.0 0.0
3853.003191611252 1.0 0.0 0.0 0.0 0.0 1.0 8.0 0.0
3854.0138456643663 1.0 0.0 0.0 0.0 0.0 1.0 8.0 0.0
3855.004376953016 1.0 0.0 0.0 0.0 0.0 1.0 8.0 0.0
3856.0138456643663 1.0 0.0 0.0 0.0 0.0 1.0 8.0 0.0
3857.0138456643663 1.0 0.0 0.0 0.0 0.0 1.0 8.0 0.0
3858.0047645080035 1.0 0.0 0.0 0.0 0.0 1.0 8.0 0.0
3859.006886656996 1.0 0.0 0.0 0.0 0.0 1.0 8.0 0.0
3860.0044585391324 1.0 0.0 0.0 0.0 0.0 1.0 8.0 0.0
3861.0064247782857 1.0 0.0 0.0 0.0 0.0 1.0 8.0 0.0
3862.0138456643663 1.0 0.0 0.0 0.0 0.0 1.0 8.0 0.0
3863.0131420261387 1.0 0.0 0.0 0.0 0.0 1.0 8.0 0.0
3864.0138456643663 1.0 0.0 0.0 0.0 0.0 1.0 8.0 0.0
3865.0138456643663 1.0 0.0 0.0 0.0 0.0 1.0 8.0 0.0
3866.011979567857 1.0 0.0 0.0 0.0 0.0 1.0 8.0 0.0
3867.007716112781 1.0 0.0 0.0 0.0 0.0 1.0 8.0 0.0
3868.009000480357 1.0 0.0 0.0 0.0 0.0 1.0 8.0 0.0
3869.0138456643663 1.0 0.0 0.0 0.0 0.0 1.0 8.0 0.0
3870.0062648601734 1.0 0.0 0.0 0.0 0.0 1.0 8.0 0.0
3871.0131986129463 1.0 0.0 0.0 0.0 0.0 1.0 8.0 0.0
3872.0126572396707 1.0 0.0 0.0 0.0 0.0 1.0 8.0 0.0
3873.0138456643663 1.0 0.0 0.0 0.0 0.0 1.0 8.0 0.0
3874.0138456643663 1.0 0.0 0.0 0.0 0.0 1.0 8.0 0.0
3875.0138456643663 1.0 0.0 0.0 0.0 0.0 1.0 8.0 0.0
3876.0038876772505 1.0 0.0 0.0 0.0 0.0 1.0 8.0 0.0
3877.001332193049 1.0 0.0 0.0 0.0 0.0 1.0 8.0 0.0
3878.000713479041 1.0 0.0 0.0 0.0 0.0 1.0 8.0 0.0
3879.0123896647783 1.0 0.0 0.0 0.0 0.0 1.0 8.0 0.0
3880.0138456643663 1.0 0.0 0.0 0.0 0.0 1.0 8.0 0.0
3881.0138456643663 1.0 0.0 0.0 0.0 0.0 1.0 8.0 0.0
3882.0138456643663 1.0 0.0 0.0 0.0 0.0 1.0 8.0 0.0
3883.0138456643663 1.0 0.0 0.0 0.0 0.0 1.0 8.0 0.0
3884.0066197785004 1.0 0.0 0.0 0.0 0.0 1.0 8.0 0.0
3885.0138456643663 1.0 0.0 0.0 0.0 0.0 1.0 8.0 0.0
3886.0138456643663 1.0 0.0 0.0 0.0 0.0 1.0 8.0 0.0
3887.0138456643663 1.0 0.0 0.0 0.0 0.0 1.0 8.0 0.0
3888.011424102632 1.0 0.0 0.0 0.0 0.0 1.0 8.0 0.0
3889.0138456643663 1.0 0.0 0.0 0.0 0.0 1.0 8.0 0.0
3890.010985015132 1.0 0.0 0.0 0.0 0.0 1.0 8.0 0.0
3891.004071034023 1.0 0.0 0.0 0.0 0.0 1.0 8.0 0.0
3892.0092971876284 1.0 0.0 0.0 0.0 0.0 1.0 8.0 0.0
3893.007733617979 1.0 0.0 0.0 0.0 0.0 1.0 8.0 0.0
3894.0138456643663 1.0 0.0 0.0 0.0 0.0 1.0 8.0 0.0
3895.0138456643663 1.0 0.0 0.0 0.0 0.0 1.0 8.0 0.0
3896.0138456643663 1.0 0.0 0.0 0.0 0.0 1.0 8.0 0.0
3897.0136781152755 1.0 0.0 0.0 0.0 0.0 1.0 8.0 0.0
3898.0087743841427 1.0 0.0 0.0 0.0 0.0 1.0 8.0 0.0
3899.0041872894312 1.0 0.0 0.0 0.0 0.0 1.0 8.0 0.0
3900.001446659802 1.0 0.0 0.0 0.0 0.0 1.0 8.0 0.0
3901.0138456643663 1.0 0.0 0.0 0.0 0.0 1.0 8.0 0.0
3902.0090152363596 1.0 0.0 0.0 0.0 0.0 1.0 8.0 0.0
3903.0138456643663 1.0 0.0 0.0 0.0 0.0 1.0 8.0 0.0
3904.0138456643663 1.0 0.0 0.0 0.0 0.0 1.0 8.0 0.0
3905.0138456643663 1.0 0.0 0.0 0.0 0.0 1.0 8.0 0.0
3906.0138456643663 1.0 0.0 0.0 0.0 0.0 1.0 8.0 0.0
3907.0138456643663 1.0 0.0 0.0 0.0 0.0 1.0 8.0 0.0
3908.0138456643663 1.0 0.0 0.0 0.0 0.0 1.0 8.0 0.0
3909.0138456643663 1.0 0.0 0.0 0.0 0.0 1.0 8.0 0.0
3910.0002173522334 1.0 0.0 0.0 0.0 0.0 1.0 8.0 0.0
3911.0081926719085 1.0 0.0 0.0 0.0 0.0 1.0 8.0 0.0
3912.0086457032385 1.0 0.0 0.0 0.0 0.0 1.0 8.0 0.0
3913.0001840874434 1.0 0.0 0.0 0.0 0.0 1.0 8.0 0.0
3914.008814532118 1.0 0.0 0.0 0.0 0.0 1.0 8.0 0.0
3915.0071532879556 1.0 0.0 0.0 0.0 0.0 1.0 8.0 0.0
3916.0138456643663 1.0 0.0 0.0 0.0 0.0 1.0 8.0 0.0
3917.0138456643663 1.0 0.0 0.0 0.0 0.0 1.0 8.0 0.0
3918.0138456643663 1.0 0.0 0.0 0.0 0.0 1.0 8.0 0.0
3919.0086790651485 1.0 0.0 0.0 0.0 0.0 1.0 8.0 0.0
3920.0138456643663 1.0 0.0 0.0 0.0 0.0 1.0 8.0 0.0
3921.0138456643663 1.0 0.0 0.0 0.0 0.0 1.0 8.0 0.0
3922.0138456643663 1.0 0.0 0.0 0.0 0.0 1.0 8.0 0.0
3923.0122322993375 1.0 0.0 0.0 0.0 0.0 1.0 8.0 0.0
3924.0087356116287 1.0 0.0 0.0 0.0 0.0 1.0 8.0 0.0
3925.0016859748457 1.0 0.0 0.0 0.0 0.0 1.0 8.0 0.0
3926.0138456643663 1.0 0.0 0.0 0.0 0.0 1.0 8.0 0.0
3927.0138456643663 1.0 0.0 0.0 0.0 0.0 1.0 8.0 0.0
3928.0138456643663 1.0 0.0 0.0 0.0 0.0 1.0 8.0 0.0
3929.0070488476103 1.0 0.0 0.0 0.0 0.0 1.0 8.0 0.0
3930.0129171315666 1.0 0.0 0.0 0.0 0.0 1.0 8.0 0.0
3931.0138456643663 1.0 0.0 0.0 0.0 0.0 1.0 8.0 0.0
3932.0138456643663 1.0 0.0 0.0 0.0 0.0 1.0 8.0 0.0
3933.0138456643663 1.0 0.0 0.0 0.0 0.0 1.0 8.0 0.0
3934.0138456643663 1.0 0.0 0.0 0.0 0.0 1.0 8.0 0.0
3935.0138456643663 1.0 0.0 0.0 0.0 0.0 1.0 8.0 0.0
3936.0138456643663 1.0 0.0 0.0 0.0 0.0 1.0 8.0 0.0
3937.0138456643663 1.0 0.0 0.0 0.0 0.0 1.0 8.0 0.0
3938.0138456643663 1.0 0.0 0.0 0.0 0.0 1.0 8.0 0.0
3939.0031542174033 1.0 0.0 0.0 0.0 0.0 1.0 8.0 0.0
3940.006038723813 1.0 0.0 0.0 0.0 0.0 1.0 8.0 0.0
3941.0100045404665 1.0 0.0 0.0 0.0 0.0 1.0 8.0 0.0
3942.0007737855203 1.0 0.0 0.0 0.0 0.0 1.0 8.0 0.0
3943.0138456643663 1.0 0.0 0.0 0.0 0.0 1.0 8.0 0.0
3944.0101443614094 1.0 0.0 0.0 0.0 0.0 1.0 8.0 0.0
3945.002177829251 1.0 0.0 0.0 0.0 0.0 1.0 8.0 0.0
3946.0138456643663 1.0 0.0 0.0 0.0 0.0 1.0 8.0 0.0
3947.0138456643663 1.0 0.0 0.0 0.0 0.0 1.0 8.0 0.0
3948.004231671706 1.0 0.0 0.0 0.0 0.0 1.0 8.0 0.0
3949.0138456643663 1.0 0.0 0.0 0.0 0.0 1.0 8.0 0.0
3950.0138456643663 1.0 0.0 0.0 0.0 0.0 1.0 8.0 0.0
3951.0138456643663 1.0 0.0 0.0 0.0 0.0 1.0 8.0 0.0
3952.0138456643663 1.0 0.0 0.0 0.0 0.0 1.0 8.0 0.0
3953.0138456643663 1.0 0.0 0.0 0.0 0.0 1.0 8.0 0.0
3954.008093966825 1.0 0.0 0.0 0.0 0.0 1.0 8.0 0.0
3955.0138456643663 1.0 0.0 0.0 0.0 0.0 1.0 8.0 0.0
3956.0138456643663 1.0 0.0 0.0 0.0 0.0 1.0 8.0 0.0
3957.0138456643663 1.0 0.0 0.0 0.0 0.0 1.0 8.0 0.0
3958.0138456643663 1.0 0.0 0.0 0.0 0.0 1.0 8.0 0.0
3959.0138456643663 1.0 0.0 0.0 0.0 0.0 1.0 8.0 0.0
3960.0138456643663 1.0 0.0 0.0 0.0 0.0 1.0 8.0 0.0
3961.001361746476 1.0 0.0 0.0 0.0 0.0 1.0 8.0 0.0
3962.0138456643663 1.0 0.0 0.0 0.0 0.0 1.0 8.0 0.0
3963.009762671858 1.0 0.0 0.0 0.0 0.0 1.0 8.0 0.0
3964.0138456643663 1.0 0.0 0.0 0.0 0.0 1.0 8.0 0.0
3965.0059538334135 1.0 0.0 0.0 0.0 0.0 1.0 8.0 0.0
3966.0138456643663 1.0 0.0 0.0 0.0 0.0 1.0 8.0 0.0
3967.0138456643663 1.0 0.0 0.0 0.0 0.0 1.0 8.0 0.0
3968.0000291908814 1.0 0.0 0.0 0.0 0.0 1.0 8.0 0.0
3969.0138456643663 1.0 0.0 0.0 0.0 0.0 1.0 8.0 0.0
3970.0138456643663 1.0 0.0 0.0 0.0 0.0 1.0 8.0 0.0
3971.0138456643663 1.0 0.0 0.0 0.0 0.0 1.0 8.0 0.0
3972.0138456643663 1.0 0.0 0.0 0.0 0.0 1.0 8.0 0.0
3973.003239000975 1.0 0.0 0.0 0.0 0.0 1.0 8.0 0.0
3974.0138456643663 1.0 0.0 0.0 0.0 0.0 1.0 8.0 0.0
3975.0138456643663 1.0 0.0 0.0 0.0 0.0 1.0 8.0 0.0
3976.0138456643663 1.0 0.0 0.0 0.0 0.0 1.0 8.0 0.0
3977.0138456643663 1.0 0.0 0.0 0.0 0.0 1.0 8.0 0.0
3978.0138456643663 1.0 0.0 0.0 0.0 0.0 1.0 8.0 0.0
3979.0138456643663 1.0 0.0 0.0 0.0 0.0 1.0 8.0 0.0
3980.0138456643663 1.0 0.0 0.0 0.0 0.0 1.0 8.0 0.0
3981.0024316449667 1.0 0.0 0.0 0.0 0.0 1.0 8.0 0.0
3982.0138456643663 1.0 0.0 0.0 0.0 0.0 1.0 8.0 0.0
3983.0137432866854 1.0 0.0 0.0 0.0 0.0 1.0 8.0 0.0
3984.00141689104 1.0 0.0 0.0 0.0 0.0 1.0 8.0 0.0
3985.0138456643663 1.0 0.0 0.0 0.0 0.0 1.0 8.0 0.0
3986.0112147944096 1.0 0.0 0.0 0.0 0.0 1.0 8.0 0.0
3987.0138456643663 1.0 0.0 0.0 0.0 0.0 1.0 8.0 0.0
3988.0138456643663 1.0 0.0 0.0 0.0 0.0 1.0 8.0 0.0
3989.013481467303 1.0 0.0 0.0 0.0 0.0 1.0 8.0 0.0
3990.001976673272 1.0 0.0 0.0 0.0 0.0 1.0 8.0 0.0
3991.0064253485334 1.0 0.0 0.0 0.0 0.0 1.0 8.0 0.0
3992.0138456643663 1.0 0.0 0.0 0.0 0.0 1.0 8.0 0.0
3993.0138456643663 1.0 0.0 0.0 0.0 0.0 1.0 8.0 0.0
3994.0138456643663 1.0 0.0 0.0 0.0 0.0 1.0 8.0 0.0
3995.0138456643663 1.0 0.0 0.0 0.0 0.0 1.0 8.0 0.0
3996.00375532644 1.0 0.0 0.0 0.0 0.0 1.0 8.0 0.0
3997.0138456643663 1.0 0.0 0.0 0.0 0.0 1.0 8.0 0.0
3998.0138456643663 1.0 0.0 0.0 0.0 0.0 1.0 8.0 0.0
3999.0138456643663 1.0 0.0 0.0 0.0 0.0 1.0 8.0 0.0
4000.0015343978757 1.0 0.0 0.0 0.0 0.0 1.0 8.0 0.0
#####################################################################
# End of data export. Simulation finished at: 2026-01-25T11:08+0000 #
#####################################################################
