#####################################################################
# Alchemist log file - simulation started at: 2026-05-19T10:44+0000 #
#####################################################################
#
# seed = 54.0, connection_range_percentage = 0.2, variability = 4.0, history_length = 6000, drones = 40
#
# The columns have the following meaning: 
# time wandering[mean] defending[mean] solving[mean] wait[mean] attacked[max] alarm[max] historySize[mean] disagreementRate 
0.0 NaN NaN NaN NaN 0.0 0.0 NaN 0.0
0.0 0.0 0.0 0.0 1.0 0.0 0.0 2.0 0.0
1.0088765222939111 0.0 0.0 0.0 1.0 0.0 0.0 2.325 0.0
2.025449965704394 0.0 0.0 0.0 1.0 0.0 0.0 2.925 0.0
3.049345074030559 0.0 0.0 0.0 1.0 0.0 0.0 2.975 0.0
4.04169150605287 0.0 0.0 0.0 1.0 0.0 0.0 2.975 0.0
5.006175387010383 0.0 0.0 0.0 1.0 0.0 0.0 3.0 0.0
6.001419617058992 0.0 0.0 0.0 1.0 0.0 0.0 3.0 0.0
7.014759934957095 0.0 0.0 0.0 1.0 0.0 0.0 3.0 0.0
8.008532358063622 0.0 0.0 0.0 1.0 0.0 0.0 3.0 0.0
9.042299392602223 0.0 0.0 0.0 1.0 0.0 0.0 3.0 0.0
10.05399577655696 0.0 0.0 0.0 1.0 0.0 0.0 3.0 0.0
11.029351609378718 0.0 0.0 0.0 1.0 0.0 0.0 3.0 0.0
12.001465635554775 0.0 0.0 0.0 1.0 0.0 0.0 3.0 0.0
13.012981131778673 0.0 0.0 0.0 1.0 0.0 0.0 3.0 0.0
14.011268527610204 0.0 0.0 0.0 1.0 0.0 0.0 3.0 0.0
15.008694224618885 0.0 0.0 0.0 1.0 0.0 0.0 3.0 0.0
16.038790816871874 0.0 0.0 0.0 1.0 0.0 0.0 3.0 0.0
17.018515774606907 0.0 0.0 0.0 1.0 0.0 0.0 3.0 0.0
18.00602264918644 0.0 0.0 0.0 1.0 0.0 0.0 3.0 0.0
19.04864024741429 0.0 0.0 0.0 1.0 0.0 0.0 3.0 0.0
20.04047080143732 0.0 0.0 0.0 1.0 0.0 0.0 3.0 0.0
21.01453816374623 0.0 0.0 0.0 1.0 0.0 0.0 3.0 0.0
22.063146510612157 0.0 0.0 0.0 1.0 0.0 0.0 3.0 0.0
23.048502695533124 0.0 0.0 0.0 1.0 0.0 0.0 3.0 0.0
24.002296954266615 0.0 0.0 0.0 1.0 0.0 0.0 3.0 0.0
25.006016301856437 0.0 0.0 0.0 1.0 0.0 0.0 3.0 0.0
26.004202211326657 0.0 0.0 0.0 1.0 0.0 0.0 3.0 0.0
27.0029316929298 0.0 0.0 0.0 1.0 0.0 0.0 3.0 0.0
28.06114169889779 0.0 0.0 0.0 1.0 0.0 0.0 3.0 0.0
29.022218547058028 0.0 0.0 0.0 1.0 0.0 0.0 3.0 0.0
30.032317597118986 0.0 0.0 0.0 1.0 0.0 0.0 3.0 0.0
31.011052748488382 0.0 0.0 0.0 1.0 0.0 0.0 3.0 0.0
32.105995834395365 0.0 0.0 0.0 1.0 0.0 0.0 3.0 0.0
33.016825093887185 0.0 0.0 0.0 1.0 0.0 0.0 3.0 0.0
34.04560108883772 0.0 0.0 0.0 1.0 0.0 0.0 3.0 0.0
35.074506920503744 0.0 0.0 0.0 1.0 0.0 0.0 3.0 0.0
36.01113266055661 0.0 0.0 0.0 1.0 0.0 0.0 3.0 0.0
37.006861685699306 0.0 0.0 0.0 1.0 0.0 0.0 3.0 0.0
38.0112700680791 0.0 0.0 0.0 1.0 0.0 0.0 3.0 0.0
39.006411272433326 0.0 0.0 0.0 1.0 0.0 0.0 3.0 0.0
40.014924238873306 0.0 0.0 0.0 1.0 0.0 0.0 3.0 0.0
41.0196059442646 0.0 0.0 0.0 1.0 0.0 0.0 3.0 0.0
42.02293805319926 0.0 0.0 0.0 1.0 0.0 0.0 3.0 0.0
43.001786139253355 0.0 0.0 0.0 1.0 0.0 0.0 3.0 0.0
44.068620771206035 0.0 0.0 0.0 1.0 0.0 0.0 3.0 0.0
45.021004981887764 0.0 0.0 0.0 1.0 0.0 0.0 3.0 0.0
46.02513704607385 0.0 0.0 0.0 1.0 0.0 0.0 3.0 0.0
47.03701571470679 0.0 0.0 0.0 1.0 0.0 0.0 3.0 0.0
48.03163974134704 0.0 0.0 0.0 1.0 0.0 0.0 3.0 0.0
49.028711979663754 0.0 0.0 0.0 1.0 0.0 0.0 3.0 0.0
50.0101800598513 0.0 0.0 0.0 1.0 0.0 0.0 3.0 0.0
51.06575400109662 0.0 0.0 0.0 1.0 0.0 0.0 3.0 0.0
52.06059840494295 0.0 0.0 0.0 1.0 0.0 0.0 3.0 0.0
53.021443363314916 0.0 0.0 0.0 1.0 0.0 0.0 3.0 0.0
54.045202097067005 0.0 0.0 0.0 1.0 0.0 0.0 3.0 0.0
55.048857980736074 0.0 0.0 0.0 1.0 0.0 0.0 3.0 0.0
56.01581024488545 0.0 0.0 0.0 1.0 0.0 0.0 3.0 0.0
57.006218584815166 0.0 0.0 0.0 1.0 0.0 0.0 3.0 0.0
58.04843668655072 0.0 0.0 0.0 1.0 0.0 0.0 3.0 0.0
59.009928439845034 0.0 0.0 0.0 1.0 0.0 0.0 3.0 0.0
60.05772761226118 0.0 0.0 0.0 1.0 0.0 0.0 3.0 0.0
61.08332567557517 0.0 0.0 0.0 1.0 0.0 0.0 3.0 0.0
62.03277653593383 0.0 0.0 0.0 1.0 0.0 0.0 3.0 0.0
63.05667026761377 0.0 0.0 0.0 1.0 0.0 0.0 3.0 0.0
64.04536080273186 0.0 0.0 0.0 1.0 0.0 0.0 3.0 0.0
65.04223358689148 0.0 0.0 0.0 1.0 0.0 0.0 3.0 0.0
66.05630122076772 0.0 0.0 0.0 1.0 0.0 0.0 3.0 0.0
67.02196570869533 0.0 0.0 0.0 1.0 0.0 0.0 3.0 0.0
68.0265370858133 0.0 0.0 0.0 1.0 0.0 0.0 3.0 0.0
69.01250701765495 0.0 0.0 0.0 1.0 0.0 0.0 3.0 0.0
70.0096934103112 0.0 0.0 0.0 1.0 0.0 0.0 3.0 0.0
71.00071718966488 0.0 0.0 0.0 1.0 0.0 0.0 3.0 0.0
72.05576868277805 0.0 0.0 0.0 1.0 0.0 0.0 3.0 0.0
73.05302114146512 0.0 0.0 0.0 1.0 0.0 0.0 3.0 0.0
74.01804577743835 0.0 0.0 0.0 1.0 0.0 0.0 3.0 0.0
75.02381791026626 0.0 0.0 0.0 1.0 0.0 0.0 3.0 0.0
76.00905887265078 0.0 0.0 0.0 1.0 0.0 0.0 3.0 0.0
77.02533374201661 0.0 0.0 0.0 1.0 0.0 0.0 3.0 0.0
78.00238494253882 0.0 0.0 0.0 1.0 0.0 0.0 3.0 0.0
79.0276403503201 0.0 0.0 0.0 1.0 0.0 0.0 3.0 0.0
80.01929333396865 0.0 0.0 0.0 1.0 0.0 0.0 3.0 0.0
81.03182577763243 0.0 0.0 0.0 1.0 0.0 0.0 3.0 0.0
82.01426477400477 0.0 0.0 0.0 1.0 0.0 0.0 3.0 0.0
83.00941319317366 0.0 0.0 0.0 1.0 0.0 0.0 3.0 0.0
84.01675373645838 0.0 0.0 0.0 1.0 0.0 0.0 3.0 0.0
85.04117512501375 0.0 0.0 0.0 1.0 0.0 0.0 3.0 0.0
86.02817937734102 0.0 0.0 0.0 1.0 0.0 0.0 3.0 0.0
87.01763770203978 0.0 0.0 0.0 1.0 0.0 0.0 3.0 0.0
88.03192905434443 0.0 0.0 0.0 1.0 0.0 0.0 3.0 0.0
89.02098128029931 0.0 0.0 0.0 1.0 0.0 0.0 3.0 0.0
90.10599583439537 0.0 0.0 0.0 1.0 0.0 0.0 3.0 0.0
91.0025249769448 0.0 0.0 0.0 1.0 0.0 0.0 3.0 0.0
92.10599583439537 0.0 0.0 0.0 1.0 0.0 0.0 3.0 0.0
93.00348707259207 0.0 0.0 0.0 1.0 0.0 0.0 3.0 0.0
94.04188186660858 0.0 0.0 0.0 1.0 0.0 0.0 3.0 0.0
95.00060954080455 0.0 0.0 0.0 1.0 0.0 0.0 3.0 0.0
96.01462295817984 0.0 0.0 0.0 1.0 0.0 0.0 3.0 0.0
97.07272385414247 0.0 0.0 0.0 1.0 0.0 0.0 3.0 0.0
98.0077599212259 0.0 0.0 0.0 1.0 0.0 0.0 3.0 0.0
99.02042472856773 0.0 0.0 0.0 1.0 0.0 0.0 3.0 0.0
100.00261398171604 0.0 0.0 0.0 1.0 0.0 0.0 3.0 0.0
101.0115865373188 0.0 0.0 0.0 1.0 0.0 0.0 3.0 0.0
102.01347653574244 0.0 0.0 0.0 1.0 0.0 0.0 3.0 0.0
103.10103811139518 0.0 0.0 0.0 1.0 0.0 0.0 3.0 0.0
104.01170760864395 0.0 0.0 0.0 1.0 0.0 0.0 3.0 0.0
105.002089109774 0.0 0.0 0.0 1.0 0.0 0.0 3.0 0.0
106.02477375650265 0.0 0.0 0.0 1.0 0.0 0.0 3.0 0.0
107.01694749525544 0.0 0.0 0.0 1.0 0.0 0.0 3.0 0.0
108.0068853394352 0.0 0.0 0.0 1.0 0.0 0.0 3.0 0.0
109.03218665745966 0.0 0.0 0.0 1.0 0.0 0.0 3.0 0.0
110.10599583439537 0.0 0.0 0.0 1.0 0.0 0.0 3.0 0.0
111.01560531093047 0.0 0.0 0.0 1.0 0.0 0.0 3.0 0.0
112.02821602702717 0.0 0.0 0.0 1.0 0.0 0.0 3.0 0.0
113.01202411325633 0.0 0.0 0.0 1.0 0.0 0.0 3.0 0.0
114.04626939181304 0.0 0.0 0.0 1.0 0.0 0.0 3.0 0.0
115.01500956417603 0.0 0.0 0.0 1.0 0.0 0.0 3.0 0.0
116.00718900648718 0.0 0.0 0.0 1.0 0.0 0.0 3.0 0.0
117.03620954813347 0.0 0.0 0.0 1.0 0.0 0.0 3.0 0.0
118.01450800082439 0.0 0.0 0.0 1.0 0.0 0.0 3.0 0.0
119.01938944436539 0.0 0.0 0.0 1.0 0.0 0.0 3.0 0.0
120.0224311925396 0.0 0.0 0.0 1.0 0.0 0.0 3.0 0.0
121.04152676991893 0.0 0.0 0.0 1.0 0.0 0.0 3.0 0.0
122.08214892708858 0.0 0.0 0.0 1.0 0.0 0.0 3.0 0.0
123.03967964192663 0.0 0.0 0.0 1.0 0.0 0.0 3.0 0.0
124.01774082064769 0.0 0.0 0.0 1.0 0.0 0.0 3.0 0.0
125.04142447011871 0.0 0.0 0.0 1.0 0.0 0.0 3.0 0.0
126.05989441511366 0.0 0.0 0.0 1.0 0.0 0.0 3.0 0.0
127.01487386710119 0.0 0.0 0.0 1.0 0.0 0.0 3.0 0.0
128.04458076628833 0.0 0.0 0.0 1.0 0.0 0.0 3.0 0.0
129.0201570703623 0.0 0.0 0.0 1.0 0.0 0.0 3.0 0.0
130.01448083783086 0.0 0.0 0.0 1.0 0.0 0.0 3.0 0.0
131.0073702587984 0.0 0.0 0.0 1.0 0.0 0.0 3.0 0.0
132.05124869600158 0.0 0.0 0.0 1.0 0.0 0.0 3.0 0.0
133.0062975389508 0.0 0.0 0.0 1.0 0.0 0.0 3.0 0.0
134.01717733826874 0.0 0.0 0.0 1.0 0.0 0.0 3.0 0.0
135.0242591877498 0.0 0.0 0.0 1.0 0.0 0.0 3.0 0.0
136.01461068271237 0.0 0.0 0.0 1.0 0.0 0.0 3.0 0.0
137.00852482894726 0.0 0.0 0.0 1.0 0.0 0.0 3.0 0.0
138.02977416838198 0.0 0.0 0.0 1.0 0.0 0.0 3.0 0.0
139.04540661076854 0.0 0.0 0.0 1.0 0.0 0.0 3.0 0.0
140.00231076932414 0.0 0.0 0.0 1.0 0.0 0.0 3.0 0.0
141.05122879180774 0.0 0.0 0.0 1.0 0.0 0.0 3.0 0.0
142.00362270701106 0.0 0.0 0.0 1.0 0.0 0.0 3.0 0.0
143.08601745766165 0.0 0.0 0.0 1.0 0.0 0.0 3.0 0.0
144.04288160348474 0.0 0.0 0.0 1.0 0.0 0.0 3.0 0.0
145.00530051548776 0.0 0.0 0.0 1.0 0.0 0.0 3.0 0.0
146.04915968663374 0.0 0.0 0.0 1.0 0.0 0.0 3.0 0.0
147.02240723950294 0.0 0.0 0.0 1.0 0.0 0.0 3.0 0.0
148.01261025385298 0.0 0.0 0.0 1.0 0.0 0.0 3.0 0.0
149.0619117649708 0.0 0.0 0.0 1.0 0.0 0.0 3.0 0.0
150.00424146282919 0.0 0.0 0.0 1.0 0.0 0.0 3.0 0.0
151.0632487387567 0.0 0.0 0.0 1.0 0.0 0.0 3.0 0.0
152.00369780648765 0.0 0.0 0.0 1.0 0.0 0.0 3.0 0.0
153.03621471044454 0.0 0.0 0.0 1.0 0.0 0.0 3.0 0.0
154.06561013082248 0.0 0.0 0.0 1.0 0.0 0.0 3.0 0.0
155.0135691203198 0.0 0.0 0.0 1.0 0.0 0.0 3.0 0.0
156.01660667384925 0.0 0.0 0.0 1.0 0.0 0.0 3.0 0.0
157.0056207398651 0.0 0.0 0.0 1.0 0.0 0.0 3.0 0.0
158.00007333850542 0.0 0.0 0.0 1.0 0.0 0.0 3.0 0.0
159.01908841332593 0.0 0.0 0.0 1.0 0.0 0.0 3.0 0.0
160.0415279307897 0.0 0.0 0.0 1.0 0.0 0.0 3.0 0.0
161.00111339169337 0.0 0.0 0.0 1.0 0.0 0.0 3.0 0.0
162.06495478335685 0.0 0.0 0.0 1.0 0.0 0.0 3.0 0.0
163.10599583439537 0.0 0.0 0.0 1.0 0.0 0.0 3.0 0.0
164.01742676175633 0.0 0.0 0.0 1.0 0.0 0.0 3.0 0.0
165.01191812729382 0.0 0.0 0.0 1.0 0.0 0.0 3.0 0.0
166.00537719299135 0.0 0.0 0.0 1.0 0.0 0.0 3.0 0.0
167.00760233167404 0.0 0.0 0.0 1.0 0.0 0.0 3.0 0.0
168.046154364747 0.0 0.0 0.0 1.0 0.0 0.0 3.0 0.0
169.02247927138552 0.0 0.0 0.0 1.0 0.0 0.0 3.0 0.0
170.067422678537 0.0 0.0 0.0 1.0 0.0 0.0 3.0 0.0
171.02049048994309 0.0 0.0 0.0 1.0 0.0 0.0 3.0 0.0
172.00126368195004 0.0 0.0 0.0 1.0 0.0 0.0 3.0 0.0
173.02094278196316 0.0 0.0 0.0 1.0 0.0 0.0 3.0 0.0
174.06217203880792 0.0 0.0 0.0 1.0 0.0 0.0 3.0 0.0
175.01110853127534 0.0 0.0 0.0 1.0 0.0 0.0 3.0 0.0
176.0657681388839 0.0 0.0 0.0 1.0 0.0 0.0 3.0 0.0
177.04572124271365 0.0 0.0 0.0 1.0 0.0 0.0 3.0 0.0
178.0345418148355 0.0 0.0 0.0 1.0 0.0 0.0 3.0 0.0
179.00875554676284 0.0 0.0 0.0 1.0 0.0 0.0 3.0 0.0
180.01766091273396 0.0 0.0 0.0 1.0 0.0 0.0 3.0 0.0
181.01591090656265 0.0 0.0 0.0 1.0 0.0 0.0 3.0 0.0
182.0029070927747 0.0 0.0 0.0 1.0 0.0 0.0 3.0 0.0
183.02357448696606 0.0 0.0 0.0 1.0 0.0 0.0 3.0 0.0
184.01137992279672 0.0 0.0 0.0 1.0 0.0 0.0 3.0 0.0
185.03202829816644 0.0 0.0 0.0 1.0 0.0 0.0 3.0 0.0
186.044696085866 0.0 0.0 0.0 1.0 0.0 0.0 3.0 0.0
187.0112386534631 0.0 0.0 0.0 1.0 0.0 0.0 3.0 0.0
188.0490141459004 0.0 0.0 0.0 1.0 0.0 0.0 3.0 0.0
189.03337570047526 0.0 0.0 0.0 1.0 0.0 0.0 3.0 0.0
190.02097153888113 0.0 0.0 0.0 1.0 0.0 0.0 3.0 0.0
191.01620974794088 0.0 0.0 0.0 1.0 0.0 0.0 3.0 0.0
192.00170905836248 0.0 0.0 0.0 1.0 0.0 0.0 3.0 0.0
193.00142424762785 0.0 0.0 0.0 1.0 0.0 0.0 3.0 0.0
194.00182842160973 0.0 0.0 0.0 1.0 0.0 0.0 3.0 0.0
195.00212242045734 0.0 0.0 0.0 1.0 0.0 0.0 3.0 0.0
196.00445862838518 0.0 0.0 0.0 1.0 0.0 0.0 3.0 0.0
197.07048729104432 0.0 0.0 0.0 1.0 0.0 0.0 3.0 0.0
198.01941739938542 0.0 0.0 0.0 1.0 0.0 0.0 3.0 0.0
199.002776211411 0.0 0.0 0.0 1.0 0.0 0.0 3.0 0.0
200.03078025673778 0.0 0.0 0.0 1.0 0.0 0.0 3.0 0.0
201.0078129840463 0.0 0.0 0.0 1.0 0.0 0.0 3.0 0.0
202.00315143884765 0.0 0.0 0.0 1.0 0.0 0.0 3.0 0.0
203.02803678310087 0.0 0.0 0.0 1.0 0.0 0.0 3.0 0.0
204.07804562341906 0.0 0.0 0.0 1.0 0.0 0.0 3.0 0.0
205.0367106544934 0.0 0.0 0.0 1.0 0.0 0.0 3.0 0.0
206.0028694075342 0.0 0.0 0.0 1.0 0.0 0.0 3.0 0.0
207.0068197529658 0.0 0.0 0.0 1.0 0.0 0.0 3.0 0.0
208.0077329252581 0.0 0.0 0.0 1.0 0.0 0.0 3.0 0.0
209.06226024146125 0.0 0.0 0.0 1.0 0.0 0.0 3.0 0.0
210.0437330584282 0.0 0.0 0.0 1.0 0.0 0.0 3.0 0.0
211.00274698453788 0.0 0.0 0.0 1.0 0.0 0.0 3.0 0.0
212.01803045997258 0.0 0.0 0.0 1.0 0.0 0.0 3.0 0.0
213.00046617934285 0.0 0.0 0.0 1.0 0.0 0.0 3.0 0.0
214.04952486125708 0.0 0.0 0.0 1.0 0.0 0.0 3.0 0.0
215.0166314242265 0.0 0.0 0.0 1.0 0.0 0.0 3.0 0.0
216.04485078201972 0.0 0.0 0.0 1.0 0.0 0.0 3.0 0.0
217.0043417913612 0.0 0.0 0.0 1.0 0.0 0.0 3.0 0.0
218.01618789524704 0.0 0.0 0.0 1.0 0.0 0.0 3.0 0.0
219.04704994205932 0.0 0.0 0.0 1.0 0.0 0.0 3.0 0.0
220.03369093379905 0.0 0.0 0.0 1.0 0.0 0.0 3.0 0.0
221.00276738088567 0.0 0.0 0.0 1.0 0.0 0.0 3.0 0.0
222.01475932111742 0.0 0.0 0.0 1.0 0.0 0.0 3.0 0.0
223.0434885596817 0.0 0.0 0.0 1.0 0.0 0.0 3.0 0.0
224.01525155376467 0.0 0.0 0.0 1.0 0.0 0.0 3.0 0.0
225.0181837598968 0.0 0.0 0.0 1.0 0.0 0.0 3.0 0.0
226.01512109621868 0.0 0.0 0.0 1.0 0.0 0.0 3.0 0.0
227.072119319402 0.0 0.0 0.0 1.0 0.0 0.0 3.0 0.0
228.06931710898206 0.0 0.0 0.0 1.0 0.0 0.0 3.0 0.0
229.00244398785748 0.0 0.0 0.0 1.0 0.0 0.0 3.0 0.0
230.07037229316404 0.0 0.0 0.0 1.0 0.0 0.0 3.0 0.0
231.01969160787056 0.0 0.0 0.0 1.0 0.0 0.0 3.0 0.0
232.04544758980694 0.0 0.0 0.0 1.0 0.0 0.0 3.0 0.0
233.01303331007574 0.0 0.0 0.0 1.0 0.0 0.0 3.0 0.0
234.00047954846548 0.0 0.0 0.0 1.0 0.0 0.0 3.0 0.0
235.01790439945924 0.0 0.0 0.0 1.0 0.0 0.0 3.0 0.0
236.02567699503172 0.0 0.0 0.0 1.0 0.0 0.0 3.0 0.0
237.00600197999233 0.0 0.0 0.0 1.0 0.0 0.0 3.0 0.0
238.0440449410655 0.0 0.0 0.0 1.0 0.0 0.0 3.0 0.0
239.03279640880893 0.0 0.0 0.0 1.0 0.0 0.0 3.0 0.0
240.08262389833237 0.0 0.0 0.0 1.0 0.0 0.0 3.0 0.0
241.10599583439537 0.0 0.0 0.0 1.0 0.0 0.0 3.0 0.0
242.00783545321784 0.0 0.0 0.0 1.0 0.0 0.0 3.0 0.0
243.02046378552768 0.0 0.0 0.0 1.0 0.0 0.0 3.0 0.0
244.0003822930737 0.0 0.0 0.0 1.0 0.0 0.0 3.0 0.0
245.03333299263932 0.0 0.0 0.0 1.0 0.0 0.0 3.0 0.0
246.02607666585791 0.0 0.0 0.0 1.0 0.0 0.0 3.0 0.0
247.03226621061938 0.0 0.0 0.0 1.0 0.0 0.0 3.0 0.0
248.00983707054246 0.0 0.0 0.0 1.0 0.0 0.0 3.0 0.0
249.05185099966758 0.0 0.0 0.0 1.0 0.0 0.0 3.0 0.0
250.01228500845582 0.0 0.0 0.0 1.0 0.0 0.0 3.0 0.0
251.09106721485824 0.0 0.0 0.0 1.0 0.0 0.0 3.0 0.0
252.03362511281918 0.0 0.0 0.0 1.0 0.0 0.0 3.0 0.0
253.01883624239304 0.0 0.0 0.0 1.0 0.0 0.0 3.0 0.0
254.04296208960045 0.0 0.0 0.0 1.0 0.0 0.0 3.0 0.0
255.09749561730814 0.0 0.0 0.0 1.0 0.0 0.0 3.0 0.0
256.01916648834157 0.0 0.0 0.0 1.0 0.0 0.0 3.0 0.0
257.00256467186335 0.0 0.0 0.0 1.0 0.0 0.0 3.0 0.0
258.0208323042084 0.0 0.0 0.0 1.0 0.0 0.0 3.0 0.0
259.00934114423245 0.0 0.0 0.0 1.0 0.0 0.0 3.0 0.0
260.0288719628611 0.0 0.0 0.0 1.0 0.0 0.0 3.0 0.0
261.00707170555637 0.0 0.0 0.0 1.0 0.0 0.0 3.0 0.0
262.09533803165897 0.0 0.0 0.0 1.0 0.0 0.0 3.0 0.0
263.0361760169174 0.0 0.0 0.0 1.0 0.0 0.0 3.0 0.0
264.0045237007012 0.0 0.0 0.0 1.0 0.0 0.0 3.0 0.0
265.050575647363 0.0 0.0 0.0 1.0 0.0 0.0 3.0 0.0
266.0428064991962 0.0 0.0 0.0 1.0 0.0 0.0 3.0 0.0
267.00415374990774 0.0 0.0 0.0 1.0 0.0 0.0 3.0 0.0
268.10463683585266 0.0 0.0 0.0 1.0 0.0 0.0 3.0 0.0
269.03269824144854 0.0 0.0 0.0 1.0 0.0 0.0 3.0 0.0
270.0209011625704 0.0 0.0 0.0 1.0 0.0 0.0 3.0 0.0
271.0437180545251 0.0 0.0 0.0 1.0 0.0 0.0 3.0 0.0
272.0156449648642 0.0 0.0 0.0 1.0 0.0 0.0 3.0 0.0
273.08426179999515 0.0 0.0 0.0 1.0 0.0 0.0 3.0 0.0
274.01131608203497 0.0 0.0 0.0 1.0 0.0 0.0 3.0 0.0
275.0877773354879 0.0 0.0 0.0 1.0 0.0 0.0 3.0 0.0
276.00031776537895 0.0 0.0 0.0 1.0 0.0 0.0 3.0 0.0
277.0250326430904 0.0 0.0 0.0 1.0 0.0 0.0 3.0 0.0
278.0395570772005 0.0 0.0 0.0 1.0 0.0 0.0 3.0 0.0
279.01361184926964 0.0 0.0 0.0 1.0 0.0 0.0 3.0 0.0
280.01069025207215 0.0 0.0 0.0 1.0 0.0 0.0 3.0 0.0
281.00373333865554 0.0 0.0 0.0 1.0 0.0 0.0 3.0 0.0
282.01504970266114 0.0 0.0 0.0 1.0 0.0 0.0 3.0 0.0
283.10599583439534 0.0 0.0 0.0 1.0 0.0 0.0 3.0 0.0
284.062043154907 0.0 0.0 0.0 1.0 0.0 0.0 3.0 0.0
285.02143053428546 0.0 0.0 0.0 1.0 0.0 0.0 3.0 0.0
286.0073490041566 0.0 0.0 0.0 1.0 0.0 0.0 3.0 0.0
287.02619008919817 0.0 0.0 0.0 1.0 0.0 0.0 3.0 0.0
288.0194068241559 0.0 0.0 0.0 1.0 0.0 0.0 3.0 0.0
289.10599583439534 0.0 0.0 0.0 1.0 0.0 0.0 3.0 0.0
290.0528797627125 0.0 0.0 0.0 1.0 0.0 0.0 3.0 0.0
291.00144997577627 0.0 0.0 0.0 1.0 0.0 0.0 3.0 0.0
292.0172018179722 0.0 0.0 0.0 1.0 0.0 0.0 3.0 0.0
293.07107728030246 0.0 0.0 0.0 1.0 0.0 0.0 3.0 0.0
294.07639806919235 0.0 0.0 0.0 1.0 0.0 0.0 3.0 0.0
295.08364758783193 0.0 0.0 0.0 1.0 0.0 0.0 3.0 0.0
296.0220486057696 0.0 0.0 0.0 1.0 0.0 0.0 3.0 0.0
297.07167200810005 0.0 0.0 0.0 1.0 0.0 0.0 3.0 0.0
298.0123274837252 0.0 0.0 0.0 1.0 0.0 0.0 3.0 0.0
299.0135835120328 0.0 0.0 0.0 1.0 0.0 0.0 3.0 0.0
300.03265675059936 0.0 0.0 0.0 1.0 0.0 0.0 3.0 0.0
301.04644053065147 0.0 0.0 0.0 1.0 0.0 0.0 3.0 0.0
302.0473147460876 0.0 0.0 0.0 1.0 0.0 0.0 3.0 0.0
303.0079356292347 0.0 0.0 0.0 1.0 0.0 0.0 3.0 0.0
304.01745780994315 0.0 0.0 0.0 1.0 0.0 0.0 3.0 0.0
305.00218178972597 0.0 0.0 0.0 1.0 0.0 0.0 3.0 0.0
306.0466689227727 0.0 0.0 0.0 1.0 0.0 0.0 3.0 0.0
307.00667366901547 0.0 0.0 0.0 1.0 0.0 0.0 3.0 0.0
308.02699408282655 0.0 0.0 0.0 1.0 0.0 0.0 3.0 0.0
309.0822796850172 0.0 0.0 0.0 1.0 0.0 0.0 3.0 0.0
310.0249579441716 0.0 0.0 0.0 1.0 0.0 0.0 3.0 0.0
311.0297553076803 0.0 0.0 0.0 1.0 0.0 0.0 3.0 0.0
312.00470338042487 0.0 0.0 0.0 1.0 0.0 0.0 3.0 0.0
313.07414920921127 0.0 0.0 0.0 1.0 0.0 0.0 3.0 0.0
314.059880834142 0.0 0.0 0.0 1.0 0.0 0.0 3.0 0.0
315.0411706999395 0.0 0.0 0.0 1.0 0.0 0.0 3.0 0.0
316.0346175704514 0.0 0.0 0.0 1.0 0.0 0.0 3.0 0.0
317.009276961244 0.0 0.0 0.0 1.0 0.0 0.0 3.0 0.0
318.0238149012298 0.0 0.0 0.0 1.0 0.0 0.0 3.0 0.0
319.0138644560386 0.0 0.0 0.0 1.0 0.0 0.0 3.0 0.0
320.01762417955905 0.0 0.0 0.0 1.0 0.0 0.0 3.0 0.0
321.0151274238969 0.0 0.0 0.0 1.0 0.0 0.0 3.0 0.0
322.0543815512048 0.0 0.0 0.0 1.0 0.0 0.0 3.0 0.0
323.000755111263 0.0 0.0 0.0 1.0 0.0 0.0 3.0 0.0
324.05327630288156 0.0 0.0 0.0 1.0 0.0 0.0 3.0 0.0
325.0157388862622 0.0 0.0 0.0 1.0 0.0 0.0 3.0 0.0
326.0033448851772 0.0 0.0 0.0 1.0 0.0 0.0 3.0 0.0
327.0042601595443 0.0 0.0 0.0 1.0 0.0 0.0 3.0 0.0
328.03054215388937 0.0 0.0 0.0 1.0 0.0 0.0 3.0 0.0
329.0209133434555 0.0 0.0 0.0 1.0 0.0 0.0 3.0 0.0
330.0334398607963 0.0 0.0 0.0 1.0 0.0 0.0 3.0 0.0
331.0397442498387 0.0 0.0 0.0 1.0 0.0 0.0 3.0 0.0
332.08231580669207 0.0 0.0 0.0 1.0 0.0 0.0 3.0 0.0
333.0000089069748 0.0 0.0 0.0 1.0 0.0 0.0 3.0 0.0
334.0072067263031 0.0 0.0 0.0 1.0 0.0 0.0 3.0 0.0
335.0498213987073 0.0 0.0 0.0 1.0 0.0 0.0 3.0 0.0
336.00017630024917 0.0 0.0 0.0 1.0 0.0 0.0 3.0 0.0
337.02742338068634 0.0 0.0 0.0 1.0 0.0 0.0 3.0 0.0
338.0204154292141 0.0 0.0 0.0 1.0 0.0 0.0 3.0 0.0
339.0407139870271 0.0 0.0 0.0 1.0 0.0 0.0 3.0 0.0
340.03427197048273 0.0 0.0 0.0 1.0 0.0 0.0 3.0 0.0
341.0142690543537 0.0 0.0 0.0 1.0 0.0 0.0 3.0 0.0
342.0825326619188 0.0 0.0 0.0 1.0 0.0 0.0 3.0 0.0
343.0075287266151 0.0 0.0 0.0 1.0 0.0 0.0 3.0 0.0
344.007799887128 0.0 0.0 0.0 1.0 0.0 0.0 3.0 0.0
345.0368387404965 0.0 0.0 0.0 1.0 0.0 0.0 3.0 0.0
346.0570177058648 0.0 0.0 0.0 1.0 0.0 0.0 3.0 0.0
347.0429907801766 0.0 0.0 0.0 1.0 0.0 0.0 3.0 0.0
348.10599583439534 0.0 0.0 0.0 1.0 0.0 0.0 3.0 0.0
349.0020066859345 0.0 0.0 0.0 1.0 0.0 0.0 3.0 0.0
350.0022740290427 0.0 0.0 0.0 1.0 0.0 0.0 3.0 0.0
351.0710374331836 0.0 0.0 0.0 1.0 0.0 0.0 3.0 0.0
352.02226130339517 0.0 0.0 0.0 1.0 0.0 0.0 3.0 0.0
353.0114814790246 0.0 0.0 0.0 1.0 0.0 0.0 3.0 0.0
354.0423208884551 0.0 0.0 0.0 1.0 0.0 0.0 3.0 0.0
355.0141246086297 0.0 0.0 0.0 1.0 0.0 0.0 3.0 0.0
356.07558598909606 0.0 0.0 0.0 1.0 0.0 0.0 3.0 0.0
357.01811526905584 0.0 0.0 0.0 1.0 0.0 0.0 3.0 0.0
358.0259000948609 0.0 0.0 0.0 1.0 0.0 0.0 3.0 0.0
359.02031699182186 0.0 0.0 0.0 1.0 0.0 0.0 3.0 0.0
360.014009110466 0.0 0.0 0.0 1.0 0.0 0.0 3.0 0.0
361.0009992119162 0.0 0.0 0.0 1.0 0.0 0.0 3.0 0.0
362.0209599917497 0.0 0.0 0.0 1.0 0.0 0.0 3.0 0.0
363.02447118856645 0.0 0.0 0.0 1.0 0.0 0.0 3.0 0.0
364.002952279638 0.0 0.0 0.0 1.0 0.0 0.0 3.0 0.0
365.02370328286105 0.0 0.0 0.0 1.0 0.0 0.0 3.0 0.0
366.01868354496486 0.0 0.0 0.0 1.0 0.0 0.0 3.0 0.0
367.0483947914885 0.0 0.0 0.0 1.0 0.0 0.0 3.0 0.0
368.01286351800286 0.0 0.0 0.0 1.0 0.0 0.0 3.0 0.0
369.0289840421146 0.0 0.0 0.0 1.0 0.0 0.0 3.0 0.0
370.0578444693019 0.0 0.0 0.0 1.0 0.0 0.0 3.0 0.0
371.01577119673254 0.0 0.0 0.0 1.0 0.0 0.0 3.0 0.0
372.01270923516904 0.0 0.0 0.0 1.0 0.0 0.0 3.0 0.0
373.0423249840728 0.0 0.0 0.0 1.0 0.0 0.0 3.0 0.0
374.05548476121436 0.0 0.0 0.0 1.0 0.0 0.0 3.0 0.0
375.024196494345 0.0 0.0 0.0 1.0 0.0 0.0 3.0 0.0
376.01453958364874 0.0 0.0 0.0 1.0 0.0 0.0 3.0 0.0
377.05266959920806 0.0 0.0 0.0 1.0 0.0 0.0 3.0 0.0
378.01626955961797 0.0 0.0 0.0 1.0 0.0 0.0 3.0 0.0
379.00782556049387 0.0 0.0 0.0 1.0 0.0 0.0 3.0 0.0
380.016626494617 0.0 0.0 0.0 1.0 0.0 0.0 3.0 0.0
381.0020340686032 0.0 0.0 0.0 1.0 0.0 0.0 3.0 0.0
382.0023379029926 0.0 0.0 0.0 1.0 0.0 0.0 3.0 0.0
383.0955719764471 0.0 0.0 0.0 1.0 0.0 0.0 3.0 0.0
384.02982349839743 0.0 0.0 0.0 1.0 0.0 0.0 3.0 0.0
385.013168085106 0.0 0.0 0.0 1.0 0.0 0.0 3.0 0.0
386.06106533531033 0.0 0.0 0.0 1.0 0.0 0.0 3.0 0.0
387.0129380187649 0.0 0.0 0.0 1.0 0.0 0.0 3.0 0.0
388.0252198080921 0.0 0.0 0.0 1.0 0.0 0.0 3.0 0.0
389.01359311414717 0.0 0.0 0.0 1.0 0.0 0.0 3.0 0.0
390.0050710667057 0.0 0.0 0.0 1.0 0.0 0.0 3.0 0.0
391.0015070785272 0.0 0.0 0.0 1.0 0.0 0.0 3.0 0.0
392.0616101870883 0.0 0.0 0.0 1.0 0.0 0.0 3.0 0.0
393.0184192284576 0.0 0.0 0.0 1.0 0.0 0.0 3.0 0.0
394.01620536608044 0.0 0.0 0.0 1.0 0.0 0.0 3.0 0.0
395.0232249973355 0.0 0.0 0.0 1.0 0.0 0.0 3.0 0.0
396.0430182771843 0.0 0.0 0.0 1.0 0.0 0.0 3.0 0.0
397.004711652197 0.0 0.0 0.0 1.0 0.0 0.0 3.0 0.0
398.00995178615614 0.0 0.0 0.0 1.0 0.0 0.0 3.0 0.0
399.0819824825644 0.0 0.0 0.0 1.0 0.0 0.0 3.0 0.0
400.10599583439534 0.0 0.0 0.0 1.0 0.0 0.0 3.0 0.0
401.00062105674607 0.0 0.0 0.0 1.0 0.0 0.0 3.0 0.0
402.0115888996044 0.0 0.0 0.0 1.0 0.0 0.0 3.0 0.0
403.0061438621533 0.0 0.0 0.0 1.0 0.0 0.0 3.0 0.0
404.01332798007 0.0 0.0 0.0 1.0 0.0 0.0 3.0 0.0
405.00217182639483 0.0 0.0 0.0 1.0 0.0 0.0 3.0 0.0
406.0890380766602 0.0 0.0 0.0 1.0 0.0 0.0 3.0 0.0
407.0020772895272 0.0 0.0 0.0 1.0 0.0 0.0 3.0 0.0
408.0036972628667 0.0 0.0 0.0 1.0 0.0 0.0 3.0 0.0
409.03126710182437 0.0 0.0 0.0 1.0 0.0 0.0 3.0 0.0
410.0284203653935 0.0 0.0 0.0 1.0 0.0 0.0 3.0 0.0
411.0025350217434 0.0 0.0 0.0 1.0 0.0 0.0 3.0 0.0
412.0245207722222 0.0 0.0 0.0 1.0 0.0 0.0 3.0 0.0
413.06364846187296 0.0 0.0 0.0 1.0 0.0 0.0 3.0 0.0
414.0478616342502 0.0 0.0 0.0 1.0 0.0 0.0 3.0 0.0
415.0040828447508 0.0 0.0 0.0 1.0 0.0 0.0 3.0 0.0
416.0182334264379 0.0 0.0 0.0 1.0 0.0 0.0 3.0 0.0
417.0003914187552 0.0 0.0 0.0 1.0 0.0 0.0 3.0 0.0
418.0127992670583 0.0 0.0 0.0 1.0 0.0 0.0 3.0 0.0
419.0209949551213 0.0 0.0 0.0 1.0 0.0 0.0 3.0 0.0
420.07253899436864 0.0 0.0 0.0 1.0 0.0 0.0 3.0 0.0
421.0342191222476 0.0 0.0 0.0 1.0 0.0 0.0 3.0 0.0
422.0129433102977 0.0 0.0 0.0 1.0 0.0 0.0 3.0 0.0
423.0547613221072 0.0 0.0 0.0 1.0 0.0 0.0 3.0 0.0
424.0244485671852 0.0 0.0 0.0 1.0 0.0 0.0 3.0 0.0
425.07784604227896 0.0 0.0 0.0 1.0 0.0 0.0 3.0 0.0
426.0209122344115 0.0 0.0 0.0 1.0 0.0 0.0 3.0 0.0
427.03833923124256 0.0 0.0 0.0 1.0 0.0 0.0 3.0 0.0
428.0270017369925 0.0 0.0 0.0 1.0 0.0 0.0 3.0 0.0
429.007279739149 0.0 0.0 0.0 1.0 0.0 0.0 3.0 0.0
430.01902752641985 0.0 0.0 0.0 1.0 0.0 0.0 3.0 0.0
431.0323511699279 0.0 0.0 0.0 1.0 0.0 0.0 3.0 0.0
432.0143414319067 0.0 0.0 0.0 1.0 0.0 0.0 3.0 0.0
433.015083163084 0.0 0.0 0.0 1.0 0.0 0.0 3.0 0.0
434.010495042576 0.0 0.0 0.0 1.0 0.0 0.0 3.0 0.0
435.00307149774227 0.0 0.0 0.0 1.0 0.0 0.0 3.0 0.0
436.0053519873196 0.0 0.0 0.0 1.0 0.0 0.0 3.0 0.0
437.0753522500102 0.0 0.0 0.0 1.0 0.0 0.0 3.0 0.0
438.0292201670327 0.0 0.0 0.0 1.0 0.0 0.0 3.0 0.0
439.0303796739039 0.0 0.0 0.0 1.0 0.0 0.0 3.0 0.0
440.0096739024884 0.0 0.0 0.0 1.0 0.0 0.0 3.0 0.0
441.052876672018 0.0 0.0 0.0 1.0 0.0 0.0 3.0 0.0
442.0033314051515 0.0 0.0 0.0 1.0 0.0 0.0 3.0 0.0
443.02327859981125 0.0 0.0 0.0 1.0 0.0 0.0 3.0 0.0
444.056646453526 0.0 0.0 0.0 1.0 0.0 0.0 3.0 0.0
445.0115052523366 0.0 0.0 0.0 1.0 0.0 0.0 3.0 0.0
446.036495976409 0.0 0.0 0.0 1.0 0.0 0.0 3.0 0.0
447.00016717689766 0.0 0.0 0.0 1.0 0.0 0.0 3.0 0.0
448.0875145473692 0.0 0.0 0.0 1.0 0.0 0.0 3.0 0.0
449.03259482610457 0.0 0.0 0.0 1.0 0.0 0.0 3.0 0.0
450.0069011113738 0.0 0.0 0.0 1.0 0.0 0.0 3.0 0.0
451.0018086036398 0.0 0.0 0.0 1.0 0.0 0.0 3.0 0.0
452.0413800322288 0.0 0.0 0.0 1.0 0.0 0.0 3.0 0.0
453.03134191120716 0.0 0.0 0.0 1.0 0.0 0.0 3.0 0.0
454.007908939704 0.0 0.0 0.0 1.0 0.0 0.0 3.0 0.0
455.0034189541689 0.0 0.0 0.0 1.0 0.0 0.0 3.0 0.0
456.00191124175115 0.0 0.0 0.0 1.0 0.0 0.0 3.0 0.0
457.09148558858453 0.0 0.0 0.0 1.0 0.0 0.0 3.0 0.0
458.0050200716319 0.0 0.0 0.0 1.0 0.0 0.0 3.0 0.0
459.00385291339654 0.0 0.0 0.0 1.0 0.0 0.0 3.0 0.0
460.0565432334229 0.0 0.0 0.0 1.0 0.0 0.0 3.0 0.0
461.0317713397594 0.0 0.0 0.0 1.0 0.0 0.0 3.0 0.0
462.00450655532154 0.0 0.0 0.0 1.0 0.0 0.0 3.0 0.0
463.0019903752781 0.0 0.0 0.0 1.0 0.0 0.0 3.0 0.0
464.00810131149007 0.0 0.0 0.0 1.0 0.0 0.0 3.0 0.0
465.01222865604194 0.0 0.0 0.0 1.0 0.0 0.0 3.0 0.0
466.00965630860964 0.0 0.0 0.0 1.0 0.0 0.0 3.0 0.0
467.0031003699398 0.0 0.0 0.0 1.0 0.0 0.0 3.0 0.0
468.0160972343947 0.0 0.0 0.0 1.0 0.0 0.0 3.0 0.0
469.0027705222268 0.0 0.0 0.0 1.0 0.0 0.0 3.0 0.0
470.0204095682153 0.0 0.0 0.0 1.0 0.0 0.0 3.0 0.0
471.0031815474572 0.0 0.0 0.0 1.0 0.0 0.0 3.0 0.0
472.0121216250516 0.0 0.0 0.0 1.0 0.0 0.0 3.0 0.0
473.0045419573497 0.0 0.0 0.0 1.0 0.0 0.0 3.0 0.0
474.0250978995763 0.0 0.0 0.0 1.0 0.0 0.0 3.0 0.0
475.00724943821444 0.0 0.0 0.0 1.0 0.0 0.0 3.0 0.0
476.06961004541574 0.0 0.0 0.0 1.0 0.0 0.0 3.0 0.0
477.0153149379716 0.0 0.0 0.0 1.0 0.0 0.0 3.0 0.0
478.00989110210315 0.0 0.0 0.0 1.0 0.0 0.0 3.0 0.0
479.0061621294993 0.0 0.0 0.0 1.0 0.0 0.0 3.0 0.0
480.00042410611076 0.0 0.0 0.0 1.0 0.0 0.0 3.0 0.0
481.0826904836052 0.0 0.0 0.0 1.0 0.0 0.0 3.0 0.0
482.0346939542056 0.0 0.0 0.0 1.0 0.0 0.0 3.0 0.0
483.00185707919485 0.0 0.0 0.0 1.0 0.0 0.0 3.0 0.0
484.00121464718154 0.0 0.0 0.0 1.0 0.0 0.0 3.0 0.0
485.0062622327111 0.0 0.0 0.0 1.0 0.0 0.0 3.0 0.0
486.0005225320099 0.0 0.0 0.0 1.0 0.0 0.0 3.0 0.0
487.0177958746671 0.0 0.0 0.0 1.0 0.0 0.0 3.0 0.0
488.05386475798815 0.0 0.0 0.0 1.0 0.0 0.0 3.0 0.0
489.00102966275375 0.0 0.0 0.0 1.0 0.0 0.0 3.0 0.0
490.0062790082021 0.0 0.0 0.0 1.0 0.0 0.0 3.0 0.0
491.0018236015527 0.0 0.0 0.0 1.0 0.0 0.0 3.0 0.0
492.00931049057925 0.0 0.0 0.0 1.0 0.0 0.0 3.0 0.0
493.0109295767735 0.0 0.0 0.0 1.0 0.0 0.0 3.0 0.0
494.02136625803604 0.0 0.0 0.0 1.0 0.0 0.0 3.0 0.0
495.0032921088353 0.0 0.0 0.0 1.0 0.0 0.0 3.0 0.0
496.0327623175415 0.0 0.0 0.0 1.0 0.0 0.0 3.0 0.0
497.03429862562126 0.0 0.0 0.0 1.0 0.0 0.0 3.0 0.0
498.0014647039016 0.0 0.0 0.0 1.0 0.0 0.0 3.0 0.0
499.01639709591274 0.0 0.0 0.0 1.0 0.0 0.0 3.0 0.0
500.0211541591296 0.0 0.0 0.0 1.0 0.0 0.0 3.0 0.0
501.0334713034519 0.0 0.0 0.0 1.0 0.0 0.0 3.0 0.0
502.0051212165527 0.0 0.0 0.0 1.0 0.0 0.0 3.0 0.0
503.0376573350411 0.0 0.0 0.0 1.0 0.0 0.0 3.0 0.0
504.0066032856262 0.0 0.0 0.0 1.0 0.0 0.0 3.0 0.0
505.00153149333664 0.0 0.0 0.0 1.0 0.0 0.0 3.0 0.0
506.01838941472636 0.0 0.0 0.0 1.0 0.0 0.0 3.0 0.0
507.00065692804657 0.0 0.0 0.0 1.0 0.0 0.0 3.0 0.0
508.00500731886183 0.0 0.0 0.0 1.0 0.0 0.0 3.0 0.0
509.0060815035775 0.0 0.0 0.0 1.0 0.0 0.0 3.0 0.0
510.0015000380303 0.0 0.0 0.0 1.0 0.0 0.0 3.0 0.0
511.007312804417 0.0 0.0 0.0 1.0 0.0 0.0 3.0 0.0
512.0077595485362 0.0 0.0 0.0 1.0 0.0 0.0 3.0 0.0
513.0163768599488 0.0 0.0 0.0 1.0 0.0 0.0 3.0 0.0
514.0195874226456 0.0 0.0 0.0 1.0 0.0 0.0 3.0 0.0
515.0019405879773 0.0 0.0 0.0 1.0 0.0 0.0 3.0 0.0
516.0069382377941 0.0 0.0 0.0 1.0 0.0 0.0 3.0 0.0
517.0908310007663 0.0 0.0 0.0 1.0 0.0 0.0 3.0 0.0
518.0083668608636 0.0 0.0 0.0 1.0 0.0 0.0 3.0 0.0
519.0051022678422 0.0 0.0 0.0 1.0 0.0 0.0 3.0 0.0
520.1059958343953 0.0 0.0 0.0 1.0 0.0 0.0 3.0 0.0
521.0451838044819 0.0 0.0 0.0 1.0 0.0 0.0 3.0 0.0
522.080717016803 0.0 0.0 0.0 1.0 0.0 0.0 3.0 0.0
523.0992637091102 0.0 0.0 0.0 1.0 0.0 0.0 3.0 0.0
524.0306284647289 0.0 0.0 0.0 1.0 0.0 0.0 3.0 0.0
525.0256250027116 0.0 0.0 0.0 1.0 0.0 0.0 3.0 0.0
526.0044999262943 0.0 0.0 0.0 1.0 0.0 0.0 3.0 0.0
527.0403319923665 0.0 0.0 0.0 1.0 0.0 0.0 3.0 0.0
528.0114568412324 0.0 0.0 0.0 1.0 0.0 0.0 3.0 0.0
529.1059958343953 0.0 0.0 0.0 1.0 0.0 0.0 3.0 0.0
530.0031923912484 0.0 0.0 0.0 1.0 0.0 0.0 3.0 0.0
531.0146070828712 0.0 0.0 0.0 1.0 0.0 0.0 3.0 0.0
532.0143416323536 0.0 0.0 0.0 1.0 0.0 0.0 3.0 0.0
533.0721538003385 0.0 0.0 0.0 1.0 0.0 0.0 3.0 0.0
534.0325297085888 0.0 0.0 0.0 1.0 0.0 0.0 3.0 0.0
535.001744699971 0.0 0.0 0.0 1.0 0.0 0.0 3.0 0.0
536.0841672700531 0.0 0.0 0.0 1.0 0.0 0.0 3.0 0.0
537.0051853932239 0.0 0.0 0.0 1.0 0.0 0.0 3.0 0.0
538.0131183761177 0.0 0.0 0.0 1.0 0.0 0.0 3.0 0.0
539.0037172640036 0.0 0.0 0.0 1.0 0.0 0.0 3.0 0.0
540.0677330621114 0.0 0.0 0.0 1.0 0.0 0.0 3.0 0.0
541.0739074900248 0.0 0.0 0.0 1.0 0.0 0.0 3.0 0.0
542.0076163724968 0.0 0.0 0.0 1.0 0.0 0.0 3.0 0.0
543.0026523099233 0.0 0.0 0.0 1.0 0.0 0.0 3.0 0.0
544.02566079368 0.0 0.0 0.0 1.0 0.0 0.0 3.0 0.0
545.0200266020072 0.0 0.0 0.0 1.0 0.0 0.0 3.0 0.0
546.0132613015983 0.0 0.0 0.0 1.0 0.0 0.0 3.0 0.0
547.0552231103318 0.0 0.0 0.0 1.0 0.0 0.0 3.0 0.0
548.0403623842801 0.0 0.0 0.0 1.0 0.0 0.0 3.0 0.0
549.005570995638 0.0 0.0 0.0 1.0 0.0 0.0 3.0 0.0
550.0100237517344 0.0 0.0 0.0 1.0 0.0 0.0 3.0 0.0
551.0793605478408 0.0 0.0 0.0 1.0 0.0 0.0 3.0 0.0
552.0278367287988 0.0 0.0 0.0 1.0 0.0 0.0 3.0 0.0
553.0137400232708 0.0 0.0 0.0 1.0 0.0 0.0 3.0 0.0
554.0319153559595 0.0 0.0 0.0 1.0 0.0 0.0 3.0 0.0
555.0076064637325 0.0 0.0 0.0 1.0 0.0 0.0 3.0 0.0
556.0022429068327 0.0 0.0 0.0 1.0 0.0 0.0 3.0 0.0
557.0251665069952 0.0 0.0 0.0 1.0 0.0 0.0 3.0 0.0
558.0024114249707 0.0 0.0 0.0 1.0 0.0 0.0 3.0 0.0
559.0290972963044 0.0 0.0 0.0 1.0 0.0 0.0 3.0 0.0
560.0081516697569 0.0 0.0 0.0 1.0 0.0 0.0 3.0 0.0
561.0074483228063 0.0 0.0 0.0 1.0 0.0 0.0 3.0 0.0
562.0251871747304 0.0 0.0 0.0 1.0 0.0 0.0 3.0 0.0
563.0161887084328 0.0 0.0 0.0 1.0 0.0 0.0 3.0 0.0
564.0304878552905 0.0 0.0 0.0 1.0 0.0 0.0 3.0 0.0
565.0032042583136 0.0 0.0 0.0 1.0 0.0 0.0 3.0 0.0
566.0744768379083 0.0 0.0 0.0 1.0 0.0 0.0 3.0 0.0
567.0799379232221 0.0 0.0 0.0 1.0 0.0 0.0 3.0 0.0
568.0072211109517 0.0 0.0 0.0 1.0 0.0 0.0 3.0 0.0
569.0786251257424 0.0 0.0 0.0 1.0 0.0 0.0 3.0 0.0
570.0113950405338 0.0 0.0 0.0 1.0 0.0 0.0 3.0 0.0
571.0129292090603 0.0 0.0 0.0 1.0 0.0 0.0 3.0 0.0
572.0268863792561 0.0 0.0 0.0 1.0 0.0 0.0 3.0 0.0
573.0833908607453 0.0 0.0 0.0 1.0 0.0 0.0 3.0 0.0
574.0107812536213 0.0 0.0 0.0 1.0 0.0 0.0 3.0 0.0
575.0098806609351 0.0 0.0 0.0 1.0 0.0 0.0 3.0 0.0
576.0025778733147 0.0 0.0 0.0 1.0 0.0 0.0 3.0 0.0
577.0187619457628 0.0 0.0 0.0 1.0 0.0 0.0 3.0 0.0
578.0523740750865 0.0 0.0 0.0 1.0 0.0 0.0 3.0 0.0
579.1023534437309 0.0 0.0 0.0 1.0 0.0 0.0 3.0 0.0
580.0117788525415 0.0 0.0 0.0 1.0 0.0 0.0 3.0 0.0
581.0581387926569 0.0 0.0 0.0 1.0 0.0 0.0 3.0 0.0
582.0218652080775 0.0 0.0 0.0 1.0 0.0 0.0 3.0 0.0
583.0997547334061 0.0 0.0 0.0 1.0 0.0 0.0 3.0 0.0
584.1059958343953 0.0 0.0 0.0 1.0 0.0 0.0 3.0 0.0
585.0770884461493 0.0 0.0 0.0 1.0 0.0 0.0 3.0 0.0
586.0049603468759 0.0 0.0 0.0 1.0 0.0 0.0 3.0 0.0
587.0124459698363 0.0 0.0 0.0 1.0 0.0 0.0 3.0 0.0
588.0778234518397 0.0 0.0 0.0 1.0 0.0 0.0 3.0 0.0
589.0071127843675 0.0 0.0 0.0 1.0 0.0 0.0 3.0 0.0
590.1059958343953 0.0 0.0 0.0 1.0 0.0 0.0 3.0 0.0
591.0274085349492 0.0 0.0 0.0 1.0 0.0 0.0 3.0 0.0
592.0626612392962 0.0 0.0 0.0 1.0 0.0 0.0 3.0 0.0
593.0129543210561 0.0 0.0 0.0 1.0 0.0 0.0 3.0 0.0
594.0246023700175 0.0 0.0 0.0 1.0 0.0 0.0 3.0 0.0
595.0079925920134 0.0 0.0 0.0 1.0 0.0 0.0 3.0 0.0
596.0705039250435 0.0 0.0 0.0 1.0 0.0 0.0 3.0 0.0
597.032394871401 0.0 0.0 0.0 1.0 0.0 0.0 3.0 0.0
598.0192387412574 0.0 0.0 0.0 1.0 0.0 0.0 3.0 0.0
599.0163186192821 0.0 0.0 0.0 1.0 0.0 0.0 3.0 0.0
600.0934191003626 0.0 0.0 0.0 1.0 0.0 0.0 3.0 0.0
601.0025769821704 0.0 0.0 0.0 1.0 0.0 0.0 3.0 0.0
602.0251394256056 0.0 0.0 0.0 1.0 0.0 0.0 3.0 0.0
603.0015977444529 0.0 0.0 0.0 1.0 0.0 0.0 3.0 0.0
604.0353237717771 0.0 0.0 0.0 1.0 0.0 0.0 3.0 0.0
605.003904070937 0.0 0.0 0.0 1.0 0.0 0.0 3.0 0.0
606.0613638467133 0.0 0.0 0.0 1.0 0.0 0.0 3.0 0.0
607.0012314768787 0.0 0.0 0.0 1.0 0.0 0.0 3.0 0.0
608.00295466233 0.0 0.0 0.0 1.0 0.0 0.0 3.0 0.0
609.0275226063247 0.0 0.0 0.0 1.0 0.0 0.0 3.0 0.0
610.0094643173057 0.0 0.0 0.0 1.0 0.0 0.0 3.0 0.0
611.0506169906369 0.0 0.0 0.0 1.0 0.0 0.0 3.0 0.0
612.0315918623329 0.0 0.0 0.0 1.0 0.0 0.0 3.0 0.0
613.0631652419572 0.0 0.0 0.0 1.0 0.0 0.0 3.0 0.0
614.1059958343953 0.0 0.0 0.0 1.0 0.0 0.0 3.0 0.0
615.077146546214 0.0 0.0 0.0 1.0 0.0 0.0 3.0 0.0
616.0330173994357 0.0 0.0 0.0 1.0 0.0 0.0 3.0 0.0
617.0453675338052 0.0 0.0 0.0 1.0 0.0 0.0 3.0 0.0
618.1059958343953 0.0 0.0 0.0 1.0 0.0 0.0 3.0 0.0
619.037046312254 0.0 0.0 0.0 1.0 0.0 0.0 3.0 0.0
620.03016726259 0.0 0.0 0.0 1.0 0.0 0.0 3.0 0.0
621.0417289768052 0.0 0.0 0.0 1.0 0.0 0.0 3.0 0.0
622.0415527000862 0.0 0.0 0.0 1.0 0.0 0.0 3.0 0.0
623.0117214764681 0.0 0.0 0.0 1.0 0.0 0.0 3.0 0.0
624.0241674295208 0.0 0.0 0.0 1.0 0.0 0.0 3.0 0.0
625.0123336187714 0.0 0.0 0.0 1.0 0.0 0.0 3.0 0.0
626.0890679606985 0.0 0.0 0.0 1.0 0.0 0.0 3.0 0.0
627.0155848599028 0.0 0.0 0.0 1.0 0.0 0.0 3.0 0.0
628.0077270921703 0.0 0.0 0.0 1.0 0.0 0.0 3.0 0.0
629.0150620551708 0.0 0.0 0.0 1.0 0.0 0.0 3.0 0.0
630.021331666289 0.0 0.0 0.0 1.0 0.0 0.0 3.0 0.0
631.0018566251746 0.0 0.0 0.0 1.0 0.0 0.0 3.0 0.0
632.0240547891561 0.0 0.0 0.0 1.0 0.0 0.0 3.0 0.0
633.0397089786603 0.0 0.0 0.0 1.0 0.0 0.0 3.0 0.0
634.0790067326075 0.0 0.0 0.0 1.0 0.0 0.0 3.0 0.0
635.0280366164462 0.0 0.0 0.0 1.0 0.0 0.0 3.0 0.0
636.0351428254953 0.0 0.0 0.0 1.0 0.0 0.0 3.0 0.0
637.1059958343953 0.0 0.0 0.0 1.0 0.0 0.0 3.0 0.0
638.06566607948 0.0 0.0 0.0 1.0 0.0 0.0 3.0 0.0
639.0187795961464 0.0 0.0 0.0 1.0 0.0 0.0 3.0 0.0
640.0245238687319 0.0 0.0 0.0 1.0 0.0 0.0 3.0 0.0
641.0409119783253 0.0 0.0 0.0 1.0 0.0 0.0 3.0 0.0
642.008204160855 0.0 0.0 0.0 1.0 0.0 0.0 3.0 0.0
643.02352471917 0.0 0.0 0.0 1.0 0.0 0.0 3.0 0.0
644.0243796838373 0.0 0.0 0.0 1.0 0.0 0.0 3.0 0.0
645.0349588524923 0.0 0.0 0.0 1.0 0.0 0.0 3.0 0.0
646.0067855653042 0.0 0.0 0.0 1.0 0.0 0.0 3.0 0.0
647.0176573471399 0.0 0.0 0.0 1.0 0.0 0.0 3.0 0.0
648.0073805740545 0.0 0.0 0.0 1.0 0.0 0.0 3.0 0.0
649.011849158106 0.0 0.0 0.0 1.0 0.0 0.0 3.0 0.0
650.014809291726 0.0 0.0 0.0 1.0 0.0 0.0 3.0 0.0
651.0160272778959 0.0 0.0 0.0 1.0 0.0 0.0 3.0 0.0
652.0176278039978 0.0 0.0 0.0 1.0 0.0 0.0 3.0 0.0
653.008827207807 0.0 0.0 0.0 1.0 0.0 0.0 3.0 0.0
654.0387445772577 0.0 0.0 0.0 1.0 0.0 0.0 3.0 0.0
655.0402293106754 0.0 0.0 0.0 1.0 0.0 0.0 3.0 0.0
656.0555996404237 0.0 0.0 0.0 1.0 0.0 0.0 3.0 0.0
657.0752452261507 0.0 0.0 0.0 1.0 0.0 0.0 3.0 0.0
658.0180134558371 0.0 0.0 0.0 1.0 0.0 0.0 3.0 0.0
659.0079171086096 0.0 0.0 0.0 1.0 0.0 0.0 3.0 0.0
660.0388883399482 0.0 0.0 0.0 1.0 0.0 0.0 3.0 0.0
661.0008484980276 0.0 0.0 0.0 1.0 0.0 0.0 3.0 0.0
662.0342187479106 0.0 0.0 0.0 1.0 0.0 0.0 3.0 0.0
663.0484328992301 0.0 0.0 0.0 1.0 0.0 0.0 3.0 0.0
664.043001106906 0.0 0.0 0.0 1.0 0.0 0.0 3.0 0.0
665.1059958343953 0.0 0.0 0.0 1.0 0.0 0.0 3.0 0.0
666.0050164988442 0.0 0.0 0.0 1.0 0.0 0.0 3.0 0.0
667.0095582012701 0.0 0.0 0.0 1.0 0.0 0.0 3.0 0.0
668.0027251366512 0.0 0.0 0.0 1.0 0.0 0.0 3.0 0.0
669.0005591709024 0.0 0.0 0.0 1.0 0.0 0.0 3.0 0.0
670.0121037712504 0.0 0.0 0.0 1.0 0.0 0.0 3.0 0.0
671.0796878296792 0.0 0.0 0.0 1.0 0.0 0.0 3.0 0.0
672.025588581422 0.0 0.0 0.0 1.0 0.0 0.0 3.0 0.0
673.0340416018751 0.0 0.0 0.0 1.0 0.0 0.0 3.0 0.0
674.0009045129821 0.0 0.0 0.0 1.0 0.0 0.0 3.0 0.0
675.0163799516866 0.0 0.0 0.0 1.0 0.0 0.0 3.0 0.0
676.0007687787348 0.0 0.0 0.0 1.0 0.0 0.0 3.0 0.0
677.0843758985999 0.0 0.0 0.0 1.0 0.0 0.0 3.0 0.0
678.0379066272071 0.0 0.0 0.0 1.0 0.0 0.0 3.0 0.0
679.0047253974979 0.0 0.0 0.0 1.0 0.0 0.0 3.0 0.0
680.0787520615432 0.0 0.0 0.0 1.0 0.0 0.0 3.0 0.0
681.012536174666 0.0 0.0 0.0 1.0 0.0 0.0 3.0 0.0
682.0795663038784 0.0 0.0 0.0 1.0 0.0 0.0 3.0 0.0
683.0207809913576 0.0 0.0 0.0 1.0 0.0 0.0 3.0 0.0
684.0264106687771 0.0 0.0 0.0 1.0 0.0 0.0 3.0 0.0
685.0375456970039 0.0 0.0 0.0 1.0 0.0 0.0 3.0 0.0
686.0696899165148 0.0 0.0 0.0 1.0 0.0 0.0 3.0 0.0
687.0162098954302 0.0 0.0 0.0 1.0 0.0 0.0 3.0 0.0
688.034417693429 0.0 0.0 0.0 1.0 0.0 0.0 3.0 0.0
689.0637492999732 0.0 0.0 0.0 1.0 0.0 0.0 3.0 0.0
690.0059533403329 0.0 0.0 0.0 1.0 0.0 0.0 3.0 0.0
691.0099345516738 0.0 0.0 0.0 1.0 0.0 0.0 3.0 0.0
692.0011455759795 0.0 0.0 0.0 1.0 0.0 0.0 3.0 0.0
693.0223059144066 0.0 0.0 0.0 1.0 0.0 0.0 3.0 0.0
694.1059958343953 0.0 0.0 0.0 1.0 0.0 0.0 3.0 0.0
695.0199060043899 0.0 0.0 0.0 1.0 0.0 0.0 3.0 0.0
696.0129319477263 0.0 0.0 0.0 1.0 0.0 0.0 3.0 0.0
697.037868673009 0.0 0.0 0.0 1.0 0.0 0.0 3.0 0.0
698.0523788089905 0.0 0.0 0.0 1.0 0.0 0.0 3.0 0.0
699.0289437522524 0.0 0.0 0.0 1.0 0.0 0.0 3.0 0.0
700.0324374448219 0.0 0.0 0.0 1.0 0.0 0.0 3.0 0.0
701.007143057624 0.0 0.0 0.0 1.0 0.0 0.0 3.0 0.0
702.0103529037401 0.0 0.0 0.0 1.0 0.0 0.0 3.0 0.0
703.013279915217 0.0 0.0 0.0 1.0 0.0 0.0 3.0 0.0
704.0226751648355 0.0 0.0 0.0 1.0 0.0 0.0 3.0 0.0
705.0270977616391 0.0 0.0 0.0 1.0 0.0 0.0 3.0 0.0
706.104146378781 0.0 0.0 0.0 1.0 0.0 0.0 3.0 0.0
707.0924772602915 0.0 0.0 0.0 1.0 0.0 0.0 3.0 0.0
708.0083410947236 0.0 0.0 0.0 1.0 0.0 0.0 3.0 0.0
709.0466469419952 0.0 0.0 0.0 1.0 0.0 0.0 3.0 0.0
710.0006505231859 0.0 0.0 0.0 1.0 0.0 0.0 3.0 0.0
711.0708527358421 0.0 0.0 0.0 1.0 0.0 0.0 3.0 0.0
712.0168696155096 0.0 0.0 0.0 1.0 0.0 0.0 3.0 0.0
713.054231724859 0.0 0.0 0.0 1.0 0.0 0.0 3.0 0.0
714.0590826600264 0.0 0.0 0.0 1.0 0.0 0.0 3.0 0.0
715.015751879444 0.0 0.0 0.0 1.0 0.0 0.0 3.0 0.0
716.0423289244529 0.0 0.0 0.0 1.0 0.0 0.0 3.0 0.0
717.0123595546108 0.0 0.0 0.0 1.0 0.0 0.0 3.0 0.0
718.0173954145444 0.0 0.0 0.0 1.0 0.0 0.0 3.0 0.0
719.0179427939486 0.0 0.0 0.0 1.0 0.0 0.0 3.0 0.0
720.0212054885361 0.0 0.0 0.0 1.0 0.0 0.0 3.0 0.0
721.0415333142382 0.0 0.0 0.0 1.0 0.0 0.0 3.0 0.0
722.1059958343953 0.0 0.0 0.0 1.0 0.0 0.0 3.0 0.0
723.0759058242493 0.0 0.0 0.0 1.0 0.0 0.0 3.0 0.0
724.0000613172136 0.0 0.0 0.0 1.0 0.0 0.0 3.0 0.0
725.0054993798196 0.0 0.0 0.0 1.0 0.0 0.0 3.0 0.0
726.1059958343953 0.0 0.0 0.0 1.0 0.0 0.0 3.0 0.0
727.0355585272608 0.0 0.0 0.0 1.0 0.0 0.0 3.0 0.0
728.022376054665 0.0 0.0 0.0 1.0 0.0 0.0 3.0 0.0
729.0409897073271 0.0 0.0 0.0 1.0 0.0 0.0 3.0 0.0
730.0045933954656 0.0 0.0 0.0 1.0 0.0 0.0 3.0 0.0
731.0111906993382 0.0 0.0 0.0 1.0 0.0 0.0 3.0 0.0
732.0545416285477 0.0 0.0 0.0 1.0 0.0 0.0 3.0 0.0
733.0234331333888 0.0 0.0 0.0 1.0 0.0 0.0 3.0 0.0
734.0524669509279 0.0 0.0 0.0 1.0 0.0 0.0 3.0 0.0
735.0034693551022 0.0 0.0 0.0 1.0 0.0 0.0 3.0 0.0
736.0549273025417 0.0 0.0 0.0 1.0 0.0 0.0 3.0 0.0
737.0696090333154 0.0 0.0 0.0 1.0 0.0 0.0 3.0 0.0
738.012945432204 0.0 0.0 0.0 1.0 0.0 0.0 3.0 0.0
739.02958831422 0.0 0.0 0.0 1.0 0.0 0.0 3.0 0.0
740.019412667996 0.0 0.0 0.0 1.0 0.0 0.0 3.0 0.0
741.0140902165289 0.0 0.0 0.0 1.0 0.0 0.0 3.0 0.0
742.0364972023043 0.0 0.0 0.0 1.0 0.0 0.0 3.0 0.0
743.0025483041078 0.0 0.0 0.0 1.0 0.0 0.0 3.0 0.0
744.0010910070149 0.0 0.0 0.0 1.0 0.0 0.0 3.0 0.0
745.0163078240828 0.0 0.0 0.0 1.0 0.0 0.0 3.0 0.0
746.0454898890988 0.0 0.0 0.0 1.0 0.0 0.0 3.0 0.0
747.0387147623147 0.0 0.0 0.0 1.0 0.0 0.0 3.0 0.0
748.0027476002546 0.0 0.0 0.0 1.0 0.0 0.0 3.0 0.0
749.0014769260572 0.0 0.0 0.0 1.0 0.0 0.0 3.0 0.0
750.0333786095135 0.0 0.0 0.0 1.0 0.0 0.0 3.0 0.0
751.0520298574748 0.0 0.0 0.0 1.0 0.0 0.0 3.0 0.0
752.0158971536556 0.0 0.0 0.0 1.0 0.0 0.0 3.0 0.0
753.0198347893645 0.0 0.0 0.0 1.0 0.0 0.0 3.0 0.0
754.0123024152203 0.0 0.0 0.0 1.0 0.0 0.0 3.0 0.0
755.0629410626962 0.0 0.0 0.0 1.0 0.0 0.0 3.0 0.0
756.0224453922858 0.0 0.0 0.0 1.0 0.0 0.0 3.0 0.0
757.0417919115981 0.0 0.0 0.0 1.0 0.0 0.0 3.0 0.0
758.027930765633 0.0 0.0 0.0 1.0 0.0 0.0 3.0 0.0
759.0080618416677 0.0 0.0 0.0 1.0 0.0 0.0 3.0 0.0
760.0700425706561 0.0 0.0 0.0 1.0 0.0 0.0 3.0 0.0
761.0392241217576 0.0 0.0 0.0 1.0 0.0 0.0 3.0 0.0
762.0117140609742 0.0 0.0 0.0 1.0 0.0 0.0 3.0 0.0
763.0226678308483 0.0 0.0 0.0 1.0 0.0 0.0 3.0 0.0
764.0120731526131 0.0 0.0 0.0 1.0 0.0 0.0 3.0 0.0
765.0166585614149 0.0 0.0 0.0 1.0 0.0 0.0 3.0 0.0
766.0095150402478 0.0 0.0 0.0 1.0 0.0 0.0 3.0 0.0
767.0177987289404 0.0 0.0 0.0 1.0 0.0 0.0 3.0 0.0
768.0011500154513 0.0 0.0 0.0 1.0 0.0 0.0 3.0 0.0
769.0154935526622 0.0 0.0 0.0 1.0 0.0 0.0 3.0 0.0
770.0422049592686 0.0 0.0 0.0 1.0 0.0 0.0 3.0 0.0
771.1004210730449 0.0 0.0 0.0 1.0 0.0 0.0 3.0 0.0
772.0488448242609 0.0 0.0 0.0 1.0 0.0 0.0 3.0 0.0
773.1059958343953 0.0 0.0 0.0 1.0 0.0 0.0 3.0 0.0
774.0512610941381 0.0 0.0 0.0 1.0 0.0 0.0 3.0 0.0
775.0050243436585 0.0 0.0 0.0 1.0 0.0 0.0 3.0 0.0
776.0002473633533 0.0 0.0 0.0 1.0 0.0 0.0 3.0 0.0
777.035362819764 0.0 0.0 0.0 1.0 0.0 0.0 3.0 0.0
778.0377167154343 0.0 0.0 0.0 1.0 0.0 0.0 3.0 0.0
779.0359511916555 0.0 0.0 0.0 1.0 0.0 0.0 3.0 0.0
780.0728562914004 0.0 0.0 0.0 1.0 0.0 0.0 3.0 0.0
781.0617078120639 0.0 0.0 0.0 1.0 0.0 0.0 3.0 0.0
782.0056283945789 0.0 0.0 0.0 1.0 0.0 0.0 3.0 0.0
783.054807423768 0.0 0.0 0.0 1.0 0.0 0.0 3.0 0.0
784.0160710136608 0.0 0.0 0.0 1.0 0.0 0.0 3.0 0.0
785.049571156637 0.0 0.0 0.0 1.0 0.0 0.0 3.0 0.0
786.0639325642526 0.0 0.0 0.0 1.0 0.0 0.0 3.0 0.0
787.0156720994368 0.0 0.0 0.0 1.0 0.0 0.0 3.0 0.0
788.0260543450921 0.0 0.0 0.0 1.0 0.0 0.0 3.0 0.0
789.0011610413515 0.0 0.0 0.0 1.0 0.0 0.0 3.0 0.0
790.0227609104794 0.0 0.0 0.0 1.0 0.0 0.0 3.0 0.0
791.0093335445897 0.0 0.0 0.0 1.0 0.0 0.0 3.0 0.0
792.0249534329384 0.0 0.0 0.0 1.0 0.0 0.0 3.0 0.0
793.0052074108231 0.0 0.0 0.0 1.0 0.0 0.0 3.0 0.0
794.0358845043658 0.0 0.0 0.0 1.0 0.0 0.0 3.0 0.0
795.037194911741 0.0 0.0 0.0 1.0 0.0 0.0 3.0 0.0
796.0078080592028 0.0 0.0 0.0 1.0 0.0 0.0 3.0 0.0
797.1059958343953 0.0 0.0 0.0 1.0 0.0 0.0 3.0 0.0
798.0004522000896 0.0 0.0 0.0 1.0 0.0 0.0 3.0 0.0
799.061386558986 0.0 0.0 0.0 1.0 0.0 0.0 3.0 0.0
800.0561754883951 0.0 0.0 0.0 1.0 0.0 0.0 3.0 0.0
801.0694022112568 0.0 0.0 0.0 1.0 0.0 0.0 3.0 0.0
802.0230224264726 0.0 0.0 0.0 1.0 0.0 0.0 3.0 0.0
803.0238259942843 0.0 0.0 0.0 1.0 0.0 0.0 3.0 0.0
804.0081551259565 0.0 0.0 0.0 1.0 0.0 0.0 3.0 0.0
805.032658991249 0.0 0.0 0.0 1.0 0.0 0.0 3.0 0.0
806.0142431482506 0.0 0.0 0.0 1.0 0.0 0.0 3.0 0.0
807.000601406078 0.0 0.0 0.0 1.0 0.0 0.0 3.0 0.0
808.0165754059813 0.0 0.0 0.0 1.0 0.0 0.0 3.0 0.0
809.0343628422851 0.0 0.0 0.0 1.0 0.0 0.0 3.0 0.0
810.0919452842621 0.0 0.0 0.0 1.0 0.0 0.0 3.0 0.0
811.0804452609215 0.0 0.0 0.0 1.0 0.0 0.0 3.0 0.0
812.0298003234273 0.0 0.0 0.0 1.0 0.0 0.0 3.0 0.0
813.0079029843552 0.0 0.0 0.0 1.0 0.0 0.0 3.0 0.0
814.0064331615051 0.0 0.0 0.0 1.0 0.0 0.0 3.0 0.0
815.0332004924176 0.0 0.0 0.0 1.0 0.0 0.0 3.0 0.0
816.0432267373966 0.0 0.0 0.0 1.0 0.0 0.0 3.0 0.0
817.0493794854735 0.0 0.0 0.0 1.0 0.0 0.0 3.0 0.0
818.0259692071572 0.0 0.0 0.0 1.0 0.0 0.0 3.0 0.0
819.0665429298824 0.0 0.0 0.0 1.0 0.0 0.0 3.0 0.0
820.025435589108 0.0 0.0 0.0 1.0 0.0 0.0 3.0 0.0
821.0394866493824 0.0 0.0 0.0 1.0 0.0 0.0 3.0 0.0
822.1059958343953 0.0 0.0 0.0 1.0 0.0 0.0 3.0 0.0
823.0365035198946 0.0 0.0 0.0 1.0 0.0 0.0 3.0 0.0
824.0635571425564 0.0 0.0 0.0 1.0 0.0 0.0 3.0 0.0
825.0237020065916 0.0 0.0 0.0 1.0 0.0 0.0 3.0 0.0
826.006770183411 0.0 0.0 0.0 1.0 0.0 0.0 3.0 0.0
827.0190304169691 0.0 0.0 0.0 1.0 0.0 0.0 3.0 0.0
828.0338680074726 0.0 0.0 0.0 1.0 0.0 0.0 3.0 0.0
829.0037653982172 0.0 0.0 0.0 1.0 0.0 0.0 3.0 0.0
830.0567092320819 0.0 0.0 0.0 1.0 0.0 0.0 3.0 0.0
831.0223665223015 0.0 0.0 0.0 1.0 0.0 0.0 3.0 0.0
832.0252922837506 0.0 0.0 0.0 1.0 0.0 0.0 3.0 0.0
833.0004427909703 0.0 0.0 0.0 1.0 0.0 0.0 3.0 0.0
834.0056092692768 0.0 0.0 0.0 1.0 0.0 0.0 3.0 0.0
835.0420622123604 0.0 0.0 0.0 1.0 0.0 0.0 3.0 0.0
836.0068616797888 0.0 0.0 0.0 1.0 0.0 0.0 3.0 0.0
837.0013254318126 0.0 0.0 0.0 1.0 0.0 0.0 3.0 0.0
838.0124457137047 0.0 0.0 0.0 1.0 0.0 0.0 3.0 0.0
839.0537395513506 0.0 0.0 0.0 1.0 0.0 0.0 3.0 0.0
840.0043815965224 0.0 0.0 0.0 1.0 0.0 0.0 3.0 0.0
841.0980482839443 0.0 0.0 0.0 1.0 0.0 0.0 3.0 0.0
842.0031608951792 0.0 0.0 0.0 1.0 0.0 0.0 3.0 0.0
843.0384703542338 0.0 0.0 0.0 1.0 0.0 0.0 3.0 0.0
844.011119211185 0.0 0.0 0.0 1.0 0.0 0.0 3.0 0.0
845.0670834617159 0.0 0.0 0.0 1.0 0.0 0.0 3.0 0.0
846.0315950185632 0.0 0.0 0.0 1.0 0.0 0.0 3.0 0.0
847.0029461332476 0.0 0.0 0.0 1.0 0.0 0.0 3.0 0.0
848.0938576103085 0.0 0.0 0.0 1.0 0.0 0.0 3.0 0.0
849.0443540604252 0.0 0.0 0.0 1.0 0.0 0.0 3.0 0.0
850.0165083267427 0.0 0.0 0.0 1.0 0.0 0.0 3.0 0.0
851.0148276205522 0.0 0.0 0.0 1.0 0.0 0.0 3.0 0.0
852.0666647187163 0.0 0.0 0.0 1.0 0.0 0.0 3.0 0.0
853.0564619045034 0.0 0.0 0.0 1.0 0.0 0.0 3.0 0.0
854.0042081740302 0.0 0.0 0.0 1.0 0.0 0.0 3.0 0.0
855.0004285143799 0.0 0.0 0.0 1.0 0.0 0.0 3.0 0.0
856.0252750044866 0.0 0.0 0.0 1.0 0.0 0.0 3.0 0.0
857.0294004617921 0.0 0.0 0.0 1.0 0.0 0.0 3.0 0.0
858.012162760994 0.0 0.0 0.0 1.0 0.0 0.0 3.0 0.0
859.0400667153356 0.0 0.0 0.0 1.0 0.0 0.0 3.0 0.0
860.012096030456 0.0 0.0 0.0 1.0 0.0 0.0 3.0 0.0
861.0153307532555 0.0 0.0 0.0 1.0 0.0 0.0 3.0 0.0
862.0204606832298 0.0 0.0 0.0 1.0 0.0 0.0 3.0 0.0
863.0447827610307 0.0 0.0 0.0 1.0 0.0 0.0 3.0 0.0
864.0513351155707 0.0 0.0 0.0 1.0 0.0 0.0 3.0 0.0
865.0886236550398 0.0 0.0 0.0 1.0 0.0 0.0 3.0 0.0
866.0013566055 0.0 0.0 0.0 1.0 0.0 0.0 3.0 0.0
867.0111718379754 0.0 0.0 0.0 1.0 0.0 0.0 3.0 0.0
868.0029633148936 0.0 0.0 0.0 1.0 0.0 0.0 3.0 0.0
869.013475622446 0.0 0.0 0.0 1.0 0.0 0.0 3.0 0.0
870.1059958343953 0.0 0.0 0.0 1.0 0.0 0.0 3.0 0.0
871.0334067471534 0.0 0.0 0.0 1.0 0.0 0.0 3.0 0.0
872.0307993779323 0.0 0.0 0.0 1.0 0.0 0.0 3.0 0.0
873.0429947421144 0.0 0.0 0.0 1.0 0.0 0.0 3.0 0.0
874.0389478267099 0.0 0.0 0.0 1.0 0.0 0.0 3.0 0.0
875.0366297495425 0.0 0.0 0.0 1.0 0.0 0.0 3.0 0.0
876.0163927625019 0.0 0.0 0.0 1.0 0.0 0.0 3.0 0.0
877.0076219826116 0.0 0.0 0.0 1.0 0.0 0.0 3.0 0.0
878.0533681890548 0.0 0.0 0.0 1.0 0.0 0.0 3.0 0.0
879.0014102218549 0.0 0.0 0.0 1.0 0.0 0.0 3.0 0.0
880.0003725046108 0.0 0.0 0.0 1.0 0.0 0.0 3.0 0.0
881.0217393550837 0.0 0.0 0.0 1.0 0.0 0.0 3.0 0.0
882.0169173250525 0.0 0.0 0.0 1.0 0.0 0.0 3.0 0.0
883.0414486213297 0.0 0.0 0.0 1.0 0.0 0.0 3.0 0.0
884.0275666049249 0.0 0.0 0.0 1.0 0.0 0.0 3.0 0.0
885.0572409467337 0.0 0.0 0.0 1.0 0.0 0.0 3.0 0.0
886.0637925047731 0.0 0.0 0.0 1.0 0.0 0.0 3.0 0.0
887.0181606784531 0.0 0.0 0.0 1.0 0.0 0.0 3.0 0.0
888.0173305703474 0.0 0.0 0.0 1.0 0.0 0.0 3.0 0.0
889.0434818415621 0.0 0.0 0.0 1.0 0.0 0.0 3.0 0.0
890.0588100115176 0.0 0.0 0.0 1.0 0.0 0.0 3.0 0.0
891.022360393572 0.0 0.0 0.0 1.0 0.0 0.0 3.0 0.0
892.0573484535583 0.0 0.0 0.0 1.0 0.0 0.0 3.0 0.0
893.048470389824 0.0 0.0 0.0 1.0 0.0 0.0 3.0 0.0
894.0218248116056 0.0 0.0 0.0 1.0 0.0 0.0 3.0 0.0
895.0912269032644 0.0 0.0 0.0 1.0 0.0 0.0 3.0 0.0
896.0254884386097 0.0 0.0 0.0 1.0 0.0 0.0 3.0 0.0
897.0167028230682 0.0 0.0 0.0 1.0 0.0 0.0 3.0 0.0
898.0254225884368 0.0 0.0 0.0 1.0 0.0 0.0 3.0 0.0
899.0339494851268 0.0 0.0 0.0 1.0 0.0 0.0 3.0 0.0
900.0120100886455 0.0 0.0 0.0 1.0 0.0 0.0 3.0 0.0
901.0125388384326 0.0 0.0 0.0 1.0 0.0 0.0 3.0 0.0
902.0002638831705 0.0 0.0 0.0 1.0 0.0 0.0 3.0 0.0
903.0271236756658 0.0 0.0 0.0 1.0 0.0 0.0 3.0 0.0
904.0799333855743 0.0 0.0 0.0 1.0 0.0 0.0 3.0 0.0
905.0624576188529 0.0 0.0 0.0 1.0 0.0 0.0 3.0 0.0
906.0650562034846 0.0 0.0 0.0 1.0 0.0 0.0 3.0 0.0
907.0489772362737 0.0 0.0 0.0 1.0 0.0 0.0 3.0 0.0
908.085566639127 0.0 0.0 0.0 1.0 0.0 0.0 3.0 0.0
909.0076511704885 0.0 0.0 0.0 1.0 0.0 0.0 3.0 0.0
910.002785549319 0.0 0.0 0.0 1.0 0.0 0.0 3.0 0.0
911.0470648587471 0.0 0.0 0.0 1.0 0.0 0.0 3.0 0.0
912.0220479149688 0.0 0.0 0.0 1.0 0.0 0.0 3.0 0.0
913.0045661885811 0.0 0.0 0.0 1.0 0.0 0.0 3.0 0.0
914.0265433544685 0.0 0.0 0.0 1.0 0.0 0.0 3.0 0.0
915.0718592626024 0.0 0.0 0.0 1.0 0.0 0.0 3.0 0.0
916.0184678442774 0.0 0.0 0.0 1.0 0.0 0.0 3.0 0.0
917.0785160688283 0.0 0.0 0.0 1.0 0.0 0.0 3.0 0.0
918.048091694173 0.0 0.0 0.0 1.0 0.0 0.0 3.0 0.0
919.0984481676174 0.0 0.0 0.0 1.0 0.0 0.0 3.0 0.0
920.0044045660875 0.0 0.0 0.0 1.0 0.0 0.0 3.0 0.0
921.0043807122092 0.0 0.0 0.0 1.0 0.0 0.0 3.0 0.0
922.0476741980553 0.0 0.0 0.0 1.0 0.0 0.0 3.0 0.0
923.0045117482247 0.0 0.0 0.0 1.0 0.0 0.0 3.0 0.0
924.0459924019609 0.0 0.0 0.0 1.0 0.0 0.0 3.0 0.0
925.0360351781587 0.0 0.0 0.0 1.0 0.0 0.0 3.0 0.0
926.0442560240913 0.0 0.0 0.0 1.0 0.0 0.0 3.0 0.0
927.1001449611628 0.0 0.0 0.0 1.0 0.0 0.0 3.0 0.0
928.0012933998669 0.0 0.0 0.0 1.0 0.0 0.0 3.0 0.0
929.0075872436383 0.0 0.0 0.0 1.0 0.0 0.0 3.0 0.0
930.0690375923601 0.0 0.0 0.0 1.0 0.0 0.0 3.0 0.0
931.0272599790572 0.0 0.0 0.0 1.0 0.0 0.0 3.0 0.0
932.0640803284815 0.0 0.0 0.0 1.0 0.0 0.0 3.0 0.0
933.0350133787394 0.0 0.0 0.0 1.0 0.0 0.0 3.0 0.0
934.019079122361 0.0 0.0 0.0 1.0 0.0 0.0 3.0 0.0
935.040819295646 0.0 0.0 0.0 1.0 0.0 0.0 3.0 0.0
936.05033484346 0.0 0.0 0.0 1.0 0.0 0.0 3.0 0.0
937.0185046408639 0.0 0.0 0.0 1.0 0.0 0.0 3.0 0.0
938.0172733353994 0.0 0.0 0.0 1.0 0.0 0.0 3.0 0.0
939.0177149635531 0.0 0.0 0.0 1.0 0.0 0.0 3.0 0.0
940.0133164452001 0.0 0.0 0.0 1.0 0.0 0.0 3.0 0.0
941.0392084909687 0.0 0.0 0.0 1.0 0.0 0.0 3.0 0.0
942.0252467884496 0.0 0.0 0.0 1.0 0.0 0.0 3.0 0.0
943.0026399151815 0.0 0.0 0.0 1.0 0.0 0.0 3.0 0.0
944.0102025032205 0.0 0.0 0.0 1.0 0.0 0.0 3.0 0.0
945.0189783985535 0.0 0.0 0.0 1.0 0.0 0.0 3.0 0.0
946.0544449946335 0.0 0.0 0.0 1.0 0.0 0.0 3.0 0.0
947.0804537134378 0.0 0.0 0.0 1.0 0.0 0.0 3.0 0.0
948.0766291491882 0.0 0.0 0.0 1.0 0.0 0.0 3.0 0.0
949.0392425641833 0.0 0.0 0.0 1.0 0.0 0.0 3.0 0.0
950.0271795981471 0.0 0.0 0.0 1.0 0.0 0.0 3.0 0.0
951.0771762009576 0.0 0.0 0.0 1.0 0.0 0.0 3.0 0.0
952.002806871947 0.0 0.0 0.0 1.0 0.0 0.0 3.0 0.0
953.0117763400175 0.0 0.0 0.0 1.0 0.0 0.0 3.0 0.0
954.0148094822489 0.0 0.0 0.0 1.0 0.0 0.0 3.0 0.0
955.0749914029569 0.0 0.0 0.0 1.0 0.0 0.0 3.0 0.0
956.0149246761986 0.0 0.0 0.0 1.0 0.0 0.0 3.0 0.0
957.0224935833467 0.0 0.0 0.0 1.0 0.0 0.0 3.0 0.0
958.0208601849733 0.0 0.0 0.0 1.0 0.0 0.0 3.0 0.0
959.0302543524272 0.0 0.0 0.0 1.0 0.0 0.0 3.0 0.0
960.0128618778615 0.0 0.0 0.0 1.0 0.0 0.0 3.0 0.0
961.052310341608 0.0 0.0 0.0 1.0 0.0 0.0 3.0 0.0
962.0207456856688 0.0 0.0 0.0 1.0 0.0 0.0 3.0 0.0
963.0103329726188 0.0 0.0 0.0 1.0 0.0 0.0 3.0 0.0
964.0288755118753 0.0 0.0 0.0 1.0 0.0 0.0 3.0 0.0
965.0037941847385 0.0 0.0 0.0 1.0 0.0 0.0 3.0 0.0
966.0250339835827 0.0 0.0 0.0 1.0 0.0 0.0 3.0 0.0
967.039500952672 0.0 0.0 0.0 1.0 0.0 0.0 3.0 0.0
968.0077200533858 0.0 0.0 0.0 1.0 0.0 0.0 3.0 0.0
969.0003302661762 0.0 0.0 0.0 1.0 0.0 0.0 3.0 0.0
970.0660789259274 0.0 0.0 0.0 1.0 0.0 0.0 3.0 0.0
971.0191016274409 0.0 0.0 0.0 1.0 0.0 0.0 3.0 0.0
972.0763747409318 0.0 0.0 0.0 1.0 0.0 0.0 3.0 0.0
973.0181395066033 0.0 0.0 0.0 1.0 0.0 0.0 3.0 0.0
974.0101915981916 0.0 0.0 0.0 1.0 0.0 0.0 3.0 0.0
975.0030059016065 0.0 0.0 0.0 1.0 0.0 0.0 3.0 0.0
976.0317751414253 0.0 0.0 0.0 1.0 0.0 0.0 3.0 0.0
977.0326408393887 0.0 0.0 0.0 1.0 0.0 0.0 3.0 0.0
978.041254146057 0.0 0.0 0.0 1.0 0.0 0.0 3.0 0.0
979.0285861660203 0.0 0.0 0.0 1.0 0.0 0.0 3.0 0.0
980.0438905911743 0.0 0.0 0.0 1.0 0.0 0.0 3.0 0.0
981.003693134177 0.0 0.0 0.0 1.0 0.0 0.0 3.0 0.0
982.0032552445743 0.0 0.0 0.0 1.0 0.0 0.0 3.0 0.0
983.0006706761033 0.0 0.0 0.0 1.0 0.0 0.0 3.0 0.0
984.0164907434356 0.0 0.0 0.0 1.0 0.0 0.0 3.0 0.0
985.0347478345719 0.0 0.0 0.0 1.0 0.0 0.0 3.0 0.0
986.0243085542126 0.0 0.0 0.0 1.0 0.0 0.0 3.0 0.0
987.008322724706 0.0 0.0 0.0 1.0 0.0 0.0 3.0 0.0
988.0060182904932 0.0 0.0 0.0 1.0 0.0 0.0 3.0 0.0
989.0414868494273 0.0 0.0 0.0 1.0 0.0 0.0 3.0 0.0
990.1059958343953 0.0 0.0 0.0 1.0 0.0 0.0 3.0 0.0
991.0330923676125 0.0 0.0 0.0 1.0 0.0 0.0 3.0 0.0
992.0327769286882 0.0 0.0 0.0 1.0 0.0 0.0 3.0 0.0
993.0116267479968 0.0 0.0 0.0 1.0 0.0 0.0 3.0 0.0
994.0428561655492 0.0 0.0 0.0 1.0 0.0 0.0 3.0 0.0
995.0198481276876 0.0 0.0 0.0 1.0 0.0 0.0 3.0 0.0
996.0200954533924 0.0 0.0 0.0 1.0 0.0 0.0 3.0 0.0
997.0243803976159 0.0 0.0 0.0 1.0 0.0 0.0 3.0 0.0
998.0378273092186 0.0 0.0 0.0 1.0 0.0 0.0 3.0 0.0
999.0120595356219 0.0 0.0 0.0 1.0 0.0 0.0 3.0 0.0
1000.0111324070886 0.0 0.0 0.0 1.0 0.0 0.0 3.0 0.0
1001.0269485698111 0.0 0.0 0.0 1.0 0.0 0.0 3.0 0.0
1002.0001580986623 0.0 0.0 0.0 1.0 0.0 0.0 3.0 0.0
1003.0275487242614 0.0 0.0 0.0 1.0 0.0 0.0 3.0 0.0
1004.0140702077283 0.0 0.0 0.0 1.0 0.0 0.0 3.0 0.0
1005.0478271574739 0.0 0.0 0.0 1.0 0.0 0.0 3.0 0.0
1006.0968474261574 0.0 0.0 0.0 1.0 0.0 0.0 3.0 0.0
1007.0032421919968 0.0 0.0 0.0 1.0 0.0 0.0 3.0 0.0
1008.033913381416 0.0 0.0 0.0 1.0 0.0 0.0 3.0 0.0
1009.0045563034527 0.0 0.0 0.0 1.0 0.0 0.0 3.0 0.0
1010.0308681813711 0.0 0.0 0.0 1.0 0.0 0.0 3.0 0.0
1011.007187822535 0.0 0.0 0.0 1.0 0.0 0.0 3.0 0.0
1012.0235527921271 0.0 0.0 0.0 1.0 0.0 0.0 3.0 0.0
1013.0072092583408 0.0 0.0 0.0 1.0 0.0 0.0 3.0 0.0
1014.0342621611127 0.0 0.0 0.0 1.0 0.0 0.0 3.0 0.0
1015.0173515351462 0.0 0.0 0.0 1.0 0.0 0.0 3.0 0.0
1016.0403991579542 0.0 0.0 0.0 1.0 0.0 0.0 3.0 0.0
1017.0052732059015 0.0 0.0 0.0 1.0 0.0 0.0 3.0 0.0
1018.0830866585194 0.0 0.0 0.0 1.0 0.0 0.0 3.0 0.0
1019.0036905003691 0.0 0.0 0.0 1.0 0.0 0.0 3.0 0.0
1020.0015913981224 0.0 0.0 0.0 1.0 0.0 0.0 3.0 0.0
1021.0882328101287 0.0 0.0 0.0 1.0 0.0 0.0 3.0 0.0
1022.0020518389938 0.0 0.0 0.0 1.0 0.0 0.0 3.0 0.0
1023.0323318209769 0.0 0.0 0.0 1.0 0.0 0.0 3.0 0.0
1024.0160296170018 0.0 0.0 0.0 1.0 0.0 0.0 3.0 0.0
1025.033181949068 0.0 0.0 0.0 1.0 0.0 0.0 3.0 0.0
1026.036662270298 0.0 0.0 0.0 1.0 0.0 0.0 3.0 0.0
1027.0132459524766 0.0 0.0 0.0 1.0 0.0 0.0 3.0 0.0
1028.0157953232522 0.0 0.0 0.0 1.0 0.0 0.0 3.0 0.0
1029.037846607963 0.0 0.0 0.0 1.0 0.0 0.0 3.0 0.0
1030.0459171464001 0.0 0.0 0.0 1.0 0.0 0.0 3.0 0.0
1031.0110463249282 0.0 0.0 0.0 1.0 0.0 0.0 3.0 0.0
1032.0393211334294 0.0 0.0 0.0 1.0 0.0 0.0 3.0 0.0
1033.023295258579 0.0 0.0 0.0 1.0 0.0 0.0 3.0 0.0
1034.0246350886505 0.0 0.0 0.0 1.0 0.0 0.0 3.0 0.0
1035.0306957260407 0.0 0.0 0.0 1.0 0.0 0.0 3.0 0.0
1036.0431445586178 0.0 0.0 0.0 1.0 0.0 0.0 3.0 0.0
1037.0376219264529 0.0 0.0 0.0 1.0 0.0 0.0 3.0 0.0
1038.0031823720517 0.0 0.0 0.0 1.0 0.0 0.0 3.0 0.0
1039.0054919927832 0.0 0.0 0.0 1.0 0.0 0.0 3.0 0.0
1040.065003986934 0.0 0.0 0.0 1.0 0.0 0.0 3.0 0.0
1041.0149727061648 0.0 0.0 0.0 1.0 0.0 0.0 3.0 0.0
1042.0611978007037 0.0 0.0 0.0 1.0 0.0 0.0 3.0 0.0
1043.0802406931612 0.0 0.0 0.0 1.0 0.0 0.0 3.0 0.0
1044.0027730383047 0.0 0.0 0.0 1.0 0.0 0.0 3.0 0.0
1045.048871035677 0.0 0.0 0.0 1.0 0.0 0.0 3.0 0.0
1046.0009030725155 0.0 0.0 0.0 1.0 0.0 0.0 3.0 0.0
1047.006394236102 0.0 0.0 0.0 1.0 0.0 0.0 3.0 0.0
1048.0396886799606 0.0 0.0 0.0 1.0 0.0 0.0 3.0 0.0
1049.0534983574182 0.0 0.0 0.0 1.0 0.0 0.0 3.0 0.0
1050.0152434392055 0.0 0.0 0.0 1.0 0.0 0.0 3.0 0.0
1051.0046253775674 0.0 0.0 0.0 1.0 0.0 0.0 3.0 0.0
1052.0157269297213 0.0 0.0 0.0 1.0 0.0 0.0 3.0 0.0
1053.00411500639 0.0 0.0 0.0 1.0 0.0 0.0 3.0 0.0
1054.022775962141 0.0 0.0 0.0 1.0 0.0 0.0 3.0 0.0
1055.0062100998086 0.0 0.0 0.0 1.0 0.0 0.0 3.0 0.0
1056.027909351554 0.0 0.0 0.0 1.0 0.0 0.0 3.0 0.0
1057.005730596557 0.0 0.0 0.0 1.0 0.0 0.0 3.0 0.0
1058.0342979558734 0.0 0.0 0.0 1.0 0.0 0.0 3.0 0.0
1059.1019189365013 0.0 0.0 0.0 1.0 0.0 0.0 3.0 0.0
1060.0576182834932 0.0 0.0 0.0 1.0 0.0 0.0 3.0 0.0
1061.0036911213388 0.0 0.0 0.0 1.0 0.0 0.0 3.0 0.0
1062.0296188984053 0.0 0.0 0.0 1.0 0.0 0.0 3.0 0.0
1063.0191957249651 0.0 0.0 0.0 1.0 0.0 0.0 3.0 0.0
1064.0784219550665 0.0 0.0 0.0 1.0 0.0 0.0 3.0 0.0
1065.0174417009116 0.0 0.0 0.0 1.0 0.0 0.0 3.0 0.0
1066.0098575991146 0.0 0.0 0.0 1.0 0.0 0.0 3.0 0.0
1067.0977923817156 0.0 0.0 0.0 1.0 0.0 0.0 3.0 0.0
1068.0243149214032 0.0 0.0 0.0 1.0 0.0 0.0 3.0 0.0
1069.0306039703114 0.0 0.0 0.0 1.0 0.0 0.0 3.0 0.0
1070.0273972961297 0.0 0.0 0.0 1.0 0.0 0.0 3.0 0.0
1071.0061604029668 0.0 0.0 0.0 1.0 0.0 0.0 3.0 0.0
1072.0511997448195 0.0 0.0 0.0 1.0 0.0 0.0 3.0 0.0
1073.0069993620762 0.0 0.0 0.0 1.0 0.0 0.0 3.0 0.0
1074.0705578382247 0.0 0.0 0.0 1.0 0.0 0.0 3.0 0.0
1075.0020065674696 0.0 0.0 0.0 1.0 0.0 0.0 3.0 0.0
1076.0308599469945 0.0 0.0 0.0 1.0 0.0 0.0 3.0 0.0
1077.0449376343147 0.0 0.0 0.0 1.0 0.0 0.0 3.0 0.0
1078.000197654983 0.0 0.0 0.0 1.0 0.0 0.0 3.0 0.0
1079.0126229044777 0.0 0.0 0.0 1.0 0.0 0.0 3.0 0.0
1080.0112711058193 0.0 0.0 0.0 1.0 0.0 0.0 3.0 0.0
1081.0062258412863 0.0 0.0 0.0 1.0 0.0 0.0 3.0 0.0
1082.0265336985528 0.0 0.0 0.0 1.0 0.0 0.0 3.0 0.0
1083.006404698191 0.0 0.0 0.0 1.0 0.0 0.0 3.0 0.0
1084.009015850764 0.0 0.0 0.0 1.0 0.0 0.0 3.0 0.0
1085.005194504674 0.0 0.0 0.0 1.0 0.0 0.0 3.0 0.0
1086.0544100804018 0.0 0.0 0.0 1.0 0.0 0.0 3.0 0.0
1087.0265247659918 0.0 0.0 0.0 1.0 0.0 0.0 3.0 0.0
1088.0021250058894 0.0 0.0 0.0 1.0 0.0 0.0 3.0 0.0
1089.0113177041023 0.0 0.0 0.0 1.0 0.0 0.0 3.0 0.0
1090.0376111930454 0.0 0.0 0.0 1.0 0.0 0.0 3.0 0.0
1091.015551056971 0.0 0.0 0.0 1.0 0.0 0.0 3.0 0.0
1092.022827612488 0.0 0.0 0.0 1.0 0.0 0.0 3.0 0.0
1093.0123753855135 0.0 0.0 0.0 1.0 0.0 0.0 3.0 0.0
1094.0501042637554 0.0 0.0 0.0 1.0 0.0 0.0 3.0 0.0
1095.0482332909828 0.0 0.0 0.0 1.0 0.0 0.0 3.0 0.0
1096.0210768734246 0.0 0.0 0.0 1.0 0.0 0.0 3.0 0.0
1097.0537091281176 0.0 0.0 0.0 1.0 0.0 0.0 3.0 0.0
1098.031270769944 0.0 0.0 0.0 1.0 0.0 0.0 3.0 0.0
1099.043064411315 0.0 0.0 0.0 1.0 0.0 0.0 3.0 0.0
1100.0 0.0 0.0 0.0 1.0 0.0 1.0 3.0 0.0
1101.0301280615797 0.85 0.0 0.0 0.15000000000000002 0.0 1.0 3.075 0.24878048780487805
1102.001886898271 1.0 0.0 0.0 0.0 0.0 1.0 3.75 0.0
1103.035463328491 1.0 0.0 0.0 0.0 0.0 1.0 4.775 0.0
1104.0003760112536 1.0 0.0 0.0 0.0 0.0 1.0 4.975 0.0
1105.0172303267154 1.0 0.0 0.0 0.0 0.0 1.0 5.0 0.0
1106.0095774189704 1.0 0.0 0.0 0.0 0.0 1.0 5.0 0.0
1107.0057775863131 1.0 0.0 0.0 0.0 0.0 1.0 5.0 0.0
1108.0272213253354 1.0 0.0 0.0 0.0 0.0 1.0 5.0 0.0
1109.0569131118593 1.0 0.0 0.0 0.0 0.0 1.0 5.0 0.0
1110.0493139546736 1.0 0.0 0.0 0.0 0.0 1.0 5.0 0.0
1111.0083559017596 1.0 0.0 0.0 0.0 0.0 1.0 5.0 0.0
1112.0000486246624 1.0 0.0 0.0 0.0 0.0 1.0 5.0 0.0
1113.0058746131908 1.0 0.0 0.0 0.0 0.0 1.0 5.0 0.0
1114.0390069869204 1.0 0.0 0.0 0.0 0.0 1.0 5.0 0.0
1115.0494840784102 1.0 0.0 0.0 0.0 0.0 1.0 5.0 0.0
1116.0201584470956 1.0 0.0 0.0 0.0 0.0 1.0 5.0 0.0
1117.0193279026994 1.0 0.0 0.0 0.0 0.0 1.0 5.0 0.0
1118.0459772673694 1.0 0.0 0.0 0.0 0.0 1.0 5.0 0.0
1119.0255858831802 1.0 0.0 0.0 0.0 0.0 1.0 5.0 0.0
1120.0397211892293 1.0 0.0 0.0 0.0 0.0 1.0 5.0 0.0
1121.014825361616 1.0 0.0 0.0 0.0 0.0 1.0 5.0 0.0
1122.0062905053308 1.0 0.0 0.0 0.0 0.0 1.0 5.0 0.0
1123.0093764124479 1.0 0.0 0.0 0.0 0.0 1.0 5.0 0.0
1124.0112462441048 1.0 0.0 0.0 0.0 0.0 1.0 5.0 0.0
1125.0420456459387 1.0 0.0 0.0 0.0 0.0 1.0 5.0 0.0
1126.0117609130957 1.0 0.0 0.0 0.0 0.0 1.0 5.0 0.0
1127.0764020954655 1.0 0.0 0.0 0.0 0.0 1.0 5.0 0.0
1128.0286424847766 1.0 0.0 0.0 0.0 0.0 1.0 5.0 0.0
1129.0052991425325 1.0 0.0 0.0 0.0 0.0 1.0 5.0 0.0
1130.0020214578533 1.0 0.0 0.0 0.0 0.0 1.0 5.0 0.0
1131.011637613827 1.0 0.0 0.0 0.0 0.0 1.0 5.0 0.0
1132.02642448921 1.0 0.0 0.0 0.0 0.0 1.0 5.0 0.0
1133.0252297547183 1.0 0.0 0.0 0.0 0.0 1.0 5.0 0.0
1134.0085413786596 1.0 0.0 0.0 0.0 0.0 1.0 5.0 0.0
1135.0506038316862 1.0 0.0 0.0 0.0 0.0 1.0 5.0 0.0
1136.0384384723939 1.0 0.0 0.0 0.0 0.0 1.0 5.0 0.0
1137.041122185089 1.0 0.0 0.0 0.0 0.0 1.0 5.0 0.0
1138.0029366867168 1.0 0.0 0.0 0.0 0.0 1.0 5.0 0.0
1139.0266726078444 1.0 0.0 0.0 0.0 0.0 1.0 5.0 0.0
1140.0215720830276 1.0 0.0 0.0 0.0 0.0 1.0 5.0 0.0
1141.0145075652304 1.0 0.0 0.0 0.0 0.0 1.0 5.0 0.0
1142.0217457790695 1.0 0.0 0.0 0.0 0.0 1.0 5.0 0.0
1143.0278478050138 1.0 0.0 0.0 0.0 0.0 1.0 5.0 0.0
1144.0060217656192 1.0 0.0 0.0 0.0 0.0 1.0 5.0 0.0
1145.042530982293 1.0 0.0 0.0 0.0 0.0 1.0 5.0 0.0
1146.065178275545 1.0 0.0 0.0 0.0 0.0 1.0 5.0 0.0
1147.0220259550936 1.0 0.0 0.0 0.0 0.0 1.0 5.0 0.0
1148.0157323506182 1.0 0.0 0.0 0.0 0.0 1.0 5.0 0.0
1149.0383605990417 1.0 0.0 0.0 0.0 0.0 1.0 5.0 0.0
1150.0009137166535 1.0 0.0 0.0 0.0 0.0 1.0 5.0 0.0
1151.0139117597728 1.0 0.0 0.0 0.0 0.0 1.0 5.0 0.0
1152.0127579944633 1.0 0.0 0.0 0.0 0.0 1.0 5.0 0.0
1153.026857633387 1.0 0.0 0.0 0.0 0.0 1.0 5.0 0.0
1154.002675943198 1.0 0.0 0.0 0.0 0.0 1.0 5.0 0.0
1155.0421910993607 1.0 0.0 0.0 0.0 0.0 1.0 5.0 0.0
1156.0139512613716 1.0 0.0 0.0 0.0 0.0 1.0 5.0 0.0
1157.007623532092 1.0 0.0 0.0 0.0 0.0 1.0 5.0 0.0
1158.022713295268 1.0 0.0 0.0 0.0 0.0 1.0 5.0 0.0
1159.0066200950134 1.0 0.0 0.0 0.0 0.0 1.0 5.0 0.0
1160.0158745420367 1.0 0.0 0.0 0.0 0.0 1.0 5.0 0.0
1161.0361966778491 1.0 0.0 0.0 0.0 0.0 1.0 5.0 0.0
1162.025297278192 1.0 0.0 0.0 0.0 0.0 1.0 5.0 0.0
1163.0092037435438 1.0 0.0 0.0 0.0 0.0 1.0 5.0 0.0
1164.0484562599968 1.0 0.0 0.0 0.0 0.0 1.0 5.0 0.0
1165.1059958343953 1.0 0.0 0.0 0.0 0.0 1.0 5.0 0.0
1166.0092032434814 1.0 0.0 0.0 0.0 0.0 1.0 5.0 0.0
1167.0096818178465 1.0 0.0 0.0 0.0 0.0 1.0 5.0 0.0
1168.0573162635703 1.0 0.0 0.0 0.0 0.0 1.0 5.0 0.0
1169.0694837569986 1.0 0.0 0.0 0.0 0.0 1.0 5.0 0.0
1170.0213708162075 1.0 0.0 0.0 0.0 0.0 1.0 5.0 0.0
1171.0295937749768 1.0 0.0 0.0 0.0 0.0 1.0 5.0 0.0
1172.0111169640527 1.0 0.0 0.0 0.0 0.0 1.0 5.0 0.0
1173.0299447252135 1.0 0.0 0.0 0.0 0.0 1.0 5.0 0.0
1174.059291521218 1.0 0.0 0.0 0.0 0.0 1.0 5.0 0.0
1175.0331521287958 1.0 0.0 0.0 0.0 0.0 1.0 5.0 0.0
1176.088034568722 1.0 0.0 0.0 0.0 0.0 1.0 5.0 0.0
1177.0277592444525 1.0 0.0 0.0 0.0 0.0 1.0 5.0 0.0
1178.0040730801124 1.0 0.0 0.0 0.0 0.0 1.0 5.0 0.0
1179.0017283779985 1.0 0.0 0.0 0.0 0.0 1.0 5.0 0.0
1180.0609317082988 1.0 0.0 0.0 0.0 0.0 1.0 5.0 0.0
1181.0119079115384 1.0 0.0 0.0 0.0 0.0 1.0 5.0 0.0
1182.00393654022 1.0 0.0 0.0 0.0 0.0 1.0 5.0 0.0
1183.1059958343953 1.0 0.0 0.0 0.0 0.0 1.0 5.0 0.0
1184.019373159773 1.0 0.0 0.0 0.0 0.0 1.0 5.0 0.0
1185.008504370079 1.0 0.0 0.0 0.0 0.0 1.0 5.0 0.0
1186.0062045591744 1.0 0.0 0.0 0.0 0.0 1.0 5.0 0.0
1187.0047180268766 1.0 0.0 0.0 0.0 0.0 1.0 5.0 0.0
1188.0025636861617 1.0 0.0 0.0 0.0 0.0 1.0 5.0 0.0
1189.0477812407282 1.0 0.0 0.0 0.0 0.0 1.0 5.0 0.0
1190.0376472284504 1.0 0.0 0.0 0.0 0.0 1.0 5.0 0.0
1191.0104274782802 1.0 0.0 0.0 0.0 0.0 1.0 5.0 0.0
1192.0164192276384 1.0 0.0 0.0 0.0 0.0 1.0 5.0 0.0
1193.0098103411851 1.0 0.0 0.0 0.0 0.0 1.0 5.0 0.0
1194.0290969422804 1.0 0.0 0.0 0.0 0.0 1.0 5.0 0.0
1195.0143100334692 1.0 0.0 0.0 0.0 0.0 1.0 5.0 0.0
1196.031346205053 1.0 0.0 0.0 0.0 0.0 1.0 5.0 0.0
1197.017096876564 1.0 0.0 0.0 0.0 0.0 1.0 5.0 0.0
1198.0236703726118 1.0 0.0 0.0 0.0 0.0 1.0 5.0 0.0
1199.0694038230492 1.0 0.0 0.0 0.0 0.0 1.0 5.0 0.0
1200.0 1.0 0.0 0.0 0.0 0.0 1.0 5.0 0.0
1201.0 0.6 0.0 0.4 0.0 0.0 1.0 5.0 0.4682926829268293
1202.0 0.15 0.0 0.85 0.0 0.0 1.0 5.225 0.24878048780487805
1203.0 0.0 0.0 1.0 0.0 0.0 1.0 6.05 0.0
1204.0 0.0 0.0 1.0 0.0 0.0 1.0 6.825 0.0
1205.0 0.0 0.0 1.0 0.0 0.0 1.0 7.0 0.0
1206.0 0.0 0.0 1.0 0.0 0.0 1.0 7.0 0.0
1207.0 0.0 0.0 1.0 0.0 0.0 1.0 7.0 0.0
1208.0 0.0 0.0 1.0 0.0 0.0 1.0 7.0 0.0
1209.0 0.0 0.0 1.0 0.0 0.0 1.0 7.0 0.0
1210.0 0.0 0.0 1.0 0.0 0.0 1.0 7.0 0.0
1211.0 0.0 0.0 1.0 0.0 0.0 1.0 7.0 0.0
1212.0 0.0 0.0 1.0 0.0 0.0 1.0 7.0 0.0
1213.0 0.0 0.0 1.0 0.0 0.0 1.0 7.0 0.0
1214.0 0.0 0.0 1.0 0.0 0.0 1.0 7.0 0.0
1215.0 0.0 0.0 1.0 0.0 0.0 1.0 7.0 0.0
1216.0 0.0 0.0 1.0 0.0 0.0 1.0 7.0 0.0
1217.0 0.0 0.0 1.0 0.0 0.0 1.0 7.0 0.0
1218.0 0.0 0.0 1.0 0.0 0.0 1.0 7.0 0.0
1219.0 0.0 0.0 1.0 0.0 0.0 1.0 7.0 0.0
1220.0 0.0 0.0 1.0 0.0 0.0 1.0 7.0 0.0
1221.0 0.0 0.0 1.0 0.0 0.0 1.0 7.0 0.0
1222.0 0.0 0.0 1.0 0.0 0.0 1.0 7.0 0.0
1223.0 0.0 0.0 1.0 0.0 0.0 1.0 7.0 0.0
1224.0 0.0 0.0 1.0 0.0 0.0 1.0 7.0 0.0
1225.0 0.0 0.0 1.0 0.0 0.0 1.0 7.0 0.0
1226.0 0.0 0.0 1.0 0.0 0.0 1.0 7.0 0.0
1227.0 0.0 0.0 1.0 0.0 0.0 1.0 7.0 0.0
1228.0 0.0 0.0 1.0 0.0 0.0 1.0 7.0 0.0
1229.0 0.0 0.0 1.0 0.0 0.0 1.0 7.0 0.0
1230.0 0.0 0.0 1.0 0.0 0.0 1.0 7.0 0.0
1231.0 0.0 0.0 1.0 0.0 0.0 1.0 7.0 0.0
1232.0 0.0 0.0 1.0 0.0 0.0 1.0 7.0 0.0
1233.0 0.0 0.0 1.0 0.0 0.0 1.0 7.0 0.0
1234.0 0.0 0.0 1.0 0.0 0.0 1.0 7.0 0.0
1235.0 0.0 0.0 1.0 0.0 0.0 1.0 7.0 0.0
1236.0 0.0 0.0 1.0 0.0 0.0 1.0 7.0 0.0
1237.0 0.0 0.0 1.0 0.0 0.0 1.0 7.0 0.0
1238.0 0.0 0.0 1.0 0.0 0.0 1.0 7.0 0.0
1239.0 0.0 0.0 1.0 0.0 0.0 1.0 7.0 0.0
1240.0 0.0 0.0 1.0 0.0 0.0 1.0 7.0 0.0
1241.0 0.0 0.0 1.0 0.0 0.0 1.0 7.0 0.0
1242.0 0.0 0.0 1.0 0.0 0.0 1.0 7.0 0.0
1243.0 0.0 0.0 1.0 0.0 0.0 1.0 7.0 0.0
1244.0 0.0 0.0 1.0 0.0 0.0 1.0 7.0 0.0
1245.0 0.0 0.0 1.0 0.0 0.0 1.0 7.0 0.0
1246.0 0.0 0.0 1.0 0.0 0.0 1.0 7.0 0.0
1247.0 0.0 0.0 1.0 0.0 0.0 1.0 7.0 0.0
1248.0 0.0 0.0 1.0 0.0 0.0 1.0 7.0 0.0
1249.0 0.0 0.0 1.0 0.0 0.0 1.0 7.0 0.0
1250.0 0.0 0.0 1.0 0.0 0.0 1.0 7.0 0.0
1251.0 0.0 0.0 1.0 0.0 0.0 1.0 7.0 0.0
1252.0 0.0 0.0 1.0 0.0 0.0 1.0 7.0 0.0
1253.0 0.0 0.0 1.0 0.0 0.0 1.0 7.0 0.0
1254.0 0.0 0.0 1.0 0.0 0.0 1.0 7.0 0.0
1255.0 0.0 0.0 1.0 0.0 0.0 1.0 7.0 0.0
1256.0 0.0 0.0 1.0 0.0 0.0 1.0 7.0 0.0
1257.0 0.0 0.0 1.0 0.0 0.0 1.0 7.0 0.0
1258.0 0.0 0.0 1.0 0.0 0.0 1.0 7.0 0.0
1259.0 0.0 0.0 1.0 0.0 0.0 1.0 7.0 0.0
1260.0 0.0 0.0 1.0 0.0 0.0 1.0 7.0 0.0
1261.0 0.0 0.0 1.0 0.0 0.0 1.0 7.0 0.0
1262.0 0.0 0.0 1.0 0.0 0.0 1.0 7.0 0.0
1263.0 0.0 0.0 1.0 0.0 0.0 1.0 7.0 0.0
1264.0 0.0 0.0 1.0 0.0 0.0 1.0 7.0 0.0
1265.0 0.0 0.0 1.0 0.0 0.0 1.0 7.0 0.0
1266.0 0.0 0.0 1.0 0.0 0.0 1.0 7.0 0.0
1267.0 0.0 0.0 1.0 0.0 0.0 1.0 7.0 0.0
1268.0 0.0 0.0 1.0 0.0 0.0 1.0 7.0 0.0
1269.0 0.0 0.0 1.0 0.0 0.0 1.0 7.0 0.0
1270.0 0.0 0.0 1.0 0.0 0.0 1.0 7.0 0.0
1271.0 0.0 0.0 1.0 0.0 0.0 1.0 7.0 0.0
1272.0 0.0 0.0 1.0 0.0 0.0 1.0 7.0 0.0
1273.0 0.0 0.0 1.0 0.0 0.0 1.0 7.0 0.0
1274.0 0.0 0.0 1.0 0.0 0.0 1.0 7.0 0.0
1275.0 0.0 0.0 1.0 0.0 0.0 1.0 7.0 0.0
1276.0 0.0 0.0 1.0 0.0 0.0 1.0 7.0 0.0
1277.0 0.0 0.0 1.0 0.0 0.0 1.0 7.0 0.0
1278.0 0.0 0.0 1.0 0.0 0.0 1.0 7.0 0.0
1279.0 0.0 0.0 1.0 0.0 0.0 1.0 7.0 0.0
1280.0 0.0 0.0 1.0 0.0 0.0 1.0 7.0 0.0
1281.0 0.0 0.0 1.0 0.0 0.0 1.0 7.0 0.0
1282.0 0.0 0.0 1.0 0.0 0.0 1.0 7.0 0.0
1283.0 0.0 0.0 1.0 0.0 0.0 1.0 7.0 0.0
1284.0 0.0 0.0 1.0 0.0 0.0 1.0 7.0 0.0
1285.0 0.0 0.0 1.0 0.0 0.0 1.0 7.0 0.0
1286.0 0.0 0.0 1.0 0.0 0.0 1.0 7.0 0.0
1287.0 0.0 0.0 1.0 0.0 0.0 1.0 7.0 0.0
1288.0 0.0 0.0 1.0 0.0 0.0 1.0 7.0 0.0
1289.0 0.0 0.0 1.0 0.0 0.0 1.0 7.0 0.0
1290.0 0.0 0.0 1.0 0.0 0.0 1.0 7.0 0.0
1291.0 0.0 0.0 1.0 0.0 0.0 1.0 7.0 0.0
1292.0 0.0 0.0 1.0 0.0 0.0 1.0 7.0 0.0
1293.0 0.0 0.0 1.0 0.0 0.0 1.0 7.0 0.0
1294.0 0.0 0.0 0.32500000000000007 0.675 0.0 0.0 7.025 0.42804878048780487
1295.0900079552591 0.0 0.0 0.04999999999999999 0.95 0.0 0.0 7.625 0.09268292682926829
1296.0399081513137 0.0 0.0 0.02499999999999999 0.975 0.0 0.0 8.575 0.0475609756097561
1297.0159435398598 0.0 0.0 0.0 1.0 0.0 0.0 8.9 0.0
1298.0082561892636 0.0 0.0 0.0 1.0 0.0 0.0 9.0 0.0
1299.0245305909702 0.0 0.0 0.0 1.0 0.0 0.0 9.0 0.0
1300.0393707082583 0.0 0.0 0.0 1.0 0.0 0.0 9.0 0.0
1301.0490833363822 0.0 0.0 0.0 1.0 0.0 0.0 9.0 0.0
1302.0012858590771 0.0 0.0 0.0 1.0 0.0 0.0 9.0 0.0
1303.0026741081538 0.0 0.0 0.0 1.0 0.0 0.0 9.0 0.0
1304.0006510334897 0.0 0.0 0.0 1.0 0.0 0.0 9.0 0.0
1305.0059469196049 0.0 0.0 0.0 1.0 0.0 0.0 9.0 0.0
1306.0112419072304 0.0 0.0 0.0 1.0 0.0 0.0 9.0 0.0
1307.0236847573476 0.0 0.0 0.0 1.0 0.0 0.0 9.0 0.0
1308.0064911030595 0.0 0.0 0.0 1.0 0.0 0.0 9.0 0.0
1309.028259312037 0.0 0.0 0.0 1.0 0.0 0.0 9.0 0.0
1310.0146869192251 0.0 0.0 0.0 1.0 0.0 0.0 9.0 0.0
1311.0114816647845 0.0 0.0 0.0 1.0 0.0 0.0 9.0 0.0
1312.035767302651 0.0 0.0 0.0 1.0 0.0 0.0 9.0 0.0
1313.038179722421 0.0 0.0 0.0 1.0 0.0 0.0 9.0 0.0
1314.004522378264 0.0 0.0 0.0 1.0 0.0 0.0 9.0 0.0
1315.0105096956142 0.0 0.0 0.0 1.0 0.0 0.0 9.0 0.0
1316.0688035959213 0.0 0.0 0.0 1.0 0.0 0.0 9.0 0.0
1317.0710618545827 0.0 0.0 0.0 1.0 0.0 0.0 9.0 0.0
1318.0623817793426 0.0 0.0 0.0 1.0 0.0 0.0 9.0 0.0
1319.0055356194744 0.0 0.0 0.0 1.0 0.0 0.0 9.0 0.0
1320.0006211499851 0.0 0.0 0.0 1.0 0.0 0.0 9.0 0.0
1321.0365550692152 0.0 0.0 0.0 1.0 0.0 0.0 9.0 0.0
1322.0905472765146 0.0 0.0 0.0 1.0 0.0 0.0 9.0 0.0
1323.0174953887565 0.0 0.0 0.0 1.0 0.0 0.0 9.0 0.0
1324.028138379273 0.0 0.0 0.0 1.0 0.0 0.0 9.0 0.0
1325.0023462825036 0.0 0.0 0.0 1.0 0.0 0.0 9.0 0.0
1326.0753709101148 0.0 0.0 0.0 1.0 0.0 0.0 9.0 0.0
1327.0145074741945 0.0 0.0 0.0 1.0 0.0 0.0 9.0 0.0
1328.0032370430984 0.0 0.0 0.0 1.0 0.0 0.0 9.0 0.0
1329.0040295334545 0.0 0.0 0.0 1.0 0.0 0.0 9.0 0.0
1330.0170927460108 0.0 0.0 0.0 1.0 0.0 0.0 9.0 0.0
1331.0251092329875 0.0 0.0 0.0 1.0 0.0 0.0 9.0 0.0
1332.0404195421388 0.0 0.0 0.0 1.0 0.0 0.0 9.0 0.0
1333.0215017519897 0.0 0.0 0.0 1.0 0.0 0.0 9.0 0.0
1334.019293035194 0.0 0.0 0.0 1.0 0.0 0.0 9.0 0.0
1335.009632076622 0.0 0.0 0.0 1.0 0.0 0.0 9.0 0.0
1336.036217256165 0.0 0.0 0.0 1.0 0.0 0.0 9.0 0.0
1337.0159415875605 0.0 0.0 0.0 1.0 0.0 0.0 9.0 0.0
1338.0326083655418 0.0 0.0 0.0 1.0 0.0 0.0 9.0 0.0
1339.0098692745255 0.0 0.0 0.0 1.0 0.0 0.0 9.0 0.0
1340.0721621408943 0.0 0.0 0.0 1.0 0.0 0.0 9.0 0.0
1341.1059958343953 0.0 0.0 0.0 1.0 0.0 0.0 9.0 0.0
1342.0113186259277 0.0 0.0 0.0 1.0 0.0 0.0 9.0 0.0
1343.02627361902 0.0 0.0 0.0 1.0 0.0 0.0 9.0 0.0
1344.0209407686793 0.0 0.0 0.0 1.0 0.0 0.0 9.0 0.0
1345.0141283557514 0.0 0.0 0.0 1.0 0.0 0.0 9.0 0.0
1346.0103664831358 0.0 0.0 0.0 1.0 0.0 0.0 9.0 0.0
1347.0188846296546 0.0 0.0 0.0 1.0 0.0 0.0 9.0 0.0
1348.012362882035 0.0 0.0 0.0 1.0 0.0 0.0 9.0 0.0
1349.0547514619716 0.0 0.0 0.0 1.0 0.0 0.0 9.0 0.0
1350.0010270600596 0.0 0.0 0.0 1.0 0.0 0.0 9.0 0.0
1351.014926658255 0.0 0.0 0.0 1.0 0.0 0.0 9.0 0.0
1352.0189893537743 0.0 0.0 0.0 1.0 0.0 0.0 9.0 0.0
1353.0042633611013 0.0 0.0 0.0 1.0 0.0 0.0 9.0 0.0
1354.0429832471716 0.0 0.0 0.0 1.0 0.0 0.0 9.0 0.0
1355.0830523800453 0.0 0.0 0.0 1.0 0.0 0.0 9.0 0.0
1356.0062184771461 0.0 0.0 0.0 1.0 0.0 0.0 9.0 0.0
1357.05299116266 0.0 0.0 0.0 1.0 0.0 0.0 9.0 0.0
1358.0586478247487 0.0 0.0 0.0 1.0 0.0 0.0 9.0 0.0
1359.0055476478815 0.0 0.0 0.0 1.0 0.0 0.0 9.0 0.0
1360.0347351159414 0.0 0.0 0.0 1.0 0.0 0.0 9.0 0.0
1361.001464420695 0.0 0.0 0.0 1.0 0.0 0.0 9.0 0.0
1362.0120243549657 0.0 0.0 0.0 1.0 0.0 0.0 9.0 0.0
1363.017709821797 0.0 0.0 0.0 1.0 0.0 0.0 9.0 0.0
1364.0011635314008 0.0 0.0 0.0 1.0 0.0 0.0 9.0 0.0
1365.0039307111804 0.0 0.0 0.0 1.0 0.0 0.0 9.0 0.0
1366.0153616780606 0.0 0.0 0.0 1.0 0.0 0.0 9.0 0.0
1367.096231392536 0.0 0.0 0.0 1.0 0.0 0.0 9.0 0.0
1368.0156999089743 0.0 0.0 0.0 1.0 0.0 0.0 9.0 0.0
1369.0067388580242 0.0 0.0 0.0 1.0 0.0 0.0 9.0 0.0
1370.0487410749372 0.0 0.0 0.0 1.0 0.0 0.0 9.0 0.0
1371.0220928987344 0.0 0.0 0.0 1.0 0.0 0.0 9.0 0.0
1372.0924648606886 0.0 0.0 0.0 1.0 0.0 0.0 9.0 0.0
1373.0043827463398 0.0 0.0 0.0 1.0 0.0 0.0 9.0 0.0
1374.0348671056886 0.0 0.0 0.0 1.0 0.0 0.0 9.0 0.0
1375.0078549178425 0.0 0.0 0.0 1.0 0.0 0.0 9.0 0.0
1376.011560521781 0.0 0.0 0.0 1.0 0.0 0.0 9.0 0.0
1377.0007361524927 0.0 0.0 0.0 1.0 0.0 0.0 9.0 0.0
1378.0109293373073 0.0 0.0 0.0 1.0 0.0 0.0 9.0 0.0
1379.0082329772106 0.0 0.0 0.0 1.0 0.0 0.0 9.0 0.0
1380.1059958343953 0.0 0.0 0.0 1.0 0.0 0.0 9.0 0.0
1381.1059958343953 0.0 0.0 0.0 1.0 0.0 0.0 9.0 0.0
1382.0086660581069 0.0 0.0 0.0 1.0 0.0 0.0 9.0 0.0
1383.0269034039006 0.0 0.0 0.0 1.0 0.0 0.0 9.0 0.0
1384.0281333404353 0.0 0.0 0.0 1.0 0.0 0.0 9.0 0.0
1385.041206406125 0.0 0.0 0.0 1.0 0.0 0.0 9.0 0.0
1386.0223955290733 0.0 0.0 0.0 1.0 0.0 0.0 9.0 0.0
1387.0599317027975 0.0 0.0 0.0 1.0 0.0 0.0 9.0 0.0
1388.0027840912435 0.0 0.0 0.0 1.0 0.0 0.0 9.0 0.0
1389.0086194462012 0.0 0.0 0.0 1.0 0.0 0.0 9.0 0.0
1390.0018989307732 0.0 0.0 0.0 1.0 0.0 0.0 9.0 0.0
1391.0011134700253 0.0 0.0 0.0 1.0 0.0 0.0 9.0 0.0
1392.0183384965082 0.0 0.0 0.0 1.0 0.0 0.0 9.0 0.0
1393.005385263353 0.0 0.0 0.0 1.0 0.0 0.0 9.0 0.0
1394.0094867260332 0.0 0.0 0.0 1.0 0.0 0.0 9.0 0.0
1395.0656442786178 0.0 0.0 0.0 1.0 0.0 0.0 9.0 0.0
1396.0402031221947 0.0 0.0 0.0 1.0 0.0 0.0 9.0 0.0
1397.0651981739124 0.0 0.0 0.0 1.0 0.0 0.0 9.0 0.0
1398.0461487178093 0.0 0.0 0.0 1.0 0.0 0.0 9.0 0.0
1399.0008280293903 0.0 0.0 0.0 1.0 0.0 0.0 9.0 0.0
1400.0566339634618 0.0 0.0 0.0 1.0 0.0 0.0 9.0 0.0
1401.004447888362 0.0 0.0 0.0 1.0 0.0 0.0 9.0 0.0
1402.0049092489269 0.0 0.0 0.0 1.0 0.0 0.0 9.0 0.0
1403.014164223417 0.0 0.0 0.0 1.0 0.0 0.0 9.0 0.0
1404.0030593145566 0.0 0.0 0.0 1.0 0.0 0.0 9.0 0.0
1405.009986368737 0.0 0.0 0.0 1.0 0.0 0.0 9.0 0.0
1406.0303827860453 0.0 0.0 0.0 1.0 0.0 0.0 9.0 0.0
1407.022766786281 0.0 0.0 0.0 1.0 0.0 0.0 9.0 0.0
1408.010167355235 0.0 0.0 0.0 1.0 0.0 0.0 9.0 0.0
1409.00661411744 0.0 0.0 0.0 1.0 0.0 0.0 9.0 0.0
1410.0496316726635 0.0 0.0 0.0 1.0 0.0 0.0 9.0 0.0
1411.08972839748 0.0 0.0 0.0 1.0 0.0 0.0 9.0 0.0
1412.0284944509363 0.0 0.0 0.0 1.0 0.0 0.0 9.0 0.0
1413.0715421890527 0.0 0.0 0.0 1.0 0.0 0.0 9.0 0.0
1414.0078876413809 0.0 0.0 0.0 1.0 0.0 0.0 9.0 0.0
1415.003957062477 0.0 0.0 0.0 1.0 0.0 0.0 9.0 0.0
1416.0095181812353 0.0 0.0 0.0 1.0 0.0 0.0 9.0 0.0
1417.0173214224897 0.0 0.0 0.0 1.0 0.0 0.0 9.0 0.0
1418.0072198273842 0.0 0.0 0.0 1.0 0.0 0.0 9.0 0.0
1419.0621618034522 0.0 0.0 0.0 1.0 0.0 0.0 9.0 0.0
1420.0096308581574 0.0 0.0 0.0 1.0 0.0 0.0 9.0 0.0
1421.041576147095 0.0 0.0 0.0 1.0 0.0 0.0 9.0 0.0
1422.0015260569214 0.0 0.0 0.0 1.0 0.0 0.0 9.0 0.0
1423.0266264473803 0.0 0.0 0.0 1.0 0.0 0.0 9.0 0.0
1424.0346728542206 0.0 0.0 0.0 1.0 0.0 0.0 9.0 0.0
1425.0026530820771 0.0 0.0 0.0 1.0 0.0 0.0 9.0 0.0
1426.049303386212 0.0 0.0 0.0 1.0 0.0 0.0 9.0 0.0
1427.0080358178527 0.0 0.0 0.0 1.0 0.0 0.0 9.0 0.0
1428.011532291373 0.0 0.0 0.0 1.0 0.0 0.0 9.0 0.0
1429.0187632694237 0.0 0.0 0.0 1.0 0.0 0.0 9.0 0.0
1430.0075232181239 0.0 0.0 0.0 1.0 0.0 0.0 9.0 0.0
1431.0338250094503 0.0 0.0 0.0 1.0 0.0 0.0 9.0 0.0
1432.016232109086 0.0 0.0 0.0 1.0 0.0 0.0 9.0 0.0
1433.009152630635 0.0 0.0 0.0 1.0 0.0 0.0 9.0 0.0
1434.034498380428 0.0 0.0 0.0 1.0 0.0 0.0 9.0 0.0
1435.011812483657 0.0 0.0 0.0 1.0 0.0 0.0 9.0 0.0
1436.00153047411 0.0 0.0 0.0 1.0 0.0 0.0 9.0 0.0
1437.0047520226033 0.0 0.0 0.0 1.0 0.0 0.0 9.0 0.0
1438.0275759860817 0.0 0.0 0.0 1.0 0.0 0.0 9.0 0.0
1439.0258270105528 0.0 0.0 0.0 1.0 0.0 0.0 9.0 0.0
1440.0158229352842 0.0 0.0 0.0 1.0 0.0 0.0 9.0 0.0
1441.042234710094 0.0 0.0 0.0 1.0 0.0 0.0 9.0 0.0
1442.0028782733486 0.0 0.0 0.0 1.0 0.0 0.0 9.0 0.0
1443.0999953777641 0.0 0.0 0.0 1.0 0.0 0.0 9.0 0.0
1444.0042720098202 0.0 0.0 0.0 1.0 0.0 0.0 9.0 0.0
1445.0324967653185 0.0 0.0 0.0 1.0 0.0 0.0 9.0 0.0
1446.0148353681943 0.0 0.0 0.0 1.0 0.0 0.0 9.0 0.0
1447.002618307345 0.0 0.0 0.0 1.0 0.0 0.0 9.0 0.0
1448.0533169889784 0.0 0.0 0.0 1.0 0.0 0.0 9.0 0.0
1449.0089846283718 0.0 0.0 0.0 1.0 0.0 0.0 9.0 0.0
1450.0184257934027 0.0 0.0 0.0 1.0 0.0 0.0 9.0 0.0
1451.0125450540452 0.0 0.0 0.0 1.0 0.0 0.0 9.0 0.0
1452.0927108665715 0.0 0.0 0.0 1.0 0.0 0.0 9.0 0.0
1453.003583416803 0.0 0.0 0.0 1.0 0.0 0.0 9.0 0.0
1454.0788812367034 0.0 0.0 0.0 1.0 0.0 0.0 9.0 0.0
1455.0389845794505 0.0 0.0 0.0 1.0 0.0 0.0 9.0 0.0
1456.0256607110703 0.0 0.0 0.0 1.0 0.0 0.0 9.0 0.0
1457.0099584286766 0.0 0.0 0.0 1.0 0.0 0.0 9.0 0.0
1458.034247276655 0.0 0.0 0.0 1.0 0.0 0.0 9.0 0.0
1459.1011020987655 0.0 0.0 0.0 1.0 0.0 0.0 9.0 0.0
1460.087442337042 0.0 0.0 0.0 1.0 0.0 0.0 9.0 0.0
1461.092032079687 0.0 0.0 0.0 1.0 0.0 0.0 9.0 0.0
1462.0152441224448 0.0 0.0 0.0 1.0 0.0 0.0 9.0 0.0
1463.0069496089632 0.0 0.0 0.0 1.0 0.0 0.0 9.0 0.0
1464.016635517488 0.0 0.0 0.0 1.0 0.0 0.0 9.0 0.0
1465.0296786778272 0.0 0.0 0.0 1.0 0.0 0.0 9.0 0.0
1466.0092283315234 0.0 0.0 0.0 1.0 0.0 0.0 9.0 0.0
1467.0366763948837 0.0 0.0 0.0 1.0 0.0 0.0 9.0 0.0
1468.0389049142775 0.0 0.0 0.0 1.0 0.0 0.0 9.0 0.0
1469.009621297711 0.0 0.0 0.0 1.0 0.0 0.0 9.0 0.0
1470.0382368012079 0.0 0.0 0.0 1.0 0.0 0.0 9.0 0.0
1471.024483455544 0.0 0.0 0.0 1.0 0.0 0.0 9.0 0.0
1472.0114172890414 0.0 0.0 0.0 1.0 0.0 0.0 9.0 0.0
1473.0100718402582 0.0 0.0 0.0 1.0 0.0 0.0 9.0 0.0
1474.003420766902 0.0 0.0 0.0 1.0 0.0 0.0 9.0 0.0
1475.0004320447806 0.0 0.0 0.0 1.0 0.0 0.0 9.0 0.0
1476.0395091661178 0.0 0.0 0.0 1.0 0.0 0.0 9.0 0.0
1477.0279995053377 0.0 0.0 0.0 1.0 0.0 0.0 9.0 0.0
1478.0313279036775 0.0 0.0 0.0 1.0 0.0 0.0 9.0 0.0
1479.0292323817375 0.0 0.0 0.0 1.0 0.0 0.0 9.0 0.0
1480.003503552806 0.0 0.0 0.0 1.0 0.0 0.0 9.0 0.0
1481.0188026086812 0.0 0.0 0.0 1.0 0.0 0.0 9.0 0.0
1482.0251566139416 0.0 0.0 0.0 1.0 0.0 0.0 9.0 0.0
1483.0117017185678 0.0 0.0 0.0 1.0 0.0 0.0 9.0 0.0
1484.0759979495976 0.0 0.0 0.0 1.0 0.0 0.0 9.0 0.0
1485.000349010392 0.0 0.0 0.0 1.0 0.0 0.0 9.0 0.0
1486.0041063992192 0.0 0.0 0.0 1.0 0.0 0.0 9.0 0.0
1487.0416239773094 0.0 0.0 0.0 1.0 0.0 0.0 9.0 0.0
1488.0376594677098 0.0 0.0 0.0 1.0 0.0 0.0 9.0 0.0
1489.0154339035691 0.0 0.0 0.0 1.0 0.0 0.0 9.0 0.0
1490.0034200349055 0.0 0.0 0.0 1.0 0.0 0.0 9.0 0.0
1491.0228732535004 0.0 0.0 0.0 1.0 0.0 0.0 9.0 0.0
1492.0106647608093 0.0 0.0 0.0 1.0 0.0 0.0 9.0 0.0
1493.0096817939962 0.0 0.0 0.0 1.0 0.0 0.0 9.0 0.0
1494.006067016803 0.0 0.0 0.0 1.0 0.0 0.0 9.0 0.0
1495.0223176550328 0.0 0.0 0.0 1.0 0.0 0.0 9.0 0.0
1496.001277912412 0.0 0.0 0.0 1.0 0.0 0.0 9.0 0.0
1497.0033113082443 0.0 0.0 0.0 1.0 0.0 0.0 9.0 0.0
1498.067266903816 0.0 0.0 0.0 1.0 0.0 0.0 9.0 0.0
1499.0173071341158 0.0 0.0 0.0 1.0 0.0 0.0 9.0 0.0
1500.0029955521406 0.0 0.0 0.0 1.0 0.0 0.0 9.0 0.0
1501.0415219109993 0.0 0.0 0.0 1.0 0.0 0.0 9.0 0.0
1502.0524336348956 0.0 0.0 0.0 1.0 0.0 0.0 9.0 0.0
1503.014353270535 0.0 0.0 0.0 1.0 0.0 0.0 9.0 0.0
1504.0055233852318 0.0 0.0 0.0 1.0 0.0 0.0 9.0 0.0
1505.0123616082972 0.0 0.0 0.0 1.0 0.0 0.0 9.0 0.0
1506.0069430919057 0.0 0.0 0.0 1.0 0.0 0.0 9.0 0.0
1507.0571021661717 0.0 0.0 0.0 1.0 0.0 0.0 9.0 0.0
1508.003462015862 0.0 0.0 0.0 1.0 0.0 0.0 9.0 0.0
1509.0029268064245 0.0 0.0 0.0 1.0 0.0 0.0 9.0 0.0
1510.000109428259 0.0 0.0 0.0 1.0 0.0 0.0 9.0 0.0
1511.0068741681803 0.0 0.0 0.0 1.0 0.0 0.0 9.0 0.0
1512.0039979767412 0.0 0.0 0.0 1.0 0.0 0.0 9.0 0.0
1513.0915511679837 0.0 0.0 0.0 1.0 0.0 0.0 9.0 0.0
1514.0029435233585 0.0 0.0 0.0 1.0 0.0 0.0 9.0 0.0
1515.0021605295126 0.0 0.0 0.0 1.0 0.0 0.0 9.0 0.0
1516.0063255922478 0.0 0.0 0.0 1.0 0.0 0.0 9.0 0.0
1517.041577409731 0.0 0.0 0.0 1.0 0.0 0.0 9.0 0.0
1518.0051667536818 0.0 0.0 0.0 1.0 0.0 0.0 9.0 0.0
1519.0069230223253 0.0 0.0 0.0 1.0 0.0 0.0 9.0 0.0
1520.0869183045863 0.0 0.0 0.0 1.0 0.0 0.0 9.0 0.0
1521.0055718550695 0.0 0.0 0.0 1.0 0.0 0.0 9.0 0.0
1522.0142400654643 0.0 0.0 0.0 1.0 0.0 0.0 9.0 0.0
1523.001266660077 0.0 0.0 0.0 1.0 0.0 0.0 9.0 0.0
1524.0083899174929 0.0 0.0 0.0 1.0 0.0 0.0 9.0 0.0
1525.0318085215488 0.0 0.0 0.0 1.0 0.0 0.0 9.0 0.0
1526.0161094989314 0.0 0.0 0.0 1.0 0.0 0.0 9.0 0.0
1527.0498874677955 0.0 0.0 0.0 1.0 0.0 0.0 9.0 0.0
1528.024212483897 0.0 0.0 0.0 1.0 0.0 0.0 9.0 0.0
1529.1059958343953 0.0 0.0 0.0 1.0 0.0 0.0 9.0 0.0
1530.041812151545 0.0 0.0 0.0 1.0 0.0 0.0 9.0 0.0
1531.1059958343953 0.0 0.0 0.0 1.0 0.0 0.0 9.0 0.0
1532.0559417981847 0.0 0.0 0.0 1.0 0.0 0.0 9.0 0.0
1533.0070038275385 0.0 0.0 0.0 1.0 0.0 0.0 9.0 0.0
1534.0138823801628 0.0 0.0 0.0 1.0 0.0 0.0 9.0 0.0
1535.0114553340409 0.0 0.0 0.0 1.0 0.0 0.0 9.0 0.0
1536.0303988868327 0.0 0.0 0.0 1.0 0.0 0.0 9.0 0.0
1537.0600808001402 0.0 0.0 0.0 1.0 0.0 0.0 9.0 0.0
1538.0432768883986 0.0 0.0 0.0 1.0 0.0 0.0 9.0 0.0
1539.0119696444426 0.0 0.0 0.0 1.0 0.0 0.0 9.0 0.0
1540.020293525583 0.0 0.0 0.0 1.0 0.0 0.0 9.0 0.0
1541.0143554353135 0.0 0.0 0.0 1.0 0.0 0.0 9.0 0.0
1542.017590310903 0.0 0.0 0.0 1.0 0.0 0.0 9.0 0.0
1543.0506772892086 0.0 0.0 0.0 1.0 0.0 0.0 9.0 0.0
1544.0421052715044 0.0 0.0 0.0 1.0 0.0 0.0 9.0 0.0
1545.0210241058146 0.0 0.0 0.0 1.0 0.0 0.0 9.0 0.0
1546.073845587115 0.0 0.0 0.0 1.0 0.0 0.0 9.0 0.0
1547.0024439815384 0.0 0.0 0.0 1.0 0.0 0.0 9.0 0.0
1548.0225659475577 0.0 0.0 0.0 1.0 0.0 0.0 9.0 0.0
1549.009976501208 0.0 0.0 0.0 1.0 0.0 0.0 9.0 0.0
1550.065710166486 0.0 0.0 0.0 1.0 0.0 0.0 9.0 0.0
1551.019020192739 0.0 0.0 0.0 1.0 0.0 0.0 9.0 0.0
1552.065160765084 0.0 0.0 0.0 1.0 0.0 0.0 9.0 0.0
1553.0250720292677 0.0 0.0 0.0 1.0 0.0 0.0 9.0 0.0
1554.0127725282998 0.0 0.0 0.0 1.0 0.0 0.0 9.0 0.0
1555.0433889071953 0.0 0.0 0.0 1.0 0.0 0.0 9.0 0.0
1556.1059958343953 0.0 0.0 0.0 1.0 0.0 0.0 9.0 0.0
1557.004778295699 0.0 0.0 0.0 1.0 0.0 0.0 9.0 0.0
1558.0350443743307 0.0 0.0 0.0 1.0 0.0 0.0 9.0 0.0
1559.0516106105895 0.0 0.0 0.0 1.0 0.0 0.0 9.0 0.0
1560.0098275649386 0.0 0.0 0.0 1.0 0.0 0.0 9.0 0.0
1561.000224306411 0.0 0.0 0.0 1.0 0.0 0.0 9.0 0.0
1562.0061689125453 0.0 0.0 0.0 1.0 0.0 0.0 9.0 0.0
1563.1059958343953 0.0 0.0 0.0 1.0 0.0 0.0 9.0 0.0
1564.06445128762 0.0 0.0 0.0 1.0 0.0 0.0 9.0 0.0
1565.0252614755022 0.0 0.0 0.0 1.0 0.0 0.0 9.0 0.0
1566.002468040988 0.0 0.0 0.0 1.0 0.0 0.0 9.0 0.0
1567.0120083196362 0.0 0.0 0.0 1.0 0.0 0.0 9.0 0.0
1568.0009200202476 0.0 0.0 0.0 1.0 0.0 0.0 9.0 0.0
1569.008155453622 0.0 0.0 0.0 1.0 0.0 0.0 9.0 0.0
1570.0597952902874 0.0 0.0 0.0 1.0 0.0 0.0 9.0 0.0
1571.0117521622135 0.0 0.0 0.0 1.0 0.0 0.0 9.0 0.0
1572.1059958343953 0.0 0.0 0.0 1.0 0.0 0.0 9.0 0.0
1573.066309513618 0.0 0.0 0.0 1.0 0.0 0.0 9.0 0.0
1574.014625159197 0.0 0.0 0.0 1.0 0.0 0.0 9.0 0.0
1575.0865500098596 0.0 0.0 0.0 1.0 0.0 0.0 9.0 0.0
1576.0630126336291 0.0 0.0 0.0 1.0 0.0 0.0 9.0 0.0
1577.0002096508058 0.0 0.0 0.0 1.0 0.0 0.0 9.0 0.0
1578.0047200622448 0.0 0.0 0.0 1.0 0.0 0.0 9.0 0.0
1579.0192980861261 0.0 0.0 0.0 1.0 0.0 0.0 9.0 0.0
1580.0063397026804 0.0 0.0 0.0 1.0 0.0 0.0 9.0 0.0
1581.0086302416378 0.0 0.0 0.0 1.0 0.0 0.0 9.0 0.0
1582.0270493456328 0.0 0.0 0.0 1.0 0.0 0.0 9.0 0.0
1583.0384574944278 0.0 0.0 0.0 1.0 0.0 0.0 9.0 0.0
1584.0208931988311 0.0 0.0 0.0 1.0 0.0 0.0 9.0 0.0
1585.005203911773 0.0 0.0 0.0 1.0 0.0 0.0 9.0 0.0
1586.0201341732131 0.0 0.0 0.0 1.0 0.0 0.0 9.0 0.0
1587.00406747946 0.0 0.0 0.0 1.0 0.0 0.0 9.0 0.0
1588.005638478707 0.0 0.0 0.0 1.0 0.0 0.0 9.0 0.0
1589.0040375284682 0.0 0.0 0.0 1.0 0.0 0.0 9.0 0.0
1590.0444818417086 0.0 0.0 0.0 1.0 0.0 0.0 9.0 0.0
1591.033380210875 0.0 0.0 0.0 1.0 0.0 0.0 9.0 0.0
1592.0051252731496 0.0 0.0 0.0 1.0 0.0 0.0 9.0 0.0
1593.0018244398375 0.0 0.0 0.0 1.0 0.0 0.0 9.0 0.0
1594.0147865829351 0.0 0.0 0.0 1.0 0.0 0.0 9.0 0.0
1595.0858327690516 0.0 0.0 0.0 1.0 0.0 0.0 9.0 0.0
1596.0078011795908 0.0 0.0 0.0 1.0 0.0 0.0 9.0 0.0
1597.0242392759314 0.0 0.0 0.0 1.0 0.0 0.0 9.0 0.0
1598.070051830935 0.0 0.0 0.0 1.0 0.0 0.0 9.0 0.0
1599.052624086616 0.0 0.0 0.0 1.0 0.0 0.0 9.0 0.0
1600.0154809912785 0.0 0.0 0.0 1.0 0.0 0.0 9.0 0.0
1601.0077807421878 0.0 0.0 0.0 1.0 0.0 0.0 9.0 0.0
1602.0100251370638 0.0 0.0 0.0 1.0 0.0 0.0 9.0 0.0
1603.0187071302344 0.0 0.0 0.0 1.0 0.0 0.0 9.0 0.0
1604.0145536574628 0.0 0.0 0.0 1.0 0.0 0.0 9.0 0.0
1605.096751955665 0.0 0.0 0.0 1.0 0.0 0.0 9.0 0.0
1606.010043734024 0.0 0.0 0.0 1.0 0.0 0.0 9.0 0.0
1607.0164249410384 0.0 0.0 0.0 1.0 0.0 0.0 9.0 0.0
1608.0824939748868 0.0 0.0 0.0 1.0 0.0 0.0 9.0 0.0
1609.0554172466927 0.0 0.0 0.0 1.0 0.0 0.0 9.0 0.0
1610.0905681747872 0.0 0.0 0.0 1.0 0.0 0.0 9.0 0.0
1611.046672177775 0.0 0.0 0.0 1.0 0.0 0.0 9.0 0.0
1612.0233303136215 0.0 0.0 0.0 1.0 0.0 0.0 9.0 0.0
1613.0325934889513 0.0 0.0 0.0 1.0 0.0 0.0 9.0 0.0
1614.0492741325877 0.0 0.0 0.0 1.0 0.0 0.0 9.0 0.0
1615.015743021073 0.0 0.0 0.0 1.0 0.0 0.0 9.0 0.0
1616.0348550033705 0.0 0.0 0.0 1.0 0.0 0.0 9.0 0.0
1617.0027667724867 0.0 0.0 0.0 1.0 0.0 0.0 9.0 0.0
1618.004243356299 0.0 0.0 0.0 1.0 0.0 0.0 9.0 0.0
1619.0324813731102 0.0 0.0 0.0 1.0 0.0 0.0 9.0 0.0
1620.0010049185337 0.0 0.0 0.0 1.0 0.0 0.0 9.0 0.0
1621.0487778351417 0.0 0.0 0.0 1.0 0.0 0.0 9.0 0.0
1622.0279345138695 0.0 0.0 0.0 1.0 0.0 0.0 9.0 0.0
1623.0254085179138 0.0 0.0 0.0 1.0 0.0 0.0 9.0 0.0
1624.0049696490141 0.0 0.0 0.0 1.0 0.0 0.0 9.0 0.0
1625.0307693788975 0.0 0.0 0.0 1.0 0.0 0.0 9.0 0.0
1626.007956762566 0.0 0.0 0.0 1.0 0.0 0.0 9.0 0.0
1627.0770406642648 0.0 0.0 0.0 1.0 0.0 0.0 9.0 0.0
1628.0520588990785 0.0 0.0 0.0 1.0 0.0 0.0 9.0 0.0
1629.0356755219138 0.0 0.0 0.0 1.0 0.0 0.0 9.0 0.0
1630.0092833666351 0.0 0.0 0.0 1.0 0.0 0.0 9.0 0.0
1631.0135797372395 0.0 0.0 0.0 1.0 0.0 0.0 9.0 0.0
1632.002658244195 0.0 0.0 0.0 1.0 0.0 0.0 9.0 0.0
1633.0189657297776 0.0 0.0 0.0 1.0 0.0 0.0 9.0 0.0
1634.0409249427778 0.0 0.0 0.0 1.0 0.0 0.0 9.0 0.0
1635.0491755902326 0.0 0.0 0.0 1.0 0.0 0.0 9.0 0.0
1636.0042525999747 0.0 0.0 0.0 1.0 0.0 0.0 9.0 0.0
1637.0093810385195 0.0 0.0 0.0 1.0 0.0 0.0 9.0 0.0
1638.015238073352 0.0 0.0 0.0 1.0 0.0 0.0 9.0 0.0
1639.0209420179947 0.0 0.0 0.0 1.0 0.0 0.0 9.0 0.0
1640.0145439172743 0.0 0.0 0.0 1.0 0.0 0.0 9.0 0.0
1641.1059958343953 0.0 0.0 0.0 1.0 0.0 0.0 9.0 0.0
1642.028013936891 0.0 0.0 0.0 1.0 0.0 0.0 9.0 0.0
1643.0837235282443 0.0 0.0 0.0 1.0 0.0 0.0 9.0 0.0
1644.003478448042 0.0 0.0 0.0 1.0 0.0 0.0 9.0 0.0
1645.06199441546 0.0 0.0 0.0 1.0 0.0 0.0 9.0 0.0
1646.0012332899921 0.0 0.0 0.0 1.0 0.0 0.0 9.0 0.0
1647.0193436048175 0.0 0.0 0.0 1.0 0.0 0.0 9.0 0.0
1648.0108970957226 0.0 0.0 0.0 1.0 0.0 0.0 9.0 0.0
1649.0617623587948 0.0 0.0 0.0 1.0 0.0 0.0 9.0 0.0
1650.0018659020757 0.0 0.0 0.0 1.0 0.0 0.0 9.0 0.0
1651.062429430896 0.0 0.0 0.0 1.0 0.0 0.0 9.0 0.0
1652.0326327097687 0.0 0.0 0.0 1.0 0.0 0.0 9.0 0.0
1653.1059958343953 0.0 0.0 0.0 1.0 0.0 0.0 9.0 0.0
1654.0043085020934 0.0 0.0 0.0 1.0 0.0 0.0 9.0 0.0
1655.0176535335722 0.0 0.0 0.0 1.0 0.0 0.0 9.0 0.0
1656.0082142797178 0.0 0.0 0.0 1.0 0.0 0.0 9.0 0.0
1657.1001075825727 0.0 0.0 0.0 1.0 0.0 0.0 9.0 0.0
1658.0072886592086 0.0 0.0 0.0 1.0 0.0 0.0 9.0 0.0
1659.0521117084795 0.0 0.0 0.0 1.0 0.0 0.0 9.0 0.0
1660.0121586508433 0.0 0.0 0.0 1.0 0.0 0.0 9.0 0.0
1661.017286170542 0.0 0.0 0.0 1.0 0.0 0.0 9.0 0.0
1662.051240535957 0.0 0.0 0.0 1.0 0.0 0.0 9.0 0.0
1663.0083285906155 0.0 0.0 0.0 1.0 0.0 0.0 9.0 0.0
1664.0097754221458 0.0 0.0 0.0 1.0 0.0 0.0 9.0 0.0
1665.0126919124816 0.0 0.0 0.0 1.0 0.0 0.0 9.0 0.0
1666.0067236193595 0.0 0.0 0.0 1.0 0.0 0.0 9.0 0.0
1667.0030729648638 0.0 0.0 0.0 1.0 0.0 0.0 9.0 0.0
1668.011351751865 0.0 0.0 0.0 1.0 0.0 0.0 9.0 0.0
1669.0691864954072 0.0 0.0 0.0 1.0 0.0 0.0 9.0 0.0
1670.0112649744003 0.0 0.0 0.0 1.0 0.0 0.0 9.0 0.0
1671.0045475719608 0.0 0.0 0.0 1.0 0.0 0.0 9.0 0.0
1672.0056784729384 0.0 0.0 0.0 1.0 0.0 0.0 9.0 0.0
1673.0329830592402 0.0 0.0 0.0 1.0 0.0 0.0 9.0 0.0
1674.0078475583464 0.0 0.0 0.0 1.0 0.0 0.0 9.0 0.0
1675.009869622487 0.0 0.0 0.0 1.0 0.0 0.0 9.0 0.0
1676.0856319323373 0.0 0.0 0.0 1.0 0.0 0.0 9.0 0.0
1677.02138175117 0.0 0.0 0.0 1.0 0.0 0.0 9.0 0.0
1678.0039832801638 0.0 0.0 0.0 1.0 0.0 0.0 9.0 0.0
1679.0062213547271 0.0 0.0 0.0 1.0 0.0 0.0 9.0 0.0
1680.009052063863 0.0 0.0 0.0 1.0 0.0 0.0 9.0 0.0
1681.0198570806629 0.0 0.0 0.0 1.0 0.0 0.0 9.0 0.0
1682.0068314170426 0.0 0.0 0.0 1.0 0.0 0.0 9.0 0.0
1683.0194330931915 0.0 0.0 0.0 1.0 0.0 0.0 9.0 0.0
1684.029675198748 0.0 0.0 0.0 1.0 0.0 0.0 9.0 0.0
1685.0158674937393 0.0 0.0 0.0 1.0 0.0 0.0 9.0 0.0
1686.0295662889166 0.0 0.0 0.0 1.0 0.0 0.0 9.0 0.0
1687.000182351308 0.0 0.0 0.0 1.0 0.0 0.0 9.0 0.0
1688.0009088134861 0.0 0.0 0.0 1.0 0.0 0.0 9.0 0.0
1689.0555001624396 0.0 0.0 0.0 1.0 0.0 0.0 9.0 0.0
1690.0469875193946 0.0 0.0 0.0 1.0 0.0 0.0 9.0 0.0
1691.0098877352018 0.0 0.0 0.0 1.0 0.0 0.0 9.0 0.0
1692.0095102135037 0.0 0.0 0.0 1.0 0.0 0.0 9.0 0.0
1693.0220803801622 0.0 0.0 0.0 1.0 0.0 0.0 9.0 0.0
1694.0417933597992 0.0 0.0 0.0 1.0 0.0 0.0 9.0 0.0
1695.0050595982946 0.0 0.0 0.0 1.0 0.0 0.0 9.0 0.0
1696.0221967510215 0.0 0.0 0.0 1.0 0.0 0.0 9.0 0.0
1697.0456056881337 0.0 0.0 0.0 1.0 0.0 0.0 9.0 0.0
1698.006319107837 0.0 0.0 0.0 1.0 0.0 0.0 9.0 0.0
1699.0177489370608 0.0 0.0 0.0 1.0 0.0 0.0 9.0 0.0
1700.0147230356558 0.0 0.0 0.0 1.0 0.0 0.0 9.0 0.0
1701.0133029655983 0.0 0.0 0.0 1.0 0.0 0.0 9.0 0.0
1702.000535746148 0.0 0.0 0.0 1.0 0.0 0.0 9.0 0.0
1703.0432967726247 0.0 0.0 0.0 1.0 0.0 0.0 9.0 0.0
1704.0042705395706 0.0 0.0 0.0 1.0 0.0 0.0 9.0 0.0
1705.0654630436081 0.0 0.0 0.0 1.0 0.0 0.0 9.0 0.0
1706.0157237673839 0.0 0.0 0.0 1.0 0.0 0.0 9.0 0.0
1707.0042515091504 0.0 0.0 0.0 1.0 0.0 0.0 9.0 0.0
1708.0004844230652 0.0 0.0 0.0 1.0 0.0 0.0 9.0 0.0
1709.0786107549402 0.0 0.0 0.0 1.0 0.0 0.0 9.0 0.0
1710.0014981034478 0.0 0.0 0.0 1.0 0.0 0.0 9.0 0.0
1711.0086328676482 0.0 0.0 0.0 1.0 0.0 0.0 9.0 0.0
1712.0130001429034 0.0 0.0 0.0 1.0 0.0 0.0 9.0 0.0
1713.0364236990722 0.0 0.0 0.0 1.0 0.0 0.0 9.0 0.0
1714.0220955539198 0.0 0.0 0.0 1.0 0.0 0.0 9.0 0.0
1715.0211162379906 0.0 0.0 0.0 1.0 0.0 0.0 9.0 0.0
1716.0858758919808 0.0 0.0 0.0 1.0 0.0 0.0 9.0 0.0
1717.037386839996 0.0 0.0 0.0 1.0 0.0 0.0 9.0 0.0
1718.071947685168 0.0 0.0 0.0 1.0 0.0 0.0 9.0 0.0
1719.0256634583109 0.0 0.0 0.0 1.0 0.0 0.0 9.0 0.0
1720.0198742561738 0.0 0.0 0.0 1.0 0.0 0.0 9.0 0.0
1721.020755567611 0.0 0.0 0.0 1.0 0.0 0.0 9.0 0.0
1722.0632374523523 0.0 0.0 0.0 1.0 0.0 0.0 9.0 0.0
1723.0326676022285 0.0 0.0 0.0 1.0 0.0 0.0 9.0 0.0
1724.0197725252451 0.0 0.0 0.0 1.0 0.0 0.0 9.0 0.0
1725.0102866104746 0.0 0.0 0.0 1.0 0.0 0.0 9.0 0.0
1726.0711458389248 0.0 0.0 0.0 1.0 0.0 0.0 9.0 0.0
1727.0696757297821 0.0 0.0 0.0 1.0 0.0 0.0 9.0 0.0
1728.0047457742494 0.0 0.0 0.0 1.0 0.0 0.0 9.0 0.0
1729.002941261253 0.0 0.0 0.0 1.0 0.0 0.0 9.0 0.0
1730.0024896339357 0.0 0.0 0.0 1.0 0.0 0.0 9.0 0.0
1731.0168536084725 0.0 0.0 0.0 1.0 0.0 0.0 9.0 0.0
1732.0395888644866 0.0 0.0 0.0 1.0 0.0 0.0 9.0 0.0
1733.0076569487385 0.0 0.0 0.0 1.0 0.0 0.0 9.0 0.0
1734.0233951783653 0.0 0.0 0.0 1.0 0.0 0.0 9.0 0.0
1735.0050441850694 0.0 0.0 0.0 1.0 0.0 0.0 9.0 0.0
1736.0184844697985 0.0 0.0 0.0 1.0 0.0 0.0 9.0 0.0
1737.0748053075229 0.0 0.0 0.0 1.0 0.0 0.0 9.0 0.0
1738.0064886019259 0.0 0.0 0.0 1.0 0.0 0.0 9.0 0.0
1739.1004817056146 0.0 0.0 0.0 1.0 0.0 0.0 9.0 0.0
1740.034198426945 0.0 0.0 0.0 1.0 0.0 0.0 9.0 0.0
1741.0468466249638 0.0 0.0 0.0 1.0 0.0 0.0 9.0 0.0
1742.010841610404 0.0 0.0 0.0 1.0 0.0 0.0 9.0 0.0
1743.0215816186355 0.0 0.0 0.0 1.0 0.0 0.0 9.0 0.0
1744.0264503664423 0.0 0.0 0.0 1.0 0.0 0.0 9.0 0.0
1745.024493296803 0.0 0.0 0.0 1.0 0.0 0.0 9.0 0.0
1746.0637750736714 0.0 0.0 0.0 1.0 0.0 0.0 9.0 0.0
1747.0018767149577 0.0 0.0 0.0 1.0 0.0 0.0 9.0 0.0
1748.0093741386654 0.0 0.0 0.0 1.0 0.0 0.0 9.0 0.0
1749.0191422535186 0.0 0.0 0.0 1.0 0.0 0.0 9.0 0.0
1750.0180722172793 0.0 0.0 0.0 1.0 0.0 0.0 9.0 0.0
1751.012659578901 0.0 0.0 0.0 1.0 0.0 0.0 9.0 0.0
1752.0189890121349 0.0 0.0 0.0 1.0 0.0 0.0 9.0 0.0
1753.020938707801 0.0 0.0 0.0 1.0 0.0 0.0 9.0 0.0
1754.0152175574622 0.0 0.0 0.0 1.0 0.0 0.0 9.0 0.0
1755.016992518856 0.0 0.0 0.0 1.0 0.0 0.0 9.0 0.0
1756.0073285231406 0.0 0.0 0.0 1.0 0.0 0.0 9.0 0.0
1757.003640109201 0.0 0.0 0.0 1.0 0.0 0.0 9.0 0.0
1758.0252066242185 0.0 0.0 0.0 1.0 0.0 0.0 9.0 0.0
1759.0403790255368 0.0 0.0 0.0 1.0 0.0 0.0 9.0 0.0
1760.0280389973566 0.0 0.0 0.0 1.0 0.0 0.0 9.0 0.0
1761.008072549393 0.0 0.0 0.0 1.0 0.0 0.0 9.0 0.0
1762.028735783787 0.0 0.0 0.0 1.0 0.0 0.0 9.0 0.0
1763.025752934486 0.0 0.0 0.0 1.0 0.0 0.0 9.0 0.0
1764.00631907154 0.0 0.0 0.0 1.0 0.0 0.0 9.0 0.0
1765.0524420549148 0.0 0.0 0.0 1.0 0.0 0.0 9.0 0.0
1766.009620503156 0.0 0.0 0.0 1.0 0.0 0.0 9.0 0.0
1767.0423687921862 0.0 0.0 0.0 1.0 0.0 0.0 9.0 0.0
1768.0487583809804 0.0 0.0 0.0 1.0 0.0 0.0 9.0 0.0
1769.0055746117316 0.0 0.0 0.0 1.0 0.0 0.0 9.0 0.0
1770.0598392359348 0.0 0.0 0.0 1.0 0.0 0.0 9.0 0.0
1771.0529393408563 0.0 0.0 0.0 1.0 0.0 0.0 9.0 0.0
1772.0020708430702 0.0 0.0 0.0 1.0 0.0 0.0 9.0 0.0
1773.0219294279166 0.0 0.0 0.0 1.0 0.0 0.0 9.0 0.0
1774.0318761487192 0.0 0.0 0.0 1.0 0.0 0.0 9.0 0.0
1775.008996548143 0.0 0.0 0.0 1.0 0.0 0.0 9.0 0.0
1776.0175226501058 0.0 0.0 0.0 1.0 0.0 0.0 9.0 0.0
1777.0604355259516 0.0 0.0 0.0 1.0 0.0 0.0 9.0 0.0
1778.021690225914 0.0 0.0 0.0 1.0 0.0 0.0 9.0 0.0
1779.005180144296 0.0 0.0 0.0 1.0 0.0 0.0 9.0 0.0
1780.0101111974723 0.0 0.0 0.0 1.0 0.0 0.0 9.0 0.0
1781.0659192151834 0.0 0.0 0.0 1.0 0.0 0.0 9.0 0.0
1782.0689455026495 0.0 0.0 0.0 1.0 0.0 0.0 9.0 0.0
1783.004873028927 0.0 0.0 0.0 1.0 0.0 0.0 9.0 0.0
1784.0175631908517 0.0 0.0 0.0 1.0 0.0 0.0 9.0 0.0
1785.0058950933155 0.0 0.0 0.0 1.0 0.0 0.0 9.0 0.0
1786.0039519119941 0.0 0.0 0.0 1.0 0.0 0.0 9.0 0.0
1787.040941639655 0.0 0.0 0.0 1.0 0.0 0.0 9.0 0.0
1788.0236892976793 0.0 0.0 0.0 1.0 0.0 0.0 9.0 0.0
1789.015210981402 0.0 0.0 0.0 1.0 0.0 0.0 9.0 0.0
1790.0563235110924 0.0 0.0 0.0 1.0 0.0 0.0 9.0 0.0
1791.1059958343953 0.0 0.0 0.0 1.0 0.0 0.0 9.0 0.0
1792.0511454677983 0.0 0.0 0.0 1.0 0.0 0.0 9.0 0.0
1793.001080850697 0.0 0.0 0.0 1.0 0.0 0.0 9.0 0.0
1794.0484690343449 0.0 0.0 0.0 1.0 0.0 0.0 9.0 0.0
1795.0204345592633 0.0 0.0 0.0 1.0 0.0 0.0 9.0 0.0
1796.0121869510574 0.0 0.0 0.0 1.0 0.0 0.0 9.0 0.0
1797.0112518552626 0.0 0.0 0.0 1.0 0.0 0.0 9.0 0.0
1798.0180409542234 0.0 0.0 0.0 1.0 0.0 0.0 9.0 0.0
1799.0341745498242 0.0 0.0 0.0 1.0 0.0 0.0 9.0 0.0
1800.0110891552476 0.0 0.0 0.0 1.0 0.0 0.0 9.0 0.0
1801.0258048359162 0.0 0.0 0.0 1.0 0.0 0.0 9.0 0.0
1802.0220159458577 0.0 0.0 0.0 1.0 0.0 0.0 9.0 0.0
1803.0221145830637 0.0 0.0 0.0 1.0 0.0 0.0 9.0 0.0
1804.01968455968 0.0 0.0 0.0 1.0 0.0 0.0 9.0 0.0
1805.1059958343953 0.0 0.0 0.0 1.0 0.0 0.0 9.0 0.0
1806.0368317330106 0.0 0.0 0.0 1.0 0.0 0.0 9.0 0.0
1807.0051672317877 0.0 0.0 0.0 1.0 0.0 0.0 9.0 0.0
1808.000141971349 0.0 0.0 0.0 1.0 0.0 0.0 9.0 0.0
1809.0017865173734 0.0 0.0 0.0 1.0 0.0 0.0 9.0 0.0
1810.0086575090136 0.0 0.0 0.0 1.0 0.0 0.0 9.0 0.0
1811.1059958343953 0.0 0.0 0.0 1.0 0.0 0.0 9.0 0.0
1812.0149030111402 0.0 0.0 0.0 1.0 0.0 0.0 9.0 0.0
1813.004743964102 0.0 0.0 0.0 1.0 0.0 0.0 9.0 0.0
1814.0046252388959 0.0 0.0 0.0 1.0 0.0 0.0 9.0 0.0
1815.0378797197345 0.0 0.0 0.0 1.0 0.0 0.0 9.0 0.0
1816.0487359053318 0.0 0.0 0.0 1.0 0.0 0.0 9.0 0.0
1817.0162510074588 0.0 0.0 0.0 1.0 0.0 0.0 9.0 0.0
1818.020861441718 0.0 0.0 0.0 1.0 0.0 0.0 9.0 0.0
1819.0313622354843 0.0 0.0 0.0 1.0 0.0 0.0 9.0 0.0
1820.058838123087 0.0 0.0 0.0 1.0 0.0 0.0 9.0 0.0
1821.017831201011 0.0 0.0 0.0 1.0 0.0 0.0 9.0 0.0
1822.002089141532 0.0 0.0 0.0 1.0 0.0 0.0 9.0 0.0
1823.0039893985281 0.0 0.0 0.0 1.0 0.0 0.0 9.0 0.0
1824.033689824535 0.0 0.0 0.0 1.0 0.0 0.0 9.0 0.0
1825.0175300254643 0.0 0.0 0.0 1.0 0.0 0.0 9.0 0.0
1826.0492770963845 0.0 0.0 0.0 1.0 0.0 0.0 9.0 0.0
1827.0022831862643 0.0 0.0 0.0 1.0 0.0 0.0 9.0 0.0
1828.0514601118218 0.0 0.0 0.0 1.0 0.0 0.0 9.0 0.0
1829.004832419269 0.0 0.0 0.0 1.0 0.0 0.0 9.0 0.0
1830.0035846776689 0.0 0.0 0.0 1.0 0.0 0.0 9.0 0.0
1831.0653866966 0.0 0.0 0.0 1.0 0.0 0.0 9.0 0.0
1832.0132125124667 0.0 0.0 0.0 1.0 0.0 0.0 9.0 0.0
1833.004589712087 0.0 0.0 0.0 1.0 0.0 0.0 9.0 0.0
1834.0022659107847 0.0 0.0 0.0 1.0 0.0 0.0 9.0 0.0
1835.0097510626867 0.0 0.0 0.0 1.0 0.0 0.0 9.0 0.0
1836.0575446226903 0.0 0.0 0.0 1.0 0.0 0.0 9.0 0.0
1837.0349567476926 0.0 0.0 0.0 1.0 0.0 0.0 9.0 0.0
1838.0036894645066 0.0 0.0 0.0 1.0 0.0 0.0 9.0 0.0
1839.0263673083427 0.0 0.0 0.0 1.0 0.0 0.0 9.0 0.0
1840.0185918287207 0.0 0.0 0.0 1.0 0.0 0.0 9.0 0.0
1841.020224323663 0.0 0.0 0.0 1.0 0.0 0.0 9.0 0.0
1842.010402570428 0.0 0.0 0.0 1.0 0.0 0.0 9.0 0.0
1843.0319832176388 0.0 0.0 0.0 1.0 0.0 0.0 9.0 0.0
1844.00903125738 0.0 0.0 0.0 1.0 0.0 0.0 9.0 0.0
1845.0132558493026 0.0 0.0 0.0 1.0 0.0 0.0 9.0 0.0
1846.001462858474 0.0 0.0 0.0 1.0 0.0 0.0 9.0 0.0
1847.014956752032 0.0 0.0 0.0 1.0 0.0 0.0 9.0 0.0
1848.0225847646616 0.0 0.0 0.0 1.0 0.0 0.0 9.0 0.0
1849.0367433476179 0.0 0.0 0.0 1.0 0.0 0.0 9.0 0.0
1850.0197693176476 0.0 0.0 0.0 1.0 0.0 0.0 9.0 0.0
1851.023593260135 0.0 0.0 0.0 1.0 0.0 0.0 9.0 0.0
1852.024864978754 0.0 0.0 0.0 1.0 0.0 0.0 9.0 0.0
1853.0184154051735 0.0 0.0 0.0 1.0 0.0 0.0 9.0 0.0
1854.0115588626968 0.0 0.0 0.0 1.0 0.0 0.0 9.0 0.0
1855.0320704780527 0.0 0.0 0.0 1.0 0.0 0.0 9.0 0.0
1856.020865663908 0.0 0.0 0.0 1.0 0.0 0.0 9.0 0.0
1857.0027452170343 0.0 0.0 0.0 1.0 0.0 0.0 9.0 0.0
1858.0257589007174 0.0 0.0 0.0 1.0 0.0 0.0 9.0 0.0
1859.0059286835246 0.0 0.0 0.0 1.0 0.0 0.0 9.0 0.0
1860.031691686118 0.0 0.0 0.0 1.0 0.0 0.0 9.0 0.0
1861.000146137243 0.0 0.0 0.0 1.0 0.0 0.0 9.0 0.0
1862.0122098703876 0.0 0.0 0.0 1.0 0.0 0.0 9.0 0.0
1863.0054866208332 0.0 0.0 0.0 1.0 0.0 0.0 9.0 0.0
1864.0408337339145 0.0 0.0 0.0 1.0 0.0 0.0 9.0 0.0
1865.0288963872981 0.0 0.0 0.0 1.0 0.0 0.0 9.0 0.0
1866.0108252776974 0.0 0.0 0.0 1.0 0.0 0.0 9.0 0.0
1867.0489732725882 0.0 0.0 0.0 1.0 0.0 0.0 9.0 0.0
1868.0592571581146 0.0 0.0 0.0 1.0 0.0 0.0 9.0 0.0
1869.0249322279058 0.0 0.0 0.0 1.0 0.0 0.0 9.0 0.0
1870.0284901292116 0.0 0.0 0.0 1.0 0.0 0.0 9.0 0.0
1871.0283711981588 0.0 0.0 0.0 1.0 0.0 0.0 9.0 0.0
1872.0153983756732 0.0 0.0 0.0 1.0 0.0 0.0 9.0 0.0
1873.0189413325872 0.0 0.0 0.0 1.0 0.0 0.0 9.0 0.0
1874.0061372363368 0.0 0.0 0.0 1.0 0.0 0.0 9.0 0.0
1875.0037316485877 0.0 0.0 0.0 1.0 0.0 0.0 9.0 0.0
1876.0350767700872 0.0 0.0 0.0 1.0 0.0 0.0 9.0 0.0
1877.0026919521197 0.0 0.0 0.0 1.0 0.0 0.0 9.0 0.0
1878.0125377130967 0.0 0.0 0.0 1.0 0.0 0.0 9.0 0.0
1879.0046958083049 0.0 0.0 0.0 1.0 0.0 0.0 9.0 0.0
1880.0028964022924 0.0 0.0 0.0 1.0 0.0 0.0 9.0 0.0
1881.0020515929464 0.0 0.0 0.0 1.0 0.0 0.0 9.0 0.0
1882.0003754672819 0.0 0.0 0.0 1.0 0.0 0.0 9.0 0.0
1883.1059958343953 0.0 0.0 0.0 1.0 0.0 0.0 9.0 0.0
1884.0075741653745 0.0 0.0 0.0 1.0 0.0 0.0 9.0 0.0
1885.0017015310798 0.0 0.0 0.0 1.0 0.0 0.0 9.0 0.0
1886.0340603751438 0.0 0.0 0.0 1.0 0.0 0.0 9.0 0.0
1887.0317115720836 0.0 0.0 0.0 1.0 0.0 0.0 9.0 0.0
1888.0162730867662 0.0 0.0 0.0 1.0 0.0 0.0 9.0 0.0
1889.0072685847913 0.0 0.0 0.0 1.0 0.0 0.0 9.0 0.0
1890.0457017347067 0.0 0.0 0.0 1.0 0.0 0.0 9.0 0.0
1891.1059958343953 0.0 0.0 0.0 1.0 0.0 0.0 9.0 0.0
1892.0828654106604 0.0 0.0 0.0 1.0 0.0 0.0 9.0 0.0
1893.004885407708 0.0 0.0 0.0 1.0 0.0 0.0 9.0 0.0
1894.004341363508 0.0 0.0 0.0 1.0 0.0 0.0 9.0 0.0
1895.0343005544162 0.0 0.0 0.0 1.0 0.0 0.0 9.0 0.0
1896.0795163535722 0.0 0.0 0.0 1.0 0.0 0.0 9.0 0.0
1897.0296934479952 0.0 0.0 0.0 1.0 0.0 0.0 9.0 0.0
1898.0066711213651 0.0 0.0 0.0 1.0 0.0 0.0 9.0 0.0
1899.022536581968 0.0 0.0 0.0 1.0 0.0 0.0 9.0 0.0
1900.0665755470577 0.0 0.0 0.0 1.0 0.0 0.0 9.0 0.0
1901.0412797058332 0.0 0.0 0.0 1.0 0.0 0.0 9.0 0.0
1902.012610808642 0.0 0.0 0.0 1.0 0.0 0.0 9.0 0.0
1903.0360806279332 0.0 0.0 0.0 1.0 0.0 0.0 9.0 0.0
1904.0051797197666 0.0 0.0 0.0 1.0 0.0 0.0 9.0 0.0
1905.0120957192796 0.0 0.0 0.0 1.0 0.0 0.0 9.0 0.0
1906.0769076703232 0.0 0.0 0.0 1.0 0.0 0.0 9.0 0.0
1907.0537267346315 0.0 0.0 0.0 1.0 0.0 0.0 9.0 0.0
1908.1028140076876 0.0 0.0 0.0 1.0 0.0 0.0 9.0 0.0
1909.0299910022288 0.0 0.0 0.0 1.0 0.0 0.0 9.0 0.0
1910.016047858942 0.0 0.0 0.0 1.0 0.0 0.0 9.0 0.0
1911.0610926779684 0.0 0.0 0.0 1.0 0.0 0.0 9.0 0.0
1912.0185944452328 0.0 0.0 0.0 1.0 0.0 0.0 9.0 0.0
1913.007723626965 0.0 0.0 0.0 1.0 0.0 0.0 9.0 0.0
1914.0010822847703 0.0 0.0 0.0 1.0 0.0 0.0 9.0 0.0
1915.0024340758766 0.0 0.0 0.0 1.0 0.0 0.0 9.0 0.0
1916.0106979818534 0.0 0.0 0.0 1.0 0.0 0.0 9.0 0.0
1917.0110385042422 0.0 0.0 0.0 1.0 0.0 0.0 9.0 0.0
1918.0135376040896 0.0 0.0 0.0 1.0 0.0 0.0 9.0 0.0
1919.0083637226603 0.0 0.0 0.0 1.0 0.0 0.0 9.0 0.0
1920.0045947804197 0.0 0.0 0.0 1.0 0.0 0.0 9.0 0.0
1921.013419922196 0.0 0.0 0.0 1.0 0.0 0.0 9.0 0.0
1922.0244941979774 0.0 0.0 0.0 1.0 0.0 0.0 9.0 0.0
1923.004760337265 0.0 0.0 0.0 1.0 0.0 0.0 9.0 0.0
1924.0724566444915 0.0 0.0 0.0 1.0 0.0 0.0 9.0 0.0
1925.043044704252 0.0 0.0 0.0 1.0 0.0 0.0 9.0 0.0
1926.0073536545533 0.0 0.0 0.0 1.0 0.0 0.0 9.0 0.0
1927.0784625281865 0.0 0.0 0.0 1.0 0.0 0.0 9.0 0.0
1928.048240849847 0.0 0.0 0.0 1.0 0.0 0.0 9.0 0.0
1929.0149255039846 0.0 0.0 0.0 1.0 0.0 0.0 9.0 0.0
1930.0001870071278 0.0 0.0 0.0 1.0 0.0 0.0 9.0 0.0
1931.0180168840752 0.0 0.0 0.0 1.0 0.0 0.0 9.0 0.0
1932.0279033204101 0.0 0.0 0.0 1.0 0.0 0.0 9.0 0.0
1933.001679372305 0.0 0.0 0.0 1.0 0.0 0.0 9.0 0.0
1934.0055867488843 0.0 0.0 0.0 1.0 0.0 0.0 9.0 0.0
1935.0266195898537 0.0 0.0 0.0 1.0 0.0 0.0 9.0 0.0
1936.0648484185247 0.0 0.0 0.0 1.0 0.0 0.0 9.0 0.0
1937.0251439971569 0.0 0.0 0.0 1.0 0.0 0.0 9.0 0.0
1938.0682464753866 0.0 0.0 0.0 1.0 0.0 0.0 9.0 0.0
1939.0345069762725 0.0 0.0 0.0 1.0 0.0 0.0 9.0 0.0
1940.0312822257843 0.0 0.0 0.0 1.0 0.0 0.0 9.0 0.0
1941.0178430787712 0.0 0.0 0.0 1.0 0.0 0.0 9.0 0.0
1942.0118806849853 0.0 0.0 0.0 1.0 0.0 0.0 9.0 0.0
1943.0045022981426 0.0 0.0 0.0 1.0 0.0 0.0 9.0 0.0
1944.0403225439456 0.0 0.0 0.0 1.0 0.0 0.0 9.0 0.0
1945.0252899871766 0.0 0.0 0.0 1.0 0.0 0.0 9.0 0.0
1946.005012164439 0.0 0.0 0.0 1.0 0.0 0.0 9.0 0.0
1947.0368051171556 0.0 0.0 0.0 1.0 0.0 0.0 9.0 0.0
1948.0038380738379 0.0 0.0 0.0 1.0 0.0 0.0 9.0 0.0
1949.0231244124452 0.0 0.0 0.0 1.0 0.0 0.0 9.0 0.0
1950.005160655531 0.0 0.0 0.0 1.0 0.0 0.0 9.0 0.0
1951.045001392017 0.0 0.0 0.0 1.0 0.0 0.0 9.0 0.0
1952.0082698136978 0.0 0.0 0.0 1.0 0.0 0.0 9.0 0.0
1953.0239470478032 0.0 0.0 0.0 1.0 0.0 0.0 9.0 0.0
1954.0043070908478 0.0 0.0 0.0 1.0 0.0 0.0 9.0 0.0
1955.0277292381681 0.0 0.0 0.0 1.0 0.0 0.0 9.0 0.0
1956.005705171142 0.0 0.0 0.0 1.0 0.0 0.0 9.0 0.0
1957.0077663832283 0.0 0.0 0.0 1.0 0.0 0.0 9.0 0.0
1958.0206323114166 0.0 0.0 0.0 1.0 0.0 0.0 9.0 0.0
1959.07591758503 0.0 0.0 0.0 1.0 0.0 0.0 9.0 0.0
1960.0738820365095 0.0 0.0 0.0 1.0 0.0 0.0 9.0 0.0
1961.0023187959348 0.0 0.0 0.0 1.0 0.0 0.0 9.0 0.0
1962.049751291362 0.0 0.0 0.0 1.0 0.0 0.0 9.0 0.0
1963.0134837118176 0.0 0.0 0.0 1.0 0.0 0.0 9.0 0.0
1964.1059958343953 0.0 0.0 0.0 1.0 0.0 0.0 9.0 0.0
1965.0431688869935 0.0 0.0 0.0 1.0 0.0 0.0 9.0 0.0
1966.0782302731116 0.0 0.0 0.0 1.0 0.0 0.0 9.0 0.0
1967.0331713491048 0.0 0.0 0.0 1.0 0.0 0.0 9.0 0.0
1968.049618473725 0.0 0.0 0.0 1.0 0.0 0.0 9.0 0.0
1969.0297992994429 0.0 0.0 0.0 1.0 0.0 0.0 9.0 0.0
1970.0025079404447 0.0 0.0 0.0 1.0 0.0 0.0 9.0 0.0
1971.0001700298412 0.0 0.0 0.0 1.0 0.0 0.0 9.0 0.0
1972.073106426569 0.0 0.0 0.0 1.0 0.0 0.0 9.0 0.0
1973.0160989161038 0.0 0.0 0.0 1.0 0.0 0.0 9.0 0.0
1974.03593682446 0.0 0.0 0.0 1.0 0.0 0.0 9.0 0.0
1975.0446056894423 0.0 0.0 0.0 1.0 0.0 0.0 9.0 0.0
1976.0081151030026 0.0 0.0 0.0 1.0 0.0 0.0 9.0 0.0
1977.0199977545449 0.0 0.0 0.0 1.0 0.0 0.0 9.0 0.0
1978.0262068381542 0.0 0.0 0.0 1.0 0.0 0.0 9.0 0.0
1979.0001405537591 0.0 0.0 0.0 1.0 0.0 0.0 9.0 0.0
1980.0625234036033 0.0 0.0 0.0 1.0 0.0 0.0 9.0 0.0
1981.0331690373314 0.0 0.0 0.0 1.0 0.0 0.0 9.0 0.0
1982.0180298901087 0.0 0.0 0.0 1.0 0.0 0.0 9.0 0.0
1983.000510758819 0.0 0.0 0.0 1.0 0.0 0.0 9.0 0.0
1984.0227857564764 0.0 0.0 0.0 1.0 0.0 0.0 9.0 0.0
1985.009271221728 0.0 0.0 0.0 1.0 0.0 0.0 9.0 0.0
1986.0802876350454 0.0 0.0 0.0 1.0 0.0 0.0 9.0 0.0
1987.0232268497184 0.0 0.0 0.0 1.0 0.0 0.0 9.0 0.0
1988.0149059883558 0.0 0.0 0.0 1.0 0.0 0.0 9.0 0.0
1989.0070058549418 0.0 0.0 0.0 1.0 0.0 0.0 9.0 0.0
1990.0097357426341 0.0 0.0 0.0 1.0 0.0 0.0 9.0 0.0
1991.0076448082068 0.0 0.0 0.0 1.0 0.0 0.0 9.0 0.0
1992.03761845495 0.0 0.0 0.0 1.0 0.0 0.0 9.0 0.0
1993.017611695686 0.0 0.0 0.0 1.0 0.0 0.0 9.0 0.0
1994.0055976812055 0.0 0.0 0.0 1.0 0.0 0.0 9.0 0.0
1995.0167936378325 0.0 0.0 0.0 1.0 0.0 0.0 9.0 0.0
1996.037081638601 0.0 0.0 0.0 1.0 0.0 0.0 9.0 0.0
1997.0172400750423 0.0 0.0 0.0 1.0 0.0 0.0 9.0 0.0
1998.0406021728165 0.0 0.0 0.0 1.0 0.0 0.0 9.0 0.0
1999.0458642664253 0.0 0.0 0.0 1.0 0.0 0.0 9.0 0.0
2000.04739084404 0.0 0.0 0.0 1.0 0.0 0.0 9.0 0.0
2001.0679577317997 0.0 0.0 0.0 1.0 0.0 0.0 9.0 0.0
2002.013607841719 0.0 0.0 0.0 1.0 0.0 0.0 9.0 0.0
2003.079182939132 0.0 0.0 0.0 1.0 0.0 0.0 9.0 0.0
2004.0024160227758 0.0 0.0 0.0 1.0 0.0 0.0 9.0 0.0
2005.0051374144352 0.0 0.0 0.0 1.0 0.0 0.0 9.0 0.0
2006.0032584853243 0.0 0.0 0.0 1.0 0.0 0.0 9.0 0.0
2007.0005801459274 0.0 0.0 0.0 1.0 0.0 0.0 9.0 0.0
2008.0276905758758 0.0 0.0 0.0 1.0 0.0 0.0 9.0 0.0
2009.000175416897 0.0 0.0 0.0 1.0 0.0 0.0 9.0 0.0
2010.0401010533014 0.0 0.0 0.0 1.0 0.0 0.0 9.0 0.0
2011.043375811045 0.0 0.0 0.0 1.0 0.0 0.0 9.0 0.0
2012.069105531983 0.0 0.0 0.0 1.0 0.0 0.0 9.0 0.0
2013.0717743962816 0.0 0.0 0.0 1.0 0.0 0.0 9.0 0.0
2014.0209207344421 0.0 0.0 0.0 1.0 0.0 0.0 9.0 0.0
2015.0502131791457 0.0 0.0 0.0 1.0 0.0 0.0 9.0 0.0
2016.0491273784132 0.0 0.0 0.0 1.0 0.0 0.0 9.0 0.0
2017.0246845713182 0.0 0.0 0.0 1.0 0.0 0.0 9.0 0.0
2018.0283186258018 0.0 0.0 0.0 1.0 0.0 0.0 9.0 0.0
2019.02831262479 0.0 0.0 0.0 1.0 0.0 0.0 9.0 0.0
2020.0215446478585 0.0 0.0 0.0 1.0 0.0 0.0 9.0 0.0
2021.0148117848512 0.0 0.0 0.0 1.0 0.0 0.0 9.0 0.0
2022.0502691208849 0.0 0.0 0.0 1.0 0.0 0.0 9.0 0.0
2023.0666705136764 0.0 0.0 0.0 1.0 0.0 0.0 9.0 0.0
2024.0092872868292 0.0 0.0 0.0 1.0 0.0 0.0 9.0 0.0
2025.020769473245 0.0 0.0 0.0 1.0 0.0 0.0 9.0 0.0
2026.008140306764 0.0 0.0 0.0 1.0 0.0 0.0 9.0 0.0
2027.0067554690065 0.0 0.0 0.0 1.0 0.0 0.0 9.0 0.0
2028.0001991545255 0.0 0.0 0.0 1.0 0.0 0.0 9.0 0.0
2029.00026918421 0.0 0.0 0.0 1.0 0.0 0.0 9.0 0.0
2030.002363754842 0.0 0.0 0.0 1.0 0.0 0.0 9.0 0.0
2031.0198563728095 0.0 0.0 0.0 1.0 0.0 0.0 9.0 0.0
2032.0134481954908 0.0 0.0 0.0 1.0 0.0 0.0 9.0 0.0
2033.0337851277395 0.0 0.0 0.0 1.0 0.0 0.0 9.0 0.0
2034.005918765207 0.0 0.0 0.0 1.0 0.0 0.0 9.0 0.0
2035.0100155901869 0.0 0.0 0.0 1.0 0.0 0.0 9.0 0.0
2036.025768706397 0.0 0.0 0.0 1.0 0.0 0.0 9.0 0.0
2037.1059958343953 0.0 0.0 0.0 1.0 0.0 0.0 9.0 0.0
2038.0220026264208 0.0 0.0 0.0 1.0 0.0 0.0 9.0 0.0
2039.0059911114834 0.0 0.0 0.0 1.0 0.0 0.0 9.0 0.0
2040.028785423992 0.0 0.0 0.0 1.0 0.0 0.0 9.0 0.0
2041.026233087557 0.0 0.0 0.0 1.0 0.0 0.0 9.0 0.0
2042.012264507141 0.0 0.0 0.0 1.0 0.0 0.0 9.0 0.0
2043.0047567747088 0.0 0.0 0.0 1.0 0.0 0.0 9.0 0.0
2044.0128624809383 0.0 0.0 0.0 1.0 0.0 0.0 9.0 0.0
2045.012294317951 0.0 0.0 0.0 1.0 0.0 0.0 9.0 0.0
2046.000371264119 0.0 0.0 0.0 1.0 0.0 0.0 9.0 0.0
2047.0086296931713 0.0 0.0 0.0 1.0 0.0 0.0 9.0 0.0
2048.0038948872434 0.0 0.0 0.0 1.0 0.0 0.0 9.0 0.0
2049.05465174666 0.0 0.0 0.0 1.0 0.0 0.0 9.0 0.0
2050.023507148775 0.0 0.0 0.0 1.0 0.0 0.0 9.0 0.0
2051.016740906272 0.0 0.0 0.0 1.0 0.0 0.0 9.0 0.0
2052.071919319987 0.0 0.0 0.0 1.0 0.0 0.0 9.0 0.0
2053.0956176412537 0.0 0.0 0.0 1.0 0.0 0.0 9.0 0.0
2054.036128949178 0.0 0.0 0.0 1.0 0.0 0.0 9.0 0.0
2055.0226022716597 0.0 0.0 0.0 1.0 0.0 0.0 9.0 0.0
2056.0103408154346 0.0 0.0 0.0 1.0 0.0 0.0 9.0 0.0
2057.039713047403 0.0 0.0 0.0 1.0 0.0 0.0 9.0 0.0
2058.0009651058544 0.0 0.0 0.0 1.0 0.0 0.0 9.0 0.0
2059.0488610565035 0.0 0.0 0.0 1.0 0.0 0.0 9.0 0.0
2060.0095755289126 0.0 0.0 0.0 1.0 0.0 0.0 9.0 0.0
2061.019261523489 0.0 0.0 0.0 1.0 0.0 0.0 9.0 0.0
2062.010147112993 0.0 0.0 0.0 1.0 0.0 0.0 9.0 0.0
2063.017711281487 0.0 0.0 0.0 1.0 0.0 0.0 9.0 0.0
2064.1059958343953 0.0 0.0 0.0 1.0 0.0 0.0 9.0 0.0
2065.019836556236 0.0 0.0 0.0 1.0 0.0 0.0 9.0 0.0
2066.0030564875983 0.0 0.0 0.0 1.0 0.0 0.0 9.0 0.0
2067.03300915945 0.0 0.0 0.0 1.0 0.0 0.0 9.0 0.0
2068.0055489510823 0.0 0.0 0.0 1.0 0.0 0.0 9.0 0.0
2069.0531171005528 0.0 0.0 0.0 1.0 0.0 0.0 9.0 0.0
2070.0406885768903 0.0 0.0 0.0 1.0 0.0 0.0 9.0 0.0
2071.033678581794 0.0 0.0 0.0 1.0 0.0 0.0 9.0 0.0
2072.00720097197 0.0 0.0 0.0 1.0 0.0 0.0 9.0 0.0
2073.029980082072 0.0 0.0 0.0 1.0 0.0 0.0 9.0 0.0
2074.0422355952173 0.0 0.0 0.0 1.0 0.0 0.0 9.0 0.0
2075.008681654104 0.0 0.0 0.0 1.0 0.0 0.0 9.0 0.0
2076.0198427561995 0.0 0.0 0.0 1.0 0.0 0.0 9.0 0.0
2077.0937891474646 0.0 0.0 0.0 1.0 0.0 0.0 9.0 0.0
2078.018122025629 0.0 0.0 0.0 1.0 0.0 0.0 9.0 0.0
2079.0177176493166 0.0 0.0 0.0 1.0 0.0 0.0 9.0 0.0
2080.056773875794 0.0 0.0 0.0 1.0 0.0 0.0 9.0 0.0
2081.0357199281975 0.0 0.0 0.0 1.0 0.0 0.0 9.0 0.0
2082.001598922788 0.0 0.0 0.0 1.0 0.0 0.0 9.0 0.0
2083.0208303947743 0.0 0.0 0.0 1.0 0.0 0.0 9.0 0.0
2084.014034603042 0.0 0.0 0.0 1.0 0.0 0.0 9.0 0.0
2085.0117696717357 0.0 0.0 0.0 1.0 0.0 0.0 9.0 0.0
2086.0067148711464 0.0 0.0 0.0 1.0 0.0 0.0 9.0 0.0
2087.0001389488793 0.0 0.0 0.0 1.0 0.0 0.0 9.0 0.0
2088.0576617391275 0.0 0.0 0.0 1.0 0.0 0.0 9.0 0.0
2089.0013814184094 0.0 0.0 0.0 1.0 0.0 0.0 9.0 0.0
2090.010722324911 0.0 0.0 0.0 1.0 0.0 0.0 9.0 0.0
2091.030369905948 0.0 0.0 0.0 1.0 0.0 0.0 9.0 0.0
2092.0291142423494 0.0 0.0 0.0 1.0 0.0 0.0 9.0 0.0
2093.007968595669 0.0 0.0 0.0 1.0 0.0 0.0 9.0 0.0
2094.0103578389017 0.0 0.0 0.0 1.0 0.0 0.0 9.0 0.0
2095.0868924379815 0.0 0.0 0.0 1.0 0.0 0.0 9.0 0.0
2096.014114632435 0.0 0.0 0.0 1.0 0.0 0.0 9.0 0.0
2097.0406794546752 0.0 0.0 0.0 1.0 0.0 0.0 9.0 0.0
2098.0010432716426 0.0 0.0 0.0 1.0 0.0 0.0 9.0 0.0
2099.001561424214 0.0 0.0 0.0 1.0 0.0 0.0 9.0 0.0
2100.0521824355023 0.0 0.0 0.0 1.0 0.0 0.0 9.0 0.0
2101.012931037949 0.0 0.0 0.0 1.0 0.0 0.0 9.0 0.0
2102.0963373153145 0.0 0.0 0.0 1.0 0.0 0.0 9.0 0.0
2103.0298324868386 0.0 0.0 0.0 1.0 0.0 0.0 9.0 0.0
2104.016952165069 0.0 0.0 0.0 1.0 0.0 0.0 9.0 0.0
2105.0290651349587 0.0 0.0 0.0 1.0 0.0 0.0 9.0 0.0
2106.033564516279 0.0 0.0 0.0 1.0 0.0 0.0 9.0 0.0
2107.0091853492986 0.0 0.0 0.0 1.0 0.0 0.0 9.0 0.0
2108.0163768210296 0.0 0.0 0.0 1.0 0.0 0.0 9.0 0.0
2109.000037864876 0.0 0.0 0.0 1.0 0.0 0.0 9.0 0.0
2110.027963770602 0.0 0.0 0.0 1.0 0.0 0.0 9.0 0.0
2111.0163550375355 0.0 0.0 0.0 1.0 0.0 0.0 9.0 0.0
2112.049382131107 0.0 0.0 0.0 1.0 0.0 0.0 9.0 0.0
2113.0125406923935 0.0 0.0 0.0 1.0 0.0 0.0 9.0 0.0
2114.024858494604 0.0 0.0 0.0 1.0 0.0 0.0 9.0 0.0
2115.0043489299264 0.0 0.0 0.0 1.0 0.0 0.0 9.0 0.0
2116.016904757131 0.0 0.0 0.0 1.0 0.0 0.0 9.0 0.0
2117.015941506689 0.0 0.0 0.0 1.0 0.0 0.0 9.0 0.0
2118.035363993945 0.0 0.0 0.0 1.0 0.0 0.0 9.0 0.0
2119.0132475971077 0.0 0.0 0.0 1.0 0.0 0.0 9.0 0.0
2120.0325012299645 0.0 0.0 0.0 1.0 0.0 0.0 9.0 0.0
2121.0047027192754 0.0 0.0 0.0 1.0 0.0 0.0 9.0 0.0
2122.0065528832074 0.0 0.0 0.0 1.0 0.0 0.0 9.0 0.0
2123.0401552862404 0.0 0.0 0.0 1.0 0.0 0.0 9.0 0.0
2124.0719082471624 0.0 0.0 0.0 1.0 0.0 0.0 9.0 0.0
2125.0054424562477 0.0 0.0 0.0 1.0 0.0 0.0 9.0 0.0
2126.009266223356 0.0 0.0 0.0 1.0 0.0 0.0 9.0 0.0
2127.055195808491 0.0 0.0 0.0 1.0 0.0 0.0 9.0 0.0
2128.0279909370392 0.0 0.0 0.0 1.0 0.0 0.0 9.0 0.0
2129.0556051874596 0.0 0.0 0.0 1.0 0.0 0.0 9.0 0.0
2130.0223181849856 0.0 0.0 0.0 1.0 0.0 0.0 9.0 0.0
2131.053084591185 0.0 0.0 0.0 1.0 0.0 0.0 9.0 0.0
2132.034554195858 0.0 0.0 0.0 1.0 0.0 0.0 9.0 0.0
2133.07137467559 0.0 0.0 0.0 1.0 0.0 0.0 9.0 0.0
2134.0052002339753 0.0 0.0 0.0 1.0 0.0 0.0 9.0 0.0
2135.00931390421 0.0 0.0 0.0 1.0 0.0 0.0 9.0 0.0
2136.044765193739 0.0 0.0 0.0 1.0 0.0 0.0 9.0 0.0
2137.0492283929775 0.0 0.0 0.0 1.0 0.0 0.0 9.0 0.0
2138.0616067891006 0.0 0.0 0.0 1.0 0.0 0.0 9.0 0.0
2139.0036721382085 0.0 0.0 0.0 1.0 0.0 0.0 9.0 0.0
2140.0545436219145 0.0 0.0 0.0 1.0 0.0 0.0 9.0 0.0
2141.0473371943813 0.0 0.0 0.0 1.0 0.0 0.0 9.0 0.0
2142.0484859863027 0.0 0.0 0.0 1.0 0.0 0.0 9.0 0.0
2143.0010524477552 0.0 0.0 0.0 1.0 0.0 0.0 9.0 0.0
2144.034065250163 0.0 0.0 0.0 1.0 0.0 0.0 9.0 0.0
2145.0090864310887 0.0 0.0 0.0 1.0 0.0 0.0 9.0 0.0
2146.0029833985564 0.0 0.0 0.0 1.0 0.0 0.0 9.0 0.0
2147.036416913755 0.0 0.0 0.0 1.0 0.0 0.0 9.0 0.0
2148.0008756228976 0.0 0.0 0.0 1.0 0.0 0.0 9.0 0.0
2149.0540096846844 0.0 0.0 0.0 1.0 0.0 0.0 9.0 0.0
2150.0397072889123 0.0 0.0 0.0 1.0 0.0 0.0 9.0 0.0
2151.002135327647 0.0 0.0 0.0 1.0 0.0 0.0 9.0 0.0
2152.0382614402647 0.0 0.0 0.0 1.0 0.0 0.0 9.0 0.0
2153.002597958002 0.0 0.0 0.0 1.0 0.0 0.0 9.0 0.0
2154.017595853627 0.0 0.0 0.0 1.0 0.0 0.0 9.0 0.0
2155.027929604697 0.0 0.0 0.0 1.0 0.0 0.0 9.0 0.0
2156.0196469582675 0.0 0.0 0.0 1.0 0.0 0.0 9.0 0.0
2157.0122959509304 0.0 0.0 0.0 1.0 0.0 0.0 9.0 0.0
2158.022509834928 0.0 0.0 0.0 1.0 0.0 0.0 9.0 0.0
2159.019710949627 0.0 0.0 0.0 1.0 0.0 0.0 9.0 0.0
2160.0309021372072 0.0 0.0 0.0 1.0 0.0 0.0 9.0 0.0
2161.0104100751314 0.0 0.0 0.0 1.0 0.0 0.0 9.0 0.0
2162.0673414757784 0.0 0.0 0.0 1.0 0.0 0.0 9.0 0.0
2163.0392578913834 0.0 0.0 0.0 1.0 0.0 0.0 9.0 0.0
2164.0157994712513 0.0 0.0 0.0 1.0 0.0 0.0 9.0 0.0
2165.064178150964 0.0 0.0 0.0 1.0 0.0 0.0 9.0 0.0
2166.0403611101224 0.0 0.0 0.0 1.0 0.0 0.0 9.0 0.0
2167.0628078629456 0.0 0.0 0.0 1.0 0.0 0.0 9.0 0.0
2168.0085106783426 0.0 0.0 0.0 1.0 0.0 0.0 9.0 0.0
2169.0256118448574 0.0 0.0 0.0 1.0 0.0 0.0 9.0 0.0
2170.0135000278838 0.0 0.0 0.0 1.0 0.0 0.0 9.0 0.0
2171.019166722064 0.0 0.0 0.0 1.0 0.0 0.0 9.0 0.0
2172.0080759408884 0.0 0.0 0.0 1.0 0.0 0.0 9.0 0.0
2173.0135334953166 0.0 0.0 0.0 1.0 0.0 0.0 9.0 0.0
2174.0076025099906 0.0 0.0 0.0 1.0 0.0 0.0 9.0 0.0
2175.010730217776 0.0 0.0 0.0 1.0 0.0 0.0 9.0 0.0
2176.033959446384 0.0 0.0 0.0 1.0 0.0 0.0 9.0 0.0
2177.0000088100855 0.0 0.0 0.0 1.0 0.0 0.0 9.0 0.0
2178.065955042222 0.0 0.0 0.0 1.0 0.0 0.0 9.0 0.0
2179.0158711340187 0.0 0.0 0.0 1.0 0.0 0.0 9.0 0.0
2180.016043308945 0.0 0.0 0.0 1.0 0.0 0.0 9.0 0.0
2181.020585865161 0.0 0.0 0.0 1.0 0.0 0.0 9.0 0.0
2182.011233782091 0.0 0.0 0.0 1.0 0.0 0.0 9.0 0.0
2183.015487421473 0.0 0.0 0.0 1.0 0.0 0.0 9.0 0.0
2184.0135781217373 0.0 0.0 0.0 1.0 0.0 0.0 9.0 0.0
2185.010608375166 0.0 0.0 0.0 1.0 0.0 0.0 9.0 0.0
2186.0327324221867 0.0 0.0 0.0 1.0 0.0 0.0 9.0 0.0
2187.0560094484063 0.0 0.0 0.0 1.0 0.0 0.0 9.0 0.0
2188.012930160437 0.0 0.0 0.0 1.0 0.0 0.0 9.0 0.0
2189.0006984886377 0.0 0.0 0.0 1.0 0.0 0.0 9.0 0.0
2190.0049675983955 0.0 0.0 0.0 1.0 0.0 0.0 9.0 0.0
2191.009436556977 0.0 0.0 0.0 1.0 0.0 0.0 9.0 0.0
2192.0014268554182 0.0 0.0 0.0 1.0 0.0 0.0 9.0 0.0
2193.0391978601683 0.0 0.0 0.0 1.0 0.0 0.0 9.0 0.0
2194.020905454225 0.0 0.0 0.0 1.0 0.0 0.0 9.0 0.0
2195.0184735139555 0.0 0.0 0.0 1.0 0.0 0.0 9.0 0.0
2196.0178004745003 0.0 0.0 0.0 1.0 0.0 0.0 9.0 0.0
2197.0936683045807 0.0 0.0 0.0 1.0 0.0 0.0 9.0 0.0
2198.0496566750235 0.0 0.0 0.0 1.0 0.0 0.0 9.0 0.0
2199.001941344324 0.0 0.0 0.0 1.0 0.0 0.0 9.0 0.0
2200.002264662188 0.0 0.0 0.0 1.0 0.0 0.0 9.0 0.0
2201.027676974347 0.0 0.0 0.0 1.0 0.0 0.0 9.0 0.0
2202.0231187007043 0.0 0.0 0.0 1.0 0.0 0.0 9.0 0.0
2203.0871821527767 0.0 0.0 0.0 1.0 0.0 0.0 9.0 0.0
2204.054404669408 0.0 0.0 0.0 1.0 0.0 0.0 9.0 0.0
2205.016920865992 0.0 0.0 0.0 1.0 0.0 0.0 9.0 0.0
2206.0064635896206 0.0 0.0 0.0 1.0 0.0 0.0 9.0 0.0
2207.055269123791 0.0 0.0 0.0 1.0 0.0 0.0 9.0 0.0
2208.0025686252516 0.0 0.0 0.0 1.0 0.0 0.0 9.0 0.0
2209.0226756790985 0.0 0.0 0.0 1.0 0.0 0.0 9.0 0.0
2210.004703733781 0.0 0.0 0.0 1.0 0.0 0.0 9.0 0.0
2211.0055348481255 0.0 0.0 0.0 1.0 0.0 0.0 9.0 0.0
2212.0020688727805 0.0 0.0 0.0 1.0 0.0 0.0 9.0 0.0
2213.1059958343953 0.0 0.0 0.0 1.0 0.0 0.0 9.0 0.0
2214.007692959186 0.0 0.0 0.0 1.0 0.0 0.0 9.0 0.0
2215.0209855002017 0.0 0.0 0.0 1.0 0.0 0.0 9.0 0.0
2216.089317126082 0.0 0.0 0.0 1.0 0.0 0.0 9.0 0.0
2217.0134925124325 0.0 0.0 0.0 1.0 0.0 0.0 9.0 0.0
2218.04395559167 0.0 0.0 0.0 1.0 0.0 0.0 9.0 0.0
2219.0039662979034 0.0 0.0 0.0 1.0 0.0 0.0 9.0 0.0
2220.0153944848835 0.0 0.0 0.0 1.0 0.0 0.0 9.0 0.0
2221.0483307764225 0.0 0.0 0.0 1.0 0.0 0.0 9.0 0.0
2222.008563239866 0.0 0.0 0.0 1.0 0.0 0.0 9.0 0.0
2223.004591955121 0.0 0.0 0.0 1.0 0.0 0.0 9.0 0.0
2224.0365900640427 0.0 0.0 0.0 1.0 0.0 0.0 9.0 0.0
2225.0409912894656 0.0 0.0 0.0 1.0 0.0 0.0 9.0 0.0
2226.0132103356304 0.0 0.0 0.0 1.0 0.0 0.0 9.0 0.0
2227.007787415144 0.0 0.0 0.0 1.0 0.0 0.0 9.0 0.0
2228.0157840342617 0.0 0.0 0.0 1.0 0.0 0.0 9.0 0.0
2229.0411049251766 0.0 0.0 0.0 1.0 0.0 0.0 9.0 0.0
2230.0198724825427 0.0 0.0 0.0 1.0 0.0 0.0 9.0 0.0
2231.097269186468 0.0 0.0 0.0 1.0 0.0 0.0 9.0 0.0
2232.041161254821 0.0 0.0 0.0 1.0 0.0 0.0 9.0 0.0
2233.0811781826583 0.0 0.0 0.0 1.0 0.0 0.0 9.0 0.0
2234.005117501634 0.0 0.0 0.0 1.0 0.0 0.0 9.0 0.0
2235.0434784058157 0.0 0.0 0.0 1.0 0.0 0.0 9.0 0.0
2236.0085918359437 0.0 0.0 0.0 1.0 0.0 0.0 9.0 0.0
2237.0522310589395 0.0 0.0 0.0 1.0 0.0 0.0 9.0 0.0
2238.0111766862497 0.0 0.0 0.0 1.0 0.0 0.0 9.0 0.0
2239.03605812496 0.0 0.0 0.0 1.0 0.0 0.0 9.0 0.0
2240.031611599662 0.0 0.0 0.0 1.0 0.0 0.0 9.0 0.0
2241.080625753119 0.0 0.0 0.0 1.0 0.0 0.0 9.0 0.0
2242.0046817966295 0.0 0.0 0.0 1.0 0.0 0.0 9.0 0.0
2243.0011173102057 0.0 0.0 0.0 1.0 0.0 0.0 9.0 0.0
2244.0118604325517 0.0 0.0 0.0 1.0 0.0 0.0 9.0 0.0
2245.007156280221 0.0 0.0 0.0 1.0 0.0 0.0 9.0 0.0
2246.008024707702 0.0 0.0 0.0 1.0 0.0 0.0 9.0 0.0
2247.0281938420103 0.0 0.0 0.0 1.0 0.0 0.0 9.0 0.0
2248.058534154315 0.0 0.0 0.0 1.0 0.0 0.0 9.0 0.0
2249.0019921732755 0.0 0.0 0.0 1.0 0.0 0.0 9.0 0.0
2250.0307306024683 0.0 0.0 0.0 1.0 0.0 0.0 9.0 0.0
2251.025188079558 0.0 0.0 0.0 1.0 0.0 0.0 9.0 0.0
2252.0225727662805 0.0 0.0 0.0 1.0 0.0 0.0 9.0 0.0
2253.0573995880236 0.0 0.0 0.0 1.0 0.0 0.0 9.0 0.0
2254.017527830269 0.0 0.0 0.0 1.0 0.0 0.0 9.0 0.0
2255.0178462170647 0.0 0.0 0.0 1.0 0.0 0.0 9.0 0.0
2256.0121856098485 0.0 0.0 0.0 1.0 0.0 0.0 9.0 0.0
2257.0353546613824 0.0 0.0 0.0 1.0 0.0 0.0 9.0 0.0
2258.052989930888 0.0 0.0 0.0 1.0 0.0 0.0 9.0 0.0
2259.090346373191 0.0 0.0 0.0 1.0 0.0 0.0 9.0 0.0
2260.1059958343953 0.0 0.0 0.0 1.0 0.0 0.0 9.0 0.0
2261.0209087257786 0.0 0.0 0.0 1.0 0.0 0.0 9.0 0.0
2262.0029652540593 0.0 0.0 0.0 1.0 0.0 0.0 9.0 0.0
2263.054557187734 0.0 0.0 0.0 1.0 0.0 0.0 9.0 0.0
2264.020402595156 0.0 0.0 0.0 1.0 0.0 0.0 9.0 0.0
2265.0131902820103 0.0 0.0 0.0 1.0 0.0 0.0 9.0 0.0
2266.000305589619 0.0 0.0 0.0 1.0 0.0 0.0 9.0 0.0
2267.054452065509 0.0 0.0 0.0 1.0 0.0 0.0 9.0 0.0
2268.0314306644286 0.0 0.0 0.0 1.0 0.0 0.0 9.0 0.0
2269.039313627251 0.0 0.0 0.0 1.0 0.0 0.0 9.0 0.0
2270.0015661572556 0.0 0.0 0.0 1.0 0.0 0.0 9.0 0.0
2271.1059958343953 0.0 0.0 0.0 1.0 0.0 0.0 9.0 0.0
2272.014570451784 0.0 0.0 0.0 1.0 0.0 0.0 9.0 0.0
2273.059727318983 0.0 0.0 0.0 1.0 0.0 0.0 9.0 0.0
2274.0265732752327 0.0 0.0 0.0 1.0 0.0 0.0 9.0 0.0
2275.0022032219026 0.0 0.0 0.0 1.0 0.0 0.0 9.0 0.0
2276.026896811632 0.0 0.0 0.0 1.0 0.0 0.0 9.0 0.0
2277.0462506174317 0.0 0.0 0.0 1.0 0.0 0.0 9.0 0.0
2278.03053407362 0.0 0.0 0.0 1.0 0.0 0.0 9.0 0.0
2279.0189345869503 0.0 0.0 0.0 1.0 0.0 0.0 9.0 0.0
2280.000191023765 0.0 0.0 0.0 1.0 0.0 0.0 9.0 0.0
2281.0216025732657 0.0 0.0 0.0 1.0 0.0 0.0 9.0 0.0
2282.032525997604 0.0 0.0 0.0 1.0 0.0 0.0 9.0 0.0
2283.031760738471 0.0 0.0 0.0 1.0 0.0 0.0 9.0 0.0
2284.0225736358716 0.0 0.0 0.0 1.0 0.0 0.0 9.0 0.0
2285.0315515475886 0.0 0.0 0.0 1.0 0.0 0.0 9.0 0.0
2286.0122054071626 0.0 0.0 0.0 1.0 0.0 0.0 9.0 0.0
2287.035498494557 0.0 0.0 0.0 1.0 0.0 0.0 9.0 0.0
2288.026122808935 0.0 0.0 0.0 1.0 0.0 0.0 9.0 0.0
2289.010947843305 0.0 0.0 0.0 1.0 0.0 0.0 9.0 0.0
2290.087010754009 0.0 0.0 0.0 1.0 0.0 0.0 9.0 0.0
2291.0430891803117 0.0 0.0 0.0 1.0 0.0 0.0 9.0 0.0
2292.036239585224 0.0 0.0 0.0 1.0 0.0 0.0 9.0 0.0
2293.003717554299 0.0 0.0 0.0 1.0 0.0 0.0 9.0 0.0
2294.03606719196 0.0 0.0 0.0 1.0 0.0 0.0 9.0 0.0
2295.013817982413 0.0 0.0 0.0 1.0 0.0 0.0 9.0 0.0
2296.030416127443 0.0 0.0 0.0 1.0 0.0 0.0 9.0 0.0
2297.036327763206 0.0 0.0 0.0 1.0 0.0 0.0 9.0 0.0
2298.0588361765585 0.0 0.0 0.0 1.0 0.0 0.0 9.0 0.0
2299.010296814866 0.0 0.0 0.0 1.0 0.0 0.0 9.0 0.0
2300.0414539295734 0.0 0.0 0.0 1.0 0.0 0.0 9.0 0.0
2301.021709874339 0.55 0.0 0.0 0.45 0.0 1.0 9.0 0.48292682926829267
2302.0161476551743 0.975 0.0 0.0 0.024999999999999994 0.0 1.0 9.425 0.0475609756097561
2303.0005404230014 1.0 0.0 0.0 0.0 0.0 1.0 10.175 0.0
2304.0024778069237 1.0 0.0 0.0 0.0 0.0 1.0 10.825 0.0
2305.000631742072 1.0 0.0 0.0 0.0 0.0 1.0 11.0 0.0
2306.0205706223896 1.0 0.0 0.0 0.0 0.0 1.0 11.0 0.0
2307.0132128460436 1.0 0.0 0.0 0.0 0.0 1.0 11.0 0.0
2308.019539775897 1.0 0.0 0.0 0.0 0.0 1.0 11.0 0.0
2309.0432472062657 1.0 0.0 0.0 0.0 0.0 1.0 11.0 0.0
2310.0710171236633 1.0 0.0 0.0 0.0 0.0 1.0 11.0 0.0
2311.052138222693 1.0 0.0 0.0 0.0 0.0 1.0 11.0 0.0
2312.075442354187 1.0 0.0 0.0 0.0 0.0 1.0 11.0 0.0
2313.02561447722 1.0 0.0 0.0 0.0 0.0 1.0 11.0 0.0
2314.0028916316523 1.0 0.0 0.0 0.0 0.0 1.0 11.0 0.0
2315.018707301735 1.0 0.0 0.0 0.0 0.0 1.0 11.0 0.0
2316.018171649026 1.0 0.0 0.0 0.0 0.0 1.0 11.0 0.0
2317.022540342266 1.0 0.0 0.0 0.0 0.0 1.0 11.0 0.0
2318.001883220245 1.0 0.0 0.0 0.0 0.0 1.0 11.0 0.0
2319.069960501968 1.0 0.0 0.0 0.0 0.0 1.0 11.0 0.0
2320.0135595898996 1.0 0.0 0.0 0.0 0.0 1.0 11.0 0.0
2321.0292828007828 1.0 0.0 0.0 0.0 0.0 1.0 11.0 0.0
2322.0126527623115 1.0 0.0 0.0 0.0 0.0 1.0 11.0 0.0
2323.088456925266 1.0 0.0 0.0 0.0 0.0 1.0 11.0 0.0
2324.0037229706963 1.0 0.0 0.0 0.0 0.0 1.0 11.0 0.0
2325.017172384565 1.0 0.0 0.0 0.0 0.0 1.0 11.0 0.0
2326.023178614497 1.0 0.0 0.0 0.0 0.0 1.0 11.0 0.0
2327.0031671800684 1.0 0.0 0.0 0.0 0.0 1.0 11.0 0.0
2328.011249594948 1.0 0.0 0.0 0.0 0.0 1.0 11.0 0.0
2329.001024802072 1.0 0.0 0.0 0.0 0.0 1.0 11.0 0.0
2330.0631334805307 1.0 0.0 0.0 0.0 0.0 1.0 11.0 0.0
2331.0525549316544 1.0 0.0 0.0 0.0 0.0 1.0 11.0 0.0
2332.067801261274 1.0 0.0 0.0 0.0 0.0 1.0 11.0 0.0
2333.052199421595 1.0 0.0 0.0 0.0 0.0 1.0 11.0 0.0
2334.0287056518255 1.0 0.0 0.0 0.0 0.0 1.0 11.0 0.0
2335.0575324820743 1.0 0.0 0.0 0.0 0.0 1.0 11.0 0.0
2336.0199794078744 1.0 0.0 0.0 0.0 0.0 1.0 11.0 0.0
2337.0006370705337 1.0 0.0 0.0 0.0 0.0 1.0 11.0 0.0
2338.011357188822 1.0 0.0 0.0 0.0 0.0 1.0 11.0 0.0
2339.1059958343953 1.0 0.0 0.0 0.0 0.0 1.0 11.0 0.0
2340.101555734264 1.0 0.0 0.0 0.0 0.0 1.0 11.0 0.0
2341.0555570806137 1.0 0.0 0.0 0.0 0.0 1.0 11.0 0.0
2342.0149500404546 1.0 0.0 0.0 0.0 0.0 1.0 11.0 0.0
2343.0250145718123 1.0 0.0 0.0 0.0 0.0 1.0 11.0 0.0
2344.0304719057854 1.0 0.0 0.0 0.0 0.0 1.0 11.0 0.0
2345.019193389562 1.0 0.0 0.0 0.0 0.0 1.0 11.0 0.0
2346.0169001131167 1.0 0.0 0.0 0.0 0.0 1.0 11.0 0.0
2347.049517316905 1.0 0.0 0.0 0.0 0.0 1.0 11.0 0.0
2348.042648151304 1.0 0.0 0.0 0.0 0.0 1.0 11.0 0.0
2349.001172139559 1.0 0.0 0.0 0.0 0.0 1.0 11.0 0.0
2350.054745372258 1.0 0.0 0.0 0.0 0.0 1.0 11.0 0.0
2351.029281722298 1.0 0.0 0.0 0.0 0.0 1.0 11.0 0.0
2352.0389465293665 1.0 0.0 0.0 0.0 0.0 1.0 11.0 0.0
2353.0325343866984 1.0 0.0 0.0 0.0 0.0 1.0 11.0 0.0
2354.0085688789486 1.0 0.0 0.0 0.0 0.0 1.0 11.0 0.0
2355.012291701087 1.0 0.0 0.0 0.0 0.0 1.0 11.0 0.0
2356.0186948000082 1.0 0.0 0.0 0.0 0.0 1.0 11.0 0.0
2357.080063150485 1.0 0.0 0.0 0.0 0.0 1.0 11.0 0.0
2358.0285193791424 1.0 0.0 0.0 0.0 0.0 1.0 11.0 0.0
2359.029765064808 1.0 0.0 0.0 0.0 0.0 1.0 11.0 0.0
2360.030064918449 1.0 0.0 0.0 0.0 0.0 1.0 11.0 0.0
2361.0292365819023 1.0 0.0 0.0 0.0 0.0 1.0 11.0 0.0
2362.0350464707326 1.0 0.0 0.0 0.0 0.0 1.0 11.0 0.0
2363.007064188029 1.0 0.0 0.0 0.0 0.0 1.0 11.0 0.0
2364.0312443891967 1.0 0.0 0.0 0.0 0.0 1.0 11.0 0.0
2365.0335658882327 1.0 0.0 0.0 0.0 0.0 1.0 11.0 0.0
2366.0098326945968 1.0 0.0 0.0 0.0 0.0 1.0 11.0 0.0
2367.032929557803 1.0 0.0 0.0 0.0 0.0 1.0 11.0 0.0
2368.0000306320608 1.0 0.0 0.0 0.0 0.0 1.0 11.0 0.0
2369.012597333939 1.0 0.0 0.0 0.0 0.0 1.0 11.0 0.0
2370.1059958343953 1.0 0.0 0.0 0.0 0.0 1.0 11.0 0.0
2371.005059688692 1.0 0.0 0.0 0.0 0.0 1.0 11.0 0.0
2372.0043167557706 1.0 0.0 0.0 0.0 0.0 1.0 11.0 0.0
2373.1059958343953 1.0 0.0 0.0 0.0 0.0 1.0 11.0 0.0
2374.0012293425293 1.0 0.0 0.0 0.0 0.0 1.0 11.0 0.0
2375.019125251168 1.0 0.0 0.0 0.0 0.0 1.0 11.0 0.0
2376.0012979401486 1.0 0.0 0.0 0.0 0.0 1.0 11.0 0.0
2377.027917883495 1.0 0.0 0.0 0.0 0.0 1.0 11.0 0.0
2378.078215444147 1.0 0.0 0.0 0.0 0.0 1.0 11.0 0.0
2379.0247748769752 1.0 0.0 0.0 0.0 0.0 1.0 11.0 0.0
2380.048825038646 1.0 0.0 0.0 0.0 0.0 1.0 11.0 0.0
2381.0392727900926 1.0 0.0 0.0 0.0 0.0 1.0 11.0 0.0
2382.0442340255318 1.0 0.0 0.0 0.0 0.0 1.0 11.0 0.0
2383.061414534101 1.0 0.0 0.0 0.0 0.0 1.0 11.0 0.0
2384.02561217801 1.0 0.0 0.0 0.0 0.0 1.0 11.0 0.0
2385.0670399928604 1.0 0.0 0.0 0.0 0.0 1.0 11.0 0.0
2386.0494345610623 1.0 0.0 0.0 0.0 0.0 1.0 11.0 0.0
2387.021580247339 1.0 0.0 0.0 0.0 0.0 1.0 11.0 0.0
2388.0360137642806 1.0 0.0 0.0 0.0 0.0 1.0 11.0 0.0
2389.014476669575 1.0 0.0 0.0 0.0 0.0 1.0 11.0 0.0
2390.062940902542 1.0 0.0 0.0 0.0 0.0 1.0 11.0 0.0
2391.026808990342 1.0 0.0 0.0 0.0 0.0 1.0 11.0 0.0
2392.0832308735785 1.0 0.0 0.0 0.0 0.0 1.0 11.0 0.0
2393.00837386917 1.0 0.0 0.0 0.0 0.0 1.0 11.0 0.0
2394.058879347774 1.0 0.0 0.0 0.0 0.0 1.0 11.0 0.0
2395.0204027835484 1.0 0.0 0.0 0.0 0.0 1.0 11.0 0.0
2396.0270405736696 1.0 0.0 0.0 0.0 0.0 1.0 11.0 0.0
2397.010321373721 1.0 0.0 0.0 0.0 0.0 1.0 11.0 0.0
2398.0314796074254 1.0 0.0 0.0 0.0 0.0 1.0 11.0 0.0
2399.0448114932738 1.0 0.0 0.0 0.0 0.0 1.0 11.0 0.0
2400.0 1.0 0.0 0.0 0.0 1.0 1.0 11.0 0.0
2401.002941853798 0.35 0.45 0.2 0.0 1.0 1.0 11.0 0.6195121951219512
2402.0230097749027 0.09999999999999998 0.825 0.07500000000000001 0.0 1.0 1.0 11.475 0.29634146341463413
2403.049416982268 0.024999999999999994 0.975 0.0 0.0 1.0 1.0 12.15 0.0475609756097561
2404.007682162897 0.0 1.0 0.0 0.0 1.0 1.0 12.8 0.0
2405.0200785133243 0.0 1.0 0.0 0.0 1.0 1.0 12.975 0.0
2406.009240809555 0.0 1.0 0.0 0.0 1.0 1.0 13.0 0.0
2407.0062288820436 0.0 1.0 0.0 0.0 1.0 1.0 13.0 0.0
2408.044059741505 0.0 1.0 0.0 0.0 1.0 1.0 13.0 0.0
2409.010584438126 0.0 1.0 0.0 0.0 1.0 1.0 13.0 0.0
2410.0337635554315 0.0 1.0 0.0 0.0 1.0 1.0 13.0 0.0
2411.0178573654007 0.0 1.0 0.0 0.0 1.0 1.0 13.0 0.0
2412.025691737542 0.0 1.0 0.0 0.0 1.0 1.0 13.0 0.0
2413.06332155845 0.0 1.0 0.0 0.0 1.0 1.0 13.0 0.0
2414.0130477308066 0.0 1.0 0.0 0.0 1.0 1.0 13.0 0.0
2415.002989166738 0.0 1.0 0.0 0.0 1.0 1.0 13.0 0.0
2416.1059958343953 0.0 1.0 0.0 0.0 1.0 1.0 13.0 0.0
2417.0912550586604 0.0 1.0 0.0 0.0 1.0 1.0 13.0 0.0
2418.0064447564846 0.0 1.0 0.0 0.0 1.0 1.0 13.0 0.0
2419.0500545831846 0.0 1.0 0.0 0.0 1.0 1.0 13.0 0.0
2420.004870993008 0.0 1.0 0.0 0.0 1.0 1.0 13.0 0.0
2421.008336117859 0.0 1.0 0.0 0.0 1.0 1.0 13.0 0.0
2422.0217673636453 0.0 1.0 0.0 0.0 1.0 1.0 13.0 0.0
2423.047578664019 0.0 1.0 0.0 0.0 1.0 1.0 13.0 0.0
2424.0662000104458 0.0 1.0 0.0 0.0 1.0 1.0 13.0 0.0
2425.004769733935 0.0 1.0 0.0 0.0 1.0 1.0 13.0 0.0
2426.0781221807997 0.0 1.0 0.0 0.0 1.0 1.0 13.0 0.0
2427.0751859620573 0.0 1.0 0.0 0.0 1.0 1.0 13.0 0.0
2428.0434720070107 0.0 1.0 0.0 0.0 1.0 1.0 13.0 0.0
2429.0273058292164 0.0 1.0 0.0 0.0 1.0 1.0 13.0 0.0
2430.04833776969 0.0 1.0 0.0 0.0 1.0 1.0 13.0 0.0
2431.0901086870945 0.0 1.0 0.0 0.0 1.0 1.0 13.0 0.0
2432.00673377779 0.0 1.0 0.0 0.0 1.0 1.0 13.0 0.0
2433.0028150095145 0.0 1.0 0.0 0.0 1.0 1.0 13.0 0.0
2434.017840944706 0.0 1.0 0.0 0.0 1.0 1.0 13.0 0.0
2435.0498784396214 0.0 1.0 0.0 0.0 1.0 1.0 13.0 0.0
2436.036393510291 0.0 1.0 0.0 0.0 1.0 1.0 13.0 0.0
2437.025808229686 0.0 1.0 0.0 0.0 1.0 1.0 13.0 0.0
2438.0309618437923 0.0 1.0 0.0 0.0 1.0 1.0 13.0 0.0
2439.0065067473806 0.0 1.0 0.0 0.0 1.0 1.0 13.0 0.0
2440.085857029659 0.0 1.0 0.0 0.0 1.0 1.0 13.0 0.0
2441.0300607442878 0.0 1.0 0.0 0.0 1.0 1.0 13.0 0.0
2442.0217021826884 0.0 1.0 0.0 0.0 1.0 1.0 13.0 0.0
2443.035401861402 0.0 1.0 0.0 0.0 1.0 1.0 13.0 0.0
2444.0163552863437 0.0 1.0 0.0 0.0 1.0 1.0 13.0 0.0
2445.0580243624127 0.0 1.0 0.0 0.0 1.0 1.0 13.0 0.0
2446.044589255089 0.0 1.0 0.0 0.0 1.0 1.0 13.0 0.0
2447.0026347009425 0.0 1.0 0.0 0.0 1.0 1.0 13.0 0.0
2448.0043688445376 0.0 1.0 0.0 0.0 1.0 1.0 13.0 0.0
2449.0069182734196 0.0 1.0 0.0 0.0 1.0 1.0 13.0 0.0
2450.032687806937 0.0 1.0 0.0 0.0 1.0 1.0 13.0 0.0
2451.01911378364 0.0 1.0 0.0 0.0 1.0 1.0 13.0 0.0
2452.0240262357584 0.0 1.0 0.0 0.0 1.0 1.0 13.0 0.0
2453.0063789778947 0.0 1.0 0.0 0.0 1.0 1.0 13.0 0.0
2454.0061469617535 0.0 1.0 0.0 0.0 1.0 1.0 13.0 0.0
2455.008596143445 0.0 1.0 0.0 0.0 1.0 1.0 13.0 0.0
2456.036181039692 0.0 1.0 0.0 0.0 1.0 1.0 13.0 0.0
2457.060708873707 0.0 1.0 0.0 0.0 1.0 1.0 13.0 0.0
2458.048606654745 0.0 1.0 0.0 0.0 1.0 1.0 13.0 0.0
2459.03410963412 0.0 1.0 0.0 0.0 1.0 1.0 13.0 0.0
2460.02366714114 0.0 1.0 0.0 0.0 1.0 1.0 13.0 0.0
2461.035838678064 0.0 1.0 0.0 0.0 1.0 1.0 13.0 0.0
2462.072358856186 0.0 1.0 0.0 0.0 1.0 1.0 13.0 0.0
2463.0205206515684 0.0 1.0 0.0 0.0 1.0 1.0 13.0 0.0
2464.0129305909973 0.0 1.0 0.0 0.0 1.0 1.0 13.0 0.0
2465.050602532626 0.0 1.0 0.0 0.0 1.0 1.0 13.0 0.0
2466.041230026973 0.0 1.0 0.0 0.0 1.0 1.0 13.0 0.0
2467.1048891206547 0.0 1.0 0.0 0.0 1.0 1.0 13.0 0.0
2468.0014933651114 0.0 1.0 0.0 0.0 1.0 1.0 13.0 0.0
2469.0214798264506 0.0 1.0 0.0 0.0 1.0 1.0 13.0 0.0
2470.0043844668035 0.0 1.0 0.0 0.0 1.0 1.0 13.0 0.0
2471.0705114564694 0.0 1.0 0.0 0.0 1.0 1.0 13.0 0.0
2472.0527066043733 0.0 1.0 0.0 0.0 1.0 1.0 13.0 0.0
2473.0073450109394 0.0 1.0 0.0 0.0 1.0 1.0 13.0 0.0
2474.022903968986 0.0 1.0 0.0 0.0 1.0 1.0 13.0 0.0
2475.0062807237887 0.0 1.0 0.0 0.0 1.0 1.0 13.0 0.0
2476.0081031532854 0.0 1.0 0.0 0.0 1.0 1.0 13.0 0.0
2477.000188621451 0.0 1.0 0.0 0.0 1.0 1.0 13.0 0.0
2478.0150717428237 0.0 1.0 0.0 0.0 1.0 1.0 13.0 0.0
2479.0379720589453 0.0 1.0 0.0 0.0 1.0 1.0 13.0 0.0
2480.009801857042 0.0 1.0 0.0 0.0 1.0 1.0 13.0 0.0
2481.0205500756983 0.0 1.0 0.0 0.0 1.0 1.0 13.0 0.0
2482.014676303796 0.0 1.0 0.0 0.0 1.0 1.0 13.0 0.0
2483.0960242862684 0.0 1.0 0.0 0.0 1.0 1.0 13.0 0.0
2484.033167500113 0.0 1.0 0.0 0.0 1.0 1.0 13.0 0.0
2485.0235429693857 0.0 1.0 0.0 0.0 1.0 1.0 13.0 0.0
2486.0084084182704 0.0 1.0 0.0 0.0 1.0 1.0 13.0 0.0
2487.037580051199 0.0 1.0 0.0 0.0 1.0 1.0 13.0 0.0
2488.0199149043847 0.0 1.0 0.0 0.0 1.0 1.0 13.0 0.0
2489.012488273899 0.0 1.0 0.0 0.0 1.0 1.0 13.0 0.0
2490.1059958343953 0.0 1.0 0.0 0.0 1.0 1.0 13.0 0.0
2491.008496291338 0.0 1.0 0.0 0.0 1.0 1.0 13.0 0.0
2492.0236316569567 0.0 1.0 0.0 0.0 1.0 1.0 13.0 0.0
2493.002463889444 0.0 1.0 0.0 0.0 1.0 1.0 13.0 0.0
2494.0172480869674 0.0 1.0 0.0 0.0 1.0 1.0 13.0 0.0
2495.037193158713 0.0 1.0 0.0 0.0 1.0 1.0 13.0 0.0
2496.0073866219973 0.0 1.0 0.0 0.0 1.0 1.0 13.0 0.0
2497.005065286443 0.0 1.0 0.0 0.0 1.0 1.0 13.0 0.0
2498.0602699593983 0.0 1.0 0.0 0.0 1.0 1.0 13.0 0.0
2499.0860214073396 0.0 1.0 0.0 0.0 1.0 1.0 13.0 0.0
2500.070012640692 0.0 1.0 0.0 0.0 1.0 1.0 13.0 0.0
2501.091498063267 0.04999999999999999 0.42499999999999993 0.0 0.525 0.0 1.0 13.025 0.5280487804878049
2502.013519397357 0.8 0.1 0.0 0.10000000000000002 0.0 1.0 13.475 0.33170731707317075
2503.0924768553423 0.45 0.049999999999999996 0.5 0.0 0.0 1.0 14.5 0.5317073170731708
2504.0171567220577 0.0 0.02499999999999999 0.975 0.0 0.0 1.0 15.525 0.0475609756097561
2505.0518592161993 0.0 0.02499999999999999 0.975 0.0 0.0 1.0 16.375 0.0475609756097561
2506.021917589354 0.0 0.0 1.0 0.0 0.0 1.0 16.8 0.0
2507.0015047909887 0.0 0.0 1.0 0.0 0.0 1.0 16.875 0.0
2508.0441322917795 0.0 0.0 1.0 0.0 0.0 1.0 17.0 0.0
2509.042318306194 0.0 0.0 1.0 0.0 0.0 1.0 17.0 0.0
2510.031416487199 0.0 0.0 1.0 0.0 0.0 1.0 17.0 0.0
2511.035459321599 0.0 0.0 1.0 0.0 0.0 1.0 17.0 0.0
2512.0288812105696 0.0 0.0 1.0 0.0 0.0 1.0 17.0 0.0
2513.0337092700433 0.0 0.0 1.0 0.0 0.0 1.0 17.0 0.0
2514.0121198427237 0.0 0.0 1.0 0.0 0.0 1.0 17.0 0.0
2515.002942781765 0.0 0.0 1.0 0.0 0.0 1.0 17.0 0.0
2516.010150403249 0.0 0.0 1.0 0.0 0.0 1.0 17.0 0.0
2517.0049277682165 0.0 0.0 1.0 0.0 0.0 1.0 17.0 0.0
2518.0233937148764 0.0 0.0 1.0 0.0 0.0 1.0 17.0 0.0
2519.0606128189384 0.0 0.0 1.0 0.0 0.0 1.0 17.0 0.0
2520.0243050724143 0.0 0.0 1.0 0.0 0.0 1.0 17.0 0.0
2521.0844353333714 0.0 0.0 1.0 0.0 0.0 1.0 17.0 0.0
2522.015896664877 0.0 0.0 1.0 0.0 0.0 1.0 17.0 0.0
2523.0226918191765 0.0 0.0 1.0 0.0 0.0 1.0 17.0 0.0
2524.031898331025 0.0 0.0 1.0 0.0 0.0 1.0 17.0 0.0
2525.0180252923897 0.0 0.0 1.0 0.0 0.0 1.0 17.0 0.0
2526.030471913323 0.0 0.0 1.0 0.0 0.0 1.0 17.0 0.0
2527.023802777417 0.0 0.0 1.0 0.0 0.0 1.0 17.0 0.0
2528.004975676468 0.0 0.0 1.0 0.0 0.0 1.0 17.0 0.0
2529.033590754423 0.0 0.0 1.0 0.0 0.0 1.0 17.0 0.0
2530.0138836648175 0.0 0.0 1.0 0.0 0.0 1.0 17.0 0.0
2531.0324430213177 0.0 0.0 1.0 0.0 0.0 1.0 17.0 0.0
2532.021235140459 0.0 0.0 1.0 0.0 0.0 1.0 17.0 0.0
2533.0232500617776 0.0 0.0 1.0 0.0 0.0 1.0 17.0 0.0
2534.044991408983 0.0 0.0 1.0 0.0 0.0 1.0 17.0 0.0
2535.0079031018795 0.0 0.0 1.0 0.0 0.0 1.0 17.0 0.0
2536.0345427849625 0.0 0.0 1.0 0.0 0.0 1.0 17.0 0.0
2537.000176397514 0.0 0.0 1.0 0.0 0.0 1.0 17.0 0.0
2538.0615048809764 0.0 0.0 1.0 0.0 0.0 1.0 17.0 0.0
2539.005380491301 0.0 0.0 1.0 0.0 0.0 1.0 17.0 0.0
2540.053022148534 0.0 0.0 1.0 0.0 0.0 1.0 17.0 0.0
2541.004271879367 0.0 0.0 1.0 0.0 0.0 1.0 17.0 0.0
2542.0172629453327 0.0 0.0 1.0 0.0 0.0 1.0 17.0 0.0
2543.007624245042 0.0 0.0 1.0 0.0 0.0 1.0 17.0 0.0
2544.0117797727553 0.0 0.0 1.0 0.0 0.0 1.0 17.0 0.0
2545.045696854855 0.0 0.0 1.0 0.0 0.0 1.0 17.0 0.0
2546.0116552259606 0.0 0.0 1.0 0.0 0.0 1.0 17.0 0.0
2547.038582760584 0.0 0.0 1.0 0.0 0.0 1.0 17.0 0.0
2548.0499334182377 0.0 0.0 1.0 0.0 0.0 1.0 17.0 0.0
2549.017583957407 0.0 0.0 1.0 0.0 0.0 1.0 17.0 0.0
2550.008037317916 0.0 0.0 1.0 0.0 0.0 1.0 17.0 0.0
2551.0098772472725 0.0 0.0 1.0 0.0 0.0 1.0 17.0 0.0
2552.0152881915583 0.0 0.0 1.0 0.0 0.0 1.0 17.0 0.0
2553.0234066257945 0.0 0.0 1.0 0.0 0.0 1.0 17.0 0.0
2554.0480602686002 0.0 0.0 1.0 0.0 0.0 1.0 17.0 0.0
2555.0046672061812 0.0 0.0 1.0 0.0 0.0 1.0 17.0 0.0
2556.10284870766 0.0 0.0 1.0 0.0 0.0 1.0 17.0 0.0
2557.051893653723 0.0 0.0 1.0 0.0 0.0 1.0 17.0 0.0
2558.0063628113385 0.0 0.0 1.0 0.0 0.0 1.0 17.0 0.0
2559.004134491417 0.0 0.0 1.0 0.0 0.0 1.0 17.0 0.0
2560.0677429940906 0.0 0.0 1.0 0.0 0.0 1.0 17.0 0.0
2561.001296101612 0.0 0.0 1.0 0.0 0.0 1.0 17.0 0.0
2562.0087906098875 0.0 0.0 1.0 0.0 0.0 1.0 17.0 0.0
2563.0357375531503 0.0 0.0 1.0 0.0 0.0 1.0 17.0 0.0
2564.041390516181 0.0 0.0 1.0 0.0 0.0 1.0 17.0 0.0
2565.007348976671 0.0 0.0 1.0 0.0 0.0 1.0 17.0 0.0
2566.050438453493 0.0 0.0 1.0 0.0 0.0 1.0 17.0 0.0
2567.00646875652 0.0 0.0 1.0 0.0 0.0 1.0 17.0 0.0
2568.0192289280762 0.0 0.0 1.0 0.0 0.0 1.0 17.0 0.0
2569.021728179841 0.0 0.0 1.0 0.0 0.0 1.0 17.0 0.0
2570.0629607194833 0.0 0.0 1.0 0.0 0.0 1.0 17.0 0.0
2571.0611600789184 0.0 0.0 1.0 0.0 0.0 1.0 17.0 0.0
2572.06243405112 0.0 0.0 1.0 0.0 0.0 1.0 17.0 0.0
2573.00639276331 0.0 0.0 1.0 0.0 0.0 1.0 17.0 0.0
2574.0143333317724 0.0 0.0 1.0 0.0 0.0 1.0 17.0 0.0
2575.0650478870057 0.0 0.0 1.0 0.0 0.0 1.0 17.0 0.0
2576.021621298606 0.0 0.0 1.0 0.0 0.0 1.0 17.0 0.0
2577.007356469758 0.0 0.0 1.0 0.0 0.0 1.0 17.0 0.0
2578.0086704140795 0.0 0.0 1.0 0.0 0.0 1.0 17.0 0.0
2579.0310794804327 0.0 0.0 1.0 0.0 0.0 1.0 17.0 0.0
2580.018257923888 0.0 0.0 1.0 0.0 0.0 1.0 17.0 0.0
2581.0068602899432 0.0 0.0 1.0 0.0 0.0 1.0 17.0 0.0
2582.0660461395605 0.0 0.0 1.0 0.0 0.0 1.0 17.0 0.0
2583.100788829259 0.0 0.0 1.0 0.0 0.0 1.0 17.0 0.0
2584.0219474177566 0.0 0.0 1.0 0.0 0.0 1.0 17.0 0.0
2585.0117033594943 0.0 0.0 1.0 0.0 0.0 1.0 17.0 0.0
2586.0050548408803 0.0 0.0 1.0 0.0 0.0 1.0 17.0 0.0
2587.0798040938585 0.0 0.0 1.0 0.0 0.0 1.0 17.0 0.0
2588.0196199115553 0.0 0.0 1.0 0.0 0.0 1.0 17.0 0.0
2589.051016665555 0.0 0.0 1.0 0.0 0.0 1.0 17.0 0.0
2590.000208446573 0.0 0.0 1.0 0.0 0.0 1.0 17.0 0.0
2591.055041276643 0.0 0.0 1.0 0.0 0.0 1.0 17.0 0.0
2592.1059958343953 0.0 0.0 1.0 0.0 0.0 1.0 17.0 0.0
2593.0239729020245 0.0 0.0 1.0 0.0 0.0 1.0 17.0 0.0
2594.027585192487 0.0 0.0 1.0 0.0 0.0 1.0 17.0 0.0
2595.009818764328 0.0 0.0 1.0 0.0 0.0 1.0 17.0 0.0
2596.035746937372 0.0 0.0 0.6 0.4 0.0 0.0 17.0 0.4682926829268293
2597.0042427657772 0.0 0.0 0.10000000000000002 0.9 0.0 0.0 17.325 0.17560975609756097
2598.0018420771034 0.0 0.0 0.024999999999999994 0.975 0.0 0.0 18.3 0.0475609756097561
2599.0027631802636 0.0 0.0 0.0 1.0 0.0 0.0 18.825 0.0
2600.0055215996044 0.0 0.0 0.0 1.0 0.0 0.0 19.0 0.0
2601.0379327837536 0.0 0.0 0.0 1.0 0.0 0.0 19.0 0.0
2602.063261677595 0.0 0.0 0.0 1.0 0.0 0.0 19.0 0.0
2603.0243165794113 0.0 0.0 0.0 1.0 0.0 0.0 19.0 0.0
2604.085072594692 0.0 0.0 0.0 1.0 0.0 0.0 19.0 0.0
2605.10051743147 0.0 0.0 0.0 1.0 0.0 0.0 19.0 0.0
2606.0068089839233 0.0 0.0 0.0 1.0 0.0 0.0 19.0 0.0
2607.0202407212455 0.0 0.0 0.0 1.0 0.0 0.0 19.0 0.0
2608.020043143644 0.0 0.0 0.0 1.0 0.0 0.0 19.0 0.0
2609.014523685775 0.0 0.0 0.0 1.0 0.0 0.0 19.0 0.0
2610.0016432660855 0.0 0.0 0.0 1.0 0.0 0.0 19.0 0.0
2611.0042230695167 0.0 0.0 0.0 1.0 0.0 0.0 19.0 0.0
2612.003173405388 0.0 0.0 0.0 1.0 0.0 0.0 19.0 0.0
2613.0040302104144 0.0 0.0 0.0 1.0 0.0 0.0 19.0 0.0
2614.0725375531892 0.0 0.0 0.0 1.0 0.0 0.0 19.0 0.0
2615.029966958232 0.0 0.0 0.0 1.0 0.0 0.0 19.0 0.0
2616.04134888077 0.0 0.0 0.0 1.0 0.0 0.0 19.0 0.0
2617.0221158199247 0.0 0.0 0.0 1.0 0.0 0.0 19.0 0.0
2618.020582850325 0.0 0.0 0.0 1.0 0.0 0.0 19.0 0.0
2619.001357995383 0.0 0.0 0.0 1.0 0.0 0.0 19.0 0.0
2620.0004154795615 0.0 0.0 0.0 1.0 0.0 0.0 19.0 0.0
2621.0011620503333 0.0 0.0 0.0 1.0 0.0 0.0 19.0 0.0
2622.0254381630352 0.0 0.0 0.0 1.0 0.0 0.0 19.0 0.0
2623.0395046554836 0.0 0.0 0.0 1.0 0.0 0.0 19.0 0.0
2624.063372220684 0.0 0.0 0.0 1.0 0.0 0.0 19.0 0.0
2625.0375367987995 0.0 0.0 0.0 1.0 0.0 0.0 19.0 0.0
2626.0048389183044 0.0 0.0 0.0 1.0 0.0 0.0 19.0 0.0
2627.1059958343953 0.0 0.0 0.0 1.0 0.0 0.0 19.0 0.0
2628.0087282778586 0.0 0.0 0.0 1.0 0.0 0.0 19.0 0.0
2629.022953201949 0.0 0.0 0.0 1.0 0.0 0.0 19.0 0.0
2630.0246991873164 0.0 0.0 0.0 1.0 0.0 0.0 19.0 0.0
2631.086470794445 0.0 0.0 0.0 1.0 0.0 0.0 19.0 0.0
2632.0209781594667 0.0 0.0 0.0 1.0 0.0 0.0 19.0 0.0
2633.1059958343953 0.0 0.0 0.0 1.0 0.0 0.0 19.0 0.0
2634.029289525823 0.0 0.0 0.0 1.0 0.0 0.0 19.0 0.0
2635.080198159031 0.0 0.0 0.0 1.0 0.0 0.0 19.0 0.0
2636.059402738031 0.0 0.0 0.0 1.0 0.0 0.0 19.0 0.0
2637.0116151896464 0.0 0.0 0.0 1.0 0.0 0.0 19.0 0.0
2638.038263160872 0.0 0.0 0.0 1.0 0.0 0.0 19.0 0.0
2639.0022212815015 0.0 0.0 0.0 1.0 0.0 0.0 19.0 0.0
2640.0346674893276 0.0 0.0 0.0 1.0 0.0 0.0 19.0 0.0
2641.012509195194 0.0 0.0 0.0 1.0 0.0 0.0 19.0 0.0
2642.0009057023585 0.0 0.0 0.0 1.0 0.0 0.0 19.0 0.0
2643.0272681498805 0.0 0.0 0.0 1.0 0.0 0.0 19.0 0.0
2644.0019297306653 0.0 0.0 0.0 1.0 0.0 0.0 19.0 0.0
2645.012445593083 0.0 0.0 0.0 1.0 0.0 0.0 19.0 0.0
2646.030188743484 0.0 0.0 0.0 1.0 0.0 0.0 19.0 0.0
2647.0108147182104 0.0 0.0 0.0 1.0 0.0 0.0 19.0 0.0
2648.030866856969 0.0 0.0 0.0 1.0 0.0 0.0 19.0 0.0
2649.0062230063913 0.0 0.0 0.0 1.0 0.0 0.0 19.0 0.0
2650.0371932201638 0.0 0.0 0.0 1.0 0.0 0.0 19.0 0.0
2651.0529932098334 0.0 0.0 0.0 1.0 0.0 0.0 19.0 0.0
2652.0734425860755 0.0 0.0 0.0 1.0 0.0 0.0 19.0 0.0
2653.0059448681045 0.0 0.0 0.0 1.0 0.0 0.0 19.0 0.0
2654.040550587618 0.0 0.0 0.0 1.0 0.0 0.0 19.0 0.0
2655.014511001181 0.0 0.0 0.0 1.0 0.0 0.0 19.0 0.0
2656.0519823821746 0.0 0.0 0.0 1.0 0.0 0.0 19.0 0.0
2657.0086866245224 0.0 0.0 0.0 1.0 0.0 0.0 19.0 0.0
2658.0859867645863 0.0 0.0 0.0 1.0 0.0 0.0 19.0 0.0
2659.0001589408917 0.0 0.0 0.0 1.0 0.0 0.0 19.0 0.0
2660.0064311658275 0.0 0.0 0.0 1.0 0.0 0.0 19.0 0.0
2661.003933826985 0.0 0.0 0.0 1.0 0.0 0.0 19.0 0.0
2662.017652768262 0.0 0.0 0.0 1.0 0.0 0.0 19.0 0.0
2663.0733388459553 0.0 0.0 0.0 1.0 0.0 0.0 19.0 0.0
2664.00950449979 0.0 0.0 0.0 1.0 0.0 0.0 19.0 0.0
2665.0008046203466 0.0 0.0 0.0 1.0 0.0 0.0 19.0 0.0
2666.057147315557 0.0 0.0 0.0 1.0 0.0 0.0 19.0 0.0
2667.0228340703948 0.0 0.0 0.0 1.0 0.0 0.0 19.0 0.0
2668.089653256742 0.0 0.0 0.0 1.0 0.0 0.0 19.0 0.0
2669.001062879699 0.0 0.0 0.0 1.0 0.0 0.0 19.0 0.0
2670.0239692779014 0.0 0.0 0.0 1.0 0.0 0.0 19.0 0.0
2671.0183946827433 0.0 0.0 0.0 1.0 0.0 0.0 19.0 0.0
2672.0264477198652 0.0 0.0 0.0 1.0 0.0 0.0 19.0 0.0
2673.105902298496 0.0 0.0 0.0 1.0 0.0 0.0 19.0 0.0
2674.0259750562923 0.0 0.0 0.0 1.0 0.0 0.0 19.0 0.0
2675.026364104955 0.0 0.0 0.0 1.0 0.0 0.0 19.0 0.0
2676.0183208820945 0.0 0.0 0.0 1.0 0.0 0.0 19.0 0.0
2677.020930804976 0.0 0.0 0.0 1.0 0.0 0.0 19.0 0.0
2678.014361731663 0.0 0.0 0.0 1.0 0.0 0.0 19.0 0.0
2679.0683720110296 0.0 0.0 0.0 1.0 0.0 0.0 19.0 0.0
2680.015053207392 0.0 0.0 0.0 1.0 0.0 0.0 19.0 0.0
2681.029262375 0.0 0.0 0.0 1.0 0.0 0.0 19.0 0.0
2682.0031192085676 0.0 0.0 0.0 1.0 0.0 0.0 19.0 0.0
2683.0117495527816 0.0 0.0 0.0 1.0 0.0 0.0 19.0 0.0
2684.0195226475025 0.0 0.0 0.0 1.0 0.0 0.0 19.0 0.0
2685.0620609661037 0.0 0.0 0.0 1.0 0.0 0.0 19.0 0.0
2686.01790504525 0.0 0.0 0.0 1.0 0.0 0.0 19.0 0.0
2687.072298489299 0.0 0.0 0.0 1.0 0.0 0.0 19.0 0.0
2688.0137330351904 0.0 0.0 0.0 1.0 0.0 0.0 19.0 0.0
2689.0190848011534 0.0 0.0 0.0 1.0 0.0 0.0 19.0 0.0
2690.0040650821315 0.0 0.0 0.0 1.0 0.0 0.0 19.0 0.0
2691.015719931732 0.0 0.0 0.0 1.0 0.0 0.0 19.0 0.0
2692.026666812437 0.0 0.0 0.0 1.0 0.0 0.0 19.0 0.0
2693.0156372870924 0.0 0.0 0.0 1.0 0.0 0.0 19.0 0.0
2694.0053366004954 0.0 0.0 0.0 1.0 0.0 0.0 19.0 0.0
2695.0060082212385 0.0 0.0 0.0 1.0 0.0 0.0 19.0 0.0
2696.0858267307576 0.0 0.0 0.0 1.0 0.0 0.0 19.0 0.0
2697.021552810104 0.0 0.0 0.0 1.0 0.0 0.0 19.0 0.0
2698.0146813569736 0.0 0.0 0.0 1.0 0.0 0.0 19.0 0.0
2699.0051250639126 0.0 0.0 0.0 1.0 0.0 0.0 19.0 0.0
2700.0068170437185 0.0 0.0 0.0 1.0 0.0 0.0 19.0 0.0
2701.0224210723727 0.0 0.0 0.0 1.0 0.0 0.0 19.0 0.0
2702.069287627226 0.0 0.0 0.0 1.0 0.0 0.0 19.0 0.0
2703.0284577731277 0.0 0.0 0.0 1.0 0.0 0.0 19.0 0.0
2704.022882909504 0.0 0.0 0.0 1.0 0.0 0.0 19.0 0.0
2705.006840907853 0.0 0.0 0.0 1.0 0.0 0.0 19.0 0.0
2706.0025788333955 0.0 0.0 0.0 1.0 0.0 0.0 19.0 0.0
2707.0063351779977 0.0 0.0 0.0 1.0 0.0 0.0 19.0 0.0
2708.071841818776 0.0 0.0 0.0 1.0 0.0 0.0 19.0 0.0
2709.0639312435214 0.0 0.0 0.0 1.0 0.0 0.0 19.0 0.0
2710.022154505065 0.0 0.0 0.0 1.0 0.0 0.0 19.0 0.0
2711.0175924415134 0.0 0.0 0.0 1.0 0.0 0.0 19.0 0.0
2712.0129515530207 0.0 0.0 0.0 1.0 0.0 0.0 19.0 0.0
2713.024187712208 0.0 0.0 0.0 1.0 0.0 0.0 19.0 0.0
2714.0641629082597 0.0 0.0 0.0 1.0 0.0 0.0 19.0 0.0
2715.0029498318436 0.0 0.0 0.0 1.0 0.0 0.0 19.0 0.0
2716.076837317683 0.0 0.0 0.0 1.0 0.0 0.0 19.0 0.0
2717.0011042741253 0.0 0.0 0.0 1.0 0.0 0.0 19.0 0.0
2718.0071300346463 0.0 0.0 0.0 1.0 0.0 0.0 19.0 0.0
2719.031406272848 0.0 0.0 0.0 1.0 0.0 0.0 19.0 0.0
2720.043712504984 0.0 0.0 0.0 1.0 0.0 0.0 19.0 0.0
2721.0131866620845 0.0 0.0 0.0 1.0 0.0 0.0 19.0 0.0
2722.1059958343953 0.0 0.0 0.0 1.0 0.0 0.0 19.0 0.0
2723.019247855438 0.0 0.0 0.0 1.0 0.0 0.0 19.0 0.0
2724.0444730264744 0.0 0.0 0.0 1.0 0.0 0.0 19.0 0.0
2725.018844379756 0.0 0.0 0.0 1.0 0.0 0.0 19.0 0.0
2726.000839682731 0.0 0.0 0.0 1.0 0.0 0.0 19.0 0.0
2727.0252890430797 0.0 0.0 0.0 1.0 0.0 0.0 19.0 0.0
2728.1059958343953 0.0 0.0 0.0 1.0 0.0 0.0 19.0 0.0
2729.063515966176 0.0 0.0 0.0 1.0 0.0 0.0 19.0 0.0
2730.009568128127 0.0 0.0 0.0 1.0 0.0 0.0 19.0 0.0
2731.033542479111 0.0 0.0 0.0 1.0 0.0 0.0 19.0 0.0
2732.004951778284 0.0 0.0 0.0 1.0 0.0 0.0 19.0 0.0
2733.0806907384517 0.0 0.0 0.0 1.0 0.0 0.0 19.0 0.0
2734.004090595859 0.0 0.0 0.0 1.0 0.0 0.0 19.0 0.0
2735.0237741054184 0.0 0.0 0.0 1.0 0.0 0.0 19.0 0.0
2736.004220396734 0.0 0.0 0.0 1.0 0.0 0.0 19.0 0.0
2737.0158289738524 0.0 0.0 0.0 1.0 0.0 0.0 19.0 0.0
2738.00740989516 0.0 0.0 0.0 1.0 0.0 0.0 19.0 0.0
2739.014586729492 0.0 0.0 0.0 1.0 0.0 0.0 19.0 0.0
2740.014589650687 0.0 0.0 0.0 1.0 0.0 0.0 19.0 0.0
2741.054118763051 0.0 0.0 0.0 1.0 0.0 0.0 19.0 0.0
2742.030264123656 0.0 0.0 0.0 1.0 0.0 0.0 19.0 0.0
2743.072939709651 0.0 0.0 0.0 1.0 0.0 0.0 19.0 0.0
2744.0543386888903 0.0 0.0 0.0 1.0 0.0 0.0 19.0 0.0
2745.01446121094 0.0 0.0 0.0 1.0 0.0 0.0 19.0 0.0
2746.092123210359 0.0 0.0 0.0 1.0 0.0 0.0 19.0 0.0
2747.0702272237113 0.0 0.0 0.0 1.0 0.0 0.0 19.0 0.0
2748.0635401137847 0.0 0.0 0.0 1.0 0.0 0.0 19.0 0.0
2749.0764277195194 0.0 0.0 0.0 1.0 0.0 0.0 19.0 0.0
2750.1059958343953 0.0 0.0 0.0 1.0 0.0 0.0 19.0 0.0
2751.0031371459386 0.0 0.0 0.0 1.0 0.0 0.0 19.0 0.0
2752.0066683284244 0.0 0.0 0.0 1.0 0.0 0.0 19.0 0.0
2753.0288464988275 0.0 0.0 0.0 1.0 0.0 0.0 19.0 0.0
2754.0044104466056 0.0 0.0 0.0 1.0 0.0 0.0 19.0 0.0
2755.01035775876 0.0 0.0 0.0 1.0 0.0 0.0 19.0 0.0
2756.001450634149 0.0 0.0 0.0 1.0 0.0 0.0 19.0 0.0
2757.0086296778422 0.0 0.0 0.0 1.0 0.0 0.0 19.0 0.0
2758.009060993106 0.0 0.0 0.0 1.0 0.0 0.0 19.0 0.0
2759.0742452145537 0.0 0.0 0.0 1.0 0.0 0.0 19.0 0.0
2760.004939505817 0.0 0.0 0.0 1.0 0.0 0.0 19.0 0.0
2761.0125370517517 0.0 0.0 0.0 1.0 0.0 0.0 19.0 0.0
2762.024690265902 0.0 0.0 0.0 1.0 0.0 0.0 19.0 0.0
2763.0074298593286 0.0 0.0 0.0 1.0 0.0 0.0 19.0 0.0
2764.007135113207 0.0 0.0 0.0 1.0 0.0 0.0 19.0 0.0
2765.013051284951 0.0 0.0 0.0 1.0 0.0 0.0 19.0 0.0
2766.021675320712 0.0 0.0 0.0 1.0 0.0 0.0 19.0 0.0
2767.047164910121 0.0 0.0 0.0 1.0 0.0 0.0 19.0 0.0
2768.015317986533 0.0 0.0 0.0 1.0 0.0 0.0 19.0 0.0
2769.1059958343953 0.0 0.0 0.0 1.0 0.0 0.0 19.0 0.0
2770.0121344933323 0.0 0.0 0.0 1.0 0.0 0.0 19.0 0.0
2771.042306634386 0.0 0.0 0.0 1.0 0.0 0.0 19.0 0.0
2772.0018755469823 0.0 0.0 0.0 1.0 0.0 0.0 19.0 0.0
2773.0086855532486 0.0 0.0 0.0 1.0 0.0 0.0 19.0 0.0
2774.0027110235883 0.0 0.0 0.0 1.0 0.0 0.0 19.0 0.0
2775.0037748598415 0.0 0.0 0.0 1.0 0.0 0.0 19.0 0.0
2776.0437296217174 0.0 0.0 0.0 1.0 0.0 0.0 19.0 0.0
2777.011219851863 0.0 0.0 0.0 1.0 0.0 0.0 19.0 0.0
2778.092851363804 0.0 0.0 0.0 1.0 0.0 0.0 19.0 0.0
2779.005165715374 0.0 0.0 0.0 1.0 0.0 0.0 19.0 0.0
2780.0175440573666 0.0 0.0 0.0 1.0 0.0 0.0 19.0 0.0
2781.0092268760936 0.0 0.0 0.0 1.0 0.0 0.0 19.0 0.0
2782.015140733605 0.0 0.0 0.0 1.0 0.0 0.0 19.0 0.0
2783.033081846106 0.0 0.0 0.0 1.0 0.0 0.0 19.0 0.0
2784.0088725220326 0.0 0.0 0.0 1.0 0.0 0.0 19.0 0.0
2785.1059958343953 0.0 0.0 0.0 1.0 0.0 0.0 19.0 0.0
2786.054834630398 0.0 0.0 0.0 1.0 0.0 0.0 19.0 0.0
2787.1049691761923 0.0 0.0 0.0 1.0 0.0 0.0 19.0 0.0
2788.016707501507 0.0 0.0 0.0 1.0 0.0 0.0 19.0 0.0
2789.002154423672 0.0 0.0 0.0 1.0 0.0 0.0 19.0 0.0
2790.0411072831066 0.0 0.0 0.0 1.0 0.0 0.0 19.0 0.0
2791.0601120103056 0.0 0.0 0.0 1.0 0.0 0.0 19.0 0.0
2792.0219353726447 0.0 0.0 0.0 1.0 0.0 0.0 19.0 0.0
2793.026347188124 0.0 0.0 0.0 1.0 0.0 0.0 19.0 0.0
2794.027115254505 0.0 0.0 0.0 1.0 0.0 0.0 19.0 0.0
2795.012194420837 0.0 0.0 0.0 1.0 0.0 0.0 19.0 0.0
2796.0024167825836 0.0 0.0 0.0 1.0 0.0 0.0 19.0 0.0
2797.054595539664 0.0 0.0 0.0 1.0 0.0 0.0 19.0 0.0
2798.0175062825474 0.0 0.0 0.0 1.0 0.0 0.0 19.0 0.0
2799.0343099590386 0.0 0.0 0.0 1.0 0.0 0.0 19.0 0.0
2800.0033136851553 0.0 0.0 0.0 1.0 0.0 0.0 19.0 0.0
2801.0039045428334 0.0 0.0 0.0 1.0 0.0 0.0 19.0 0.0
2802.073731513091 0.0 0.0 0.0 1.0 0.0 0.0 19.0 0.0
2803.0007637535714 0.0 0.0 0.0 1.0 0.0 0.0 19.0 0.0
2804.050970076941 0.0 0.0 0.0 1.0 0.0 0.0 19.0 0.0
2805.025530994735 0.0 0.0 0.0 1.0 0.0 0.0 19.0 0.0
2806.0615040298926 0.0 0.0 0.0 1.0 0.0 0.0 19.0 0.0
2807.010045625338 0.0 0.0 0.0 1.0 0.0 0.0 19.0 0.0
2808.025288168032 0.0 0.0 0.0 1.0 0.0 0.0 19.0 0.0
2809.0040001834363 0.0 0.0 0.0 1.0 0.0 0.0 19.0 0.0
2810.008342937367 0.0 0.0 0.0 1.0 0.0 0.0 19.0 0.0
2811.0019979429476 0.0 0.0 0.0 1.0 0.0 0.0 19.0 0.0
2812.0227639233226 0.0 0.0 0.0 1.0 0.0 0.0 19.0 0.0
2813.0167311932464 0.0 0.0 0.0 1.0 0.0 0.0 19.0 0.0
2814.0085124401594 0.0 0.0 0.0 1.0 0.0 0.0 19.0 0.0
2815.007800713444 0.0 0.0 0.0 1.0 0.0 0.0 19.0 0.0
2816.0042660597132 0.0 0.0 0.0 1.0 0.0 0.0 19.0 0.0
2817.0614693768343 0.0 0.0 0.0 1.0 0.0 0.0 19.0 0.0
2818.005581691283 0.0 0.0 0.0 1.0 0.0 0.0 19.0 0.0
2819.006307004237 0.0 0.0 0.0 1.0 0.0 0.0 19.0 0.0
2820.0305848643334 0.0 0.0 0.0 1.0 0.0 0.0 19.0 0.0
2821.034434565684 0.0 0.0 0.0 1.0 0.0 0.0 19.0 0.0
2822.003564000231 0.0 0.0 0.0 1.0 0.0 0.0 19.0 0.0
2823.0662052589087 0.0 0.0 0.0 1.0 0.0 0.0 19.0 0.0
2824.0352634217475 0.0 0.0 0.0 1.0 0.0 0.0 19.0 0.0
2825.0275435745953 0.0 0.0 0.0 1.0 0.0 0.0 19.0 0.0
2826.0274673330186 0.0 0.0 0.0 1.0 0.0 0.0 19.0 0.0
2827.0284537627176 0.0 0.0 0.0 1.0 0.0 0.0 19.0 0.0
2828.025908637603 0.0 0.0 0.0 1.0 0.0 0.0 19.0 0.0
2829.008427390514 0.0 0.0 0.0 1.0 0.0 0.0 19.0 0.0
2830.056940966438 0.0 0.0 0.0 1.0 0.0 0.0 19.0 0.0
2831.034116683207 0.0 0.0 0.0 1.0 0.0 0.0 19.0 0.0
2832.022107296081 0.0 0.0 0.0 1.0 0.0 0.0 19.0 0.0
2833.0030173249106 0.0 0.0 0.0 1.0 0.0 0.0 19.0 0.0
2834.0203841684915 0.0 0.0 0.0 1.0 0.0 0.0 19.0 0.0
2835.003013114774 0.0 0.0 0.0 1.0 0.0 0.0 19.0 0.0
2836.0114796703215 0.0 0.0 0.0 1.0 0.0 0.0 19.0 0.0
2837.057180241795 0.0 0.0 0.0 1.0 0.0 0.0 19.0 0.0
2838.0396903164374 0.0 0.0 0.0 1.0 0.0 0.0 19.0 0.0
2839.073101445347 0.0 0.0 0.0 1.0 0.0 0.0 19.0 0.0
2840.031129957018 0.0 0.0 0.0 1.0 0.0 0.0 19.0 0.0
2841.024723438223 0.0 0.0 0.0 1.0 0.0 0.0 19.0 0.0
2842.0222837344263 0.0 0.0 0.0 1.0 0.0 0.0 19.0 0.0
2843.0109307274156 0.0 0.0 0.0 1.0 0.0 0.0 19.0 0.0
2844.0144307694095 0.0 0.0 0.0 1.0 0.0 0.0 19.0 0.0
2845.1059958343953 0.0 0.0 0.0 1.0 0.0 0.0 19.0 0.0
2846.0170550889916 0.0 0.0 0.0 1.0 0.0 0.0 19.0 0.0
2847.016451167104 0.0 0.0 0.0 1.0 0.0 0.0 19.0 0.0
2848.0143484573796 0.0 0.0 0.0 1.0 0.0 0.0 19.0 0.0
2849.0328858528264 0.0 0.0 0.0 1.0 0.0 0.0 19.0 0.0
2850.028945300478 0.0 0.0 0.0 1.0 0.0 0.0 19.0 0.0
2851.0125448705335 0.0 0.0 0.0 1.0 0.0 0.0 19.0 0.0
2852.06480588236 0.0 0.0 0.0 1.0 0.0 0.0 19.0 0.0
2853.0032579492145 0.0 0.0 0.0 1.0 0.0 0.0 19.0 0.0
2854.029149499305 0.0 0.0 0.0 1.0 0.0 0.0 19.0 0.0
2855.0151841031156 0.0 0.0 0.0 1.0 0.0 0.0 19.0 0.0
2856.0469481179944 0.0 0.0 0.0 1.0 0.0 0.0 19.0 0.0
2857.0094896990076 0.0 0.0 0.0 1.0 0.0 0.0 19.0 0.0
2858.045626695435 0.0 0.0 0.0 1.0 0.0 0.0 19.0 0.0
2859.0005312929093 0.0 0.0 0.0 1.0 0.0 0.0 19.0 0.0
2860.0153818948634 0.0 0.0 0.0 1.0 0.0 0.0 19.0 0.0
2861.053495037604 0.0 0.0 0.0 1.0 0.0 0.0 19.0 0.0
2862.0030300124367 0.0 0.0 0.0 1.0 0.0 0.0 19.0 0.0
2863.0385977060246 0.0 0.0 0.0 1.0 0.0 0.0 19.0 0.0
2864.0144401227362 0.0 0.0 0.0 1.0 0.0 0.0 19.0 0.0
2865.0269978180363 0.0 0.0 0.0 1.0 0.0 0.0 19.0 0.0
2866.002896341738 0.0 0.0 0.0 1.0 0.0 0.0 19.0 0.0
2867.001568211554 0.0 0.0 0.0 1.0 0.0 0.0 19.0 0.0
2868.0230499381837 0.0 0.0 0.0 1.0 0.0 0.0 19.0 0.0
2869.0281119249244 0.0 0.0 0.0 1.0 0.0 0.0 19.0 0.0
2870.056553436085 0.0 0.0 0.0 1.0 0.0 0.0 19.0 0.0
2871.1059958343953 0.0 0.0 0.0 1.0 0.0 0.0 19.0 0.0
2872.010334511238 0.0 0.0 0.0 1.0 0.0 0.0 19.0 0.0
2873.000732472113 0.0 0.0 0.0 1.0 0.0 0.0 19.0 0.0
2874.008535741043 0.0 0.0 0.0 1.0 0.0 0.0 19.0 0.0
2875.0293619195077 0.0 0.0 0.0 1.0 0.0 0.0 19.0 0.0
2876.004969723012 0.0 0.0 0.0 1.0 0.0 0.0 19.0 0.0
2877.017546124341 0.0 0.0 0.0 1.0 0.0 0.0 19.0 0.0
2878.053446715332 0.0 0.0 0.0 1.0 0.0 0.0 19.0 0.0
2879.024008970689 0.0 0.0 0.0 1.0 0.0 0.0 19.0 0.0
2880.003189258506 0.0 0.0 0.0 1.0 0.0 0.0 19.0 0.0
2881.025039214121 0.0 0.0 0.0 1.0 0.0 0.0 19.0 0.0
2882.0033431363154 0.0 0.0 0.0 1.0 0.0 0.0 19.0 0.0
2883.019496376375 0.0 0.0 0.0 1.0 0.0 0.0 19.0 0.0
2884.010687740911 0.0 0.0 0.0 1.0 0.0 0.0 19.0 0.0
2885.0052700601013 0.0 0.0 0.0 1.0 0.0 0.0 19.0 0.0
2886.043695248716 0.0 0.0 0.0 1.0 0.0 0.0 19.0 0.0
2887.0246272886425 0.0 0.0 0.0 1.0 0.0 0.0 19.0 0.0
2888.014026800831 0.0 0.0 0.0 1.0 0.0 0.0 19.0 0.0
2889.0047262495495 0.0 0.0 0.0 1.0 0.0 0.0 19.0 0.0
2890.0055579975883 0.0 0.0 0.0 1.0 0.0 0.0 19.0 0.0
2891.0005373033987 0.0 0.0 0.0 1.0 0.0 0.0 19.0 0.0
2892.0034183008675 0.0 0.0 0.0 1.0 0.0 0.0 19.0 0.0
2893.0625151749646 0.0 0.0 0.0 1.0 0.0 0.0 19.0 0.0
2894.002857314188 0.0 0.0 0.0 1.0 0.0 0.0 19.0 0.0
2895.025559951654 0.0 0.0 0.0 1.0 0.0 0.0 19.0 0.0
2896.025452708325 0.0 0.0 0.0 1.0 0.0 0.0 19.0 0.0
2897.085051184473 0.0 0.0 0.0 1.0 0.0 0.0 19.0 0.0
2898.0349301172923 0.0 0.0 0.0 1.0 0.0 0.0 19.0 0.0
2899.0474890005016 0.0 0.0 0.0 1.0 0.0 0.0 19.0 0.0
2900.07193280279 0.0 0.0 0.0 1.0 0.0 0.0 19.0 0.0
2901.0854821424427 0.0 0.0 0.0 1.0 0.0 0.0 19.0 0.0
2902.030468968662 0.0 0.0 0.0 1.0 0.0 0.0 19.0 0.0
2903.0743439672274 0.0 0.0 0.0 1.0 0.0 0.0 19.0 0.0
2904.0144203963864 0.0 0.0 0.0 1.0 0.0 0.0 19.0 0.0
2905.010645936301 0.0 0.0 0.0 1.0 0.0 0.0 19.0 0.0
2906.0100883131313 0.0 0.0 0.0 1.0 0.0 0.0 19.0 0.0
2907.0763713020997 0.0 0.0 0.0 1.0 0.0 0.0 19.0 0.0
2908.0067610628066 0.0 0.0 0.0 1.0 0.0 0.0 19.0 0.0
2909.035804118825 0.0 0.0 0.0 1.0 0.0 0.0 19.0 0.0
2910.004344616759 0.0 0.0 0.0 1.0 0.0 0.0 19.0 0.0
2911.1059958343953 0.0 0.0 0.0 1.0 0.0 0.0 19.0 0.0
2912.0140878428087 0.0 0.0 0.0 1.0 0.0 0.0 19.0 0.0
2913.031784179511 0.0 0.0 0.0 1.0 0.0 0.0 19.0 0.0
2914.0432523489726 0.0 0.0 0.0 1.0 0.0 0.0 19.0 0.0
2915.0093592617645 0.0 0.0 0.0 1.0 0.0 0.0 19.0 0.0
2916.1059958343953 0.0 0.0 0.0 1.0 0.0 0.0 19.0 0.0
2917.0240404724686 0.0 0.0 0.0 1.0 0.0 0.0 19.0 0.0
2918.1059958343953 0.0 0.0 0.0 1.0 0.0 0.0 19.0 0.0
2919.022723192373 0.0 0.0 0.0 1.0 0.0 0.0 19.0 0.0
2920.0120129417614 0.0 0.0 0.0 1.0 0.0 0.0 19.0 0.0
2921.0542598162783 0.0 0.0 0.0 1.0 0.0 0.0 19.0 0.0
2922.0014159423426 0.0 0.0 0.0 1.0 0.0 0.0 19.0 0.0
2923.0262252367843 0.0 0.0 0.0 1.0 0.0 0.0 19.0 0.0
2924.01093084992 0.0 0.0 0.0 1.0 0.0 0.0 19.0 0.0
2925.0076895872267 0.0 0.0 0.0 1.0 0.0 0.0 19.0 0.0
2926.027525898286 0.0 0.0 0.0 1.0 0.0 0.0 19.0 0.0
2927.0083557695525 0.0 0.0 0.0 1.0 0.0 0.0 19.0 0.0
2928.0016883131348 0.0 0.0 0.0 1.0 0.0 0.0 19.0 0.0
2929.004043142929 0.0 0.0 0.0 1.0 0.0 0.0 19.0 0.0
2930.064981118409 0.0 0.0 0.0 1.0 0.0 0.0 19.0 0.0
2931.0228903060224 0.0 0.0 0.0 1.0 0.0 0.0 19.0 0.0
2932.1059958343953 0.0 0.0 0.0 1.0 0.0 0.0 19.0 0.0
2933.0000775999624 0.0 0.0 0.0 1.0 0.0 0.0 19.0 0.0
2934.009997039299 0.0 0.0 0.0 1.0 0.0 0.0 19.0 0.0
2935.008973563405 0.0 0.0 0.0 1.0 0.0 0.0 19.0 0.0
2936.052220077527 0.0 0.0 0.0 1.0 0.0 0.0 19.0 0.0
2937.057428631217 0.0 0.0 0.0 1.0 0.0 0.0 19.0 0.0
2938.017402695211 0.0 0.0 0.0 1.0 0.0 0.0 19.0 0.0
2939.0174198900495 0.0 0.0 0.0 1.0 0.0 0.0 19.0 0.0
2940.0603486729087 0.0 0.0 0.0 1.0 0.0 0.0 19.0 0.0
2941.0080500740196 0.0 0.0 0.0 1.0 0.0 0.0 19.0 0.0
2942.021235517041 0.0 0.0 0.0 1.0 0.0 0.0 19.0 0.0
2943.038338408753 0.0 0.0 0.0 1.0 0.0 0.0 19.0 0.0
2944.023288102641 0.0 0.0 0.0 1.0 0.0 0.0 19.0 0.0
2945.054922355755 0.0 0.0 0.0 1.0 0.0 0.0 19.0 0.0
2946.000383598099 0.0 0.0 0.0 1.0 0.0 0.0 19.0 0.0
2947.0257976847115 0.0 0.0 0.0 1.0 0.0 0.0 19.0 0.0
2948.014165553497 0.0 0.0 0.0 1.0 0.0 0.0 19.0 0.0
2949.0110445549094 0.0 0.0 0.0 1.0 0.0 0.0 19.0 0.0
2950.030002118088 0.0 0.0 0.0 1.0 0.0 0.0 19.0 0.0
2951.0551242554925 0.0 0.0 0.0 1.0 0.0 0.0 19.0 0.0
2952.0423023201697 0.0 0.0 0.0 1.0 0.0 0.0 19.0 0.0
2953.0167760899494 0.0 0.0 0.0 1.0 0.0 0.0 19.0 0.0
2954.0039901481236 0.0 0.0 0.0 1.0 0.0 0.0 19.0 0.0
2955.0811871809733 0.0 0.0 0.0 1.0 0.0 0.0 19.0 0.0
2956.0018565327005 0.0 0.0 0.0 1.0 0.0 0.0 19.0 0.0
2957.0018799868367 0.0 0.0 0.0 1.0 0.0 0.0 19.0 0.0
2958.019870990729 0.0 0.0 0.0 1.0 0.0 0.0 19.0 0.0
2959.0366752468626 0.0 0.0 0.0 1.0 0.0 0.0 19.0 0.0
2960.1059958343953 0.0 0.0 0.0 1.0 0.0 0.0 19.0 0.0
2961.015225525306 0.0 0.0 0.0 1.0 0.0 0.0 19.0 0.0
2962.06346666625 0.0 0.0 0.0 1.0 0.0 0.0 19.0 0.0
2963.0864052101406 0.0 0.0 0.0 1.0 0.0 0.0 19.0 0.0
2964.000272249274 0.0 0.0 0.0 1.0 0.0 0.0 19.0 0.0
2965.0335522079645 0.0 0.0 0.0 1.0 0.0 0.0 19.0 0.0
2966.0056018989408 0.0 0.0 0.0 1.0 0.0 0.0 19.0 0.0
2967.016927029313 0.0 0.0 0.0 1.0 0.0 0.0 19.0 0.0
2968.002012917473 0.0 0.0 0.0 1.0 0.0 0.0 19.0 0.0
2969.000010746831 0.0 0.0 0.0 1.0 0.0 0.0 19.0 0.0
2970.1059958343953 0.0 0.0 0.0 1.0 0.0 0.0 19.0 0.0
2971.0300673791435 0.0 0.0 0.0 1.0 0.0 0.0 19.0 0.0
2972.010298174237 0.0 0.0 0.0 1.0 0.0 0.0 19.0 0.0
2973.019347258902 0.0 0.0 0.0 1.0 0.0 0.0 19.0 0.0
2974.0317112889697 0.0 0.0 0.0 1.0 0.0 0.0 19.0 0.0
2975.0203988452586 0.0 0.0 0.0 1.0 0.0 0.0 19.0 0.0
2976.023432000819 0.0 0.0 0.0 1.0 0.0 0.0 19.0 0.0
2977.053379180503 0.0 0.0 0.0 1.0 0.0 0.0 19.0 0.0
2978.001871852029 0.0 0.0 0.0 1.0 0.0 0.0 19.0 0.0
2979.035363825893 0.0 0.0 0.0 1.0 0.0 0.0 19.0 0.0
2980.0433060654254 0.0 0.0 0.0 1.0 0.0 0.0 19.0 0.0
2981.0181703507155 0.0 0.0 0.0 1.0 0.0 0.0 19.0 0.0
2982.008735074 0.0 0.0 0.0 1.0 0.0 0.0 19.0 0.0
2983.0009490533275 0.0 0.0 0.0 1.0 0.0 0.0 19.0 0.0
2984.0382682633926 0.0 0.0 0.0 1.0 0.0 0.0 19.0 0.0
2985.0053812214414 0.0 0.0 0.0 1.0 0.0 0.0 19.0 0.0
2986.0074302191306 0.0 0.0 0.0 1.0 0.0 0.0 19.0 0.0
2987.0413669868212 0.0 0.0 0.0 1.0 0.0 0.0 19.0 0.0
2988.0141574137897 0.0 0.0 0.0 1.0 0.0 0.0 19.0 0.0
2989.0241378863993 0.0 0.0 0.0 1.0 0.0 0.0 19.0 0.0
2990.0130191948742 0.0 0.0 0.0 1.0 0.0 0.0 19.0 0.0
2991.009977310906 0.0 0.0 0.0 1.0 0.0 0.0 19.0 0.0
2992.1059958343953 0.0 0.0 0.0 1.0 0.0 0.0 19.0 0.0
2993.045305778493 0.0 0.0 0.0 1.0 0.0 0.0 19.0 0.0
2994.0051741459424 0.0 0.0 0.0 1.0 0.0 0.0 19.0 0.0
2995.0005230822844 0.0 0.0 0.0 1.0 0.0 0.0 19.0 0.0
2996.0639904802088 0.0 0.0 0.0 1.0 0.0 0.0 19.0 0.0
2997.005764210659 0.0 0.0 0.0 1.0 0.0 0.0 19.0 0.0
2998.0176060686827 0.0 0.0 0.0 1.0 0.0 0.0 19.0 0.0
2999.0340142889363 0.0 0.0 0.0 1.0 0.0 0.0 19.0 0.0
3000.1059958343953 0.0 0.0 0.0 1.0 0.0 0.0 19.0 0.0
3001.005923244073 0.0 0.0 0.0 1.0 0.0 0.0 19.0 0.0
3002.054413733932 0.0 0.0 0.0 1.0 0.0 0.0 19.0 0.0
3003.0183795447992 0.0 0.0 0.0 1.0 0.0 0.0 19.0 0.0
3004.0370495468333 0.0 0.0 0.0 1.0 0.0 0.0 19.0 0.0
3005.011486094668 0.0 0.0 0.0 1.0 0.0 0.0 19.0 0.0
3006.016963965723 0.0 0.0 0.0 1.0 0.0 0.0 19.0 0.0
3007.010524533147 0.0 0.0 0.0 1.0 0.0 0.0 19.0 0.0
3008.010717144699 0.0 0.0 0.0 1.0 0.0 0.0 19.0 0.0
3009.0289062328634 0.0 0.0 0.0 1.0 0.0 0.0 19.0 0.0
3010.001557056766 0.0 0.0 0.0 1.0 0.0 0.0 19.0 0.0
3011.01137188527 0.0 0.0 0.0 1.0 0.0 0.0 19.0 0.0
3012.045900087239 0.0 0.0 0.0 1.0 0.0 0.0 19.0 0.0
3013.000539184763 0.0 0.0 0.0 1.0 0.0 0.0 19.0 0.0
3014.0847716586854 0.0 0.0 0.0 1.0 0.0 0.0 19.0 0.0
3015.0520241162267 0.0 0.0 0.0 1.0 0.0 0.0 19.0 0.0
3016.1059958343953 0.0 0.0 0.0 1.0 0.0 0.0 19.0 0.0
3017.004465331621 0.0 0.0 0.0 1.0 0.0 0.0 19.0 0.0
3018.010716516672 0.0 0.0 0.0 1.0 0.0 0.0 19.0 0.0
3019.039242319187 0.0 0.0 0.0 1.0 0.0 0.0 19.0 0.0
3020.0118674015257 0.0 0.0 0.0 1.0 0.0 0.0 19.0 0.0
3021.0948004232537 0.0 0.0 0.0 1.0 0.0 0.0 19.0 0.0
3022.0020360135063 0.0 0.0 0.0 1.0 0.0 0.0 19.0 0.0
3023.0370207012215 0.0 0.0 0.0 1.0 0.0 0.0 19.0 0.0
3024.004258551137 0.0 0.0 0.0 1.0 0.0 0.0 19.0 0.0
3025.0519689742323 0.0 0.0 0.0 1.0 0.0 0.0 19.0 0.0
3026.0122608683087 0.0 0.0 0.0 1.0 0.0 0.0 19.0 0.0
3027.085166638512 0.0 0.0 0.0 1.0 0.0 0.0 19.0 0.0
3028.0625481712655 0.0 0.0 0.0 1.0 0.0 0.0 19.0 0.0
3029.0262075254886 0.0 0.0 0.0 1.0 0.0 0.0 19.0 0.0
3030.009408519175 0.0 0.0 0.0 1.0 0.0 0.0 19.0 0.0
3031.032177757684 0.0 0.0 0.0 1.0 0.0 0.0 19.0 0.0
3032.001493524165 0.0 0.0 0.0 1.0 0.0 0.0 19.0 0.0
3033.0049985047017 0.0 0.0 0.0 1.0 0.0 0.0 19.0 0.0
3034.0253305437745 0.0 0.0 0.0 1.0 0.0 0.0 19.0 0.0
3035.0072986081886 0.0 0.0 0.0 1.0 0.0 0.0 19.0 0.0
3036.0610491062566 0.0 0.0 0.0 1.0 0.0 0.0 19.0 0.0
3037.005323126986 0.0 0.0 0.0 1.0 0.0 0.0 19.0 0.0
3038.01559084249 0.0 0.0 0.0 1.0 0.0 0.0 19.0 0.0
3039.0185270500815 0.0 0.0 0.0 1.0 0.0 0.0 19.0 0.0
3040.0226540255458 0.0 0.0 0.0 1.0 0.0 0.0 19.0 0.0
3041.1059958343953 0.0 0.0 0.0 1.0 0.0 0.0 19.0 0.0
3042.0392998858597 0.0 0.0 0.0 1.0 0.0 0.0 19.0 0.0
3043.069086329677 0.0 0.0 0.0 1.0 0.0 0.0 19.0 0.0
3044.068252326206 0.0 0.0 0.0 1.0 0.0 0.0 19.0 0.0
3045.0536487068775 0.0 0.0 0.0 1.0 0.0 0.0 19.0 0.0
3046.0886149879134 0.0 0.0 0.0 1.0 0.0 0.0 19.0 0.0
3047.0485371980535 0.0 0.0 0.0 1.0 0.0 0.0 19.0 0.0
3048.0406606797446 0.0 0.0 0.0 1.0 0.0 0.0 19.0 0.0
3049.0431667575785 0.0 0.0 0.0 1.0 0.0 0.0 19.0 0.0
3050.003140846509 0.0 0.0 0.0 1.0 0.0 0.0 19.0 0.0
3051.004428178853 0.0 0.0 0.0 1.0 0.0 0.0 19.0 0.0
3052.005757428107 0.0 0.0 0.0 1.0 0.0 0.0 19.0 0.0
3053.0721676448784 0.0 0.0 0.0 1.0 0.0 0.0 19.0 0.0
3054.0172028716347 0.0 0.0 0.0 1.0 0.0 0.0 19.0 0.0
3055.048729865137 0.0 0.0 0.0 1.0 0.0 0.0 19.0 0.0
3056.031025848451 0.0 0.0 0.0 1.0 0.0 0.0 19.0 0.0
3057.008359448799 0.0 0.0 0.0 1.0 0.0 0.0 19.0 0.0
3058.012427192095 0.0 0.0 0.0 1.0 0.0 0.0 19.0 0.0
3059.015928478335 0.0 0.0 0.0 1.0 0.0 0.0 19.0 0.0
3060.0519201848797 0.0 0.0 0.0 1.0 0.0 0.0 19.0 0.0
3061.025724954155 0.0 0.0 0.0 1.0 0.0 0.0 19.0 0.0
3062.0895023104713 0.0 0.0 0.0 1.0 0.0 0.0 19.0 0.0
3063.004605026865 0.0 0.0 0.0 1.0 0.0 0.0 19.0 0.0
3064.0230449024584 0.0 0.0 0.0 1.0 0.0 0.0 19.0 0.0
3065.0273758218855 0.0 0.0 0.0 1.0 0.0 0.0 19.0 0.0
3066.027735874087 0.0 0.0 0.0 1.0 0.0 0.0 19.0 0.0
3067.1059958343953 0.0 0.0 0.0 1.0 0.0 0.0 19.0 0.0
3068.0246761080202 0.0 0.0 0.0 1.0 0.0 0.0 19.0 0.0
3069.008399495825 0.0 0.0 0.0 1.0 0.0 0.0 19.0 0.0
3070.0319325112087 0.0 0.0 0.0 1.0 0.0 0.0 19.0 0.0
3071.0336739804056 0.0 0.0 0.0 1.0 0.0 0.0 19.0 0.0
3072.0010683882456 0.0 0.0 0.0 1.0 0.0 0.0 19.0 0.0
3073.0544614142223 0.0 0.0 0.0 1.0 0.0 0.0 19.0 0.0
3074.0063329927502 0.0 0.0 0.0 1.0 0.0 0.0 19.0 0.0
3075.0078270694976 0.0 0.0 0.0 1.0 0.0 0.0 19.0 0.0
3076.0138582453237 0.0 0.0 0.0 1.0 0.0 0.0 19.0 0.0
3077.0104209601323 0.0 0.0 0.0 1.0 0.0 0.0 19.0 0.0
3078.0406032812134 0.0 0.0 0.0 1.0 0.0 0.0 19.0 0.0
3079.013816071999 0.0 0.0 0.0 1.0 0.0 0.0 19.0 0.0
3080.022205865439 0.0 0.0 0.0 1.0 0.0 0.0 19.0 0.0
3081.0120350053385 0.0 0.0 0.0 1.0 0.0 0.0 19.0 0.0
3082.0317465678745 0.0 0.0 0.0 1.0 0.0 0.0 19.0 0.0
3083.080703642134 0.0 0.0 0.0 1.0 0.0 0.0 19.0 0.0
3084.0117026061707 0.0 0.0 0.0 1.0 0.0 0.0 19.0 0.0
3085.018619635101 0.0 0.0 0.0 1.0 0.0 0.0 19.0 0.0
3086.1059958343953 0.0 0.0 0.0 1.0 0.0 0.0 19.0 0.0
3087.008956379793 0.0 0.0 0.0 1.0 0.0 0.0 19.0 0.0
3088.056305085062 0.0 0.0 0.0 1.0 0.0 0.0 19.0 0.0
3089.02548193615 0.0 0.0 0.0 1.0 0.0 0.0 19.0 0.0
3090.1059958343953 0.0 0.0 0.0 1.0 0.0 0.0 19.0 0.0
3091.0128445646096 0.0 0.0 0.0 1.0 0.0 0.0 19.0 0.0
3092.0115267555852 0.0 0.0 0.0 1.0 0.0 0.0 19.0 0.0
3093.0028993368196 0.0 0.0 0.0 1.0 0.0 0.0 19.0 0.0
3094.013210680541 0.0 0.0 0.0 1.0 0.0 0.0 19.0 0.0
3095.0367290505724 0.0 0.0 0.0 1.0 0.0 0.0 19.0 0.0
3096.0143581614425 0.0 0.0 0.0 1.0 0.0 0.0 19.0 0.0
3097.0226773252098 0.0 0.0 0.0 1.0 0.0 0.0 19.0 0.0
3098.0015851342687 0.0 0.0 0.0 1.0 0.0 0.0 19.0 0.0
3099.001042210638 0.0 0.0 0.0 1.0 0.0 0.0 19.0 0.0
3100.0097184445412 0.0 0.0 0.0 1.0 0.0 0.0 19.0 0.0
3101.0137494640794 0.0 0.0 0.0 1.0 0.0 0.0 19.0 0.0
3102.0741449106577 0.0 0.0 0.0 1.0 0.0 0.0 19.0 0.0
3103.0626356106272 0.0 0.0 0.0 1.0 0.0 0.0 19.0 0.0
3104.0055060862924 0.0 0.0 0.0 1.0 0.0 0.0 19.0 0.0
3105.0024686165443 0.0 0.0 0.0 1.0 0.0 0.0 19.0 0.0
3106.017750224542 0.0 0.0 0.0 1.0 0.0 0.0 19.0 0.0
3107.0181287900946 0.0 0.0 0.0 1.0 0.0 0.0 19.0 0.0
3108.1059958343953 0.0 0.0 0.0 1.0 0.0 0.0 19.0 0.0
3109.0240429948635 0.0 0.0 0.0 1.0 0.0 0.0 19.0 0.0
3110.0348107575696 0.0 0.0 0.0 1.0 0.0 0.0 19.0 0.0
3111.01026893333 0.0 0.0 0.0 1.0 0.0 0.0 19.0 0.0
3112.011905467194 0.0 0.0 0.0 1.0 0.0 0.0 19.0 0.0
3113.000777774526 0.0 0.0 0.0 1.0 0.0 0.0 19.0 0.0
3114.1059958343953 0.0 0.0 0.0 1.0 0.0 0.0 19.0 0.0
3115.00185134618 0.0 0.0 0.0 1.0 0.0 0.0 19.0 0.0
3116.022754156578 0.0 0.0 0.0 1.0 0.0 0.0 19.0 0.0
3117.0369931088035 0.0 0.0 0.0 1.0 0.0 0.0 19.0 0.0
3118.0350005401774 0.0 0.0 0.0 1.0 0.0 0.0 19.0 0.0
3119.0681243618105 0.0 0.0 0.0 1.0 0.0 0.0 19.0 0.0
3120.0021162480243 0.0 0.0 0.0 1.0 0.0 0.0 19.0 0.0
3121.0028209331153 0.0 0.0 0.0 1.0 0.0 0.0 19.0 0.0
3122.0003155029713 0.0 0.0 0.0 1.0 0.0 0.0 19.0 0.0
3123.0486136940076 0.0 0.0 0.0 1.0 0.0 0.0 19.0 0.0
3124.008575297194 0.0 0.0 0.0 1.0 0.0 0.0 19.0 0.0
3125.0184867052385 0.0 0.0 0.0 1.0 0.0 0.0 19.0 0.0
3126.053608748207 0.0 0.0 0.0 1.0 0.0 0.0 19.0 0.0
3127.0460131475506 0.0 0.0 0.0 1.0 0.0 0.0 19.0 0.0
3128.0144446060394 0.0 0.0 0.0 1.0 0.0 0.0 19.0 0.0
3129.0007686240247 0.0 0.0 0.0 1.0 0.0 0.0 19.0 0.0
3130.011450424743 0.0 0.0 0.0 1.0 0.0 0.0 19.0 0.0
3131.0055234076854 0.0 0.0 0.0 1.0 0.0 0.0 19.0 0.0
3132.0232554036947 0.0 0.0 0.0 1.0 0.0 0.0 19.0 0.0
3133.026225096275 0.0 0.0 0.0 1.0 0.0 0.0 19.0 0.0
3134.0280711316486 0.0 0.0 0.0 1.0 0.0 0.0 19.0 0.0
3135.0491790152446 0.0 0.0 0.0 1.0 0.0 0.0 19.0 0.0
3136.017774884163 0.0 0.0 0.0 1.0 0.0 0.0 19.0 0.0
3137.0485790137877 0.0 0.0 0.0 1.0 0.0 0.0 19.0 0.0
3138.025287861711 0.0 0.0 0.0 1.0 0.0 0.0 19.0 0.0
3139.0136759004927 0.0 0.0 0.0 1.0 0.0 0.0 19.0 0.0
3140.0447455009357 0.0 0.0 0.0 1.0 0.0 0.0 19.0 0.0
3141.071032501445 0.0 0.0 0.0 1.0 0.0 0.0 19.0 0.0
3142.0036159122656 0.0 0.0 0.0 1.0 0.0 0.0 19.0 0.0
3143.0060242979275 0.0 0.0 0.0 1.0 0.0 0.0 19.0 0.0
3144.043133516043 0.0 0.0 0.0 1.0 0.0 0.0 19.0 0.0
3145.0110936054266 0.0 0.0 0.0 1.0 0.0 0.0 19.0 0.0
3146.08745681207 0.0 0.0 0.0 1.0 0.0 0.0 19.0 0.0
3147.0419855652344 0.0 0.0 0.0 1.0 0.0 0.0 19.0 0.0
3148.0255172847574 0.0 0.0 0.0 1.0 0.0 0.0 19.0 0.0
3149.0473480525357 0.0 0.0 0.0 1.0 0.0 0.0 19.0 0.0
3150.0153316679207 0.0 0.0 0.0 1.0 0.0 0.0 19.0 0.0
3151.0068743303973 0.0 0.0 0.0 1.0 0.0 0.0 19.0 0.0
3152.0892893939454 0.0 0.0 0.0 1.0 0.0 0.0 19.0 0.0
3153.0544090302574 0.0 0.0 0.0 1.0 0.0 0.0 19.0 0.0
3154.005197493609 0.0 0.0 0.0 1.0 0.0 0.0 19.0 0.0
3155.0785879953564 0.0 0.0 0.0 1.0 0.0 0.0 19.0 0.0
3156.0231599585863 0.0 0.0 0.0 1.0 0.0 0.0 19.0 0.0
3157.0087338860412 0.0 0.0 0.0 1.0 0.0 0.0 19.0 0.0
3158.021018961168 0.0 0.0 0.0 1.0 0.0 0.0 19.0 0.0
3159.0220324843644 0.0 0.0 0.0 1.0 0.0 0.0 19.0 0.0
3160.0211764338796 0.0 0.0 0.0 1.0 0.0 0.0 19.0 0.0
3161.009003873776 0.0 0.0 0.0 1.0 0.0 0.0 19.0 0.0
3162.0031865458322 0.0 0.0 0.0 1.0 0.0 0.0 19.0 0.0
3163.069679330524 0.0 0.0 0.0 1.0 0.0 0.0 19.0 0.0
3164.0748576458354 0.0 0.0 0.0 1.0 0.0 0.0 19.0 0.0
3165.046568041912 0.0 0.0 0.0 1.0 0.0 0.0 19.0 0.0
3166.1059958343953 0.0 0.0 0.0 1.0 0.0 0.0 19.0 0.0
3167.000504861717 0.0 0.0 0.0 1.0 0.0 0.0 19.0 0.0
3168.03547132241 0.0 0.0 0.0 1.0 0.0 0.0 19.0 0.0
3169.029730759887 0.0 0.0 0.0 1.0 0.0 0.0 19.0 0.0
3170.02520505714 0.0 0.0 0.0 1.0 0.0 0.0 19.0 0.0
3171.0705762634334 0.0 0.0 0.0 1.0 0.0 0.0 19.0 0.0
3172.046655399024 0.0 0.0 0.0 1.0 0.0 0.0 19.0 0.0
3173.0223358586427 0.0 0.0 0.0 1.0 0.0 0.0 19.0 0.0
3174.0432058840693 0.0 0.0 0.0 1.0 0.0 0.0 19.0 0.0
3175.0389456372786 0.0 0.0 0.0 1.0 0.0 0.0 19.0 0.0
3176.0055555119116 0.0 0.0 0.0 1.0 0.0 0.0 19.0 0.0
3177.0872160212493 0.0 0.0 0.0 1.0 0.0 0.0 19.0 0.0
3178.0155628072016 0.0 0.0 0.0 1.0 0.0 0.0 19.0 0.0
3179.0110506975307 0.0 0.0 0.0 1.0 0.0 0.0 19.0 0.0
3180.0182361774396 0.0 0.0 0.0 1.0 0.0 0.0 19.0 0.0
3181.0494096356906 0.0 0.0 0.0 1.0 0.0 0.0 19.0 0.0
3182.0652695651506 0.0 0.0 0.0 1.0 0.0 0.0 19.0 0.0
3183.004862712968 0.0 0.0 0.0 1.0 0.0 0.0 19.0 0.0
3184.011932363941 0.0 0.0 0.0 1.0 0.0 0.0 19.0 0.0
3185.055945996249 0.0 0.0 0.0 1.0 0.0 0.0 19.0 0.0
3186.1059958343953 0.0 0.0 0.0 1.0 0.0 0.0 19.0 0.0
3187.0502950615587 0.0 0.0 0.0 1.0 0.0 0.0 19.0 0.0
3188.0025389404877 0.0 0.0 0.0 1.0 0.0 0.0 19.0 0.0
3189.0396293649055 0.0 0.0 0.0 1.0 0.0 0.0 19.0 0.0
3190.077761771994 0.0 0.0 0.0 1.0 0.0 0.0 19.0 0.0
3191.0052739335683 0.0 0.0 0.0 1.0 0.0 0.0 19.0 0.0
3192.0250241805584 0.0 0.0 0.0 1.0 0.0 0.0 19.0 0.0
3193.012491638083 0.0 0.0 0.0 1.0 0.0 0.0 19.0 0.0
3194.0102771578386 0.0 0.0 0.0 1.0 0.0 0.0 19.0 0.0
3195.0096338518347 0.0 0.0 0.0 1.0 0.0 0.0 19.0 0.0
3196.006611076333 0.0 0.0 0.0 1.0 0.0 0.0 19.0 0.0
3197.026306045845 0.0 0.0 0.0 1.0 0.0 0.0 19.0 0.0
3198.0676506432505 0.0 0.0 0.0 1.0 0.0 0.0 19.0 0.0
3199.0021622578743 0.0 0.0 0.0 1.0 0.0 0.0 19.0 0.0
3200.0048750212727 0.0 0.0 0.0 1.0 0.0 0.0 19.0 0.0
3201.0033558238692 0.0 0.0 0.0 1.0 0.0 0.0 19.0 0.0
3202.0446496940676 0.0 0.0 0.0 1.0 0.0 0.0 19.0 0.0
3203.0073333149876 0.0 0.0 0.0 1.0 0.0 0.0 19.0 0.0
3204.008295884111 0.0 0.0 0.0 1.0 0.0 0.0 19.0 0.0
3205.0221116602465 0.0 0.0 0.0 1.0 0.0 0.0 19.0 0.0
3206.0277322993534 0.0 0.0 0.0 1.0 0.0 0.0 19.0 0.0
3207.0442936373665 0.0 0.0 0.0 1.0 0.0 0.0 19.0 0.0
3208.02651615229 0.0 0.0 0.0 1.0 0.0 0.0 19.0 0.0
3209.0666676877704 0.0 0.0 0.0 1.0 0.0 0.0 19.0 0.0
3210.0052713402597 0.0 0.0 0.0 1.0 0.0 0.0 19.0 0.0
3211.0366018341792 0.0 0.0 0.0 1.0 0.0 0.0 19.0 0.0
3212.0618458894805 0.0 0.0 0.0 1.0 0.0 0.0 19.0 0.0
3213.0385322375323 0.0 0.0 0.0 1.0 0.0 0.0 19.0 0.0
3214.0273740034518 0.0 0.0 0.0 1.0 0.0 0.0 19.0 0.0
3215.0084066067247 0.0 0.0 0.0 1.0 0.0 0.0 19.0 0.0
3216.026895285997 0.0 0.0 0.0 1.0 0.0 0.0 19.0 0.0
3217.098216946119 0.0 0.0 0.0 1.0 0.0 0.0 19.0 0.0
3218.0262928604266 0.0 0.0 0.0 1.0 0.0 0.0 19.0 0.0
3219.0746848018716 0.0 0.0 0.0 1.0 0.0 0.0 19.0 0.0
3220.0179536339024 0.0 0.0 0.0 1.0 0.0 0.0 19.0 0.0
3221.040064090836 0.0 0.0 0.0 1.0 0.0 0.0 19.0 0.0
3222.052276223472 0.0 0.0 0.0 1.0 0.0 0.0 19.0 0.0
3223.0064659091063 0.0 0.0 0.0 1.0 0.0 0.0 19.0 0.0
3224.0237989866237 0.0 0.0 0.0 1.0 0.0 0.0 19.0 0.0
3225.0372792811213 0.0 0.0 0.0 1.0 0.0 0.0 19.0 0.0
3226.0186090960083 0.0 0.0 0.0 1.0 0.0 0.0 19.0 0.0
3227.001765727666 0.0 0.0 0.0 1.0 0.0 0.0 19.0 0.0
3228.000106481821 0.0 0.0 0.0 1.0 0.0 0.0 19.0 0.0
3229.1045001465463 0.0 0.0 0.0 1.0 0.0 0.0 19.0 0.0
3230.016959618116 0.0 0.0 0.0 1.0 0.0 0.0 19.0 0.0
3231.075322421453 0.0 0.0 0.0 1.0 0.0 0.0 19.0 0.0
3232.010500019772 0.0 0.0 0.0 1.0 0.0 0.0 19.0 0.0
3233.061335980622 0.0 0.0 0.0 1.0 0.0 0.0 19.0 0.0
3234.038067122108 0.0 0.0 0.0 1.0 0.0 0.0 19.0 0.0
3235.0011394020316 0.0 0.0 0.0 1.0 0.0 0.0 19.0 0.0
3236.0172148901634 0.0 0.0 0.0 1.0 0.0 0.0 19.0 0.0
3237.034000476094 0.0 0.0 0.0 1.0 0.0 0.0 19.0 0.0
3238.0039986425313 0.0 0.0 0.0 1.0 0.0 0.0 19.0 0.0
3239.027845353851 0.0 0.0 0.0 1.0 0.0 0.0 19.0 0.0
3240.006376872219 0.0 0.0 0.0 1.0 0.0 0.0 19.0 0.0
3241.035231576653 0.0 0.0 0.0 1.0 0.0 0.0 19.0 0.0
3242.1059958343953 0.0 0.0 0.0 1.0 0.0 0.0 19.0 0.0
3243.1059958343953 0.0 0.0 0.0 1.0 0.0 0.0 19.0 0.0
3244.055077612574 0.0 0.0 0.0 1.0 0.0 0.0 19.0 0.0
3245.1059958343953 0.0 0.0 0.0 1.0 0.0 0.0 19.0 0.0
3246.0441228064374 0.0 0.0 0.0 1.0 0.0 0.0 19.0 0.0
3247.005090855946 0.0 0.0 0.0 1.0 0.0 0.0 19.0 0.0
3248.041748520049 0.0 0.0 0.0 1.0 0.0 0.0 19.0 0.0
3249.021155504177 0.0 0.0 0.0 1.0 0.0 0.0 19.0 0.0
3250.0300827723604 0.0 0.0 0.0 1.0 0.0 0.0 19.0 0.0
3251.00035669595 0.0 0.0 0.0 1.0 0.0 0.0 19.0 0.0
3252.0017469481895 0.0 0.0 0.0 1.0 0.0 0.0 19.0 0.0
3253.017042532585 0.0 0.0 0.0 1.0 0.0 0.0 19.0 0.0
3254.058400419028 0.0 0.0 0.0 1.0 0.0 0.0 19.0 0.0
3255.038601926688 0.0 0.0 0.0 1.0 0.0 0.0 19.0 0.0
3256.0086623230036 0.0 0.0 0.0 1.0 0.0 0.0 19.0 0.0
3257.0136412175493 0.0 0.0 0.0 1.0 0.0 0.0 19.0 0.0
3258.0014422086474 0.0 0.0 0.0 1.0 0.0 0.0 19.0 0.0
3259.000564770926 0.0 0.0 0.0 1.0 0.0 0.0 19.0 0.0
3260.0130299239304 0.0 0.0 0.0 1.0 0.0 0.0 19.0 0.0
3261.1059958343953 0.0 0.0 0.0 1.0 0.0 0.0 19.0 0.0
3262.0129621768983 0.0 0.0 0.0 1.0 0.0 0.0 19.0 0.0
3263.0242994601367 0.0 0.0 0.0 1.0 0.0 0.0 19.0 0.0
3264.0128646284197 0.0 0.0 0.0 1.0 0.0 0.0 19.0 0.0
3265.048136894829 0.0 0.0 0.0 1.0 0.0 0.0 19.0 0.0
3266.0119919639833 0.0 0.0 0.0 1.0 0.0 0.0 19.0 0.0
3267.0892020996735 0.0 0.0 0.0 1.0 0.0 0.0 19.0 0.0
3268.073405864793 0.0 0.0 0.0 1.0 0.0 0.0 19.0 0.0
3269.0764678967403 0.0 0.0 0.0 1.0 0.0 0.0 19.0 0.0
3270.072509562254 0.0 0.0 0.0 1.0 0.0 0.0 19.0 0.0
3271.0161352436867 0.0 0.0 0.0 1.0 0.0 0.0 19.0 0.0
3272.003861051302 0.0 0.0 0.0 1.0 0.0 0.0 19.0 0.0
3273.0616727772367 0.0 0.0 0.0 1.0 0.0 0.0 19.0 0.0
3274.014304073692 0.0 0.0 0.0 1.0 0.0 0.0 19.0 0.0
3275.0565771617485 0.0 0.0 0.0 1.0 0.0 0.0 19.0 0.0
3276.013466064383 0.0 0.0 0.0 1.0 0.0 0.0 19.0 0.0
3277.001553568556 0.0 0.0 0.0 1.0 0.0 0.0 19.0 0.0
3278.012458468441 0.0 0.0 0.0 1.0 0.0 0.0 19.0 0.0
3279.0393099845405 0.0 0.0 0.0 1.0 0.0 0.0 19.0 0.0
3280.0539524321725 0.0 0.0 0.0 1.0 0.0 0.0 19.0 0.0
3281.0066672203993 0.0 0.0 0.0 1.0 0.0 0.0 19.0 0.0
3282.0280516245894 0.0 0.0 0.0 1.0 0.0 0.0 19.0 0.0
3283.0074716852214 0.0 0.0 0.0 1.0 0.0 0.0 19.0 0.0
3284.007573442885 0.0 0.0 0.0 1.0 0.0 0.0 19.0 0.0
3285.0354168777394 0.0 0.0 0.0 1.0 0.0 0.0 19.0 0.0
3286.0310088131164 0.0 0.0 0.0 1.0 0.0 0.0 19.0 0.0
3287.0261568166734 0.0 0.0 0.0 1.0 0.0 0.0 19.0 0.0
3288.0784617920935 0.0 0.0 0.0 1.0 0.0 0.0 19.0 0.0
3289.0308873371287 0.0 0.0 0.0 1.0 0.0 0.0 19.0 0.0
3290.00095201969 0.0 0.0 0.0 1.0 0.0 0.0 19.0 0.0
3291.0276353116906 0.0 0.0 0.0 1.0 0.0 0.0 19.0 0.0
3292.01590328607 0.0 0.0 0.0 1.0 0.0 0.0 19.0 0.0
3293.025583849922 0.0 0.0 0.0 1.0 0.0 0.0 19.0 0.0
3294.022732417282 0.0 0.0 0.0 1.0 0.0 0.0 19.0 0.0
3295.0107849722876 0.0 0.0 0.0 1.0 0.0 0.0 19.0 0.0
3296.0242940100184 0.0 0.0 0.0 1.0 0.0 0.0 19.0 0.0
3297.020370535946 0.0 0.0 0.0 1.0 0.0 0.0 19.0 0.0
3298.006615452704 0.0 0.0 0.0 1.0 0.0 0.0 19.0 0.0
3299.0051825431196 0.0 0.0 0.0 1.0 0.0 0.0 19.0 0.0
3300.002743216188 0.0 0.0 0.0 1.0 0.0 0.0 19.0 0.0
3301.0151525133947 0.0 0.0 0.0 1.0 0.0 0.0 19.0 0.0
3302.1059958343953 0.0 0.0 0.0 1.0 0.0 0.0 19.0 0.0
3303.0371876663075 0.0 0.0 0.0 1.0 0.0 0.0 19.0 0.0
3304.0748020435353 0.0 0.0 0.0 1.0 0.0 0.0 19.0 0.0
3305.0258450173674 0.0 0.0 0.0 1.0 0.0 0.0 19.0 0.0
3306.0491729273485 0.0 0.0 0.0 1.0 0.0 0.0 19.0 0.0
3307.1059958343953 0.0 0.0 0.0 1.0 0.0 0.0 19.0 0.0
3308.0411301639024 0.0 0.0 0.0 1.0 0.0 0.0 19.0 0.0
3309.0468885836544 0.0 0.0 0.0 1.0 0.0 0.0 19.0 0.0
3310.00367516946 0.0 0.0 0.0 1.0 0.0 0.0 19.0 0.0
3311.0436645733143 0.0 0.0 0.0 1.0 0.0 0.0 19.0 0.0
3312.0227615560975 0.0 0.0 0.0 1.0 0.0 0.0 19.0 0.0
3313.007400759695 0.0 0.0 0.0 1.0 0.0 0.0 19.0 0.0
3314.017485183115 0.0 0.0 0.0 1.0 0.0 0.0 19.0 0.0
3315.010857431515 0.0 0.0 0.0 1.0 0.0 0.0 19.0 0.0
3316.0500777680604 0.0 0.0 0.0 1.0 0.0 0.0 19.0 0.0
3317.000818410611 0.0 0.0 0.0 1.0 0.0 0.0 19.0 0.0
3318.0169186271837 0.0 0.0 0.0 1.0 0.0 0.0 19.0 0.0
3319.002194991854 0.0 0.0 0.0 1.0 0.0 0.0 19.0 0.0
3320.0101442626815 0.0 0.0 0.0 1.0 0.0 0.0 19.0 0.0
3321.0020687373894 0.0 0.0 0.0 1.0 0.0 0.0 19.0 0.0
3322.003070073535 0.0 0.0 0.0 1.0 0.0 0.0 19.0 0.0
3323.0913657441497 0.0 0.0 0.0 1.0 0.0 0.0 19.0 0.0
3324.0001912846924 0.0 0.0 0.0 1.0 0.0 0.0 19.0 0.0
3325.093392924065 0.0 0.0 0.0 1.0 0.0 0.0 19.0 0.0
3326.064365571752 0.0 0.0 0.0 1.0 0.0 0.0 19.0 0.0
3327.0195601212113 0.0 0.0 0.0 1.0 0.0 0.0 19.0 0.0
3328.008767969152 0.0 0.0 0.0 1.0 0.0 0.0 19.0 0.0
3329.001884114008 0.0 0.0 0.0 1.0 0.0 0.0 19.0 0.0
3330.0693201778317 0.0 0.0 0.0 1.0 0.0 0.0 19.0 0.0
3331.0814548647745 0.0 0.0 0.0 1.0 0.0 0.0 19.0 0.0
3332.0595307531366 0.0 0.0 0.0 1.0 0.0 0.0 19.0 0.0
3333.022168206482 0.0 0.0 0.0 1.0 0.0 0.0 19.0 0.0
3334.0045671098137 0.0 0.0 0.0 1.0 0.0 0.0 19.0 0.0
3335.008290035951 0.0 0.0 0.0 1.0 0.0 0.0 19.0 0.0
3336.022678958218 0.0 0.0 0.0 1.0 0.0 0.0 19.0 0.0
3337.044938173282 0.0 0.0 0.0 1.0 0.0 0.0 19.0 0.0
3338.0009562924974 0.0 0.0 0.0 1.0 0.0 0.0 19.0 0.0
3339.024891099157 0.0 0.0 0.0 1.0 0.0 0.0 19.0 0.0
3340.021274828791 0.0 0.0 0.0 1.0 0.0 0.0 19.0 0.0
3341.056570050899 0.0 0.0 0.0 1.0 0.0 0.0 19.0 0.0
3342.027061757924 0.0 0.0 0.0 1.0 0.0 0.0 19.0 0.0
3343.005545515316 0.0 0.0 0.0 1.0 0.0 0.0 19.0 0.0
3344.003832541124 0.0 0.0 0.0 1.0 0.0 0.0 19.0 0.0
3345.0040914731035 0.0 0.0 0.0 1.0 0.0 0.0 19.0 0.0
3346.010100408602 0.0 0.0 0.0 1.0 0.0 0.0 19.0 0.0
3347.0038029858756 0.0 0.0 0.0 1.0 0.0 0.0 19.0 0.0
3348.0080723498118 0.0 0.0 0.0 1.0 0.0 0.0 19.0 0.0
3349.0037767666954 0.0 0.0 0.0 1.0 0.0 0.0 19.0 0.0
3350.016402909012 0.0 0.0 0.0 1.0 0.0 0.0 19.0 0.0
3351.019720871694 0.0 0.0 0.0 1.0 0.0 0.0 19.0 0.0
3352.0212683948566 0.0 0.0 0.0 1.0 0.0 0.0 19.0 0.0
3353.024868623179 0.0 0.0 0.0 1.0 0.0 0.0 19.0 0.0
3354.1059958343953 0.0 0.0 0.0 1.0 0.0 0.0 19.0 0.0
3355.033569803735 0.0 0.0 0.0 1.0 0.0 0.0 19.0 0.0
3356.0545064732664 0.0 0.0 0.0 1.0 0.0 0.0 19.0 0.0
3357.013902971356 0.0 0.0 0.0 1.0 0.0 0.0 19.0 0.0
3358.0069128375826 0.0 0.0 0.0 1.0 0.0 0.0 19.0 0.0
3359.016203706294 0.0 0.0 0.0 1.0 0.0 0.0 19.0 0.0
3360.0035963595988 0.0 0.0 0.0 1.0 0.0 0.0 19.0 0.0
3361.0068747513683 0.0 0.0 0.0 1.0 0.0 0.0 19.0 0.0
3362.0270590583136 0.0 0.0 0.0 1.0 0.0 0.0 19.0 0.0
3363.0293956006803 0.0 0.0 0.0 1.0 0.0 0.0 19.0 0.0
3364.060596322187 0.0 0.0 0.0 1.0 0.0 0.0 19.0 0.0
3365.018757307159 0.0 0.0 0.0 1.0 0.0 0.0 19.0 0.0
3366.028045771304 0.0 0.0 0.0 1.0 0.0 0.0 19.0 0.0
3367.0220258408676 0.0 0.0 0.0 1.0 0.0 0.0 19.0 0.0
3368.0040515626206 0.0 0.0 0.0 1.0 0.0 0.0 19.0 0.0
3369.004782255729 0.0 0.0 0.0 1.0 0.0 0.0 19.0 0.0
3370.00405914658 0.0 0.0 0.0 1.0 0.0 0.0 19.0 0.0
3371.020698747934 0.0 0.0 0.0 1.0 0.0 0.0 19.0 0.0
3372.04483362599 0.0 0.0 0.0 1.0 0.0 0.0 19.0 0.0
3373.0007952799115 0.0 0.0 0.0 1.0 0.0 0.0 19.0 0.0
3374.0286127646614 0.0 0.0 0.0 1.0 0.0 0.0 19.0 0.0
3375.0213862833825 0.0 0.0 0.0 1.0 0.0 0.0 19.0 0.0
3376.0159651032022 0.0 0.0 0.0 1.0 0.0 0.0 19.0 0.0
3377.0347935142577 0.0 0.0 0.0 1.0 0.0 0.0 19.0 0.0
3378.007194162766 0.0 0.0 0.0 1.0 0.0 0.0 19.0 0.0
3379.009857106917 0.0 0.0 0.0 1.0 0.0 0.0 19.0 0.0
3380.0016266744365 0.0 0.0 0.0 1.0 0.0 0.0 19.0 0.0
3381.0065997047896 0.0 0.0 0.0 1.0 0.0 0.0 19.0 0.0
3382.1059958343953 0.0 0.0 0.0 1.0 0.0 0.0 19.0 0.0
3383.047995717048 0.0 0.0 0.0 1.0 0.0 0.0 19.0 0.0
3384.003638663591 0.0 0.0 0.0 1.0 0.0 0.0 19.0 0.0
3385.006220437954 0.0 0.0 0.0 1.0 0.0 0.0 19.0 0.0
3386.0055626306157 0.0 0.0 0.0 1.0 0.0 0.0 19.0 0.0
3387.047292490992 0.0 0.0 0.0 1.0 0.0 0.0 19.0 0.0
3388.040781760242 0.0 0.0 0.0 1.0 0.0 0.0 19.0 0.0
3389.039388605153 0.0 0.0 0.0 1.0 0.0 0.0 19.0 0.0
3390.0323102923867 0.0 0.0 0.0 1.0 0.0 0.0 19.0 0.0
3391.102939846733 0.0 0.0 0.0 1.0 0.0 0.0 19.0 0.0
3392.009170404603 0.0 0.0 0.0 1.0 0.0 0.0 19.0 0.0
3393.063073338171 0.0 0.0 0.0 1.0 0.0 0.0 19.0 0.0
3394.0124030803686 0.0 0.0 0.0 1.0 0.0 0.0 19.0 0.0
3395.044677029447 0.0 0.0 0.0 1.0 0.0 0.0 19.0 0.0
3396.0380187478227 0.0 0.0 0.0 1.0 0.0 0.0 19.0 0.0
3397.0153015795286 0.0 0.0 0.0 1.0 0.0 0.0 19.0 0.0
3398.0095027210646 0.0 0.0 0.0 1.0 0.0 0.0 19.0 0.0
3399.0299113604565 0.0 0.0 0.0 1.0 0.0 0.0 19.0 0.0
3400.023192272052 0.0 0.0 0.0 1.0 0.0 0.0 19.0 0.0
3401.1059958343953 0.0 0.0 0.0 1.0 0.0 0.0 19.0 0.0
3402.004383765556 0.0 0.0 0.0 1.0 0.0 0.0 19.0 0.0
3403.0823137674415 0.0 0.0 0.0 1.0 0.0 0.0 19.0 0.0
3404.013461986655 0.0 0.0 0.0 1.0 0.0 0.0 19.0 0.0
3405.017795921572 0.0 0.0 0.0 1.0 0.0 0.0 19.0 0.0
3406.0567671392437 0.0 0.0 0.0 1.0 0.0 0.0 19.0 0.0
3407.000171920947 0.0 0.0 0.0 1.0 0.0 0.0 19.0 0.0
3408.0305520951006 0.0 0.0 0.0 1.0 0.0 0.0 19.0 0.0
3409.005198363388 0.0 0.0 0.0 1.0 0.0 0.0 19.0 0.0
3410.030831584495 0.0 0.0 0.0 1.0 0.0 0.0 19.0 0.0
3411.0700998666944 0.0 0.0 0.0 1.0 0.0 0.0 19.0 0.0
3412.019476291326 0.0 0.0 0.0 1.0 0.0 0.0 19.0 0.0
3413.0113442968727 0.0 0.0 0.0 1.0 0.0 0.0 19.0 0.0
3414.100795970676 0.0 0.0 0.0 1.0 0.0 0.0 19.0 0.0
3415.0064214958115 0.0 0.0 0.0 1.0 0.0 0.0 19.0 0.0
3416.058860065333 0.0 0.0 0.0 1.0 0.0 0.0 19.0 0.0
3417.002914428329 0.0 0.0 0.0 1.0 0.0 0.0 19.0 0.0
3418.002721105823 0.0 0.0 0.0 1.0 0.0 0.0 19.0 0.0
3419.1059958343953 0.0 0.0 0.0 1.0 0.0 0.0 19.0 0.0
3420.02080025855 0.0 0.0 0.0 1.0 0.0 0.0 19.0 0.0
3421.047088738239 0.0 0.0 0.0 1.0 0.0 0.0 19.0 0.0
3422.0013621198045 0.0 0.0 0.0 1.0 0.0 0.0 19.0 0.0
3423.028040047237 0.0 0.0 0.0 1.0 0.0 0.0 19.0 0.0
3424.070909293178 0.0 0.0 0.0 1.0 0.0 0.0 19.0 0.0
3425.04060447893 0.0 0.0 0.0 1.0 0.0 0.0 19.0 0.0
3426.012981059005 0.0 0.0 0.0 1.0 0.0 0.0 19.0 0.0
3427.0420104422187 0.0 0.0 0.0 1.0 0.0 0.0 19.0 0.0
3428.02601097592 0.0 0.0 0.0 1.0 0.0 0.0 19.0 0.0
3429.02587655037 0.0 0.0 0.0 1.0 0.0 0.0 19.0 0.0
3430.002965539392 0.0 0.0 0.0 1.0 0.0 0.0 19.0 0.0
3431.0238067057003 0.0 0.0 0.0 1.0 0.0 0.0 19.0 0.0
3432.0285130912594 0.0 0.0 0.0 1.0 0.0 0.0 19.0 0.0
3433.0062481679042 0.0 0.0 0.0 1.0 0.0 0.0 19.0 0.0
3434.008498361555 0.0 0.0 0.0 1.0 0.0 0.0 19.0 0.0
3435.0075502653176 0.0 0.0 0.0 1.0 0.0 0.0 19.0 0.0
3436.0156006570082 0.0 0.0 0.0 1.0 0.0 0.0 19.0 0.0
3437.01902356309 0.0 0.0 0.0 1.0 0.0 0.0 19.0 0.0
3438.0287613473192 0.0 0.0 0.0 1.0 0.0 0.0 19.0 0.0
3439.017456280249 0.0 0.0 0.0 1.0 0.0 0.0 19.0 0.0
3440.015641763277 0.0 0.0 0.0 1.0 0.0 0.0 19.0 0.0
3441.01732366919 0.0 0.0 0.0 1.0 0.0 0.0 19.0 0.0
3442.0001284286395 0.0 0.0 0.0 1.0 0.0 0.0 19.0 0.0
3443.0011739121596 0.0 0.0 0.0 1.0 0.0 0.0 19.0 0.0
3444.0152836975403 0.0 0.0 0.0 1.0 0.0 0.0 19.0 0.0
3445.0027233969918 0.0 0.0 0.0 1.0 0.0 0.0 19.0 0.0
3446.002641214141 0.0 0.0 0.0 1.0 0.0 0.0 19.0 0.0
3447.0289525837334 0.0 0.0 0.0 1.0 0.0 0.0 19.0 0.0
3448.0302618588044 0.0 0.0 0.0 1.0 0.0 0.0 19.0 0.0
3449.0119776953743 0.0 0.0 0.0 1.0 0.0 0.0 19.0 0.0
3450.0288586062543 0.0 0.0 0.0 1.0 0.0 0.0 19.0 0.0
3451.0357039454675 0.0 0.0 0.0 1.0 0.0 0.0 19.0 0.0
3452.020080911077 0.0 0.0 0.0 1.0 0.0 0.0 19.0 0.0
3453.0580748186694 0.0 0.0 0.0 1.0 0.0 0.0 19.0 0.0
3454.044999482624 0.0 0.0 0.0 1.0 0.0 0.0 19.0 0.0
3455.032264316152 0.0 0.0 0.0 1.0 0.0 0.0 19.0 0.0
3456.009525641788 0.0 0.0 0.0 1.0 0.0 0.0 19.0 0.0
3457.0058407414886 0.0 0.0 0.0 1.0 0.0 0.0 19.0 0.0
3458.036392515189 0.0 0.0 0.0 1.0 0.0 0.0 19.0 0.0
3459.007130647256 0.0 0.0 0.0 1.0 0.0 0.0 19.0 0.0
3460.0049024991026 0.0 0.0 0.0 1.0 0.0 0.0 19.0 0.0
3461.0176462849854 0.0 0.0 0.0 1.0 0.0 0.0 19.0 0.0
3462.0011369274193 0.0 0.0 0.0 1.0 0.0 0.0 19.0 0.0
3463.007687069561 0.0 0.0 0.0 1.0 0.0 0.0 19.0 0.0
3464.0492321178062 0.0 0.0 0.0 1.0 0.0 0.0 19.0 0.0
3465.0220817585764 0.0 0.0 0.0 1.0 0.0 0.0 19.0 0.0
3466.0276980638614 0.0 0.0 0.0 1.0 0.0 0.0 19.0 0.0
3467.0409695503035 0.0 0.0 0.0 1.0 0.0 0.0 19.0 0.0
3468.0004949986746 0.0 0.0 0.0 1.0 0.0 0.0 19.0 0.0
3469.089111990595 0.0 0.0 0.0 1.0 0.0 0.0 19.0 0.0
3470.0938979092307 0.0 0.0 0.0 1.0 0.0 0.0 19.0 0.0
3471.0683303428664 0.0 0.0 0.0 1.0 0.0 0.0 19.0 0.0
3472.0288408467018 0.0 0.0 0.0 1.0 0.0 0.0 19.0 0.0
3473.0122952038932 0.0 0.0 0.0 1.0 0.0 0.0 19.0 0.0
3474.0034820586793 0.0 0.0 0.0 1.0 0.0 0.0 19.0 0.0
3475.033846896166 0.0 0.0 0.0 1.0 0.0 0.0 19.0 0.0
3476.0290704052554 0.0 0.0 0.0 1.0 0.0 0.0 19.0 0.0
3477.0180149728485 0.0 0.0 0.0 1.0 0.0 0.0 19.0 0.0
3478.0663777363366 0.0 0.0 0.0 1.0 0.0 0.0 19.0 0.0
3479.0464984030586 0.0 0.0 0.0 1.0 0.0 0.0 19.0 0.0
3480.010201309251 0.0 0.0 0.0 1.0 0.0 0.0 19.0 0.0
3481.041004036357 0.0 0.0 0.0 1.0 0.0 0.0 19.0 0.0
3482.0597987867495 0.0 0.0 0.0 1.0 0.0 0.0 19.0 0.0
3483.001156436238 0.0 0.0 0.0 1.0 0.0 0.0 19.0 0.0
3484.0089503665067 0.0 0.0 0.0 1.0 0.0 0.0 19.0 0.0
3485.0163415345824 0.0 0.0 0.0 1.0 0.0 0.0 19.0 0.0
3486.020033353912 0.0 0.0 0.0 1.0 0.0 0.0 19.0 0.0
3487.031073077565 0.0 0.0 0.0 1.0 0.0 0.0 19.0 0.0
3488.0045299693143 0.0 0.0 0.0 1.0 0.0 0.0 19.0 0.0
3489.025318760318 0.0 0.0 0.0 1.0 0.0 0.0 19.0 0.0
3490.001201109898 0.0 0.0 0.0 1.0 0.0 0.0 19.0 0.0
3491.0314515236037 0.0 0.0 0.0 1.0 0.0 0.0 19.0 0.0
3492.0041987033956 0.0 0.0 0.0 1.0 0.0 0.0 19.0 0.0
3493.0074138551217 0.0 0.0 0.0 1.0 0.0 0.0 19.0 0.0
3494.048140927202 0.0 0.0 0.0 1.0 0.0 0.0 19.0 0.0
3495.0813722573866 0.0 0.0 0.0 1.0 0.0 0.0 19.0 0.0
3496.0123193938175 0.0 0.0 0.0 1.0 0.0 0.0 19.0 0.0
3497.0033547216876 0.0 0.0 0.0 1.0 0.0 0.0 19.0 0.0
3498.0523382194947 0.0 0.0 0.0 1.0 0.0 0.0 19.0 0.0
3499.0139574125596 0.0 0.0 0.0 1.0 0.0 0.0 19.0 0.0
3500.01494724655 0.0 0.0 0.0 1.0 0.0 0.0 19.0 0.0
3501.0347395295594 0.1 0.0 0.0 0.9 0.0 1.0 19.0 0.17560975609756097
3502.023537347958 0.85 0.0 0.0 0.15 0.0 1.0 19.15 0.24878048780487805
3503.0068167744907 0.975 0.0 0.0 0.024999999999999994 0.0 1.0 19.75 0.0475609756097561
3504.058302250218 1.0 0.0 0.0 0.0 0.0 1.0 20.775 0.0
3505.0182512171973 1.0 0.0 0.0 0.0 0.0 1.0 21.0 0.0
3506.0391031519043 1.0 0.0 0.0 0.0 0.0 1.0 21.0 0.0
3507.0172429964396 1.0 0.0 0.0 0.0 0.0 1.0 21.0 0.0
3508.054552428015 1.0 0.0 0.0 0.0 0.0 1.0 21.0 0.0
3509.006944498403 1.0 0.0 0.0 0.0 0.0 1.0 21.0 0.0
3510.009934906916 1.0 0.0 0.0 0.0 0.0 1.0 21.0 0.0
3511.0140643468226 1.0 0.0 0.0 0.0 0.0 1.0 21.0 0.0
3512.00001534299 1.0 0.0 0.0 0.0 0.0 1.0 21.0 0.0
3513.0031934273998 1.0 0.0 0.0 0.0 0.0 1.0 21.0 0.0
3514.012985972255 1.0 0.0 0.0 0.0 0.0 1.0 21.0 0.0
3515.1059958343953 1.0 0.0 0.0 0.0 0.0 1.0 21.0 0.0
3516.009654361114 1.0 0.0 0.0 0.0 0.0 1.0 21.0 0.0
3517.0389117618197 1.0 0.0 0.0 0.0 0.0 1.0 21.0 0.0
3518.009474673193 1.0 0.0 0.0 0.0 0.0 1.0 21.0 0.0
3519.0455386553404 1.0 0.0 0.0 0.0 0.0 1.0 21.0 0.0
3520.0253089237685 1.0 0.0 0.0 0.0 0.0 1.0 21.0 0.0
3521.0224400711654 1.0 0.0 0.0 0.0 0.0 1.0 21.0 0.0
3522.0527457909498 1.0 0.0 0.0 0.0 0.0 1.0 21.0 0.0
3523.0083154692593 1.0 0.0 0.0 0.0 0.0 1.0 21.0 0.0
3524.010494130128 1.0 0.0 0.0 0.0 0.0 1.0 21.0 0.0
3525.0576265811633 1.0 0.0 0.0 0.0 0.0 1.0 21.0 0.0
3526.093969262552 1.0 0.0 0.0 0.0 0.0 1.0 21.0 0.0
3527.020103271678 1.0 0.0 0.0 0.0 0.0 1.0 21.0 0.0
3528.0246524234562 1.0 0.0 0.0 0.0 0.0 1.0 21.0 0.0
3529.031649707994 1.0 0.0 0.0 0.0 0.0 1.0 21.0 0.0
3530.0263379588955 1.0 0.0 0.0 0.0 0.0 1.0 21.0 0.0
3531.046767375811 1.0 0.0 0.0 0.0 0.0 1.0 21.0 0.0
3532.019504652636 1.0 0.0 0.0 0.0 0.0 1.0 21.0 0.0
3533.00170483477 1.0 0.0 0.0 0.0 0.0 1.0 21.0 0.0
3534.0035896205522 1.0 0.0 0.0 0.0 0.0 1.0 21.0 0.0
3535.0059732913105 1.0 0.0 0.0 0.0 0.0 1.0 21.0 0.0
3536.013155613971 1.0 0.0 0.0 0.0 0.0 1.0 21.0 0.0
3537.0528630878666 1.0 0.0 0.0 0.0 0.0 1.0 21.0 0.0
3538.0091472793392 1.0 0.0 0.0 0.0 0.0 1.0 21.0 0.0
3539.065607166864 1.0 0.0 0.0 0.0 0.0 1.0 21.0 0.0
3540.0099178353844 1.0 0.0 0.0 0.0 0.0 1.0 21.0 0.0
3541.014904491578 1.0 0.0 0.0 0.0 0.0 1.0 21.0 0.0
3542.0083768961463 1.0 0.0 0.0 0.0 0.0 1.0 21.0 0.0
3543.013018187134 1.0 0.0 0.0 0.0 0.0 1.0 21.0 0.0
3544.004122055618 1.0 0.0 0.0 0.0 0.0 1.0 21.0 0.0
3545.0128414417713 1.0 0.0 0.0 0.0 0.0 1.0 21.0 0.0
3546.0184762971435 1.0 0.0 0.0 0.0 0.0 1.0 21.0 0.0
3547.0025673869723 1.0 0.0 0.0 0.0 0.0 1.0 21.0 0.0
3548.048023863951 1.0 0.0 0.0 0.0 0.0 1.0 21.0 0.0
3549.0471279505464 1.0 0.0 0.0 0.0 0.0 1.0 21.0 0.0
3550.0123975561855 1.0 0.0 0.0 0.0 0.0 1.0 21.0 0.0
3551.1059958343953 1.0 0.0 0.0 0.0 0.0 1.0 21.0 0.0
3552.1059958343953 1.0 0.0 0.0 0.0 0.0 1.0 21.0 0.0
3553.0057852007617 1.0 0.0 0.0 0.0 0.0 1.0 21.0 0.0
3554.0048954399244 1.0 0.0 0.0 0.0 0.0 1.0 21.0 0.0
3555.0394137302155 1.0 0.0 0.0 0.0 0.0 1.0 21.0 0.0
3556.0131690927515 1.0 0.0 0.0 0.0 0.0 1.0 21.0 0.0
3557.027949191396 1.0 0.0 0.0 0.0 0.0 1.0 21.0 0.0
3558.0282216876512 1.0 0.0 0.0 0.0 0.0 1.0 21.0 0.0
3559.005015450316 1.0 0.0 0.0 0.0 0.0 1.0 21.0 0.0
3560.0464753917668 1.0 0.0 0.0 0.0 0.0 1.0 21.0 0.0
3561.025776563053 1.0 0.0 0.0 0.0 0.0 1.0 21.0 0.0
3562.015786874184 1.0 0.0 0.0 0.0 0.0 1.0 21.0 0.0
3563.000227691667 1.0 0.0 0.0 0.0 0.0 1.0 21.0 0.0
3564.000623285982 1.0 0.0 0.0 0.0 0.0 1.0 21.0 0.0
3565.0241607214916 1.0 0.0 0.0 0.0 0.0 1.0 21.0 0.0
3566.0010528916605 1.0 0.0 0.0 0.0 0.0 1.0 21.0 0.0
3567.002413461582 1.0 0.0 0.0 0.0 0.0 1.0 21.0 0.0
3568.003923637898 1.0 0.0 0.0 0.0 0.0 1.0 21.0 0.0
3569.1059958343953 1.0 0.0 0.0 0.0 0.0 1.0 21.0 0.0
3570.0031914068977 1.0 0.0 0.0 0.0 0.0 1.0 21.0 0.0
3571.0083320952403 1.0 0.0 0.0 0.0 0.0 1.0 21.0 0.0
3572.0348009034396 1.0 0.0 0.0 0.0 0.0 1.0 21.0 0.0
3573.0066360083947 1.0 0.0 0.0 0.0 0.0 1.0 21.0 0.0
3574.0256971443378 1.0 0.0 0.0 0.0 0.0 1.0 21.0 0.0
3575.060720690778 1.0 0.0 0.0 0.0 0.0 1.0 21.0 0.0
3576.0149957713984 1.0 0.0 0.0 0.0 0.0 1.0 21.0 0.0
3577.0381659613577 1.0 0.0 0.0 0.0 0.0 1.0 21.0 0.0
3578.0024019466255 1.0 0.0 0.0 0.0 0.0 1.0 21.0 0.0
3579.018942490116 1.0 0.0 0.0 0.0 0.0 1.0 21.0 0.0
3580.0344444126736 1.0 0.0 0.0 0.0 0.0 1.0 21.0 0.0
3581.032902368799 1.0 0.0 0.0 0.0 0.0 1.0 21.0 0.0
3582.070727945717 1.0 0.0 0.0 0.0 0.0 1.0 21.0 0.0
3583.0372204328883 1.0 0.0 0.0 0.0 0.0 1.0 21.0 0.0
3584.1059958343953 1.0 0.0 0.0 0.0 0.0 1.0 21.0 0.0
3585.006867359585 1.0 0.0 0.0 0.0 0.0 1.0 21.0 0.0
3586.0068851177202 1.0 0.0 0.0 0.0 0.0 1.0 21.0 0.0
3587.004177342116 1.0 0.0 0.0 0.0 0.0 1.0 21.0 0.0
3588.044103150342 1.0 0.0 0.0 0.0 0.0 1.0 21.0 0.0
3589.02259016136 1.0 0.0 0.0 0.0 0.0 1.0 21.0 0.0
3590.0213890814184 1.0 0.0 0.0 0.0 0.0 1.0 21.0 0.0
3591.073977764205 1.0 0.0 0.0 0.0 0.0 1.0 21.0 0.0
3592.053856994562 1.0 0.0 0.0 0.0 0.0 1.0 21.0 0.0
3593.0187768550554 1.0 0.0 0.0 0.0 0.0 1.0 21.0 0.0
3594.038172367263 1.0 0.0 0.0 0.0 0.0 1.0 21.0 0.0
3595.003672142348 1.0 0.0 0.0 0.0 0.0 1.0 21.0 0.0
3596.0162107607543 1.0 0.0 0.0 0.0 0.0 1.0 21.0 0.0
3597.0312801489245 1.0 0.0 0.0 0.0 0.0 1.0 21.0 0.0
3598.024067185357 1.0 0.0 0.0 0.0 0.0 1.0 21.0 0.0
3599.0057685239126 1.0 0.0 0.0 0.0 0.0 1.0 21.0 0.0
3600.0067088415617 1.0 0.0 0.0 0.0 0.0 1.0 21.0 0.0
3601.0200402705805 0.975 0.0 0.024999999999999994 0.0 0.0 1.0 21.0 0.0475609756097561
3602.022623409502 0.175 0.0 0.825 0.0 0.0 1.0 21.075 0.2817073170731707
3603.025581690462 0.024999999999999994 0.0 0.975 0.0 0.0 1.0 21.925 0.0475609756097561
3604.056742127952 0.0 0.0 1.0 0.0 0.0 1.0 22.7 0.0
3605.0917971977456 0.0 0.0 1.0 0.0 0.0 1.0 22.8 0.0
3606.0379479320795 0.0 0.0 1.0 0.0 0.0 1.0 23.0 0.0
3607.0595501596677 0.0 0.0 1.0 0.0 0.0 1.0 23.0 0.0
3608.035958037309 0.0 0.0 1.0 0.0 0.0 1.0 23.0 0.0
3609.0089642917933 0.0 0.0 1.0 0.0 0.0 1.0 23.0 0.0
3610.001543654526 0.0 0.0 1.0 0.0 0.0 1.0 23.0 0.0
3611.010404613775 0.0 0.0 1.0 0.0 0.0 1.0 23.0 0.0
3612.008270905636 0.0 0.0 1.0 0.0 0.0 1.0 23.0 0.0
3613.0219640655955 0.0 0.0 1.0 0.0 0.0 1.0 23.0 0.0
3614.034750635493 0.0 0.0 1.0 0.0 0.0 1.0 23.0 0.0
3615.0210240056676 0.0 0.0 1.0 0.0 0.0 1.0 23.0 0.0
3616.0089733381687 0.0 0.0 1.0 0.0 0.0 1.0 23.0 0.0
3617.0174186127088 0.0 0.0 1.0 0.0 0.0 1.0 23.0 0.0
3618.01236665533 0.0 0.0 1.0 0.0 0.0 1.0 23.0 0.0
3619.0048920085433 0.0 0.0 1.0 0.0 0.0 1.0 23.0 0.0
3620.0296079972445 0.0 0.0 1.0 0.0 0.0 1.0 23.0 0.0
3621.06393431123 0.0 0.0 1.0 0.0 0.0 1.0 23.0 0.0
3622.0219016735823 0.0 0.0 1.0 0.0 0.0 1.0 23.0 0.0
3623.0279609423733 0.0 0.0 1.0 0.0 0.0 1.0 23.0 0.0
3624.0041052962943 0.0 0.0 1.0 0.0 0.0 1.0 23.0 0.0
3625.0363274046376 0.0 0.0 1.0 0.0 0.0 1.0 23.0 0.0
3626.0176085471226 0.0 0.0 1.0 0.0 0.0 1.0 23.0 0.0
3627.0942202133283 0.0 0.0 1.0 0.0 0.0 1.0 23.0 0.0
3628.0082544880906 0.0 0.0 1.0 0.0 0.0 1.0 23.0 0.0
3629.053445562481 0.0 0.0 1.0 0.0 0.0 1.0 23.0 0.0
3630.022897851739 0.0 0.0 1.0 0.0 0.0 1.0 23.0 0.0
3631.0292115902716 0.0 0.0 1.0 0.0 0.0 1.0 23.0 0.0
3632.0114355862497 0.0 0.0 1.0 0.0 0.0 1.0 23.0 0.0
3633.004859603236 0.0 0.0 1.0 0.0 0.0 1.0 23.0 0.0
3634.0006959703965 0.0 0.0 1.0 0.0 0.0 1.0 23.0 0.0
3635.0101582361613 0.0 0.0 1.0 0.0 0.0 1.0 23.0 0.0
3636.0066055921775 0.0 0.0 1.0 0.0 0.0 1.0 23.0 0.0
3637.0044405031636 0.0 0.0 1.0 0.0 0.0 1.0 23.0 0.0
3638.0165751822556 0.0 0.0 1.0 0.0 0.0 1.0 23.0 0.0
3639.005502412419 0.0 0.0 1.0 0.0 0.0 1.0 23.0 0.0
3640.1059958343953 0.0 0.0 1.0 0.0 0.0 1.0 23.0 0.0
3641.0548377608884 0.0 0.0 1.0 0.0 0.0 1.0 23.0 0.0
3642.055000236569 0.0 0.0 1.0 0.0 0.0 1.0 23.0 0.0
3643.0609255877225 0.0 0.0 1.0 0.0 0.0 1.0 23.0 0.0
3644.102246239231 0.0 0.0 1.0 0.0 0.0 1.0 23.0 0.0
3645.0040729917564 0.0 0.0 1.0 0.0 0.0 1.0 23.0 0.0
3646.0421321373187 0.0 0.0 1.0 0.0 0.0 1.0 23.0 0.0
3647.104638229382 0.0 0.0 1.0 0.0 0.0 1.0 23.0 0.0
3648.0243990411723 0.0 0.0 1.0 0.0 0.0 1.0 23.0 0.0
3649.0266349897993 0.0 0.0 1.0 0.0 0.0 1.0 23.0 0.0
3650.0000586245505 0.0 0.0 1.0 0.0 0.0 1.0 23.0 0.0
3651.071554836569 0.0 0.0 1.0 0.0 0.0 1.0 23.0 0.0
3652.0225044264516 0.0 0.0 1.0 0.0 0.0 1.0 23.0 0.0
3653.0082754244913 0.0 0.0 1.0 0.0 0.0 1.0 23.0 0.0
3654.0297563435984 0.0 0.0 1.0 0.0 0.0 1.0 23.0 0.0
3655.0575404349906 0.0 0.0 1.0 0.0 0.0 1.0 23.0 0.0
3656.0349617010424 0.0 0.0 1.0 0.0 0.0 1.0 23.0 0.0
3657.0066874625895 0.0 0.0 1.0 0.0 0.0 1.0 23.0 0.0
3658.044032509334 0.0 0.0 1.0 0.0 0.0 1.0 23.0 0.0
3659.012552912264 0.0 0.0 1.0 0.0 0.0 1.0 23.0 0.0
3660.0544872909527 0.0 0.0 1.0 0.0 0.0 1.0 23.0 0.0
3661.0192733350846 0.0 0.0 1.0 0.0 0.0 1.0 23.0 0.0
3662.0318910224923 0.0 0.0 1.0 0.0 0.0 1.0 23.0 0.0
3663.0147992664274 0.0 0.0 1.0 0.0 0.0 1.0 23.0 0.0
3664.019230989398 0.0 0.0 1.0 0.0 0.0 1.0 23.0 0.0
3665.0182326922536 0.0 0.0 1.0 0.0 0.0 1.0 23.0 0.0
3666.0063901082553 0.0 0.0 1.0 0.0 0.0 1.0 23.0 0.0
3667.0009762073737 0.0 0.0 1.0 0.0 0.0 1.0 23.0 0.0
3668.022317198945 0.0 0.0 1.0 0.0 0.0 1.0 23.0 0.0
3669.0022082473997 0.0 0.0 1.0 0.0 0.0 1.0 23.0 0.0
3670.076755591158 0.0 0.0 1.0 0.0 0.0 1.0 23.0 0.0
3671.094297506587 0.0 0.0 1.0 0.0 0.0 1.0 23.0 0.0
3672.0470711791913 0.0 0.0 1.0 0.0 0.0 1.0 23.0 0.0
3673.018735212976 0.0 0.0 1.0 0.0 0.0 1.0 23.0 0.0
3674.062548723759 0.0 0.0 1.0 0.0 0.0 1.0 23.0 0.0
3675.0275745301606 0.0 0.0 1.0 0.0 0.0 1.0 23.0 0.0
3676.023543954548 0.0 0.0 1.0 0.0 0.0 1.0 23.0 0.0
3677.000773301617 0.0 0.0 1.0 0.0 0.0 1.0 23.0 0.0
3678.0549876338027 0.0 0.0 1.0 0.0 0.0 1.0 23.0 0.0
3679.0045256828776 0.0 0.0 1.0 0.0 0.0 1.0 23.0 0.0
3680.0393362075774 0.0 0.0 0.95 0.049999999999999996 0.0 0.0 23.0 0.09268292682926829
3681.0836638442984 0.0 0.0 0.15000000000000002 0.85 0.0 0.0 23.025 0.24878048780487805
3682.023403718283 0.0 0.0 0.0 1.0 0.0 0.0 23.575 0.0
3683.01597042174 0.0 0.0 0.0 1.0 0.0 0.0 24.65 0.0
3684.0011005405768 0.0 0.0 0.0 1.0 0.0 0.0 24.925 0.0
3685.0115935498598 0.0 0.0 0.0 1.0 0.0 0.0 25.0 0.0
3686.002684350051 0.0 0.0 0.0 1.0 0.0 0.0 25.0 0.0
3687.0127847182503 0.0 0.0 0.0 1.0 0.0 0.0 25.0 0.0
3688.0060903398066 0.0 0.0 0.0 1.0 0.0 0.0 25.0 0.0
3689.00565085633 0.0 0.0 0.0 1.0 0.0 0.0 25.0 0.0
3690.01596921779 0.0 0.0 0.0 1.0 0.0 0.0 25.0 0.0
3691.0055015305984 0.0 0.0 0.0 1.0 0.0 0.0 25.0 0.0
3692.038888091877 0.0 0.0 0.0 1.0 0.0 0.0 25.0 0.0
3693.040565451155 0.0 0.0 0.0 1.0 0.0 0.0 25.0 0.0
3694.044830874945 0.0 0.0 0.0 1.0 0.0 0.0 25.0 0.0
3695.0109364345562 0.0 0.0 0.0 1.0 0.0 0.0 25.0 0.0
3696.080107991332 0.0 0.0 0.0 1.0 0.0 0.0 25.0 0.0
3697.018898493024 0.0 0.0 0.0 1.0 0.0 0.0 25.0 0.0
3698.1040101055346 0.0 0.0 0.0 1.0 0.0 0.0 25.0 0.0
3699.0184797289266 0.0 0.0 0.0 1.0 0.0 0.0 25.0 0.0
3700.003985888843 0.0 0.0 0.0 1.0 0.0 0.0 25.0 0.0
3701.0036951782863 0.0 0.0 0.0 1.0 0.0 0.0 25.0 0.0
3702.063111003311 0.0 0.0 0.0 1.0 0.0 0.0 25.0 0.0
3703.030941329392 0.0 0.0 0.0 1.0 0.0 0.0 25.0 0.0
3704.0092972453117 0.0 0.0 0.0 1.0 0.0 0.0 25.0 0.0
3705.0198220057914 0.0 0.0 0.0 1.0 0.0 0.0 25.0 0.0
3706.041515355846 0.0 0.0 0.0 1.0 0.0 0.0 25.0 0.0
3707.0078043999692 0.0 0.0 0.0 1.0 0.0 0.0 25.0 0.0
3708.0047060929837 0.0 0.0 0.0 1.0 0.0 0.0 25.0 0.0
3709.006509930209 0.0 0.0 0.0 1.0 0.0 0.0 25.0 0.0
3710.0624830232277 0.0 0.0 0.0 1.0 0.0 0.0 25.0 0.0
3711.057274141793 0.0 0.0 0.0 1.0 0.0 0.0 25.0 0.0
3712.0039056539654 0.0 0.0 0.0 1.0 0.0 0.0 25.0 0.0
3713.0680055215907 0.0 0.0 0.0 1.0 0.0 0.0 25.0 0.0
3714.024621248376 0.0 0.0 0.0 1.0 0.0 0.0 25.0 0.0
3715.009913658386 0.0 0.0 0.0 1.0 0.0 0.0 25.0 0.0
3716.016712734903 0.0 0.0 0.0 1.0 0.0 0.0 25.0 0.0
3717.0199075618316 0.0 0.0 0.0 1.0 0.0 0.0 25.0 0.0
3718.0372210211895 0.0 0.0 0.0 1.0 0.0 0.0 25.0 0.0
3719.014036824435 0.0 0.0 0.0 1.0 0.0 0.0 25.0 0.0
3720.0560394133436 0.0 0.0 0.0 1.0 0.0 0.0 25.0 0.0
3721.0077228643318 0.0 0.0 0.0 1.0 0.0 0.0 25.0 0.0
3722.003191094919 0.0 0.0 0.0 1.0 0.0 0.0 25.0 0.0
3723.0548053268612 0.0 0.0 0.0 1.0 0.0 0.0 25.0 0.0
3724.0304180006124 0.0 0.0 0.0 1.0 0.0 0.0 25.0 0.0
3725.009462606532 0.0 0.0 0.0 1.0 0.0 0.0 25.0 0.0
3726.0097082277275 0.0 0.0 0.0 1.0 0.0 0.0 25.0 0.0
3727.0332997128507 0.0 0.0 0.0 1.0 0.0 0.0 25.0 0.0
3728.0729631036224 0.0 0.0 0.0 1.0 0.0 0.0 25.0 0.0
3729.017381598831 0.0 0.0 0.0 1.0 0.0 0.0 25.0 0.0
3730.0362654199425 0.0 0.0 0.0 1.0 0.0 0.0 25.0 0.0
3731.028700488537 0.0 0.0 0.0 1.0 0.0 0.0 25.0 0.0
3732.040137639325 0.0 0.0 0.0 1.0 0.0 0.0 25.0 0.0
3733.0124240816967 0.0 0.0 0.0 1.0 0.0 0.0 25.0 0.0
3734.1059958343953 0.0 0.0 0.0 1.0 0.0 0.0 25.0 0.0
3735.0016744604977 0.0 0.0 0.0 1.0 0.0 0.0 25.0 0.0
3736.0520823170896 0.0 0.0 0.0 1.0 0.0 0.0 25.0 0.0
3737.022041467229 0.0 0.0 0.0 1.0 0.0 0.0 25.0 0.0
3738.001081954772 0.0 0.0 0.0 1.0 0.0 0.0 25.0 0.0
3739.044107655537 0.0 0.0 0.0 1.0 0.0 0.0 25.0 0.0
3740.0002458420954 0.0 0.0 0.0 1.0 0.0 0.0 25.0 0.0
3741.0095715258553 0.0 0.0 0.0 1.0 0.0 0.0 25.0 0.0
3742.0110905511883 0.0 0.0 0.0 1.0 0.0 0.0 25.0 0.0
3743.0126766986946 0.0 0.0 0.0 1.0 0.0 0.0 25.0 0.0
3744.0085657971404 0.0 0.0 0.0 1.0 0.0 0.0 25.0 0.0
3745.0027177314673 0.0 0.0 0.0 1.0 0.0 0.0 25.0 0.0
3746.0282134473373 0.0 0.0 0.0 1.0 0.0 0.0 25.0 0.0
3747.007198413514 0.0 0.0 0.0 1.0 0.0 0.0 25.0 0.0
3748.0185933205344 0.0 0.0 0.0 1.0 0.0 0.0 25.0 0.0
3749.0130183507954 0.0 0.0 0.0 1.0 0.0 0.0 25.0 0.0
3750.093877561315 0.0 0.0 0.0 1.0 0.0 0.0 25.0 0.0
3751.0192658450583 0.0 0.0 0.0 1.0 0.0 0.0 25.0 0.0
3752.0254714558273 0.0 0.0 0.0 1.0 0.0 0.0 25.0 0.0
3753.0006575217994 0.0 0.0 0.0 1.0 0.0 0.0 25.0 0.0
3754.011268779593 0.0 0.0 0.0 1.0 0.0 0.0 25.0 0.0
3755.0407748089124 0.0 0.0 0.0 1.0 0.0 0.0 25.0 0.0
3756.0010457427466 0.0 0.0 0.0 1.0 0.0 0.0 25.0 0.0
3757.0524467322593 0.0 0.0 0.0 1.0 0.0 0.0 25.0 0.0
3758.0288791362173 0.0 0.0 0.0 1.0 0.0 0.0 25.0 0.0
3759.0213935855413 0.0 0.0 0.0 1.0 0.0 0.0 25.0 0.0
3760.0629721440027 0.0 0.0 0.0 1.0 0.0 0.0 25.0 0.0
3761.0222964244244 0.0 0.0 0.0 1.0 0.0 0.0 25.0 0.0
3762.028622679475 0.0 0.0 0.0 1.0 0.0 0.0 25.0 0.0
3763.011401526848 0.0 0.0 0.0 1.0 0.0 0.0 25.0 0.0
3764.018103252102 0.0 0.0 0.0 1.0 0.0 0.0 25.0 0.0
3765.0554412990664 0.0 0.0 0.0 1.0 0.0 0.0 25.0 0.0
3766.0486713843966 0.0 0.0 0.0 1.0 0.0 0.0 25.0 0.0
3767.0237926011155 0.0 0.0 0.0 1.0 0.0 0.0 25.0 0.0
3768.0149496557588 0.0 0.0 0.0 1.0 0.0 0.0 25.0 0.0
3769.0942458188792 0.0 0.0 0.0 1.0 0.0 0.0 25.0 0.0
3770.0065505336283 0.0 0.0 0.0 1.0 0.0 0.0 25.0 0.0
3771.033514674023 0.0 0.0 0.0 1.0 0.0 0.0 25.0 0.0
3772.0003512325775 0.0 0.0 0.0 1.0 0.0 0.0 25.0 0.0
3773.014957797896 0.0 0.0 0.0 1.0 0.0 0.0 25.0 0.0
3774.007261893826 0.0 0.0 0.0 1.0 0.0 0.0 25.0 0.0
3775.0268288174816 0.0 0.0 0.0 1.0 0.0 0.0 25.0 0.0
3776.0611869053955 0.0 0.0 0.0 1.0 0.0 0.0 25.0 0.0
3777.020811872577 0.0 0.0 0.0 1.0 0.0 0.0 25.0 0.0
3778.0802239843915 0.0 0.0 0.0 1.0 0.0 0.0 25.0 0.0
3779.0294589018267 0.0 0.0 0.0 1.0 0.0 0.0 25.0 0.0
3780.0217545871506 0.0 0.0 0.0 1.0 0.0 0.0 25.0 0.0
3781.007780630035 0.0 0.0 0.0 1.0 0.0 0.0 25.0 0.0
3782.008537703403 0.0 0.0 0.0 1.0 0.0 0.0 25.0 0.0
3783.1059958343953 0.0 0.0 0.0 1.0 0.0 0.0 25.0 0.0
3784.0475102669357 0.0 0.0 0.0 1.0 0.0 0.0 25.0 0.0
3785.0348456301053 0.0 0.0 0.0 1.0 0.0 0.0 25.0 0.0
3786.0576534774495 0.0 0.0 0.0 1.0 0.0 0.0 25.0 0.0
3787.0019861222227 0.0 0.0 0.0 1.0 0.0 0.0 25.0 0.0
3788.000451125037 0.0 0.0 0.0 1.0 0.0 0.0 25.0 0.0
3789.0454548760927 0.0 0.0 0.0 1.0 0.0 0.0 25.0 0.0
3790.025696419217 0.0 0.0 0.0 1.0 0.0 0.0 25.0 0.0
3791.080121040305 0.0 0.0 0.0 1.0 0.0 0.0 25.0 0.0
3792.009672859903 0.0 0.0 0.0 1.0 0.0 0.0 25.0 0.0
3793.0095310333177 0.0 0.0 0.0 1.0 0.0 0.0 25.0 0.0
3794.0183399857797 0.0 0.0 0.0 1.0 0.0 0.0 25.0 0.0
3795.002586656803 0.0 0.0 0.0 1.0 0.0 0.0 25.0 0.0
3796.0423747291825 0.0 0.0 0.0 1.0 0.0 0.0 25.0 0.0
3797.009572425877 0.0 0.0 0.0 1.0 0.0 0.0 25.0 0.0
3798.001766615458 0.0 0.0 0.0 1.0 0.0 0.0 25.0 0.0
3799.050385122322 0.0 0.0 0.0 1.0 0.0 0.0 25.0 0.0
3800.0100809145006 0.0 0.0 0.0 1.0 0.0 0.0 25.0 0.0
3801.0093965683627 0.0 0.0 0.0 1.0 0.0 0.0 25.0 0.0
3802.0476673732155 0.0 0.0 0.0 1.0 0.0 0.0 25.0 0.0
3803.073123727214 0.0 0.0 0.0 1.0 0.0 0.0 25.0 0.0
3804.023636442976 0.0 0.0 0.0 1.0 0.0 0.0 25.0 0.0
3805.0004019567655 0.0 0.0 0.0 1.0 0.0 0.0 25.0 0.0
3806.0814111676104 0.0 0.0 0.0 1.0 0.0 0.0 25.0 0.0
3807.042142929267 0.0 0.0 0.0 1.0 0.0 0.0 25.0 0.0
3808.0145594855508 0.0 0.0 0.0 1.0 0.0 0.0 25.0 0.0
3809.011087284707 0.0 0.0 0.0 1.0 0.0 0.0 25.0 0.0
3810.0736126828288 0.0 0.0 0.0 1.0 0.0 0.0 25.0 0.0
3811.010551074074 0.0 0.0 0.0 1.0 0.0 0.0 25.0 0.0
3812.0548591728634 0.0 0.0 0.0 1.0 0.0 0.0 25.0 0.0
3813.0095490341614 0.0 0.0 0.0 1.0 0.0 0.0 25.0 0.0
3814.0250252418236 0.0 0.0 0.0 1.0 0.0 0.0 25.0 0.0
3815.0076723061616 0.0 0.0 0.0 1.0 0.0 0.0 25.0 0.0
3816.0498650330255 0.0 0.0 0.0 1.0 0.0 0.0 25.0 0.0
3817.1059958343953 0.0 0.0 0.0 1.0 0.0 0.0 25.0 0.0
3818.1059958343953 0.0 0.0 0.0 1.0 0.0 0.0 25.0 0.0
3819.0195618153757 0.0 0.0 0.0 1.0 0.0 0.0 25.0 0.0
3820.1059958343953 0.0 0.0 0.0 1.0 0.0 0.0 25.0 0.0
3821.0081736113007 0.0 0.0 0.0 1.0 0.0 0.0 25.0 0.0
3822.0498714676446 0.0 0.0 0.0 1.0 0.0 0.0 25.0 0.0
3823.102828577001 0.0 0.0 0.0 1.0 0.0 0.0 25.0 0.0
3824.0409762523896 0.0 0.0 0.0 1.0 0.0 0.0 25.0 0.0
3825.0077277262358 0.0 0.0 0.0 1.0 0.0 0.0 25.0 0.0
3826.0017224294397 0.0 0.0 0.0 1.0 0.0 0.0 25.0 0.0
3827.036553748567 0.0 0.0 0.0 1.0 0.0 0.0 25.0 0.0
3828.0694474783354 0.0 0.0 0.0 1.0 0.0 0.0 25.0 0.0
3829.0106691831897 0.0 0.0 0.0 1.0 0.0 0.0 25.0 0.0
3830.0043188020095 0.0 0.0 0.0 1.0 0.0 0.0 25.0 0.0
3831.045214625342 0.0 0.0 0.0 1.0 0.0 0.0 25.0 0.0
3832.0151850393277 0.0 0.0 0.0 1.0 0.0 0.0 25.0 0.0
3833.1056834786373 0.0 0.0 0.0 1.0 0.0 0.0 25.0 0.0
3834.0113637674917 0.0 0.0 0.0 1.0 0.0 0.0 25.0 0.0
3835.0008598536842 0.0 0.0 0.0 1.0 0.0 0.0 25.0 0.0
3836.0576625671183 0.0 0.0 0.0 1.0 0.0 0.0 25.0 0.0
3837.000632846853 0.0 0.0 0.0 1.0 0.0 0.0 25.0 0.0
3838.0117523655554 0.0 0.0 0.0 1.0 0.0 0.0 25.0 0.0
3839.012267646505 0.0 0.0 0.0 1.0 0.0 0.0 25.0 0.0
3840.0379254404716 0.0 0.0 0.0 1.0 0.0 0.0 25.0 0.0
3841.076564441955 0.0 0.0 0.0 1.0 0.0 0.0 25.0 0.0
3842.01987665571 0.0 0.0 0.0 1.0 0.0 0.0 25.0 0.0
3843.003997682156 0.0 0.0 0.0 1.0 0.0 0.0 25.0 0.0
3844.0103117812355 0.0 0.0 0.0 1.0 0.0 0.0 25.0 0.0
3845.0281273138335 0.0 0.0 0.0 1.0 0.0 0.0 25.0 0.0
3846.0210696931686 0.0 0.0 0.0 1.0 0.0 0.0 25.0 0.0
3847.0216787690747 0.0 0.0 0.0 1.0 0.0 0.0 25.0 0.0
3848.0309584061297 0.0 0.0 0.0 1.0 0.0 0.0 25.0 0.0
3849.0208910489605 0.0 0.0 0.0 1.0 0.0 0.0 25.0 0.0
3850.0277691708675 0.0 0.0 0.0 1.0 0.0 0.0 25.0 0.0
3851.0200326943664 0.0 0.0 0.0 1.0 0.0 0.0 25.0 0.0
3852.1059958343953 0.0 0.0 0.0 1.0 0.0 0.0 25.0 0.0
3853.013282228102 0.0 0.0 0.0 1.0 0.0 0.0 25.0 0.0
3854.032274737882 0.0 0.0 0.0 1.0 0.0 0.0 25.0 0.0
3855.035505218396 0.0 0.0 0.0 1.0 0.0 0.0 25.0 0.0
3856.102335737144 0.0 0.0 0.0 1.0 0.0 0.0 25.0 0.0
3857.0476848814696 0.0 0.0 0.0 1.0 0.0 0.0 25.0 0.0
3858.0097394155596 0.0 0.0 0.0 1.0 0.0 0.0 25.0 0.0
3859.003548479316 0.0 0.0 0.0 1.0 0.0 0.0 25.0 0.0
3860.0449830808075 0.0 0.0 0.0 1.0 0.0 0.0 25.0 0.0
3861.000394608484 0.0 0.0 0.0 1.0 0.0 0.0 25.0 0.0
3862.0245091449965 0.0 0.0 0.0 1.0 0.0 0.0 25.0 0.0
3863.014581815836 0.0 0.0 0.0 1.0 0.0 0.0 25.0 0.0
3864.000643814953 0.0 0.0 0.0 1.0 0.0 0.0 25.0 0.0
3865.0235135051703 0.0 0.0 0.0 1.0 0.0 0.0 25.0 0.0
3866.0472527201277 0.0 0.0 0.0 1.0 0.0 0.0 25.0 0.0
3867.0056210846287 0.0 0.0 0.0 1.0 0.0 0.0 25.0 0.0
3868.0325643856345 0.0 0.0 0.0 1.0 0.0 0.0 25.0 0.0
3869.017498433122 0.0 0.0 0.0 1.0 0.0 0.0 25.0 0.0
3870.0297999889635 0.0 0.0 0.0 1.0 0.0 0.0 25.0 0.0
3871.032504362834 0.0 0.0 0.0 1.0 0.0 0.0 25.0 0.0
3872.0455457886196 0.0 0.0 0.0 1.0 0.0 0.0 25.0 0.0
3873.0158033291814 0.0 0.0 0.0 1.0 0.0 0.0 25.0 0.0
3874.0697881509136 0.0 0.0 0.0 1.0 0.0 0.0 25.0 0.0
3875.0294926542265 0.0 0.0 0.0 1.0 0.0 0.0 25.0 0.0
3876.1059958343953 0.0 0.0 0.0 1.0 0.0 0.0 25.0 0.0
3877.0621402645343 0.0 0.0 0.0 1.0 0.0 0.0 25.0 0.0
3878.0295208061234 0.0 0.0 0.0 1.0 0.0 0.0 25.0 0.0
3879.0080328864833 0.0 0.0 0.0 1.0 0.0 0.0 25.0 0.0
3880.033334735934 0.0 0.0 0.0 1.0 0.0 0.0 25.0 0.0
3881.0677484905855 0.0 0.0 0.0 1.0 0.0 0.0 25.0 0.0
3882.0210227042207 0.0 0.0 0.0 1.0 0.0 0.0 25.0 0.0
3883.0469935154697 0.0 0.0 0.0 1.0 0.0 0.0 25.0 0.0
3884.003419609922 0.0 0.0 0.0 1.0 0.0 0.0 25.0 0.0
3885.0096534276017 0.0 0.0 0.0 1.0 0.0 0.0 25.0 0.0
3886.002190260331 0.0 0.0 0.0 1.0 0.0 0.0 25.0 0.0
3887.024852130964 0.0 0.0 0.0 1.0 0.0 0.0 25.0 0.0
3888.1059958343953 0.0 0.0 0.0 1.0 0.0 0.0 25.0 0.0
3889.0380491220835 0.0 0.0 0.0 1.0 0.0 0.0 25.0 0.0
3890.0291417196636 0.0 0.0 0.0 1.0 0.0 0.0 25.0 0.0
3891.0386397474276 0.0 0.0 0.0 1.0 0.0 0.0 25.0 0.0
3892.036973347859 0.0 0.0 0.0 1.0 0.0 0.0 25.0 0.0
3893.0078165666864 0.0 0.0 0.0 1.0 0.0 0.0 25.0 0.0
3894.025865774355 0.0 0.0 0.0 1.0 0.0 0.0 25.0 0.0
3895.0068721714124 0.0 0.0 0.0 1.0 0.0 0.0 25.0 0.0
3896.0120556413735 0.0 0.0 0.0 1.0 0.0 0.0 25.0 0.0
3897.0936676040337 0.0 0.0 0.0 1.0 0.0 0.0 25.0 0.0
3898.0020598187125 0.0 0.0 0.0 1.0 0.0 0.0 25.0 0.0
3899.0057999297683 0.0 0.0 0.0 1.0 0.0 0.0 25.0 0.0
3900.073455115301 0.0 0.0 0.0 1.0 0.0 0.0 25.0 0.0
3901.03546000137 0.0 0.0 0.0 1.0 0.0 0.0 25.0 0.0
3902.1059958343953 0.0 0.0 0.0 1.0 0.0 0.0 25.0 0.0
3903.032850337007 0.0 0.0 0.0 1.0 0.0 0.0 25.0 0.0
3904.006434085138 0.0 0.0 0.0 1.0 0.0 0.0 25.0 0.0
3905.0438800615007 0.0 0.0 0.0 1.0 0.0 0.0 25.0 0.0
3906.019394545116 0.0 0.0 0.0 1.0 0.0 0.0 25.0 0.0
3907.00999206553 0.0 0.0 0.0 1.0 0.0 0.0 25.0 0.0
3908.0144753741665 0.0 0.0 0.0 1.0 0.0 0.0 25.0 0.0
3909.0377211814616 0.0 0.0 0.0 1.0 0.0 0.0 25.0 0.0
3910.010385546326 0.0 0.0 0.0 1.0 0.0 0.0 25.0 0.0
3911.0010902177264 0.0 0.0 0.0 1.0 0.0 0.0 25.0 0.0
3912.029849100487 0.0 0.0 0.0 1.0 0.0 0.0 25.0 0.0
3913.020933845353 0.0 0.0 0.0 1.0 0.0 0.0 25.0 0.0
3914.024680869152 0.0 0.0 0.0 1.0 0.0 0.0 25.0 0.0
3915.009153228422 0.0 0.0 0.0 1.0 0.0 0.0 25.0 0.0
3916.0000729409558 0.0 0.0 0.0 1.0 0.0 0.0 25.0 0.0
3917.0117902623033 0.0 0.0 0.0 1.0 0.0 0.0 25.0 0.0
3918.007922021607 0.0 0.0 0.0 1.0 0.0 0.0 25.0 0.0
3919.014787584669 0.0 0.0 0.0 1.0 0.0 0.0 25.0 0.0
3920.01565828657 0.0 0.0 0.0 1.0 0.0 0.0 25.0 0.0
3921.0003507325464 0.0 0.0 0.0 1.0 0.0 0.0 25.0 0.0
3922.0137811836657 0.0 0.0 0.0 1.0 0.0 0.0 25.0 0.0
3923.0170008018745 0.0 0.0 0.0 1.0 0.0 0.0 25.0 0.0
3924.031742197913 0.0 0.0 0.0 1.0 0.0 0.0 25.0 0.0
3925.038106426306 0.0 0.0 0.0 1.0 0.0 0.0 25.0 0.0
3926.018456480889 0.0 0.0 0.0 1.0 0.0 0.0 25.0 0.0
3927.0002662681195 0.0 0.0 0.0 1.0 0.0 0.0 25.0 0.0
3928.026128305977 0.0 0.0 0.0 1.0 0.0 0.0 25.0 0.0
3929.054402963221 0.0 0.0 0.0 1.0 0.0 0.0 25.0 0.0
3930.0735003203426 0.0 0.0 0.0 1.0 0.0 0.0 25.0 0.0
3931.0212876211413 0.0 0.0 0.0 1.0 0.0 0.0 25.0 0.0
3932.012913028024 0.0 0.0 0.0 1.0 0.0 0.0 25.0 0.0
3933.083871673641 0.0 0.0 0.0 1.0 0.0 0.0 25.0 0.0
3934.0083529526964 0.0 0.0 0.0 1.0 0.0 0.0 25.0 0.0
3935.0063713436493 0.0 0.0 0.0 1.0 0.0 0.0 25.0 0.0
3936.0056883664156 0.0 0.0 0.0 1.0 0.0 0.0 25.0 0.0
3937.0296743240638 0.0 0.0 0.0 1.0 0.0 0.0 25.0 0.0
3938.0325828763066 0.0 0.0 0.0 1.0 0.0 0.0 25.0 0.0
3939.0157067523164 0.0 0.0 0.0 1.0 0.0 0.0 25.0 0.0
3940.0227435919282 0.0 0.0 0.0 1.0 0.0 0.0 25.0 0.0
3941.032621046418 0.0 0.0 0.0 1.0 0.0 0.0 25.0 0.0
3942.0121982439196 0.0 0.0 0.0 1.0 0.0 0.0 25.0 0.0
3943.015862003253 0.0 0.0 0.0 1.0 0.0 0.0 25.0 0.0
3944.013077015304 0.0 0.0 0.0 1.0 0.0 0.0 25.0 0.0
3945.0109458119655 0.0 0.0 0.0 1.0 0.0 0.0 25.0 0.0
3946.0092572988938 0.0 0.0 0.0 1.0 0.0 0.0 25.0 0.0
3947.060893786367 0.0 0.0 0.0 1.0 0.0 0.0 25.0 0.0
3948.021179417041 0.0 0.0 0.0 1.0 0.0 0.0 25.0 0.0
3949.01863809771 0.0 0.0 0.0 1.0 0.0 0.0 25.0 0.0
3950.0180993376853 0.0 0.0 0.0 1.0 0.0 0.0 25.0 0.0
3951.018786949868 0.0 0.0 0.0 1.0 0.0 0.0 25.0 0.0
3952.0083657495634 0.0 0.0 0.0 1.0 0.0 0.0 25.0 0.0
3953.0002440402986 0.0 0.0 0.0 1.0 0.0 0.0 25.0 0.0
3954.0789552359374 0.0 0.0 0.0 1.0 0.0 0.0 25.0 0.0
3955.0039936179674 0.0 0.0 0.0 1.0 0.0 0.0 25.0 0.0
3956.0737657640657 0.0 0.0 0.0 1.0 0.0 0.0 25.0 0.0
3957.064551084248 0.0 0.0 0.0 1.0 0.0 0.0 25.0 0.0
3958.017820515431 0.0 0.0 0.0 1.0 0.0 0.0 25.0 0.0
3959.0112286535405 0.0 0.0 0.0 1.0 0.0 0.0 25.0 0.0
3960.0145669566514 0.0 0.0 0.0 1.0 0.0 0.0 25.0 0.0
3961.062944729342 0.0 0.0 0.0 1.0 0.0 0.0 25.0 0.0
3962.0183779910026 0.0 0.0 0.0 1.0 0.0 0.0 25.0 0.0
3963.018081628935 0.0 0.0 0.0 1.0 0.0 0.0 25.0 0.0
3964.0657928190753 0.0 0.0 0.0 1.0 0.0 0.0 25.0 0.0
3965.100259271983 0.0 0.0 0.0 1.0 0.0 0.0 25.0 0.0
3966.0485610661694 0.0 0.0 0.0 1.0 0.0 0.0 25.0 0.0
3967.003589201446 0.0 0.0 0.0 1.0 0.0 0.0 25.0 0.0
3968.0620082932815 0.0 0.0 0.0 1.0 0.0 0.0 25.0 0.0
3969.006528482678 0.0 0.0 0.0 1.0 0.0 0.0 25.0 0.0
3970.0293823552315 0.0 0.0 0.0 1.0 0.0 0.0 25.0 0.0
3971.0264700405805 0.0 0.0 0.0 1.0 0.0 0.0 25.0 0.0
3972.047124371507 0.0 0.0 0.0 1.0 0.0 0.0 25.0 0.0
3973.013651798485 0.0 0.0 0.0 1.0 0.0 0.0 25.0 0.0
3974.0232916503815 0.0 0.0 0.0 1.0 0.0 0.0 25.0 0.0
3975.0115048239895 0.0 0.0 0.0 1.0 0.0 0.0 25.0 0.0
3976.075078337061 0.0 0.0 0.0 1.0 0.0 0.0 25.0 0.0
3977.0388729829588 0.0 0.0 0.0 1.0 0.0 0.0 25.0 0.0
3978.0372915677885 0.0 0.0 0.0 1.0 0.0 0.0 25.0 0.0
3979.0086629724688 0.0 0.0 0.0 1.0 0.0 0.0 25.0 0.0
3980.0097444910075 0.0 0.0 0.0 1.0 0.0 0.0 25.0 0.0
3981.0139763084812 0.0 0.0 0.0 1.0 0.0 0.0 25.0 0.0
3982.029398041006 0.0 0.0 0.0 1.0 0.0 0.0 25.0 0.0
3983.0639035723048 0.0 0.0 0.0 1.0 0.0 0.0 25.0 0.0
3984.013086883478 0.0 0.0 0.0 1.0 0.0 0.0 25.0 0.0
3985.003109648686 0.0 0.0 0.0 1.0 0.0 0.0 25.0 0.0
3986.014474071717 0.0 0.0 0.0 1.0 0.0 0.0 25.0 0.0
3987.013668112124 0.0 0.0 0.0 1.0 0.0 0.0 25.0 0.0
3988.0274281565034 0.0 0.0 0.0 1.0 0.0 0.0 25.0 0.0
3989.0466387802426 0.0 0.0 0.0 1.0 0.0 0.0 25.0 0.0
3990.0020862671886 0.0 0.0 0.0 1.0 0.0 0.0 25.0 0.0
3991.025730363904 0.0 0.0 0.0 1.0 0.0 0.0 25.0 0.0
3992.1059958343953 0.0 0.0 0.0 1.0 0.0 0.0 25.0 0.0
3993.0108200603313 0.0 0.0 0.0 1.0 0.0 0.0 25.0 0.0
3994.0009680145154 0.0 0.0 0.0 1.0 0.0 0.0 25.0 0.0
3995.0239237098585 0.0 0.0 0.0 1.0 0.0 0.0 25.0 0.0
3996.051832811414 0.0 0.0 0.0 1.0 0.0 0.0 25.0 0.0
3997.0215156879594 0.0 0.0 0.0 1.0 0.0 0.0 25.0 0.0
3998.0093500990733 0.0 0.0 0.0 1.0 0.0 0.0 25.0 0.0
3999.053327274477 0.0 0.0 0.0 1.0 0.0 0.0 25.0 0.0
4000.0680670263805 0.0 0.0 0.0 1.0 0.0 0.0 25.0 0.0
4001.001773665654 0.0 0.0 0.0 1.0 0.0 0.0 25.0 0.0
4002.0011275875695 0.0 0.0 0.0 1.0 0.0 0.0 25.0 0.0
4003.00223464752 0.0 0.0 0.0 1.0 0.0 0.0 25.0 0.0
4004.0264474832547 0.0 0.0 0.0 1.0 0.0 0.0 25.0 0.0
4005.0973129465833 0.0 0.0 0.0 1.0 0.0 0.0 25.0 0.0
4006.026571326478 0.0 0.0 0.0 1.0 0.0 0.0 25.0 0.0
4007.0229483284647 0.0 0.0 0.0 1.0 0.0 0.0 25.0 0.0
4008.0242695208053 0.0 0.0 0.0 1.0 0.0 0.0 25.0 0.0
4009.020792153743 0.0 0.0 0.0 1.0 0.0 0.0 25.0 0.0
4010.009454860449 0.0 0.0 0.0 1.0 0.0 0.0 25.0 0.0
4011.0023858826485 0.0 0.0 0.0 1.0 0.0 0.0 25.0 0.0
4012.002578220126 0.0 0.0 0.0 1.0 0.0 0.0 25.0 0.0
4013.0149256353284 0.0 0.0 0.0 1.0 0.0 0.0 25.0 0.0
4014.1059958343953 0.0 0.0 0.0 1.0 0.0 0.0 25.0 0.0
4015.04775522681 0.0 0.0 0.0 1.0 0.0 0.0 25.0 0.0
4016.0349438300536 0.0 0.0 0.0 1.0 0.0 0.0 25.0 0.0
4017.0141188393673 0.0 0.0 0.0 1.0 0.0 0.0 25.0 0.0
4018.0009054149828 0.0 0.0 0.0 1.0 0.0 0.0 25.0 0.0
4019.064519939287 0.0 0.0 0.0 1.0 0.0 0.0 25.0 0.0
4020.0154513254315 0.0 0.0 0.0 1.0 0.0 0.0 25.0 0.0
4021.063162516704 0.0 0.0 0.0 1.0 0.0 0.0 25.0 0.0
4022.0204442674776 0.0 0.0 0.0 1.0 0.0 0.0 25.0 0.0
4023.006108438408 0.0 0.0 0.0 1.0 0.0 0.0 25.0 0.0
4024.0025990525937 0.0 0.0 0.0 1.0 0.0 0.0 25.0 0.0
4025.057566642082 0.0 0.0 0.0 1.0 0.0 0.0 25.0 0.0
4026.0680600441738 0.0 0.0 0.0 1.0 0.0 0.0 25.0 0.0
4027.0660738989595 0.0 0.0 0.0 1.0 0.0 0.0 25.0 0.0
4028.001907230081 0.0 0.0 0.0 1.0 0.0 0.0 25.0 0.0
4029.006791057419 0.0 0.0 0.0 1.0 0.0 0.0 25.0 0.0
4030.049125599863 0.0 0.0 0.0 1.0 0.0 0.0 25.0 0.0
4031.017207504483 0.0 0.0 0.0 1.0 0.0 0.0 25.0 0.0
4032.0027549541196 0.0 0.0 0.0 1.0 0.0 0.0 25.0 0.0
4033.0116881092217 0.0 0.0 0.0 1.0 0.0 0.0 25.0 0.0
4034.004113090499 0.0 0.0 0.0 1.0 0.0 0.0 25.0 0.0
4035.0114469927144 0.0 0.0 0.0 1.0 0.0 0.0 25.0 0.0
4036.0322581969094 0.0 0.0 0.0 1.0 0.0 0.0 25.0 0.0
4037.038513311126 0.0 0.0 0.0 1.0 0.0 0.0 25.0 0.0
4038.0091478851773 0.0 0.0 0.0 1.0 0.0 0.0 25.0 0.0
4039.059173844477 0.0 0.0 0.0 1.0 0.0 0.0 25.0 0.0
4040.015821270238 0.0 0.0 0.0 1.0 0.0 0.0 25.0 0.0
4041.0269726025294 0.0 0.0 0.0 1.0 0.0 0.0 25.0 0.0
4042.023589067056 0.0 0.0 0.0 1.0 0.0 0.0 25.0 0.0
4043.0272309270977 0.0 0.0 0.0 1.0 0.0 0.0 25.0 0.0
4044.000303780531 0.0 0.0 0.0 1.0 0.0 0.0 25.0 0.0
4045.013944563699 0.0 0.0 0.0 1.0 0.0 0.0 25.0 0.0
4046.004154948402 0.0 0.0 0.0 1.0 0.0 0.0 25.0 0.0
4047.0162859963893 0.0 0.0 0.0 1.0 0.0 0.0 25.0 0.0
4048.0003433675547 0.0 0.0 0.0 1.0 0.0 0.0 25.0 0.0
4049.015923282685 0.0 0.0 0.0 1.0 0.0 0.0 25.0 0.0
4050.024643365001 0.0 0.0 0.0 1.0 0.0 0.0 25.0 0.0
4051.0380190023707 0.0 0.0 0.0 1.0 0.0 0.0 25.0 0.0
4052.0121418264657 0.0 0.0 0.0 1.0 0.0 0.0 25.0 0.0
4053.0066743092043 0.0 0.0 0.0 1.0 0.0 0.0 25.0 0.0
4054.013939056838 0.0 0.0 0.0 1.0 0.0 0.0 25.0 0.0
4055.0972156595694 0.0 0.0 0.0 1.0 0.0 0.0 25.0 0.0
4056.018308533449 0.0 0.0 0.0 1.0 0.0 0.0 25.0 0.0
4057.0105263803525 0.0 0.0 0.0 1.0 0.0 0.0 25.0 0.0
4058.032240105741 0.0 0.0 0.0 1.0 0.0 0.0 25.0 0.0
4059.079383719724 0.0 0.0 0.0 1.0 0.0 0.0 25.0 0.0
4060.0165392463723 0.0 0.0 0.0 1.0 0.0 0.0 25.0 0.0
4061.007470046657 0.0 0.0 0.0 1.0 0.0 0.0 25.0 0.0
4062.0354847018834 0.0 0.0 0.0 1.0 0.0 0.0 25.0 0.0
4063.014273667886 0.0 0.0 0.0 1.0 0.0 0.0 25.0 0.0
4064.0005331931898 0.0 0.0 0.0 1.0 0.0 0.0 25.0 0.0
4065.0719115728634 0.0 0.0 0.0 1.0 0.0 0.0 25.0 0.0
4066.042324628319 0.0 0.0 0.0 1.0 0.0 0.0 25.0 0.0
4067.1059958343953 0.0 0.0 0.0 1.0 0.0 0.0 25.0 0.0
4068.0387839914188 0.0 0.0 0.0 1.0 0.0 0.0 25.0 0.0
4069.070752466947 0.0 0.0 0.0 1.0 0.0 0.0 25.0 0.0
4070.0430954651742 0.0 0.0 0.0 1.0 0.0 0.0 25.0 0.0
4071.0213732855686 0.0 0.0 0.0 1.0 0.0 0.0 25.0 0.0
4072.002096056597 0.0 0.0 0.0 1.0 0.0 0.0 25.0 0.0
4073.081219462809 0.0 0.0 0.0 1.0 0.0 0.0 25.0 0.0
4074.0525025203956 0.0 0.0 0.0 1.0 0.0 0.0 25.0 0.0
4075.0149701284813 0.0 0.0 0.0 1.0 0.0 0.0 25.0 0.0
4076.0681386699534 0.0 0.0 0.0 1.0 0.0 0.0 25.0 0.0
4077.0224968855687 0.0 0.0 0.0 1.0 0.0 0.0 25.0 0.0
4078.019700433732 0.0 0.0 0.0 1.0 0.0 0.0 25.0 0.0
4079.003653442766 0.0 0.0 0.0 1.0 0.0 0.0 25.0 0.0
4080.028340886214 0.0 0.0 0.0 1.0 0.0 0.0 25.0 0.0
4081.000558666646 0.0 0.0 0.0 1.0 0.0 0.0 25.0 0.0
4082.0141896325135 0.0 0.0 0.0 1.0 0.0 0.0 25.0 0.0
4083.0037470637753 0.0 0.0 0.0 1.0 0.0 0.0 25.0 0.0
4084.0283887047144 0.0 0.0 0.0 1.0 0.0 0.0 25.0 0.0
4085.006372638653 0.0 0.0 0.0 1.0 0.0 0.0 25.0 0.0
4086.026077361578 0.0 0.0 0.0 1.0 0.0 0.0 25.0 0.0
4087.076580440293 0.0 0.0 0.0 1.0 0.0 0.0 25.0 0.0
4088.0158402626953 0.0 0.0 0.0 1.0 0.0 0.0 25.0 0.0
4089.0174335592933 0.0 0.0 0.0 1.0 0.0 0.0 25.0 0.0
4090.0361097823425 0.0 0.0 0.0 1.0 0.0 0.0 25.0 0.0
4091.0017695264037 0.0 0.0 0.0 1.0 0.0 0.0 25.0 0.0
4092.0461867212507 0.0 0.0 0.0 1.0 0.0 0.0 25.0 0.0
4093.0925149861946 0.0 0.0 0.0 1.0 0.0 0.0 25.0 0.0
4094.010277351384 0.0 0.0 0.0 1.0 0.0 0.0 25.0 0.0
4095.052983835737 0.0 0.0 0.0 1.0 0.0 0.0 25.0 0.0
4096.025022138541 0.0 0.0 0.0 1.0 0.0 0.0 25.0 0.0
4097.003226203566 0.0 0.0 0.0 1.0 0.0 0.0 25.0 0.0
4098.0363686961355 0.0 0.0 0.0 1.0 0.0 0.0 25.0 0.0
4099.0019250498535 0.0 0.0 0.0 1.0 0.0 0.0 25.0 0.0
4100.021943018969 0.0 0.0 0.0 1.0 0.0 0.0 25.0 0.0
4101.041659520339 0.0 0.0 0.0 1.0 0.0 0.0 25.0 0.0
4102.000945247688 0.0 0.0 0.0 1.0 0.0 0.0 25.0 0.0
4103.003610028366 0.0 0.0 0.0 1.0 0.0 0.0 25.0 0.0
4104.0255836050155 0.0 0.0 0.0 1.0 0.0 0.0 25.0 0.0
4105.002569768048 0.0 0.0 0.0 1.0 0.0 0.0 25.0 0.0
4106.105995834396 0.0 0.0 0.0 1.0 0.0 0.0 25.0 0.0
4107.023321744782 0.0 0.0 0.0 1.0 0.0 0.0 25.0 0.0
4108.048470522745 0.0 0.0 0.0 1.0 0.0 0.0 25.0 0.0
4109.069283477692 0.0 0.0 0.0 1.0 0.0 0.0 25.0 0.0
4110.009664872334 0.0 0.0 0.0 1.0 0.0 0.0 25.0 0.0
4111.043864354398 0.0 0.0 0.0 1.0 0.0 0.0 25.0 0.0
4112.004736013979 0.0 0.0 0.0 1.0 0.0 0.0 25.0 0.0
4113.026553721649 0.0 0.0 0.0 1.0 0.0 0.0 25.0 0.0
4114.025914863847 0.0 0.0 0.0 1.0 0.0 0.0 25.0 0.0
4115.010195278045 0.0 0.0 0.0 1.0 0.0 0.0 25.0 0.0
4116.016281500842 0.0 0.0 0.0 1.0 0.0 0.0 25.0 0.0
4117.014922868609 0.0 0.0 0.0 1.0 0.0 0.0 25.0 0.0
4118.039393574512 0.0 0.0 0.0 1.0 0.0 0.0 25.0 0.0
4119.032717669491 0.0 0.0 0.0 1.0 0.0 0.0 25.0 0.0
4120.00956993805 0.0 0.0 0.0 1.0 0.0 0.0 25.0 0.0
4121.017757181547 0.0 0.0 0.0 1.0 0.0 0.0 25.0 0.0
4122.078576651973 0.0 0.0 0.0 1.0 0.0 0.0 25.0 0.0
4123.006526267228 0.0 0.0 0.0 1.0 0.0 0.0 25.0 0.0
4124.000714465225 0.0 0.0 0.0 1.0 0.0 0.0 25.0 0.0
4125.027532632457 0.0 0.0 0.0 1.0 0.0 0.0 25.0 0.0
4126.018884980085 0.0 0.0 0.0 1.0 0.0 0.0 25.0 0.0
4127.0081415118 0.0 0.0 0.0 1.0 0.0 0.0 25.0 0.0
4128.046398507469 0.0 0.0 0.0 1.0 0.0 0.0 25.0 0.0
4129.033783261234 0.0 0.0 0.0 1.0 0.0 0.0 25.0 0.0
4130.0284322664365 0.0 0.0 0.0 1.0 0.0 0.0 25.0 0.0
4131.000041529292 0.0 0.0 0.0 1.0 0.0 0.0 25.0 0.0
4132.003962758131 0.0 0.0 0.0 1.0 0.0 0.0 25.0 0.0
4133.008359561893 0.0 0.0 0.0 1.0 0.0 0.0 25.0 0.0
4134.00718197827 0.0 0.0 0.0 1.0 0.0 0.0 25.0 0.0
4135.091321958655 0.0 0.0 0.0 1.0 0.0 0.0 25.0 0.0
4136.000089883628 0.0 0.0 0.0 1.0 0.0 0.0 25.0 0.0
4137.042836325117 0.0 0.0 0.0 1.0 0.0 0.0 25.0 0.0
4138.007417631871 0.0 0.0 0.0 1.0 0.0 0.0 25.0 0.0
4139.007531268036 0.0 0.0 0.0 1.0 0.0 0.0 25.0 0.0
4140.041673491981 0.0 0.0 0.0 1.0 0.0 0.0 25.0 0.0
4141.015323635024 0.0 0.0 0.0 1.0 0.0 0.0 25.0 0.0
4142.015061545144 0.0 0.0 0.0 1.0 0.0 0.0 25.0 0.0
4143.0536857366815 0.0 0.0 0.0 1.0 0.0 0.0 25.0 0.0
4144.089348025141 0.0 0.0 0.0 1.0 0.0 0.0 25.0 0.0
4145.0014355937 0.0 0.0 0.0 1.0 0.0 0.0 25.0 0.0
4146.0170306668915 0.0 0.0 0.0 1.0 0.0 0.0 25.0 0.0
4147.0224067924855 0.0 0.0 0.0 1.0 0.0 0.0 25.0 0.0
4148.013481495242 0.0 0.0 0.0 1.0 0.0 0.0 25.0 0.0
4149.001305733687 0.0 0.0 0.0 1.0 0.0 0.0 25.0 0.0
4150.036217505857 0.0 0.0 0.0 1.0 0.0 0.0 25.0 0.0
4151.0088452117825 0.0 0.0 0.0 1.0 0.0 0.0 25.0 0.0
4152.0453749314 0.0 0.0 0.0 1.0 0.0 0.0 25.0 0.0
4153.010959311577 0.0 0.0 0.0 1.0 0.0 0.0 25.0 0.0
4154.004737372608 0.0 0.0 0.0 1.0 0.0 0.0 25.0 0.0
4155.000972746582 0.0 0.0 0.0 1.0 0.0 0.0 25.0 0.0
4156.0366189900515 0.0 0.0 0.0 1.0 0.0 0.0 25.0 0.0
4157.008517396331 0.0 0.0 0.0 1.0 0.0 0.0 25.0 0.0
4158.004205287436 0.0 0.0 0.0 1.0 0.0 0.0 25.0 0.0
4159.010872204523 0.0 0.0 0.0 1.0 0.0 0.0 25.0 0.0
4160.001672988018 0.0 0.0 0.0 1.0 0.0 0.0 25.0 0.0
4161.048307518022 0.0 0.0 0.0 1.0 0.0 0.0 25.0 0.0
4162.030852697841 0.0 0.0 0.0 1.0 0.0 0.0 25.0 0.0
4163.037127939137 0.0 0.0 0.0 1.0 0.0 0.0 25.0 0.0
4164.016165683927 0.0 0.0 0.0 1.0 0.0 0.0 25.0 0.0
4165.016402571175 0.0 0.0 0.0 1.0 0.0 0.0 25.0 0.0
4166.049284500514 0.0 0.0 0.0 1.0 0.0 0.0 25.0 0.0
4167.003690618919 0.0 0.0 0.0 1.0 0.0 0.0 25.0 0.0
4168.102304606198 0.0 0.0 0.0 1.0 0.0 0.0 25.0 0.0
4169.058314764138 0.0 0.0 0.0 1.0 0.0 0.0 25.0 0.0
4170.009778425231 0.0 0.0 0.0 1.0 0.0 0.0 25.0 0.0
4171.055337042115 0.0 0.0 0.0 1.0 0.0 0.0 25.0 0.0
4172.021117416031 0.0 0.0 0.0 1.0 0.0 0.0 25.0 0.0
4173.018778948721 0.0 0.0 0.0 1.0 0.0 0.0 25.0 0.0
4174.027816453662 0.0 0.0 0.0 1.0 0.0 0.0 25.0 0.0
4175.0372233130765 0.0 0.0 0.0 1.0 0.0 0.0 25.0 0.0
4176.011727078892 0.0 0.0 0.0 1.0 0.0 0.0 25.0 0.0
4177.098578898839 0.0 0.0 0.0 1.0 0.0 0.0 25.0 0.0
4178.006578802277 0.0 0.0 0.0 1.0 0.0 0.0 25.0 0.0
4179.000520519809 0.0 0.0 0.0 1.0 0.0 0.0 25.0 0.0
4180.014078825863 0.0 0.0 0.0 1.0 0.0 0.0 25.0 0.0
4181.02731863354 0.0 0.0 0.0 1.0 0.0 0.0 25.0 0.0
4182.001707171603 0.0 0.0 0.0 1.0 0.0 0.0 25.0 0.0
4183.007669737948 0.0 0.0 0.0 1.0 0.0 0.0 25.0 0.0
4184.003497678536 0.0 0.0 0.0 1.0 0.0 0.0 25.0 0.0
4185.026734425854 0.0 0.0 0.0 1.0 0.0 0.0 25.0 0.0
4186.065427398618 0.0 0.0 0.0 1.0 0.0 0.0 25.0 0.0
4187.0161801382355 0.0 0.0 0.0 1.0 0.0 0.0 25.0 0.0
4188.017309703 0.0 0.0 0.0 1.0 0.0 0.0 25.0 0.0
4189.0110843937255 0.0 0.0 0.0 1.0 0.0 0.0 25.0 0.0
4190.002819499372 0.0 0.0 0.0 1.0 0.0 0.0 25.0 0.0
4191.105995834396 0.0 0.0 0.0 1.0 0.0 0.0 25.0 0.0
4192.002565852535 0.0 0.0 0.0 1.0 0.0 0.0 25.0 0.0
4193.023862607595 0.0 0.0 0.0 1.0 0.0 0.0 25.0 0.0
4194.042026270382 0.0 0.0 0.0 1.0 0.0 0.0 25.0 0.0
4195.04666428933 0.0 0.0 0.0 1.0 0.0 0.0 25.0 0.0
4196.011369017494 0.0 0.0 0.0 1.0 0.0 0.0 25.0 0.0
4197.056904973046 0.0 0.0 0.0 1.0 0.0 0.0 25.0 0.0
4198.045512211595 0.0 0.0 0.0 1.0 0.0 0.0 25.0 0.0
4199.015864446117 0.0 0.0 0.0 1.0 0.0 0.0 25.0 0.0
4200.006511472602 0.0 0.0 0.0 1.0 0.0 0.0 25.0 0.0
4201.033629340596 0.0 0.0 0.0 1.0 0.0 0.0 25.0 0.0
4202.024768686346 0.0 0.0 0.0 1.0 0.0 0.0 25.0 0.0
4203.036375420299 0.0 0.0 0.0 1.0 0.0 0.0 25.0 0.0
4204.0335023861535 0.0 0.0 0.0 1.0 0.0 0.0 25.0 0.0
4205.01290030908 0.0 0.0 0.0 1.0 0.0 0.0 25.0 0.0
4206.072860958185 0.0 0.0 0.0 1.0 0.0 0.0 25.0 0.0
4207.016814543586 0.0 0.0 0.0 1.0 0.0 0.0 25.0 0.0
4208.002539178571 0.0 0.0 0.0 1.0 0.0 0.0 25.0 0.0
4209.025099702868 0.0 0.0 0.0 1.0 0.0 0.0 25.0 0.0
4210.096436178459 0.0 0.0 0.0 1.0 0.0 0.0 25.0 0.0
4211.032057651843 0.0 0.0 0.0 1.0 0.0 0.0 25.0 0.0
4212.053620504107 0.0 0.0 0.0 1.0 0.0 0.0 25.0 0.0
4213.010430079166 0.0 0.0 0.0 1.0 0.0 0.0 25.0 0.0
4214.03080187023 0.0 0.0 0.0 1.0 0.0 0.0 25.0 0.0
4215.0254652621 0.0 0.0 0.0 1.0 0.0 0.0 25.0 0.0
4216.027107200035 0.0 0.0 0.0 1.0 0.0 0.0 25.0 0.0
4217.007840341375 0.0 0.0 0.0 1.0 0.0 0.0 25.0 0.0
4218.0010359818125 0.0 0.0 0.0 1.0 0.0 0.0 25.0 0.0
4219.016679179997 0.0 0.0 0.0 1.0 0.0 0.0 25.0 0.0
4220.04032399291 0.0 0.0 0.0 1.0 0.0 0.0 25.0 0.0
4221.028756507215 0.0 0.0 0.0 1.0 0.0 0.0 25.0 0.0
4222.016864444188 0.0 0.0 0.0 1.0 0.0 0.0 25.0 0.0
4223.01791163519 0.0 0.0 0.0 1.0 0.0 0.0 25.0 0.0
4224.105995834396 0.0 0.0 0.0 1.0 0.0 0.0 25.0 0.0
4225.01515542307 0.0 0.0 0.0 1.0 0.0 0.0 25.0 0.0
4226.043699126258 0.0 0.0 0.0 1.0 0.0 0.0 25.0 0.0
4227.105995834396 0.0 0.0 0.0 1.0 0.0 0.0 25.0 0.0
4228.0533515457255 0.0 0.0 0.0 1.0 0.0 0.0 25.0 0.0
4229.105995834396 0.0 0.0 0.0 1.0 0.0 0.0 25.0 0.0
4230.007197690557 0.0 0.0 0.0 1.0 0.0 0.0 25.0 0.0
4231.046312097712 0.0 0.0 0.0 1.0 0.0 0.0 25.0 0.0
4232.026316010617 0.0 0.0 0.0 1.0 0.0 0.0 25.0 0.0
4233.086411879007 0.0 0.0 0.0 1.0 0.0 0.0 25.0 0.0
4234.038370357742 0.0 0.0 0.0 1.0 0.0 0.0 25.0 0.0
4235.010213454689 0.0 0.0 0.0 1.0 0.0 0.0 25.0 0.0
4236.018704455224 0.0 0.0 0.0 1.0 0.0 0.0 25.0 0.0
4237.061948841882 0.0 0.0 0.0 1.0 0.0 0.0 25.0 0.0
4238.034683704179 0.0 0.0 0.0 1.0 0.0 0.0 25.0 0.0
4239.008748454168 0.0 0.0 0.0 1.0 0.0 0.0 25.0 0.0
4240.013794896547 0.0 0.0 0.0 1.0 0.0 0.0 25.0 0.0
4241.079141989923 0.0 0.0 0.0 1.0 0.0 0.0 25.0 0.0
4242.005439318512 0.0 0.0 0.0 1.0 0.0 0.0 25.0 0.0
4243.0053608632825 0.0 0.0 0.0 1.0 0.0 0.0 25.0 0.0
4244.00655940971 0.0 0.0 0.0 1.0 0.0 0.0 25.0 0.0
4245.010365090085 0.0 0.0 0.0 1.0 0.0 0.0 25.0 0.0
4246.00533211165 0.0 0.0 0.0 1.0 0.0 0.0 25.0 0.0
4247.022636881106 0.0 0.0 0.0 1.0 0.0 0.0 25.0 0.0
4248.061544216279 0.0 0.0 0.0 1.0 0.0 0.0 25.0 0.0
4249.008168492274 0.0 0.0 0.0 1.0 0.0 0.0 25.0 0.0
4250.035999129467 0.0 0.0 0.0 1.0 0.0 0.0 25.0 0.0
4251.003472413333 0.0 0.0 0.0 1.0 0.0 0.0 25.0 0.0
4252.078617470069 0.0 0.0 0.0 1.0 0.0 0.0 25.0 0.0
4253.105995834396 0.0 0.0 0.0 1.0 0.0 0.0 25.0 0.0
4254.001808368313 0.0 0.0 0.0 1.0 0.0 0.0 25.0 0.0
4255.0812521029575 0.0 0.0 0.0 1.0 0.0 0.0 25.0 0.0
4256.078592410581 0.0 0.0 0.0 1.0 0.0 0.0 25.0 0.0
4257.026933912519 0.0 0.0 0.0 1.0 0.0 0.0 25.0 0.0
4258.036878681013 0.0 0.0 0.0 1.0 0.0 0.0 25.0 0.0
4259.040286140582 0.0 0.0 0.0 1.0 0.0 0.0 25.0 0.0
4260.036370911342 0.0 0.0 0.0 1.0 0.0 0.0 25.0 0.0
4261.037032256922 0.0 0.0 0.0 1.0 0.0 0.0 25.0 0.0
4262.030098195695 0.0 0.0 0.0 1.0 0.0 0.0 25.0 0.0
4263.004631466359 0.0 0.0 0.0 1.0 0.0 0.0 25.0 0.0
4264.0033447999485 0.0 0.0 0.0 1.0 0.0 0.0 25.0 0.0
4265.044220846503 0.0 0.0 0.0 1.0 0.0 0.0 25.0 0.0
4266.026370031286 0.0 0.0 0.0 1.0 0.0 0.0 25.0 0.0
4267.00213402452 0.0 0.0 0.0 1.0 0.0 0.0 25.0 0.0
4268.004596190709 0.0 0.0 0.0 1.0 0.0 0.0 25.0 0.0
4269.006424386009 0.0 0.0 0.0 1.0 0.0 0.0 25.0 0.0
4270.022755560156 0.0 0.0 0.0 1.0 0.0 0.0 25.0 0.0
4271.016219568878 0.0 0.0 0.0 1.0 0.0 0.0 25.0 0.0
4272.001694952688 0.0 0.0 0.0 1.0 0.0 0.0 25.0 0.0
4273.032931312197 0.0 0.0 0.0 1.0 0.0 0.0 25.0 0.0
4274.068972267444 0.0 0.0 0.0 1.0 0.0 0.0 25.0 0.0
4275.0374241713625 0.0 0.0 0.0 1.0 0.0 0.0 25.0 0.0
4276.019244322715 0.0 0.0 0.0 1.0 0.0 0.0 25.0 0.0
4277.010503971736 0.0 0.0 0.0 1.0 0.0 0.0 25.0 0.0
4278.021729601411 0.0 0.0 0.0 1.0 0.0 0.0 25.0 0.0
4279.000608470094 0.0 0.0 0.0 1.0 0.0 0.0 25.0 0.0
4280.038279262648 0.0 0.0 0.0 1.0 0.0 0.0 25.0 0.0
4281.02657206703 0.0 0.0 0.0 1.0 0.0 0.0 25.0 0.0
4282.055149565787 0.0 0.0 0.0 1.0 0.0 0.0 25.0 0.0
4283.026276735088 0.0 0.0 0.0 1.0 0.0 0.0 25.0 0.0
4284.001912719472 0.0 0.0 0.0 1.0 0.0 0.0 25.0 0.0
4285.0553590063055 0.0 0.0 0.0 1.0 0.0 0.0 25.0 0.0
4286.012864444024 0.0 0.0 0.0 1.0 0.0 0.0 25.0 0.0
4287.05179806182 0.0 0.0 0.0 1.0 0.0 0.0 25.0 0.0
4288.002658008248 0.0 0.0 0.0 1.0 0.0 0.0 25.0 0.0
4289.018678465214 0.0 0.0 0.0 1.0 0.0 0.0 25.0 0.0
4290.021332207364 0.0 0.0 0.0 1.0 0.0 0.0 25.0 0.0
4291.004076200164 0.0 0.0 0.0 1.0 0.0 0.0 25.0 0.0
4292.059176450715 0.0 0.0 0.0 1.0 0.0 0.0 25.0 0.0
4293.032440758592 0.0 0.0 0.0 1.0 0.0 0.0 25.0 0.0
4294.044643688416 0.0 0.0 0.0 1.0 0.0 0.0 25.0 0.0
4295.009964009795 0.0 0.0 0.0 1.0 0.0 0.0 25.0 0.0
4296.021516894428 0.0 0.0 0.0 1.0 0.0 0.0 25.0 0.0
4297.027230940193 0.0 0.0 0.0 1.0 0.0 0.0 25.0 0.0
4298.024653865202 0.0 0.0 0.0 1.0 0.0 0.0 25.0 0.0
4299.03640421412 0.0 0.0 0.0 1.0 0.0 0.0 25.0 0.0
4300.0020298254785 0.0 0.0 0.0 1.0 0.0 0.0 25.0 0.0
4301.0047031129625 0.0 0.0 0.0 1.0 0.0 0.0 25.0 0.0
4302.0151018650695 0.0 0.0 0.0 1.0 0.0 0.0 25.0 0.0
4303.003134806922 0.0 0.0 0.0 1.0 0.0 0.0 25.0 0.0
4304.053478188293 0.0 0.0 0.0 1.0 0.0 0.0 25.0 0.0
4305.001883013307 0.0 0.0 0.0 1.0 0.0 0.0 25.0 0.0
4306.055026282958 0.0 0.0 0.0 1.0 0.0 0.0 25.0 0.0
4307.020442315116 0.0 0.0 0.0 1.0 0.0 0.0 25.0 0.0
4308.006849594567 0.0 0.0 0.0 1.0 0.0 0.0 25.0 0.0
4309.027533826969 0.0 0.0 0.0 1.0 0.0 0.0 25.0 0.0
4310.013052637775 0.0 0.0 0.0 1.0 0.0 0.0 25.0 0.0
4311.011826604683 0.0 0.0 0.0 1.0 0.0 0.0 25.0 0.0
4312.045208384562 0.0 0.0 0.0 1.0 0.0 0.0 25.0 0.0
4313.012391935262 0.0 0.0 0.0 1.0 0.0 0.0 25.0 0.0
4314.036922847399 0.0 0.0 0.0 1.0 0.0 0.0 25.0 0.0
4315.002497557772 0.0 0.0 0.0 1.0 0.0 0.0 25.0 0.0
4316.001488999032 0.0 0.0 0.0 1.0 0.0 0.0 25.0 0.0
4317.035585024444 0.0 0.0 0.0 1.0 0.0 0.0 25.0 0.0
4318.030353658063 0.0 0.0 0.0 1.0 0.0 0.0 25.0 0.0
4319.01749162019 0.0 0.0 0.0 1.0 0.0 0.0 25.0 0.0
4320.014920906175 0.0 0.0 0.0 1.0 0.0 0.0 25.0 0.0
4321.049852460936 0.0 0.0 0.0 1.0 0.0 0.0 25.0 0.0
4322.02046630344 0.0 0.0 0.0 1.0 0.0 0.0 25.0 0.0
4323.024657162972 0.0 0.0 0.0 1.0 0.0 0.0 25.0 0.0
4324.010843873499 0.0 0.0 0.0 1.0 0.0 0.0 25.0 0.0
4325.004517885 0.0 0.0 0.0 1.0 0.0 0.0 25.0 0.0
4326.015820057383 0.0 0.0 0.0 1.0 0.0 0.0 25.0 0.0
4327.0875567176645 0.0 0.0 0.0 1.0 0.0 0.0 25.0 0.0
4328.030438788852 0.0 0.0 0.0 1.0 0.0 0.0 25.0 0.0
4329.015919491412 0.0 0.0 0.0 1.0 0.0 0.0 25.0 0.0
4330.008124295669 0.0 0.0 0.0 1.0 0.0 0.0 25.0 0.0
4331.105995834396 0.0 0.0 0.0 1.0 0.0 0.0 25.0 0.0
4332.014738281868 0.0 0.0 0.0 1.0 0.0 0.0 25.0 0.0
4333.1004951238465 0.0 0.0 0.0 1.0 0.0 0.0 25.0 0.0
4334.0301853526 0.0 0.0 0.0 1.0 0.0 0.0 25.0 0.0
4335.006072895754 0.0 0.0 0.0 1.0 0.0 0.0 25.0 0.0
4336.0066454711505 0.0 0.0 0.0 1.0 0.0 0.0 25.0 0.0
4337.01332927899 0.0 0.0 0.0 1.0 0.0 0.0 25.0 0.0
4338.000842679428 0.0 0.0 0.0 1.0 0.0 0.0 25.0 0.0
4339.028445161414 0.0 0.0 0.0 1.0 0.0 0.0 25.0 0.0
4340.001834209635 0.0 0.0 0.0 1.0 0.0 0.0 25.0 0.0
4341.015820996797 0.0 0.0 0.0 1.0 0.0 0.0 25.0 0.0
4342.019397723763 0.0 0.0 0.0 1.0 0.0 0.0 25.0 0.0
4343.012509325275 0.0 0.0 0.0 1.0 0.0 0.0 25.0 0.0
4344.028296163109 0.0 0.0 0.0 1.0 0.0 0.0 25.0 0.0
4345.007408662073 0.0 0.0 0.0 1.0 0.0 0.0 25.0 0.0
4346.09192808487 0.0 0.0 0.0 1.0 0.0 0.0 25.0 0.0
4347.003123738001 0.0 0.0 0.0 1.0 0.0 0.0 25.0 0.0
4348.001849708718 0.0 0.0 0.0 1.0 0.0 0.0 25.0 0.0
4349.019716127819 0.0 0.0 0.0 1.0 0.0 0.0 25.0 0.0
4350.003272155426 0.0 0.0 0.0 1.0 0.0 0.0 25.0 0.0
4351.002916734288 0.0 0.0 0.0 1.0 0.0 0.0 25.0 0.0
4352.003632976143 0.0 0.0 0.0 1.0 0.0 0.0 25.0 0.0
4353.022395247349 0.0 0.0 0.0 1.0 0.0 0.0 25.0 0.0
4354.037957313404 0.0 0.0 0.0 1.0 0.0 0.0 25.0 0.0
4355.044304829263 0.0 0.0 0.0 1.0 0.0 0.0 25.0 0.0
4356.014506899871 0.0 0.0 0.0 1.0 0.0 0.0 25.0 0.0
4357.044477904284 0.0 0.0 0.0 1.0 0.0 0.0 25.0 0.0
4358.002600201231 0.0 0.0 0.0 1.0 0.0 0.0 25.0 0.0
4359.004808274525 0.0 0.0 0.0 1.0 0.0 0.0 25.0 0.0
4360.000584385548 0.0 0.0 0.0 1.0 0.0 0.0 25.0 0.0
4361.022548450536 0.0 0.0 0.0 1.0 0.0 0.0 25.0 0.0
4362.105995834396 0.0 0.0 0.0 1.0 0.0 0.0 25.0 0.0
4363.011415904959 0.0 0.0 0.0 1.0 0.0 0.0 25.0 0.0
4364.018964979297 0.0 0.0 0.0 1.0 0.0 0.0 25.0 0.0
4365.051071809377 0.0 0.0 0.0 1.0 0.0 0.0 25.0 0.0
4366.006514322614 0.0 0.0 0.0 1.0 0.0 0.0 25.0 0.0
4367.040959820513 0.0 0.0 0.0 1.0 0.0 0.0 25.0 0.0
4368.014067427753 0.0 0.0 0.0 1.0 0.0 0.0 25.0 0.0
4369.023455938669 0.0 0.0 0.0 1.0 0.0 0.0 25.0 0.0
4370.006951513865 0.0 0.0 0.0 1.0 0.0 0.0 25.0 0.0
4371.012058056734 0.0 0.0 0.0 1.0 0.0 0.0 25.0 0.0
4372.003020157167 0.0 0.0 0.0 1.0 0.0 0.0 25.0 0.0
4373.0305454177405 0.0 0.0 0.0 1.0 0.0 0.0 25.0 0.0
4374.105995834396 0.0 0.0 0.0 1.0 0.0 0.0 25.0 0.0
4375.063200972324 0.0 0.0 0.0 1.0 0.0 0.0 25.0 0.0
4376.012926229238 0.0 0.0 0.0 1.0 0.0 0.0 25.0 0.0
4377.014194469131 0.0 0.0 0.0 1.0 0.0 0.0 25.0 0.0
4378.019287852483 0.0 0.0 0.0 1.0 0.0 0.0 25.0 0.0
4379.019046496385 0.0 0.0 0.0 1.0 0.0 0.0 25.0 0.0
4380.011281641894 0.0 0.0 0.0 1.0 0.0 0.0 25.0 0.0
4381.012619384523 0.0 0.0 0.0 1.0 0.0 0.0 25.0 0.0
4382.000094486848 0.0 0.0 0.0 1.0 0.0 0.0 25.0 0.0
4383.006630497468 0.0 0.0 0.0 1.0 0.0 0.0 25.0 0.0
4384.010830332459 0.0 0.0 0.0 1.0 0.0 0.0 25.0 0.0
4385.043545523069 0.0 0.0 0.0 1.0 0.0 0.0 25.0 0.0
4386.07412265646 0.0 0.0 0.0 1.0 0.0 0.0 25.0 0.0
4387.045702786894 0.0 0.0 0.0 1.0 0.0 0.0 25.0 0.0
4388.003669038535 0.0 0.0 0.0 1.0 0.0 0.0 25.0 0.0
4389.010442983513 0.0 0.0 0.0 1.0 0.0 0.0 25.0 0.0
4390.001463579906 0.0 0.0 0.0 1.0 0.0 0.0 25.0 0.0
4391.045773376455 0.0 0.0 0.0 1.0 0.0 0.0 25.0 0.0
4392.077020846623 0.0 0.0 0.0 1.0 0.0 0.0 25.0 0.0
4393.007100141514 0.0 0.0 0.0 1.0 0.0 0.0 25.0 0.0
4394.004284063373 0.0 0.0 0.0 1.0 0.0 0.0 25.0 0.0
4395.076670940597 0.0 0.0 0.0 1.0 0.0 0.0 25.0 0.0
4396.0182113281435 0.0 0.0 0.0 1.0 0.0 0.0 25.0 0.0
4397.006719562216 0.0 0.0 0.0 1.0 0.0 0.0 25.0 0.0
4398.020021837394 0.0 0.0 0.0 1.0 0.0 0.0 25.0 0.0
4399.002279295599 0.0 0.0 0.0 1.0 0.0 0.0 25.0 0.0
4400.020986505416 0.0 0.0 0.0 1.0 0.0 0.0 25.0 0.0
4401.044897052372 0.0 0.0 0.0 1.0 0.0 0.0 25.0 0.0
4402.010932124458 0.0 0.0 0.0 1.0 0.0 0.0 25.0 0.0
4403.025239506144 0.0 0.0 0.0 1.0 0.0 0.0 25.0 0.0
4404.066344300127 0.0 0.0 0.0 1.0 0.0 0.0 25.0 0.0
4405.0175275773845 0.0 0.0 0.0 1.0 0.0 0.0 25.0 0.0
4406.0007743251945 0.0 0.0 0.0 1.0 0.0 0.0 25.0 0.0
4407.054788600516 0.0 0.0 0.0 1.0 0.0 0.0 25.0 0.0
4408.001426293438 0.0 0.0 0.0 1.0 0.0 0.0 25.0 0.0
4409.063721094433 0.0 0.0 0.0 1.0 0.0 0.0 25.0 0.0
4410.027757954637 0.0 0.0 0.0 1.0 0.0 0.0 25.0 0.0
4411.07267416794 0.0 0.0 0.0 1.0 0.0 0.0 25.0 0.0
4412.105995834396 0.0 0.0 0.0 1.0 0.0 0.0 25.0 0.0
4413.007015479567 0.0 0.0 0.0 1.0 0.0 0.0 25.0 0.0
4414.030379235677 0.0 0.0 0.0 1.0 0.0 0.0 25.0 0.0
4415.0058405137615 0.0 0.0 0.0 1.0 0.0 0.0 25.0 0.0
4416.105995834396 0.0 0.0 0.0 1.0 0.0 0.0 25.0 0.0
4417.103162808728 0.0 0.0 0.0 1.0 0.0 0.0 25.0 0.0
4418.0146771048 0.0 0.0 0.0 1.0 0.0 0.0 25.0 0.0
4419.050514034793 0.0 0.0 0.0 1.0 0.0 0.0 25.0 0.0
4420.046913669946 0.0 0.0 0.0 1.0 0.0 0.0 25.0 0.0
4421.005941919218 0.0 0.0 0.0 1.0 0.0 0.0 25.0 0.0
4422.0102713140805 0.0 0.0 0.0 1.0 0.0 0.0 25.0 0.0
4423.051716595809 0.0 0.0 0.0 1.0 0.0 0.0 25.0 0.0
4424.072179081999 0.0 0.0 0.0 1.0 0.0 0.0 25.0 0.0
4425.105995834396 0.0 0.0 0.0 1.0 0.0 0.0 25.0 0.0
4426.080352502348 0.0 0.0 0.0 1.0 0.0 0.0 25.0 0.0
4427.003324903069 0.0 0.0 0.0 1.0 0.0 0.0 25.0 0.0
4428.016289542371 0.0 0.0 0.0 1.0 0.0 0.0 25.0 0.0
4429.020426692274 0.0 0.0 0.0 1.0 0.0 0.0 25.0 0.0
4430.026133896539 0.0 0.0 0.0 1.0 0.0 0.0 25.0 0.0
4431.046466026521 0.0 0.0 0.0 1.0 0.0 0.0 25.0 0.0
4432.057275403081 0.0 0.0 0.0 1.0 0.0 0.0 25.0 0.0
4433.045042496584 0.0 0.0 0.0 1.0 0.0 0.0 25.0 0.0
4434.040892230404 0.0 0.0 0.0 1.0 0.0 0.0 25.0 0.0
4435.003812620256 0.0 0.0 0.0 1.0 0.0 0.0 25.0 0.0
4436.0014239917755 0.0 0.0 0.0 1.0 0.0 0.0 25.0 0.0
4437.003565238696 0.0 0.0 0.0 1.0 0.0 0.0 25.0 0.0
4438.015357274187 0.0 0.0 0.0 1.0 0.0 0.0 25.0 0.0
4439.028711773711 0.0 0.0 0.0 1.0 0.0 0.0 25.0 0.0
4440.004879764318 0.0 0.0 0.0 1.0 0.0 0.0 25.0 0.0
4441.007711317698 0.0 0.0 0.0 1.0 0.0 0.0 25.0 0.0
4442.061235574271 0.0 0.0 0.0 1.0 0.0 0.0 25.0 0.0
4443.0781265804735 0.0 0.0 0.0 1.0 0.0 0.0 25.0 0.0
4444.105995834396 0.0 0.0 0.0 1.0 0.0 0.0 25.0 0.0
4445.017502239608 0.0 0.0 0.0 1.0 0.0 0.0 25.0 0.0
4446.092292706782 0.0 0.0 0.0 1.0 0.0 0.0 25.0 0.0
4447.010111617663 0.0 0.0 0.0 1.0 0.0 0.0 25.0 0.0
4448.000384534356 0.0 0.0 0.0 1.0 0.0 0.0 25.0 0.0
4449.060877044541 0.0 0.0 0.0 1.0 0.0 0.0 25.0 0.0
4450.042893507097 0.0 0.0 0.0 1.0 0.0 0.0 25.0 0.0
4451.048144009842 0.0 0.0 0.0 1.0 0.0 0.0 25.0 0.0
4452.105995834396 0.0 0.0 0.0 1.0 0.0 0.0 25.0 0.0
4453.071749156331 0.0 0.0 0.0 1.0 0.0 0.0 25.0 0.0
4454.060532547891 0.0 0.0 0.0 1.0 0.0 0.0 25.0 0.0
4455.03465789752 0.0 0.0 0.0 1.0 0.0 0.0 25.0 0.0
4456.0493215165 0.0 0.0 0.0 1.0 0.0 0.0 25.0 0.0
4457.022923729587 0.0 0.0 0.0 1.0 0.0 0.0 25.0 0.0
4458.0225709848855 0.0 0.0 0.0 1.0 0.0 0.0 25.0 0.0
4459.004981176554 0.0 0.0 0.0 1.0 0.0 0.0 25.0 0.0
4460.049167617593 0.0 0.0 0.0 1.0 0.0 0.0 25.0 0.0
4461.018042955612 0.0 0.0 0.0 1.0 0.0 0.0 25.0 0.0
4462.019691202814 0.0 0.0 0.0 1.0 0.0 0.0 25.0 0.0
4463.047395562982 0.0 0.0 0.0 1.0 0.0 0.0 25.0 0.0
4464.002384020511 0.0 0.0 0.0 1.0 0.0 0.0 25.0 0.0
4465.018033656014 0.0 0.0 0.0 1.0 0.0 0.0 25.0 0.0
4466.0762729446915 0.0 0.0 0.0 1.0 0.0 0.0 25.0 0.0
4467.032798923618 0.0 0.0 0.0 1.0 0.0 0.0 25.0 0.0
4468.009668070624 0.0 0.0 0.0 1.0 0.0 0.0 25.0 0.0
4469.055251227459 0.0 0.0 0.0 1.0 0.0 0.0 25.0 0.0
4470.018317396993 0.0 0.0 0.0 1.0 0.0 0.0 25.0 0.0
4471.056472055627 0.0 0.0 0.0 1.0 0.0 0.0 25.0 0.0
4472.01231763211 0.0 0.0 0.0 1.0 0.0 0.0 25.0 0.0
4473.008318965428 0.0 0.0 0.0 1.0 0.0 0.0 25.0 0.0
4474.0156808757665 0.0 0.0 0.0 1.0 0.0 0.0 25.0 0.0
4475.014576905971 0.0 0.0 0.0 1.0 0.0 0.0 25.0 0.0
4476.002584407885 0.0 0.0 0.0 1.0 0.0 0.0 25.0 0.0
4477.02757905305 0.0 0.0 0.0 1.0 0.0 0.0 25.0 0.0
4478.033895015898 0.0 0.0 0.0 1.0 0.0 0.0 25.0 0.0
4479.031351342935 0.0 0.0 0.0 1.0 0.0 0.0 25.0 0.0
4480.018010259444 0.0 0.0 0.0 1.0 0.0 0.0 25.0 0.0
4481.007238062706 0.0 0.0 0.0 1.0 0.0 0.0 25.0 0.0
4482.010909357489 0.0 0.0 0.0 1.0 0.0 0.0 25.0 0.0
4483.016848466248 0.0 0.0 0.0 1.0 0.0 0.0 25.0 0.0
4484.0132330671995 0.0 0.0 0.0 1.0 0.0 0.0 25.0 0.0
4485.061353253042 0.0 0.0 0.0 1.0 0.0 0.0 25.0 0.0
4486.0791534630325 0.0 0.0 0.0 1.0 0.0 0.0 25.0 0.0
4487.076758409282 0.0 0.0 0.0 1.0 0.0 0.0 25.0 0.0
4488.001621371507 0.0 0.0 0.0 1.0 0.0 0.0 25.0 0.0
4489.008061220298 0.0 0.0 0.0 1.0 0.0 0.0 25.0 0.0
4490.085791081819 0.0 0.0 0.0 1.0 0.0 0.0 25.0 0.0
4491.049112818757 0.0 0.0 0.0 1.0 0.0 0.0 25.0 0.0
4492.029459281292 0.0 0.0 0.0 1.0 0.0 0.0 25.0 0.0
4493.080482782828 0.0 0.0 0.0 1.0 0.0 0.0 25.0 0.0
4494.010663143899 0.0 0.0 0.0 1.0 0.0 0.0 25.0 0.0
4495.008176026221 0.0 0.0 0.0 1.0 0.0 0.0 25.0 0.0
4496.007311381831 0.0 0.0 0.0 1.0 0.0 0.0 25.0 0.0
4497.038303818082 0.0 0.0 0.0 1.0 0.0 0.0 25.0 0.0
4498.001284696214 0.0 0.0 0.0 1.0 0.0 0.0 25.0 0.0
4499.007166805238 0.0 0.0 0.0 1.0 0.0 0.0 25.0 0.0
4500.006721848168 0.0 0.0 0.0 1.0 0.0 0.0 25.0 0.0
4501.034953680517 0.0 0.0 0.0 1.0 0.0 0.0 25.0 0.0
4502.017544803068 0.0 0.0 0.0 1.0 0.0 0.0 25.0 0.0
4503.005232371192 0.0 0.0 0.0 1.0 0.0 0.0 25.0 0.0
4504.03138976271 0.0 0.0 0.0 1.0 0.0 0.0 25.0 0.0
4505.043023978263 0.0 0.0 0.0 1.0 0.0 0.0 25.0 0.0
4506.000287914087 0.0 0.0 0.0 1.0 0.0 0.0 25.0 0.0
4507.040834345055 0.0 0.0 0.0 1.0 0.0 0.0 25.0 0.0
4508.055567485231 0.0 0.0 0.0 1.0 0.0 0.0 25.0 0.0
4509.006360910205 0.0 0.0 0.0 1.0 0.0 0.0 25.0 0.0
4510.105995834396 0.0 0.0 0.0 1.0 0.0 0.0 25.0 0.0
4511.010214985335 0.0 0.0 0.0 1.0 0.0 0.0 25.0 0.0
4512.008403955059 0.0 0.0 0.0 1.0 0.0 0.0 25.0 0.0
4513.00046190121 0.0 0.0 0.0 1.0 0.0 0.0 25.0 0.0
4514.105995834396 0.0 0.0 0.0 1.0 0.0 0.0 25.0 0.0
4515.059174573557 0.0 0.0 0.0 1.0 0.0 0.0 25.0 0.0
4516.055306825269 0.0 0.0 0.0 1.0 0.0 0.0 25.0 0.0
4517.014806403493 0.0 0.0 0.0 1.0 0.0 0.0 25.0 0.0
4518.01666302137 0.0 0.0 0.0 1.0 0.0 0.0 25.0 0.0
4519.019721522773 0.0 0.0 0.0 1.0 0.0 0.0 25.0 0.0
4520.010972425821 0.0 0.0 0.0 1.0 0.0 0.0 25.0 0.0
4521.025210246925 0.0 0.0 0.0 1.0 0.0 0.0 25.0 0.0
4522.01715172328 0.0 0.0 0.0 1.0 0.0 0.0 25.0 0.0
4523.014462207129 0.0 0.0 0.0 1.0 0.0 0.0 25.0 0.0
4524.038881657962 0.0 0.0 0.0 1.0 0.0 0.0 25.0 0.0
4525.001845927148 0.0 0.0 0.0 1.0 0.0 0.0 25.0 0.0
4526.027664485971 0.0 0.0 0.0 1.0 0.0 0.0 25.0 0.0
4527.013168532836 0.0 0.0 0.0 1.0 0.0 0.0 25.0 0.0
4528.045990188504 0.0 0.0 0.0 1.0 0.0 0.0 25.0 0.0
4529.03035360102 0.0 0.0 0.0 1.0 0.0 0.0 25.0 0.0
4530.027492715388 0.0 0.0 0.0 1.0 0.0 0.0 25.0 0.0
4531.006864489862 0.0 0.0 0.0 1.0 0.0 0.0 25.0 0.0
4532.010190773118 0.0 0.0 0.0 1.0 0.0 0.0 25.0 0.0
4533.054965632836 0.0 0.0 0.0 1.0 0.0 0.0 25.0 0.0
4534.003056284131 0.0 0.0 0.0 1.0 0.0 0.0 25.0 0.0
4535.002700026655 0.0 0.0 0.0 1.0 0.0 0.0 25.0 0.0
4536.001154445693 0.0 0.0 0.0 1.0 0.0 0.0 25.0 0.0
4537.0899864411795 0.0 0.0 0.0 1.0 0.0 0.0 25.0 0.0
4538.031088241463 0.0 0.0 0.0 1.0 0.0 0.0 25.0 0.0
4539.0379871399155 0.0 0.0 0.0 1.0 0.0 0.0 25.0 0.0
4540.004863649332 0.0 0.0 0.0 1.0 0.0 0.0 25.0 0.0
4541.0789307101495 0.0 0.0 0.0 1.0 0.0 0.0 25.0 0.0
4542.005874283959 0.0 0.0 0.0 1.0 0.0 0.0 25.0 0.0
4543.006929418373 0.0 0.0 0.0 1.0 0.0 0.0 25.0 0.0
4544.02455960451 0.0 0.0 0.0 1.0 0.0 0.0 25.0 0.0
4545.036965033209 0.0 0.0 0.0 1.0 0.0 0.0 25.0 0.0
4546.068817964035 0.0 0.0 0.0 1.0 0.0 0.0 25.0 0.0
4547.0081181163 0.0 0.0 0.0 1.0 0.0 0.0 25.0 0.0
4548.034535476162 0.0 0.0 0.0 1.0 0.0 0.0 25.0 0.0
4549.037511170953 0.0 0.0 0.0 1.0 0.0 0.0 25.0 0.0
4550.005627440304 0.0 0.0 0.0 1.0 0.0 0.0 25.0 0.0
4551.084040479845 0.0 0.0 0.0 1.0 0.0 0.0 25.0 0.0
4552.026892823756 0.0 0.0 0.0 1.0 0.0 0.0 25.0 0.0
4553.007945584737 0.0 0.0 0.0 1.0 0.0 0.0 25.0 0.0
4554.032010912294 0.0 0.0 0.0 1.0 0.0 0.0 25.0 0.0
4555.026374186072 0.0 0.0 0.0 1.0 0.0 0.0 25.0 0.0
4556.027664228543 0.0 0.0 0.0 1.0 0.0 0.0 25.0 0.0
4557.023304262542 0.0 0.0 0.0 1.0 0.0 0.0 25.0 0.0
4558.000166580514 0.0 0.0 0.0 1.0 0.0 0.0 25.0 0.0
4559.0193659264005 0.0 0.0 0.0 1.0 0.0 0.0 25.0 0.0
4560.026520486947 0.0 0.0 0.0 1.0 0.0 0.0 25.0 0.0
4561.005976707697 0.0 0.0 0.0 1.0 0.0 0.0 25.0 0.0
4562.054285732655 0.0 0.0 0.0 1.0 0.0 0.0 25.0 0.0
4563.01733152446 0.0 0.0 0.0 1.0 0.0 0.0 25.0 0.0
4564.00236214444 0.0 0.0 0.0 1.0 0.0 0.0 25.0 0.0
4565.014382306149 0.0 0.0 0.0 1.0 0.0 0.0 25.0 0.0
4566.005809282847 0.0 0.0 0.0 1.0 0.0 0.0 25.0 0.0
4567.105995834396 0.0 0.0 0.0 1.0 0.0 0.0 25.0 0.0
4568.012475860656 0.0 0.0 0.0 1.0 0.0 0.0 25.0 0.0
4569.0068011679505 0.0 0.0 0.0 1.0 0.0 0.0 25.0 0.0
4570.004521348362 0.0 0.0 0.0 1.0 0.0 0.0 25.0 0.0
4571.014881293475 0.0 0.0 0.0 1.0 0.0 0.0 25.0 0.0
4572.029646847209 0.0 0.0 0.0 1.0 0.0 0.0 25.0 0.0
4573.0272256311155 0.0 0.0 0.0 1.0 0.0 0.0 25.0 0.0
4574.005423111153 0.0 0.0 0.0 1.0 0.0 0.0 25.0 0.0
4575.0363174552485 0.0 0.0 0.0 1.0 0.0 0.0 25.0 0.0
4576.00480742003 0.0 0.0 0.0 1.0 0.0 0.0 25.0 0.0
4577.012219506135 0.0 0.0 0.0 1.0 0.0 0.0 25.0 0.0
4578.002281245549 0.0 0.0 0.0 1.0 0.0 0.0 25.0 0.0
4579.035265828263 0.0 0.0 0.0 1.0 0.0 0.0 25.0 0.0
4580.016374016749 0.0 0.0 0.0 1.0 0.0 0.0 25.0 0.0
4581.074504727698 0.0 0.0 0.0 1.0 0.0 0.0 25.0 0.0
4582.060523436602 0.0 0.0 0.0 1.0 0.0 0.0 25.0 0.0
4583.028109069399 0.0 0.0 0.0 1.0 0.0 0.0 25.0 0.0
4584.042039196086 0.0 0.0 0.0 1.0 0.0 0.0 25.0 0.0
4585.02982593286 0.0 0.0 0.0 1.0 0.0 0.0 25.0 0.0
4586.005855056425 0.0 0.0 0.0 1.0 0.0 0.0 25.0 0.0
4587.044978955918 0.0 0.0 0.0 1.0 0.0 0.0 25.0 0.0
4588.00082037073 0.0 0.0 0.0 1.0 0.0 0.0 25.0 0.0
4589.028452124929 0.0 0.0 0.0 1.0 0.0 0.0 25.0 0.0
4590.008004693894 0.0 0.0 0.0 1.0 0.0 0.0 25.0 0.0
4591.0045153907295 0.0 0.0 0.0 1.0 0.0 0.0 25.0 0.0
4592.041905857245 0.0 0.0 0.0 1.0 0.0 0.0 25.0 0.0
4593.015879366856 0.0 0.0 0.0 1.0 0.0 0.0 25.0 0.0
4594.02386312886 0.0 0.0 0.0 1.0 0.0 0.0 25.0 0.0
4595.03357264312 0.0 0.0 0.0 1.0 0.0 0.0 25.0 0.0
4596.018799995344 0.0 0.0 0.0 1.0 0.0 0.0 25.0 0.0
4597.024072817182 0.0 0.0 0.0 1.0 0.0 0.0 25.0 0.0
4598.014721207026 0.0 0.0 0.0 1.0 0.0 0.0 25.0 0.0
4599.000325337093 0.0 0.0 0.0 1.0 0.0 0.0 25.0 0.0
4600.0724409190025 0.0 0.0 0.0 1.0 0.0 0.0 25.0 0.0
#####################################################################
# End of data export. Simulation finished at: 2026-05-19T10:45+0000 #
#####################################################################
