#####################################################################
# Alchemist log file - simulation started at: 2026-01-25T11:07+0000 #
#####################################################################
#
# seed = 106.0, connection_range_percentage = 0.3, variability = 4.0, history_length = 1200
#
# The columns have the following meaning: 
# time wandering[mean] defending[mean] solving[mean] wait[mean] attacked[max] alarm[max] historySize[mean] disagreementRate 
0.0 NaN NaN NaN NaN 0.0 0.0 NaN 0.0
0.0 0.0 0.0 0.0 1.0 0.0 0.0 2.0 0.0
1.0024895653202814 0.0 0.0 0.0 1.0 0.0 0.0 2.3 0.0
2.006048360698558 0.0 0.0 0.0 1.0 0.0 0.0 2.975 0.0
3.006048360698558 0.0 0.0 0.0 1.0 0.0 0.0 3.0 0.0
4.006048360698558 0.0 0.0 0.0 1.0 0.0 0.0 3.0 0.0
5.006048360698558 0.0 0.0 0.0 1.0 0.0 0.0 3.0 0.0
6.006048360698558 0.0 0.0 0.0 1.0 0.0 0.0 3.0 0.0
7.006048360698558 0.0 0.0 0.0 1.0 0.0 0.0 3.0 0.0
8.004401496756765 0.0 0.0 0.0 1.0 0.0 0.0 3.0 0.0
9.006048360698557 0.0 0.0 0.0 1.0 0.0 0.0 3.0 0.0
10.006048360698557 0.0 0.0 0.0 1.0 0.0 0.0 3.0 0.0
11.006048360698557 0.0 0.0 0.0 1.0 0.0 0.0 3.0 0.0
12.006048360698557 0.0 0.0 0.0 1.0 0.0 0.0 3.0 0.0
13.006048360698557 0.0 0.0 0.0 1.0 0.0 0.0 3.0 0.0
14.006048360698557 0.0 0.0 0.0 1.0 0.0 0.0 3.0 0.0
15.001948988912 0.0 0.0 0.0 1.0 0.0 0.0 3.0 0.0
16.006048360698557 0.0 0.0 0.0 1.0 0.0 0.0 3.0 0.0
17.006048360698557 0.0 0.0 0.0 1.0 0.0 0.0 3.0 0.0
18.006048360698557 0.0 0.0 0.0 1.0 0.0 0.0 3.0 0.0
19.006048360698557 0.0 0.0 0.0 1.0 0.0 0.0 3.0 0.0
20.000149750076805 0.0 0.0 0.0 1.0 0.0 0.0 3.0 0.0
21.006048360698557 0.0 0.0 0.0 1.0 0.0 0.0 3.0 0.0
22.006048360698557 0.0 0.0 0.0 1.0 0.0 0.0 3.0 0.0
23.006048360698557 0.0 0.0 0.0 1.0 0.0 0.0 3.0 0.0
24.006048360698557 0.0 0.0 0.0 1.0 0.0 0.0 3.0 0.0
25.006048360698557 0.0 0.0 0.0 1.0 0.0 0.0 3.0 0.0
26.006048360698557 0.0 0.0 0.0 1.0 0.0 0.0 3.0 0.0
27.006048360698557 0.0 0.0 0.0 1.0 0.0 0.0 3.0 0.0
28.001734532227303 0.0 0.0 0.0 1.0 0.0 0.0 3.0 0.0
29.006048360698557 0.0 0.0 0.0 1.0 0.0 0.0 3.0 0.0
30.006048360698557 0.0 0.0 0.0 1.0 0.0 0.0 3.0 0.0
31.003062991505367 0.0 0.0 0.0 1.0 0.0 0.0 3.0 0.0
32.00604836069856 0.0 0.0 0.0 1.0 0.0 0.0 3.0 0.0
33.00604836069856 0.0 0.0 0.0 1.0 0.0 0.0 3.0 0.0
34.002784827233995 0.0 0.0 0.0 1.0 0.0 0.0 3.0 0.0
35.004929431706344 0.0 0.0 0.0 1.0 0.0 0.0 3.0 0.0
36.00069670829448 0.0 0.0 0.0 1.0 0.0 0.0 3.0 0.0
37.00302157908731 0.0 0.0 0.0 1.0 0.0 0.0 3.0 0.0
38.00604836069856 0.0 0.0 0.0 1.0 0.0 0.0 3.0 0.0
39.00325504640098 0.0 0.0 0.0 1.0 0.0 0.0 3.0 0.0
40.004203479587915 0.0 0.0 0.0 1.0 0.0 0.0 3.0 0.0
41.00604836069856 0.0 0.0 0.0 1.0 0.0 0.0 3.0 0.0
42.00604836069856 0.0 0.0 0.0 1.0 0.0 0.0 3.0 0.0
43.00604836069856 0.0 0.0 0.0 1.0 0.0 0.0 3.0 0.0
44.00204456426008 0.0 0.0 0.0 1.0 0.0 0.0 3.0 0.0
45.00604836069856 0.0 0.0 0.0 1.0 0.0 0.0 3.0 0.0
46.00604836069856 0.0 0.0 0.0 1.0 0.0 0.0 3.0 0.0
47.00604836069856 0.0 0.0 0.0 1.0 0.0 0.0 3.0 0.0
48.00604836069856 0.0 0.0 0.0 1.0 0.0 0.0 3.0 0.0
49.003333875620385 0.0 0.0 0.0 1.0 0.0 0.0 3.0 0.0
50.00604836069856 0.0 0.0 0.0 1.0 0.0 0.0 3.0 0.0
51.00604836069856 0.0 0.0 0.0 1.0 0.0 0.0 3.0 0.0
52.00604836069856 0.0 0.0 0.0 1.0 0.0 0.0 3.0 0.0
53.00604836069856 0.0 0.0 0.0 1.0 0.0 0.0 3.0 0.0
54.00604836069856 0.0 0.0 0.0 1.0 0.0 0.0 3.0 0.0
55.00604836069856 0.0 0.0 0.0 1.0 0.0 0.0 3.0 0.0
56.00604836069856 0.0 0.0 0.0 1.0 0.0 0.0 3.0 0.0
57.00604836069856 0.0 0.0 0.0 1.0 0.0 0.0 3.0 0.0
58.00562594959191 0.0 0.0 0.0 1.0 0.0 0.0 3.0 0.0
59.00604836069856 0.0 0.0 0.0 1.0 0.0 0.0 3.0 0.0
60.00604836069856 0.0 0.0 0.0 1.0 0.0 0.0 3.0 0.0
61.00604836069856 0.0 0.0 0.0 1.0 0.0 0.0 3.0 0.0
62.00383622884747 0.0 0.0 0.0 1.0 0.0 0.0 3.0 0.0
63.00604836069856 0.0 0.0 0.0 1.0 0.0 0.0 3.0 0.0
64.00604836069856 0.0 0.0 0.0 1.0 0.0 0.0 3.0 0.0
65.00604836069856 0.0 0.0 0.0 1.0 0.0 0.0 3.0 0.0
66.00604836069856 0.0 0.0 0.0 1.0 0.0 0.0 3.0 0.0
67.00212180354933 0.0 0.0 0.0 1.0 0.0 0.0 3.0 0.0
68.00604836069856 0.0 0.0 0.0 1.0 0.0 0.0 3.0 0.0
69.00604836069856 0.0 0.0 0.0 1.0 0.0 0.0 3.0 0.0
70.00604836069856 0.0 0.0 0.0 1.0 0.0 0.0 3.0 0.0
71.00604836069856 0.0 0.0 0.0 1.0 0.0 0.0 3.0 0.0
72.0032646635972 0.0 0.0 0.0 1.0 0.0 0.0 3.0 0.0
73.00604836069856 0.0 0.0 0.0 1.0 0.0 0.0 3.0 0.0
74.00604836069856 0.0 0.0 0.0 1.0 0.0 0.0 3.0 0.0
75.00604836069856 0.0 0.0 0.0 1.0 0.0 0.0 3.0 0.0
76.00604836069856 0.0 0.0 0.0 1.0 0.0 0.0 3.0 0.0
77.00604836069856 0.0 0.0 0.0 1.0 0.0 0.0 3.0 0.0
78.00604836069856 0.0 0.0 0.0 1.0 0.0 0.0 3.0 0.0
79.00604836069856 0.0 0.0 0.0 1.0 0.0 0.0 3.0 0.0
80.00604836069856 0.0 0.0 0.0 1.0 0.0 0.0 3.0 0.0
81.00265336326865 0.0 0.0 0.0 1.0 0.0 0.0 3.0 0.0
82.00604836069856 0.0 0.0 0.0 1.0 0.0 0.0 3.0 0.0
83.00604836069856 0.0 0.0 0.0 1.0 0.0 0.0 3.0 0.0
84.00604836069856 0.0 0.0 0.0 1.0 0.0 0.0 3.0 0.0
85.00604836069856 0.0 0.0 0.0 1.0 0.0 0.0 3.0 0.0
86.00604836069856 0.0 0.0 0.0 1.0 0.0 0.0 3.0 0.0
87.00197799682738 0.0 0.0 0.0 1.0 0.0 0.0 3.0 0.0
88.00604836069856 0.0 0.0 0.0 1.0 0.0 0.0 3.0 0.0
89.00604836069856 0.0 0.0 0.0 1.0 0.0 0.0 3.0 0.0
90.00604836069856 0.0 0.0 0.0 1.0 0.0 0.0 3.0 0.0
91.00604836069856 0.0 0.0 0.0 1.0 0.0 0.0 3.0 0.0
92.0058503063556 0.0 0.0 0.0 1.0 0.0 0.0 3.0 0.0
93.00604836069856 0.0 0.0 0.0 1.0 0.0 0.0 3.0 0.0
94.00604836069856 0.0 0.0 0.0 1.0 0.0 0.0 3.0 0.0
95.0049162869591 0.0 0.0 0.0 1.0 0.0 0.0 3.0 0.0
96.00604836069856 0.0 0.0 0.0 1.0 0.0 0.0 3.0 0.0
97.00492878000959 0.0 0.0 0.0 1.0 0.0 0.0 3.0 0.0
98.00604836069856 0.0 0.0 0.0 1.0 0.0 0.0 3.0 0.0
99.00604836069856 0.0 0.0 0.0 1.0 0.0 0.0 3.0 0.0
100.00604836069856 0.0 0.0 0.0 1.0 0.0 0.0 3.0 0.0
101.00604836069856 0.0 0.0 0.0 1.0 0.0 0.0 3.0 0.0
102.00604836069856 0.0 0.0 0.0 1.0 0.0 0.0 3.0 0.0
103.00604836069856 0.0 0.0 0.0 1.0 0.0 0.0 3.0 0.0
104.00604836069856 0.0 0.0 0.0 1.0 0.0 0.0 3.0 0.0
105.00604836069856 0.0 0.0 0.0 1.0 0.0 0.0 3.0 0.0
106.00322181611307 0.0 0.0 0.0 1.0 0.0 0.0 3.0 0.0
107.00604836069856 0.0 0.0 0.0 1.0 0.0 0.0 3.0 0.0
108.0023384680697 0.0 0.0 0.0 1.0 0.0 0.0 3.0 0.0
109.00604836069856 0.0 0.0 0.0 1.0 0.0 0.0 3.0 0.0
110.00180874946312 0.0 0.0 0.0 1.0 0.0 0.0 3.0 0.0
111.00604836069856 0.0 0.0 0.0 1.0 0.0 0.0 3.0 0.0
112.00604836069856 0.0 0.0 0.0 1.0 0.0 0.0 3.0 0.0
113.00604836069856 0.0 0.0 0.0 1.0 0.0 0.0 3.0 0.0
114.00604836069856 0.0 0.0 0.0 1.0 0.0 0.0 3.0 0.0
115.00604836069856 0.0 0.0 0.0 1.0 0.0 0.0 3.0 0.0
116.00604836069856 0.0 0.0 0.0 1.0 0.0 0.0 3.0 0.0
117.00604836069856 0.0 0.0 0.0 1.0 0.0 0.0 3.0 0.0
118.00542938817247 0.0 0.0 0.0 1.0 0.0 0.0 3.0 0.0
119.00604836069856 0.0 0.0 0.0 1.0 0.0 0.0 3.0 0.0
120.00604836069856 0.0 0.0 0.0 1.0 0.0 0.0 3.0 0.0
121.00604836069856 0.0 0.0 0.0 1.0 0.0 0.0 3.0 0.0
122.00604836069856 0.0 0.0 0.0 1.0 0.0 0.0 3.0 0.0
123.00604836069856 0.0 0.0 0.0 1.0 0.0 0.0 3.0 0.0
124.00604836069856 0.0 0.0 0.0 1.0 0.0 0.0 3.0 0.0
125.00604836069856 0.0 0.0 0.0 1.0 0.0 0.0 3.0 0.0
126.00604836069856 0.0 0.0 0.0 1.0 0.0 0.0 3.0 0.0
127.00604836069856 0.0 0.0 0.0 1.0 0.0 0.0 3.0 0.0
128.00604836069857 0.0 0.0 0.0 1.0 0.0 0.0 3.0 0.0
129.00604836069857 0.0 0.0 0.0 1.0 0.0 0.0 3.0 0.0
130.00604836069857 0.0 0.0 0.0 1.0 0.0 0.0 3.0 0.0
131.00604836069857 0.0 0.0 0.0 1.0 0.0 0.0 3.0 0.0
132.00604836069857 0.0 0.0 0.0 1.0 0.0 0.0 3.0 0.0
133.00604836069857 0.0 0.0 0.0 1.0 0.0 0.0 3.0 0.0
134.00604836069857 0.0 0.0 0.0 1.0 0.0 0.0 3.0 0.0
135.00604836069857 0.0 0.0 0.0 1.0 0.0 0.0 3.0 0.0
136.00604836069857 0.0 0.0 0.0 1.0 0.0 0.0 3.0 0.0
137.00604836069857 0.0 0.0 0.0 1.0 0.0 0.0 3.0 0.0
138.0045287121194 0.0 0.0 0.0 1.0 0.0 0.0 3.0 0.0
139.00604836069857 0.0 0.0 0.0 1.0 0.0 0.0 3.0 0.0
140.0031517502256 0.0 0.0 0.0 1.0 0.0 0.0 3.0 0.0
141.00604836069857 0.0 0.0 0.0 1.0 0.0 0.0 3.0 0.0
142.00604836069857 0.0 0.0 0.0 1.0 0.0 0.0 3.0 0.0
143.00604836069857 0.0 0.0 0.0 1.0 0.0 0.0 3.0 0.0
144.00123380315748 0.0 0.0 0.0 1.0 0.0 0.0 3.0 0.0
145.00604836069857 0.0 0.0 0.0 1.0 0.0 0.0 3.0 0.0
146.00604836069857 0.0 0.0 0.0 1.0 0.0 0.0 3.0 0.0
147.00604836069857 0.0 0.0 0.0 1.0 0.0 0.0 3.0 0.0
148.00604836069857 0.0 0.0 0.0 1.0 0.0 0.0 3.0 0.0
149.00604836069857 0.0 0.0 0.0 1.0 0.0 0.0 3.0 0.0
150.00604836069857 0.0 0.0 0.0 1.0 0.0 0.0 3.0 0.0
151.00604836069857 0.0 0.0 0.0 1.0 0.0 0.0 3.0 0.0
152.00604836069857 0.0 0.0 0.0 1.0 0.0 0.0 3.0 0.0
153.00604836069857 0.0 0.0 0.0 1.0 0.0 0.0 3.0 0.0
154.00604836069857 0.0 0.0 0.0 1.0 0.0 0.0 3.0 0.0
155.00604836069857 0.0 0.0 0.0 1.0 0.0 0.0 3.0 0.0
156.00535903587604 0.0 0.0 0.0 1.0 0.0 0.0 3.0 0.0
157.00604836069857 0.0 0.0 0.0 1.0 0.0 0.0 3.0 0.0
158.00604836069857 0.0 0.0 0.0 1.0 0.0 0.0 3.0 0.0
159.00604836069857 0.0 0.0 0.0 1.0 0.0 0.0 3.0 0.0
160.00604836069857 0.0 0.0 0.0 1.0 0.0 0.0 3.0 0.0
161.00604836069857 0.0 0.0 0.0 1.0 0.0 0.0 3.0 0.0
162.00604836069857 0.0 0.0 0.0 1.0 0.0 0.0 3.0 0.0
163.00604836069857 0.0 0.0 0.0 1.0 0.0 0.0 3.0 0.0
164.00604836069857 0.0 0.0 0.0 1.0 0.0 0.0 3.0 0.0
165.00604836069857 0.0 0.0 0.0 1.0 0.0 0.0 3.0 0.0
166.00604836069857 0.0 0.0 0.0 1.0 0.0 0.0 3.0 0.0
167.00604836069857 0.0 0.0 0.0 1.0 0.0 0.0 3.0 0.0
168.00604836069857 0.0 0.0 0.0 1.0 0.0 0.0 3.0 0.0
169.00604836069857 0.0 0.0 0.0 1.0 0.0 0.0 3.0 0.0
170.00604836069857 0.0 0.0 0.0 1.0 0.0 0.0 3.0 0.0
171.00525584772862 0.0 0.0 0.0 1.0 0.0 0.0 3.0 0.0
172.00604836069857 0.0 0.0 0.0 1.0 0.0 0.0 3.0 0.0
173.00604836069857 0.0 0.0 0.0 1.0 0.0 0.0 3.0 0.0
174.00287407271156 0.0 0.0 0.0 1.0 0.0 0.0 3.0 0.0
175.00593227939524 0.0 0.0 0.0 1.0 0.0 0.0 3.0 0.0
176.00604836069857 0.0 0.0 0.0 1.0 0.0 0.0 3.0 0.0
177.00604836069857 0.0 0.0 0.0 1.0 0.0 0.0 3.0 0.0
178.00604836069857 0.0 0.0 0.0 1.0 0.0 0.0 3.0 0.0
179.00604836069857 0.0 0.0 0.0 1.0 0.0 0.0 3.0 0.0
180.00604836069857 0.0 0.0 0.0 1.0 0.0 0.0 3.0 0.0
181.00604836069857 0.0 0.0 0.0 1.0 0.0 0.0 3.0 0.0
182.00604836069857 0.0 0.0 0.0 1.0 0.0 0.0 3.0 0.0
183.00604836069857 0.0 0.0 0.0 1.0 0.0 0.0 3.0 0.0
184.00604836069857 0.0 0.0 0.0 1.0 0.0 0.0 3.0 0.0
185.00604836069857 0.0 0.0 0.0 1.0 0.0 0.0 3.0 0.0
186.00604836069857 0.0 0.0 0.0 1.0 0.0 0.0 3.0 0.0
187.00604836069857 0.0 0.0 0.0 1.0 0.0 0.0 3.0 0.0
188.00604836069857 0.0 0.0 0.0 1.0 0.0 0.0 3.0 0.0
189.00604836069857 0.0 0.0 0.0 1.0 0.0 0.0 3.0 0.0
190.00604836069857 0.0 0.0 0.0 1.0 0.0 0.0 3.0 0.0
191.00604836069857 0.0 0.0 0.0 1.0 0.0 0.0 3.0 0.0
192.00604836069857 0.0 0.0 0.0 1.0 0.0 0.0 3.0 0.0
193.00604836069857 0.0 0.0 0.0 1.0 0.0 0.0 3.0 0.0
194.00604836069857 0.0 0.0 0.0 1.0 0.0 0.0 3.0 0.0
195.00604836069857 0.0 0.0 0.0 1.0 0.0 0.0 3.0 0.0
196.00604836069857 0.0 0.0 0.0 1.0 0.0 0.0 3.0 0.0
197.0051856928318 0.0 0.0 0.0 1.0 0.0 0.0 3.0 0.0
198.00604836069857 0.0 0.0 0.0 1.0 0.0 0.0 3.0 0.0
199.00604836069857 0.0 0.0 0.0 1.0 0.0 0.0 3.0 0.0
200.00604836069857 0.0 0.0 0.0 1.0 0.0 0.0 3.0 0.0
201.00604836069857 0.0 0.0 0.0 1.0 0.0 0.0 3.0 0.0
202.00604836069857 0.0 0.0 0.0 1.0 0.0 0.0 3.0 0.0
203.00604836069857 0.0 0.0 0.0 1.0 0.0 0.0 3.0 0.0
204.00604836069857 0.0 0.0 0.0 1.0 0.0 0.0 3.0 0.0
205.00604836069857 0.0 0.0 0.0 1.0 0.0 0.0 3.0 0.0
206.00604836069857 0.0 0.0 0.0 1.0 0.0 0.0 3.0 0.0
207.00604836069857 0.0 0.0 0.0 1.0 0.0 0.0 3.0 0.0
208.00604836069857 0.0 0.0 0.0 1.0 0.0 0.0 3.0 0.0
209.0036693275941 0.0 0.0 0.0 1.0 0.0 0.0 3.0 0.0
210.00037258467867 0.0 0.0 0.0 1.0 0.0 0.0 3.0 0.0
211.00604836069857 0.0 0.0 0.0 1.0 0.0 0.0 3.0 0.0
212.00604836069857 0.0 0.0 0.0 1.0 0.0 0.0 3.0 0.0
213.00604836069857 0.0 0.0 0.0 1.0 0.0 0.0 3.0 0.0
214.00604836069857 0.0 0.0 0.0 1.0 0.0 0.0 3.0 0.0
215.00604836069857 0.0 0.0 0.0 1.0 0.0 0.0 3.0 0.0
216.00604836069857 0.0 0.0 0.0 1.0 0.0 0.0 3.0 0.0
217.00604836069857 0.0 0.0 0.0 1.0 0.0 0.0 3.0 0.0
218.00604836069857 0.0 0.0 0.0 1.0 0.0 0.0 3.0 0.0
219.00604836069857 0.0 0.0 0.0 1.0 0.0 0.0 3.0 0.0
220.00604836069857 0.0 0.0 0.0 1.0 0.0 0.0 3.0 0.0
221.00604836069857 0.0 0.0 0.0 1.0 0.0 0.0 3.0 0.0
222.00604836069857 0.0 0.0 0.0 1.0 0.0 0.0 3.0 0.0
223.00604836069857 0.0 0.0 0.0 1.0 0.0 0.0 3.0 0.0
224.0035905613421 0.0 0.0 0.0 1.0 0.0 0.0 3.0 0.0
225.00604836069857 0.0 0.0 0.0 1.0 0.0 0.0 3.0 0.0
226.00604836069857 0.0 0.0 0.0 1.0 0.0 0.0 3.0 0.0
227.00331418730465 0.0 0.0 0.0 1.0 0.0 0.0 3.0 0.0
228.00604836069857 0.0 0.0 0.0 1.0 0.0 0.0 3.0 0.0
229.00604836069857 0.0 0.0 0.0 1.0 0.0 0.0 3.0 0.0
230.00604836069857 0.0 0.0 0.0 1.0 0.0 0.0 3.0 0.0
231.00071216826606 0.0 0.0 0.0 1.0 0.0 0.0 3.0 0.0
232.00604836069857 0.0 0.0 0.0 1.0 0.0 0.0 3.0 0.0
233.0058920547979 0.0 0.0 0.0 1.0 0.0 0.0 3.0 0.0
234.00604836069857 0.0 0.0 0.0 1.0 0.0 0.0 3.0 0.0
235.00604836069857 0.0 0.0 0.0 1.0 0.0 0.0 3.0 0.0
236.00604836069857 0.0 0.0 0.0 1.0 0.0 0.0 3.0 0.0
237.00569032083965 0.0 0.0 0.0 1.0 0.0 0.0 3.0 0.0
238.0010560348786 0.0 0.0 0.0 1.0 0.0 0.0 3.0 0.0
239.00604836069857 0.0 0.0 0.0 1.0 0.0 0.0 3.0 0.0
240.00604836069857 0.0 0.0 0.0 1.0 0.0 0.0 3.0 0.0
241.00431465096952 0.0 0.0 0.0 1.0 0.0 0.0 3.0 0.0
242.00604836069857 0.0 0.0 0.0 1.0 0.0 0.0 3.0 0.0
243.00604836069857 0.0 0.0 0.0 1.0 0.0 0.0 3.0 0.0
244.00604836069857 0.0 0.0 0.0 1.0 0.0 0.0 3.0 0.0
245.00604836069857 0.0 0.0 0.0 1.0 0.0 0.0 3.0 0.0
246.00604836069857 0.0 0.0 0.0 1.0 0.0 0.0 3.0 0.0
247.00604836069857 0.0 0.0 0.0 1.0 0.0 0.0 3.0 0.0
248.00604836069857 0.0 0.0 0.0 1.0 0.0 0.0 3.0 0.0
249.00604836069857 0.0 0.0 0.0 1.0 0.0 0.0 3.0 0.0
250.00097048864453 0.0 0.0 0.0 1.0 0.0 0.0 3.0 0.0
251.00604836069857 0.0 0.0 0.0 1.0 0.0 0.0 3.0 0.0
252.00138271762972 0.0 0.0 0.0 1.0 0.0 0.0 3.0 0.0
253.00604836069857 0.0 0.0 0.0 1.0 0.0 0.0 3.0 0.0
254.00604836069857 0.0 0.0 0.0 1.0 0.0 0.0 3.0 0.0
255.00604836069857 0.0 0.0 0.0 1.0 0.0 0.0 3.0 0.0
256.00604836069857 0.0 0.0 0.0 1.0 0.0 0.0 3.0 0.0
257.00604836069857 0.0 0.0 0.0 1.0 0.0 0.0 3.0 0.0
258.00604836069857 0.0 0.0 0.0 1.0 0.0 0.0 3.0 0.0
259.00604836069857 0.0 0.0 0.0 1.0 0.0 0.0 3.0 0.0
260.00604836069857 0.0 0.0 0.0 1.0 0.0 0.0 3.0 0.0
261.00604836069857 0.0 0.0 0.0 1.0 0.0 0.0 3.0 0.0
262.00604836069857 0.0 0.0 0.0 1.0 0.0 0.0 3.0 0.0
263.00604836069857 0.0 0.0 0.0 1.0 0.0 0.0 3.0 0.0
264.00604836069857 0.0 0.0 0.0 1.0 0.0 0.0 3.0 0.0
265.00604836069857 0.0 0.0 0.0 1.0 0.0 0.0 3.0 0.0
266.00604836069857 0.0 0.0 0.0 1.0 0.0 0.0 3.0 0.0
267.00604836069857 0.0 0.0 0.0 1.0 0.0 0.0 3.0 0.0
268.002017412464 0.0 0.0 0.0 1.0 0.0 0.0 3.0 0.0
269.00604720441373 0.0 0.0 0.0 1.0 0.0 0.0 3.0 0.0
270.00604836069857 0.0 0.0 0.0 1.0 0.0 0.0 3.0 0.0
271.0052531507383 0.0 0.0 0.0 1.0 0.0 0.0 3.0 0.0
272.00604836069857 0.0 0.0 0.0 1.0 0.0 0.0 3.0 0.0
273.00604836069857 0.0 0.0 0.0 1.0 0.0 0.0 3.0 0.0
274.00604836069857 0.0 0.0 0.0 1.0 0.0 0.0 3.0 0.0
275.00604836069857 0.0 0.0 0.0 1.0 0.0 0.0 3.0 0.0
276.00604836069857 0.0 0.0 0.0 1.0 0.0 0.0 3.0 0.0
277.00604836069857 0.0 0.0 0.0 1.0 0.0 0.0 3.0 0.0
278.0027234557725 0.0 0.0 0.0 1.0 0.0 0.0 3.0 0.0
279.00604836069857 0.0 0.0 0.0 1.0 0.0 0.0 3.0 0.0
280.0014808738851 0.0 0.0 0.0 1.0 0.0 0.0 3.0 0.0
281.00604836069857 0.0 0.0 0.0 1.0 0.0 0.0 3.0 0.0
282.00604836069857 0.0 0.0 0.0 1.0 0.0 0.0 3.0 0.0
283.00604836069857 0.0 0.0 0.0 1.0 0.0 0.0 3.0 0.0
284.00604836069857 0.0 0.0 0.0 1.0 0.0 0.0 3.0 0.0
285.00604836069857 0.0 0.0 0.0 1.0 0.0 0.0 3.0 0.0
286.00604836069857 0.0 0.0 0.0 1.0 0.0 0.0 3.0 0.0
287.00604836069857 0.0 0.0 0.0 1.0 0.0 0.0 3.0 0.0
288.00604836069857 0.0 0.0 0.0 1.0 0.0 0.0 3.0 0.0
289.00604836069857 0.0 0.0 0.0 1.0 0.0 0.0 3.0 0.0
290.00604836069857 0.0 0.0 0.0 1.0 0.0 0.0 3.0 0.0
291.00604836069857 0.0 0.0 0.0 1.0 0.0 0.0 3.0 0.0
292.00604836069857 0.0 0.0 0.0 1.0 0.0 0.0 3.0 0.0
293.00604836069857 0.0 0.0 0.0 1.0 0.0 0.0 3.0 0.0
294.00604836069857 0.0 0.0 0.0 1.0 0.0 0.0 3.0 0.0
295.00604836069857 0.0 0.0 0.0 1.0 0.0 0.0 3.0 0.0
296.00604836069857 0.0 0.0 0.0 1.0 0.0 0.0 3.0 0.0
297.00604836069857 0.0 0.0 0.0 1.0 0.0 0.0 3.0 0.0
298.00604836069857 0.0 0.0 0.0 1.0 0.0 0.0 3.0 0.0
299.00604836069857 0.0 0.0 0.0 1.0 0.0 0.0 3.0 0.0
300.0052675828712 0.0 0.0 0.0 1.0 0.0 0.0 3.0 0.0
301.00604836069857 0.0 0.0 0.0 1.0 0.0 0.0 3.0 0.0
302.00257935212414 0.0 0.0 0.0 1.0 0.0 0.0 3.0 0.0
303.00604836069857 0.0 0.0 0.0 1.0 0.0 0.0 3.0 0.0
304.00604836069857 0.0 0.0 0.0 1.0 0.0 0.0 3.0 0.0
305.00604836069857 0.0 0.0 0.0 1.0 0.0 0.0 3.0 0.0
306.0057197679708 0.0 0.0 0.0 1.0 0.0 0.0 3.0 0.0
307.0007384303849 0.0 0.0 0.0 1.0 0.0 0.0 3.0 0.0
308.00604836069857 0.0 0.0 0.0 1.0 0.0 0.0 3.0 0.0
309.00604836069857 0.0 0.0 0.0 1.0 0.0 0.0 3.0 0.0
310.00604836069857 0.0 0.0 0.0 1.0 0.0 0.0 3.0 0.0
311.00604836069857 0.0 0.0 0.0 1.0 0.0 0.0 3.0 0.0
312.00604836069857 0.0 0.0 0.0 1.0 0.0 0.0 3.0 0.0
313.0002848240034 0.0 0.0 0.0 1.0 0.0 0.0 3.0 0.0
314.00604836069857 0.0 0.0 0.0 1.0 0.0 0.0 3.0 0.0
315.00604836069857 0.0 0.0 0.0 1.0 0.0 0.0 3.0 0.0
316.00604836069857 0.0 0.0 0.0 1.0 0.0 0.0 3.0 0.0
317.00604836069857 0.0 0.0 0.0 1.0 0.0 0.0 3.0 0.0
318.00604836069857 0.0 0.0 0.0 1.0 0.0 0.0 3.0 0.0
319.00604836069857 0.0 0.0 0.0 1.0 0.0 0.0 3.0 0.0
320.00604836069857 0.0 0.0 0.0 1.0 0.0 0.0 3.0 0.0
321.001582743201 0.0 0.0 0.0 1.0 0.0 0.0 3.0 0.0
322.00604836069857 0.0 0.0 0.0 1.0 0.0 0.0 3.0 0.0
323.00604836069857 0.0 0.0 0.0 1.0 0.0 0.0 3.0 0.0
324.00604836069857 0.0 0.0 0.0 1.0 0.0 0.0 3.0 0.0
325.00604836069857 0.0 0.0 0.0 1.0 0.0 0.0 3.0 0.0
326.00604836069857 0.0 0.0 0.0 1.0 0.0 0.0 3.0 0.0
327.00604836069857 0.0 0.0 0.0 1.0 0.0 0.0 3.0 0.0
328.00604836069857 0.0 0.0 0.0 1.0 0.0 0.0 3.0 0.0
329.00604836069857 0.0 0.0 0.0 1.0 0.0 0.0 3.0 0.0
330.00270260366614 0.0 0.0 0.0 1.0 0.0 0.0 3.0 0.0
331.00604836069857 0.0 0.0 0.0 1.0 0.0 0.0 3.0 0.0
332.00604836069857 0.0 0.0 0.0 1.0 0.0 0.0 3.0 0.0
333.00604836069857 0.0 0.0 0.0 1.0 0.0 0.0 3.0 0.0
334.00277424410564 0.0 0.0 0.0 1.0 0.0 0.0 3.0 0.0
335.00604836069857 0.0 0.0 0.0 1.0 0.0 0.0 3.0 0.0
336.00604836069857 0.0 0.0 0.0 1.0 0.0 0.0 3.0 0.0
337.0005221604415 0.0 0.0 0.0 1.0 0.0 0.0 3.0 0.0
338.00604836069857 0.0 0.0 0.0 1.0 0.0 0.0 3.0 0.0
339.00604836069857 0.0 0.0 0.0 1.0 0.0 0.0 3.0 0.0
340.00604836069857 0.0 0.0 0.0 1.0 0.0 0.0 3.0 0.0
341.00604836069857 0.0 0.0 0.0 1.0 0.0 0.0 3.0 0.0
342.0007612277923 0.0 0.0 0.0 1.0 0.0 0.0 3.0 0.0
343.0041966210648 0.0 0.0 0.0 1.0 0.0 0.0 3.0 0.0
344.00604836069857 0.0 0.0 0.0 1.0 0.0 0.0 3.0 0.0
345.00604836069857 0.0 0.0 0.0 1.0 0.0 0.0 3.0 0.0
346.00604836069857 0.0 0.0 0.0 1.0 0.0 0.0 3.0 0.0
347.00604836069857 0.0 0.0 0.0 1.0 0.0 0.0 3.0 0.0
348.00604836069857 0.0 0.0 0.0 1.0 0.0 0.0 3.0 0.0
349.00604836069857 0.0 0.0 0.0 1.0 0.0 0.0 3.0 0.0
350.00604836069857 0.0 0.0 0.0 1.0 0.0 0.0 3.0 0.0
351.00604836069857 0.0 0.0 0.0 1.0 0.0 0.0 3.0 0.0
352.00604836069857 0.0 0.0 0.0 1.0 0.0 0.0 3.0 0.0
353.00604836069857 0.0 0.0 0.0 1.0 0.0 0.0 3.0 0.0
354.00604836069857 0.0 0.0 0.0 1.0 0.0 0.0 3.0 0.0
355.00604836069857 0.0 0.0 0.0 1.0 0.0 0.0 3.0 0.0
356.0035514288266 0.0 0.0 0.0 1.0 0.0 0.0 3.0 0.0
357.00604836069857 0.0 0.0 0.0 1.0 0.0 0.0 3.0 0.0
358.00604836069857 0.0 0.0 0.0 1.0 0.0 0.0 3.0 0.0
359.00429811872965 0.0 0.0 0.0 1.0 0.0 0.0 3.0 0.0
360.00604836069857 0.0 0.0 0.0 1.0 0.0 0.0 3.0 0.0
361.00604836069857 0.0 0.0 0.0 1.0 0.0 0.0 3.0 0.0
362.0025377198338 0.0 0.0 0.0 1.0 0.0 0.0 3.0 0.0
363.00604836069857 0.0 0.0 0.0 1.0 0.0 0.0 3.0 0.0
364.00604836069857 0.0 0.0 0.0 1.0 0.0 0.0 3.0 0.0
365.00604836069857 0.0 0.0 0.0 1.0 0.0 0.0 3.0 0.0
366.00604836069857 0.0 0.0 0.0 1.0 0.0 0.0 3.0 0.0
367.002548257907 0.0 0.0 0.0 1.0 0.0 0.0 3.0 0.0
368.0007889886874 0.0 0.0 0.0 1.0 0.0 0.0 3.0 0.0
369.00604836069857 0.0 0.0 0.0 1.0 0.0 0.0 3.0 0.0
370.00604836069857 0.0 0.0 0.0 1.0 0.0 0.0 3.0 0.0
371.00604836069857 0.0 0.0 0.0 1.0 0.0 0.0 3.0 0.0
372.00604836069857 0.0 0.0 0.0 1.0 0.0 0.0 3.0 0.0
373.00604836069857 0.0 0.0 0.0 1.0 0.0 0.0 3.0 0.0
374.00604836069857 0.0 0.0 0.0 1.0 0.0 0.0 3.0 0.0
375.00604836069857 0.0 0.0 0.0 1.0 0.0 0.0 3.0 0.0
376.0052801934314 0.0 0.0 0.0 1.0 0.0 0.0 3.0 0.0
377.00604836069857 0.0 0.0 0.0 1.0 0.0 0.0 3.0 0.0
378.00604836069857 0.0 0.0 0.0 1.0 0.0 0.0 3.0 0.0
379.00237988178964 0.0 0.0 0.0 1.0 0.0 0.0 3.0 0.0
380.00604836069857 0.0 0.0 0.0 1.0 0.0 0.0 3.0 0.0
381.00604836069857 0.0 0.0 0.0 1.0 0.0 0.0 3.0 0.0
382.00604836069857 0.0 0.0 0.0 1.0 0.0 0.0 3.0 0.0
383.00604836069857 0.0 0.0 0.0 1.0 0.0 0.0 3.0 0.0
384.00190302462005 0.0 0.0 0.0 1.0 0.0 0.0 3.0 0.0
385.00604836069857 0.0 0.0 0.0 1.0 0.0 0.0 3.0 0.0
386.0022846001472 0.0 0.0 0.0 1.0 0.0 0.0 3.0 0.0
387.00604836069857 0.0 0.0 0.0 1.0 0.0 0.0 3.0 0.0
388.00351647510786 0.0 0.0 0.0 1.0 0.0 0.0 3.0 0.0
389.00604836069857 0.0 0.0 0.0 1.0 0.0 0.0 3.0 0.0
390.00604836069857 0.0 0.0 0.0 1.0 0.0 0.0 3.0 0.0
391.00604836069857 0.0 0.0 0.0 1.0 0.0 0.0 3.0 0.0
392.00604836069857 0.0 0.0 0.0 1.0 0.0 0.0 3.0 0.0
393.0027774093319 0.0 0.0 0.0 1.0 0.0 0.0 3.0 0.0
394.00604836069857 0.0 0.0 0.0 1.0 0.0 0.0 3.0 0.0
395.00604836069857 0.0 0.0 0.0 1.0 0.0 0.0 3.0 0.0
396.00604836069857 0.0 0.0 0.0 1.0 0.0 0.0 3.0 0.0
397.00604836069857 0.0 0.0 0.0 1.0 0.0 0.0 3.0 0.0
398.00604836069857 0.0 0.0 0.0 1.0 0.0 0.0 3.0 0.0
399.00604836069857 0.0 0.0 0.0 1.0 0.0 0.0 3.0 0.0
400.00604836069857 0.0 0.0 0.0 1.0 0.0 0.0 3.0 0.0
401.00604836069857 0.0 0.0 0.0 1.0 0.0 0.0 3.0 0.0
402.00373080477846 0.0 0.0 0.0 1.0 0.0 0.0 3.0 0.0
403.00604836069857 0.0 0.0 0.0 1.0 0.0 0.0 3.0 0.0
404.00604836069857 0.0 0.0 0.0 1.0 0.0 0.0 3.0 0.0
405.00587616549404 0.0 0.0 0.0 1.0 0.0 0.0 3.0 0.0
406.00604836069857 0.0 0.0 0.0 1.0 0.0 0.0 3.0 0.0
407.00604836069857 0.0 0.0 0.0 1.0 0.0 0.0 3.0 0.0
408.00604836069857 0.0 0.0 0.0 1.0 0.0 0.0 3.0 0.0
409.00604836069857 0.0 0.0 0.0 1.0 0.0 0.0 3.0 0.0
410.00347538856056 0.0 0.0 0.0 1.0 0.0 0.0 3.0 0.0
411.00604836069857 0.0 0.0 0.0 1.0 0.0 0.0 3.0 0.0
412.00604836069857 0.0 0.0 0.0 1.0 0.0 0.0 3.0 0.0
413.00604836069857 0.0 0.0 0.0 1.0 0.0 0.0 3.0 0.0
414.00604836069857 0.0 0.0 0.0 1.0 0.0 0.0 3.0 0.0
415.00604836069857 0.0 0.0 0.0 1.0 0.0 0.0 3.0 0.0
416.00604836069857 0.0 0.0 0.0 1.0 0.0 0.0 3.0 0.0
417.00604836069857 0.0 0.0 0.0 1.0 0.0 0.0 3.0 0.0
418.00604836069857 0.0 0.0 0.0 1.0 0.0 0.0 3.0 0.0
419.00604836069857 0.0 0.0 0.0 1.0 0.0 0.0 3.0 0.0
420.0052491862625 0.0 0.0 0.0 1.0 0.0 0.0 3.0 0.0
421.00604836069857 0.0 0.0 0.0 1.0 0.0 0.0 3.0 0.0
422.00604836069857 0.0 0.0 0.0 1.0 0.0 0.0 3.0 0.0
423.00527193830646 0.0 0.0 0.0 1.0 0.0 0.0 3.0 0.0
424.00604836069857 0.0 0.0 0.0 1.0 0.0 0.0 3.0 0.0
425.00604836069857 0.0 0.0 0.0 1.0 0.0 0.0 3.0 0.0
426.00604836069857 0.0 0.0 0.0 1.0 0.0 0.0 3.0 0.0
427.00604836069857 0.0 0.0 0.0 1.0 0.0 0.0 3.0 0.0
428.00604836069857 0.0 0.0 0.0 1.0 0.0 0.0 3.0 0.0
429.00604836069857 0.0 0.0 0.0 1.0 0.0 0.0 3.0 0.0
430.00604836069857 0.0 0.0 0.0 1.0 0.0 0.0 3.0 0.0
431.00604836069857 0.0 0.0 0.0 1.0 0.0 0.0 3.0 0.0
432.00604836069857 0.0 0.0 0.0 1.0 0.0 0.0 3.0 0.0
433.00604836069857 0.0 0.0 0.0 1.0 0.0 0.0 3.0 0.0
434.00604836069857 0.0 0.0 0.0 1.0 0.0 0.0 3.0 0.0
435.00604836069857 0.0 0.0 0.0 1.0 0.0 0.0 3.0 0.0
436.0007799687424 0.0 0.0 0.0 1.0 0.0 0.0 3.0 0.0
437.00216423761503 0.0 0.0 0.0 1.0 0.0 0.0 3.0 0.0
438.00604836069857 0.0 0.0 0.0 1.0 0.0 0.0 3.0 0.0
439.00604836069857 0.0 0.0 0.0 1.0 0.0 0.0 3.0 0.0
440.00604836069857 0.0 0.0 0.0 1.0 0.0 0.0 3.0 0.0
441.0015159916267 0.0 0.0 0.0 1.0 0.0 0.0 3.0 0.0
442.00604836069857 0.0 0.0 0.0 1.0 0.0 0.0 3.0 0.0
443.00604836069857 0.0 0.0 0.0 1.0 0.0 0.0 3.0 0.0
444.00604836069857 0.0 0.0 0.0 1.0 0.0 0.0 3.0 0.0
445.00604836069857 0.0 0.0 0.0 1.0 0.0 0.0 3.0 0.0
446.00604836069857 0.0 0.0 0.0 1.0 0.0 0.0 3.0 0.0
447.00604836069857 0.0 0.0 0.0 1.0 0.0 0.0 3.0 0.0
448.00604836069857 0.0 0.0 0.0 1.0 0.0 0.0 3.0 0.0
449.00604836069857 0.0 0.0 0.0 1.0 0.0 0.0 3.0 0.0
450.0012494427674 0.0 0.0 0.0 1.0 0.0 0.0 3.0 0.0
451.00604836069857 0.0 0.0 0.0 1.0 0.0 0.0 3.0 0.0
452.00604836069857 0.0 0.0 0.0 1.0 0.0 0.0 3.0 0.0
453.0007002785669 0.0 0.0 0.0 1.0 0.0 0.0 3.0 0.0
454.00604836069857 0.0 0.0 0.0 1.0 0.0 0.0 3.0 0.0
455.00604836069857 0.0 0.0 0.0 1.0 0.0 0.0 3.0 0.0
456.0003987280091 0.0 0.0 0.0 1.0 0.0 0.0 3.0 0.0
457.00604836069857 0.0 0.0 0.0 1.0 0.0 0.0 3.0 0.0
458.00604836069857 0.0 0.0 0.0 1.0 0.0 0.0 3.0 0.0
459.00604836069857 0.0 0.0 0.0 1.0 0.0 0.0 3.0 0.0
460.00604836069857 0.0 0.0 0.0 1.0 0.0 0.0 3.0 0.0
461.00604836069857 0.0 0.0 0.0 1.0 0.0 0.0 3.0 0.0
462.00604836069857 0.0 0.0 0.0 1.0 0.0 0.0 3.0 0.0
463.00040051652365 0.0 0.0 0.0 1.0 0.0 0.0 3.0 0.0
464.0010303740299 0.0 0.0 0.0 1.0 0.0 0.0 3.0 0.0
465.00604836069857 0.0 0.0 0.0 1.0 0.0 0.0 3.0 0.0
466.00604836069857 0.0 0.0 0.0 1.0 0.0 0.0 3.0 0.0
467.00604836069857 0.0 0.0 0.0 1.0 0.0 0.0 3.0 0.0
468.00604836069857 0.0 0.0 0.0 1.0 0.0 0.0 3.0 0.0
469.00604836069857 0.0 0.0 0.0 1.0 0.0 0.0 3.0 0.0
470.00604836069857 0.0 0.0 0.0 1.0 0.0 0.0 3.0 0.0
471.00604836069857 0.0 0.0 0.0 1.0 0.0 0.0 3.0 0.0
472.00604836069857 0.0 0.0 0.0 1.0 0.0 0.0 3.0 0.0
473.00604836069857 0.0 0.0 0.0 1.0 0.0 0.0 3.0 0.0
474.00604836069857 0.0 0.0 0.0 1.0 0.0 0.0 3.0 0.0
475.00604836069857 0.0 0.0 0.0 1.0 0.0 0.0 3.0 0.0
476.00604836069857 0.0 0.0 0.0 1.0 0.0 0.0 3.0 0.0
477.00604836069857 0.0 0.0 0.0 1.0 0.0 0.0 3.0 0.0
478.00604836069857 0.0 0.0 0.0 1.0 0.0 0.0 3.0 0.0
479.0035218321049 0.0 0.0 0.0 1.0 0.0 0.0 3.0 0.0
480.00604836069857 0.0 0.0 0.0 1.0 0.0 0.0 3.0 0.0
481.00604836069857 0.0 0.0 0.0 1.0 0.0 0.0 3.0 0.0
482.0029946882086 0.0 0.0 0.0 1.0 0.0 0.0 3.0 0.0
483.00604836069857 0.0 0.0 0.0 1.0 0.0 0.0 3.0 0.0
484.00604836069857 0.0 0.0 0.0 1.0 0.0 0.0 3.0 0.0
485.00604836069857 0.0 0.0 0.0 1.0 0.0 0.0 3.0 0.0
486.00604836069857 0.0 0.0 0.0 1.0 0.0 0.0 3.0 0.0
487.00604836069857 0.0 0.0 0.0 1.0 0.0 0.0 3.0 0.0
488.00604836069857 0.0 0.0 0.0 1.0 0.0 0.0 3.0 0.0
489.0058423177851 0.0 0.0 0.0 1.0 0.0 0.0 3.0 0.0
490.00604836069857 0.0 0.0 0.0 1.0 0.0 0.0 3.0 0.0
491.00604836069857 0.0 0.0 0.0 1.0 0.0 0.0 3.0 0.0
492.00604836069857 0.0 0.0 0.0 1.0 0.0 0.0 3.0 0.0
493.00604836069857 0.0 0.0 0.0 1.0 0.0 0.0 3.0 0.0
494.00604836069857 0.0 0.0 0.0 1.0 0.0 0.0 3.0 0.0
495.00604836069857 0.0 0.0 0.0 1.0 0.0 0.0 3.0 0.0
496.00604836069857 0.0 0.0 0.0 1.0 0.0 0.0 3.0 0.0
497.00604836069857 0.0 0.0 0.0 1.0 0.0 0.0 3.0 0.0
498.00604836069857 0.0 0.0 0.0 1.0 0.0 0.0 3.0 0.0
499.0058874430777 0.0 0.0 0.0 1.0 0.0 0.0 3.0 0.0
500.00604836069857 0.0 0.0 0.0 1.0 0.0 0.0 3.0 0.0
501.00604836069857 0.0 0.0 0.0 1.0 0.0 0.0 3.0 0.0
502.00604836069857 0.0 0.0 0.0 1.0 0.0 0.0 3.0 0.0
503.00604836069857 0.0 0.0 0.0 1.0 0.0 0.0 3.0 0.0
504.00604836069857 0.0 0.0 0.0 1.0 0.0 0.0 3.0 0.0
505.00604836069857 0.0 0.0 0.0 1.0 0.0 0.0 3.0 0.0
506.00173058530476 0.0 0.0 0.0 1.0 0.0 0.0 3.0 0.0
507.00604836069857 0.0 0.0 0.0 1.0 0.0 0.0 3.0 0.0
508.00604836069857 0.0 0.0 0.0 1.0 0.0 0.0 3.0 0.0
509.00604836069857 0.0 0.0 0.0 1.0 0.0 0.0 3.0 0.0
510.00604836069857 0.0 0.0 0.0 1.0 0.0 0.0 3.0 0.0
511.00604836069857 0.0 0.0 0.0 1.0 0.0 0.0 3.0 0.0
512.0001000404777 0.0 0.0 0.0 1.0 0.0 0.0 3.0 0.0
513.0003488828514 0.0 0.0 0.0 1.0 0.0 0.0 3.0 0.0
514.0060483606985 0.0 0.0 0.0 1.0 0.0 0.0 3.0 0.0
515.0060483606985 0.0 0.0 0.0 1.0 0.0 0.0 3.0 0.0
516.0060483606985 0.0 0.0 0.0 1.0 0.0 0.0 3.0 0.0
517.0060483606985 0.0 0.0 0.0 1.0 0.0 0.0 3.0 0.0
518.0055425385181 0.0 0.0 0.0 1.0 0.0 0.0 3.0 0.0
519.0060483606985 0.0 0.0 0.0 1.0 0.0 0.0 3.0 0.0
520.0060483606985 0.0 0.0 0.0 1.0 0.0 0.0 3.0 0.0
521.0060483606985 0.0 0.0 0.0 1.0 0.0 0.0 3.0 0.0
522.0060483606985 0.0 0.0 0.0 1.0 0.0 0.0 3.0 0.0
523.0060483606985 0.0 0.0 0.0 1.0 0.0 0.0 3.0 0.0
524.0060483606985 0.0 0.0 0.0 1.0 0.0 0.0 3.0 0.0
525.0060483606985 0.0 0.0 0.0 1.0 0.0 0.0 3.0 0.0
526.002586887422 0.0 0.0 0.0 1.0 0.0 0.0 3.0 0.0
527.0060483606985 0.0 0.0 0.0 1.0 0.0 0.0 3.0 0.0
528.0060483606985 0.0 0.0 0.0 1.0 0.0 0.0 3.0 0.0
529.0060483606985 0.0 0.0 0.0 1.0 0.0 0.0 3.0 0.0
530.0007987127223 0.0 0.0 0.0 1.0 0.0 0.0 3.0 0.0
531.0044291920557 0.0 0.0 0.0 1.0 0.0 0.0 3.0 0.0
532.0060483606985 0.0 0.0 0.0 1.0 0.0 0.0 3.0 0.0
533.0060483606985 0.0 0.0 0.0 1.0 0.0 0.0 3.0 0.0
534.0060483606985 0.0 0.0 0.0 1.0 0.0 0.0 3.0 0.0
535.0060483606985 0.0 0.0 0.0 1.0 0.0 0.0 3.0 0.0
536.0060483606985 0.0 0.0 0.0 1.0 0.0 0.0 3.0 0.0
537.0048584177767 0.0 0.0 0.0 1.0 0.0 0.0 3.0 0.0
538.0060483606985 0.0 0.0 0.0 1.0 0.0 0.0 3.0 0.0
539.0060483606985 0.0 0.0 0.0 1.0 0.0 0.0 3.0 0.0
540.002459301689 0.0 0.0 0.0 1.0 0.0 0.0 3.0 0.0
541.0027712075702 0.0 0.0 0.0 1.0 0.0 0.0 3.0 0.0
542.0060483606985 0.0 0.0 0.0 1.0 0.0 0.0 3.0 0.0
543.0060483606985 0.0 0.0 0.0 1.0 0.0 0.0 3.0 0.0
544.0060483606985 0.0 0.0 0.0 1.0 0.0 0.0 3.0 0.0
545.0060483606985 0.0 0.0 0.0 1.0 0.0 0.0 3.0 0.0
546.0041073641049 0.0 0.0 0.0 1.0 0.0 0.0 3.0 0.0
547.0060483606985 0.0 0.0 0.0 1.0 0.0 0.0 3.0 0.0
548.0060483606985 0.0 0.0 0.0 1.0 0.0 0.0 3.0 0.0
549.0060483606985 0.0 0.0 0.0 1.0 0.0 0.0 3.0 0.0
550.0060483606985 0.0 0.0 0.0 1.0 0.0 0.0 3.0 0.0
551.0060483606985 0.0 0.0 0.0 1.0 0.0 0.0 3.0 0.0
552.0060483606985 0.0 0.0 0.0 1.0 0.0 0.0 3.0 0.0
553.0060483606985 0.0 0.0 0.0 1.0 0.0 0.0 3.0 0.0
554.0060483606985 0.0 0.0 0.0 1.0 0.0 0.0 3.0 0.0
555.0060483606985 0.0 0.0 0.0 1.0 0.0 0.0 3.0 0.0
556.0060483606985 0.0 0.0 0.0 1.0 0.0 0.0 3.0 0.0
557.0060483606985 0.0 0.0 0.0 1.0 0.0 0.0 3.0 0.0
558.0021310911587 0.0 0.0 0.0 1.0 0.0 0.0 3.0 0.0
559.0060483606985 0.0 0.0 0.0 1.0 0.0 0.0 3.0 0.0
560.0060483606985 0.0 0.0 0.0 1.0 0.0 0.0 3.0 0.0
561.0060483606985 0.0 0.0 0.0 1.0 0.0 0.0 3.0 0.0
562.0060483606985 0.0 0.0 0.0 1.0 0.0 0.0 3.0 0.0
563.0060483606985 0.0 0.0 0.0 1.0 0.0 0.0 3.0 0.0
564.0060483606985 0.0 0.0 0.0 1.0 0.0 0.0 3.0 0.0
565.0060483606985 0.0 0.0 0.0 1.0 0.0 0.0 3.0 0.0
566.0045409788336 0.0 0.0 0.0 1.0 0.0 0.0 3.0 0.0
567.0060483606985 0.0 0.0 0.0 1.0 0.0 0.0 3.0 0.0
568.0060483606985 0.0 0.0 0.0 1.0 0.0 0.0 3.0 0.0
569.0060483606985 0.0 0.0 0.0 1.0 0.0 0.0 3.0 0.0
570.0060483606985 0.0 0.0 0.0 1.0 0.0 0.0 3.0 0.0
571.0060483606985 0.0 0.0 0.0 1.0 0.0 0.0 3.0 0.0
572.0060483606985 0.0 0.0 0.0 1.0 0.0 0.0 3.0 0.0
573.0060483606985 0.0 0.0 0.0 1.0 0.0 0.0 3.0 0.0
574.0041283419145 0.0 0.0 0.0 1.0 0.0 0.0 3.0 0.0
575.0060483606985 0.0 0.0 0.0 1.0 0.0 0.0 3.0 0.0
576.0060483606985 0.0 0.0 0.0 1.0 0.0 0.0 3.0 0.0
577.0060483606985 0.0 0.0 0.0 1.0 0.0 0.0 3.0 0.0
578.0060483606985 0.0 0.0 0.0 1.0 0.0 0.0 3.0 0.0
579.0060483606985 0.0 0.0 0.0 1.0 0.0 0.0 3.0 0.0
580.0060483606985 0.0 0.0 0.0 1.0 0.0 0.0 3.0 0.0
581.0060483606985 0.0 0.0 0.0 1.0 0.0 0.0 3.0 0.0
582.0060483606985 0.0 0.0 0.0 1.0 0.0 0.0 3.0 0.0
583.0060483606985 0.0 0.0 0.0 1.0 0.0 0.0 3.0 0.0
584.003871652847 0.0 0.0 0.0 1.0 0.0 0.0 3.0 0.0
585.0008175403201 0.0 0.0 0.0 1.0 0.0 0.0 3.0 0.0
586.0060483606985 0.0 0.0 0.0 1.0 0.0 0.0 3.0 0.0
587.0060483606985 0.0 0.0 0.0 1.0 0.0 0.0 3.0 0.0
588.0060483606985 0.0 0.0 0.0 1.0 0.0 0.0 3.0 0.0
589.0047487665615 0.0 0.0 0.0 1.0 0.0 0.0 3.0 0.0
590.0060483606985 0.0 0.0 0.0 1.0 0.0 0.0 3.0 0.0
591.0000908255876 0.0 0.0 0.0 1.0 0.0 0.0 3.0 0.0
592.0060483606985 0.0 0.0 0.0 1.0 0.0 0.0 3.0 0.0
593.0060483606985 0.0 0.0 0.0 1.0 0.0 0.0 3.0 0.0
594.0042398061817 0.0 0.0 0.0 1.0 0.0 0.0 3.0 0.0
595.0034471001551 0.0 0.0 0.0 1.0 0.0 0.0 3.0 0.0
596.0060483606985 0.0 0.0 0.0 1.0 0.0 0.0 3.0 0.0
597.0023472363916 0.0 0.0 0.0 1.0 0.0 0.0 3.0 0.0
598.0060483606985 0.0 0.0 0.0 1.0 0.0 0.0 3.0 0.0
599.0060483606985 0.0 0.0 0.0 1.0 0.0 0.0 3.0 0.0
600.0 0.0 0.0 0.0 1.0 0.0 1.0 3.0 0.0
601.0060483606985 0.825 0.0 0.0 0.17499999999999996 0.0 1.0 3.025 0.2817073170731707
602.0060483606985 0.975 0.0 0.0 0.024999999999999988 0.0 1.0 3.725 0.0475609756097561
603.0060483606985 1.0 0.0 0.0 0.0 0.0 1.0 4.625 0.0
604.0030185230926 1.0 0.0 0.0 0.0 0.0 1.0 4.875 0.0
605.0059523111421 1.0 0.0 0.0 0.0 0.0 1.0 4.975 0.0
606.0060483606985 1.0 0.0 0.0 0.0 0.0 1.0 5.0 0.0
607.0060483606985 1.0 0.0 0.0 0.0 0.0 1.0 5.0 0.0
608.0060483606985 1.0 0.0 0.0 0.0 0.0 1.0 5.0 0.0
609.0060483606985 1.0 0.0 0.0 0.0 0.0 1.0 5.0 0.0
610.0060483606985 1.0 0.0 0.0 0.0 0.0 1.0 5.0 0.0
611.0025133449501 1.0 0.0 0.0 0.0 0.0 1.0 5.0 0.0
612.0060483606985 1.0 0.0 0.0 0.0 0.0 1.0 5.0 0.0
613.0060483606985 1.0 0.0 0.0 0.0 0.0 1.0 5.0 0.0
614.0060483606985 1.0 0.0 0.0 0.0 0.0 1.0 5.0 0.0
615.0060483606985 1.0 0.0 0.0 0.0 0.0 1.0 5.0 0.0
616.0060483606985 1.0 0.0 0.0 0.0 0.0 1.0 5.0 0.0
617.0060483606985 1.0 0.0 0.0 0.0 0.0 1.0 5.0 0.0
618.0060483606985 1.0 0.0 0.0 0.0 0.0 1.0 5.0 0.0
619.0006870604091 1.0 0.0 0.0 0.0 0.0 1.0 5.0 0.0
620.0060483606985 1.0 0.0 0.0 0.0 0.0 1.0 5.0 0.0
621.0060483606985 1.0 0.0 0.0 0.0 0.0 1.0 5.0 0.0
622.0060483606985 1.0 0.0 0.0 0.0 0.0 1.0 5.0 0.0
623.0060483606985 1.0 0.0 0.0 0.0 0.0 1.0 5.0 0.0
624.0060483606985 1.0 0.0 0.0 0.0 0.0 1.0 5.0 0.0
625.0060483606985 1.0 0.0 0.0 0.0 0.0 1.0 5.0 0.0
626.0060483606985 1.0 0.0 0.0 0.0 0.0 1.0 5.0 0.0
627.0060483606985 1.0 0.0 0.0 0.0 0.0 1.0 5.0 0.0
628.0060483606985 1.0 0.0 0.0 0.0 0.0 1.0 5.0 0.0
629.0033368598703 1.0 0.0 0.0 0.0 0.0 1.0 5.0 0.0
630.0060483606985 1.0 0.0 0.0 0.0 0.0 1.0 5.0 0.0
631.0060483606985 1.0 0.0 0.0 0.0 0.0 1.0 5.0 0.0
632.0001077517446 1.0 0.0 0.0 0.0 0.0 1.0 5.0 0.0
633.0060483606985 1.0 0.0 0.0 0.0 0.0 1.0 5.0 0.0
634.0060483606985 1.0 0.0 0.0 0.0 0.0 1.0 5.0 0.0
635.0060483606985 1.0 0.0 0.0 0.0 0.0 1.0 5.0 0.0
636.0060483606985 1.0 0.0 0.0 0.0 0.0 1.0 5.0 0.0
637.0060483606985 1.0 0.0 0.0 0.0 0.0 1.0 5.0 0.0
638.0060483606985 1.0 0.0 0.0 0.0 0.0 1.0 5.0 0.0
639.0060483606985 1.0 0.0 0.0 0.0 0.0 1.0 5.0 0.0
640.0060483606985 1.0 0.0 0.0 0.0 0.0 1.0 5.0 0.0
641.0060483606985 1.0 0.0 0.0 0.0 0.0 1.0 5.0 0.0
642.0060483606985 1.0 0.0 0.0 0.0 0.0 1.0 5.0 0.0
643.0002267985719 1.0 0.0 0.0 0.0 0.0 1.0 5.0 0.0
644.0060483606985 1.0 0.0 0.0 0.0 0.0 1.0 5.0 0.0
645.0060483606985 1.0 0.0 0.0 0.0 0.0 1.0 5.0 0.0
646.0060483606985 1.0 0.0 0.0 0.0 0.0 1.0 5.0 0.0
647.0013958222311 1.0 0.0 0.0 0.0 0.0 1.0 5.0 0.0
648.0060483606985 1.0 0.0 0.0 0.0 0.0 1.0 5.0 0.0
649.0060483606985 1.0 0.0 0.0 0.0 0.0 1.0 5.0 0.0
650.0060483606985 1.0 0.0 0.0 0.0 0.0 1.0 5.0 0.0
651.0060483606985 1.0 0.0 0.0 0.0 0.0 1.0 5.0 0.0
652.0024753609533 1.0 0.0 0.0 0.0 0.0 1.0 5.0 0.0
653.0060483606985 1.0 0.0 0.0 0.0 0.0 1.0 5.0 0.0
654.0060483606985 1.0 0.0 0.0 0.0 0.0 1.0 5.0 0.0
655.0060483606985 1.0 0.0 0.0 0.0 0.0 1.0 5.0 0.0
656.0060483606985 1.0 0.0 0.0 0.0 0.0 1.0 5.0 0.0
657.0060483606985 1.0 0.0 0.0 0.0 0.0 1.0 5.0 0.0
658.0060483606985 1.0 0.0 0.0 0.0 0.0 1.0 5.0 0.0
659.0060483606985 1.0 0.0 0.0 0.0 0.0 1.0 5.0 0.0
660.0060483606985 1.0 0.0 0.0 0.0 0.0 1.0 5.0 0.0
661.0060483606985 1.0 0.0 0.0 0.0 0.0 1.0 5.0 0.0
662.0060483606985 1.0 0.0 0.0 0.0 0.0 1.0 5.0 0.0
663.0030853026225 1.0 0.0 0.0 0.0 0.0 1.0 5.0 0.0
664.0060483606985 1.0 0.0 0.0 0.0 0.0 1.0 5.0 0.0
665.0060483606985 1.0 0.0 0.0 0.0 0.0 1.0 5.0 0.0
666.0060483606985 1.0 0.0 0.0 0.0 0.0 1.0 5.0 0.0
667.0060483606985 1.0 0.0 0.0 0.0 0.0 1.0 5.0 0.0
668.0060483606985 1.0 0.0 0.0 0.0 0.0 1.0 5.0 0.0
669.0003978532795 1.0 0.0 0.0 0.0 0.0 1.0 5.0 0.0
670.0020730283298 1.0 0.0 0.0 0.0 0.0 1.0 5.0 0.0
671.0060483606985 1.0 0.0 0.0 0.0 0.0 1.0 5.0 0.0
672.0060483606985 1.0 0.0 0.0 0.0 0.0 1.0 5.0 0.0
673.0032739835234 1.0 0.0 0.0 0.0 0.0 1.0 5.0 0.0
674.0060483606985 1.0 0.0 0.0 0.0 0.0 1.0 5.0 0.0
675.0001955864126 1.0 0.0 0.0 0.0 0.0 1.0 5.0 0.0
676.0060483606985 1.0 0.0 0.0 0.0 0.0 1.0 5.0 0.0
677.0060483606985 1.0 0.0 0.0 0.0 0.0 1.0 5.0 0.0
678.0052482806242 1.0 0.0 0.0 0.0 0.0 1.0 5.0 0.0
679.0060483606985 1.0 0.0 0.0 0.0 0.0 1.0 5.0 0.0
680.0060483606985 1.0 0.0 0.0 0.0 0.0 1.0 5.0 0.0
681.0060483606985 1.0 0.0 0.0 0.0 0.0 1.0 5.0 0.0
682.0060483606985 1.0 0.0 0.0 0.0 0.0 1.0 5.0 0.0
683.0060483606985 1.0 0.0 0.0 0.0 0.0 1.0 5.0 0.0
684.0060483606985 1.0 0.0 0.0 0.0 0.0 1.0 5.0 0.0
685.0048108293785 1.0 0.0 0.0 0.0 0.0 1.0 5.0 0.0
686.0054269478297 1.0 0.0 0.0 0.0 0.0 1.0 5.0 0.0
687.0060483606985 1.0 0.0 0.0 0.0 0.0 1.0 5.0 0.0
688.0060483606985 1.0 0.0 0.0 0.0 0.0 1.0 5.0 0.0
689.0060483606985 1.0 0.0 0.0 0.0 0.0 1.0 5.0 0.0
690.0060483606985 1.0 0.0 0.0 0.0 0.0 1.0 5.0 0.0
691.0060483606985 1.0 0.0 0.0 0.0 0.0 1.0 5.0 0.0
692.0060483606985 1.0 0.0 0.0 0.0 0.0 1.0 5.0 0.0
693.0060483606985 1.0 0.0 0.0 0.0 0.0 1.0 5.0 0.0
694.0024033972145 1.0 0.0 0.0 0.0 0.0 1.0 5.0 0.0
695.0060483606985 1.0 0.0 0.0 0.0 0.0 1.0 5.0 0.0
696.0060483606985 1.0 0.0 0.0 0.0 0.0 1.0 5.0 0.0
697.0060483606985 1.0 0.0 0.0 0.0 0.0 1.0 5.0 0.0
698.0047637935058 1.0 0.0 0.0 0.0 0.0 1.0 5.0 0.0
699.0032322528258 1.0 0.0 0.0 0.0 0.0 1.0 5.0 0.0
700.0060483606985 1.0 0.0 0.0 0.0 0.0 1.0 5.0 0.0
701.0060483606985 1.0 0.0 0.0 0.0 0.0 1.0 5.0 0.0
702.0060483606985 1.0 0.0 0.0 0.0 0.0 1.0 5.0 0.0
703.0060483606985 1.0 0.0 0.0 0.0 0.0 1.0 5.0 0.0
704.0060483606985 1.0 0.0 0.0 0.0 0.0 1.0 5.0 0.0
705.0060483606985 1.0 0.0 0.0 0.0 0.0 1.0 5.0 0.0
706.0060483606985 1.0 0.0 0.0 0.0 0.0 1.0 5.0 0.0
707.0060483606985 1.0 0.0 0.0 0.0 0.0 1.0 5.0 0.0
708.0060483606985 1.0 0.0 0.0 0.0 0.0 1.0 5.0 0.0
709.0060483606985 1.0 0.0 0.0 0.0 0.0 1.0 5.0 0.0
710.0023216973491 1.0 0.0 0.0 0.0 0.0 1.0 5.0 0.0
711.0060483606985 1.0 0.0 0.0 0.0 0.0 1.0 5.0 0.0
712.0060483606985 1.0 0.0 0.0 0.0 0.0 1.0 5.0 0.0
713.0060483606985 1.0 0.0 0.0 0.0 0.0 1.0 5.0 0.0
714.0060483606985 1.0 0.0 0.0 0.0 0.0 1.0 5.0 0.0
715.0060483606985 1.0 0.0 0.0 0.0 0.0 1.0 5.0 0.0
716.0060483606985 1.0 0.0 0.0 0.0 0.0 1.0 5.0 0.0
717.0060483606985 1.0 0.0 0.0 0.0 0.0 1.0 5.0 0.0
718.0060483606985 1.0 0.0 0.0 0.0 0.0 1.0 5.0 0.0
719.0060483606985 1.0 0.0 0.0 0.0 0.0 1.0 5.0 0.0
720.0060483606985 1.0 0.0 0.0 0.0 0.0 1.0 5.0 0.0
721.0060483606985 1.0 0.0 0.0 0.0 0.0 1.0 5.0 0.0
722.0060483606985 1.0 0.0 0.0 0.0 0.0 1.0 5.0 0.0
723.0060483606985 1.0 0.0 0.0 0.0 0.0 1.0 5.0 0.0
724.0060483606985 1.0 0.0 0.0 0.0 0.0 1.0 5.0 0.0
725.0060483606985 1.0 0.0 0.0 0.0 0.0 1.0 5.0 0.0
726.0060483606985 1.0 0.0 0.0 0.0 0.0 1.0 5.0 0.0
727.0060483606985 1.0 0.0 0.0 0.0 0.0 1.0 5.0 0.0
728.0060483606985 1.0 0.0 0.0 0.0 0.0 1.0 5.0 0.0
729.0031757523301 1.0 0.0 0.0 0.0 0.0 1.0 5.0 0.0
730.0060483606985 1.0 0.0 0.0 0.0 0.0 1.0 5.0 0.0
731.0060439114015 1.0 0.0 0.0 0.0 0.0 1.0 5.0 0.0
732.0060483606985 1.0 0.0 0.0 0.0 0.0 1.0 5.0 0.0
733.0028847756762 1.0 0.0 0.0 0.0 0.0 1.0 5.0 0.0
734.0060483606985 1.0 0.0 0.0 0.0 0.0 1.0 5.0 0.0
735.0060483606985 1.0 0.0 0.0 0.0 0.0 1.0 5.0 0.0
736.0060483606985 1.0 0.0 0.0 0.0 0.0 1.0 5.0 0.0
737.0060483606985 1.0 0.0 0.0 0.0 0.0 1.0 5.0 0.0
738.0060483606985 1.0 0.0 0.0 0.0 0.0 1.0 5.0 0.0
739.0060483606985 1.0 0.0 0.0 0.0 0.0 1.0 5.0 0.0
740.0060483606985 1.0 0.0 0.0 0.0 0.0 1.0 5.0 0.0
741.0060483606985 1.0 0.0 0.0 0.0 0.0 1.0 5.0 0.0
742.0060483606985 1.0 0.0 0.0 0.0 0.0 1.0 5.0 0.0
743.0060483606985 1.0 0.0 0.0 0.0 0.0 1.0 5.0 0.0
744.0060483606985 1.0 0.0 0.0 0.0 0.0 1.0 5.0 0.0
745.0060483606985 1.0 0.0 0.0 0.0 0.0 1.0 5.0 0.0
746.0034070146938 1.0 0.0 0.0 0.0 0.0 1.0 5.0 0.0
747.0060483606985 1.0 0.0 0.0 0.0 0.0 1.0 5.0 0.0
748.0060483606985 1.0 0.0 0.0 0.0 0.0 1.0 5.0 0.0
749.0050839103926 1.0 0.0 0.0 0.0 0.0 1.0 5.0 0.0
750.0060483606985 1.0 0.0 0.0 0.0 0.0 1.0 5.0 0.0
751.0060483606985 1.0 0.0 0.0 0.0 0.0 1.0 5.0 0.0
752.0060483606985 1.0 0.0 0.0 0.0 0.0 1.0 5.0 0.0
753.004930355086 1.0 0.0 0.0 0.0 0.0 1.0 5.0 0.0
754.0060483606985 1.0 0.0 0.0 0.0 0.0 1.0 5.0 0.0
755.0060483606985 1.0 0.0 0.0 0.0 0.0 1.0 5.0 0.0
756.0036473234089 1.0 0.0 0.0 0.0 0.0 1.0 5.0 0.0
757.0060483606985 1.0 0.0 0.0 0.0 0.0 1.0 5.0 0.0
758.0060483606985 1.0 0.0 0.0 0.0 0.0 1.0 5.0 0.0
759.0060483606985 1.0 0.0 0.0 0.0 0.0 1.0 5.0 0.0
760.005331424371 1.0 0.0 0.0 0.0 0.0 1.0 5.0 0.0
761.0060483606985 1.0 0.0 0.0 0.0 0.0 1.0 5.0 0.0
762.0017505566974 1.0 0.0 0.0 0.0 0.0 1.0 5.0 0.0
763.0060483606985 1.0 0.0 0.0 0.0 0.0 1.0 5.0 0.0
764.0060483606985 1.0 0.0 0.0 0.0 0.0 1.0 5.0 0.0
765.0031216461132 1.0 0.0 0.0 0.0 0.0 1.0 5.0 0.0
766.00516907941 1.0 0.0 0.0 0.0 0.0 1.0 5.0 0.0
767.0060483606985 1.0 0.0 0.0 0.0 0.0 1.0 5.0 0.0
768.0048551219644 1.0 0.0 0.0 0.0 0.0 1.0 5.0 0.0
769.0035818398258 1.0 0.0 0.0 0.0 0.0 1.0 5.0 0.0
770.0060483606985 1.0 0.0 0.0 0.0 0.0 1.0 5.0 0.0
771.0060483606985 1.0 0.0 0.0 0.0 0.0 1.0 5.0 0.0
772.0060483606985 1.0 0.0 0.0 0.0 0.0 1.0 5.0 0.0
773.0060483606985 1.0 0.0 0.0 0.0 0.0 1.0 5.0 0.0
774.0060483606985 1.0 0.0 0.0 0.0 0.0 1.0 5.0 0.0
775.0060483606985 1.0 0.0 0.0 0.0 0.0 1.0 5.0 0.0
776.0060483606985 1.0 0.0 0.0 0.0 0.0 1.0 5.0 0.0
777.0049344206401 1.0 0.0 0.0 0.0 0.0 1.0 5.0 0.0
778.0060483606985 1.0 0.0 0.0 0.0 0.0 1.0 5.0 0.0
779.0060483606985 1.0 0.0 0.0 0.0 0.0 1.0 5.0 0.0
780.0060483606985 1.0 0.0 0.0 0.0 0.0 1.0 5.0 0.0
781.0060483606985 1.0 0.0 0.0 0.0 0.0 1.0 5.0 0.0
782.0060483606985 1.0 0.0 0.0 0.0 0.0 1.0 5.0 0.0
783.0060483606985 1.0 0.0 0.0 0.0 0.0 1.0 5.0 0.0
784.0060483606985 1.0 0.0 0.0 0.0 0.0 1.0 5.0 0.0
785.0000764134608 1.0 0.0 0.0 0.0 0.0 1.0 5.0 0.0
786.0060483606985 1.0 0.0 0.0 0.0 0.0 1.0 5.0 0.0
787.0060483606985 1.0 0.0 0.0 0.0 0.0 1.0 5.0 0.0
788.0060483606985 1.0 0.0 0.0 0.0 0.0 1.0 5.0 0.0
789.0060483606985 1.0 0.0 0.0 0.0 0.0 1.0 5.0 0.0
790.0060483606985 1.0 0.0 0.0 0.0 0.0 1.0 5.0 0.0
791.0060483606985 1.0 0.0 0.0 0.0 0.0 1.0 5.0 0.0
792.0060483606985 1.0 0.0 0.0 0.0 0.0 1.0 5.0 0.0
793.0060483606985 1.0 0.0 0.0 0.0 0.0 1.0 5.0 0.0
794.0060483606985 1.0 0.0 0.0 0.0 0.0 1.0 5.0 0.0
795.0059859578287 1.0 0.0 0.0 0.0 0.0 1.0 5.0 0.0
796.0060483606985 1.0 0.0 0.0 0.0 0.0 1.0 5.0 0.0
797.0060483606985 1.0 0.0 0.0 0.0 0.0 1.0 5.0 0.0
798.0060483606985 1.0 0.0 0.0 0.0 0.0 1.0 5.0 0.0
799.0060483606985 1.0 0.0 0.0 0.0 0.0 1.0 5.0 0.0
800.0060483606985 1.0 0.0 0.0 0.0 0.0 1.0 5.0 0.0
801.0009550582853 1.0 0.0 0.0 0.0 0.0 1.0 5.0 0.0
802.0060483606985 1.0 0.0 0.0 0.0 0.0 1.0 5.0 0.0
803.0060483606985 1.0 0.0 0.0 0.0 0.0 1.0 5.0 0.0
804.0060483606985 1.0 0.0 0.0 0.0 0.0 1.0 5.0 0.0
805.0060483606985 1.0 0.0 0.0 0.0 0.0 1.0 5.0 0.0
806.0060483606985 1.0 0.0 0.0 0.0 0.0 1.0 5.0 0.0
807.0060483606985 1.0 0.0 0.0 0.0 0.0 1.0 5.0 0.0
808.0060483606985 1.0 0.0 0.0 0.0 0.0 1.0 5.0 0.0
809.0060483606985 1.0 0.0 0.0 0.0 0.0 1.0 5.0 0.0
810.0060483606985 1.0 0.0 0.0 0.0 0.0 1.0 5.0 0.0
811.0060483606985 1.0 0.0 0.0 0.0 0.0 1.0 5.0 0.0
812.0060342284953 1.0 0.0 0.0 0.0 0.0 1.0 5.0 0.0
813.0060483606985 1.0 0.0 0.0 0.0 0.0 1.0 5.0 0.0
814.0060483606985 1.0 0.0 0.0 0.0 0.0 1.0 5.0 0.0
815.0060483606985 1.0 0.0 0.0 0.0 0.0 1.0 5.0 0.0
816.0060483606985 1.0 0.0 0.0 0.0 0.0 1.0 5.0 0.0
817.0060483606985 1.0 0.0 0.0 0.0 0.0 1.0 5.0 0.0
818.0001130915758 1.0 0.0 0.0 0.0 0.0 1.0 5.0 0.0
819.0060483606985 1.0 0.0 0.0 0.0 0.0 1.0 5.0 0.0
820.0060483606985 1.0 0.0 0.0 0.0 0.0 1.0 5.0 0.0
821.0060483606985 1.0 0.0 0.0 0.0 0.0 1.0 5.0 0.0
822.0049555652988 1.0 0.0 0.0 0.0 0.0 1.0 5.0 0.0
823.0060483606985 1.0 0.0 0.0 0.0 0.0 1.0 5.0 0.0
824.0060483606985 1.0 0.0 0.0 0.0 0.0 1.0 5.0 0.0
825.0060483606985 1.0 0.0 0.0 0.0 0.0 1.0 5.0 0.0
826.0060483606985 1.0 0.0 0.0 0.0 0.0 1.0 5.0 0.0
827.0036956006137 1.0 0.0 0.0 0.0 0.0 1.0 5.0 0.0
828.0060483606985 1.0 0.0 0.0 0.0 0.0 1.0 5.0 0.0
829.0060483606985 1.0 0.0 0.0 0.0 0.0 1.0 5.0 0.0
830.0060483606985 1.0 0.0 0.0 0.0 0.0 1.0 5.0 0.0
831.0060483606985 1.0 0.0 0.0 0.0 0.0 1.0 5.0 0.0
832.0060483606985 1.0 0.0 0.0 0.0 0.0 1.0 5.0 0.0
833.0060483606985 1.0 0.0 0.0 0.0 0.0 1.0 5.0 0.0
834.0060483606985 1.0 0.0 0.0 0.0 0.0 1.0 5.0 0.0
835.0060483606985 1.0 0.0 0.0 0.0 0.0 1.0 5.0 0.0
836.0060483606985 1.0 0.0 0.0 0.0 0.0 1.0 5.0 0.0
837.0060483606985 1.0 0.0 0.0 0.0 0.0 1.0 5.0 0.0
838.0060483606985 1.0 0.0 0.0 0.0 0.0 1.0 5.0 0.0
839.0060483606985 1.0 0.0 0.0 0.0 0.0 1.0 5.0 0.0
840.0021092416698 1.0 0.0 0.0 0.0 0.0 1.0 5.0 0.0
841.0036230551658 1.0 0.0 0.0 0.0 0.0 1.0 5.0 0.0
842.0060483606985 1.0 0.0 0.0 0.0 0.0 1.0 5.0 0.0
843.0060483606985 1.0 0.0 0.0 0.0 0.0 1.0 5.0 0.0
844.0060483606985 1.0 0.0 0.0 0.0 0.0 1.0 5.0 0.0
845.0060483606985 1.0 0.0 0.0 0.0 0.0 1.0 5.0 0.0
846.0060483606985 1.0 0.0 0.0 0.0 0.0 1.0 5.0 0.0
847.002761689443 1.0 0.0 0.0 0.0 0.0 1.0 5.0 0.0
848.0029437099995 1.0 0.0 0.0 0.0 0.0 1.0 5.0 0.0
849.0060483606985 1.0 0.0 0.0 0.0 0.0 1.0 5.0 0.0
850.0060483606985 1.0 0.0 0.0 0.0 0.0 1.0 5.0 0.0
851.0055604151931 1.0 0.0 0.0 0.0 0.0 1.0 5.0 0.0
852.0014897107116 1.0 0.0 0.0 0.0 0.0 1.0 5.0 0.0
853.0060483606985 1.0 0.0 0.0 0.0 0.0 1.0 5.0 0.0
854.0016070331229 1.0 0.0 0.0 0.0 0.0 1.0 5.0 0.0
855.0048886595605 1.0 0.0 0.0 0.0 0.0 1.0 5.0 0.0
856.0060483606985 1.0 0.0 0.0 0.0 0.0 1.0 5.0 0.0
857.0060483606985 1.0 0.0 0.0 0.0 0.0 1.0 5.0 0.0
858.0035928903616 1.0 0.0 0.0 0.0 0.0 1.0 5.0 0.0
859.0060483606985 1.0 0.0 0.0 0.0 0.0 1.0 5.0 0.0
860.0060483606985 1.0 0.0 0.0 0.0 0.0 1.0 5.0 0.0
861.0060483606985 1.0 0.0 0.0 0.0 0.0 1.0 5.0 0.0
862.0060483606985 1.0 0.0 0.0 0.0 0.0 1.0 5.0 0.0
863.0060483606985 1.0 0.0 0.0 0.0 0.0 1.0 5.0 0.0
864.0003576871899 1.0 0.0 0.0 0.0 0.0 1.0 5.0 0.0
865.0060483606985 1.0 0.0 0.0 0.0 0.0 1.0 5.0 0.0
866.0060483606985 1.0 0.0 0.0 0.0 0.0 1.0 5.0 0.0
867.0060483606985 1.0 0.0 0.0 0.0 0.0 1.0 5.0 0.0
868.0060483606985 1.0 0.0 0.0 0.0 0.0 1.0 5.0 0.0
869.0060483606985 1.0 0.0 0.0 0.0 0.0 1.0 5.0 0.0
870.0060483606985 1.0 0.0 0.0 0.0 0.0 1.0 5.0 0.0
871.0060483606985 1.0 0.0 0.0 0.0 0.0 1.0 5.0 0.0
872.0060483606985 1.0 0.0 0.0 0.0 0.0 1.0 5.0 0.0
873.0060483606985 1.0 0.0 0.0 0.0 0.0 1.0 5.0 0.0
874.0060483606985 1.0 0.0 0.0 0.0 0.0 1.0 5.0 0.0
875.0060483606985 1.0 0.0 0.0 0.0 0.0 1.0 5.0 0.0
876.0060483606985 1.0 0.0 0.0 0.0 0.0 1.0 5.0 0.0
877.0060483606985 1.0 0.0 0.0 0.0 0.0 1.0 5.0 0.0
878.0060483606985 1.0 0.0 0.0 0.0 0.0 1.0 5.0 0.0
879.0060483606985 1.0 0.0 0.0 0.0 0.0 1.0 5.0 0.0
880.0060483606985 1.0 0.0 0.0 0.0 0.0 1.0 5.0 0.0
881.0060483606985 1.0 0.0 0.0 0.0 0.0 1.0 5.0 0.0
882.0060483606985 1.0 0.0 0.0 0.0 0.0 1.0 5.0 0.0
883.0060483606985 1.0 0.0 0.0 0.0 0.0 1.0 5.0 0.0
884.0019348445554 1.0 0.0 0.0 0.0 0.0 1.0 5.0 0.0
885.0060483606985 1.0 0.0 0.0 0.0 0.0 1.0 5.0 0.0
886.0060126598785 1.0 0.0 0.0 0.0 0.0 1.0 5.0 0.0
887.001754788495 1.0 0.0 0.0 0.0 0.0 1.0 5.0 0.0
888.0060483606985 1.0 0.0 0.0 0.0 0.0 1.0 5.0 0.0
889.0060483606985 1.0 0.0 0.0 0.0 0.0 1.0 5.0 0.0
890.0060483606985 1.0 0.0 0.0 0.0 0.0 1.0 5.0 0.0
891.0060483606985 1.0 0.0 0.0 0.0 0.0 1.0 5.0 0.0
892.0060483606985 1.0 0.0 0.0 0.0 0.0 1.0 5.0 0.0
893.0060483606985 1.0 0.0 0.0 0.0 0.0 1.0 5.0 0.0
894.0060483606985 1.0 0.0 0.0 0.0 0.0 1.0 5.0 0.0
895.0060483606985 1.0 0.0 0.0 0.0 0.0 1.0 5.0 0.0
896.0060483606985 1.0 0.0 0.0 0.0 0.0 1.0 5.0 0.0
897.0060483606985 1.0 0.0 0.0 0.0 0.0 1.0 5.0 0.0
898.002048029252 1.0 0.0 0.0 0.0 0.0 1.0 5.0 0.0
899.0060483606985 1.0 0.0 0.0 0.0 0.0 1.0 5.0 0.0
900.0060483606985 1.0 0.0 0.0 0.0 0.0 1.0 5.0 0.0
901.0060483606985 1.0 0.0 0.0 0.0 0.0 1.0 5.0 0.0
902.0060483606985 1.0 0.0 0.0 0.0 0.0 1.0 5.0 0.0
903.0034718101813 1.0 0.0 0.0 0.0 0.0 1.0 5.0 0.0
904.0060483606985 1.0 0.0 0.0 0.0 0.0 1.0 5.0 0.0
905.0060483606985 1.0 0.0 0.0 0.0 0.0 1.0 5.0 0.0
906.0028007478174 1.0 0.0 0.0 0.0 0.0 1.0 5.0 0.0
907.0060483606985 1.0 0.0 0.0 0.0 0.0 1.0 5.0 0.0
908.0060483606985 1.0 0.0 0.0 0.0 0.0 1.0 5.0 0.0
909.0015097866726 1.0 0.0 0.0 0.0 0.0 1.0 5.0 0.0
910.0060483606985 1.0 0.0 0.0 0.0 0.0 1.0 5.0 0.0
911.0060483606985 1.0 0.0 0.0 0.0 0.0 1.0 5.0 0.0
912.0060483606985 1.0 0.0 0.0 0.0 0.0 1.0 5.0 0.0
913.0037178214371 1.0 0.0 0.0 0.0 0.0 1.0 5.0 0.0
914.0060483606985 1.0 0.0 0.0 0.0 0.0 1.0 5.0 0.0
915.0060483606985 1.0 0.0 0.0 0.0 0.0 1.0 5.0 0.0
916.0060483606985 1.0 0.0 0.0 0.0 0.0 1.0 5.0 0.0
917.0060483606985 1.0 0.0 0.0 0.0 0.0 1.0 5.0 0.0
918.0060483606985 1.0 0.0 0.0 0.0 0.0 1.0 5.0 0.0
919.0060483606985 1.0 0.0 0.0 0.0 0.0 1.0 5.0 0.0
920.0060483606985 1.0 0.0 0.0 0.0 0.0 1.0 5.0 0.0
921.0060483606985 1.0 0.0 0.0 0.0 0.0 1.0 5.0 0.0
922.0060483606985 1.0 0.0 0.0 0.0 0.0 1.0 5.0 0.0
923.0060483606985 1.0 0.0 0.0 0.0 0.0 1.0 5.0 0.0
924.0017383303428 1.0 0.0 0.0 0.0 0.0 1.0 5.0 0.0
925.0060483606985 1.0 0.0 0.0 0.0 0.0 1.0 5.0 0.0
926.0060483606985 1.0 0.0 0.0 0.0 0.0 1.0 5.0 0.0
927.0060483606985 1.0 0.0 0.0 0.0 0.0 1.0 5.0 0.0
928.0060483606985 1.0 0.0 0.0 0.0 0.0 1.0 5.0 0.0
929.0017506971913 1.0 0.0 0.0 0.0 0.0 1.0 5.0 0.0
930.0060483606985 1.0 0.0 0.0 0.0 0.0 1.0 5.0 0.0
931.0060483606985 1.0 0.0 0.0 0.0 0.0 1.0 5.0 0.0
932.0025545341963 1.0 0.0 0.0 0.0 0.0 1.0 5.0 0.0
933.0060483606985 1.0 0.0 0.0 0.0 0.0 1.0 5.0 0.0
934.0039200181108 1.0 0.0 0.0 0.0 0.0 1.0 5.0 0.0
935.0052469513363 1.0 0.0 0.0 0.0 0.0 1.0 5.0 0.0
936.0060483606985 1.0 0.0 0.0 0.0 0.0 1.0 5.0 0.0
937.0060483606985 1.0 0.0 0.0 0.0 0.0 1.0 5.0 0.0
938.0060483606985 1.0 0.0 0.0 0.0 0.0 1.0 5.0 0.0
939.0052688456535 1.0 0.0 0.0 0.0 0.0 1.0 5.0 0.0
940.0029377990886 1.0 0.0 0.0 0.0 0.0 1.0 5.0 0.0
941.0060483606985 1.0 0.0 0.0 0.0 0.0 1.0 5.0 0.0
942.0060483606985 1.0 0.0 0.0 0.0 0.0 1.0 5.0 0.0
943.0060483606985 1.0 0.0 0.0 0.0 0.0 1.0 5.0 0.0
944.0060483606985 1.0 0.0 0.0 0.0 0.0 1.0 5.0 0.0
945.0060483606985 1.0 0.0 0.0 0.0 0.0 1.0 5.0 0.0
946.0060483606985 1.0 0.0 0.0 0.0 0.0 1.0 5.0 0.0
947.0060483606985 1.0 0.0 0.0 0.0 0.0 1.0 5.0 0.0
948.0023481380492 1.0 0.0 0.0 0.0 0.0 1.0 5.0 0.0
949.0060483606985 1.0 0.0 0.0 0.0 0.0 1.0 5.0 0.0
950.0060483606985 1.0 0.0 0.0 0.0 0.0 1.0 5.0 0.0
951.0060483606985 1.0 0.0 0.0 0.0 0.0 1.0 5.0 0.0
952.0060483606985 1.0 0.0 0.0 0.0 0.0 1.0 5.0 0.0
953.0060483606985 1.0 0.0 0.0 0.0 0.0 1.0 5.0 0.0
954.0060483606985 1.0 0.0 0.0 0.0 0.0 1.0 5.0 0.0
955.0060483606985 1.0 0.0 0.0 0.0 0.0 1.0 5.0 0.0
956.0060483606985 1.0 0.0 0.0 0.0 0.0 1.0 5.0 0.0
957.0028531598172 1.0 0.0 0.0 0.0 0.0 1.0 5.0 0.0
958.0060483606985 1.0 0.0 0.0 0.0 0.0 1.0 5.0 0.0
959.0060483606985 1.0 0.0 0.0 0.0 0.0 1.0 5.0 0.0
960.0060483606985 1.0 0.0 0.0 0.0 0.0 1.0 5.0 0.0
961.0060483606985 1.0 0.0 0.0 0.0 0.0 1.0 5.0 0.0
962.0005152628672 1.0 0.0 0.0 0.0 0.0 1.0 5.0 0.0
963.0006155333426 1.0 0.0 0.0 0.0 0.0 1.0 5.0 0.0
964.0060483606985 1.0 0.0 0.0 0.0 0.0 1.0 5.0 0.0
965.0060483606985 1.0 0.0 0.0 0.0 0.0 1.0 5.0 0.0
966.0060483606985 1.0 0.0 0.0 0.0 0.0 1.0 5.0 0.0
967.0060483606985 1.0 0.0 0.0 0.0 0.0 1.0 5.0 0.0
968.0060483606985 1.0 0.0 0.0 0.0 0.0 1.0 5.0 0.0
969.0060483606985 1.0 0.0 0.0 0.0 0.0 1.0 5.0 0.0
970.0060483606985 1.0 0.0 0.0 0.0 0.0 1.0 5.0 0.0
971.0058532024383 1.0 0.0 0.0 0.0 0.0 1.0 5.0 0.0
972.0060483606985 1.0 0.0 0.0 0.0 0.0 1.0 5.0 0.0
973.0060483606985 1.0 0.0 0.0 0.0 0.0 1.0 5.0 0.0
974.0060483606985 1.0 0.0 0.0 0.0 0.0 1.0 5.0 0.0
975.0060483606985 1.0 0.0 0.0 0.0 0.0 1.0 5.0 0.0
976.0060483606985 1.0 0.0 0.0 0.0 0.0 1.0 5.0 0.0
977.0012962751871 1.0 0.0 0.0 0.0 0.0 1.0 5.0 0.0
978.0041193437961 1.0 0.0 0.0 0.0 0.0 1.0 5.0 0.0
979.0060483606985 1.0 0.0 0.0 0.0 0.0 1.0 5.0 0.0
980.0056805119679 1.0 0.0 0.0 0.0 0.0 1.0 5.0 0.0
981.0027410080959 1.0 0.0 0.0 0.0 0.0 1.0 5.0 0.0
982.0031974336448 1.0 0.0 0.0 0.0 0.0 1.0 5.0 0.0
983.0060483606985 1.0 0.0 0.0 0.0 0.0 1.0 5.0 0.0
984.0060483606985 1.0 0.0 0.0 0.0 0.0 1.0 5.0 0.0
985.0060483606985 1.0 0.0 0.0 0.0 0.0 1.0 5.0 0.0
986.0060483606985 1.0 0.0 0.0 0.0 0.0 1.0 5.0 0.0
987.0026737567141 1.0 0.0 0.0 0.0 0.0 1.0 5.0 0.0
988.0060483606985 1.0 0.0 0.0 0.0 0.0 1.0 5.0 0.0
989.0060483606985 1.0 0.0 0.0 0.0 0.0 1.0 5.0 0.0
990.0060483606985 1.0 0.0 0.0 0.0 0.0 1.0 5.0 0.0
991.005738361061 1.0 0.0 0.0 0.0 0.0 1.0 5.0 0.0
992.0060483606985 1.0 0.0 0.0 0.0 0.0 1.0 5.0 0.0
993.0060483606985 1.0 0.0 0.0 0.0 0.0 1.0 5.0 0.0
994.0060483606985 1.0 0.0 0.0 0.0 0.0 1.0 5.0 0.0
995.0004774443091 1.0 0.0 0.0 0.0 0.0 1.0 5.0 0.0
996.0060483606985 1.0 0.0 0.0 0.0 0.0 1.0 5.0 0.0
997.0060483606985 1.0 0.0 0.0 0.0 0.0 1.0 5.0 0.0
998.0060483606985 1.0 0.0 0.0 0.0 0.0 1.0 5.0 0.0
999.0060483606985 1.0 0.0 0.0 0.0 0.0 1.0 5.0 0.0
1000.0060483606985 1.0 0.0 0.0 0.0 0.0 1.0 5.0 0.0
1001.0060483606985 1.0 0.0 0.0 0.0 0.0 1.0 5.0 0.0
1002.0060483606985 1.0 0.0 0.0 0.0 0.0 1.0 5.0 0.0
1003.0060483606985 1.0 0.0 0.0 0.0 0.0 1.0 5.0 0.0
1004.003407061023 1.0 0.0 0.0 0.0 0.0 1.0 5.0 0.0
1005.0025871794187 1.0 0.0 0.0 0.0 0.0 1.0 5.0 0.0
1006.0060483606985 1.0 0.0 0.0 0.0 0.0 1.0 5.0 0.0
1007.0060483606985 1.0 0.0 0.0 0.0 0.0 1.0 5.0 0.0
1008.0060483606985 1.0 0.0 0.0 0.0 0.0 1.0 5.0 0.0
1009.0060483606985 1.0 0.0 0.0 0.0 0.0 1.0 5.0 0.0
1010.0060483606985 1.0 0.0 0.0 0.0 0.0 1.0 5.0 0.0
1011.0060483606985 1.0 0.0 0.0 0.0 0.0 1.0 5.0 0.0
1012.005257673407 1.0 0.0 0.0 0.0 0.0 1.0 5.0 0.0
1013.0060483606985 1.0 0.0 0.0 0.0 0.0 1.0 5.0 0.0
1014.0060483606985 1.0 0.0 0.0 0.0 0.0 1.0 5.0 0.0
1015.0040104586449 1.0 0.0 0.0 0.0 0.0 1.0 5.0 0.0
1016.0040046053733 1.0 0.0 0.0 0.0 0.0 1.0 5.0 0.0
1017.0060483606985 1.0 0.0 0.0 0.0 0.0 1.0 5.0 0.0
1018.0060483606985 1.0 0.0 0.0 0.0 0.0 1.0 5.0 0.0
1019.00404262608 1.0 0.0 0.0 0.0 0.0 1.0 5.0 0.0
1020.0060483606985 1.0 0.0 0.0 0.0 0.0 1.0 5.0 0.0
1021.0060483606985 1.0 0.0 0.0 0.0 0.0 1.0 5.0 0.0
1022.001062404269 1.0 0.0 0.0 0.0 0.0 1.0 5.0 0.0
1023.0060483606985 1.0 0.0 0.0 0.0 0.0 1.0 5.0 0.0
1024.0060483606985 1.0 0.0 0.0 0.0 0.0 1.0 5.0 0.0
1025.0010348497844 1.0 0.0 0.0 0.0 0.0 1.0 5.0 0.0
1026.0060483606985 1.0 0.0 0.0 0.0 0.0 1.0 5.0 0.0
1027.0060483606985 1.0 0.0 0.0 0.0 0.0 1.0 5.0 0.0
1028.0060483606985 1.0 0.0 0.0 0.0 0.0 1.0 5.0 0.0
1029.0060483606985 1.0 0.0 0.0 0.0 0.0 1.0 5.0 0.0
1030.0060483606985 1.0 0.0 0.0 0.0 0.0 1.0 5.0 0.0
1031.0060483606985 1.0 0.0 0.0 0.0 0.0 1.0 5.0 0.0
1032.0060483606985 1.0 0.0 0.0 0.0 0.0 1.0 5.0 0.0
1033.0060483606985 1.0 0.0 0.0 0.0 0.0 1.0 5.0 0.0
1034.0012345981545 1.0 0.0 0.0 0.0 0.0 1.0 5.0 0.0
1035.0060483606985 1.0 0.0 0.0 0.0 0.0 1.0 5.0 0.0
1036.0060483606985 1.0 0.0 0.0 0.0 0.0 1.0 5.0 0.0
1037.0060483606985 1.0 0.0 0.0 0.0 0.0 1.0 5.0 0.0
1038.0060483606985 1.0 0.0 0.0 0.0 0.0 1.0 5.0 0.0
1039.0060483606985 1.0 0.0 0.0 0.0 0.0 1.0 5.0 0.0
1040.0060483606985 1.0 0.0 0.0 0.0 0.0 1.0 5.0 0.0
1041.0060483606985 1.0 0.0 0.0 0.0 0.0 1.0 5.0 0.0
1042.0060483606985 1.0 0.0 0.0 0.0 0.0 1.0 5.0 0.0
1043.0060483606985 1.0 0.0 0.0 0.0 0.0 1.0 5.0 0.0
1044.0060483606985 1.0 0.0 0.0 0.0 0.0 1.0 5.0 0.0
1045.002506013837 1.0 0.0 0.0 0.0 0.0 1.0 5.0 0.0
1046.0040802507194 1.0 0.0 0.0 0.0 0.0 1.0 5.0 0.0
1047.0014470554845 1.0 0.0 0.0 0.0 0.0 1.0 5.0 0.0
1048.0060483606985 1.0 0.0 0.0 0.0 0.0 1.0 5.0 0.0
1049.0060483606985 1.0 0.0 0.0 0.0 0.0 1.0 5.0 0.0
1050.0021801137307 1.0 0.0 0.0 0.0 0.0 1.0 5.0 0.0
1051.0060483606985 1.0 0.0 0.0 0.0 0.0 1.0 5.0 0.0
1052.0060483606985 1.0 0.0 0.0 0.0 0.0 1.0 5.0 0.0
1053.0060483606985 1.0 0.0 0.0 0.0 0.0 1.0 5.0 0.0
1054.0026393276826 1.0 0.0 0.0 0.0 0.0 1.0 5.0 0.0
1055.0060483606985 1.0 0.0 0.0 0.0 0.0 1.0 5.0 0.0
1056.0041166288709 1.0 0.0 0.0 0.0 0.0 1.0 5.0 0.0
1057.0060483606985 1.0 0.0 0.0 0.0 0.0 1.0 5.0 0.0
1058.0060483606985 1.0 0.0 0.0 0.0 0.0 1.0 5.0 0.0
1059.0060483606985 1.0 0.0 0.0 0.0 0.0 1.0 5.0 0.0
1060.0060483606985 1.0 0.0 0.0 0.0 0.0 1.0 5.0 0.0
1061.0060483606985 1.0 0.0 0.0 0.0 0.0 1.0 5.0 0.0
1062.0060483606985 1.0 0.0 0.0 0.0 0.0 1.0 5.0 0.0
1063.0060483606985 1.0 0.0 0.0 0.0 0.0 1.0 5.0 0.0
1064.0002030936282 1.0 0.0 0.0 0.0 0.0 1.0 5.0 0.0
1065.0060483606985 1.0 0.0 0.0 0.0 0.0 1.0 5.0 0.0
1066.0060483606985 1.0 0.0 0.0 0.0 0.0 1.0 5.0 0.0
1067.0053555434426 1.0 0.0 0.0 0.0 0.0 1.0 5.0 0.0
1068.0060483606985 1.0 0.0 0.0 0.0 0.0 1.0 5.0 0.0
1069.0060483606985 1.0 0.0 0.0 0.0 0.0 1.0 5.0 0.0
1070.0060483606985 1.0 0.0 0.0 0.0 0.0 1.0 5.0 0.0
1071.0060483606985 1.0 0.0 0.0 0.0 0.0 1.0 5.0 0.0
1072.0060483606985 1.0 0.0 0.0 0.0 0.0 1.0 5.0 0.0
1073.0060483606985 1.0 0.0 0.0 0.0 0.0 1.0 5.0 0.0
1074.0060483606985 1.0 0.0 0.0 0.0 0.0 1.0 5.0 0.0
1075.0060483606985 1.0 0.0 0.0 0.0 0.0 1.0 5.0 0.0
1076.0060483606985 1.0 0.0 0.0 0.0 0.0 1.0 5.0 0.0
1077.0060483606985 1.0 0.0 0.0 0.0 0.0 1.0 5.0 0.0
1078.0060483606985 1.0 0.0 0.0 0.0 0.0 1.0 5.0 0.0
1079.0060483606985 1.0 0.0 0.0 0.0 0.0 1.0 5.0 0.0
1080.0060483606985 1.0 0.0 0.0 0.0 0.0 1.0 5.0 0.0
1081.0060483606985 1.0 0.0 0.0 0.0 0.0 1.0 5.0 0.0
1082.0060483606985 1.0 0.0 0.0 0.0 0.0 1.0 5.0 0.0
1083.0060483606985 1.0 0.0 0.0 0.0 0.0 1.0 5.0 0.0
1084.0060483606985 1.0 0.0 0.0 0.0 0.0 1.0 5.0 0.0
1085.0060483606985 1.0 0.0 0.0 0.0 0.0 1.0 5.0 0.0
1086.0060483606985 1.0 0.0 0.0 0.0 0.0 1.0 5.0 0.0
1087.0002415763674 1.0 0.0 0.0 0.0 0.0 1.0 5.0 0.0
1088.0060483606985 1.0 0.0 0.0 0.0 0.0 1.0 5.0 0.0
1089.0060483606985 1.0 0.0 0.0 0.0 0.0 1.0 5.0 0.0
1090.0060483606985 1.0 0.0 0.0 0.0 0.0 1.0 5.0 0.0
1091.0060483606985 1.0 0.0 0.0 0.0 0.0 1.0 5.0 0.0
1092.0060483606985 1.0 0.0 0.0 0.0 0.0 1.0 5.0 0.0
1093.0060483606985 1.0 0.0 0.0 0.0 0.0 1.0 5.0 0.0
1094.0060483606985 1.0 0.0 0.0 0.0 0.0 1.0 5.0 0.0
1095.0060483606985 1.0 0.0 0.0 0.0 0.0 1.0 5.0 0.0
1096.0060483606985 1.0 0.0 0.0 0.0 0.0 1.0 5.0 0.0
1097.0060483606985 1.0 0.0 0.0 0.0 0.0 1.0 5.0 0.0
1098.0060483606985 1.0 0.0 0.0 0.0 0.0 1.0 5.0 0.0
1099.0060483606985 1.0 0.0 0.0 0.0 0.0 1.0 5.0 0.0
1100.0060483606985 1.0 0.0 0.0 0.0 0.0 1.0 5.0 0.0
1101.0060483606985 1.0 0.0 0.0 0.0 0.0 1.0 5.0 0.0
1102.0060483606985 1.0 0.0 0.0 0.0 0.0 1.0 5.0 0.0
1103.0060483606985 1.0 0.0 0.0 0.0 0.0 1.0 5.0 0.0
1104.0060483606985 1.0 0.0 0.0 0.0 0.0 1.0 5.0 0.0
1105.0060483606985 1.0 0.0 0.0 0.0 0.0 1.0 5.0 0.0
1106.0054439310215 1.0 0.0 0.0 0.0 0.0 1.0 5.0 0.0
1107.0060483606985 1.0 0.0 0.0 0.0 0.0 1.0 5.0 0.0
1108.0060483606985 1.0 0.0 0.0 0.0 0.0 1.0 5.0 0.0
1109.0060483606985 1.0 0.0 0.0 0.0 0.0 1.0 5.0 0.0
1110.0060483606985 1.0 0.0 0.0 0.0 0.0 1.0 5.0 0.0
1111.001770729438 1.0 0.0 0.0 0.0 0.0 1.0 5.0 0.0
1112.0060483606985 1.0 0.0 0.0 0.0 0.0 1.0 5.0 0.0
1113.0060483606985 1.0 0.0 0.0 0.0 0.0 1.0 5.0 0.0
1114.0060483606985 1.0 0.0 0.0 0.0 0.0 1.0 5.0 0.0
1115.0060483606985 1.0 0.0 0.0 0.0 0.0 1.0 5.0 0.0
1116.0060483606985 1.0 0.0 0.0 0.0 0.0 1.0 5.0 0.0
1117.0060483606985 1.0 0.0 0.0 0.0 0.0 1.0 5.0 0.0
1118.0060483606985 1.0 0.0 0.0 0.0 0.0 1.0 5.0 0.0
1119.00437070134 1.0 0.0 0.0 0.0 0.0 1.0 5.0 0.0
1120.0001687084439 1.0 0.0 0.0 0.0 0.0 1.0 5.0 0.0
1121.0002644796512 1.0 0.0 0.0 0.0 0.0 1.0 5.0 0.0
1122.0036308339188 1.0 0.0 0.0 0.0 0.0 1.0 5.0 0.0
1123.0014458964554 1.0 0.0 0.0 0.0 0.0 1.0 5.0 0.0
1124.0060483606985 1.0 0.0 0.0 0.0 0.0 1.0 5.0 0.0
1125.0060483606985 1.0 0.0 0.0 0.0 0.0 1.0 5.0 0.0
1126.003744895723 1.0 0.0 0.0 0.0 0.0 1.0 5.0 0.0
1127.0060483606985 1.0 0.0 0.0 0.0 0.0 1.0 5.0 0.0
1128.0060483606985 1.0 0.0 0.0 0.0 0.0 1.0 5.0 0.0
1129.0060483606985 1.0 0.0 0.0 0.0 0.0 1.0 5.0 0.0
1130.0060483606985 1.0 0.0 0.0 0.0 0.0 1.0 5.0 0.0
1131.0060483606985 1.0 0.0 0.0 0.0 0.0 1.0 5.0 0.0
1132.0060483606985 1.0 0.0 0.0 0.0 0.0 1.0 5.0 0.0
1133.0060483606985 1.0 0.0 0.0 0.0 0.0 1.0 5.0 0.0
1134.0060483606985 1.0 0.0 0.0 0.0 0.0 1.0 5.0 0.0
1135.0060483606985 1.0 0.0 0.0 0.0 0.0 1.0 5.0 0.0
1136.0011317855399 1.0 0.0 0.0 0.0 0.0 1.0 5.0 0.0
1137.0060483606985 1.0 0.0 0.0 0.0 0.0 1.0 5.0 0.0
1138.0060483606985 1.0 0.0 0.0 0.0 0.0 1.0 5.0 0.0
1139.0022393523184 1.0 0.0 0.0 0.0 0.0 1.0 5.0 0.0
1140.0060483606985 1.0 0.0 0.0 0.0 0.0 1.0 5.0 0.0
1141.0060483606985 1.0 0.0 0.0 0.0 0.0 1.0 5.0 0.0
1142.0060483606985 1.0 0.0 0.0 0.0 0.0 1.0 5.0 0.0
1143.0060483606985 1.0 0.0 0.0 0.0 0.0 1.0 5.0 0.0
1144.0060483606985 1.0 0.0 0.0 0.0 0.0 1.0 5.0 0.0
1145.0060483606985 1.0 0.0 0.0 0.0 0.0 1.0 5.0 0.0
1146.0060483606985 1.0 0.0 0.0 0.0 0.0 1.0 5.0 0.0
1147.0039295948527 1.0 0.0 0.0 0.0 0.0 1.0 5.0 0.0
1148.0060483606985 1.0 0.0 0.0 0.0 0.0 1.0 5.0 0.0
1149.0060483606985 1.0 0.0 0.0 0.0 0.0 1.0 5.0 0.0
1150.0060483606985 1.0 0.0 0.0 0.0 0.0 1.0 5.0 0.0
1151.003835285317 1.0 0.0 0.0 0.0 0.0 1.0 5.0 0.0
1152.002664752743 1.0 0.0 0.0 0.0 0.0 1.0 5.0 0.0
1153.0060483606985 1.0 0.0 0.0 0.0 0.0 1.0 5.0 0.0
1154.0060483606985 1.0 0.0 0.0 0.0 0.0 1.0 5.0 0.0
1155.0060483606985 1.0 0.0 0.0 0.0 0.0 1.0 5.0 0.0
1156.0060483606985 1.0 0.0 0.0 0.0 0.0 1.0 5.0 0.0
1157.0060483606985 1.0 0.0 0.0 0.0 0.0 1.0 5.0 0.0
1158.0060483606985 1.0 0.0 0.0 0.0 0.0 1.0 5.0 0.0
1159.0010585084233 1.0 0.0 0.0 0.0 0.0 1.0 5.0 0.0
1160.0009646127337 1.0 0.0 0.0 0.0 0.0 1.0 5.0 0.0
1161.0060483606985 1.0 0.0 0.0 0.0 0.0 1.0 5.0 0.0
1162.0060483606985 1.0 0.0 0.0 0.0 0.0 1.0 5.0 0.0
1163.0060483606985 1.0 0.0 0.0 0.0 0.0 1.0 5.0 0.0
1164.0060483606985 1.0 0.0 0.0 0.0 0.0 1.0 5.0 0.0
1165.0060483606985 1.0 0.0 0.0 0.0 0.0 1.0 5.0 0.0
1166.0060483606985 1.0 0.0 0.0 0.0 0.0 1.0 5.0 0.0
1167.0060483606985 1.0 0.0 0.0 0.0 0.0 1.0 5.0 0.0
1168.0035813829886 1.0 0.0 0.0 0.0 0.0 1.0 5.0 0.0
1169.0060483606985 1.0 0.0 0.0 0.0 0.0 1.0 5.0 0.0
1170.004933884275 1.0 0.0 0.0 0.0 0.0 1.0 5.0 0.0
1171.0060483606985 1.0 0.0 0.0 0.0 0.0 1.0 5.0 0.0
1172.0060483606985 1.0 0.0 0.0 0.0 0.0 1.0 5.0 0.0
1173.0060483606985 1.0 0.0 0.0 0.0 0.0 1.0 5.0 0.0
1174.0055985288957 1.0 0.0 0.0 0.0 0.0 1.0 5.0 0.0
1175.0060483606985 1.0 0.0 0.0 0.0 0.0 1.0 5.0 0.0
1176.0060483606985 1.0 0.0 0.0 0.0 0.0 1.0 5.0 0.0
1177.0060483606985 1.0 0.0 0.0 0.0 0.0 1.0 5.0 0.0
1178.004940688192 1.0 0.0 0.0 0.0 0.0 1.0 5.0 0.0
1179.0060483606985 1.0 0.0 0.0 0.0 0.0 1.0 5.0 0.0
1180.0060483606985 1.0 0.0 0.0 0.0 0.0 1.0 5.0 0.0
1181.0059811903088 1.0 0.0 0.0 0.0 0.0 1.0 5.0 0.0
1182.0021922138426 1.0 0.0 0.0 0.0 0.0 1.0 5.0 0.0
1183.0060483606985 1.0 0.0 0.0 0.0 0.0 1.0 5.0 0.0
1184.0060483606985 1.0 0.0 0.0 0.0 0.0 1.0 5.0 0.0
1185.0060483606985 1.0 0.0 0.0 0.0 0.0 1.0 5.0 0.0
1186.0060483606985 1.0 0.0 0.0 0.0 0.0 1.0 5.0 0.0
1187.0060483606985 1.0 0.0 0.0 0.0 0.0 1.0 5.0 0.0
1188.0060483606985 1.0 0.0 0.0 0.0 0.0 1.0 5.0 0.0
1189.0060483606985 1.0 0.0 0.0 0.0 0.0 1.0 5.0 0.0
1190.0060483606985 1.0 0.0 0.0 0.0 0.0 1.0 5.0 0.0
1191.0060483606985 1.0 0.0 0.0 0.0 0.0 1.0 5.0 0.0
1192.0060483606985 1.0 0.0 0.0 0.0 0.0 1.0 5.0 0.0
1193.0060483606985 1.0 0.0 0.0 0.0 0.0 1.0 5.0 0.0
1194.0060483606985 1.0 0.0 0.0 0.0 0.0 1.0 5.0 0.0
1195.0060483606985 1.0 0.0 0.0 0.0 0.0 1.0 5.0 0.0
1196.0048462594268 1.0 0.0 0.0 0.0 0.0 1.0 5.0 0.0
1197.0060483606985 1.0 0.0 0.0 0.0 0.0 1.0 5.0 0.0
1198.0060483606985 1.0 0.0 0.0 0.0 0.0 1.0 5.0 0.0
1199.0013259406835 1.0 0.0 0.0 0.0 0.0 1.0 5.0 0.0
1200.0 1.0 0.0 0.0 0.0 0.0 1.0 5.0 0.0
1201.0 0.5 0.0 0.5 0.0 0.0 1.0 4.95 0.4878048780487805
1202.0 0.175 0.0 0.825 0.0 0.0 1.0 4.75 0.2817073170731707
1203.0 0.049999999999999975 0.0 0.95 0.0 0.0 1.0 5.25 0.09268292682926829
1204.0 0.024999999999999988 0.0 0.975 0.0 0.0 1.0 5.825 0.0475609756097561
1205.0 0.024999999999999988 0.0 0.975 0.0 0.0 1.0 5.975 0.0475609756097561
1206.0 0.024999999999999988 0.0 0.975 0.0 0.0 1.0 5.975 0.0475609756097561
1207.0 0.024999999999999988 0.0 0.975 0.0 0.0 1.0 5.975 0.0475609756097561
1208.0 0.0 0.0 1.0 0.0 0.0 1.0 5.975 0.0
1209.0 0.0 0.0 1.0 0.0 0.0 1.0 6.0 0.0
1210.0 0.0 0.0 1.0 0.0 0.0 1.0 6.0 0.0
1211.0 0.0 0.0 1.0 0.0 0.0 1.0 6.0 0.0
1212.0 0.0 0.0 1.0 0.0 0.0 1.0 6.0 0.0
1213.0 0.0 0.0 1.0 0.0 0.0 1.0 6.0 0.0
1214.0 0.0 0.0 1.0 0.0 0.0 1.0 6.0 0.0
1215.0 0.0 0.0 1.0 0.0 0.0 1.0 6.0 0.0
1216.0 0.0 0.0 1.0 0.0 0.0 1.0 6.0 0.0
1217.0 0.0 0.0 1.0 0.0 0.0 1.0 6.0 0.0
1218.0 0.0 0.0 1.0 0.0 0.0 1.0 6.0 0.0
1219.0 0.0 0.0 1.0 0.0 0.0 1.0 6.0 0.0
1220.0 0.0 0.0 1.0 0.0 0.0 1.0 6.0 0.0
1221.0 0.0 0.0 1.0 0.0 0.0 1.0 6.0 0.0
1222.0 0.0 0.0 1.0 0.0 0.0 1.0 6.0 0.0
1223.0 0.0 0.0 1.0 0.0 0.0 1.0 6.0 0.0
1224.0 0.0 0.0 1.0 0.0 0.0 1.0 6.0 0.0
1225.0 0.0 0.0 1.0 0.0 0.0 1.0 6.0 0.0
1226.0 0.0 0.0 1.0 0.0 0.0 1.0 6.0 0.0
1227.0 0.0 0.0 1.0 0.0 0.0 1.0 6.0 0.0
1228.0 0.0 0.0 1.0 0.0 0.0 1.0 6.0 0.0
1229.0 0.0 0.0 1.0 0.0 0.0 1.0 6.0 0.0
1230.0 0.0 0.0 1.0 0.0 0.0 1.0 6.0 0.0
1231.0 0.0 0.0 1.0 0.0 0.0 1.0 6.0 0.0
1232.0 0.0 0.0 1.0 0.0 0.0 1.0 6.0 0.0
1233.0 0.0 0.0 1.0 0.0 0.0 1.0 6.0 0.0
1234.0 0.0 0.0 1.0 0.0 0.0 1.0 6.0 0.0
1235.0 0.0 0.0 1.0 0.0 0.0 1.0 6.0 0.0
1236.0 0.0 0.0 1.0 0.0 0.0 1.0 6.0 0.0
1237.0 0.0 0.0 1.0 0.0 0.0 1.0 6.0 0.0
1238.0 0.0 0.0 1.0 0.0 0.0 1.0 6.0 0.0
1239.0 0.0 0.0 1.0 0.0 0.0 1.0 6.0 0.0
1240.0 0.0 0.0 1.0 0.0 0.0 1.0 6.0 0.0
1241.0 0.0 0.0 1.0 0.0 0.0 1.0 6.0 0.0
1242.0 0.0 0.0 1.0 0.0 0.0 1.0 6.0 0.0
1243.0 0.0 0.0 1.0 0.0 0.0 1.0 6.0 0.0
1244.0 0.0 0.0 1.0 0.0 0.0 1.0 6.0 0.0
1245.0 0.0 0.0 1.0 0.0 0.0 1.0 6.0 0.0
1246.0 0.0 0.0 1.0 0.0 0.0 1.0 6.0 0.0
1247.0 0.0 0.0 1.0 0.0 0.0 1.0 6.0 0.0
1248.0 0.0 0.0 1.0 0.0 0.0 1.0 6.0 0.0
1249.0 0.0 0.0 1.0 0.0 0.0 1.0 6.0 0.0
1250.0 0.0 0.0 1.0 0.0 0.0 1.0 6.0 0.0
1251.0 0.0 0.0 1.0 0.0 0.0 1.0 6.0 0.0
1252.0 0.0 0.0 1.0 0.0 0.0 1.0 6.0 0.0
1253.0 0.0 0.0 1.0 0.0 0.0 1.0 6.0 0.0
1254.0 0.0 0.0 1.0 0.0 0.0 1.0 6.0 0.0
1255.0 0.0 0.0 1.0 0.0 0.0 1.0 6.0 0.0
1256.0 0.0 0.0 1.0 0.0 0.0 1.0 6.0 0.0
1257.0 0.0 0.0 1.0 0.0 0.0 1.0 6.0 0.0
1258.0 0.0 0.0 1.0 0.0 0.0 1.0 6.0 0.0
1259.0 0.0 0.0 1.0 0.0 0.0 1.0 6.0 0.0
1260.0 0.0 0.0 1.0 0.0 0.0 1.0 6.0 0.0
1261.0 0.0 0.0 1.0 0.0 0.0 1.0 6.0 0.0
1262.0 0.0 0.0 1.0 0.0 0.0 1.0 6.0 0.0
1263.0 0.0 0.0 1.0 0.0 0.0 1.0 6.0 0.0
1264.0 0.0 0.0 1.0 0.0 0.0 1.0 6.0 0.0
1265.0 0.0 0.0 1.0 0.0 0.0 1.0 6.0 0.0
1266.0 0.0 0.0 1.0 0.0 0.0 1.0 6.0 0.0
1267.0 0.0 0.0 1.0 0.0 0.0 1.0 6.0 0.0
1268.0 0.0 0.0 1.0 0.0 0.0 1.0 6.0 0.0
1269.0 0.0 0.0 1.0 0.0 0.0 1.0 6.0 0.0
1270.0 0.0 0.0 1.0 0.0 0.0 1.0 6.0 0.0
1271.0 0.0 0.0 1.0 0.0 0.0 1.0 6.0 0.0
1272.0 0.0 0.0 1.0 0.0 0.0 1.0 6.0 0.0
1273.0 0.0 0.0 1.0 0.0 0.0 1.0 6.0 0.0
1274.0 0.0 0.0 1.0 0.0 0.0 1.0 6.0 0.0
1275.0 0.0 0.0 1.0 0.0 0.0 1.0 6.0 0.0
1276.0 0.0 0.0 1.0 0.0 0.0 1.0 6.0 0.0
1277.0 0.0 0.0 1.0 0.0 0.0 1.0 6.0 0.0
1278.0 0.0 0.0 1.0 0.0 0.0 1.0 6.0 0.0
1279.0 0.0 0.0 1.0 0.0 0.0 1.0 6.0 0.0
1280.0 0.0 0.0 1.0 0.0 0.0 1.0 6.0 0.0
1281.0 0.0 0.0 1.0 0.0 0.0 1.0 6.0 0.0
1282.0 0.0 0.0 1.0 0.0 0.0 1.0 6.0 0.0
1283.0 0.0 0.0 1.0 0.0 0.0 1.0 6.0 0.0
1284.0 0.0 0.0 1.0 0.0 0.0 1.0 6.0 0.0
1285.0 0.0 0.0 1.0 0.0 0.0 1.0 6.0 0.0
1286.0 0.0 0.0 1.0 0.0 0.0 1.0 6.0 0.0
1287.0 0.0 0.0 1.0 0.0 0.0 1.0 6.0 0.0
1288.0 0.0 0.0 1.0 0.0 0.0 1.0 6.0 0.0
1289.0 0.0 0.0 1.0 0.0 0.0 1.0 6.0 0.0
1290.0 0.0 0.0 1.0 0.0 0.0 1.0 6.0 0.0
1291.0 0.0 0.0 1.0 0.0 0.0 1.0 6.0 0.0
1292.0 0.0 0.0 1.0 0.0 0.0 1.0 6.0 0.0
1293.0 0.0 0.0 1.0 0.0 0.0 1.0 6.0 0.0
1294.0 0.0 0.0 1.0 0.0 0.0 1.0 6.0 0.0
1295.0 0.0 0.0 1.0 0.0 0.0 1.0 6.0 0.0
1296.0 0.0 0.0 1.0 0.0 0.0 1.0 6.0 0.0
1297.0 0.0 0.0 1.0 0.0 0.0 1.0 6.0 0.0
1298.0 0.0 0.0 1.0 0.0 0.0 1.0 6.0 0.0
1299.0 0.0 0.0 1.0 0.0 0.0 1.0 6.0 0.0
1300.0 0.0 0.0 1.0 0.0 0.0 1.0 6.0 0.0
1301.0 0.0 0.0 1.0 0.0 0.0 1.0 6.0 0.0
1302.0 0.0 0.0 1.0 0.0 0.0 1.0 6.0 0.0
1303.0 0.0 0.0 1.0 0.0 0.0 1.0 6.0 0.0
1304.0 0.0 0.0 1.0 0.0 0.0 1.0 6.0 0.0
1305.0 0.0 0.0 1.0 0.0 0.0 1.0 6.0 0.0
1306.0 0.0 0.0 1.0 0.0 0.0 1.0 6.0 0.0
1307.0 0.0 0.0 1.0 0.0 0.0 1.0 6.0 0.0
1308.0 0.0 0.0 1.0 0.0 0.0 1.0 6.0 0.0
1309.0 0.0 0.0 0.29999999999999993 0.7 0.0 0.0 6.0 0.4097560975609756
1310.0060483606985 0.0 0.0 0.02499999999999999 0.975 0.0 0.0 6.575 0.0475609756097561
1311.0060483606985 0.0 0.0 0.0 1.0 0.0 0.0 7.525 0.0
1312.0060483606985 0.0 0.0 0.0 1.0 0.0 0.0 7.925 0.0
1313.0003146218862 0.0 0.0 0.0 1.0 0.0 0.0 7.95 0.0
1314.0060483606985 0.0 0.0 0.0 1.0 0.0 0.0 7.95 0.0
1315.0060483606985 0.0 0.0 0.0 1.0 0.0 0.0 7.975 0.0
1316.0060483606985 0.0 0.0 0.0 1.0 0.0 0.0 8.0 0.0
1317.0060483606985 0.0 0.0 0.0 1.0 0.0 0.0 8.0 0.0
1318.0060483606985 0.0 0.0 0.0 1.0 0.0 0.0 8.0 0.0
1319.0060483606985 0.0 0.0 0.0 1.0 0.0 0.0 8.0 0.0
1320.004259210559 0.0 0.0 0.0 1.0 0.0 0.0 8.0 0.0
1321.0060483606985 0.0 0.0 0.0 1.0 0.0 0.0 8.0 0.0
1322.0060483606985 0.0 0.0 0.0 1.0 0.0 0.0 8.0 0.0
1323.0060483606985 0.0 0.0 0.0 1.0 0.0 0.0 8.0 0.0
1324.0060483606985 0.0 0.0 0.0 1.0 0.0 0.0 8.0 0.0
1325.0060483606985 0.0 0.0 0.0 1.0 0.0 0.0 8.0 0.0
1326.0060483606985 0.0 0.0 0.0 1.0 0.0 0.0 8.0 0.0
1327.0060483606985 0.0 0.0 0.0 1.0 0.0 0.0 8.0 0.0
1328.0060483606985 0.0 0.0 0.0 1.0 0.0 0.0 8.0 0.0
1329.0060483606985 0.0 0.0 0.0 1.0 0.0 0.0 8.0 0.0
1330.0060483606985 0.0 0.0 0.0 1.0 0.0 0.0 8.0 0.0
1331.0060483606985 0.0 0.0 0.0 1.0 0.0 0.0 8.0 0.0
1332.005841043786 0.0 0.0 0.0 1.0 0.0 0.0 8.0 0.0
1333.0060483606985 0.0 0.0 0.0 1.0 0.0 0.0 8.0 0.0
1334.0060483606985 0.0 0.0 0.0 1.0 0.0 0.0 8.0 0.0
1335.0060483606985 0.0 0.0 0.0 1.0 0.0 0.0 8.0 0.0
1336.0060483606985 0.0 0.0 0.0 1.0 0.0 0.0 8.0 0.0
1337.0001926085667 0.0 0.0 0.0 1.0 0.0 0.0 8.0 0.0
1338.004958263091 0.0 0.0 0.0 1.0 0.0 0.0 8.0 0.0
1339.0060483606985 0.0 0.0 0.0 1.0 0.0 0.0 8.0 0.0
1340.0016948850691 0.0 0.0 0.0 1.0 0.0 0.0 8.0 0.0
1341.0060483606985 0.0 0.0 0.0 1.0 0.0 0.0 8.0 0.0
1342.0060483606985 0.0 0.0 0.0 1.0 0.0 0.0 8.0 0.0
1343.005231480456 0.0 0.0 0.0 1.0 0.0 0.0 8.0 0.0
1344.0060483606985 0.0 0.0 0.0 1.0 0.0 0.0 8.0 0.0
1345.0049188654987 0.0 0.0 0.0 1.0 0.0 0.0 8.0 0.0
1346.0060483606985 0.0 0.0 0.0 1.0 0.0 0.0 8.0 0.0
1347.0060483606985 0.0 0.0 0.0 1.0 0.0 0.0 8.0 0.0
1348.0060483606985 0.0 0.0 0.0 1.0 0.0 0.0 8.0 0.0
1349.0060483606985 0.0 0.0 0.0 1.0 0.0 0.0 8.0 0.0
1350.0047076367955 0.0 0.0 0.0 1.0 0.0 0.0 8.0 0.0
1351.004902531433 0.0 0.0 0.0 1.0 0.0 0.0 8.0 0.0
1352.0060483606985 0.0 0.0 0.0 1.0 0.0 0.0 8.0 0.0
1353.0060483606985 0.0 0.0 0.0 1.0 0.0 0.0 8.0 0.0
1354.0060483606985 0.0 0.0 0.0 1.0 0.0 0.0 8.0 0.0
1355.0060483606985 0.0 0.0 0.0 1.0 0.0 0.0 8.0 0.0
1356.0007830980842 0.0 0.0 0.0 1.0 0.0 0.0 8.0 0.0
1357.0060483606985 0.0 0.0 0.0 1.0 0.0 0.0 8.0 0.0
1358.0060483606985 0.0 0.0 0.0 1.0 0.0 0.0 8.0 0.0
1359.0060483606985 0.0 0.0 0.0 1.0 0.0 0.0 8.0 0.0
1360.0060483606985 0.0 0.0 0.0 1.0 0.0 0.0 8.0 0.0
1361.0060483606985 0.0 0.0 0.0 1.0 0.0 0.0 8.0 0.0
1362.0060483606985 0.0 0.0 0.0 1.0 0.0 0.0 8.0 0.0
1363.0060483606985 0.0 0.0 0.0 1.0 0.0 0.0 8.0 0.0
1364.0060483606985 0.0 0.0 0.0 1.0 0.0 0.0 8.0 0.0
1365.0042763424985 0.0 0.0 0.0 1.0 0.0 0.0 8.0 0.0
1366.0060483606985 0.0 0.0 0.0 1.0 0.0 0.0 8.0 0.0
1367.0060483606985 0.0 0.0 0.0 1.0 0.0 0.0 8.0 0.0
1368.0060483606985 0.0 0.0 0.0 1.0 0.0 0.0 8.0 0.0
1369.0060483606985 0.0 0.0 0.0 1.0 0.0 0.0 8.0 0.0
1370.0060483606985 0.0 0.0 0.0 1.0 0.0 0.0 8.0 0.0
1371.0010859421243 0.0 0.0 0.0 1.0 0.0 0.0 8.0 0.0
1372.0060483606985 0.0 0.0 0.0 1.0 0.0 0.0 8.0 0.0
1373.000632247306 0.0 0.0 0.0 1.0 0.0 0.0 8.0 0.0
1374.0055017435745 0.0 0.0 0.0 1.0 0.0 0.0 8.0 0.0
1375.0060483606985 0.0 0.0 0.0 1.0 0.0 0.0 8.0 0.0
1376.0060483606985 0.0 0.0 0.0 1.0 0.0 0.0 8.0 0.0
1377.0060483606985 0.0 0.0 0.0 1.0 0.0 0.0 8.0 0.0
1378.0060483606985 0.0 0.0 0.0 1.0 0.0 0.0 8.0 0.0
1379.0060483606985 0.0 0.0 0.0 1.0 0.0 0.0 8.0 0.0
1380.0036275867706 0.0 0.0 0.0 1.0 0.0 0.0 8.0 0.0
1381.0060483606985 0.0 0.0 0.0 1.0 0.0 0.0 8.0 0.0
1382.0060483606985 0.0 0.0 0.0 1.0 0.0 0.0 8.0 0.0
1383.0060483606985 0.0 0.0 0.0 1.0 0.0 0.0 8.0 0.0
1384.0060483606985 0.0 0.0 0.0 1.0 0.0 0.0 8.0 0.0
1385.0034043914497 0.0 0.0 0.0 1.0 0.0 0.0 8.0 0.0
1386.0060483606985 0.0 0.0 0.0 1.0 0.0 0.0 8.0 0.0
1387.0060483606985 0.0 0.0 0.0 1.0 0.0 0.0 8.0 0.0
1388.0060483606985 0.0 0.0 0.0 1.0 0.0 0.0 8.0 0.0
1389.0060483606985 0.0 0.0 0.0 1.0 0.0 0.0 8.0 0.0
1390.0019964300473 0.0 0.0 0.0 1.0 0.0 0.0 8.0 0.0
1391.0060483606985 0.0 0.0 0.0 1.0 0.0 0.0 8.0 0.0
1392.0060483606985 0.0 0.0 0.0 1.0 0.0 0.0 8.0 0.0
1393.0022994798276 0.0 0.0 0.0 1.0 0.0 0.0 8.0 0.0
1394.0060483606985 0.0 0.0 0.0 1.0 0.0 0.0 8.0 0.0
1395.0060483606985 0.0 0.0 0.0 1.0 0.0 0.0 8.0 0.0
1396.0060483606985 0.0 0.0 0.0 1.0 0.0 0.0 8.0 0.0
1397.0060483606985 0.0 0.0 0.0 1.0 0.0 0.0 8.0 0.0
1398.0060483606985 0.0 0.0 0.0 1.0 0.0 0.0 8.0 0.0
1399.0060483606985 0.0 0.0 0.0 1.0 0.0 0.0 8.0 0.0
1400.0058176654275 0.0 0.0 0.0 1.0 0.0 0.0 8.0 0.0
1401.0060483606985 0.0 0.0 0.0 1.0 0.0 0.0 8.0 0.0
1402.0060483606985 0.0 0.0 0.0 1.0 0.0 0.0 8.0 0.0
1403.0060483606985 0.0 0.0 0.0 1.0 0.0 0.0 8.0 0.0
1404.0060483606985 0.0 0.0 0.0 1.0 0.0 0.0 8.0 0.0
1405.001918975786 0.0 0.0 0.0 1.0 0.0 0.0 8.0 0.0
1406.000984940802 0.0 0.0 0.0 1.0 0.0 0.0 8.0 0.0
1407.0060483606985 0.0 0.0 0.0 1.0 0.0 0.0 8.0 0.0
1408.0060483606985 0.0 0.0 0.0 1.0 0.0 0.0 8.0 0.0
1409.0060483606985 0.0 0.0 0.0 1.0 0.0 0.0 8.0 0.0
1410.0030321481197 0.0 0.0 0.0 1.0 0.0 0.0 8.0 0.0
1411.0060483606985 0.0 0.0 0.0 1.0 0.0 0.0 8.0 0.0
1412.0060483606985 0.0 0.0 0.0 1.0 0.0 0.0 8.0 0.0
1413.0060483606985 0.0 0.0 0.0 1.0 0.0 0.0 8.0 0.0
1414.0060483606985 0.0 0.0 0.0 1.0 0.0 0.0 8.0 0.0
1415.0060483606985 0.0 0.0 0.0 1.0 0.0 0.0 8.0 0.0
1416.0060483606985 0.0 0.0 0.0 1.0 0.0 0.0 8.0 0.0
1417.0060483606985 0.0 0.0 0.0 1.0 0.0 0.0 8.0 0.0
1418.0060483606985 0.0 0.0 0.0 1.0 0.0 0.0 8.0 0.0
1419.0060483606985 0.0 0.0 0.0 1.0 0.0 0.0 8.0 0.0
1420.0060483606985 0.0 0.0 0.0 1.0 0.0 0.0 8.0 0.0
1421.0060483606985 0.0 0.0 0.0 1.0 0.0 0.0 8.0 0.0
1422.0039790966944 0.0 0.0 0.0 1.0 0.0 0.0 8.0 0.0
1423.0058602915865 0.0 0.0 0.0 1.0 0.0 0.0 8.0 0.0
1424.0060483606985 0.0 0.0 0.0 1.0 0.0 0.0 8.0 0.0
1425.0060483606985 0.0 0.0 0.0 1.0 0.0 0.0 8.0 0.0
1426.0060483606985 0.0 0.0 0.0 1.0 0.0 0.0 8.0 0.0
1427.0060483606985 0.0 0.0 0.0 1.0 0.0 0.0 8.0 0.0
1428.0042938924946 0.0 0.0 0.0 1.0 0.0 0.0 8.0 0.0
1429.0060483606985 0.0 0.0 0.0 1.0 0.0 0.0 8.0 0.0
1430.0060483606985 0.0 0.0 0.0 1.0 0.0 0.0 8.0 0.0
1431.0060483606985 0.0 0.0 0.0 1.0 0.0 0.0 8.0 0.0
1432.0060483606985 0.0 0.0 0.0 1.0 0.0 0.0 8.0 0.0
1433.0060483606985 0.0 0.0 0.0 1.0 0.0 0.0 8.0 0.0
1434.0060483606985 0.0 0.0 0.0 1.0 0.0 0.0 8.0 0.0
1435.0060483606985 0.0 0.0 0.0 1.0 0.0 0.0 8.0 0.0
1436.0060483606985 0.0 0.0 0.0 1.0 0.0 0.0 8.0 0.0
1437.0060483606985 0.0 0.0 0.0 1.0 0.0 0.0 8.0 0.0
1438.0060483606985 0.0 0.0 0.0 1.0 0.0 0.0 8.0 0.0
1439.000448754369 0.0 0.0 0.0 1.0 0.0 0.0 8.0 0.0
1440.0060483606985 0.0 0.0 0.0 1.0 0.0 0.0 8.0 0.0
1441.0060483606985 0.0 0.0 0.0 1.0 0.0 0.0 8.0 0.0
1442.0060483606985 0.0 0.0 0.0 1.0 0.0 0.0 8.0 0.0
1443.0005596496408 0.0 0.0 0.0 1.0 0.0 0.0 8.0 0.0
1444.0060483606985 0.0 0.0 0.0 1.0 0.0 0.0 8.0 0.0
1445.0060483606985 0.0 0.0 0.0 1.0 0.0 0.0 8.0 0.0
1446.0060483606985 0.0 0.0 0.0 1.0 0.0 0.0 8.0 0.0
1447.0060483606985 0.0 0.0 0.0 1.0 0.0 0.0 8.0 0.0
1448.0060483606985 0.0 0.0 0.0 1.0 0.0 0.0 8.0 0.0
1449.0060483606985 0.0 0.0 0.0 1.0 0.0 0.0 8.0 0.0
1450.0060483606985 0.0 0.0 0.0 1.0 0.0 0.0 8.0 0.0
1451.0060483606985 0.0 0.0 0.0 1.0 0.0 0.0 8.0 0.0
1452.0060483606985 0.0 0.0 0.0 1.0 0.0 0.0 8.0 0.0
1453.004000306598 0.0 0.0 0.0 1.0 0.0 0.0 8.0 0.0
1454.0060483606985 0.0 0.0 0.0 1.0 0.0 0.0 8.0 0.0
1455.0060483606985 0.0 0.0 0.0 1.0 0.0 0.0 8.0 0.0
1456.0060483606985 0.0 0.0 0.0 1.0 0.0 0.0 8.0 0.0
1457.0045314184556 0.0 0.0 0.0 1.0 0.0 0.0 8.0 0.0
1458.0060483606985 0.0 0.0 0.0 1.0 0.0 0.0 8.0 0.0
1459.0060483606985 0.0 0.0 0.0 1.0 0.0 0.0 8.0 0.0
1460.0060483606985 0.0 0.0 0.0 1.0 0.0 0.0 8.0 0.0
1461.0060483606985 0.0 0.0 0.0 1.0 0.0 0.0 8.0 0.0
1462.0046158427974 0.0 0.0 0.0 1.0 0.0 0.0 8.0 0.0
1463.0060483606985 0.0 0.0 0.0 1.0 0.0 0.0 8.0 0.0
1464.0060483606985 0.0 0.0 0.0 1.0 0.0 0.0 8.0 0.0
1465.0024045291525 0.0 0.0 0.0 1.0 0.0 0.0 8.0 0.0
1466.0060483606985 0.0 0.0 0.0 1.0 0.0 0.0 8.0 0.0
1467.0060483606985 0.0 0.0 0.0 1.0 0.0 0.0 8.0 0.0
1468.001767794377 0.0 0.0 0.0 1.0 0.0 0.0 8.0 0.0
1469.0060483606985 0.0 0.0 0.0 1.0 0.0 0.0 8.0 0.0
1470.0060483606985 0.0 0.0 0.0 1.0 0.0 0.0 8.0 0.0
1471.0060483606985 0.0 0.0 0.0 1.0 0.0 0.0 8.0 0.0
1472.0060483606985 0.0 0.0 0.0 1.0 0.0 0.0 8.0 0.0
1473.0060483606985 0.0 0.0 0.0 1.0 0.0 0.0 8.0 0.0
1474.0060483606985 0.0 0.0 0.0 1.0 0.0 0.0 8.0 0.0
1475.0001874681636 0.0 0.0 0.0 1.0 0.0 0.0 8.0 0.0
1476.0060483606985 0.0 0.0 0.0 1.0 0.0 0.0 8.0 0.0
1477.0060483606985 0.0 0.0 0.0 1.0 0.0 0.0 8.0 0.0
1478.0060483606985 0.0 0.0 0.0 1.0 0.0 0.0 8.0 0.0
1479.001896097139 0.0 0.0 0.0 1.0 0.0 0.0 8.0 0.0
1480.0060483606985 0.0 0.0 0.0 1.0 0.0 0.0 8.0 0.0
1481.0060483606985 0.0 0.0 0.0 1.0 0.0 0.0 8.0 0.0
1482.0060483606985 0.0 0.0 0.0 1.0 0.0 0.0 8.0 0.0
1483.0060483606985 0.0 0.0 0.0 1.0 0.0 0.0 8.0 0.0
1484.0060483606985 0.0 0.0 0.0 1.0 0.0 0.0 8.0 0.0
1485.0043221677959 0.0 0.0 0.0 1.0 0.0 0.0 8.0 0.0
1486.0060483606985 0.0 0.0 0.0 1.0 0.0 0.0 8.0 0.0
1487.002286970172 0.0 0.0 0.0 1.0 0.0 0.0 8.0 0.0
1488.0060483606985 0.0 0.0 0.0 1.0 0.0 0.0 8.0 0.0
1489.0060483606985 0.0 0.0 0.0 1.0 0.0 0.0 8.0 0.0
1490.0060483606985 0.0 0.0 0.0 1.0 0.0 0.0 8.0 0.0
1491.0060483606985 0.0 0.0 0.0 1.0 0.0 0.0 8.0 0.0
1492.0060483606985 0.0 0.0 0.0 1.0 0.0 0.0 8.0 0.0
1493.0060483606985 0.0 0.0 0.0 1.0 0.0 0.0 8.0 0.0
1494.0036427876605 0.0 0.0 0.0 1.0 0.0 0.0 8.0 0.0
1495.0060483606985 0.0 0.0 0.0 1.0 0.0 0.0 8.0 0.0
1496.0060483606985 0.0 0.0 0.0 1.0 0.0 0.0 8.0 0.0
1497.0060483606985 0.0 0.0 0.0 1.0 0.0 0.0 8.0 0.0
1498.0060483606985 0.0 0.0 0.0 1.0 0.0 0.0 8.0 0.0
1499.0060483606985 0.0 0.0 0.0 1.0 0.0 0.0 8.0 0.0
1500.0060483606985 0.0 0.0 0.0 1.0 0.0 0.0 8.0 0.0
1501.0060483606985 0.0 0.0 0.0 1.0 0.0 0.0 8.0 0.0
1502.0028469232557 0.0 0.0 0.0 1.0 0.0 0.0 8.0 0.0
1503.0060483606985 0.0 0.0 0.0 1.0 0.0 0.0 8.0 0.0
1504.0060483606985 0.0 0.0 0.0 1.0 0.0 0.0 8.0 0.0
1505.0060483606985 0.0 0.0 0.0 1.0 0.0 0.0 8.0 0.0
1506.0060483606985 0.0 0.0 0.0 1.0 0.0 0.0 8.0 0.0
1507.0055436466914 0.0 0.0 0.0 1.0 0.0 0.0 8.0 0.0
1508.0060483606985 0.0 0.0 0.0 1.0 0.0 0.0 8.0 0.0
1509.0060483606985 0.0 0.0 0.0 1.0 0.0 0.0 8.0 0.0
1510.0060483606985 0.0 0.0 0.0 1.0 0.0 0.0 8.0 0.0
1511.0051490639717 0.0 0.0 0.0 1.0 0.0 0.0 8.0 0.0
1512.0060483606985 0.0 0.0 0.0 1.0 0.0 0.0 8.0 0.0
1513.0060483606985 0.0 0.0 0.0 1.0 0.0 0.0 8.0 0.0
1514.0060483606985 0.0 0.0 0.0 1.0 0.0 0.0 8.0 0.0
1515.0046777155067 0.0 0.0 0.0 1.0 0.0 0.0 8.0 0.0
1516.0060483606985 0.0 0.0 0.0 1.0 0.0 0.0 8.0 0.0
1517.0060483606985 0.0 0.0 0.0 1.0 0.0 0.0 8.0 0.0
1518.0060483606985 0.0 0.0 0.0 1.0 0.0 0.0 8.0 0.0
1519.0060483606985 0.0 0.0 0.0 1.0 0.0 0.0 8.0 0.0
1520.0030636124307 0.0 0.0 0.0 1.0 0.0 0.0 8.0 0.0
1521.0060483606985 0.0 0.0 0.0 1.0 0.0 0.0 8.0 0.0
1522.0055309520403 0.0 0.0 0.0 1.0 0.0 0.0 8.0 0.0
1523.0060483606985 0.0 0.0 0.0 1.0 0.0 0.0 8.0 0.0
1524.004758617372 0.0 0.0 0.0 1.0 0.0 0.0 8.0 0.0
1525.0060483606985 0.0 0.0 0.0 1.0 0.0 0.0 8.0 0.0
1526.0027832399292 0.0 0.0 0.0 1.0 0.0 0.0 8.0 0.0
1527.0060483606985 0.0 0.0 0.0 1.0 0.0 0.0 8.0 0.0
1528.0060483606985 0.0 0.0 0.0 1.0 0.0 0.0 8.0 0.0
1529.0060483606985 0.0 0.0 0.0 1.0 0.0 0.0 8.0 0.0
1530.0060483606985 0.0 0.0 0.0 1.0 0.0 0.0 8.0 0.0
1531.0060483606985 0.0 0.0 0.0 1.0 0.0 0.0 8.0 0.0
1532.0060483606985 0.0 0.0 0.0 1.0 0.0 0.0 8.0 0.0
1533.0060483606985 0.0 0.0 0.0 1.0 0.0 0.0 8.0 0.0
1534.0045521571574 0.0 0.0 0.0 1.0 0.0 0.0 8.0 0.0
1535.0060483606985 0.0 0.0 0.0 1.0 0.0 0.0 8.0 0.0
1536.0060483606985 0.0 0.0 0.0 1.0 0.0 0.0 8.0 0.0
1537.0060483606985 0.0 0.0 0.0 1.0 0.0 0.0 8.0 0.0
1538.0058537258249 0.0 0.0 0.0 1.0 0.0 0.0 8.0 0.0
1539.0060483606985 0.0 0.0 0.0 1.0 0.0 0.0 8.0 0.0
1540.0060483606985 0.0 0.0 0.0 1.0 0.0 0.0 8.0 0.0
1541.0012084858713 0.0 0.0 0.0 1.0 0.0 0.0 8.0 0.0
1542.0060483606985 0.0 0.0 0.0 1.0 0.0 0.0 8.0 0.0
1543.0060483606985 0.0 0.0 0.0 1.0 0.0 0.0 8.0 0.0
1544.0060483606985 0.0 0.0 0.0 1.0 0.0 0.0 8.0 0.0
1545.0009919117379 0.0 0.0 0.0 1.0 0.0 0.0 8.0 0.0
1546.0035941574845 0.0 0.0 0.0 1.0 0.0 0.0 8.0 0.0
1547.0060483606985 0.0 0.0 0.0 1.0 0.0 0.0 8.0 0.0
1548.0060483606985 0.0 0.0 0.0 1.0 0.0 0.0 8.0 0.0
1549.0060483606985 0.0 0.0 0.0 1.0 0.0 0.0 8.0 0.0
1550.0060483606985 0.0 0.0 0.0 1.0 0.0 0.0 8.0 0.0
1551.0060483606985 0.0 0.0 0.0 1.0 0.0 0.0 8.0 0.0
1552.0060483606985 0.0 0.0 0.0 1.0 0.0 0.0 8.0 0.0
1553.0060483606985 0.0 0.0 0.0 1.0 0.0 0.0 8.0 0.0
1554.0060483606985 0.0 0.0 0.0 1.0 0.0 0.0 8.0 0.0
1555.0060483606985 0.0 0.0 0.0 1.0 0.0 0.0 8.0 0.0
1556.0060483606985 0.0 0.0 0.0 1.0 0.0 0.0 8.0 0.0
1557.0021072561426 0.0 0.0 0.0 1.0 0.0 0.0 8.0 0.0
1558.0060483606985 0.0 0.0 0.0 1.0 0.0 0.0 8.0 0.0
1559.0060483606985 0.0 0.0 0.0 1.0 0.0 0.0 8.0 0.0
1560.0060483606985 0.0 0.0 0.0 1.0 0.0 0.0 8.0 0.0
1561.0060483606985 0.0 0.0 0.0 1.0 0.0 0.0 8.0 0.0
1562.0060483606985 0.0 0.0 0.0 1.0 0.0 0.0 8.0 0.0
1563.0060483606985 0.0 0.0 0.0 1.0 0.0 0.0 8.0 0.0
1564.0060483606985 0.0 0.0 0.0 1.0 0.0 0.0 8.0 0.0
1565.0039536428392 0.0 0.0 0.0 1.0 0.0 0.0 8.0 0.0
1566.0060483606985 0.0 0.0 0.0 1.0 0.0 0.0 8.0 0.0
1567.0040020027504 0.0 0.0 0.0 1.0 0.0 0.0 8.0 0.0
1568.0050797866743 0.0 0.0 0.0 1.0 0.0 0.0 8.0 0.0
1569.0060483606985 0.0 0.0 0.0 1.0 0.0 0.0 8.0 0.0
1570.0060483606985 0.0 0.0 0.0 1.0 0.0 0.0 8.0 0.0
1571.0060483606985 0.0 0.0 0.0 1.0 0.0 0.0 8.0 0.0
1572.0060483606985 0.0 0.0 0.0 1.0 0.0 0.0 8.0 0.0
1573.0060483606985 0.0 0.0 0.0 1.0 0.0 0.0 8.0 0.0
1574.0060483606985 0.0 0.0 0.0 1.0 0.0 0.0 8.0 0.0
1575.0060483606985 0.0 0.0 0.0 1.0 0.0 0.0 8.0 0.0
1576.0060483606985 0.0 0.0 0.0 1.0 0.0 0.0 8.0 0.0
1577.0060483606985 0.0 0.0 0.0 1.0 0.0 0.0 8.0 0.0
1578.0060483606985 0.0 0.0 0.0 1.0 0.0 0.0 8.0 0.0
1579.0060483606985 0.0 0.0 0.0 1.0 0.0 0.0 8.0 0.0
1580.0060483606985 0.0 0.0 0.0 1.0 0.0 0.0 8.0 0.0
1581.0060483606985 0.0 0.0 0.0 1.0 0.0 0.0 8.0 0.0
1582.0060483606985 0.0 0.0 0.0 1.0 0.0 0.0 8.0 0.0
1583.0060483606985 0.0 0.0 0.0 1.0 0.0 0.0 8.0 0.0
1584.0060483606985 0.0 0.0 0.0 1.0 0.0 0.0 8.0 0.0
1585.0060483606985 0.0 0.0 0.0 1.0 0.0 0.0 8.0 0.0
1586.0031231541466 0.0 0.0 0.0 1.0 0.0 0.0 8.0 0.0
1587.0060483606985 0.0 0.0 0.0 1.0 0.0 0.0 8.0 0.0
1588.0060483606985 0.0 0.0 0.0 1.0 0.0 0.0 8.0 0.0
1589.0060483606985 0.0 0.0 0.0 1.0 0.0 0.0 8.0 0.0
1590.0057743973834 0.0 0.0 0.0 1.0 0.0 0.0 8.0 0.0
1591.0060483606985 0.0 0.0 0.0 1.0 0.0 0.0 8.0 0.0
1592.0060483606985 0.0 0.0 0.0 1.0 0.0 0.0 8.0 0.0
1593.0001558247634 0.0 0.0 0.0 1.0 0.0 0.0 8.0 0.0
1594.0060483606985 0.0 0.0 0.0 1.0 0.0 0.0 8.0 0.0
1595.0060483606985 0.0 0.0 0.0 1.0 0.0 0.0 8.0 0.0
1596.0060483606985 0.0 0.0 0.0 1.0 0.0 0.0 8.0 0.0
1597.0010061080368 0.0 0.0 0.0 1.0 0.0 0.0 8.0 0.0
1598.0060483606985 0.0 0.0 0.0 1.0 0.0 0.0 8.0 0.0
1599.0060483606985 0.0 0.0 0.0 1.0 0.0 0.0 8.0 0.0
1600.0060483606985 0.0 0.0 0.0 1.0 0.0 0.0 8.0 0.0
1601.004756824595 0.0 0.0 0.0 1.0 0.0 0.0 8.0 0.0
1602.0060483606985 0.0 0.0 0.0 1.0 0.0 0.0 8.0 0.0
1603.0060483606985 0.0 0.0 0.0 1.0 0.0 0.0 8.0 0.0
1604.0000240004065 0.0 0.0 0.0 1.0 0.0 0.0 8.0 0.0
1605.0060483606985 0.0 0.0 0.0 1.0 0.0 0.0 8.0 0.0
1606.0060483606985 0.0 0.0 0.0 1.0 0.0 0.0 8.0 0.0
1607.0060483606985 0.0 0.0 0.0 1.0 0.0 0.0 8.0 0.0
1608.0060483606985 0.0 0.0 0.0 1.0 0.0 0.0 8.0 0.0
1609.0060483606985 0.0 0.0 0.0 1.0 0.0 0.0 8.0 0.0
1610.0060483606985 0.0 0.0 0.0 1.0 0.0 0.0 8.0 0.0
1611.0060483606985 0.0 0.0 0.0 1.0 0.0 0.0 8.0 0.0
1612.0060483606985 0.0 0.0 0.0 1.0 0.0 0.0 8.0 0.0
1613.0060483606985 0.0 0.0 0.0 1.0 0.0 0.0 8.0 0.0
1614.0060483606985 0.0 0.0 0.0 1.0 0.0 0.0 8.0 0.0
1615.0060483606985 0.0 0.0 0.0 1.0 0.0 0.0 8.0 0.0
1616.0060483606985 0.0 0.0 0.0 1.0 0.0 0.0 8.0 0.0
1617.0060483606985 0.0 0.0 0.0 1.0 0.0 0.0 8.0 0.0
1618.0060483606985 0.0 0.0 0.0 1.0 0.0 0.0 8.0 0.0
1619.0060483606985 0.0 0.0 0.0 1.0 0.0 0.0 8.0 0.0
1620.0060483606985 0.0 0.0 0.0 1.0 0.0 0.0 8.0 0.0
1621.0060483606985 0.0 0.0 0.0 1.0 0.0 0.0 8.0 0.0
1622.0060483606985 0.0 0.0 0.0 1.0 0.0 0.0 8.0 0.0
1623.0007548592832 0.0 0.0 0.0 1.0 0.0 0.0 8.0 0.0
1624.0060483606985 0.0 0.0 0.0 1.0 0.0 0.0 8.0 0.0
1625.0060483606985 0.0 0.0 0.0 1.0 0.0 0.0 8.0 0.0
1626.0060483606985 0.0 0.0 0.0 1.0 0.0 0.0 8.0 0.0
1627.0060483606985 0.0 0.0 0.0 1.0 0.0 0.0 8.0 0.0
1628.0060483606985 0.0 0.0 0.0 1.0 0.0 0.0 8.0 0.0
1629.0060483606985 0.0 0.0 0.0 1.0 0.0 0.0 8.0 0.0
1630.0060483606985 0.0 0.0 0.0 1.0 0.0 0.0 8.0 0.0
1631.0060483606985 0.0 0.0 0.0 1.0 0.0 0.0 8.0 0.0
1632.0060483606985 0.0 0.0 0.0 1.0 0.0 0.0 8.0 0.0
1633.0060483606985 0.0 0.0 0.0 1.0 0.0 0.0 8.0 0.0
1634.0060483606985 0.0 0.0 0.0 1.0 0.0 0.0 8.0 0.0
1635.0001617876496 0.0 0.0 0.0 1.0 0.0 0.0 8.0 0.0
1636.002540495762 0.0 0.0 0.0 1.0 0.0 0.0 8.0 0.0
1637.0060483606985 0.0 0.0 0.0 1.0 0.0 0.0 8.0 0.0
1638.0060483606985 0.0 0.0 0.0 1.0 0.0 0.0 8.0 0.0
1639.0041095083263 0.0 0.0 0.0 1.0 0.0 0.0 8.0 0.0
1640.0060483606985 0.0 0.0 0.0 1.0 0.0 0.0 8.0 0.0
1641.0014137836317 0.0 0.0 0.0 1.0 0.0 0.0 8.0 0.0
1642.0060483606985 0.0 0.0 0.0 1.0 0.0 0.0 8.0 0.0
1643.0060483606985 0.0 0.0 0.0 1.0 0.0 0.0 8.0 0.0
1644.000939864969 0.0 0.0 0.0 1.0 0.0 0.0 8.0 0.0
1645.0060483606985 0.0 0.0 0.0 1.0 0.0 0.0 8.0 0.0
1646.0060483606985 0.0 0.0 0.0 1.0 0.0 0.0 8.0 0.0
1647.0060483606985 0.0 0.0 0.0 1.0 0.0 0.0 8.0 0.0
1648.0060483606985 0.0 0.0 0.0 1.0 0.0 0.0 8.0 0.0
1649.0060483606985 0.0 0.0 0.0 1.0 0.0 0.0 8.0 0.0
1650.0026949847631 0.0 0.0 0.0 1.0 0.0 0.0 8.0 0.0
1651.0060483606985 0.0 0.0 0.0 1.0 0.0 0.0 8.0 0.0
1652.0060483606985 0.0 0.0 0.0 1.0 0.0 0.0 8.0 0.0
1653.0021672885348 0.0 0.0 0.0 1.0 0.0 0.0 8.0 0.0
1654.0060483606985 0.0 0.0 0.0 1.0 0.0 0.0 8.0 0.0
1655.0060483606985 0.0 0.0 0.0 1.0 0.0 0.0 8.0 0.0
1656.0060483606985 0.0 0.0 0.0 1.0 0.0 0.0 8.0 0.0
1657.001546753435 0.0 0.0 0.0 1.0 0.0 0.0 8.0 0.0
1658.0060483606985 0.0 0.0 0.0 1.0 0.0 0.0 8.0 0.0
1659.0060483606985 0.0 0.0 0.0 1.0 0.0 0.0 8.0 0.0
1660.0060483606985 0.0 0.0 0.0 1.0 0.0 0.0 8.0 0.0
1661.0043989554138 0.0 0.0 0.0 1.0 0.0 0.0 8.0 0.0
1662.0060483606985 0.0 0.0 0.0 1.0 0.0 0.0 8.0 0.0
1663.0060483606985 0.0 0.0 0.0 1.0 0.0 0.0 8.0 0.0
1664.0060483606985 0.0 0.0 0.0 1.0 0.0 0.0 8.0 0.0
1665.0060483606985 0.0 0.0 0.0 1.0 0.0 0.0 8.0 0.0
1666.0060483606985 0.0 0.0 0.0 1.0 0.0 0.0 8.0 0.0
1667.0060483606985 0.0 0.0 0.0 1.0 0.0 0.0 8.0 0.0
1668.0060483606985 0.0 0.0 0.0 1.0 0.0 0.0 8.0 0.0
1669.0060483606985 0.0 0.0 0.0 1.0 0.0 0.0 8.0 0.0
1670.0060483606985 0.0 0.0 0.0 1.0 0.0 0.0 8.0 0.0
1671.0060483606985 0.0 0.0 0.0 1.0 0.0 0.0 8.0 0.0
1672.0021390952252 0.0 0.0 0.0 1.0 0.0 0.0 8.0 0.0
1673.0060483606985 0.0 0.0 0.0 1.0 0.0 0.0 8.0 0.0
1674.0060483606985 0.0 0.0 0.0 1.0 0.0 0.0 8.0 0.0
1675.0060483606985 0.0 0.0 0.0 1.0 0.0 0.0 8.0 0.0
1676.0060483606985 0.0 0.0 0.0 1.0 0.0 0.0 8.0 0.0
1677.0060483606985 0.0 0.0 0.0 1.0 0.0 0.0 8.0 0.0
1678.0048222172256 0.0 0.0 0.0 1.0 0.0 0.0 8.0 0.0
1679.0060483606985 0.0 0.0 0.0 1.0 0.0 0.0 8.0 0.0
1680.0015478990786 0.0 0.0 0.0 1.0 0.0 0.0 8.0 0.0
1681.0060483606985 0.0 0.0 0.0 1.0 0.0 0.0 8.0 0.0
1682.0060483606985 0.0 0.0 0.0 1.0 0.0 0.0 8.0 0.0
1683.0002452390586 0.0 0.0 0.0 1.0 0.0 0.0 8.0 0.0
1684.0047661470835 0.0 0.0 0.0 1.0 0.0 0.0 8.0 0.0
1685.0060483606985 0.0 0.0 0.0 1.0 0.0 0.0 8.0 0.0
1686.0060483606985 0.0 0.0 0.0 1.0 0.0 0.0 8.0 0.0
1687.0060483606985 0.0 0.0 0.0 1.0 0.0 0.0 8.0 0.0
1688.0060483606985 0.0 0.0 0.0 1.0 0.0 0.0 8.0 0.0
1689.0060483606985 0.0 0.0 0.0 1.0 0.0 0.0 8.0 0.0
1690.0060483606985 0.0 0.0 0.0 1.0 0.0 0.0 8.0 0.0
1691.0060483606985 0.0 0.0 0.0 1.0 0.0 0.0 8.0 0.0
1692.0060483606985 0.0 0.0 0.0 1.0 0.0 0.0 8.0 0.0
1693.0060483606985 0.0 0.0 0.0 1.0 0.0 0.0 8.0 0.0
1694.0060483606985 0.0 0.0 0.0 1.0 0.0 0.0 8.0 0.0
1695.0060483606985 0.0 0.0 0.0 1.0 0.0 0.0 8.0 0.0
1696.003993389029 0.0 0.0 0.0 1.0 0.0 0.0 8.0 0.0
1697.0032443475993 0.0 0.0 0.0 1.0 0.0 0.0 8.0 0.0
1698.0060483606985 0.0 0.0 0.0 1.0 0.0 0.0 8.0 0.0
1699.0060483606985 0.0 0.0 0.0 1.0 0.0 0.0 8.0 0.0
1700.0060483606985 0.0 0.0 0.0 1.0 0.0 0.0 8.0 0.0
1701.0060483606985 0.0 0.0 0.0 1.0 0.0 0.0 8.0 0.0
1702.0060483606985 0.0 0.0 0.0 1.0 0.0 0.0 8.0 0.0
1703.0060483606985 0.0 0.0 0.0 1.0 0.0 0.0 8.0 0.0
1704.0060483606985 0.0 0.0 0.0 1.0 0.0 0.0 8.0 0.0
1705.0060483606985 0.0 0.0 0.0 1.0 0.0 0.0 8.0 0.0
1706.0060483606985 0.0 0.0 0.0 1.0 0.0 0.0 8.0 0.0
1707.0060483606985 0.0 0.0 0.0 1.0 0.0 0.0 8.0 0.0
1708.0060483606985 0.0 0.0 0.0 1.0 0.0 0.0 8.0 0.0
1709.0060483606985 0.0 0.0 0.0 1.0 0.0 0.0 8.0 0.0
1710.0060483606985 0.0 0.0 0.0 1.0 0.0 0.0 8.0 0.0
1711.00092647726 0.0 0.0 0.0 1.0 0.0 0.0 8.0 0.0
1712.0060483606985 0.0 0.0 0.0 1.0 0.0 0.0 8.0 0.0
1713.0060483606985 0.0 0.0 0.0 1.0 0.0 0.0 8.0 0.0
1714.0060483606985 0.0 0.0 0.0 1.0 0.0 0.0 8.0 0.0
1715.0060483606985 0.0 0.0 0.0 1.0 0.0 0.0 8.0 0.0
1716.0060483606985 0.0 0.0 0.0 1.0 0.0 0.0 8.0 0.0
1717.0031814403553 0.0 0.0 0.0 1.0 0.0 0.0 8.0 0.0
1718.0060483606985 0.0 0.0 0.0 1.0 0.0 0.0 8.0 0.0
1719.0060483606985 0.0 0.0 0.0 1.0 0.0 0.0 8.0 0.0
1720.0025565253152 0.0 0.0 0.0 1.0 0.0 0.0 8.0 0.0
1721.0060483606985 0.0 0.0 0.0 1.0 0.0 0.0 8.0 0.0
1722.0030544331826 0.0 0.0 0.0 1.0 0.0 0.0 8.0 0.0
1723.0060483606985 0.0 0.0 0.0 1.0 0.0 0.0 8.0 0.0
1724.0060483606985 0.0 0.0 0.0 1.0 0.0 0.0 8.0 0.0
1725.0060483606985 0.0 0.0 0.0 1.0 0.0 0.0 8.0 0.0
1726.0060483606985 0.0 0.0 0.0 1.0 0.0 0.0 8.0 0.0
1727.0060483606985 0.0 0.0 0.0 1.0 0.0 0.0 8.0 0.0
1728.0060483606985 0.0 0.0 0.0 1.0 0.0 0.0 8.0 0.0
1729.0028173147039 0.0 0.0 0.0 1.0 0.0 0.0 8.0 0.0
1730.0060483606985 0.0 0.0 0.0 1.0 0.0 0.0 8.0 0.0
1731.0060483606985 0.0 0.0 0.0 1.0 0.0 0.0 8.0 0.0
1732.001782329717 0.0 0.0 0.0 1.0 0.0 0.0 8.0 0.0
1733.0060483606985 0.0 0.0 0.0 1.0 0.0 0.0 8.0 0.0
1734.0060483606985 0.0 0.0 0.0 1.0 0.0 0.0 8.0 0.0
1735.0060483606985 0.0 0.0 0.0 1.0 0.0 0.0 8.0 0.0
1736.0003517437653 0.0 0.0 0.0 1.0 0.0 0.0 8.0 0.0
1737.0038709277196 0.0 0.0 0.0 1.0 0.0 0.0 8.0 0.0
1738.0024798191403 0.0 0.0 0.0 1.0 0.0 0.0 8.0 0.0
1739.0060483606985 0.0 0.0 0.0 1.0 0.0 0.0 8.0 0.0
1740.0053311555369 0.0 0.0 0.0 1.0 0.0 0.0 8.0 0.0
1741.0060483606985 0.0 0.0 0.0 1.0 0.0 0.0 8.0 0.0
1742.0060483606985 0.0 0.0 0.0 1.0 0.0 0.0 8.0 0.0
1743.0060483606985 0.0 0.0 0.0 1.0 0.0 0.0 8.0 0.0
1744.0060483606985 0.0 0.0 0.0 1.0 0.0 0.0 8.0 0.0
1745.0060483606985 0.0 0.0 0.0 1.0 0.0 0.0 8.0 0.0
1746.0060483606985 0.0 0.0 0.0 1.0 0.0 0.0 8.0 0.0
1747.0014268799384 0.0 0.0 0.0 1.0 0.0 0.0 8.0 0.0
1748.0051981456536 0.0 0.0 0.0 1.0 0.0 0.0 8.0 0.0
1749.001836417537 0.0 0.0 0.0 1.0 0.0 0.0 8.0 0.0
1750.0060483606985 0.0 0.0 0.0 1.0 0.0 0.0 8.0 0.0
1751.003325630441 0.0 0.0 0.0 1.0 0.0 0.0 8.0 0.0
1752.0060483606985 0.0 0.0 0.0 1.0 0.0 0.0 8.0 0.0
1753.0060483606985 0.0 0.0 0.0 1.0 0.0 0.0 8.0 0.0
1754.0060483606985 0.0 0.0 0.0 1.0 0.0 0.0 8.0 0.0
1755.0060483606985 0.0 0.0 0.0 1.0 0.0 0.0 8.0 0.0
1756.0060483606985 0.0 0.0 0.0 1.0 0.0 0.0 8.0 0.0
1757.0060483606985 0.0 0.0 0.0 1.0 0.0 0.0 8.0 0.0
1758.0060483606985 0.0 0.0 0.0 1.0 0.0 0.0 8.0 0.0
1759.0010934574452 0.0 0.0 0.0 1.0 0.0 0.0 8.0 0.0
1760.0060483606985 0.0 0.0 0.0 1.0 0.0 0.0 8.0 0.0
1761.0019324140264 0.0 0.0 0.0 1.0 0.0 0.0 8.0 0.0
1762.0060483606985 0.0 0.0 0.0 1.0 0.0 0.0 8.0 0.0
1763.0060483606985 0.0 0.0 0.0 1.0 0.0 0.0 8.0 0.0
1764.0060483606985 0.0 0.0 0.0 1.0 0.0 0.0 8.0 0.0
1765.0060483606985 0.0 0.0 0.0 1.0 0.0 0.0 8.0 0.0
1766.0060483606985 0.0 0.0 0.0 1.0 0.0 0.0 8.0 0.0
1767.0060483606985 0.0 0.0 0.0 1.0 0.0 0.0 8.0 0.0
1768.0060483606985 0.0 0.0 0.0 1.0 0.0 0.0 8.0 0.0
1769.0060483606985 0.0 0.0 0.0 1.0 0.0 0.0 8.0 0.0
1770.0060483606985 0.0 0.0 0.0 1.0 0.0 0.0 8.0 0.0
1771.0060483606985 0.0 0.0 0.0 1.0 0.0 0.0 8.0 0.0
1772.0060483606985 0.0 0.0 0.0 1.0 0.0 0.0 8.0 0.0
1773.0060483606985 0.0 0.0 0.0 1.0 0.0 0.0 8.0 0.0
1774.0060483606985 0.0 0.0 0.0 1.0 0.0 0.0 8.0 0.0
1775.0060483606985 0.0 0.0 0.0 1.0 0.0 0.0 8.0 0.0
1776.0060483606985 0.0 0.0 0.0 1.0 0.0 0.0 8.0 0.0
1777.0060483606985 0.0 0.0 0.0 1.0 0.0 0.0 8.0 0.0
1778.0014557900788 0.0 0.0 0.0 1.0 0.0 0.0 8.0 0.0
1779.0060483606985 0.0 0.0 0.0 1.0 0.0 0.0 8.0 0.0
1780.0060483606985 0.0 0.0 0.0 1.0 0.0 0.0 8.0 0.0
1781.0060483606985 0.0 0.0 0.0 1.0 0.0 0.0 8.0 0.0
1782.0060483606985 0.0 0.0 0.0 1.0 0.0 0.0 8.0 0.0
1783.0060483606985 0.0 0.0 0.0 1.0 0.0 0.0 8.0 0.0
1784.0060483606985 0.0 0.0 0.0 1.0 0.0 0.0 8.0 0.0
1785.003805625007 0.0 0.0 0.0 1.0 0.0 0.0 8.0 0.0
1786.0060483606985 0.0 0.0 0.0 1.0 0.0 0.0 8.0 0.0
1787.0060483606985 0.0 0.0 0.0 1.0 0.0 0.0 8.0 0.0
1788.0060483606985 0.0 0.0 0.0 1.0 0.0 0.0 8.0 0.0
1789.0060483606985 0.0 0.0 0.0 1.0 0.0 0.0 8.0 0.0
1790.0005144697984 0.0 0.0 0.0 1.0 0.0 0.0 8.0 0.0
1791.0060483606985 0.0 0.0 0.0 1.0 0.0 0.0 8.0 0.0
1792.0015196950171 0.0 0.0 0.0 1.0 0.0 0.0 8.0 0.0
1793.0060483606985 0.0 0.0 0.0 1.0 0.0 0.0 8.0 0.0
1794.0060483606985 0.0 0.0 0.0 1.0 0.0 0.0 8.0 0.0
1795.0039586062958 0.0 0.0 0.0 1.0 0.0 0.0 8.0 0.0
1796.00335446787 0.0 0.0 0.0 1.0 0.0 0.0 8.0 0.0
1797.0035216194842 0.0 0.0 0.0 1.0 0.0 0.0 8.0 0.0
1798.0060483606985 0.0 0.0 0.0 1.0 0.0 0.0 8.0 0.0
1799.00582283589 0.0 0.0 0.0 1.0 0.0 0.0 8.0 0.0
1800.0004937247227 0.0 0.0 0.0 1.0 0.0 0.0 8.0 0.0
1801.0060483606985 0.0 0.0 0.0 1.0 0.0 0.0 7.35 0.0
1802.0039334256599 0.0 0.0 0.0 1.0 0.0 0.0 6.5 0.0
1803.0060483606985 0.0 0.0 0.0 1.0 0.0 0.0 6.05 0.0
1804.0060483606985 0.0 0.0 0.0 1.0 0.0 0.0 6.0 0.0
1805.0030345900204 0.0 0.0 0.0 1.0 0.0 0.0 6.0 0.0
1806.0060483606985 0.0 0.0 0.0 1.0 0.0 0.0 6.0 0.0
1807.0060483606985 0.0 0.0 0.0 1.0 0.0 0.0 6.0 0.0
1808.0060483606985 0.0 0.0 0.0 1.0 0.0 0.0 6.0 0.0
1809.0060483606985 0.0 0.0 0.0 1.0 0.0 0.0 6.0 0.0
1810.0035093081174 0.0 0.0 0.0 1.0 0.0 0.0 6.0 0.0
1811.0060483606985 0.0 0.0 0.0 1.0 0.0 0.0 6.0 0.0
1812.0060483606985 0.0 0.0 0.0 1.0 0.0 0.0 6.0 0.0
1813.0060483606985 0.0 0.0 0.0 1.0 0.0 0.0 6.0 0.0
1814.0060483606985 0.0 0.0 0.0 1.0 0.0 0.0 6.0 0.0
1815.0060483606985 0.0 0.0 0.0 1.0 0.0 0.0 6.0 0.0
1816.0060483606985 0.0 0.0 0.0 1.0 0.0 0.0 6.0 0.0
1817.0060483606985 0.0 0.0 0.0 1.0 0.0 0.0 6.0 0.0
1818.0060483606985 0.0 0.0 0.0 1.0 0.0 0.0 6.0 0.0
1819.0060483606985 0.0 0.0 0.0 1.0 0.0 0.0 6.0 0.0
1820.0000427941127 0.0 0.0 0.0 1.0 0.0 0.0 6.0 0.0
1821.0031576604654 0.0 0.0 0.0 1.0 0.0 0.0 6.0 0.0
1822.0060483606985 0.0 0.0 0.0 1.0 0.0 0.0 6.0 0.0
1823.0060483606985 0.0 0.0 0.0 1.0 0.0 0.0 6.0 0.0
1824.0060483606985 0.0 0.0 0.0 1.0 0.0 0.0 6.0 0.0
1825.0060483606985 0.0 0.0 0.0 1.0 0.0 0.0 6.0 0.0
1826.0060483606985 0.0 0.0 0.0 1.0 0.0 0.0 6.0 0.0
1827.0060483606985 0.0 0.0 0.0 1.0 0.0 0.0 6.0 0.0
1828.0060483606985 0.0 0.0 0.0 1.0 0.0 0.0 6.0 0.0
1829.0060483606985 0.0 0.0 0.0 1.0 0.0 0.0 6.0 0.0
1830.0060483606985 0.0 0.0 0.0 1.0 0.0 0.0 6.0 0.0
1831.0060483606985 0.0 0.0 0.0 1.0 0.0 0.0 6.0 0.0
1832.0060483606985 0.0 0.0 0.0 1.0 0.0 0.0 6.0 0.0
1833.0060483606985 0.0 0.0 0.0 1.0 0.0 0.0 6.0 0.0
1834.0060483606985 0.0 0.0 0.0 1.0 0.0 0.0 6.0 0.0
1835.0060483606985 0.0 0.0 0.0 1.0 0.0 0.0 6.0 0.0
1836.0060483606985 0.0 0.0 0.0 1.0 0.0 0.0 6.0 0.0
1837.0005339324116 0.0 0.0 0.0 1.0 0.0 0.0 6.0 0.0
1838.0060483606985 0.0 0.0 0.0 1.0 0.0 0.0 6.0 0.0
1839.005198037261 0.0 0.0 0.0 1.0 0.0 0.0 6.0 0.0
1840.0060483606985 0.0 0.0 0.0 1.0 0.0 0.0 6.0 0.0
1841.0060483606985 0.0 0.0 0.0 1.0 0.0 0.0 6.0 0.0
1842.0060483606985 0.0 0.0 0.0 1.0 0.0 0.0 6.0 0.0
1843.0060483606985 0.0 0.0 0.0 1.0 0.0 0.0 6.0 0.0
1844.0060483606985 0.0 0.0 0.0 1.0 0.0 0.0 6.0 0.0
1845.0060483606985 0.0 0.0 0.0 1.0 0.0 0.0 6.0 0.0
1846.0060483606985 0.0 0.0 0.0 1.0 0.0 0.0 6.0 0.0
1847.0060483606985 0.0 0.0 0.0 1.0 0.0 0.0 6.0 0.0
1848.0060483606985 0.0 0.0 0.0 1.0 0.0 0.0 6.0 0.0
1849.0060483606985 0.0 0.0 0.0 1.0 0.0 0.0 6.0 0.0
1850.0060483606985 0.0 0.0 0.0 1.0 0.0 0.0 6.0 0.0
1851.0060483606985 0.0 0.0 0.0 1.0 0.0 0.0 6.0 0.0
1852.0009635197534 0.0 0.0 0.0 1.0 0.0 0.0 6.0 0.0
1853.0060483606985 0.0 0.0 0.0 1.0 0.0 0.0 6.0 0.0
1854.0060483606985 0.0 0.0 0.0 1.0 0.0 0.0 6.0 0.0
1855.0060483606985 0.0 0.0 0.0 1.0 0.0 0.0 6.0 0.0
1856.0060483606985 0.0 0.0 0.0 1.0 0.0 0.0 6.0 0.0
1857.0060483606985 0.0 0.0 0.0 1.0 0.0 0.0 6.0 0.0
1858.0060483606985 0.0 0.0 0.0 1.0 0.0 0.0 6.0 0.0
1859.0060483606985 0.0 0.0 0.0 1.0 0.0 0.0 6.0 0.0
1860.0012775881376 0.0 0.0 0.0 1.0 0.0 0.0 6.0 0.0
1861.0060483606985 0.0 0.0 0.0 1.0 0.0 0.0 6.0 0.0
1862.0060483606985 0.0 0.0 0.0 1.0 0.0 0.0 6.0 0.0
1863.0060483606985 0.0 0.0 0.0 1.0 0.0 0.0 6.0 0.0
1864.0060483606985 0.0 0.0 0.0 1.0 0.0 0.0 6.0 0.0
1865.0060483606985 0.0 0.0 0.0 1.0 0.0 0.0 6.0 0.0
1866.0045310590858 0.0 0.0 0.0 1.0 0.0 0.0 6.0 0.0
1867.0060483606985 0.0 0.0 0.0 1.0 0.0 0.0 6.0 0.0
1868.0060483606985 0.0 0.0 0.0 1.0 0.0 0.0 6.0 0.0
1869.0060483606985 0.0 0.0 0.0 1.0 0.0 0.0 6.0 0.0
1870.0060483606985 0.0 0.0 0.0 1.0 0.0 0.0 6.0 0.0
1871.0060483606985 0.0 0.0 0.0 1.0 0.0 0.0 6.0 0.0
1872.0060483606985 0.0 0.0 0.0 1.0 0.0 0.0 6.0 0.0
1873.0060483606985 0.0 0.0 0.0 1.0 0.0 0.0 6.0 0.0
1874.0037709118258 0.0 0.0 0.0 1.0 0.0 0.0 6.0 0.0
1875.0060483606985 0.0 0.0 0.0 1.0 0.0 0.0 6.0 0.0
1876.0060483606985 0.0 0.0 0.0 1.0 0.0 0.0 6.0 0.0
1877.004883597541 0.0 0.0 0.0 1.0 0.0 0.0 6.0 0.0
1878.0060483606985 0.0 0.0 0.0 1.0 0.0 0.0 6.0 0.0
1879.0060483606985 0.0 0.0 0.0 1.0 0.0 0.0 6.0 0.0
1880.0036322461358 0.0 0.0 0.0 1.0 0.0 0.0 6.0 0.0
1881.0060483606985 0.0 0.0 0.0 1.0 0.0 0.0 6.0 0.0
1882.0060483606985 0.0 0.0 0.0 1.0 0.0 0.0 6.0 0.0
1883.0060483606985 0.0 0.0 0.0 1.0 0.0 0.0 6.0 0.0
1884.0060483606985 0.0 0.0 0.0 1.0 0.0 0.0 6.0 0.0
1885.0060483606985 0.0 0.0 0.0 1.0 0.0 0.0 6.0 0.0
1886.0060483606985 0.0 0.0 0.0 1.0 0.0 0.0 6.0 0.0
1887.0055467283737 0.0 0.0 0.0 1.0 0.0 0.0 6.0 0.0
1888.0060483606985 0.0 0.0 0.0 1.0 0.0 0.0 6.0 0.0
1889.0050671164415 0.0 0.0 0.0 1.0 0.0 0.0 6.0 0.0
1890.0060483606985 0.0 0.0 0.0 1.0 0.0 0.0 6.0 0.0
1891.0060483606985 0.0 0.0 0.0 1.0 0.0 0.0 6.0 0.0
1892.0060483606985 0.0 0.0 0.0 1.0 0.0 0.0 6.0 0.0
1893.0060483606985 0.0 0.0 0.0 1.0 0.0 0.0 6.0 0.0
1894.0060483606985 0.0 0.0 0.0 1.0 0.0 0.0 6.0 0.0
1895.0060483606985 0.0 0.0 0.0 1.0 0.0 0.0 6.0 0.0
1896.0060483606985 0.0 0.0 0.0 1.0 0.0 0.0 6.0 0.0
1897.0060483606985 0.0 0.0 0.0 1.0 0.0 0.0 6.0 0.0
1898.0060483606985 0.0 0.0 0.0 1.0 0.0 0.0 6.0 0.0
1899.0060483606985 0.0 0.0 0.0 1.0 0.0 0.0 6.0 0.0
1900.0060483606985 0.0 0.0 0.0 1.0 0.0 0.0 6.0 0.0
1901.0060483606985 0.0 0.0 0.0 1.0 0.0 0.0 6.0 0.0
1902.0060483606985 0.0 0.0 0.0 1.0 0.0 0.0 6.0 0.0
1903.0060483606985 0.0 0.0 0.0 1.0 0.0 0.0 6.0 0.0
1904.0060483606985 0.0 0.0 0.0 1.0 0.0 0.0 6.0 0.0
1905.0060483606985 0.0 0.0 0.0 1.0 0.0 0.0 6.0 0.0
1906.0060483606985 0.0 0.0 0.0 1.0 0.0 0.0 6.0 0.0
1907.0060483606985 0.0 0.0 0.0 1.0 0.0 0.0 6.0 0.0
1908.0060483606985 0.0 0.0 0.0 1.0 0.0 0.0 6.0 0.0
1909.0060483606985 0.0 0.0 0.0 1.0 0.0 0.0 6.0 0.0
1910.0060483606985 0.0 0.0 0.0 1.0 0.0 0.0 6.0 0.0
1911.0060483606985 0.0 0.0 0.0 1.0 0.0 0.0 6.0 0.0
1912.0060483606985 0.0 0.0 0.0 1.0 0.0 0.0 6.0 0.0
1913.0060483606985 0.0 0.0 0.0 1.0 0.0 0.0 6.0 0.0
1914.0060483606985 0.0 0.0 0.0 1.0 0.0 0.0 6.0 0.0
1915.0060483606985 0.0 0.0 0.0 1.0 0.0 0.0 6.0 0.0
1916.0060483606985 0.0 0.0 0.0 1.0 0.0 0.0 6.0 0.0
1917.0019117034774 0.0 0.0 0.0 1.0 0.0 0.0 6.0 0.0
1918.0060483606985 0.0 0.0 0.0 1.0 0.0 0.0 6.0 0.0
1919.0060483606985 0.0 0.0 0.0 1.0 0.0 0.0 6.0 0.0
1920.0060483606985 0.0 0.0 0.0 1.0 0.0 0.0 6.0 0.0
1921.0060483606985 0.0 0.0 0.0 1.0 0.0 0.0 6.0 0.0
1922.0060483606985 0.0 0.0 0.0 1.0 0.0 0.0 6.0 0.0
1923.0060483606985 0.0 0.0 0.0 1.0 0.0 0.0 6.0 0.0
1924.0060483606985 0.0 0.0 0.0 1.0 0.0 0.0 6.0 0.0
1925.0060483606985 0.0 0.0 0.0 1.0 0.0 0.0 6.0 0.0
1926.0060483606985 0.0 0.0 0.0 1.0 0.0 0.0 6.0 0.0
1927.0060483606985 0.0 0.0 0.0 1.0 0.0 0.0 6.0 0.0
1928.003156215459 0.0 0.0 0.0 1.0 0.0 0.0 6.0 0.0
1929.0043018563626 0.0 0.0 0.0 1.0 0.0 0.0 6.0 0.0
1930.0060483606985 0.0 0.0 0.0 1.0 0.0 0.0 6.0 0.0
1931.0060483606985 0.0 0.0 0.0 1.0 0.0 0.0 6.0 0.0
1932.0004481596236 0.0 0.0 0.0 1.0 0.0 0.0 6.0 0.0
1933.0060483606985 0.0 0.0 0.0 1.0 0.0 0.0 6.0 0.0
1934.0060483606985 0.0 0.0 0.0 1.0 0.0 0.0 6.0 0.0
1935.0053485448911 0.0 0.0 0.0 1.0 0.0 0.0 6.0 0.0
1936.0013552420116 0.0 0.0 0.0 1.0 0.0 0.0 6.0 0.0
1937.0060483606985 0.0 0.0 0.0 1.0 0.0 0.0 6.0 0.0
1938.0060483606985 0.0 0.0 0.0 1.0 0.0 0.0 6.0 0.0
1939.0034737038156 0.0 0.0 0.0 1.0 0.0 0.0 6.0 0.0
1940.0060483606985 0.0 0.0 0.0 1.0 0.0 0.0 6.0 0.0
1941.0060483606985 0.0 0.0 0.0 1.0 0.0 0.0 6.0 0.0
1942.0060483606985 0.0 0.0 0.0 1.0 0.0 0.0 6.0 0.0
1943.0060483606985 0.0 0.0 0.0 1.0 0.0 0.0 6.0 0.0
1944.0060483606985 0.0 0.0 0.0 1.0 0.0 0.0 6.0 0.0
1945.0060483606985 0.0 0.0 0.0 1.0 0.0 0.0 6.0 0.0
1946.0060483606985 0.0 0.0 0.0 1.0 0.0 0.0 6.0 0.0
1947.0060483606985 0.0 0.0 0.0 1.0 0.0 0.0 6.0 0.0
1948.0014594112793 0.0 0.0 0.0 1.0 0.0 0.0 6.0 0.0
1949.0060483606985 0.0 0.0 0.0 1.0 0.0 0.0 6.0 0.0
1950.0060483606985 0.0 0.0 0.0 1.0 0.0 0.0 6.0 0.0
1951.0028127954986 0.0 0.0 0.0 1.0 0.0 0.0 6.0 0.0
1952.0060483606985 0.0 0.0 0.0 1.0 0.0 0.0 6.0 0.0
1953.0060483606985 0.0 0.0 0.0 1.0 0.0 0.0 6.0 0.0
1954.0060483606985 0.0 0.0 0.0 1.0 0.0 0.0 6.0 0.0
1955.0060483606985 0.0 0.0 0.0 1.0 0.0 0.0 6.0 0.0
1956.0060483606985 0.0 0.0 0.0 1.0 0.0 0.0 6.0 0.0
1957.0060483606985 0.0 0.0 0.0 1.0 0.0 0.0 6.0 0.0
1958.0060483606985 0.0 0.0 0.0 1.0 0.0 0.0 6.0 0.0
1959.0060483606985 0.0 0.0 0.0 1.0 0.0 0.0 6.0 0.0
1960.0060483606985 0.0 0.0 0.0 1.0 0.0 0.0 6.0 0.0
1961.0060483606985 0.0 0.0 0.0 1.0 0.0 0.0 6.0 0.0
1962.0060483606985 0.0 0.0 0.0 1.0 0.0 0.0 6.0 0.0
1963.0060483606985 0.0 0.0 0.0 1.0 0.0 0.0 6.0 0.0
1964.0060483606985 0.0 0.0 0.0 1.0 0.0 0.0 6.0 0.0
1965.000199870232 0.0 0.0 0.0 1.0 0.0 0.0 6.0 0.0
1966.0060483606985 0.0 0.0 0.0 1.0 0.0 0.0 6.0 0.0
1967.00011049967 0.0 0.0 0.0 1.0 0.0 0.0 6.0 0.0
1968.0060483606985 0.0 0.0 0.0 1.0 0.0 0.0 6.0 0.0
1969.0060483606985 0.0 0.0 0.0 1.0 0.0 0.0 6.0 0.0
1970.0029768101367 0.0 0.0 0.0 1.0 0.0 0.0 6.0 0.0
1971.0060483606985 0.0 0.0 0.0 1.0 0.0 0.0 6.0 0.0
1972.0060483606985 0.0 0.0 0.0 1.0 0.0 0.0 6.0 0.0
1973.0060483606985 0.0 0.0 0.0 1.0 0.0 0.0 6.0 0.0
1974.0060483606985 0.0 0.0 0.0 1.0 0.0 0.0 6.0 0.0
1975.0060483606985 0.0 0.0 0.0 1.0 0.0 0.0 6.0 0.0
1976.0060483606985 0.0 0.0 0.0 1.0 0.0 0.0 6.0 0.0
1977.0060483606985 0.0 0.0 0.0 1.0 0.0 0.0 6.0 0.0
1978.0060483606985 0.0 0.0 0.0 1.0 0.0 0.0 6.0 0.0
1979.0060483606985 0.0 0.0 0.0 1.0 0.0 0.0 6.0 0.0
1980.0060483606985 0.0 0.0 0.0 1.0 0.0 0.0 6.0 0.0
1981.0060483606985 0.0 0.0 0.0 1.0 0.0 0.0 6.0 0.0
1982.0060483606985 0.0 0.0 0.0 1.0 0.0 0.0 6.0 0.0
1983.0060483606985 0.0 0.0 0.0 1.0 0.0 0.0 6.0 0.0
1984.0060483606985 0.0 0.0 0.0 1.0 0.0 0.0 6.0 0.0
1985.0060483606985 0.0 0.0 0.0 1.0 0.0 0.0 6.0 0.0
1986.0060483606985 0.0 0.0 0.0 1.0 0.0 0.0 6.0 0.0
1987.0020107053788 0.0 0.0 0.0 1.0 0.0 0.0 6.0 0.0
1988.0060483606985 0.0 0.0 0.0 1.0 0.0 0.0 6.0 0.0
1989.0060483606985 0.0 0.0 0.0 1.0 0.0 0.0 6.0 0.0
1990.0057484875038 0.0 0.0 0.0 1.0 0.0 0.0 6.0 0.0
1991.0060483606985 0.0 0.0 0.0 1.0 0.0 0.0 6.0 0.0
1992.0060483606985 0.0 0.0 0.0 1.0 0.0 0.0 6.0 0.0
1993.0060483606985 0.0 0.0 0.0 1.0 0.0 0.0 6.0 0.0
1994.0060483606985 0.0 0.0 0.0 1.0 0.0 0.0 6.0 0.0
1995.0060483606985 0.0 0.0 0.0 1.0 0.0 0.0 6.0 0.0
1996.0060483606985 0.0 0.0 0.0 1.0 0.0 0.0 6.0 0.0
1997.0060483606985 0.0 0.0 0.0 1.0 0.0 0.0 6.0 0.0
1998.0060483606985 0.0 0.0 0.0 1.0 0.0 0.0 6.0 0.0
1999.0045652617941 0.0 0.0 0.0 1.0 0.0 0.0 6.0 0.0
2000.0060483606985 0.0 0.0 0.0 1.0 0.0 0.0 6.0 0.0
2001.0029061041764 0.4 0.0 0.0 0.6 0.0 1.0 6.0 0.4682926829268293
2002.0060483606985 0.85 0.0 0.0 0.15 0.0 1.0 6.275 0.24878048780487805
2003.0060483606985 0.975 0.0 0.0 0.02499999999999999 0.0 1.0 7.05 0.0475609756097561
2004.0060483606985 1.0 0.0 0.0 0.0 0.0 1.0 7.8 0.0
2005.0028919634535 1.0 0.0 0.0 0.0 0.0 1.0 7.95 0.0
2006.0020256665211 1.0 0.0 0.0 0.0 0.0 1.0 8.0 0.0
2007.0060483606985 1.0 0.0 0.0 0.0 0.0 1.0 8.0 0.0
2008.0060483606985 1.0 0.0 0.0 0.0 0.0 1.0 8.0 0.0
2009.0060483606985 1.0 0.0 0.0 0.0 0.0 1.0 8.0 0.0
2010.0060483606985 1.0 0.0 0.0 0.0 0.0 1.0 8.0 0.0
2011.0060483606985 1.0 0.0 0.0 0.0 0.0 1.0 8.0 0.0
2012.0060483606985 1.0 0.0 0.0 0.0 0.0 1.0 8.0 0.0
2013.0060483606985 1.0 0.0 0.0 0.0 0.0 1.0 8.0 0.0
2014.0060483606985 1.0 0.0 0.0 0.0 0.0 1.0 8.0 0.0
2015.001736611223 1.0 0.0 0.0 0.0 0.0 1.0 8.0 0.0
2016.0060483606985 1.0 0.0 0.0 0.0 0.0 1.0 8.0 0.0
2017.0060483606985 1.0 0.0 0.0 0.0 0.0 1.0 8.0 0.0
2018.0011255384552 1.0 0.0 0.0 0.0 0.0 1.0 8.0 0.0
2019.0060483606985 1.0 0.0 0.0 0.0 0.0 1.0 8.0 0.0
2020.0060483606985 1.0 0.0 0.0 0.0 0.0 1.0 8.0 0.0
2021.0060483606985 1.0 0.0 0.0 0.0 0.0 1.0 8.0 0.0
2022.0060483606985 1.0 0.0 0.0 0.0 0.0 1.0 8.0 0.0
2023.0056963278707 1.0 0.0 0.0 0.0 0.0 1.0 8.0 0.0
2024.0060483606985 1.0 0.0 0.0 0.0 0.0 1.0 8.0 0.0
2025.0060483606985 1.0 0.0 0.0 0.0 0.0 1.0 8.0 0.0
2026.0017922358807 1.0 0.0 0.0 0.0 0.0 1.0 8.0 0.0
2027.0060483606985 1.0 0.0 0.0 0.0 0.0 1.0 8.0 0.0
2028.005039923127 1.0 0.0 0.0 0.0 0.0 1.0 8.0 0.0
2029.0060483606985 1.0 0.0 0.0 0.0 0.0 1.0 8.0 0.0
2030.0060483606985 1.0 0.0 0.0 0.0 0.0 1.0 8.0 0.0
2031.0060483606985 1.0 0.0 0.0 0.0 0.0 1.0 8.0 0.0
2032.0019381204092 1.0 0.0 0.0 0.0 0.0 1.0 8.0 0.0
2033.0031675993998 1.0 0.0 0.0 0.0 0.0 1.0 8.0 0.0
2034.0060483606985 1.0 0.0 0.0 0.0 0.0 1.0 8.0 0.0
2035.0060483606985 1.0 0.0 0.0 0.0 0.0 1.0 8.0 0.0
2036.0060483606985 1.0 0.0 0.0 0.0 0.0 1.0 8.0 0.0
2037.0060483606985 1.0 0.0 0.0 0.0 0.0 1.0 8.0 0.0
2038.0060483606985 1.0 0.0 0.0 0.0 0.0 1.0 8.0 0.0
2039.0016666327808 1.0 0.0 0.0 0.0 0.0 1.0 8.0 0.0
2040.0060483606985 1.0 0.0 0.0 0.0 0.0 1.0 8.0 0.0
2041.0060483606985 1.0 0.0 0.0 0.0 0.0 1.0 8.0 0.0
2042.0060483606985 1.0 0.0 0.0 0.0 0.0 1.0 8.0 0.0
2043.0013283361463 1.0 0.0 0.0 0.0 0.0 1.0 8.0 0.0
2044.0060483606985 1.0 0.0 0.0 0.0 0.0 1.0 8.0 0.0
2045.0060483606985 1.0 0.0 0.0 0.0 0.0 1.0 8.0 0.0
2046.0060483606985 1.0 0.0 0.0 0.0 0.0 1.0 8.0 0.0
2047.0016848523398 1.0 0.0 0.0 0.0 0.0 1.0 8.0 0.0
2048.0030765927763 1.0 0.0 0.0 0.0 0.0 1.0 8.0 0.0
2049.0019590734373 1.0 0.0 0.0 0.0 0.0 1.0 8.0 0.0
2050.0060483606985 1.0 0.0 0.0 0.0 0.0 1.0 8.0 0.0
2051.0060483606985 1.0 0.0 0.0 0.0 0.0 1.0 8.0 0.0
2052.0060483606985 1.0 0.0 0.0 0.0 0.0 1.0 8.0 0.0
2053.0060483606985 1.0 0.0 0.0 0.0 0.0 1.0 8.0 0.0
2054.0060483606985 1.0 0.0 0.0 0.0 0.0 1.0 8.0 0.0
2055.0060483606985 1.0 0.0 0.0 0.0 0.0 1.0 8.0 0.0
2056.0060483606985 1.0 0.0 0.0 0.0 0.0 1.0 8.0 0.0
2057.0060483606985 1.0 0.0 0.0 0.0 0.0 1.0 8.0 0.0
2058.0060483606985 1.0 0.0 0.0 0.0 0.0 1.0 8.0 0.0
2059.0060483606985 1.0 0.0 0.0 0.0 0.0 1.0 8.0 0.0
2060.0060483606985 1.0 0.0 0.0 0.0 0.0 1.0 8.0 0.0
2061.0060483606985 1.0 0.0 0.0 0.0 0.0 1.0 8.0 0.0
2062.0056791796687 1.0 0.0 0.0 0.0 0.0 1.0 8.0 0.0
2063.0060483606985 1.0 0.0 0.0 0.0 0.0 1.0 8.0 0.0
2064.0060483606985 1.0 0.0 0.0 0.0 0.0 1.0 8.0 0.0
2065.0060483606985 1.0 0.0 0.0 0.0 0.0 1.0 8.0 0.0
2066.001301595003 1.0 0.0 0.0 0.0 0.0 1.0 8.0 0.0
2067.0060483606985 1.0 0.0 0.0 0.0 0.0 1.0 8.0 0.0
2068.0018490201487 1.0 0.0 0.0 0.0 0.0 1.0 8.0 0.0
2069.0060483606985 1.0 0.0 0.0 0.0 0.0 1.0 8.0 0.0
2070.0060483606985 1.0 0.0 0.0 0.0 0.0 1.0 8.0 0.0
2071.0060483606985 1.0 0.0 0.0 0.0 0.0 1.0 8.0 0.0
2072.0060483606985 1.0 0.0 0.0 0.0 0.0 1.0 8.0 0.0
2073.0060483606985 1.0 0.0 0.0 0.0 0.0 1.0 8.0 0.0
2074.0060483606985 1.0 0.0 0.0 0.0 0.0 1.0 8.0 0.0
2075.0025490398725 1.0 0.0 0.0 0.0 0.0 1.0 8.0 0.0
2076.0060483606985 1.0 0.0 0.0 0.0 0.0 1.0 8.0 0.0
2077.0060483606985 1.0 0.0 0.0 0.0 0.0 1.0 8.0 0.0
2078.0060483606985 1.0 0.0 0.0 0.0 0.0 1.0 8.0 0.0
2079.0060483606985 1.0 0.0 0.0 0.0 0.0 1.0 8.0 0.0
2080.004742097085 1.0 0.0 0.0 0.0 0.0 1.0 8.0 0.0
2081.0060483606985 1.0 0.0 0.0 0.0 0.0 1.0 8.0 0.0
2082.0060483606985 1.0 0.0 0.0 0.0 0.0 1.0 8.0 0.0
2083.0060483606985 1.0 0.0 0.0 0.0 0.0 1.0 8.0 0.0
2084.0060483606985 1.0 0.0 0.0 0.0 0.0 1.0 8.0 0.0
2085.0060483606985 1.0 0.0 0.0 0.0 0.0 1.0 8.0 0.0
2086.0060483606985 1.0 0.0 0.0 0.0 0.0 1.0 8.0 0.0
2087.0012424300066 1.0 0.0 0.0 0.0 0.0 1.0 8.0 0.0
2088.0060483606985 1.0 0.0 0.0 0.0 0.0 1.0 8.0 0.0
2089.0060483606985 1.0 0.0 0.0 0.0 0.0 1.0 8.0 0.0
2090.0060483606985 1.0 0.0 0.0 0.0 0.0 1.0 8.0 0.0
2091.0060483606985 1.0 0.0 0.0 0.0 0.0 1.0 8.0 0.0
2092.0060483606985 1.0 0.0 0.0 0.0 0.0 1.0 8.0 0.0
2093.0026258311004 1.0 0.0 0.0 0.0 0.0 1.0 8.0 0.0
2094.0060483606985 1.0 0.0 0.0 0.0 0.0 1.0 8.0 0.0
2095.0060483606985 1.0 0.0 0.0 0.0 0.0 1.0 8.0 0.0
2096.0060483606985 1.0 0.0 0.0 0.0 0.0 1.0 8.0 0.0
2097.0060483606985 1.0 0.0 0.0 0.0 0.0 1.0 8.0 0.0
2098.0060483606985 1.0 0.0 0.0 0.0 0.0 1.0 8.0 0.0
2099.0060483606985 1.0 0.0 0.0 0.0 0.0 1.0 8.0 0.0
2100.0029200371873 1.0 0.0 0.0 0.0 0.0 1.0 8.0 0.0
2101.0060483606985 1.0 0.0 0.0 0.0 0.0 1.0 8.0 0.0
2102.0060483606985 1.0 0.0 0.0 0.0 0.0 1.0 8.0 0.0
2103.0060483606985 1.0 0.0 0.0 0.0 0.0 1.0 8.0 0.0
2104.0060483606985 1.0 0.0 0.0 0.0 0.0 1.0 8.0 0.0
2105.0060483606985 1.0 0.0 0.0 0.0 0.0 1.0 8.0 0.0
2106.0060483606985 1.0 0.0 0.0 0.0 0.0 1.0 8.0 0.0
2107.0060483606985 1.0 0.0 0.0 0.0 0.0 1.0 8.0 0.0
2108.0060483606985 1.0 0.0 0.0 0.0 0.0 1.0 8.0 0.0
2109.0060483606985 1.0 0.0 0.0 0.0 0.0 1.0 8.0 0.0
2110.0060483606985 1.0 0.0 0.0 0.0 0.0 1.0 8.0 0.0
2111.0060483606985 1.0 0.0 0.0 0.0 0.0 1.0 8.0 0.0
2112.0060483606985 1.0 0.0 0.0 0.0 0.0 1.0 8.0 0.0
2113.0060483606985 1.0 0.0 0.0 0.0 0.0 1.0 8.0 0.0
2114.0060483606985 1.0 0.0 0.0 0.0 0.0 1.0 8.0 0.0
2115.005517484887 1.0 0.0 0.0 0.0 0.0 1.0 8.0 0.0
2116.0060483606985 1.0 0.0 0.0 0.0 0.0 1.0 8.0 0.0
2117.0030537867315 1.0 0.0 0.0 0.0 0.0 1.0 8.0 0.0
2118.0060483606985 1.0 0.0 0.0 0.0 0.0 1.0 8.0 0.0
2119.0060483606985 1.0 0.0 0.0 0.0 0.0 1.0 8.0 0.0
2120.0060483606985 1.0 0.0 0.0 0.0 0.0 1.0 8.0 0.0
2121.0046485006014 1.0 0.0 0.0 0.0 0.0 1.0 8.0 0.0
2122.0060483606985 1.0 0.0 0.0 0.0 0.0 1.0 8.0 0.0
2123.0060483606985 1.0 0.0 0.0 0.0 0.0 1.0 8.0 0.0
2124.0060483606985 1.0 0.0 0.0 0.0 0.0 1.0 8.0 0.0
2125.004297450845 1.0 0.0 0.0 0.0 0.0 1.0 8.0 0.0
2126.0024095332315 1.0 0.0 0.0 0.0 0.0 1.0 8.0 0.0
2127.0060483606985 1.0 0.0 0.0 0.0 0.0 1.0 8.0 0.0
2128.0060483606985 1.0 0.0 0.0 0.0 0.0 1.0 8.0 0.0
2129.0060483606985 1.0 0.0 0.0 0.0 0.0 1.0 8.0 0.0
2130.0051451938166 1.0 0.0 0.0 0.0 0.0 1.0 8.0 0.0
2131.0060483606985 1.0 0.0 0.0 0.0 0.0 1.0 8.0 0.0
2132.0060483606985 1.0 0.0 0.0 0.0 0.0 1.0 8.0 0.0
2133.0060483606985 1.0 0.0 0.0 0.0 0.0 1.0 8.0 0.0
2134.0060483606985 1.0 0.0 0.0 0.0 0.0 1.0 8.0 0.0
2135.0060483606985 1.0 0.0 0.0 0.0 0.0 1.0 8.0 0.0
2136.0060483606985 1.0 0.0 0.0 0.0 0.0 1.0 8.0 0.0
2137.0060483606985 1.0 0.0 0.0 0.0 0.0 1.0 8.0 0.0
2138.0060483606985 1.0 0.0 0.0 0.0 0.0 1.0 8.0 0.0
2139.0060483606985 1.0 0.0 0.0 0.0 0.0 1.0 8.0 0.0
2140.0053581455904 1.0 0.0 0.0 0.0 0.0 1.0 8.0 0.0
2141.0060483606985 1.0 0.0 0.0 0.0 0.0 1.0 8.0 0.0
2142.0060483606985 1.0 0.0 0.0 0.0 0.0 1.0 8.0 0.0
2143.0060483606985 1.0 0.0 0.0 0.0 0.0 1.0 8.0 0.0
2144.0060483606985 1.0 0.0 0.0 0.0 0.0 1.0 8.0 0.0
2145.0060483606985 1.0 0.0 0.0 0.0 0.0 1.0 8.0 0.0
2146.0021747454603 1.0 0.0 0.0 0.0 0.0 1.0 8.0 0.0
2147.0060483606985 1.0 0.0 0.0 0.0 0.0 1.0 8.0 0.0
2148.0060483606985 1.0 0.0 0.0 0.0 0.0 1.0 8.0 0.0
2149.0060483606985 1.0 0.0 0.0 0.0 0.0 1.0 8.0 0.0
2150.0060483606985 1.0 0.0 0.0 0.0 0.0 1.0 8.0 0.0
2151.0060483606985 1.0 0.0 0.0 0.0 0.0 1.0 8.0 0.0
2152.0060483606985 1.0 0.0 0.0 0.0 0.0 1.0 8.0 0.0
2153.0060483606985 1.0 0.0 0.0 0.0 0.0 1.0 8.0 0.0
2154.0060483606985 1.0 0.0 0.0 0.0 0.0 1.0 8.0 0.0
2155.0060483606985 1.0 0.0 0.0 0.0 0.0 1.0 8.0 0.0
2156.0060483606985 1.0 0.0 0.0 0.0 0.0 1.0 8.0 0.0
2157.0060483606985 1.0 0.0 0.0 0.0 0.0 1.0 8.0 0.0
2158.0060483606985 1.0 0.0 0.0 0.0 0.0 1.0 8.0 0.0
2159.003998374798 1.0 0.0 0.0 0.0 0.0 1.0 8.0 0.0
2160.0060483606985 1.0 0.0 0.0 0.0 0.0 1.0 8.0 0.0
2161.0060483606985 1.0 0.0 0.0 0.0 0.0 1.0 8.0 0.0
2162.0060483606985 1.0 0.0 0.0 0.0 0.0 1.0 8.0 0.0
2163.0060483606985 1.0 0.0 0.0 0.0 0.0 1.0 8.0 0.0
2164.0060483606985 1.0 0.0 0.0 0.0 0.0 1.0 8.0 0.0
2165.0015874214487 1.0 0.0 0.0 0.0 0.0 1.0 8.0 0.0
2166.0060483606985 1.0 0.0 0.0 0.0 0.0 1.0 8.0 0.0
2167.0060483606985 1.0 0.0 0.0 0.0 0.0 1.0 8.0 0.0
2168.0060483606985 1.0 0.0 0.0 0.0 0.0 1.0 8.0 0.0
2169.0060483606985 1.0 0.0 0.0 0.0 0.0 1.0 8.0 0.0
2170.0060483606985 1.0 0.0 0.0 0.0 0.0 1.0 8.0 0.0
2171.0044020540495 1.0 0.0 0.0 0.0 0.0 1.0 8.0 0.0
2172.0060483606985 1.0 0.0 0.0 0.0 0.0 1.0 8.0 0.0
2173.0060483606985 1.0 0.0 0.0 0.0 0.0 1.0 8.0 0.0
2174.0060483606985 1.0 0.0 0.0 0.0 0.0 1.0 8.0 0.0
2175.0060483606985 1.0 0.0 0.0 0.0 0.0 1.0 8.0 0.0
2176.0060483606985 1.0 0.0 0.0 0.0 0.0 1.0 8.0 0.0
2177.0060483606985 1.0 0.0 0.0 0.0 0.0 1.0 8.0 0.0
2178.0060483606985 1.0 0.0 0.0 0.0 0.0 1.0 8.0 0.0
2179.0060483606985 1.0 0.0 0.0 0.0 0.0 1.0 8.0 0.0
2180.001037879678 1.0 0.0 0.0 0.0 0.0 1.0 8.0 0.0
2181.0060483606985 1.0 0.0 0.0 0.0 0.0 1.0 8.0 0.0
2182.0060483606985 1.0 0.0 0.0 0.0 0.0 1.0 8.0 0.0
2183.005220791109 1.0 0.0 0.0 0.0 0.0 1.0 8.0 0.0
2184.0060483606985 1.0 0.0 0.0 0.0 0.0 1.0 8.0 0.0
2185.0060483606985 1.0 0.0 0.0 0.0 0.0 1.0 8.0 0.0
2186.0060483606985 1.0 0.0 0.0 0.0 0.0 1.0 8.0 0.0
2187.0060483606985 1.0 0.0 0.0 0.0 0.0 1.0 8.0 0.0
2188.00554071342 1.0 0.0 0.0 0.0 0.0 1.0 8.0 0.0
2189.0060483606985 1.0 0.0 0.0 0.0 0.0 1.0 8.0 0.0
2190.001923137984 1.0 0.0 0.0 0.0 0.0 1.0 8.0 0.0
2191.0060483606985 1.0 0.0 0.0 0.0 0.0 1.0 8.0 0.0
2192.0060483606985 1.0 0.0 0.0 0.0 0.0 1.0 8.0 0.0
2193.0041935455897 1.0 0.0 0.0 0.0 0.0 1.0 8.0 0.0
2194.0060483606985 1.0 0.0 0.0 0.0 0.0 1.0 8.0 0.0
2195.0060483606985 1.0 0.0 0.0 0.0 0.0 1.0 8.0 0.0
2196.0060483606985 1.0 0.0 0.0 0.0 0.0 1.0 8.0 0.0
2197.005905680288 1.0 0.0 0.0 0.0 0.0 1.0 8.0 0.0
2198.0060483606985 1.0 0.0 0.0 0.0 0.0 1.0 8.0 0.0
2199.0060483606985 1.0 0.0 0.0 0.0 0.0 1.0 8.0 0.0
2200.0029281142833 1.0 0.0 0.0 0.0 0.0 1.0 8.0 0.0
2201.0015847201144 1.0 0.0 0.0 0.0 0.0 1.0 8.0 0.0
2202.0060483606985 1.0 0.0 0.0 0.0 0.0 1.0 8.0 0.0
2203.0060483606985 1.0 0.0 0.0 0.0 0.0 1.0 8.0 0.0
2204.0060483606985 1.0 0.0 0.0 0.0 0.0 1.0 8.0 0.0
2205.0060483606985 1.0 0.0 0.0 0.0 0.0 1.0 8.0 0.0
2206.0060483606985 1.0 0.0 0.0 0.0 0.0 1.0 8.0 0.0
2207.0060483606985 1.0 0.0 0.0 0.0 0.0 1.0 8.0 0.0
2208.0060483606985 1.0 0.0 0.0 0.0 0.0 1.0 8.0 0.0
2209.0008911015866 1.0 0.0 0.0 0.0 0.0 1.0 8.0 0.0
2210.0060483606985 1.0 0.0 0.0 0.0 0.0 1.0 8.0 0.0
2211.0060483606985 1.0 0.0 0.0 0.0 0.0 1.0 8.0 0.0
2212.0060483606985 1.0 0.0 0.0 0.0 0.0 1.0 8.0 0.0
2213.0060483606985 1.0 0.0 0.0 0.0 0.0 1.0 8.0 0.0
2214.0060483606985 1.0 0.0 0.0 0.0 0.0 1.0 8.0 0.0
2215.0060483606985 1.0 0.0 0.0 0.0 0.0 1.0 8.0 0.0
2216.0060483606985 1.0 0.0 0.0 0.0 0.0 1.0 8.0 0.0
2217.0060483606985 1.0 0.0 0.0 0.0 0.0 1.0 8.0 0.0
2218.0060483606985 1.0 0.0 0.0 0.0 0.0 1.0 8.0 0.0
2219.0060483606985 1.0 0.0 0.0 0.0 0.0 1.0 8.0 0.0
2220.0060483606985 1.0 0.0 0.0 0.0 0.0 1.0 8.0 0.0
2221.0060483606985 1.0 0.0 0.0 0.0 0.0 1.0 8.0 0.0
2222.0060483606985 1.0 0.0 0.0 0.0 0.0 1.0 8.0 0.0
2223.0060483606985 1.0 0.0 0.0 0.0 0.0 1.0 8.0 0.0
2224.0060483606985 1.0 0.0 0.0 0.0 0.0 1.0 8.0 0.0
2225.000218645189 1.0 0.0 0.0 0.0 0.0 1.0 8.0 0.0
2226.0060483606985 1.0 0.0 0.0 0.0 0.0 1.0 8.0 0.0
2227.0060483606985 1.0 0.0 0.0 0.0 0.0 1.0 8.0 0.0
2228.0060483606985 1.0 0.0 0.0 0.0 0.0 1.0 8.0 0.0
2229.0037644285103 1.0 0.0 0.0 0.0 0.0 1.0 8.0 0.0
2230.002595490412 1.0 0.0 0.0 0.0 0.0 1.0 8.0 0.0
2231.0060483606985 1.0 0.0 0.0 0.0 0.0 1.0 8.0 0.0
2232.0060483606985 1.0 0.0 0.0 0.0 0.0 1.0 8.0 0.0
2233.0060483606985 1.0 0.0 0.0 0.0 0.0 1.0 8.0 0.0
2234.0060483606985 1.0 0.0 0.0 0.0 0.0 1.0 8.0 0.0
2235.0060483606985 1.0 0.0 0.0 0.0 0.0 1.0 8.0 0.0
2236.0011872721007 1.0 0.0 0.0 0.0 0.0 1.0 8.0 0.0
2237.0060483606985 1.0 0.0 0.0 0.0 0.0 1.0 8.0 0.0
2238.0060483606985 1.0 0.0 0.0 0.0 0.0 1.0 8.0 0.0
2239.0060483606985 1.0 0.0 0.0 0.0 0.0 1.0 8.0 0.0
2240.004669275306 1.0 0.0 0.0 0.0 0.0 1.0 8.0 0.0
2241.0060483606985 1.0 0.0 0.0 0.0 0.0 1.0 8.0 0.0
2242.0060483606985 1.0 0.0 0.0 0.0 0.0 1.0 8.0 0.0
2243.0060483606985 1.0 0.0 0.0 0.0 0.0 1.0 8.0 0.0
2244.0060483606985 1.0 0.0 0.0 0.0 0.0 1.0 8.0 0.0
2245.0044212703688 1.0 0.0 0.0 0.0 0.0 1.0 8.0 0.0
2246.0060483606985 1.0 0.0 0.0 0.0 0.0 1.0 8.0 0.0
2247.0060483606985 1.0 0.0 0.0 0.0 0.0 1.0 8.0 0.0
2248.0060483606985 1.0 0.0 0.0 0.0 0.0 1.0 8.0 0.0
2249.0060483606985 1.0 0.0 0.0 0.0 0.0 1.0 8.0 0.0
2250.005427705784 1.0 0.0 0.0 0.0 0.0 1.0 8.0 0.0
2251.0060483606985 1.0 0.0 0.0 0.0 0.0 1.0 8.0 0.0
2252.0060483606985 1.0 0.0 0.0 0.0 0.0 1.0 8.0 0.0
2253.0060483606985 1.0 0.0 0.0 0.0 0.0 1.0 8.0 0.0
2254.0060483606985 1.0 0.0 0.0 0.0 0.0 1.0 8.0 0.0
2255.0060483606985 1.0 0.0 0.0 0.0 0.0 1.0 8.0 0.0
2256.0060483606985 1.0 0.0 0.0 0.0 0.0 1.0 8.0 0.0
2257.0053021555373 1.0 0.0 0.0 0.0 0.0 1.0 8.0 0.0
2258.0060483606985 1.0 0.0 0.0 0.0 0.0 1.0 8.0 0.0
2259.0055168181643 1.0 0.0 0.0 0.0 0.0 1.0 8.0 0.0
2260.0060483606985 1.0 0.0 0.0 0.0 0.0 1.0 8.0 0.0
2261.0060483606985 1.0 0.0 0.0 0.0 0.0 1.0 8.0 0.0
2262.0060483606985 1.0 0.0 0.0 0.0 0.0 1.0 8.0 0.0
2263.0060483606985 1.0 0.0 0.0 0.0 0.0 1.0 8.0 0.0
2264.0060483606985 1.0 0.0 0.0 0.0 0.0 1.0 8.0 0.0
2265.0060483606985 1.0 0.0 0.0 0.0 0.0 1.0 8.0 0.0
2266.0060483606985 1.0 0.0 0.0 0.0 0.0 1.0 8.0 0.0
2267.0060483606985 1.0 0.0 0.0 0.0 0.0 1.0 8.0 0.0
2268.0017019346064 1.0 0.0 0.0 0.0 0.0 1.0 8.0 0.0
2269.0060483606985 1.0 0.0 0.0 0.0 0.0 1.0 8.0 0.0
2270.0030499184495 1.0 0.0 0.0 0.0 0.0 1.0 8.0 0.0
2271.0060483606985 1.0 0.0 0.0 0.0 0.0 1.0 8.0 0.0
2272.0060483606985 1.0 0.0 0.0 0.0 0.0 1.0 8.0 0.0
2273.00067419765 1.0 0.0 0.0 0.0 0.0 1.0 8.0 0.0
2274.0060483606985 1.0 0.0 0.0 0.0 0.0 1.0 8.0 0.0
2275.0060483606985 1.0 0.0 0.0 0.0 0.0 1.0 8.0 0.0
2276.0060483606985 1.0 0.0 0.0 0.0 0.0 1.0 8.0 0.0
2277.0060483606985 1.0 0.0 0.0 0.0 0.0 1.0 8.0 0.0
2278.0060483606985 1.0 0.0 0.0 0.0 0.0 1.0 8.0 0.0
2279.0060483606985 1.0 0.0 0.0 0.0 0.0 1.0 8.0 0.0
2280.005684022641 1.0 0.0 0.0 0.0 0.0 1.0 8.0 0.0
2281.0060483606985 1.0 0.0 0.0 0.0 0.0 1.0 8.0 0.0
2282.0060483606985 1.0 0.0 0.0 0.0 0.0 1.0 8.0 0.0
2283.0060483606985 1.0 0.0 0.0 0.0 0.0 1.0 8.0 0.0
2284.0048684217236 1.0 0.0 0.0 0.0 0.0 1.0 8.0 0.0
2285.0060483606985 1.0 0.0 0.0 0.0 0.0 1.0 8.0 0.0
2286.0060483606985 1.0 0.0 0.0 0.0 0.0 1.0 8.0 0.0
2287.0060483606985 1.0 0.0 0.0 0.0 0.0 1.0 8.0 0.0
2288.0060483606985 1.0 0.0 0.0 0.0 0.0 1.0 8.0 0.0
2289.0060483606985 1.0 0.0 0.0 0.0 0.0 1.0 8.0 0.0
2290.0060483606985 1.0 0.0 0.0 0.0 0.0 1.0 8.0 0.0
2291.0060483606985 1.0 0.0 0.0 0.0 0.0 1.0 8.0 0.0
2292.0060483606985 1.0 0.0 0.0 0.0 0.0 1.0 8.0 0.0
2293.0060483606985 1.0 0.0 0.0 0.0 0.0 1.0 8.0 0.0
2294.0060483606985 1.0 0.0 0.0 0.0 0.0 1.0 8.0 0.0
2295.0060483606985 1.0 0.0 0.0 0.0 0.0 1.0 8.0 0.0
2296.0060483606985 1.0 0.0 0.0 0.0 0.0 1.0 8.0 0.0
2297.0060483606985 1.0 0.0 0.0 0.0 0.0 1.0 8.0 0.0
2298.0060483606985 1.0 0.0 0.0 0.0 0.0 1.0 8.0 0.0
2299.0060483606985 1.0 0.0 0.0 0.0 0.0 1.0 8.0 0.0
2300.0060483606985 1.0 0.0 0.0 0.0 0.0 1.0 8.0 0.0
2301.0060483606985 1.0 0.0 0.0 0.0 0.0 1.0 8.0 0.0
2302.005799942226 1.0 0.0 0.0 0.0 0.0 1.0 8.0 0.0
2303.0060483606985 1.0 0.0 0.0 0.0 0.0 1.0 8.0 0.0
2304.0060483606985 1.0 0.0 0.0 0.0 0.0 1.0 8.0 0.0
2305.0060483606985 1.0 0.0 0.0 0.0 0.0 1.0 8.0 0.0
2306.0060483606985 1.0 0.0 0.0 0.0 0.0 1.0 8.0 0.0
2307.0060483606985 1.0 0.0 0.0 0.0 0.0 1.0 8.0 0.0
2308.0060483606985 1.0 0.0 0.0 0.0 0.0 1.0 8.0 0.0
2309.0060483606985 1.0 0.0 0.0 0.0 0.0 1.0 8.0 0.0
2310.0060483606985 1.0 0.0 0.0 0.0 0.0 1.0 8.0 0.0
2311.0060483606985 1.0 0.0 0.0 0.0 0.0 1.0 8.0 0.0
2312.0060483606985 1.0 0.0 0.0 0.0 0.0 1.0 8.0 0.0
2313.0060483606985 1.0 0.0 0.0 0.0 0.0 1.0 8.0 0.0
2314.0060483606985 1.0 0.0 0.0 0.0 0.0 1.0 8.0 0.0
2315.0060483606985 1.0 0.0 0.0 0.0 0.0 1.0 8.0 0.0
2316.0060483606985 1.0 0.0 0.0 0.0 0.0 1.0 8.0 0.0
2317.0060483606985 1.0 0.0 0.0 0.0 0.0 1.0 8.0 0.0
2318.0060483606985 1.0 0.0 0.0 0.0 0.0 1.0 8.0 0.0
2319.0060483606985 1.0 0.0 0.0 0.0 0.0 1.0 8.0 0.0
2320.0060483606985 1.0 0.0 0.0 0.0 0.0 1.0 8.0 0.0
2321.0060483606985 1.0 0.0 0.0 0.0 0.0 1.0 8.0 0.0
2322.0060483606985 1.0 0.0 0.0 0.0 0.0 1.0 8.0 0.0
2323.0060483606985 1.0 0.0 0.0 0.0 0.0 1.0 8.0 0.0
2324.0060483606985 1.0 0.0 0.0 0.0 0.0 1.0 8.0 0.0
2325.0060483606985 1.0 0.0 0.0 0.0 0.0 1.0 8.0 0.0
2326.0060483606985 1.0 0.0 0.0 0.0 0.0 1.0 8.0 0.0
2327.000044144108 1.0 0.0 0.0 0.0 0.0 1.0 8.0 0.0
2328.0060483606985 1.0 0.0 0.0 0.0 0.0 1.0 8.0 0.0
2329.0060483606985 1.0 0.0 0.0 0.0 0.0 1.0 8.0 0.0
2330.0060483606985 1.0 0.0 0.0 0.0 0.0 1.0 8.0 0.0
2331.0060483606985 1.0 0.0 0.0 0.0 0.0 1.0 8.0 0.0
2332.0060483606985 1.0 0.0 0.0 0.0 0.0 1.0 8.0 0.0
2333.0060483606985 1.0 0.0 0.0 0.0 0.0 1.0 8.0 0.0
2334.000111524871 1.0 0.0 0.0 0.0 0.0 1.0 8.0 0.0
2335.0006856228265 1.0 0.0 0.0 0.0 0.0 1.0 8.0 0.0
2336.0060483606985 1.0 0.0 0.0 0.0 0.0 1.0 8.0 0.0
2337.0038695221715 1.0 0.0 0.0 0.0 0.0 1.0 8.0 0.0
2338.001133660629 1.0 0.0 0.0 0.0 0.0 1.0 8.0 0.0
2339.0060483606985 1.0 0.0 0.0 0.0 0.0 1.0 8.0 0.0
2340.0060483606985 1.0 0.0 0.0 0.0 0.0 1.0 8.0 0.0
2341.0060483606985 1.0 0.0 0.0 0.0 0.0 1.0 8.0 0.0
2342.0060483606985 1.0 0.0 0.0 0.0 0.0 1.0 8.0 0.0
2343.0060483606985 1.0 0.0 0.0 0.0 0.0 1.0 8.0 0.0
2344.0060483606985 1.0 0.0 0.0 0.0 0.0 1.0 8.0 0.0
2345.0060483606985 1.0 0.0 0.0 0.0 0.0 1.0 8.0 0.0
2346.0057629501234 1.0 0.0 0.0 0.0 0.0 1.0 8.0 0.0
2347.0060483606985 1.0 0.0 0.0 0.0 0.0 1.0 8.0 0.0
2348.0060483606985 1.0 0.0 0.0 0.0 0.0 1.0 8.0 0.0
2349.0011955548352 1.0 0.0 0.0 0.0 0.0 1.0 8.0 0.0
2350.0060483606985 1.0 0.0 0.0 0.0 0.0 1.0 8.0 0.0
2351.0060483606985 1.0 0.0 0.0 0.0 0.0 1.0 8.0 0.0
2352.0060483606985 1.0 0.0 0.0 0.0 0.0 1.0 8.0 0.0
2353.0060483606985 1.0 0.0 0.0 0.0 0.0 1.0 8.0 0.0
2354.006016211962 1.0 0.0 0.0 0.0 0.0 1.0 8.0 0.0
2355.0060483606985 1.0 0.0 0.0 0.0 0.0 1.0 8.0 0.0
2356.0060483606985 1.0 0.0 0.0 0.0 0.0 1.0 8.0 0.0
2357.0060483606985 1.0 0.0 0.0 0.0 0.0 1.0 8.0 0.0
2358.0060483606985 1.0 0.0 0.0 0.0 0.0 1.0 8.0 0.0
2359.001337108997 1.0 0.0 0.0 0.0 0.0 1.0 8.0 0.0
2360.0060483606985 1.0 0.0 0.0 0.0 0.0 1.0 8.0 0.0
2361.0060483606985 1.0 0.0 0.0 0.0 0.0 1.0 8.0 0.0
2362.0060483606985 1.0 0.0 0.0 0.0 0.0 1.0 8.0 0.0
2363.0060483606985 1.0 0.0 0.0 0.0 0.0 1.0 8.0 0.0
2364.0060483606985 1.0 0.0 0.0 0.0 0.0 1.0 8.0 0.0
2365.0060483606985 1.0 0.0 0.0 0.0 0.0 1.0 8.0 0.0
2366.0060483606985 1.0 0.0 0.0 0.0 0.0 1.0 8.0 0.0
2367.0060483606985 1.0 0.0 0.0 0.0 0.0 1.0 8.0 0.0
2368.0060483606985 1.0 0.0 0.0 0.0 0.0 1.0 8.0 0.0
2369.0060483606985 1.0 0.0 0.0 0.0 0.0 1.0 8.0 0.0
2370.0060483606985 1.0 0.0 0.0 0.0 0.0 1.0 8.0 0.0
2371.0060483606985 1.0 0.0 0.0 0.0 0.0 1.0 8.0 0.0
2372.0060483606985 1.0 0.0 0.0 0.0 0.0 1.0 8.0 0.0
2373.0060483606985 1.0 0.0 0.0 0.0 0.0 1.0 8.0 0.0
2374.0011579003867 1.0 0.0 0.0 0.0 0.0 1.0 8.0 0.0
2375.0060483606985 1.0 0.0 0.0 0.0 0.0 1.0 8.0 0.0
2376.0060483606985 1.0 0.0 0.0 0.0 0.0 1.0 8.0 0.0
2377.0060483606985 1.0 0.0 0.0 0.0 0.0 1.0 8.0 0.0
2378.0060483606985 1.0 0.0 0.0 0.0 0.0 1.0 8.0 0.0
2379.0060483606985 1.0 0.0 0.0 0.0 0.0 1.0 8.0 0.0
2380.0060483606985 1.0 0.0 0.0 0.0 0.0 1.0 8.0 0.0
2381.0059349600456 1.0 0.0 0.0 0.0 0.0 1.0 8.0 0.0
2382.001507158951 1.0 0.0 0.0 0.0 0.0 1.0 8.0 0.0
2383.0060483606985 1.0 0.0 0.0 0.0 0.0 1.0 8.0 0.0
2384.0040275048623 1.0 0.0 0.0 0.0 0.0 1.0 8.0 0.0
2385.0000595487863 1.0 0.0 0.0 0.0 0.0 1.0 8.0 0.0
2386.0060483606985 1.0 0.0 0.0 0.0 0.0 1.0 8.0 0.0
2387.0007242323513 1.0 0.0 0.0 0.0 0.0 1.0 8.0 0.0
2388.0060483606985 1.0 0.0 0.0 0.0 0.0 1.0 8.0 0.0
2389.0060483606985 1.0 0.0 0.0 0.0 0.0 1.0 8.0 0.0
2390.0060483606985 1.0 0.0 0.0 0.0 0.0 1.0 8.0 0.0
2391.0060483606985 1.0 0.0 0.0 0.0 0.0 1.0 8.0 0.0
2392.0060483606985 1.0 0.0 0.0 0.0 0.0 1.0 8.0 0.0
2393.0021976041176 1.0 0.0 0.0 0.0 0.0 1.0 8.0 0.0
2394.0060483606985 1.0 0.0 0.0 0.0 0.0 1.0 8.0 0.0
2395.0060483606985 1.0 0.0 0.0 0.0 0.0 1.0 8.0 0.0
2396.0060483606985 1.0 0.0 0.0 0.0 0.0 1.0 8.0 0.0
2397.0060483606985 1.0 0.0 0.0 0.0 0.0 1.0 8.0 0.0
2398.0060483606985 1.0 0.0 0.0 0.0 0.0 1.0 8.0 0.0
2399.0060483606985 1.0 0.0 0.0 0.0 0.0 1.0 8.0 0.0
2400.0 1.0 0.0 0.0 0.0 1.0 1.0 8.0 0.0
2401.0060483606985 1.0 0.0 0.0 0.0 1.0 1.0 7.625 0.0
2402.0060483606985 0.925 0.07500000000000001 0.0 0.0 1.0 1.0 6.55 0.1353658536585366
2403.0060483606985 0.375 0.625 0.0 0.0 1.0 1.0 6.225 0.4573170731707317
2404.0060483606985 0.1 0.9 0.0 0.0 1.0 1.0 6.75 0.17560975609756097
2405.0060483606985 0.05 0.95 0.0 0.0 1.0 1.0 7.425 0.09268292682926829
2406.000820754049 0.024999999999999994 0.975 0.0 0.0 1.0 1.0 7.825 0.0475609756097561
2407.0060483606985 0.0 1.0 0.0 0.0 1.0 1.0 7.9 0.0
2408.0060483606985 0.0 1.0 0.0 0.0 1.0 1.0 7.975 0.0
2409.0060483606985 0.0 1.0 0.0 0.0 1.0 1.0 8.0 0.0
2410.000635057652 0.0 1.0 0.0 0.0 1.0 1.0 8.0 0.0
2411.003521897841 0.0 1.0 0.0 0.0 1.0 1.0 8.0 0.0
2412.0060483606985 0.0 1.0 0.0 0.0 1.0 1.0 8.0 0.0
2413.005575922999 0.0 1.0 0.0 0.0 1.0 1.0 8.0 0.0
2414.0060483606985 0.0 1.0 0.0 0.0 1.0 1.0 8.0 0.0
2415.0060483606985 0.0 1.0 0.0 0.0 1.0 1.0 8.0 0.0
2416.0060483606985 0.0 1.0 0.0 0.0 1.0 1.0 8.0 0.0
2417.0008676847942 0.0 1.0 0.0 0.0 1.0 1.0 8.0 0.0
2418.0060483606985 0.0 1.0 0.0 0.0 1.0 1.0 8.0 0.0
2419.0060483606985 0.0 1.0 0.0 0.0 1.0 1.0 8.0 0.0
2420.0060483606985 0.0 1.0 0.0 0.0 1.0 1.0 8.0 0.0
2421.0060483606985 0.0 1.0 0.0 0.0 1.0 1.0 8.0 0.0
2422.0060483606985 0.0 1.0 0.0 0.0 1.0 1.0 8.0 0.0
2423.0060483606985 0.0 1.0 0.0 0.0 1.0 1.0 8.0 0.0
2424.0060483606985 0.0 1.0 0.0 0.0 1.0 1.0 8.0 0.0
2425.0060483606985 0.0 1.0 0.0 0.0 1.0 1.0 8.0 0.0
2426.0060483606985 0.0 1.0 0.0 0.0 1.0 1.0 8.0 0.0
2427.000219868127 0.0 1.0 0.0 0.0 1.0 1.0 8.0 0.0
2428.0060483606985 0.0 1.0 0.0 0.0 1.0 1.0 8.0 0.0
2429.0060483606985 0.0 1.0 0.0 0.0 1.0 1.0 8.0 0.0
2430.0060483606985 0.0 1.0 0.0 0.0 1.0 1.0 8.0 0.0
2431.0060483606985 0.0 1.0 0.0 0.0 1.0 1.0 8.0 0.0
2432.0060483606985 0.0 1.0 0.0 0.0 1.0 1.0 8.0 0.0
2433.0060483606985 0.0 1.0 0.0 0.0 1.0 1.0 8.0 0.0
2434.0060483606985 0.0 1.0 0.0 0.0 1.0 1.0 8.0 0.0
2435.0060483606985 0.0 1.0 0.0 0.0 1.0 1.0 8.0 0.0
2436.0060483606985 0.0 1.0 0.0 0.0 1.0 1.0 8.0 0.0
2437.0060483606985 0.0 1.0 0.0 0.0 1.0 1.0 8.0 0.0
2438.0060483606985 0.0 1.0 0.0 0.0 1.0 1.0 8.0 0.0
2439.0060483606985 0.0 1.0 0.0 0.0 1.0 1.0 8.0 0.0
2440.003038371451 0.0 1.0 0.0 0.0 1.0 1.0 8.0 0.0
2441.0060483606985 0.0 1.0 0.0 0.0 1.0 1.0 8.0 0.0
2442.0060483606985 0.0 1.0 0.0 0.0 1.0 1.0 8.0 0.0
2443.0060483606985 0.0 1.0 0.0 0.0 1.0 1.0 8.0 0.0
2444.0005049878746 0.0 1.0 0.0 0.0 1.0 1.0 8.0 0.0
2445.0060483606985 0.0 1.0 0.0 0.0 1.0 1.0 8.0 0.0
2446.0060483606985 0.0 1.0 0.0 0.0 1.0 1.0 8.0 0.0
2447.0060483606985 0.0 1.0 0.0 0.0 1.0 1.0 8.0 0.0
2448.0060483606985 0.0 1.0 0.0 0.0 1.0 1.0 8.0 0.0
2449.001271983232 0.0 1.0 0.0 0.0 1.0 1.0 8.0 0.0
2450.0060483606985 0.0 1.0 0.0 0.0 1.0 1.0 8.0 0.0
2451.005006612102 0.0 1.0 0.0 0.0 1.0 1.0 8.0 0.0
2452.0060483606985 0.0 1.0 0.0 0.0 1.0 1.0 8.0 0.0
2453.0060483606985 0.0 1.0 0.0 0.0 1.0 1.0 8.0 0.0
2454.0060483606985 0.0 1.0 0.0 0.0 1.0 1.0 8.0 0.0
2455.0060483606985 0.0 1.0 0.0 0.0 1.0 1.0 8.0 0.0
2456.0060483606985 0.0 1.0 0.0 0.0 1.0 1.0 8.0 0.0
2457.0060483606985 0.0 1.0 0.0 0.0 1.0 1.0 8.0 0.0
2458.0060483606985 0.0 1.0 0.0 0.0 1.0 1.0 8.0 0.0
2459.0060483606985 0.0 1.0 0.0 0.0 1.0 1.0 8.0 0.0
2460.0060483606985 0.0 1.0 0.0 0.0 1.0 1.0 8.0 0.0
2461.0060483606985 0.0 1.0 0.0 0.0 1.0 1.0 8.0 0.0
2462.0060483606985 0.0 1.0 0.0 0.0 1.0 1.0 8.0 0.0
2463.0023031486285 0.0 1.0 0.0 0.0 1.0 1.0 8.0 0.0
2464.001979393233 0.0 1.0 0.0 0.0 1.0 1.0 8.0 0.0
2465.0060483606985 0.0 1.0 0.0 0.0 1.0 1.0 8.0 0.0
2466.0048279040116 0.0 1.0 0.0 0.0 1.0 1.0 8.0 0.0
2467.0060483606985 0.0 1.0 0.0 0.0 1.0 1.0 8.0 0.0
2468.0045632703077 0.0 1.0 0.0 0.0 1.0 1.0 8.0 0.0
2469.0060483606985 0.0 1.0 0.0 0.0 1.0 1.0 8.0 0.0
2470.0060483606985 0.0 1.0 0.0 0.0 1.0 1.0 8.0 0.0
2471.0060483606985 0.0 1.0 0.0 0.0 1.0 1.0 8.0 0.0
2472.0060483606985 0.0 1.0 0.0 0.0 1.0 1.0 8.0 0.0
2473.0060483606985 0.0 1.0 0.0 0.0 1.0 1.0 8.0 0.0
2474.0055778135365 0.0 1.0 0.0 0.0 1.0 1.0 8.0 0.0
2475.0060483606985 0.0 1.0 0.0 0.0 1.0 1.0 8.0 0.0
2476.0060483606985 0.0 1.0 0.0 0.0 1.0 1.0 8.0 0.0
2477.000104754421 0.0 1.0 0.0 0.0 1.0 1.0 8.0 0.0
2478.0006103895334 0.0 1.0 0.0 0.0 1.0 1.0 8.0 0.0
2479.0060483606985 0.0 1.0 0.0 0.0 1.0 1.0 8.0 0.0
2480.0060483606985 0.0 1.0 0.0 0.0 1.0 1.0 8.0 0.0
2481.0060483606985 0.0 1.0 0.0 0.0 1.0 1.0 8.0 0.0
2482.0060483606985 0.0 1.0 0.0 0.0 1.0 1.0 8.0 0.0
2483.0059796346327 0.0 1.0 0.0 0.0 1.0 1.0 8.0 0.0
2484.0060483606985 0.0 1.0 0.0 0.0 1.0 1.0 8.0 0.0
2485.0060483606985 0.0 1.0 0.0 0.0 1.0 1.0 8.0 0.0
2486.0060483606985 0.0 1.0 0.0 0.0 1.0 1.0 8.0 0.0
2487.0060483606985 0.0 1.0 0.0 0.0 1.0 1.0 8.0 0.0
2488.0060483606985 0.0 1.0 0.0 0.0 1.0 1.0 8.0 0.0
2489.0060483606985 0.0 1.0 0.0 0.0 1.0 1.0 8.0 0.0
2490.0060483606985 0.0 1.0 0.0 0.0 1.0 1.0 8.0 0.0
2491.0025896980437 0.0 1.0 0.0 0.0 1.0 1.0 8.0 0.0
2492.00500854186 0.0 1.0 0.0 0.0 1.0 1.0 8.0 0.0
2493.0028255099264 0.0 1.0 0.0 0.0 1.0 1.0 8.0 0.0
2494.0060483606985 0.0 1.0 0.0 0.0 1.0 1.0 8.0 0.0
2495.0060483606985 0.0 1.0 0.0 0.0 1.0 1.0 8.0 0.0
2496.0060483606985 0.0 1.0 0.0 0.0 1.0 1.0 8.0 0.0
2497.0060483606985 0.0 1.0 0.0 0.0 1.0 1.0 8.0 0.0
2498.0049240770873 0.0 1.0 0.0 0.0 1.0 1.0 8.0 0.0
2499.0060483606985 0.0 1.0 0.0 0.0 1.0 1.0 8.0 0.0
2500.0060483606985 0.0 1.0 0.0 0.0 1.0 1.0 8.0 0.0
2501.0060483606985 0.0 1.0 0.0 0.0 1.0 1.0 8.0 0.0
2502.0036924161977 0.0 1.0 0.0 0.0 1.0 1.0 8.0 0.0
2503.0060483606985 0.0 1.0 0.0 0.0 1.0 1.0 8.0 0.0
2504.001629718984 0.0 1.0 0.0 0.0 1.0 1.0 8.0 0.0
2505.0060483606985 0.0 1.0 0.0 0.0 1.0 1.0 8.0 0.0
2506.0060483606985 0.0 1.0 0.0 0.0 1.0 1.0 8.0 0.0
2507.0058477294315 0.0 1.0 0.0 0.0 1.0 1.0 8.0 0.0
2508.0060483606985 0.0 1.0 0.0 0.0 1.0 1.0 7.925 0.0
2509.0060483606985 0.0 1.0 0.0 0.0 1.0 1.0 7.2 0.0
2510.0060483606985 0.0 1.0 0.0 0.0 1.0 1.0 6.35 0.0
2511.0060483606985 0.0 1.0 0.0 0.0 1.0 1.0 6.125 0.0
2512.0060483606985 0.0 1.0 0.0 0.0 1.0 1.0 6.025 0.0
2513.0060483606985 0.0 1.0 0.0 0.0 1.0 1.0 6.0 0.0
2514.0060483606985 0.0 0.325 0.0 0.675 0.0 1.0 6.0 0.42804878048780487
2515.0060483606985 0.725 0.0 0.0 0.275 0.0 1.0 6.5 0.38902439024390245
2516.0060483606985 0.95 0.0 0.0 0.05 0.0 1.0 7.575 0.09268292682926829
2517.0060483606985 0.975 0.0 0.0 0.02499999999999999 0.0 1.0 8.375 0.0475609756097561
2518.0060483606985 1.0 0.0 0.0 0.0 0.0 1.0 8.775 0.0
2519.0060483606985 1.0 0.0 0.0 0.0 0.0 1.0 8.95 0.0
2520.0060483606985 1.0 0.0 0.0 0.0 0.0 1.0 8.95 0.0
2521.0060483606985 1.0 0.0 0.0 0.0 0.0 1.0 9.0 0.0
2522.0060483606985 1.0 0.0 0.0 0.0 0.0 1.0 9.0 0.0
2523.0060483606985 1.0 0.0 0.0 0.0 0.0 1.0 9.0 0.0
2524.0020319018677 1.0 0.0 0.0 0.0 0.0 1.0 9.0 0.0
2525.0060483606985 1.0 0.0 0.0 0.0 0.0 1.0 9.0 0.0
2526.0060483606985 1.0 0.0 0.0 0.0 0.0 1.0 9.0 0.0
2527.002901190554 1.0 0.0 0.0 0.0 0.0 1.0 9.0 0.0
2528.0060483606985 1.0 0.0 0.0 0.0 0.0 1.0 9.0 0.0
2529.0060483606985 1.0 0.0 0.0 0.0 0.0 1.0 9.0 0.0
2530.0060483606985 1.0 0.0 0.0 0.0 0.0 1.0 9.0 0.0
2531.0060483606985 1.0 0.0 0.0 0.0 0.0 1.0 9.0 0.0
2532.0060483606985 1.0 0.0 0.0 0.0 0.0 1.0 9.0 0.0
2533.0060483606985 1.0 0.0 0.0 0.0 0.0 1.0 9.0 0.0
2534.0060483606985 1.0 0.0 0.0 0.0 0.0 1.0 9.0 0.0
2535.0060483606985 1.0 0.0 0.0 0.0 0.0 1.0 9.0 0.0
2536.0060483606985 1.0 0.0 0.0 0.0 0.0 1.0 9.0 0.0
2537.0060483606985 1.0 0.0 0.0 0.0 0.0 1.0 9.0 0.0
2538.0060483606985 1.0 0.0 0.0 0.0 0.0 1.0 9.0 0.0
2539.0060483606985 1.0 0.0 0.0 0.0 0.0 1.0 9.0 0.0
2540.0060483606985 1.0 0.0 0.0 0.0 0.0 1.0 9.0 0.0
2541.0060483606985 1.0 0.0 0.0 0.0 0.0 1.0 9.0 0.0
2542.0060483606985 1.0 0.0 0.0 0.0 0.0 1.0 9.0 0.0
2543.0060483606985 1.0 0.0 0.0 0.0 0.0 1.0 9.0 0.0
2544.0060483606985 1.0 0.0 0.0 0.0 0.0 1.0 9.0 0.0
2545.0038346913207 1.0 0.0 0.0 0.0 0.0 1.0 9.0 0.0
2546.0060483606985 1.0 0.0 0.0 0.0 0.0 1.0 9.0 0.0
2547.0060483606985 1.0 0.0 0.0 0.0 0.0 1.0 9.0 0.0
2548.0060483606985 1.0 0.0 0.0 0.0 0.0 1.0 9.0 0.0
2549.0060483606985 1.0 0.0 0.0 0.0 0.0 1.0 9.0 0.0
2550.0060483606985 1.0 0.0 0.0 0.0 0.0 1.0 9.0 0.0
2551.0060483606985 1.0 0.0 0.0 0.0 0.0 1.0 9.0 0.0
2552.0060483606985 1.0 0.0 0.0 0.0 0.0 1.0 9.0 0.0
2553.0060483606985 1.0 0.0 0.0 0.0 0.0 1.0 9.0 0.0
2554.0060483606985 1.0 0.0 0.0 0.0 0.0 1.0 9.0 0.0
2555.0060483606985 1.0 0.0 0.0 0.0 0.0 1.0 9.0 0.0
2556.0060483606985 1.0 0.0 0.0 0.0 0.0 1.0 9.0 0.0
2557.0060483606985 1.0 0.0 0.0 0.0 0.0 1.0 9.0 0.0
2558.0060483606985 1.0 0.0 0.0 0.0 0.0 1.0 9.0 0.0
2559.0060483606985 1.0 0.0 0.0 0.0 0.0 1.0 9.0 0.0
2560.0060483606985 1.0 0.0 0.0 0.0 0.0 1.0 9.0 0.0
2561.0060483606985 1.0 0.0 0.0 0.0 0.0 1.0 9.0 0.0
2562.0060483606985 1.0 0.0 0.0 0.0 0.0 1.0 9.0 0.0
2563.000560320825 1.0 0.0 0.0 0.0 0.0 1.0 9.0 0.0
2564.003346293456 1.0 0.0 0.0 0.0 0.0 1.0 9.0 0.0
2565.0060483606985 1.0 0.0 0.0 0.0 0.0 1.0 9.0 0.0
2566.0060483606985 1.0 0.0 0.0 0.0 0.0 1.0 9.0 0.0
2567.0060483606985 1.0 0.0 0.0 0.0 0.0 1.0 9.0 0.0
2568.0060483606985 1.0 0.0 0.0 0.0 0.0 1.0 9.0 0.0
2569.0060483606985 1.0 0.0 0.0 0.0 0.0 1.0 9.0 0.0
2570.002847932062 1.0 0.0 0.0 0.0 0.0 1.0 9.0 0.0
2571.0060483606985 1.0 0.0 0.0 0.0 0.0 1.0 9.0 0.0
2572.0060483606985 1.0 0.0 0.0 0.0 0.0 1.0 9.0 0.0
2573.0060483606985 1.0 0.0 0.0 0.0 0.0 1.0 9.0 0.0
2574.0060483606985 1.0 0.0 0.0 0.0 0.0 1.0 9.0 0.0
2575.0060483606985 1.0 0.0 0.0 0.0 0.0 1.0 9.0 0.0
2576.0060483606985 1.0 0.0 0.0 0.0 0.0 1.0 9.0 0.0
2577.0016360143004 1.0 0.0 0.0 0.0 0.0 1.0 9.0 0.0
2578.0060483606985 1.0 0.0 0.0 0.0 0.0 1.0 9.0 0.0
2579.0060483606985 1.0 0.0 0.0 0.0 0.0 1.0 9.0 0.0
2580.0060483606985 1.0 0.0 0.0 0.0 0.0 1.0 9.0 0.0
2581.0050970640746 1.0 0.0 0.0 0.0 0.0 1.0 9.0 0.0
2582.0060483606985 1.0 0.0 0.0 0.0 0.0 1.0 9.0 0.0
2583.0060483606985 1.0 0.0 0.0 0.0 0.0 1.0 9.0 0.0
2584.0060483606985 1.0 0.0 0.0 0.0 0.0 1.0 9.0 0.0
2585.0060483606985 1.0 0.0 0.0 0.0 0.0 1.0 9.0 0.0
2586.0060483606985 1.0 0.0 0.0 0.0 0.0 1.0 9.0 0.0
2587.0060483606985 1.0 0.0 0.0 0.0 0.0 1.0 9.0 0.0
2588.0060483606985 1.0 0.0 0.0 0.0 0.0 1.0 9.0 0.0
2589.001461473636 1.0 0.0 0.0 0.0 0.0 1.0 9.0 0.0
2590.0060483606985 1.0 0.0 0.0 0.0 0.0 1.0 9.0 0.0
2591.0060483606985 1.0 0.0 0.0 0.0 0.0 1.0 9.0 0.0
2592.0060483606985 1.0 0.0 0.0 0.0 0.0 1.0 9.0 0.0
2593.000157823532 1.0 0.0 0.0 0.0 0.0 1.0 9.0 0.0
2594.0060483606985 1.0 0.0 0.0 0.0 0.0 1.0 9.0 0.0
2595.0060483606985 1.0 0.0 0.0 0.0 0.0 1.0 9.0 0.0
2596.003356628387 1.0 0.0 0.0 0.0 0.0 1.0 9.0 0.0
2597.0060483606985 1.0 0.0 0.0 0.0 0.0 1.0 9.0 0.0
2598.0060483606985 1.0 0.0 0.0 0.0 0.0 1.0 9.0 0.0
2599.0060483606985 1.0 0.0 0.0 0.0 0.0 1.0 9.0 0.0
2600.0060483606985 1.0 0.0 0.0 0.0 0.0 1.0 9.0 0.0
2601.0060483606985 0.9 0.0 0.09999999999999999 0.0 0.0 1.0 9.0 0.17560975609756097
2602.0060483606985 0.45 0.0 0.55 0.0 0.0 1.0 9.075 0.48292682926829267
2603.0060483606985 0.09999999999999996 0.0 0.9 0.0 0.0 1.0 9.475 0.17560975609756097
2604.0060483606985 0.0 0.0 1.0 0.0 0.0 1.0 10.2 0.0
2605.0037002810095 0.0 0.0 1.0 0.0 0.0 1.0 10.6 0.0
2606.004781994076 0.0 0.0 1.0 0.0 0.0 1.0 10.925 0.0
2607.0060483606985 0.0 0.0 1.0 0.0 0.0 1.0 10.975 0.0
2608.0060483606985 0.0 0.0 1.0 0.0 0.0 1.0 11.0 0.0
2609.0060483606985 0.0 0.0 1.0 0.0 0.0 1.0 11.0 0.0
2610.0060483606985 0.0 0.0 1.0 0.0 0.0 1.0 11.0 0.0
2611.0060483606985 0.0 0.0 1.0 0.0 0.0 1.0 11.0 0.0
2612.0060483606985 0.0 0.0 1.0 0.0 0.0 1.0 11.0 0.0
2613.0004890423766 0.0 0.0 1.0 0.0 0.0 1.0 11.0 0.0
2614.0060483606985 0.0 0.0 1.0 0.0 0.0 1.0 11.0 0.0
2615.0060483606985 0.0 0.0 1.0 0.0 0.0 1.0 11.0 0.0
2616.0060483606985 0.0 0.0 1.0 0.0 0.0 1.0 11.0 0.0
2617.0060483606985 0.0 0.0 1.0 0.0 0.0 1.0 11.0 0.0
2618.000260131907 0.0 0.0 1.0 0.0 0.0 1.0 11.0 0.0
2619.0060483606985 0.0 0.0 1.0 0.0 0.0 1.0 11.0 0.0
2620.0060483606985 0.0 0.0 1.0 0.0 0.0 1.0 11.0 0.0
2621.0060483606985 0.0 0.0 1.0 0.0 0.0 1.0 11.0 0.0
2622.0060483606985 0.0 0.0 1.0 0.0 0.0 1.0 11.0 0.0
2623.0060483606985 0.0 0.0 1.0 0.0 0.0 1.0 11.0 0.0
2624.0060483606985 0.0 0.0 1.0 0.0 0.0 1.0 11.0 0.0
2625.004248219064 0.0 0.0 1.0 0.0 0.0 1.0 11.0 0.0
2626.0060483606985 0.0 0.0 1.0 0.0 0.0 1.0 11.0 0.0
2627.0060483606985 0.0 0.0 1.0 0.0 0.0 1.0 11.0 0.0
2628.0060483606985 0.0 0.0 1.0 0.0 0.0 1.0 11.0 0.0
2629.0060483606985 0.0 0.0 1.0 0.0 0.0 1.0 11.0 0.0
2630.0060483606985 0.0 0.0 1.0 0.0 0.0 1.0 11.0 0.0
2631.0060483606985 0.0 0.0 1.0 0.0 0.0 1.0 11.0 0.0
2632.0060483606985 0.0 0.0 1.0 0.0 0.0 1.0 11.0 0.0
2633.0060483606985 0.0 0.0 1.0 0.0 0.0 1.0 11.0 0.0
2634.0060483606985 0.0 0.0 1.0 0.0 0.0 1.0 11.0 0.0
2635.0060483606985 0.0 0.0 1.0 0.0 0.0 1.0 11.0 0.0
2636.0002540070695 0.0 0.0 1.0 0.0 0.0 1.0 11.0 0.0
2637.0060483606985 0.0 0.0 1.0 0.0 0.0 1.0 11.0 0.0
2638.0060483606985 0.0 0.0 1.0 0.0 0.0 1.0 11.0 0.0
2639.0060483606985 0.0 0.0 1.0 0.0 0.0 1.0 11.0 0.0
2640.0060483606985 0.0 0.0 1.0 0.0 0.0 1.0 11.0 0.0
2641.0060483606985 0.0 0.0 1.0 0.0 0.0 1.0 11.0 0.0
2642.0056817242107 0.0 0.0 1.0 0.0 0.0 1.0 11.0 0.0
2643.004074855984 0.0 0.0 1.0 0.0 0.0 1.0 11.0 0.0
2644.0060483606985 0.0 0.0 1.0 0.0 0.0 1.0 11.0 0.0
2645.0041918121315 0.0 0.0 1.0 0.0 0.0 1.0 11.0 0.0
2646.0060483606985 0.0 0.0 1.0 0.0 0.0 1.0 11.0 0.0
2647.0060483606985 0.0 0.0 1.0 0.0 0.0 1.0 11.0 0.0
2648.0060483606985 0.0 0.0 1.0 0.0 0.0 1.0 11.0 0.0
2649.004267001631 0.0 0.0 1.0 0.0 0.0 1.0 11.0 0.0
2650.0060483606985 0.0 0.0 1.0 0.0 0.0 1.0 11.0 0.0
2651.0060483606985 0.0 0.0 1.0 0.0 0.0 1.0 11.0 0.0
2652.0060483606985 0.0 0.0 1.0 0.0 0.0 1.0 11.0 0.0
2653.0060483606985 0.0 0.0 1.0 0.0 0.0 1.0 11.0 0.0
2654.00075809888 0.0 0.0 1.0 0.0 0.0 1.0 11.0 0.0
2655.0060483606985 0.0 0.0 1.0 0.0 0.0 1.0 11.0 0.0
2656.0060483606985 0.0 0.0 1.0 0.0 0.0 1.0 11.0 0.0
2657.0060483606985 0.0 0.0 1.0 0.0 0.0 1.0 11.0 0.0
2658.0060483606985 0.0 0.0 1.0 0.0 0.0 1.0 11.0 0.0
2659.0060483606985 0.0 0.0 1.0 0.0 0.0 1.0 11.0 0.0
2660.0060483606985 0.0 0.0 1.0 0.0 0.0 1.0 11.0 0.0
2661.0060483606985 0.0 0.0 1.0 0.0 0.0 1.0 11.0 0.0
2662.0060483606985 0.0 0.0 1.0 0.0 0.0 1.0 11.0 0.0
2663.005185634527 0.0 0.0 1.0 0.0 0.0 1.0 11.0 0.0
2664.0060483606985 0.0 0.0 1.0 0.0 0.0 1.0 11.0 0.0
2665.0060483606985 0.0 0.0 1.0 0.0 0.0 1.0 11.0 0.0
2666.0060483606985 0.0 0.0 1.0 0.0 0.0 1.0 11.0 0.0
2667.0060483606985 0.0 0.0 1.0 0.0 0.0 1.0 11.0 0.0
2668.0060483606985 0.0 0.0 1.0 0.0 0.0 1.0 11.0 0.0
2669.0060483606985 0.0 0.0 1.0 0.0 0.0 1.0 11.0 0.0
2670.0060483606985 0.0 0.0 1.0 0.0 0.0 1.0 11.0 0.0
2671.0060483606985 0.0 0.0 1.0 0.0 0.0 1.0 11.0 0.0
2672.0060483606985 0.0 0.0 1.0 0.0 0.0 1.0 11.0 0.0
2673.0060483606985 0.0 0.0 1.0 0.0 0.0 1.0 11.0 0.0
2674.0060483606985 0.0 0.0 1.0 0.0 0.0 1.0 11.0 0.0
2675.001264226819 0.0 0.0 1.0 0.0 0.0 1.0 11.0 0.0
2676.002616401643 0.0 0.0 1.0 0.0 0.0 1.0 11.0 0.0
2677.003627831451 0.0 0.0 1.0 0.0 0.0 1.0 11.0 0.0
2678.0060483606985 0.0 0.0 1.0 0.0 0.0 1.0 11.0 0.0
2679.0026706669087 0.0 0.0 1.0 0.0 0.0 1.0 11.0 0.0
2680.0060483606985 0.0 0.0 1.0 0.0 0.0 1.0 11.0 0.0
2681.0060483606985 0.0 0.0 1.0 0.0 0.0 1.0 11.0 0.0
2682.0060483606985 0.0 0.0 1.0 0.0 0.0 1.0 11.0 0.0
2683.0026112031455 0.0 0.0 1.0 0.0 0.0 1.0 11.0 0.0
2684.0060483606985 0.0 0.0 1.0 0.0 0.0 1.0 11.0 0.0
2685.0060483606985 0.0 0.0 1.0 0.0 0.0 1.0 11.0 0.0
2686.003462186348 0.0 0.0 1.0 0.0 0.0 1.0 11.0 0.0
2687.001399504734 0.0 0.0 1.0 0.0 0.0 1.0 11.0 0.0
2688.0001369980732 0.0 0.0 1.0 0.0 0.0 1.0 11.0 0.0
2689.0060483606985 0.0 0.0 1.0 0.0 0.0 1.0 11.0 0.0
2690.0060483606985 0.0 0.0 1.0 0.0 0.0 1.0 11.0 0.0
2691.0060483606985 0.0 0.0 1.0 0.0 0.0 1.0 11.0 0.0
2692.0060483606985 0.0 0.0 1.0 0.0 0.0 1.0 11.0 0.0
2693.0060483606985 0.0 0.0 1.0 0.0 0.0 1.0 11.0 0.0
2694.0060483606985 0.0 0.0 1.0 0.0 0.0 1.0 11.0 0.0
2695.0060483606985 0.0 0.0 1.0 0.0 0.0 1.0 11.0 0.0
2696.0060483606985 0.0 0.0 1.0 0.0 0.0 1.0 11.0 0.0
2697.0060483606985 0.0 0.0 1.0 0.0 0.0 1.0 11.0 0.0
2698.0060483606985 0.0 0.0 1.0 0.0 0.0 1.0 11.0 0.0
2699.0060483606985 0.0 0.0 1.0 0.0 0.0 1.0 11.0 0.0
2700.0060483606985 0.0 0.0 1.0 0.0 0.0 1.0 11.0 0.0
2701.0060483606985 0.0 0.0 1.0 0.0 0.0 1.0 11.0 0.0
2702.0060483606985 0.0 0.0 1.0 0.0 0.0 1.0 11.0 0.0
2703.0027512386887 0.0 0.0 1.0 0.0 0.0 1.0 11.0 0.0
2704.0060483606985 0.0 0.0 1.0 0.0 0.0 1.0 11.0 0.0
2705.0004838852337 0.0 0.0 1.0 0.0 0.0 1.0 11.0 0.0
2706.0060483606985 0.0 0.0 1.0 0.0 0.0 1.0 11.0 0.0
2707.0060483606985 0.0 0.0 1.0 0.0 0.0 1.0 11.0 0.0
2708.0060483606985 0.0 0.0 1.0 0.0 0.0 1.0 11.0 0.0
2709.0060483606985 0.0 0.0 1.0 0.0 0.0 1.0 11.0 0.0
2710.0060483606985 0.0 0.0 1.0 0.0 0.0 1.0 11.0 0.0
2711.0060483606985 0.0 0.0 1.0 0.0 0.0 1.0 11.0 0.0
2712.0036261826326 0.0 0.0 1.0 0.0 0.0 1.0 11.0 0.0
2713.0060483606985 0.0 0.0 1.0 0.0 0.0 1.0 11.0 0.0
2714.0060483606985 0.0 0.0 1.0 0.0 0.0 1.0 11.0 0.0
2715.0059959015157 0.0 0.0 1.0 0.0 0.0 1.0 11.0 0.0
2716.001565597359 0.0 0.0 1.0 0.0 0.0 1.0 11.0 0.0
2717.0060483606985 0.0 0.0 1.0 0.0 0.0 1.0 11.0 0.0
2718.0060483606985 0.0 0.0 1.0 0.0 0.0 1.0 11.0 0.0
2719.0060483606985 0.0 0.0 1.0 0.0 0.0 1.0 11.0 0.0
2720.0060483606985 0.0 0.0 1.0 0.0 0.0 1.0 11.0 0.0
2721.0060483606985 0.0 0.0 1.0 0.0 0.0 1.0 11.0 0.0
2722.0060483606985 0.0 0.0 1.0 0.0 0.0 1.0 11.0 0.0
2723.0060483606985 0.0 0.0 1.0 0.0 0.0 1.0 11.0 0.0
2724.0003119242224 0.0 0.0 1.0 0.0 0.0 1.0 11.0 0.0
2725.0060483606985 0.0 0.0 1.0 0.0 0.0 1.0 11.0 0.0
2726.0060483606985 0.0 0.0 1.0 0.0 0.0 1.0 11.0 0.0
2727.0060483606985 0.0 0.0 1.0 0.0 0.0 1.0 11.0 0.0
2728.0060483606985 0.0 0.0 0.7 0.3 0.0 0.0 11.0 0.4097560975609756
2729.0060483606985 0.0 0.0 0.09999999999999998 0.9 0.0 0.0 11.225 0.17560975609756097
2730.0060483606985 0.0 0.0 0.02499999999999999 0.975 0.0 0.0 12.075 0.0475609756097561
2731.0060483606985 0.0 0.0 0.0 1.0 0.0 0.0 12.7 0.0
2732.0060483606985 0.0 0.0 0.0 1.0 0.0 0.0 13.0 0.0
2733.00546625893 0.0 0.0 0.0 1.0 0.0 0.0 13.0 0.0
2734.0060483606985 0.0 0.0 0.0 1.0 0.0 0.0 13.0 0.0
2735.0044083593148 0.0 0.0 0.0 1.0 0.0 0.0 13.0 0.0
2736.0060483606985 0.0 0.0 0.0 1.0 0.0 0.0 13.0 0.0
2737.0060483606985 0.0 0.0 0.0 1.0 0.0 0.0 13.0 0.0
2738.0060483606985 0.0 0.0 0.0 1.0 0.0 0.0 13.0 0.0
2739.0060483606985 0.0 0.0 0.0 1.0 0.0 0.0 13.0 0.0
2740.0060483606985 0.0 0.0 0.0 1.0 0.0 0.0 13.0 0.0
2741.0060483606985 0.0 0.0 0.0 1.0 0.0 0.0 13.0 0.0
2742.0043327720405 0.0 0.0 0.0 1.0 0.0 0.0 13.0 0.0
2743.0060483606985 0.0 0.0 0.0 1.0 0.0 0.0 13.0 0.0
2744.0060483606985 0.0 0.0 0.0 1.0 0.0 0.0 13.0 0.0
2745.0060483606985 0.0 0.0 0.0 1.0 0.0 0.0 13.0 0.0
2746.0055698944097 0.0 0.0 0.0 1.0 0.0 0.0 13.0 0.0
2747.0058090764924 0.0 0.0 0.0 1.0 0.0 0.0 13.0 0.0
2748.0060483606985 0.0 0.0 0.0 1.0 0.0 0.0 13.0 0.0
2749.0060483606985 0.0 0.0 0.0 1.0 0.0 0.0 13.0 0.0
2750.0060483606985 0.0 0.0 0.0 1.0 0.0 0.0 13.0 0.0
2751.0060483606985 0.0 0.0 0.0 1.0 0.0 0.0 13.0 0.0
2752.0060483606985 0.0 0.0 0.0 1.0 0.0 0.0 13.0 0.0
2753.0060483606985 0.0 0.0 0.0 1.0 0.0 0.0 13.0 0.0
2754.00448204071 0.0 0.0 0.0 1.0 0.0 0.0 13.0 0.0
2755.0060483606985 0.0 0.0 0.0 1.0 0.0 0.0 13.0 0.0
2756.0060483606985 0.0 0.0 0.0 1.0 0.0 0.0 13.0 0.0
2757.0060483606985 0.0 0.0 0.0 1.0 0.0 0.0 13.0 0.0
2758.0030764195553 0.0 0.0 0.0 1.0 0.0 0.0 13.0 0.0
2759.001838481047 0.0 0.0 0.0 1.0 0.0 0.0 13.0 0.0
2760.0060483606985 0.0 0.0 0.0 1.0 0.0 0.0 13.0 0.0
2761.0060483606985 0.0 0.0 0.0 1.0 0.0 0.0 13.0 0.0
2762.0060483606985 0.0 0.0 0.0 1.0 0.0 0.0 13.0 0.0
2763.0060483606985 0.0 0.0 0.0 1.0 0.0 0.0 13.0 0.0
2764.004174829129 0.0 0.0 0.0 1.0 0.0 0.0 13.0 0.0
2765.0060483606985 0.0 0.0 0.0 1.0 0.0 0.0 13.0 0.0
2766.0060483606985 0.0 0.0 0.0 1.0 0.0 0.0 13.0 0.0
2767.0060483606985 0.0 0.0 0.0 1.0 0.0 0.0 13.0 0.0
2768.0060483606985 0.0 0.0 0.0 1.0 0.0 0.0 13.0 0.0
2769.0060483606985 0.0 0.0 0.0 1.0 0.0 0.0 13.0 0.0
2770.0060483606985 0.0 0.0 0.0 1.0 0.0 0.0 13.0 0.0
2771.0060483606985 0.0 0.0 0.0 1.0 0.0 0.0 13.0 0.0
2772.002490953256 0.0 0.0 0.0 1.0 0.0 0.0 13.0 0.0
2773.0060483606985 0.0 0.0 0.0 1.0 0.0 0.0 13.0 0.0
2774.0060483606985 0.0 0.0 0.0 1.0 0.0 0.0 13.0 0.0
2775.0060483606985 0.0 0.0 0.0 1.0 0.0 0.0 13.0 0.0
2776.0060483606985 0.0 0.0 0.0 1.0 0.0 0.0 13.0 0.0
2777.0060483606985 0.0 0.0 0.0 1.0 0.0 0.0 13.0 0.0
2778.0060483606985 0.0 0.0 0.0 1.0 0.0 0.0 13.0 0.0
2779.0060483606985 0.0 0.0 0.0 1.0 0.0 0.0 13.0 0.0
2780.002875273745 0.0 0.0 0.0 1.0 0.0 0.0 13.0 0.0
2781.0060483606985 0.0 0.0 0.0 1.0 0.0 0.0 13.0 0.0
2782.0060483606985 0.0 0.0 0.0 1.0 0.0 0.0 13.0 0.0
2783.0060483606985 0.0 0.0 0.0 1.0 0.0 0.0 13.0 0.0
2784.0054693636084 0.0 0.0 0.0 1.0 0.0 0.0 13.0 0.0
2785.0057995467555 0.0 0.0 0.0 1.0 0.0 0.0 13.0 0.0
2786.0060483606985 0.0 0.0 0.0 1.0 0.0 0.0 13.0 0.0
2787.0060483606985 0.0 0.0 0.0 1.0 0.0 0.0 13.0 0.0
2788.0060483606985 0.0 0.0 0.0 1.0 0.0 0.0 13.0 0.0
2789.0060483606985 0.0 0.0 0.0 1.0 0.0 0.0 13.0 0.0
2790.0060483606985 0.0 0.0 0.0 1.0 0.0 0.0 13.0 0.0
2791.0060483606985 0.0 0.0 0.0 1.0 0.0 0.0 13.0 0.0
2792.0060483606985 0.0 0.0 0.0 1.0 0.0 0.0 13.0 0.0
2793.0060483606985 0.0 0.0 0.0 1.0 0.0 0.0 13.0 0.0
2794.0060483606985 0.0 0.0 0.0 1.0 0.0 0.0 13.0 0.0
2795.0060483606985 0.0 0.0 0.0 1.0 0.0 0.0 13.0 0.0
2796.0060483606985 0.0 0.0 0.0 1.0 0.0 0.0 13.0 0.0
2797.0060483606985 0.0 0.0 0.0 1.0 0.0 0.0 13.0 0.0
2798.0060483606985 0.0 0.0 0.0 1.0 0.0 0.0 13.0 0.0
2799.0060483606985 0.0 0.0 0.0 1.0 0.0 0.0 13.0 0.0
2800.0060483606985 0.0 0.0 0.0 1.0 0.0 0.0 13.0 0.0
2801.0060483606985 0.0 0.0 0.0 1.0 0.0 0.0 13.0 0.0
2802.0060483606985 0.0 0.0 0.0 1.0 0.0 0.0 13.0 0.0
2803.0060483606985 0.0 0.0 0.0 1.0 0.0 0.0 13.0 0.0
2804.0060483606985 0.0 0.0 0.0 1.0 0.0 0.0 13.0 0.0
2805.0060483606985 0.0 0.0 0.0 1.0 0.0 0.0 13.0 0.0
2806.0060483606985 0.0 0.0 0.0 1.0 0.0 0.0 13.0 0.0
2807.0060483606985 0.0 0.0 0.0 1.0 0.0 0.0 13.0 0.0
2808.0060483606985 0.0 0.0 0.0 1.0 0.0 0.0 13.0 0.0
2809.0060483606985 0.0 0.0 0.0 1.0 0.0 0.0 13.0 0.0
2810.0060483606985 0.0 0.0 0.0 1.0 0.0 0.0 13.0 0.0
2811.0060483606985 0.0 0.0 0.0 1.0 0.0 0.0 13.0 0.0
2812.0060483606985 0.0 0.0 0.0 1.0 0.0 0.0 13.0 0.0
2813.0060483606985 0.0 0.0 0.0 1.0 0.0 0.0 13.0 0.0
2814.0018472588663 0.0 0.0 0.0 1.0 0.0 0.0 13.0 0.0
2815.0060483606985 0.0 0.0 0.0 1.0 0.0 0.0 13.0 0.0
2816.0060483606985 0.0 0.0 0.0 1.0 0.0 0.0 13.0 0.0
2817.0060483606985 0.0 0.0 0.0 1.0 0.0 0.0 13.0 0.0
2818.0060483606985 0.0 0.0 0.0 1.0 0.0 0.0 13.0 0.0
2819.0060483606985 0.0 0.0 0.0 1.0 0.0 0.0 13.0 0.0
2820.0060483606985 0.0 0.0 0.0 1.0 0.0 0.0 13.0 0.0
2821.0041188705495 0.0 0.0 0.0 1.0 0.0 0.0 13.0 0.0
2822.0060483606985 0.0 0.0 0.0 1.0 0.0 0.0 13.0 0.0
2823.0060483606985 0.0 0.0 0.0 1.0 0.0 0.0 13.0 0.0
2824.001341590886 0.0 0.0 0.0 1.0 0.0 0.0 13.0 0.0
2825.0060483606985 0.0 0.0 0.0 1.0 0.0 0.0 13.0 0.0
2826.0060483606985 0.0 0.0 0.0 1.0 0.0 0.0 13.0 0.0
2827.0060483606985 0.0 0.0 0.0 1.0 0.0 0.0 13.0 0.0
2828.0060483606985 0.0 0.0 0.0 1.0 0.0 0.0 13.0 0.0
2829.0060483606985 0.0 0.0 0.0 1.0 0.0 0.0 13.0 0.0
2830.0015869699105 0.0 0.0 0.0 1.0 0.0 0.0 13.0 0.0
2831.0050701025166 0.0 0.0 0.0 1.0 0.0 0.0 13.0 0.0
2832.001038421715 0.0 0.0 0.0 1.0 0.0 0.0 13.0 0.0
2833.0060483606985 0.0 0.0 0.0 1.0 0.0 0.0 13.0 0.0
2834.0060483606985 0.0 0.0 0.0 1.0 0.0 0.0 13.0 0.0
2835.0060483606985 0.0 0.0 0.0 1.0 0.0 0.0 13.0 0.0
2836.0060483606985 0.0 0.0 0.0 1.0 0.0 0.0 13.0 0.0
2837.0060483606985 0.0 0.0 0.0 1.0 0.0 0.0 13.0 0.0
2838.0060483606985 0.0 0.0 0.0 1.0 0.0 0.0 13.0 0.0
2839.0060483606985 0.0 0.0 0.0 1.0 0.0 0.0 13.0 0.0
2840.0060483606985 0.0 0.0 0.0 1.0 0.0 0.0 13.0 0.0
2841.000683904301 0.0 0.0 0.0 1.0 0.0 0.0 13.0 0.0
2842.0060483606985 0.0 0.0 0.0 1.0 0.0 0.0 13.0 0.0
2843.0060483606985 0.0 0.0 0.0 1.0 0.0 0.0 13.0 0.0
2844.0060483606985 0.0 0.0 0.0 1.0 0.0 0.0 13.0 0.0
2845.0060483606985 0.0 0.0 0.0 1.0 0.0 0.0 13.0 0.0
2846.0060483606985 0.0 0.0 0.0 1.0 0.0 0.0 13.0 0.0
2847.0060483606985 0.0 0.0 0.0 1.0 0.0 0.0 13.0 0.0
2848.0054569763042 0.0 0.0 0.0 1.0 0.0 0.0 13.0 0.0
2849.0028378570337 0.0 0.0 0.0 1.0 0.0 0.0 13.0 0.0
2850.0007927129104 0.0 0.0 0.0 1.0 0.0 0.0 13.0 0.0
2851.0022452923095 0.0 0.0 0.0 1.0 0.0 0.0 13.0 0.0
2852.0060483606985 0.0 0.0 0.0 1.0 0.0 0.0 13.0 0.0
2853.0060483606985 0.0 0.0 0.0 1.0 0.0 0.0 13.0 0.0
2854.0032958810903 0.0 0.0 0.0 1.0 0.0 0.0 13.0 0.0
2855.0060483606985 0.0 0.0 0.0 1.0 0.0 0.0 13.0 0.0
2856.0028803516157 0.0 0.0 0.0 1.0 0.0 0.0 13.0 0.0
2857.0060483606985 0.0 0.0 0.0 1.0 0.0 0.0 13.0 0.0
2858.0060483606985 0.0 0.0 0.0 1.0 0.0 0.0 13.0 0.0
2859.0060483606985 0.0 0.0 0.0 1.0 0.0 0.0 13.0 0.0
2860.0050936693456 0.0 0.0 0.0 1.0 0.0 0.0 13.0 0.0
2861.0060483606985 0.0 0.0 0.0 1.0 0.0 0.0 13.0 0.0
2862.0060483606985 0.0 0.0 0.0 1.0 0.0 0.0 13.0 0.0
2863.0060483606985 0.0 0.0 0.0 1.0 0.0 0.0 13.0 0.0
2864.0036411777246 0.0 0.0 0.0 1.0 0.0 0.0 13.0 0.0
2865.00438413741 0.0 0.0 0.0 1.0 0.0 0.0 13.0 0.0
2866.0060483606985 0.0 0.0 0.0 1.0 0.0 0.0 13.0 0.0
2867.0060483606985 0.0 0.0 0.0 1.0 0.0 0.0 13.0 0.0
2868.0060483606985 0.0 0.0 0.0 1.0 0.0 0.0 13.0 0.0
2869.0060483606985 0.0 0.0 0.0 1.0 0.0 0.0 13.0 0.0
2870.0060483606985 0.0 0.0 0.0 1.0 0.0 0.0 13.0 0.0
2871.0060483606985 0.0 0.0 0.0 1.0 0.0 0.0 13.0 0.0
2872.0060483606985 0.0 0.0 0.0 1.0 0.0 0.0 13.0 0.0
2873.0060483606985 0.0 0.0 0.0 1.0 0.0 0.0 13.0 0.0
2874.0060483606985 0.0 0.0 0.0 1.0 0.0 0.0 13.0 0.0
2875.0060483606985 0.0 0.0 0.0 1.0 0.0 0.0 13.0 0.0
2876.0060483606985 0.0 0.0 0.0 1.0 0.0 0.0 13.0 0.0
2877.0060483606985 0.0 0.0 0.0 1.0 0.0 0.0 13.0 0.0
2878.0060483606985 0.0 0.0 0.0 1.0 0.0 0.0 13.0 0.0
2879.0060483606985 0.0 0.0 0.0 1.0 0.0 0.0 13.0 0.0
2880.0060483606985 0.0 0.0 0.0 1.0 0.0 0.0 13.0 0.0
2881.0060483606985 0.0 0.0 0.0 1.0 0.0 0.0 13.0 0.0
2882.0060483606985 0.0 0.0 0.0 1.0 0.0 0.0 13.0 0.0
2883.0060483606985 0.0 0.0 0.0 1.0 0.0 0.0 13.0 0.0
2884.0060483606985 0.0 0.0 0.0 1.0 0.0 0.0 13.0 0.0
2885.0020498473573 0.0 0.0 0.0 1.0 0.0 0.0 13.0 0.0
2886.0060483606985 0.0 0.0 0.0 1.0 0.0 0.0 13.0 0.0
2887.0060483606985 0.0 0.0 0.0 1.0 0.0 0.0 13.0 0.0
2888.0060483606985 0.0 0.0 0.0 1.0 0.0 0.0 13.0 0.0
2889.0060483606985 0.0 0.0 0.0 1.0 0.0 0.0 13.0 0.0
2890.0060483606985 0.0 0.0 0.0 1.0 0.0 0.0 13.0 0.0
2891.004576193886 0.0 0.0 0.0 1.0 0.0 0.0 13.0 0.0
2892.0060483606985 0.0 0.0 0.0 1.0 0.0 0.0 13.0 0.0
2893.0060483606985 0.0 0.0 0.0 1.0 0.0 0.0 13.0 0.0
2894.0060483606985 0.0 0.0 0.0 1.0 0.0 0.0 13.0 0.0
2895.0060483606985 0.0 0.0 0.0 1.0 0.0 0.0 13.0 0.0
2896.0060483606985 0.0 0.0 0.0 1.0 0.0 0.0 13.0 0.0
2897.0060483606985 0.0 0.0 0.0 1.0 0.0 0.0 13.0 0.0
2898.0060483606985 0.0 0.0 0.0 1.0 0.0 0.0 13.0 0.0
2899.0060483606985 0.0 0.0 0.0 1.0 0.0 0.0 13.0 0.0
2900.0060483606985 0.0 0.0 0.0 1.0 0.0 0.0 13.0 0.0
2901.0060483606985 0.0 0.0 0.0 1.0 0.0 0.0 13.0 0.0
2902.0060483606985 0.0 0.0 0.0 1.0 0.0 0.0 13.0 0.0
2903.0060483606985 0.0 0.0 0.0 1.0 0.0 0.0 13.0 0.0
2904.0060483606985 0.0 0.0 0.0 1.0 0.0 0.0 13.0 0.0
2905.001518949614 0.0 0.0 0.0 1.0 0.0 0.0 13.0 0.0
2906.0060483606985 0.0 0.0 0.0 1.0 0.0 0.0 13.0 0.0
2907.0060483606985 0.0 0.0 0.0 1.0 0.0 0.0 13.0 0.0
2908.0060483606985 0.0 0.0 0.0 1.0 0.0 0.0 13.0 0.0
2909.0060483606985 0.0 0.0 0.0 1.0 0.0 0.0 13.0 0.0
2910.0060483606985 0.0 0.0 0.0 1.0 0.0 0.0 13.0 0.0
2911.000832448036 0.0 0.0 0.0 1.0 0.0 0.0 13.0 0.0
2912.0060483606985 0.0 0.0 0.0 1.0 0.0 0.0 13.0 0.0
2913.0060483606985 0.0 0.0 0.0 1.0 0.0 0.0 13.0 0.0
2914.0060483606985 0.0 0.0 0.0 1.0 0.0 0.0 13.0 0.0
2915.0060483606985 0.0 0.0 0.0 1.0 0.0 0.0 13.0 0.0
2916.0060483606985 0.0 0.0 0.0 1.0 0.0 0.0 13.0 0.0
2917.003041616329 0.0 0.0 0.0 1.0 0.0 0.0 13.0 0.0
2918.0060483606985 0.0 0.0 0.0 1.0 0.0 0.0 13.0 0.0
2919.0060483606985 0.0 0.0 0.0 1.0 0.0 0.0 13.0 0.0
2920.0060483606985 0.0 0.0 0.0 1.0 0.0 0.0 13.0 0.0
2921.0060483606985 0.0 0.0 0.0 1.0 0.0 0.0 13.0 0.0
2922.0060483606985 0.0 0.0 0.0 1.0 0.0 0.0 13.0 0.0
2923.0014106345498 0.0 0.0 0.0 1.0 0.0 0.0 13.0 0.0
2924.0060483606985 0.0 0.0 0.0 1.0 0.0 0.0 13.0 0.0
2925.0060483606985 0.0 0.0 0.0 1.0 0.0 0.0 13.0 0.0
2926.0060483606985 0.0 0.0 0.0 1.0 0.0 0.0 13.0 0.0
2927.0060483606985 0.0 0.0 0.0 1.0 0.0 0.0 13.0 0.0
2928.0060483606985 0.0 0.0 0.0 1.0 0.0 0.0 13.0 0.0
2929.00271859823 0.0 0.0 0.0 1.0 0.0 0.0 13.0 0.0
2930.0042359062413 0.0 0.0 0.0 1.0 0.0 0.0 13.0 0.0
2931.0060483606985 0.0 0.0 0.0 1.0 0.0 0.0 13.0 0.0
2932.0035858550223 0.0 0.0 0.0 1.0 0.0 0.0 13.0 0.0
2933.0007565931264 0.0 0.0 0.0 1.0 0.0 0.0 13.0 0.0
2934.002292346435 0.0 0.0 0.0 1.0 0.0 0.0 13.0 0.0
2935.0004092603976 0.0 0.0 0.0 1.0 0.0 0.0 13.0 0.0
2936.0060483606985 0.0 0.0 0.0 1.0 0.0 0.0 13.0 0.0
2937.0060483606985 0.0 0.0 0.0 1.0 0.0 0.0 13.0 0.0
2938.0060483606985 0.0 0.0 0.0 1.0 0.0 0.0 13.0 0.0
2939.0060483606985 0.0 0.0 0.0 1.0 0.0 0.0 13.0 0.0
2940.0060483606985 0.0 0.0 0.0 1.0 0.0 0.0 13.0 0.0
2941.0060483606985 0.0 0.0 0.0 1.0 0.0 0.0 13.0 0.0
2942.0060483606985 0.0 0.0 0.0 1.0 0.0 0.0 13.0 0.0
2943.0060483606985 0.0 0.0 0.0 1.0 0.0 0.0 13.0 0.0
2944.0060483606985 0.0 0.0 0.0 1.0 0.0 0.0 13.0 0.0
2945.0060483606985 0.0 0.0 0.0 1.0 0.0 0.0 13.0 0.0
2946.0060483606985 0.0 0.0 0.0 1.0 0.0 0.0 13.0 0.0
2947.0060483606985 0.0 0.0 0.0 1.0 0.0 0.0 13.0 0.0
2948.0060483606985 0.0 0.0 0.0 1.0 0.0 0.0 13.0 0.0
2949.0060483606985 0.0 0.0 0.0 1.0 0.0 0.0 13.0 0.0
2950.0060483606985 0.0 0.0 0.0 1.0 0.0 0.0 13.0 0.0
2951.0060483606985 0.0 0.0 0.0 1.0 0.0 0.0 13.0 0.0
2952.0060483606985 0.0 0.0 0.0 1.0 0.0 0.0 13.0 0.0
2953.0060483606985 0.0 0.0 0.0 1.0 0.0 0.0 13.0 0.0
2954.0060483606985 0.0 0.0 0.0 1.0 0.0 0.0 13.0 0.0
2955.0001989159023 0.0 0.0 0.0 1.0 0.0 0.0 13.0 0.0
2956.0060483606985 0.0 0.0 0.0 1.0 0.0 0.0 13.0 0.0
2957.0060483606985 0.0 0.0 0.0 1.0 0.0 0.0 13.0 0.0
2958.0060483606985 0.0 0.0 0.0 1.0 0.0 0.0 13.0 0.0
2959.0060483606985 0.0 0.0 0.0 1.0 0.0 0.0 13.0 0.0
2960.001602298007 0.0 0.0 0.0 1.0 0.0 0.0 13.0 0.0
2961.0060483606985 0.0 0.0 0.0 1.0 0.0 0.0 13.0 0.0
2962.0060483606985 0.0 0.0 0.0 1.0 0.0 0.0 13.0 0.0
2963.0060483606985 0.0 0.0 0.0 1.0 0.0 0.0 13.0 0.0
2964.0006947617167 0.0 0.0 0.0 1.0 0.0 0.0 13.0 0.0
2965.0060483606985 0.0 0.0 0.0 1.0 0.0 0.0 13.0 0.0
2966.0033879316115 0.0 0.0 0.0 1.0 0.0 0.0 13.0 0.0
2967.0023061473175 0.0 0.0 0.0 1.0 0.0 0.0 13.0 0.0
2968.0060483606985 0.0 0.0 0.0 1.0 0.0 0.0 13.0 0.0
2969.0060483606985 0.0 0.0 0.0 1.0 0.0 0.0 13.0 0.0
2970.0024704290336 0.0 0.0 0.0 1.0 0.0 0.0 13.0 0.0
2971.0060483606985 0.0 0.0 0.0 1.0 0.0 0.0 13.0 0.0
2972.0060483606985 0.0 0.0 0.0 1.0 0.0 0.0 13.0 0.0
2973.0060483606985 0.0 0.0 0.0 1.0 0.0 0.0 13.0 0.0
2974.0060483606985 0.0 0.0 0.0 1.0 0.0 0.0 13.0 0.0
2975.0060483606985 0.0 0.0 0.0 1.0 0.0 0.0 13.0 0.0
2976.0060483606985 0.0 0.0 0.0 1.0 0.0 0.0 13.0 0.0
2977.0060483606985 0.0 0.0 0.0 1.0 0.0 0.0 13.0 0.0
2978.0029630656527 0.0 0.0 0.0 1.0 0.0 0.0 13.0 0.0
2979.0060483606985 0.0 0.0 0.0 1.0 0.0 0.0 13.0 0.0
2980.0060483606985 0.0 0.0 0.0 1.0 0.0 0.0 13.0 0.0
2981.0060483606985 0.0 0.0 0.0 1.0 0.0 0.0 13.0 0.0
2982.0060483606985 0.0 0.0 0.0 1.0 0.0 0.0 13.0 0.0
2983.0060483606985 0.0 0.0 0.0 1.0 0.0 0.0 13.0 0.0
2984.0017738641454 0.0 0.0 0.0 1.0 0.0 0.0 13.0 0.0
2985.0060483606985 0.0 0.0 0.0 1.0 0.0 0.0 13.0 0.0
2986.0060483606985 0.0 0.0 0.0 1.0 0.0 0.0 13.0 0.0
2987.0060483606985 0.0 0.0 0.0 1.0 0.0 0.0 13.0 0.0
2988.0060483606985 0.0 0.0 0.0 1.0 0.0 0.0 13.0 0.0
2989.0060483606985 0.0 0.0 0.0 1.0 0.0 0.0 13.0 0.0
2990.0060483606985 0.0 0.0 0.0 1.0 0.0 0.0 13.0 0.0
2991.0060483606985 0.0 0.0 0.0 1.0 0.0 0.0 13.0 0.0
2992.0060483606985 0.0 0.0 0.0 1.0 0.0 0.0 13.0 0.0
2993.0060483606985 0.0 0.0 0.0 1.0 0.0 0.0 13.0 0.0
2994.0060483606985 0.0 0.0 0.0 1.0 0.0 0.0 13.0 0.0
2995.0060483606985 0.0 0.0 0.0 1.0 0.0 0.0 13.0 0.0
2996.003148783824 0.0 0.0 0.0 1.0 0.0 0.0 13.0 0.0
2997.0060483606985 0.0 0.0 0.0 1.0 0.0 0.0 13.0 0.0
2998.0060483606985 0.0 0.0 0.0 1.0 0.0 0.0 13.0 0.0
2999.004107284643 0.0 0.0 0.0 1.0 0.0 0.0 13.0 0.0
3000.0060483606985 0.0 0.0 0.0 1.0 0.0 0.0 13.0 0.0
3001.0060483606985 0.0 0.0 0.0 1.0 0.0 0.0 13.0 0.0
3002.0060483606985 0.0 0.0 0.0 1.0 0.0 0.0 13.0 0.0
3003.0060483606985 0.0 0.0 0.0 1.0 0.0 0.0 13.0 0.0
3004.0060483606985 0.0 0.0 0.0 1.0 0.0 0.0 13.0 0.0
3005.0060483606985 0.0 0.0 0.0 1.0 0.0 0.0 13.0 0.0
3006.0060483606985 0.0 0.0 0.0 1.0 0.0 0.0 13.0 0.0
3007.002177661559 0.0 0.0 0.0 1.0 0.0 0.0 13.0 0.0
3008.0060483606985 0.0 0.0 0.0 1.0 0.0 0.0 13.0 0.0
3009.0060483606985 0.0 0.0 0.0 1.0 0.0 0.0 13.0 0.0
3010.0060483606985 0.0 0.0 0.0 1.0 0.0 0.0 13.0 0.0
3011.0060483606985 0.0 0.0 0.0 1.0 0.0 0.0 13.0 0.0
3012.0052587079144 0.0 0.0 0.0 1.0 0.0 0.0 13.0 0.0
3013.001577909113 0.0 0.0 0.0 1.0 0.0 0.0 13.0 0.0
3014.0060483606985 0.0 0.0 0.0 1.0 0.0 0.0 13.0 0.0
3015.0060483606985 0.0 0.0 0.0 1.0 0.0 0.0 13.0 0.0
3016.0060483606985 0.0 0.0 0.0 1.0 0.0 0.0 13.0 0.0
3017.005993963961 0.0 0.0 0.0 1.0 0.0 0.0 13.0 0.0
3018.0048868665954 0.0 0.0 0.0 1.0 0.0 0.0 13.0 0.0
3019.0060483606985 0.0 0.0 0.0 1.0 0.0 0.0 13.0 0.0
3020.0060483606985 0.0 0.0 0.0 1.0 0.0 0.0 13.0 0.0
3021.0022698879175 0.0 0.0 0.0 1.0 0.0 0.0 13.0 0.0
3022.0060483606985 0.0 0.0 0.0 1.0 0.0 0.0 13.0 0.0
3023.0060483606985 0.0 0.0 0.0 1.0 0.0 0.0 13.0 0.0
3024.0060483606985 0.0 0.0 0.0 1.0 0.0 0.0 13.0 0.0
3025.0060483606985 0.0 0.0 0.0 1.0 0.0 0.0 13.0 0.0
3026.0060483606985 0.0 0.0 0.0 1.0 0.0 0.0 13.0 0.0
3027.0060483606985 0.0 0.0 0.0 1.0 0.0 0.0 13.0 0.0
3028.0060483606985 0.0 0.0 0.0 1.0 0.0 0.0 13.0 0.0
3029.0060483606985 0.0 0.0 0.0 1.0 0.0 0.0 13.0 0.0
3030.0060119440236 0.0 0.0 0.0 1.0 0.0 0.0 13.0 0.0
3031.0060483606985 0.0 0.0 0.0 1.0 0.0 0.0 13.0 0.0
3032.0060483606985 0.0 0.0 0.0 1.0 0.0 0.0 13.0 0.0
3033.0060483606985 0.0 0.0 0.0 1.0 0.0 0.0 13.0 0.0
3034.0060483606985 0.0 0.0 0.0 1.0 0.0 0.0 13.0 0.0
3035.0060483606985 0.0 0.0 0.0 1.0 0.0 0.0 13.0 0.0
3036.0060483606985 0.0 0.0 0.0 1.0 0.0 0.0 13.0 0.0
3037.0060483606985 0.0 0.0 0.0 1.0 0.0 0.0 13.0 0.0
3038.0049427426925 0.0 0.0 0.0 1.0 0.0 0.0 13.0 0.0
3039.0060483606985 0.0 0.0 0.0 1.0 0.0 0.0 13.0 0.0
3040.0060483606985 0.0 0.0 0.0 1.0 0.0 0.0 13.0 0.0
3041.0060483606985 0.0 0.0 0.0 1.0 0.0 0.0 13.0 0.0
3042.0060483606985 0.0 0.0 0.0 1.0 0.0 0.0 13.0 0.0
3043.0060483606985 0.0 0.0 0.0 1.0 0.0 0.0 13.0 0.0
3044.0047601608458 0.0 0.0 0.0 1.0 0.0 0.0 13.0 0.0
3045.0060483606985 0.0 0.0 0.0 1.0 0.0 0.0 13.0 0.0
3046.0060483606985 0.0 0.0 0.0 1.0 0.0 0.0 13.0 0.0
3047.0060483606985 0.0 0.0 0.0 1.0 0.0 0.0 13.0 0.0
3048.0060483606985 0.0 0.0 0.0 1.0 0.0 0.0 13.0 0.0
3049.0060483606985 0.0 0.0 0.0 1.0 0.0 0.0 13.0 0.0
3050.0060483606985 0.0 0.0 0.0 1.0 0.0 0.0 13.0 0.0
3051.0060483606985 0.0 0.0 0.0 1.0 0.0 0.0 13.0 0.0
3052.0039962312835 0.0 0.0 0.0 1.0 0.0 0.0 13.0 0.0
3053.0060483606985 0.0 0.0 0.0 1.0 0.0 0.0 13.0 0.0
3054.0060483606985 0.0 0.0 0.0 1.0 0.0 0.0 13.0 0.0
3055.0060483606985 0.0 0.0 0.0 1.0 0.0 0.0 13.0 0.0
3056.0060483606985 0.0 0.0 0.0 1.0 0.0 0.0 13.0 0.0
3057.0060483606985 0.0 0.0 0.0 1.0 0.0 0.0 13.0 0.0
3058.0060483606985 0.0 0.0 0.0 1.0 0.0 0.0 13.0 0.0
3059.0060483606985 0.0 0.0 0.0 1.0 0.0 0.0 13.0 0.0
3060.0022014161937 0.0 0.0 0.0 1.0 0.0 0.0 13.0 0.0
3061.0060483606985 0.0 0.0 0.0 1.0 0.0 0.0 13.0 0.0
3062.0060483606985 0.0 0.0 0.0 1.0 0.0 0.0 13.0 0.0
3063.0060483606985 0.0 0.0 0.0 1.0 0.0 0.0 13.0 0.0
3064.0060483606985 0.0 0.0 0.0 1.0 0.0 0.0 13.0 0.0
3065.0060483606985 0.0 0.0 0.0 1.0 0.0 0.0 13.0 0.0
3066.0060483606985 0.0 0.0 0.0 1.0 0.0 0.0 13.0 0.0
3067.0060483606985 0.0 0.0 0.0 1.0 0.0 0.0 13.0 0.0
3068.0060483606985 0.0 0.0 0.0 1.0 0.0 0.0 13.0 0.0
3069.0060483606985 0.0 0.0 0.0 1.0 0.0 0.0 13.0 0.0
3070.0060483606985 0.0 0.0 0.0 1.0 0.0 0.0 13.0 0.0
3071.0060483606985 0.0 0.0 0.0 1.0 0.0 0.0 13.0 0.0
3072.0046849885284 0.0 0.0 0.0 1.0 0.0 0.0 13.0 0.0
3073.0060483606985 0.0 0.0 0.0 1.0 0.0 0.0 13.0 0.0
3074.0060483606985 0.0 0.0 0.0 1.0 0.0 0.0 13.0 0.0
3075.0060483606985 0.0 0.0 0.0 1.0 0.0 0.0 13.0 0.0
3076.0060483606985 0.0 0.0 0.0 1.0 0.0 0.0 13.0 0.0
3077.0060483606985 0.0 0.0 0.0 1.0 0.0 0.0 13.0 0.0
3078.0060483606985 0.0 0.0 0.0 1.0 0.0 0.0 13.0 0.0
3079.0036252750238 0.0 0.0 0.0 1.0 0.0 0.0 13.0 0.0
3080.0060483606985 0.0 0.0 0.0 1.0 0.0 0.0 13.0 0.0
3081.0060483606985 0.0 0.0 0.0 1.0 0.0 0.0 13.0 0.0
3082.0060483606985 0.0 0.0 0.0 1.0 0.0 0.0 13.0 0.0
3083.001467659278 0.0 0.0 0.0 1.0 0.0 0.0 13.0 0.0
3084.0060483606985 0.0 0.0 0.0 1.0 0.0 0.0 13.0 0.0
3085.0000506555266 0.0 0.0 0.0 1.0 0.0 0.0 13.0 0.0
3086.0060483606985 0.0 0.0 0.0 1.0 0.0 0.0 13.0 0.0
3087.0060483606985 0.0 0.0 0.0 1.0 0.0 0.0 13.0 0.0
3088.0060483606985 0.0 0.0 0.0 1.0 0.0 0.0 13.0 0.0
3089.0060483606985 0.0 0.0 0.0 1.0 0.0 0.0 13.0 0.0
3090.0036477847416 0.0 0.0 0.0 1.0 0.0 0.0 13.0 0.0
3091.0060483606985 0.0 0.0 0.0 1.0 0.0 0.0 13.0 0.0
3092.0060483606985 0.0 0.0 0.0 1.0 0.0 0.0 13.0 0.0
3093.0060483606985 0.0 0.0 0.0 1.0 0.0 0.0 13.0 0.0
3094.0060483606985 0.0 0.0 0.0 1.0 0.0 0.0 13.0 0.0
3095.0060483606985 0.0 0.0 0.0 1.0 0.0 0.0 13.0 0.0
3096.0060483606985 0.0 0.0 0.0 1.0 0.0 0.0 13.0 0.0
3097.0060483606985 0.0 0.0 0.0 1.0 0.0 0.0 13.0 0.0
3098.0060483606985 0.0 0.0 0.0 1.0 0.0 0.0 13.0 0.0
3099.0060483606985 0.0 0.0 0.0 1.0 0.0 0.0 13.0 0.0
3100.002556797571 0.0 0.0 0.0 1.0 0.0 0.0 13.0 0.0
3101.0000841152014 0.0 0.0 0.0 1.0 0.0 0.0 13.0 0.0
3102.0060483606985 0.0 0.0 0.0 1.0 0.0 0.0 13.0 0.0
3103.0060483606985 0.0 0.0 0.0 1.0 0.0 0.0 13.0 0.0
3104.0060483606985 0.0 0.0 0.0 1.0 0.0 0.0 13.0 0.0
3105.0060483606985 0.0 0.0 0.0 1.0 0.0 0.0 13.0 0.0
3106.0060483606985 0.0 0.0 0.0 1.0 0.0 0.0 13.0 0.0
3107.0019203685074 0.0 0.0 0.0 1.0 0.0 0.0 13.0 0.0
3108.0060483606985 0.0 0.0 0.0 1.0 0.0 0.0 13.0 0.0
3109.0060483606985 0.0 0.0 0.0 1.0 0.0 0.0 13.0 0.0
3110.0060483606985 0.0 0.0 0.0 1.0 0.0 0.0 13.0 0.0
3111.001731834761 0.0 0.0 0.0 1.0 0.0 0.0 13.0 0.0
3112.0060483606985 0.0 0.0 0.0 1.0 0.0 0.0 13.0 0.0
3113.0060483606985 0.0 0.0 0.0 1.0 0.0 0.0 13.0 0.0
3114.0060483606985 0.0 0.0 0.0 1.0 0.0 0.0 13.0 0.0
3115.005953093078 0.0 0.0 0.0 1.0 0.0 0.0 13.0 0.0
3116.0060483606985 0.0 0.0 0.0 1.0 0.0 0.0 13.0 0.0
3117.0060483606985 0.0 0.0 0.0 1.0 0.0 0.0 13.0 0.0
3118.0060483606985 0.0 0.0 0.0 1.0 0.0 0.0 13.0 0.0
3119.0060483606985 0.0 0.0 0.0 1.0 0.0 0.0 13.0 0.0
3120.0047469225547 0.0 0.0 0.0 1.0 0.0 0.0 13.0 0.0
3121.0060483606985 0.0 0.0 0.0 1.0 0.0 0.0 13.0 0.0
3122.0060483606985 0.0 0.0 0.0 1.0 0.0 0.0 13.0 0.0
3123.0060483606985 0.0 0.0 0.0 1.0 0.0 0.0 13.0 0.0
3124.0060483606985 0.0 0.0 0.0 1.0 0.0 0.0 13.0 0.0
3125.0060483606985 0.0 0.0 0.0 1.0 0.0 0.0 13.0 0.0
3126.0060483606985 0.0 0.0 0.0 1.0 0.0 0.0 13.0 0.0
3127.0060483606985 0.0 0.0 0.0 1.0 0.0 0.0 13.0 0.0
3128.004429741174 0.0 0.0 0.0 1.0 0.0 0.0 13.0 0.0
3129.0060483606985 0.0 0.0 0.0 1.0 0.0 0.0 13.0 0.0
3130.0060483606985 0.0 0.0 0.0 1.0 0.0 0.0 13.0 0.0
3131.0060483606985 0.0 0.0 0.0 1.0 0.0 0.0 13.0 0.0
3132.0060483606985 0.0 0.0 0.0 1.0 0.0 0.0 13.0 0.0
3133.0060483606985 0.0 0.0 0.0 1.0 0.0 0.0 13.0 0.0
3134.0060483606985 0.0 0.0 0.0 1.0 0.0 0.0 13.0 0.0
3135.0060483606985 0.0 0.0 0.0 1.0 0.0 0.0 13.0 0.0
3136.0060483606985 0.0 0.0 0.0 1.0 0.0 0.0 13.0 0.0
3137.0060483606985 0.0 0.0 0.0 1.0 0.0 0.0 13.0 0.0
3138.0060483606985 0.0 0.0 0.0 1.0 0.0 0.0 13.0 0.0
3139.0060483606985 0.0 0.0 0.0 1.0 0.0 0.0 13.0 0.0
3140.0036609983913 0.0 0.0 0.0 1.0 0.0 0.0 13.0 0.0
3141.0060483606985 0.0 0.0 0.0 1.0 0.0 0.0 13.0 0.0
3142.0060483606985 0.0 0.0 0.0 1.0 0.0 0.0 13.0 0.0
3143.0060483606985 0.0 0.0 0.0 1.0 0.0 0.0 13.0 0.0
3144.000390433977 0.0 0.0 0.0 1.0 0.0 0.0 13.0 0.0
3145.0060483606985 0.0 0.0 0.0 1.0 0.0 0.0 13.0 0.0
3146.0060483606985 0.0 0.0 0.0 1.0 0.0 0.0 13.0 0.0
3147.0060483606985 0.0 0.0 0.0 1.0 0.0 0.0 13.0 0.0
3148.0060483606985 0.0 0.0 0.0 1.0 0.0 0.0 13.0 0.0
3149.0060483606985 0.0 0.0 0.0 1.0 0.0 0.0 13.0 0.0
3150.0060483606985 0.0 0.0 0.0 1.0 0.0 0.0 13.0 0.0
3151.0060483606985 0.0 0.0 0.0 1.0 0.0 0.0 13.0 0.0
3152.0060483606985 0.0 0.0 0.0 1.0 0.0 0.0 13.0 0.0
3153.0060483606985 0.0 0.0 0.0 1.0 0.0 0.0 13.0 0.0
3154.0060483606985 0.0 0.0 0.0 1.0 0.0 0.0 13.0 0.0
3155.0060483606985 0.0 0.0 0.0 1.0 0.0 0.0 13.0 0.0
3156.0060483606985 0.0 0.0 0.0 1.0 0.0 0.0 13.0 0.0
3157.0060483606985 0.0 0.0 0.0 1.0 0.0 0.0 13.0 0.0
3158.0060483606985 0.0 0.0 0.0 1.0 0.0 0.0 13.0 0.0
3159.0060483606985 0.0 0.0 0.0 1.0 0.0 0.0 13.0 0.0
3160.0060483606985 0.0 0.0 0.0 1.0 0.0 0.0 13.0 0.0
3161.0060483606985 0.0 0.0 0.0 1.0 0.0 0.0 13.0 0.0
3162.0060483606985 0.0 0.0 0.0 1.0 0.0 0.0 13.0 0.0
3163.0060483606985 0.0 0.0 0.0 1.0 0.0 0.0 13.0 0.0
3164.0052641533875 0.0 0.0 0.0 1.0 0.0 0.0 13.0 0.0
3165.0060483606985 0.0 0.0 0.0 1.0 0.0 0.0 13.0 0.0
3166.0060483606985 0.0 0.0 0.0 1.0 0.0 0.0 13.0 0.0
3167.0060483606985 0.0 0.0 0.0 1.0 0.0 0.0 13.0 0.0
3168.0043977195164 0.0 0.0 0.0 1.0 0.0 0.0 13.0 0.0
3169.0060483606985 0.0 0.0 0.0 1.0 0.0 0.0 13.0 0.0
3170.0043345182085 0.0 0.0 0.0 1.0 0.0 0.0 13.0 0.0
3171.0060483606985 0.0 0.0 0.0 1.0 0.0 0.0 13.0 0.0
3172.0060483606985 0.0 0.0 0.0 1.0 0.0 0.0 13.0 0.0
3173.0060483606985 0.0 0.0 0.0 1.0 0.0 0.0 13.0 0.0
3174.0060483606985 0.0 0.0 0.0 1.0 0.0 0.0 13.0 0.0
3175.000295836973 0.0 0.0 0.0 1.0 0.0 0.0 13.0 0.0
3176.0060483606985 0.0 0.0 0.0 1.0 0.0 0.0 13.0 0.0
3177.0060483606985 0.0 0.0 0.0 1.0 0.0 0.0 13.0 0.0
3178.0060483606985 0.0 0.0 0.0 1.0 0.0 0.0 13.0 0.0
3179.002987285983 0.0 0.0 0.0 1.0 0.0 0.0 13.0 0.0
3180.0060483606985 0.0 0.0 0.0 1.0 0.0 0.0 13.0 0.0
3181.0060483606985 0.0 0.0 0.0 1.0 0.0 0.0 13.0 0.0
3182.0019319280955 0.0 0.0 0.0 1.0 0.0 0.0 13.0 0.0
3183.0060483606985 0.0 0.0 0.0 1.0 0.0 0.0 13.0 0.0
3184.0060483606985 0.0 0.0 0.0 1.0 0.0 0.0 13.0 0.0
3185.0060483606985 0.0 0.0 0.0 1.0 0.0 0.0 13.0 0.0
3186.0060483606985 0.0 0.0 0.0 1.0 0.0 0.0 13.0 0.0
3187.0060483606985 0.0 0.0 0.0 1.0 0.0 0.0 13.0 0.0
3188.0060483606985 0.0 0.0 0.0 1.0 0.0 0.0 13.0 0.0
3189.0054416253015 0.0 0.0 0.0 1.0 0.0 0.0 13.0 0.0
3190.0060483606985 0.0 0.0 0.0 1.0 0.0 0.0 13.0 0.0
3191.001758303075 0.0 0.0 0.0 1.0 0.0 0.0 13.0 0.0
3192.0060483606985 0.0 0.0 0.0 1.0 0.0 0.0 13.0 0.0
3193.0060483606985 0.0 0.0 0.0 1.0 0.0 0.0 13.0 0.0
3194.0060483606985 0.0 0.0 0.0 1.0 0.0 0.0 13.0 0.0
3195.0060483606985 0.0 0.0 0.0 1.0 0.0 0.0 13.0 0.0
3196.0060483606985 0.0 0.0 0.0 1.0 0.0 0.0 13.0 0.0
3197.0060483606985 0.0 0.0 0.0 1.0 0.0 0.0 13.0 0.0
3198.0060483606985 0.0 0.0 0.0 1.0 0.0 0.0 13.0 0.0
3199.0060483606985 0.0 0.0 0.0 1.0 0.0 0.0 13.0 0.0
3200.005885865409 0.0 0.0 0.0 1.0 0.0 0.0 13.0 0.0
3201.0060483606985 0.0 0.0 0.0 1.0 0.0 0.0 12.675 0.0
3202.0032527492485 0.0 0.0 0.0 1.0 0.0 0.0 11.825 0.0
3203.0060483606985 0.0 0.0 0.0 1.0 0.0 0.0 11.175 0.0
3204.0060483606985 0.0 0.0 0.0 1.0 0.0 0.0 11.0 0.0
3205.0060483606985 0.0 0.0 0.0 1.0 0.0 0.0 11.0 0.0
3206.0060483606985 0.0 0.0 0.0 1.0 0.0 0.0 11.0 0.0
3207.0060483606985 0.0 0.0 0.0 1.0 0.0 0.0 11.0 0.0
3208.0060483606985 0.0 0.0 0.0 1.0 0.0 0.0 11.0 0.0
3209.0060483606985 0.0 0.0 0.0 1.0 0.0 0.0 11.0 0.0
3210.0049761659343 0.0 0.0 0.0 1.0 0.0 0.0 11.0 0.0
3211.0060483606985 0.0 0.0 0.0 1.0 0.0 0.0 11.0 0.0
3212.0060483606985 0.0 0.0 0.0 1.0 0.0 0.0 11.0 0.0
3213.0060483606985 0.0 0.0 0.0 1.0 0.0 0.0 11.0 0.0
3214.0060483606985 0.0 0.0 0.0 1.0 0.0 0.0 11.0 0.0
3215.0060483606985 0.0 0.0 0.0 1.0 0.0 0.0 11.0 0.0
3216.0060483606985 0.0 0.0 0.0 1.0 0.0 0.0 11.0 0.0
3217.0060483606985 0.0 0.0 0.0 1.0 0.0 0.0 11.0 0.0
3218.0060483606985 0.0 0.0 0.0 1.0 0.0 0.0 11.0 0.0
3219.0060483606985 0.0 0.0 0.0 1.0 0.0 0.0 11.0 0.0
3220.0060483606985 0.0 0.0 0.0 1.0 0.0 0.0 11.0 0.0
3221.0060483606985 0.0 0.0 0.0 1.0 0.0 0.0 11.0 0.0
3222.0060483606985 0.0 0.0 0.0 1.0 0.0 0.0 11.0 0.0
3223.0060483606985 0.0 0.0 0.0 1.0 0.0 0.0 11.0 0.0
3224.003420556638 0.0 0.0 0.0 1.0 0.0 0.0 11.0 0.0
3225.0060483606985 0.0 0.0 0.0 1.0 0.0 0.0 11.0 0.0
3226.0060483606985 0.0 0.0 0.0 1.0 0.0 0.0 11.0 0.0
3227.0060483606985 0.0 0.0 0.0 1.0 0.0 0.0 11.0 0.0
3228.0060483606985 0.0 0.0 0.0 1.0 0.0 0.0 11.0 0.0
3229.0060483606985 0.0 0.0 0.0 1.0 0.0 0.0 11.0 0.0
3230.0060483606985 0.0 0.0 0.0 1.0 0.0 0.0 11.0 0.0
3231.0060483606985 0.0 0.0 0.0 1.0 0.0 0.0 11.0 0.0
3232.0060483606985 0.0 0.0 0.0 1.0 0.0 0.0 11.0 0.0
3233.0060483606985 0.0 0.0 0.0 1.0 0.0 0.0 11.0 0.0
3234.0060483606985 0.0 0.0 0.0 1.0 0.0 0.0 11.0 0.0
3235.0060483606985 0.0 0.0 0.0 1.0 0.0 0.0 11.0 0.0
3236.0060483606985 0.0 0.0 0.0 1.0 0.0 0.0 11.0 0.0
3237.0060483606985 0.0 0.0 0.0 1.0 0.0 0.0 11.0 0.0
3238.0060483606985 0.0 0.0 0.0 1.0 0.0 0.0 11.0 0.0
3239.0060483606985 0.0 0.0 0.0 1.0 0.0 0.0 11.0 0.0
3240.0060483606985 0.0 0.0 0.0 1.0 0.0 0.0 11.0 0.0
3241.0060483606985 0.0 0.0 0.0 1.0 0.0 0.0 11.0 0.0
3242.001382674393 0.0 0.0 0.0 1.0 0.0 0.0 11.0 0.0
3243.0060483606985 0.0 0.0 0.0 1.0 0.0 0.0 11.0 0.0
3244.0060483606985 0.0 0.0 0.0 1.0 0.0 0.0 11.0 0.0
3245.001426884987 0.0 0.0 0.0 1.0 0.0 0.0 11.0 0.0
3246.0021686482046 0.0 0.0 0.0 1.0 0.0 0.0 11.0 0.0
3247.0060483606985 0.0 0.0 0.0 1.0 0.0 0.0 11.0 0.0
3248.0060483606985 0.0 0.0 0.0 1.0 0.0 0.0 11.0 0.0
3249.0060483606985 0.0 0.0 0.0 1.0 0.0 0.0 11.0 0.0
3250.0060483606985 0.0 0.0 0.0 1.0 0.0 0.0 11.0 0.0
3251.0060483606985 0.0 0.0 0.0 1.0 0.0 0.0 11.0 0.0
3252.0045757452594 0.0 0.0 0.0 1.0 0.0 0.0 11.0 0.0
3253.0060483606985 0.0 0.0 0.0 1.0 0.0 0.0 11.0 0.0
3254.0060483606985 0.0 0.0 0.0 1.0 0.0 0.0 11.0 0.0
3255.0060483606985 0.0 0.0 0.0 1.0 0.0 0.0 11.0 0.0
3256.0060483606985 0.0 0.0 0.0 1.0 0.0 0.0 11.0 0.0
3257.0060483606985 0.0 0.0 0.0 1.0 0.0 0.0 11.0 0.0
3258.0060483606985 0.0 0.0 0.0 1.0 0.0 0.0 11.0 0.0
3259.0060483606985 0.0 0.0 0.0 1.0 0.0 0.0 11.0 0.0
3260.0060483606985 0.0 0.0 0.0 1.0 0.0 0.0 11.0 0.0
3261.0004207838083 0.0 0.0 0.0 1.0 0.0 0.0 11.0 0.0
3262.0060483606985 0.0 0.0 0.0 1.0 0.0 0.0 11.0 0.0
3263.0060483606985 0.0 0.0 0.0 1.0 0.0 0.0 11.0 0.0
3264.0060483606985 0.0 0.0 0.0 1.0 0.0 0.0 11.0 0.0
3265.0060483606985 0.0 0.0 0.0 1.0 0.0 0.0 11.0 0.0
3266.0060483606985 0.0 0.0 0.0 1.0 0.0 0.0 11.0 0.0
3267.0060483606985 0.0 0.0 0.0 1.0 0.0 0.0 11.0 0.0
3268.0060483606985 0.0 0.0 0.0 1.0 0.0 0.0 11.0 0.0
3269.0060483606985 0.0 0.0 0.0 1.0 0.0 0.0 11.0 0.0
3270.0002537268642 0.0 0.0 0.0 1.0 0.0 0.0 11.0 0.0
3271.0060483606985 0.0 0.0 0.0 1.0 0.0 0.0 11.0 0.0
3272.0060483606985 0.0 0.0 0.0 1.0 0.0 0.0 11.0 0.0
3273.0060483606985 0.0 0.0 0.0 1.0 0.0 0.0 11.0 0.0
3274.0060483606985 0.0 0.0 0.0 1.0 0.0 0.0 11.0 0.0
3275.0060483606985 0.0 0.0 0.0 1.0 0.0 0.0 11.0 0.0
3276.0060483606985 0.0 0.0 0.0 1.0 0.0 0.0 11.0 0.0
3277.0060483606985 0.0 0.0 0.0 1.0 0.0 0.0 11.0 0.0
3278.0060483606985 0.0 0.0 0.0 1.0 0.0 0.0 11.0 0.0
3279.0060483606985 0.0 0.0 0.0 1.0 0.0 0.0 11.0 0.0
3280.000910297143 0.0 0.0 0.0 1.0 0.0 0.0 11.0 0.0
3281.001089210911 0.0 0.0 0.0 1.0 0.0 0.0 11.0 0.0
3282.0060483606985 0.0 0.0 0.0 1.0 0.0 0.0 11.0 0.0
3283.0060483606985 0.0 0.0 0.0 1.0 0.0 0.0 11.0 0.0
3284.002724346767 0.0 0.0 0.0 1.0 0.0 0.0 11.0 0.0
3285.0060483606985 0.0 0.0 0.0 1.0 0.0 0.0 11.0 0.0
3286.0060483606985 0.0 0.0 0.0 1.0 0.0 0.0 11.0 0.0
3287.0060483606985 0.0 0.0 0.0 1.0 0.0 0.0 11.0 0.0
3288.0060483606985 0.0 0.0 0.0 1.0 0.0 0.0 11.0 0.0
3289.0060483606985 0.0 0.0 0.0 1.0 0.0 0.0 11.0 0.0
3290.0060483606985 0.0 0.0 0.0 1.0 0.0 0.0 11.0 0.0
3291.001795203436 0.0 0.0 0.0 1.0 0.0 0.0 11.0 0.0
3292.0060483606985 0.0 0.0 0.0 1.0 0.0 0.0 11.0 0.0
3293.0060483606985 0.0 0.0 0.0 1.0 0.0 0.0 11.0 0.0
3294.004489282404 0.0 0.0 0.0 1.0 0.0 0.0 11.0 0.0
3295.0060483606985 0.0 0.0 0.0 1.0 0.0 0.0 11.0 0.0
3296.0060483606985 0.0 0.0 0.0 1.0 0.0 0.0 11.0 0.0
3297.0060483606985 0.0 0.0 0.0 1.0 0.0 0.0 11.0 0.0
3298.0060483606985 0.0 0.0 0.0 1.0 0.0 0.0 11.0 0.0
3299.0060483606985 0.0 0.0 0.0 1.0 0.0 0.0 11.0 0.0
3300.0060483606985 0.0 0.0 0.0 1.0 0.0 0.0 11.0 0.0
3301.0044129214184 0.0 0.0 0.0 1.0 0.0 0.0 11.0 0.0
3302.0060483606985 0.0 0.0 0.0 1.0 0.0 0.0 11.0 0.0
3303.0060483606985 0.0 0.0 0.0 1.0 0.0 0.0 11.0 0.0
3304.0000040248146 0.0 0.0 0.0 1.0 0.0 0.0 11.0 0.0
3305.0060483606985 0.0 0.0 0.0 1.0 0.0 0.0 11.0 0.0
3306.0060483606985 0.0 0.0 0.0 1.0 0.0 0.0 11.0 0.0
3307.0060483606985 0.0 0.0 0.0 1.0 0.0 0.0 11.0 0.0
3308.0060483606985 0.0 0.0 0.0 1.0 0.0 0.0 11.0 0.0
3309.0060483606985 0.0 0.0 0.0 1.0 0.0 0.0 11.0 0.0
3310.0060483606985 0.0 0.0 0.0 1.0 0.0 0.0 11.0 0.0
3311.0057691820593 0.0 0.0 0.0 1.0 0.0 0.0 11.0 0.0
3312.0060483606985 0.0 0.0 0.0 1.0 0.0 0.0 11.0 0.0
3313.0060483606985 0.0 0.0 0.0 1.0 0.0 0.0 11.0 0.0
3314.0060483606985 0.0 0.0 0.0 1.0 0.0 0.0 11.0 0.0
3315.0060483606985 0.0 0.0 0.0 1.0 0.0 0.0 11.0 0.0
3316.0060483606985 0.0 0.0 0.0 1.0 0.0 0.0 11.0 0.0
3317.0060483606985 0.0 0.0 0.0 1.0 0.0 0.0 11.0 0.0
3318.0060483606985 0.0 0.0 0.0 1.0 0.0 0.0 11.0 0.0
3319.00398947107 0.0 0.0 0.0 1.0 0.0 0.0 11.0 0.0
3320.0060483606985 0.0 0.0 0.0 1.0 0.0 0.0 11.0 0.0
3321.0060483606985 0.0 0.0 0.0 1.0 0.0 0.0 11.0 0.0
3322.0060483606985 0.0 0.0 0.0 1.0 0.0 0.0 11.0 0.0
3323.0060483606985 0.0 0.0 0.0 1.0 0.0 0.0 11.0 0.0
3324.003908772193 0.0 0.0 0.0 1.0 0.0 0.0 11.0 0.0
3325.001864052579 0.0 0.0 0.0 1.0 0.0 0.0 11.0 0.0
3326.0060483606985 0.0 0.0 0.0 1.0 0.0 0.0 11.0 0.0
3327.0060483606985 0.0 0.0 0.0 1.0 0.0 0.0 11.0 0.0
3328.0060483606985 0.0 0.0 0.0 1.0 0.0 0.0 11.0 0.0
3329.001083300618 0.0 0.0 0.0 1.0 0.0 0.0 11.0 0.0
3330.0060483606985 0.0 0.0 0.0 1.0 0.0 0.0 11.0 0.0
3331.0060483606985 0.0 0.0 0.0 1.0 0.0 0.0 11.0 0.0
3332.0060483606985 0.0 0.0 0.0 1.0 0.0 0.0 11.0 0.0
3333.0060483606985 0.0 0.0 0.0 1.0 0.0 0.0 11.0 0.0
3334.0060483606985 0.0 0.0 0.0 1.0 0.0 0.0 11.0 0.0
3335.0060483606985 0.0 0.0 0.0 1.0 0.0 0.0 11.0 0.0
3336.0060483606985 0.0 0.0 0.0 1.0 0.0 0.0 11.0 0.0
3337.0040170230805 0.0 0.0 0.0 1.0 0.0 0.0 11.0 0.0
3338.0060483606985 0.0 0.0 0.0 1.0 0.0 0.0 11.0 0.0
3339.0060483606985 0.0 0.0 0.0 1.0 0.0 0.0 11.0 0.0
3340.0060483606985 0.0 0.0 0.0 1.0 0.0 0.0 11.0 0.0
3341.00504748856 0.0 0.0 0.0 1.0 0.0 0.0 11.0 0.0
3342.0036442769683 0.0 0.0 0.0 1.0 0.0 0.0 11.0 0.0
3343.0041914007693 0.0 0.0 0.0 1.0 0.0 0.0 11.0 0.0
3344.0060483606985 0.0 0.0 0.0 1.0 0.0 0.0 11.0 0.0
3345.0060483606985 0.0 0.0 0.0 1.0 0.0 0.0 11.0 0.0
3346.0060483606985 0.0 0.0 0.0 1.0 0.0 0.0 11.0 0.0
3347.0014495871 0.0 0.0 0.0 1.0 0.0 0.0 11.0 0.0
3348.0060483606985 0.0 0.0 0.0 1.0 0.0 0.0 11.0 0.0
3349.0060483606985 0.0 0.0 0.0 1.0 0.0 0.0 11.0 0.0
3350.0060483606985 0.0 0.0 0.0 1.0 0.0 0.0 11.0 0.0
3351.0060483606985 0.0 0.0 0.0 1.0 0.0 0.0 11.0 0.0
3352.0060483606985 0.0 0.0 0.0 1.0 0.0 0.0 11.0 0.0
3353.0060483606985 0.0 0.0 0.0 1.0 0.0 0.0 11.0 0.0
3354.0060483606985 0.0 0.0 0.0 1.0 0.0 0.0 11.0 0.0
3355.0060483606985 0.0 0.0 0.0 1.0 0.0 0.0 11.0 0.0
3356.0060483606985 0.0 0.0 0.0 1.0 0.0 0.0 11.0 0.0
3357.0060483606985 0.0 0.0 0.0 1.0 0.0 0.0 11.0 0.0
3358.0060483606985 0.0 0.0 0.0 1.0 0.0 0.0 11.0 0.0
3359.0060483606985 0.0 0.0 0.0 1.0 0.0 0.0 11.0 0.0
3360.0060483606985 0.0 0.0 0.0 1.0 0.0 0.0 11.0 0.0
3361.0060483606985 0.0 0.0 0.0 1.0 0.0 0.0 11.0 0.0
3362.0060483606985 0.0 0.0 0.0 1.0 0.0 0.0 11.0 0.0
3363.0060483606985 0.0 0.0 0.0 1.0 0.0 0.0 11.0 0.0
3364.0060483606985 0.0 0.0 0.0 1.0 0.0 0.0 11.0 0.0
3365.0060483606985 0.0 0.0 0.0 1.0 0.0 0.0 11.0 0.0
3366.0060483606985 0.0 0.0 0.0 1.0 0.0 0.0 11.0 0.0
3367.0060483606985 0.0 0.0 0.0 1.0 0.0 0.0 11.0 0.0
3368.0060483606985 0.0 0.0 0.0 1.0 0.0 0.0 11.0 0.0
3369.0060483606985 0.0 0.0 0.0 1.0 0.0 0.0 11.0 0.0
3370.0002419445386 0.0 0.0 0.0 1.0 0.0 0.0 11.0 0.0
3371.003575213158 0.0 0.0 0.0 1.0 0.0 0.0 11.0 0.0
3372.0060483606985 0.0 0.0 0.0 1.0 0.0 0.0 11.0 0.0
3373.0060483606985 0.0 0.0 0.0 1.0 0.0 0.0 11.0 0.0
3374.0009051060033 0.0 0.0 0.0 1.0 0.0 0.0 11.0 0.0
3375.0060483606985 0.0 0.0 0.0 1.0 0.0 0.0 11.0 0.0
3376.0060483606985 0.0 0.0 0.0 1.0 0.0 0.0 11.0 0.0
3377.0060483606985 0.0 0.0 0.0 1.0 0.0 0.0 11.0 0.0
3378.0060483606985 0.0 0.0 0.0 1.0 0.0 0.0 11.0 0.0
3379.0060483606985 0.0 0.0 0.0 1.0 0.0 0.0 11.0 0.0
3380.0060483606985 0.0 0.0 0.0 1.0 0.0 0.0 11.0 0.0
3381.0060483606985 0.0 0.0 0.0 1.0 0.0 0.0 11.0 0.0
3382.0060483606985 0.0 0.0 0.0 1.0 0.0 0.0 11.0 0.0
3383.0060483606985 0.0 0.0 0.0 1.0 0.0 0.0 11.0 0.0
3384.0009624900968 0.0 0.0 0.0 1.0 0.0 0.0 11.0 0.0
3385.00109029742 0.0 0.0 0.0 1.0 0.0 0.0 11.0 0.0
3386.0060483606985 0.0 0.0 0.0 1.0 0.0 0.0 11.0 0.0
3387.0060483606985 0.0 0.0 0.0 1.0 0.0 0.0 11.0 0.0
3388.0060483606985 0.0 0.0 0.0 1.0 0.0 0.0 11.0 0.0
3389.0060483606985 0.0 0.0 0.0 1.0 0.0 0.0 11.0 0.0
3390.0060483606985 0.0 0.0 0.0 1.0 0.0 0.0 11.0 0.0
3391.0060483606985 0.0 0.0 0.0 1.0 0.0 0.0 11.0 0.0
3392.0060483606985 0.0 0.0 0.0 1.0 0.0 0.0 11.0 0.0
3393.0014577780084 0.0 0.0 0.0 1.0 0.0 0.0 11.0 0.0
3394.0060483606985 0.0 0.0 0.0 1.0 0.0 0.0 11.0 0.0
3395.0060483606985 0.0 0.0 0.0 1.0 0.0 0.0 11.0 0.0
3396.0060483606985 0.0 0.0 0.0 1.0 0.0 0.0 11.0 0.0
3397.0052783887786 0.0 0.0 0.0 1.0 0.0 0.0 11.0 0.0
3398.0060483606985 0.0 0.0 0.0 1.0 0.0 0.0 11.0 0.0
3399.0060483606985 0.0 0.0 0.0 1.0 0.0 0.0 11.0 0.0
3400.0060483606985 0.0 0.0 0.0 1.0 0.0 0.0 11.0 0.0
3401.0060483606985 0.0 0.0 0.0 1.0 0.0 0.0 11.0 0.0
3402.001052377497 0.65 0.0 0.0 0.35 0.0 1.0 11.0 0.44390243902439025
3403.0060483606985 0.975 0.0 0.0 0.024999999999999994 0.0 1.0 11.575 0.0475609756097561
3404.0060483606985 0.975 0.0 0.0 0.024999999999999994 0.0 1.0 12.525 0.0475609756097561
3405.0060483606985 1.0 0.0 0.0 0.0 0.0 1.0 12.9 0.0
3406.0060483606985 1.0 0.0 0.0 0.0 0.0 1.0 12.975 0.0
3407.0015763660112 1.0 0.0 0.0 0.0 0.0 1.0 13.0 0.0
3408.000070337517 1.0 0.0 0.0 0.0 0.0 1.0 13.0 0.0
3409.0060483606985 1.0 0.0 0.0 0.0 0.0 1.0 13.0 0.0
3410.0057993957253 1.0 0.0 0.0 0.0 0.0 1.0 13.0 0.0
3411.0060483606985 1.0 0.0 0.0 0.0 0.0 1.0 13.0 0.0
3412.0060483606985 1.0 0.0 0.0 0.0 0.0 1.0 13.0 0.0
3413.005351356218 1.0 0.0 0.0 0.0 0.0 1.0 13.0 0.0
3414.0060483606985 1.0 0.0 0.0 0.0 0.0 1.0 13.0 0.0
3415.0060483606985 1.0 0.0 0.0 0.0 0.0 1.0 13.0 0.0
3416.003516450113 1.0 0.0 0.0 0.0 0.0 1.0 13.0 0.0
3417.0060483606985 1.0 0.0 0.0 0.0 0.0 1.0 13.0 0.0
3418.0060483606985 1.0 0.0 0.0 0.0 0.0 1.0 13.0 0.0
3419.0060483606985 1.0 0.0 0.0 0.0 0.0 1.0 13.0 0.0
3420.0060483606985 1.0 0.0 0.0 0.0 0.0 1.0 13.0 0.0
3421.0055390974826 1.0 0.0 0.0 0.0 0.0 1.0 13.0 0.0
3422.0060483606985 1.0 0.0 0.0 0.0 0.0 1.0 13.0 0.0
3423.0060483606985 1.0 0.0 0.0 0.0 0.0 1.0 13.0 0.0
3424.0060483606985 1.0 0.0 0.0 0.0 0.0 1.0 13.0 0.0
3425.000480631042 1.0 0.0 0.0 0.0 0.0 1.0 13.0 0.0
3426.0057828896565 1.0 0.0 0.0 0.0 0.0 1.0 13.0 0.0
3427.0060483606985 1.0 0.0 0.0 0.0 0.0 1.0 13.0 0.0
3428.0060483606985 1.0 0.0 0.0 0.0 0.0 1.0 13.0 0.0
3429.0060483606985 1.0 0.0 0.0 0.0 0.0 1.0 13.0 0.0
3430.0060483606985 1.0 0.0 0.0 0.0 0.0 1.0 13.0 0.0
3431.0060483606985 1.0 0.0 0.0 0.0 0.0 1.0 13.0 0.0
3432.0045340236843 1.0 0.0 0.0 0.0 0.0 1.0 13.0 0.0
3433.0060483606985 1.0 0.0 0.0 0.0 0.0 1.0 13.0 0.0
3434.0060483606985 1.0 0.0 0.0 0.0 0.0 1.0 13.0 0.0
3435.0060483606985 1.0 0.0 0.0 0.0 0.0 1.0 13.0 0.0
3436.0060483606985 1.0 0.0 0.0 0.0 0.0 1.0 13.0 0.0
3437.0060483606985 1.0 0.0 0.0 0.0 0.0 1.0 13.0 0.0
3438.0060483606985 1.0 0.0 0.0 0.0 0.0 1.0 13.0 0.0
3439.0060483606985 1.0 0.0 0.0 0.0 0.0 1.0 13.0 0.0
3440.0060483606985 1.0 0.0 0.0 0.0 0.0 1.0 13.0 0.0
3441.0060483606985 1.0 0.0 0.0 0.0 0.0 1.0 13.0 0.0
3442.0060483606985 1.0 0.0 0.0 0.0 0.0 1.0 13.0 0.0
3443.0060483606985 1.0 0.0 0.0 0.0 0.0 1.0 13.0 0.0
3444.0060483606985 1.0 0.0 0.0 0.0 0.0 1.0 13.0 0.0
3445.0060483606985 1.0 0.0 0.0 0.0 0.0 1.0 13.0 0.0
3446.0060483606985 1.0 0.0 0.0 0.0 0.0 1.0 13.0 0.0
3447.0060483606985 1.0 0.0 0.0 0.0 0.0 1.0 13.0 0.0
3448.0060483606985 1.0 0.0 0.0 0.0 0.0 1.0 13.0 0.0
3449.0060483606985 1.0 0.0 0.0 0.0 0.0 1.0 13.0 0.0
3450.0060483606985 1.0 0.0 0.0 0.0 0.0 1.0 13.0 0.0
3451.0060483606985 1.0 0.0 0.0 0.0 0.0 1.0 13.0 0.0
3452.0060483606985 1.0 0.0 0.0 0.0 0.0 1.0 13.0 0.0
3453.0060483606985 1.0 0.0 0.0 0.0 0.0 1.0 13.0 0.0
3454.000126164002 1.0 0.0 0.0 0.0 0.0 1.0 13.0 0.0
3455.0029527367506 1.0 0.0 0.0 0.0 0.0 1.0 13.0 0.0
3456.0060483606985 1.0 0.0 0.0 0.0 0.0 1.0 13.0 0.0
3457.0060483606985 1.0 0.0 0.0 0.0 0.0 1.0 13.0 0.0
3458.0028533142668 1.0 0.0 0.0 0.0 0.0 1.0 13.0 0.0
3459.0060483606985 1.0 0.0 0.0 0.0 0.0 1.0 13.0 0.0
3460.0060483606985 1.0 0.0 0.0 0.0 0.0 1.0 13.0 0.0
3461.0060483606985 1.0 0.0 0.0 0.0 0.0 1.0 13.0 0.0
3462.0060483606985 1.0 0.0 0.0 0.0 0.0 1.0 13.0 0.0
3463.0060483606985 1.0 0.0 0.0 0.0 0.0 1.0 13.0 0.0
3464.0060483606985 1.0 0.0 0.0 0.0 0.0 1.0 13.0 0.0
3465.0060483606985 1.0 0.0 0.0 0.0 0.0 1.0 13.0 0.0
3466.0060483606985 1.0 0.0 0.0 0.0 0.0 1.0 13.0 0.0
3467.0060483606985 1.0 0.0 0.0 0.0 0.0 1.0 13.0 0.0
3468.0060483606985 1.0 0.0 0.0 0.0 0.0 1.0 13.0 0.0
3469.0060483606985 1.0 0.0 0.0 0.0 0.0 1.0 13.0 0.0
3470.0060483606985 1.0 0.0 0.0 0.0 0.0 1.0 13.0 0.0
3471.002210926569 1.0 0.0 0.0 0.0 0.0 1.0 13.0 0.0
3472.0060483606985 1.0 0.0 0.0 0.0 0.0 1.0 13.0 0.0
3473.0060483606985 1.0 0.0 0.0 0.0 0.0 1.0 13.0 0.0
3474.0060483606985 1.0 0.0 0.0 0.0 0.0 1.0 13.0 0.0
3475.0060483606985 1.0 0.0 0.0 0.0 0.0 1.0 13.0 0.0
3476.0060483606985 1.0 0.0 0.0 0.0 0.0 1.0 13.0 0.0
3477.003905458306 1.0 0.0 0.0 0.0 0.0 1.0 13.0 0.0
3478.0060483606985 1.0 0.0 0.0 0.0 0.0 1.0 13.0 0.0
3479.0060483606985 1.0 0.0 0.0 0.0 0.0 1.0 13.0 0.0
3480.0060483606985 1.0 0.0 0.0 0.0 0.0 1.0 13.0 0.0
3481.0060483606985 1.0 0.0 0.0 0.0 0.0 1.0 13.0 0.0
3482.0060483606985 1.0 0.0 0.0 0.0 0.0 1.0 13.0 0.0
3483.0060483606985 1.0 0.0 0.0 0.0 0.0 1.0 13.0 0.0
3484.0060483606985 1.0 0.0 0.0 0.0 0.0 1.0 13.0 0.0
3485.0060483606985 1.0 0.0 0.0 0.0 0.0 1.0 13.0 0.0
3486.0057670387423 1.0 0.0 0.0 0.0 0.0 1.0 13.0 0.0
3487.0024402067547 1.0 0.0 0.0 0.0 0.0 1.0 13.0 0.0
3488.0060483606985 1.0 0.0 0.0 0.0 0.0 1.0 13.0 0.0
3489.0060483606985 1.0 0.0 0.0 0.0 0.0 1.0 13.0 0.0
3490.003409787104 1.0 0.0 0.0 0.0 0.0 1.0 13.0 0.0
3491.0060483606985 1.0 0.0 0.0 0.0 0.0 1.0 13.0 0.0
3492.0060483606985 1.0 0.0 0.0 0.0 0.0 1.0 13.0 0.0
3493.0060483606985 1.0 0.0 0.0 0.0 0.0 1.0 13.0 0.0
3494.0060483606985 1.0 0.0 0.0 0.0 0.0 1.0 13.0 0.0
3495.0019593645584 1.0 0.0 0.0 0.0 0.0 1.0 13.0 0.0
3496.0060483606985 1.0 0.0 0.0 0.0 0.0 1.0 13.0 0.0
3497.0060483606985 1.0 0.0 0.0 0.0 0.0 1.0 13.0 0.0
3498.0060483606985 1.0 0.0 0.0 0.0 0.0 1.0 13.0 0.0
3499.0060483606985 1.0 0.0 0.0 0.0 0.0 1.0 13.0 0.0
3500.0060483606985 1.0 0.0 0.0 0.0 0.0 1.0 13.0 0.0
3501.0060483606985 1.0 0.0 0.0 0.0 0.0 1.0 13.0 0.0
3502.0060483606985 1.0 0.0 0.0 0.0 0.0 1.0 13.0 0.0
3503.0060483606985 1.0 0.0 0.0 0.0 0.0 1.0 13.0 0.0
3504.0060483606985 1.0 0.0 0.0 0.0 0.0 1.0 13.0 0.0
3505.0060483606985 1.0 0.0 0.0 0.0 0.0 1.0 13.0 0.0
3506.0060483606985 1.0 0.0 0.0 0.0 0.0 1.0 13.0 0.0
3507.0060483606985 1.0 0.0 0.0 0.0 0.0 1.0 13.0 0.0
3508.0060483606985 1.0 0.0 0.0 0.0 0.0 1.0 13.0 0.0
3509.0060483606985 1.0 0.0 0.0 0.0 0.0 1.0 13.0 0.0
3510.0060483606985 1.0 0.0 0.0 0.0 0.0 1.0 13.0 0.0
3511.0060483606985 1.0 0.0 0.0 0.0 0.0 1.0 13.0 0.0
3512.0060483606985 1.0 0.0 0.0 0.0 0.0 1.0 13.0 0.0
3513.0060483606985 1.0 0.0 0.0 0.0 0.0 1.0 13.0 0.0
3514.0060483606985 1.0 0.0 0.0 0.0 0.0 1.0 13.0 0.0
3515.0060483606985 1.0 0.0 0.0 0.0 0.0 1.0 13.0 0.0
3516.0060483606985 1.0 0.0 0.0 0.0 0.0 1.0 13.0 0.0
3517.0060483606985 1.0 0.0 0.0 0.0 0.0 1.0 13.0 0.0
3518.0060483606985 1.0 0.0 0.0 0.0 0.0 1.0 13.0 0.0
3519.0060483606985 1.0 0.0 0.0 0.0 0.0 1.0 13.0 0.0
3520.0051967743366 1.0 0.0 0.0 0.0 0.0 1.0 13.0 0.0
3521.0060483606985 1.0 0.0 0.0 0.0 0.0 1.0 13.0 0.0
3522.0055136459127 1.0 0.0 0.0 0.0 0.0 1.0 13.0 0.0
3523.0003187790203 1.0 0.0 0.0 0.0 0.0 1.0 13.0 0.0
3524.0060483606985 1.0 0.0 0.0 0.0 0.0 1.0 13.0 0.0
3525.002563003206 1.0 0.0 0.0 0.0 0.0 1.0 13.0 0.0
3526.0040357356424 1.0 0.0 0.0 0.0 0.0 1.0 13.0 0.0
3527.00015396339 1.0 0.0 0.0 0.0 0.0 1.0 13.0 0.0
3528.0060483606985 1.0 0.0 0.0 0.0 0.0 1.0 13.0 0.0
3529.0060483606985 1.0 0.0 0.0 0.0 0.0 1.0 13.0 0.0
3530.001212167738 1.0 0.0 0.0 0.0 0.0 1.0 13.0 0.0
3531.0060483606985 1.0 0.0 0.0 0.0 0.0 1.0 13.0 0.0
3532.0005857791916 1.0 0.0 0.0 0.0 0.0 1.0 13.0 0.0
3533.003198884143 1.0 0.0 0.0 0.0 0.0 1.0 13.0 0.0
3534.0060483606985 1.0 0.0 0.0 0.0 0.0 1.0 13.0 0.0
3535.0060483606985 1.0 0.0 0.0 0.0 0.0 1.0 13.0 0.0
3536.0060483606985 1.0 0.0 0.0 0.0 0.0 1.0 13.0 0.0
3537.0060483606985 1.0 0.0 0.0 0.0 0.0 1.0 13.0 0.0
3538.0060483606985 1.0 0.0 0.0 0.0 0.0 1.0 13.0 0.0
3539.0060483606985 1.0 0.0 0.0 0.0 0.0 1.0 13.0 0.0
3540.0017584722686 1.0 0.0 0.0 0.0 0.0 1.0 13.0 0.0
3541.0060483606985 1.0 0.0 0.0 0.0 0.0 1.0 13.0 0.0
3542.0060483606985 1.0 0.0 0.0 0.0 0.0 1.0 13.0 0.0
3543.0060483606985 1.0 0.0 0.0 0.0 0.0 1.0 13.0 0.0
3544.0060483606985 1.0 0.0 0.0 0.0 0.0 1.0 13.0 0.0
3545.0060483606985 1.0 0.0 0.0 0.0 0.0 1.0 13.0 0.0
3546.0060483606985 1.0 0.0 0.0 0.0 0.0 1.0 13.0 0.0
3547.0060483606985 1.0 0.0 0.0 0.0 0.0 1.0 13.0 0.0
3548.0013416245383 1.0 0.0 0.0 0.0 0.0 1.0 13.0 0.0
3549.0060483606985 1.0 0.0 0.0 0.0 0.0 1.0 13.0 0.0
3550.0060483606985 1.0 0.0 0.0 0.0 0.0 1.0 13.0 0.0
3551.0060483606985 1.0 0.0 0.0 0.0 0.0 1.0 13.0 0.0
3552.0060483606985 1.0 0.0 0.0 0.0 0.0 1.0 13.0 0.0
3553.0060483606985 1.0 0.0 0.0 0.0 0.0 1.0 13.0 0.0
3554.0060483606985 1.0 0.0 0.0 0.0 0.0 1.0 13.0 0.0
3555.0060483606985 1.0 0.0 0.0 0.0 0.0 1.0 13.0 0.0
3556.0060483606985 1.0 0.0 0.0 0.0 0.0 1.0 13.0 0.0
3557.0060483606985 1.0 0.0 0.0 0.0 0.0 1.0 13.0 0.0
3558.0060483606985 1.0 0.0 0.0 0.0 0.0 1.0 13.0 0.0
3559.0060483606985 1.0 0.0 0.0 0.0 0.0 1.0 13.0 0.0
3560.0060483606985 1.0 0.0 0.0 0.0 0.0 1.0 13.0 0.0
3561.0060483606985 1.0 0.0 0.0 0.0 0.0 1.0 13.0 0.0
3562.0060483606985 1.0 0.0 0.0 0.0 0.0 1.0 13.0 0.0
3563.0060483606985 1.0 0.0 0.0 0.0 0.0 1.0 13.0 0.0
3564.0000861573494 1.0 0.0 0.0 0.0 0.0 1.0 13.0 0.0
3565.0060483606985 1.0 0.0 0.0 0.0 0.0 1.0 13.0 0.0
3566.0060483606985 1.0 0.0 0.0 0.0 0.0 1.0 13.0 0.0
3567.0060483606985 1.0 0.0 0.0 0.0 0.0 1.0 13.0 0.0
3568.0060483606985 1.0 0.0 0.0 0.0 0.0 1.0 13.0 0.0
3569.0060483606985 1.0 0.0 0.0 0.0 0.0 1.0 13.0 0.0
3570.0060483606985 1.0 0.0 0.0 0.0 0.0 1.0 13.0 0.0
3571.0060483606985 1.0 0.0 0.0 0.0 0.0 1.0 13.0 0.0
3572.0060483606985 1.0 0.0 0.0 0.0 0.0 1.0 13.0 0.0
3573.0060483606985 1.0 0.0 0.0 0.0 0.0 1.0 13.0 0.0
3574.0060483606985 1.0 0.0 0.0 0.0 0.0 1.0 13.0 0.0
3575.0060483606985 1.0 0.0 0.0 0.0 0.0 1.0 13.0 0.0
3576.0060483606985 1.0 0.0 0.0 0.0 0.0 1.0 13.0 0.0
3577.0060483606985 1.0 0.0 0.0 0.0 0.0 1.0 13.0 0.0
3578.0060483606985 1.0 0.0 0.0 0.0 0.0 1.0 13.0 0.0
3579.005614181146 1.0 0.0 0.0 0.0 0.0 1.0 13.0 0.0
3580.0060483606985 1.0 0.0 0.0 0.0 0.0 1.0 13.0 0.0
3581.0060483606985 1.0 0.0 0.0 0.0 0.0 1.0 13.0 0.0
3582.0060483606985 1.0 0.0 0.0 0.0 0.0 1.0 13.0 0.0
3583.0060483606985 1.0 0.0 0.0 0.0 0.0 1.0 13.0 0.0
3584.0060483606985 1.0 0.0 0.0 0.0 0.0 1.0 13.0 0.0
3585.0060483606985 1.0 0.0 0.0 0.0 0.0 1.0 13.0 0.0
3586.0060483606985 1.0 0.0 0.0 0.0 0.0 1.0 13.0 0.0
3587.0060483606985 1.0 0.0 0.0 0.0 0.0 1.0 13.0 0.0
3588.0060483606985 1.0 0.0 0.0 0.0 0.0 1.0 13.0 0.0
3589.0060483606985 1.0 0.0 0.0 0.0 0.0 1.0 13.0 0.0
3590.0054415331592 1.0 0.0 0.0 0.0 0.0 1.0 13.0 0.0
3591.0060483606985 1.0 0.0 0.0 0.0 0.0 1.0 13.0 0.0
3592.0060483606985 1.0 0.0 0.0 0.0 0.0 1.0 13.0 0.0
3593.0060483606985 1.0 0.0 0.0 0.0 0.0 1.0 13.0 0.0
3594.0060483606985 1.0 0.0 0.0 0.0 0.0 1.0 13.0 0.0
3595.0060483606985 1.0 0.0 0.0 0.0 0.0 1.0 13.0 0.0
3596.0060483606985 1.0 0.0 0.0 0.0 0.0 1.0 13.0 0.0
3597.0060483606985 1.0 0.0 0.0 0.0 0.0 1.0 13.0 0.0
3598.0060483606985 1.0 0.0 0.0 0.0 0.0 1.0 13.0 0.0
3599.0060483606985 1.0 0.0 0.0 0.0 0.0 1.0 13.0 0.0
3600.0060483606985 1.0 0.0 0.0 0.0 0.0 1.0 13.0 0.0
3601.0060483606985 1.0 0.0 0.0 0.0 0.0 1.0 12.725 0.0
3602.0060483606985 1.0 0.0 0.0 0.0 0.0 1.0 12.275 0.0
3603.0060483606985 1.0 0.0 0.0 0.0 0.0 1.0 11.6 0.0
3604.0060483606985 1.0 0.0 0.0 0.0 0.0 1.0 11.15 0.0
3605.0019458217416 1.0 0.0 0.0 0.0 0.0 1.0 11.05 0.0
3606.0060483606985 1.0 0.0 0.0 0.0 0.0 1.0 11.05 0.0
3607.0060483606985 1.0 0.0 0.0 0.0 0.0 1.0 11.0 0.0
3608.002515153911 1.0 0.0 0.0 0.0 0.0 1.0 11.0 0.0
3609.0060483606985 1.0 0.0 0.0 0.0 0.0 1.0 11.0 0.0
3610.0060483606985 1.0 0.0 0.0 0.0 0.0 1.0 11.0 0.0
3611.0060483606985 1.0 0.0 0.0 0.0 0.0 1.0 11.0 0.0
3612.0060483606985 1.0 0.0 0.0 0.0 0.0 1.0 11.0 0.0
3613.0019114651377 1.0 0.0 0.0 0.0 0.0 1.0 11.0 0.0
3614.0060483606985 1.0 0.0 0.0 0.0 0.0 1.0 11.0 0.0
3615.0060483606985 1.0 0.0 0.0 0.0 0.0 1.0 11.0 0.0
3616.0009230987766 1.0 0.0 0.0 0.0 0.0 1.0 11.0 0.0
3617.0060483606985 1.0 0.0 0.0 0.0 0.0 1.0 11.0 0.0
3618.0060483606985 1.0 0.0 0.0 0.0 0.0 1.0 11.0 0.0
3619.0060483606985 1.0 0.0 0.0 0.0 0.0 1.0 11.0 0.0
3620.0060483606985 1.0 0.0 0.0 0.0 0.0 1.0 11.0 0.0
3621.004465844519 1.0 0.0 0.0 0.0 0.0 1.0 11.0 0.0
3622.000217892229 1.0 0.0 0.0 0.0 0.0 1.0 11.0 0.0
3623.0060483606985 1.0 0.0 0.0 0.0 0.0 1.0 11.0 0.0
3624.0060483606985 1.0 0.0 0.0 0.0 0.0 1.0 11.0 0.0
3625.0011858660328 1.0 0.0 0.0 0.0 0.0 1.0 11.0 0.0
3626.0046142596143 1.0 0.0 0.0 0.0 0.0 1.0 11.0 0.0
3627.0060483606985 1.0 0.0 0.0 0.0 0.0 1.0 11.0 0.0
3628.0060483606985 1.0 0.0 0.0 0.0 0.0 1.0 11.0 0.0
3629.0060483606985 1.0 0.0 0.0 0.0 0.0 1.0 11.0 0.0
3630.0058983272106 1.0 0.0 0.0 0.0 0.0 1.0 11.0 0.0
3631.0060483606985 1.0 0.0 0.0 0.0 0.0 1.0 11.0 0.0
3632.0019815539927 1.0 0.0 0.0 0.0 0.0 1.0 11.0 0.0
3633.0060483606985 1.0 0.0 0.0 0.0 0.0 1.0 11.0 0.0
3634.0039530740933 1.0 0.0 0.0 0.0 0.0 1.0 11.0 0.0
3635.0060483606985 1.0 0.0 0.0 0.0 0.0 1.0 11.0 0.0
3636.0060483606985 1.0 0.0 0.0 0.0 0.0 1.0 11.0 0.0
3637.0060483606985 1.0 0.0 0.0 0.0 0.0 1.0 11.0 0.0
3638.005277176394 1.0 0.0 0.0 0.0 0.0 1.0 11.0 0.0
3639.0006326915864 1.0 0.0 0.0 0.0 0.0 1.0 11.0 0.0
3640.0060483606985 1.0 0.0 0.0 0.0 0.0 1.0 11.0 0.0
3641.0007487799608 1.0 0.0 0.0 0.0 0.0 1.0 11.0 0.0
3642.000748599458 1.0 0.0 0.0 0.0 0.0 1.0 11.0 0.0
3643.0060483606985 1.0 0.0 0.0 0.0 0.0 1.0 11.0 0.0
3644.000423270664 1.0 0.0 0.0 0.0 0.0 1.0 11.0 0.0
3645.0060483606985 1.0 0.0 0.0 0.0 0.0 1.0 11.0 0.0
3646.0060483606985 1.0 0.0 0.0 0.0 0.0 1.0 11.0 0.0
3647.0020273215446 1.0 0.0 0.0 0.0 0.0 1.0 11.0 0.0
3648.0060483606985 1.0 0.0 0.0 0.0 0.0 1.0 11.0 0.0
3649.0060483606985 1.0 0.0 0.0 0.0 0.0 1.0 11.0 0.0
3650.0060483606985 1.0 0.0 0.0 0.0 0.0 1.0 11.0 0.0
3651.0060483606985 1.0 0.0 0.0 0.0 0.0 1.0 11.0 0.0
3652.0014021459506 1.0 0.0 0.0 0.0 0.0 1.0 11.0 0.0
3653.0060483606985 1.0 0.0 0.0 0.0 0.0 1.0 11.0 0.0
3654.0060483606985 1.0 0.0 0.0 0.0 0.0 1.0 11.0 0.0
3655.005643679315 1.0 0.0 0.0 0.0 0.0 1.0 11.0 0.0
3656.0060483606985 1.0 0.0 0.0 0.0 0.0 1.0 11.0 0.0
3657.0060483606985 1.0 0.0 0.0 0.0 0.0 1.0 11.0 0.0
3658.0060483606985 1.0 0.0 0.0 0.0 0.0 1.0 11.0 0.0
3659.0060483606985 1.0 0.0 0.0 0.0 0.0 1.0 11.0 0.0
3660.0052939961975 1.0 0.0 0.0 0.0 0.0 1.0 11.0 0.0
3661.0060483606985 1.0 0.0 0.0 0.0 0.0 1.0 11.0 0.0
3662.0060483606985 1.0 0.0 0.0 0.0 0.0 1.0 11.0 0.0
3663.0060483606985 1.0 0.0 0.0 0.0 0.0 1.0 11.0 0.0
3664.0060483606985 1.0 0.0 0.0 0.0 0.0 1.0 11.0 0.0
3665.0060483606985 1.0 0.0 0.0 0.0 0.0 1.0 11.0 0.0
3666.0060483606985 1.0 0.0 0.0 0.0 0.0 1.0 11.0 0.0
3667.0060483606985 1.0 0.0 0.0 0.0 0.0 1.0 11.0 0.0
3668.0060483606985 1.0 0.0 0.0 0.0 0.0 1.0 11.0 0.0
3669.0026344414637 1.0 0.0 0.0 0.0 0.0 1.0 11.0 0.0
3670.0060483606985 1.0 0.0 0.0 0.0 0.0 1.0 11.0 0.0
3671.0060483606985 1.0 0.0 0.0 0.0 0.0 1.0 11.0 0.0
3672.0060483606985 1.0 0.0 0.0 0.0 0.0 1.0 11.0 0.0
3673.0049104446484 1.0 0.0 0.0 0.0 0.0 1.0 11.0 0.0
3674.0053659267605 1.0 0.0 0.0 0.0 0.0 1.0 11.0 0.0
3675.005527322464 1.0 0.0 0.0 0.0 0.0 1.0 11.0 0.0
3676.0060483606985 1.0 0.0 0.0 0.0 0.0 1.0 11.0 0.0
3677.0060483606985 1.0 0.0 0.0 0.0 0.0 1.0 11.0 0.0
3678.0060483606985 1.0 0.0 0.0 0.0 0.0 1.0 11.0 0.0
3679.0060483606985 1.0 0.0 0.0 0.0 0.0 1.0 11.0 0.0
3680.0060483606985 1.0 0.0 0.0 0.0 0.0 1.0 11.0 0.0
3681.0007174500097 1.0 0.0 0.0 0.0 0.0 1.0 11.0 0.0
3682.0060483606985 1.0 0.0 0.0 0.0 0.0 1.0 11.0 0.0
3683.0060483606985 1.0 0.0 0.0 0.0 0.0 1.0 11.0 0.0
3684.0060483606985 1.0 0.0 0.0 0.0 0.0 1.0 11.0 0.0
3685.0060483606985 1.0 0.0 0.0 0.0 0.0 1.0 11.0 0.0
3686.0060483606985 1.0 0.0 0.0 0.0 0.0 1.0 11.0 0.0
3687.0060483606985 1.0 0.0 0.0 0.0 0.0 1.0 11.0 0.0
3688.0060483606985 1.0 0.0 0.0 0.0 0.0 1.0 11.0 0.0
3689.0060483606985 1.0 0.0 0.0 0.0 0.0 1.0 11.0 0.0
3690.0060483606985 1.0 0.0 0.0 0.0 0.0 1.0 11.0 0.0
3691.0060483606985 1.0 0.0 0.0 0.0 0.0 1.0 11.0 0.0
3692.0060483606985 1.0 0.0 0.0 0.0 0.0 1.0 11.0 0.0
3693.0060483606985 1.0 0.0 0.0 0.0 0.0 1.0 11.0 0.0
3694.0060483606985 1.0 0.0 0.0 0.0 0.0 1.0 11.0 0.0
3695.0060483606985 1.0 0.0 0.0 0.0 0.0 1.0 11.0 0.0
3696.0060483606985 1.0 0.0 0.0 0.0 0.0 1.0 11.0 0.0
3697.0060483606985 1.0 0.0 0.0 0.0 0.0 1.0 11.0 0.0
3698.0060483606985 1.0 0.0 0.0 0.0 0.0 1.0 11.0 0.0
3699.0060483606985 1.0 0.0 0.0 0.0 0.0 1.0 11.0 0.0
3700.0060483606985 1.0 0.0 0.0 0.0 0.0 1.0 11.0 0.0
3701.0060483606985 1.0 0.0 0.0 0.0 0.0 1.0 11.0 0.0
3702.0060483606985 1.0 0.0 0.0 0.0 0.0 1.0 11.0 0.0
3703.0060483606985 1.0 0.0 0.0 0.0 0.0 1.0 11.0 0.0
3704.0060483606985 1.0 0.0 0.0 0.0 0.0 1.0 11.0 0.0
3705.0060483606985 1.0 0.0 0.0 0.0 0.0 1.0 11.0 0.0
3706.0011120015743 1.0 0.0 0.0 0.0 0.0 1.0 11.0 0.0
3707.0060483606985 1.0 0.0 0.0 0.0 0.0 1.0 11.0 0.0
3708.0060483606985 1.0 0.0 0.0 0.0 0.0 1.0 11.0 0.0
3709.0060483606985 1.0 0.0 0.0 0.0 0.0 1.0 11.0 0.0
3710.0060483606985 1.0 0.0 0.0 0.0 0.0 1.0 11.0 0.0
3711.001421036378 1.0 0.0 0.0 0.0 0.0 1.0 11.0 0.0
3712.000287094448 1.0 0.0 0.0 0.0 0.0 1.0 11.0 0.0
3713.002655804691 1.0 0.0 0.0 0.0 0.0 1.0 11.0 0.0
3714.004905804305 1.0 0.0 0.0 0.0 0.0 1.0 10.525 0.0
3715.0060483606985 1.0 0.0 0.0 0.0 0.0 1.0 9.675 0.0
3716.0060483606985 1.0 0.0 0.0 0.0 0.0 1.0 8.55 0.0
3717.0060483606985 1.0 0.0 0.0 0.0 0.0 1.0 8.075 0.0
3718.0060483606985 1.0 0.0 0.0 0.0 0.0 1.0 8.0 0.0
3719.0060483606985 1.0 0.0 0.0 0.0 0.0 1.0 8.0 0.0
3720.0060483606985 1.0 0.0 0.0 0.0 0.0 1.0 8.0 0.0
3721.0060483606985 1.0 0.0 0.0 0.0 0.0 1.0 8.0 0.0
3722.0060483606985 1.0 0.0 0.0 0.0 0.0 1.0 8.0 0.0
3723.0060483606985 1.0 0.0 0.0 0.0 0.0 1.0 8.0 0.0
3724.0060483606985 1.0 0.0 0.0 0.0 0.0 1.0 8.0 0.0
3725.0060483606985 1.0 0.0 0.0 0.0 0.0 1.0 8.0 0.0
3726.0060483606985 1.0 0.0 0.0 0.0 0.0 1.0 8.0 0.0
3727.0060483606985 1.0 0.0 0.0 0.0 0.0 1.0 8.0 0.0
3728.0060483606985 1.0 0.0 0.0 0.0 0.0 1.0 8.0 0.0
3729.0060483606985 1.0 0.0 0.0 0.0 0.0 1.0 8.0 0.0
3730.0060483606985 1.0 0.0 0.0 0.0 0.0 1.0 8.0 0.0
3731.0060483606985 1.0 0.0 0.0 0.0 0.0 1.0 8.0 0.0
3732.0060483606985 1.0 0.0 0.0 0.0 0.0 1.0 8.0 0.0
3733.000533794696 1.0 0.0 0.0 0.0 0.0 1.0 8.0 0.0
3734.0060483606985 1.0 0.0 0.0 0.0 0.0 1.0 8.0 0.0
3735.0003056069413 1.0 0.0 0.0 0.0 0.0 1.0 8.0 0.0
3736.0060483606985 1.0 0.0 0.0 0.0 0.0 1.0 8.0 0.0
3737.0060483606985 1.0 0.0 0.0 0.0 0.0 1.0 8.0 0.0
3738.0060483606985 1.0 0.0 0.0 0.0 0.0 1.0 8.0 0.0
3739.0060483606985 1.0 0.0 0.0 0.0 0.0 1.0 8.0 0.0
3740.00601390633 1.0 0.0 0.0 0.0 0.0 1.0 8.0 0.0
3741.0060483606985 1.0 0.0 0.0 0.0 0.0 1.0 8.0 0.0
3742.0060483606985 1.0 0.0 0.0 0.0 0.0 1.0 8.0 0.0
3743.0060483606985 1.0 0.0 0.0 0.0 0.0 1.0 8.0 0.0
3744.0060483606985 1.0 0.0 0.0 0.0 0.0 1.0 8.0 0.0
3745.0060483606985 1.0 0.0 0.0 0.0 0.0 1.0 8.0 0.0
3746.0060483606985 1.0 0.0 0.0 0.0 0.0 1.0 8.0 0.0
3747.0060483606985 1.0 0.0 0.0 0.0 0.0 1.0 8.0 0.0
3748.0060483606985 1.0 0.0 0.0 0.0 0.0 1.0 8.0 0.0
3749.0060483606985 1.0 0.0 0.0 0.0 0.0 1.0 8.0 0.0
3750.0046644099157 1.0 0.0 0.0 0.0 0.0 1.0 8.0 0.0
3751.0060483606985 1.0 0.0 0.0 0.0 0.0 1.0 8.0 0.0
3752.0060483606985 1.0 0.0 0.0 0.0 0.0 1.0 8.0 0.0
3753.0060483606985 1.0 0.0 0.0 0.0 0.0 1.0 8.0 0.0
3754.0060483606985 1.0 0.0 0.0 0.0 0.0 1.0 8.0 0.0
3755.0060483606985 1.0 0.0 0.0 0.0 0.0 1.0 8.0 0.0
3756.0060483606985 1.0 0.0 0.0 0.0 0.0 1.0 8.0 0.0
3757.0038069887646 1.0 0.0 0.0 0.0 0.0 1.0 8.0 0.0
3758.003531293582 1.0 0.0 0.0 0.0 0.0 1.0 8.0 0.0
3759.0060483606985 1.0 0.0 0.0 0.0 0.0 1.0 8.0 0.0
3760.0060483606985 1.0 0.0 0.0 0.0 0.0 1.0 8.0 0.0
3761.005070427365 1.0 0.0 0.0 0.0 0.0 1.0 8.0 0.0
3762.0060483606985 1.0 0.0 0.0 0.0 0.0 1.0 8.0 0.0
3763.0060483606985 1.0 0.0 0.0 0.0 0.0 1.0 8.0 0.0
3764.0060483606985 1.0 0.0 0.0 0.0 0.0 1.0 8.0 0.0
3765.0060483606985 1.0 0.0 0.0 0.0 0.0 1.0 8.0 0.0
3766.0060483606985 1.0 0.0 0.0 0.0 0.0 1.0 8.0 0.0
3767.0060483606985 1.0 0.0 0.0 0.0 0.0 1.0 8.0 0.0
3768.0060483606985 1.0 0.0 0.0 0.0 0.0 1.0 8.0 0.0
3769.0060483606985 1.0 0.0 0.0 0.0 0.0 1.0 8.0 0.0
3770.0060483606985 1.0 0.0 0.0 0.0 0.0 1.0 8.0 0.0
3771.0020973148953 1.0 0.0 0.0 0.0 0.0 1.0 8.0 0.0
3772.0060483606985 1.0 0.0 0.0 0.0 0.0 1.0 8.0 0.0
3773.0060483606985 1.0 0.0 0.0 0.0 0.0 1.0 8.0 0.0
3774.0060483606985 1.0 0.0 0.0 0.0 0.0 1.0 8.0 0.0
3775.0060483606985 1.0 0.0 0.0 0.0 0.0 1.0 8.0 0.0
3776.0060483606985 1.0 0.0 0.0 0.0 0.0 1.0 8.0 0.0
3777.0060483606985 1.0 0.0 0.0 0.0 0.0 1.0 8.0 0.0
3778.0060483606985 1.0 0.0 0.0 0.0 0.0 1.0 8.0 0.0
3779.0060483606985 1.0 0.0 0.0 0.0 0.0 1.0 8.0 0.0
3780.0060483606985 1.0 0.0 0.0 0.0 0.0 1.0 8.0 0.0
3781.0060483606985 1.0 0.0 0.0 0.0 0.0 1.0 8.0 0.0
3782.0060483606985 1.0 0.0 0.0 0.0 0.0 1.0 8.0 0.0
3783.0060483606985 1.0 0.0 0.0 0.0 0.0 1.0 8.0 0.0
3784.0060483606985 1.0 0.0 0.0 0.0 0.0 1.0 8.0 0.0
3785.0060483606985 1.0 0.0 0.0 0.0 0.0 1.0 8.0 0.0
3786.0060483606985 1.0 0.0 0.0 0.0 0.0 1.0 8.0 0.0
3787.0060483606985 1.0 0.0 0.0 0.0 0.0 1.0 8.0 0.0
3788.0060483606985 1.0 0.0 0.0 0.0 0.0 1.0 8.0 0.0
3789.0060483606985 1.0 0.0 0.0 0.0 0.0 1.0 8.0 0.0
3790.0060483606985 1.0 0.0 0.0 0.0 0.0 1.0 8.0 0.0
3791.0060483606985 1.0 0.0 0.0 0.0 0.0 1.0 8.0 0.0
3792.0060483606985 1.0 0.0 0.0 0.0 0.0 1.0 8.0 0.0
3793.0060483606985 1.0 0.0 0.0 0.0 0.0 1.0 8.0 0.0
3794.0060483606985 1.0 0.0 0.0 0.0 0.0 1.0 8.0 0.0
3795.0005581732034 1.0 0.0 0.0 0.0 0.0 1.0 8.0 0.0
3796.0060483606985 1.0 0.0 0.0 0.0 0.0 1.0 8.0 0.0
3797.0060483606985 1.0 0.0 0.0 0.0 0.0 1.0 8.0 0.0
3798.004930828725 1.0 0.0 0.0 0.0 0.0 1.0 8.0 0.0
3799.0060483606985 1.0 0.0 0.0 0.0 0.0 1.0 8.0 0.0
3800.0060483606985 1.0 0.0 0.0 0.0 0.0 1.0 8.0 0.0
3801.0060483606985 1.0 0.0 0.0 0.0 0.0 1.0 8.0 0.0
3802.0060483606985 1.0 0.0 0.0 0.0 0.0 1.0 7.275 0.0
3803.0060483606985 1.0 0.0 0.0 0.0 0.0 1.0 6.3 0.0
3804.0060483606985 1.0 0.0 0.0 0.0 0.0 1.0 6.075 0.0
3805.0060483606985 1.0 0.0 0.0 0.0 0.0 1.0 6.0 0.0
3806.0060483606985 1.0 0.0 0.0 0.0 0.0 1.0 6.0 0.0
3807.0060483606985 1.0 0.0 0.0 0.0 0.0 1.0 6.0 0.0
3808.0060483606985 1.0 0.0 0.0 0.0 0.0 1.0 6.0 0.0
3809.0060483606985 1.0 0.0 0.0 0.0 0.0 1.0 6.0 0.0
3810.0060483606985 1.0 0.0 0.0 0.0 0.0 1.0 6.0 0.0
3811.0060483606985 1.0 0.0 0.0 0.0 0.0 1.0 6.0 0.0
3812.0060483606985 1.0 0.0 0.0 0.0 0.0 1.0 6.0 0.0
3813.0060483606985 1.0 0.0 0.0 0.0 0.0 1.0 6.0 0.0
3814.0060483606985 1.0 0.0 0.0 0.0 0.0 1.0 6.0 0.0
3815.0060483606985 1.0 0.0 0.0 0.0 0.0 1.0 6.0 0.0
3816.0006437387415 1.0 0.0 0.0 0.0 0.0 1.0 6.0 0.0
3817.0008580430867 1.0 0.0 0.0 0.0 0.0 1.0 6.0 0.0
3818.0060483606985 1.0 0.0 0.0 0.0 0.0 1.0 6.0 0.0
3819.0060483606985 1.0 0.0 0.0 0.0 0.0 1.0 6.0 0.0
3820.0060483606985 1.0 0.0 0.0 0.0 0.0 1.0 6.0 0.0
3821.0060483606985 1.0 0.0 0.0 0.0 0.0 1.0 6.0 0.0
3822.004259180407 1.0 0.0 0.0 0.0 0.0 1.0 6.0 0.0
3823.0060483606985 1.0 0.0 0.0 0.0 0.0 1.0 6.0 0.0
3824.0060483606985 1.0 0.0 0.0 0.0 0.0 1.0 6.0 0.0
3825.0060483606985 1.0 0.0 0.0 0.0 0.0 1.0 6.0 0.0
3826.0060483606985 1.0 0.0 0.0 0.0 0.0 1.0 6.0 0.0
3827.0053458035068 1.0 0.0 0.0 0.0 0.0 1.0 6.0 0.0
3828.0060483606985 1.0 0.0 0.0 0.0 0.0 1.0 6.0 0.0
3829.0060483606985 1.0 0.0 0.0 0.0 0.0 1.0 6.0 0.0
3830.0060483606985 1.0 0.0 0.0 0.0 0.0 1.0 6.0 0.0
3831.0032277186383 1.0 0.0 0.0 0.0 0.0 1.0 6.0 0.0
3832.0060483606985 1.0 0.0 0.0 0.0 0.0 1.0 6.0 0.0
3833.0060483606985 1.0 0.0 0.0 0.0 0.0 1.0 6.0 0.0
3834.0060483606985 1.0 0.0 0.0 0.0 0.0 1.0 6.0 0.0
3835.0060483606985 1.0 0.0 0.0 0.0 0.0 1.0 6.0 0.0
3836.0060483606985 1.0 0.0 0.0 0.0 0.0 1.0 6.0 0.0
3837.0060483606985 1.0 0.0 0.0 0.0 0.0 1.0 6.0 0.0
3838.0060483606985 1.0 0.0 0.0 0.0 0.0 1.0 6.0 0.0
3839.0060483606985 1.0 0.0 0.0 0.0 0.0 1.0 6.0 0.0
3840.0060483606985 1.0 0.0 0.0 0.0 0.0 1.0 6.0 0.0
3841.0060483606985 1.0 0.0 0.0 0.0 0.0 1.0 6.0 0.0
3842.0037017327986 1.0 0.0 0.0 0.0 0.0 1.0 6.0 0.0
3843.0060483606985 1.0 0.0 0.0 0.0 0.0 1.0 6.0 0.0
3844.0060483606985 1.0 0.0 0.0 0.0 0.0 1.0 6.0 0.0
3845.0060483606985 1.0 0.0 0.0 0.0 0.0 1.0 6.0 0.0
3846.0053886993906 1.0 0.0 0.0 0.0 0.0 1.0 6.0 0.0
3847.0060483606985 1.0 0.0 0.0 0.0 0.0 1.0 6.0 0.0
3848.0060483606985 1.0 0.0 0.0 0.0 0.0 1.0 6.0 0.0
3849.0060483606985 1.0 0.0 0.0 0.0 0.0 1.0 6.0 0.0
3850.0060483606985 1.0 0.0 0.0 0.0 0.0 1.0 6.0 0.0
3851.0060483606985 1.0 0.0 0.0 0.0 0.0 1.0 6.0 0.0
3852.0052230107262 1.0 0.0 0.0 0.0 0.0 1.0 6.0 0.0
3853.0048977029123 1.0 0.0 0.0 0.0 0.0 1.0 6.0 0.0
3854.0060483606985 1.0 0.0 0.0 0.0 0.0 1.0 6.0 0.0
3855.004269606516 1.0 0.0 0.0 0.0 0.0 1.0 6.0 0.0
3856.0060483606985 1.0 0.0 0.0 0.0 0.0 1.0 6.0 0.0
3857.0060483606985 1.0 0.0 0.0 0.0 0.0 1.0 6.0 0.0
3858.0060483606985 1.0 0.0 0.0 0.0 0.0 1.0 6.0 0.0
3859.0060483606985 1.0 0.0 0.0 0.0 0.0 1.0 6.0 0.0
3860.0053040913162 1.0 0.0 0.0 0.0 0.0 1.0 6.0 0.0
3861.0060483606985 1.0 0.0 0.0 0.0 0.0 1.0 6.0 0.0
3862.0060483606985 1.0 0.0 0.0 0.0 0.0 1.0 6.0 0.0
3863.0049195321244 1.0 0.0 0.0 0.0 0.0 1.0 6.0 0.0
3864.0060483606985 1.0 0.0 0.0 0.0 0.0 1.0 6.0 0.0
3865.0060483606985 1.0 0.0 0.0 0.0 0.0 1.0 6.0 0.0
3866.0060483606985 1.0 0.0 0.0 0.0 0.0 1.0 6.0 0.0
3867.0060483606985 1.0 0.0 0.0 0.0 0.0 1.0 6.0 0.0
3868.0060483606985 1.0 0.0 0.0 0.0 0.0 1.0 6.0 0.0
3869.0060483606985 1.0 0.0 0.0 0.0 0.0 1.0 6.0 0.0
3870.0060483606985 1.0 0.0 0.0 0.0 0.0 1.0 6.0 0.0
3871.0060483606985 1.0 0.0 0.0 0.0 0.0 1.0 6.0 0.0
3872.0060483606985 1.0 0.0 0.0 0.0 0.0 1.0 6.0 0.0
3873.0022589762757 1.0 0.0 0.0 0.0 0.0 1.0 6.0 0.0
3874.0060483606985 1.0 0.0 0.0 0.0 0.0 1.0 6.0 0.0
3875.0060483606985 1.0 0.0 0.0 0.0 0.0 1.0 6.0 0.0
3876.0060483606985 1.0 0.0 0.0 0.0 0.0 1.0 6.0 0.0
3877.0060483606985 1.0 0.0 0.0 0.0 0.0 1.0 6.0 0.0
3878.0060483606985 1.0 0.0 0.0 0.0 0.0 1.0 6.0 0.0
3879.0060483606985 1.0 0.0 0.0 0.0 0.0 1.0 6.0 0.0
3880.0025566091913 1.0 0.0 0.0 0.0 0.0 1.0 6.0 0.0
3881.0060483606985 1.0 0.0 0.0 0.0 0.0 1.0 6.0 0.0
3882.0060483606985 1.0 0.0 0.0 0.0 0.0 1.0 6.0 0.0
3883.0060483606985 1.0 0.0 0.0 0.0 0.0 1.0 6.0 0.0
3884.0060483606985 1.0 0.0 0.0 0.0 0.0 1.0 6.0 0.0
3885.0060483606985 1.0 0.0 0.0 0.0 0.0 1.0 6.0 0.0
3886.0060483606985 1.0 0.0 0.0 0.0 0.0 1.0 6.0 0.0
3887.0060483606985 1.0 0.0 0.0 0.0 0.0 1.0 6.0 0.0
3888.0060483606985 1.0 0.0 0.0 0.0 0.0 1.0 6.0 0.0
3889.0060483606985 1.0 0.0 0.0 0.0 0.0 1.0 6.0 0.0
3890.0060483606985 1.0 0.0 0.0 0.0 0.0 1.0 6.0 0.0
3891.0060483606985 1.0 0.0 0.0 0.0 0.0 1.0 6.0 0.0
3892.0016625342237 1.0 0.0 0.0 0.0 0.0 1.0 6.0 0.0
3893.0060483606985 1.0 0.0 0.0 0.0 0.0 1.0 6.0 0.0
3894.004335062373 1.0 0.0 0.0 0.0 0.0 1.0 6.0 0.0
3895.0060483606985 1.0 0.0 0.0 0.0 0.0 1.0 6.0 0.0
3896.0060483606985 1.0 0.0 0.0 0.0 0.0 1.0 6.0 0.0
3897.0060483606985 1.0 0.0 0.0 0.0 0.0 1.0 6.0 0.0
3898.0060483606985 1.0 0.0 0.0 0.0 0.0 1.0 6.0 0.0
3899.001679334853 1.0 0.0 0.0 0.0 0.0 1.0 6.0 0.0
3900.0060483606985 1.0 0.0 0.0 0.0 0.0 1.0 6.0 0.0
3901.0060483606985 1.0 0.0 0.0 0.0 0.0 1.0 6.0 0.0
3902.0060483606985 1.0 0.0 0.0 0.0 0.0 1.0 6.0 0.0
3903.0060483606985 1.0 0.0 0.0 0.0 0.0 1.0 6.0 0.0
3904.0060483606985 1.0 0.0 0.0 0.0 0.0 1.0 6.0 0.0
3905.0060483606985 1.0 0.0 0.0 0.0 0.0 1.0 6.0 0.0
3906.0060483606985 1.0 0.0 0.0 0.0 0.0 1.0 6.0 0.0
3907.002356739744 1.0 0.0 0.0 0.0 0.0 1.0 6.0 0.0
3908.0060483606985 1.0 0.0 0.0 0.0 0.0 1.0 6.0 0.0
3909.002402239767 1.0 0.0 0.0 0.0 0.0 1.0 6.0 0.0
3910.0060483606985 1.0 0.0 0.0 0.0 0.0 1.0 6.0 0.0
3911.0060483606985 1.0 0.0 0.0 0.0 0.0 1.0 6.0 0.0
3912.0016341451096 1.0 0.0 0.0 0.0 0.0 1.0 6.0 0.0
3913.0060483606985 1.0 0.0 0.0 0.0 0.0 1.0 6.0 0.0
3914.0060483606985 1.0 0.0 0.0 0.0 0.0 1.0 6.0 0.0
3915.0060483606985 1.0 0.0 0.0 0.0 0.0 1.0 6.0 0.0
3916.003028354683 1.0 0.0 0.0 0.0 0.0 1.0 6.0 0.0
3917.0043094763178 1.0 0.0 0.0 0.0 0.0 1.0 6.0 0.0
3918.0060483606985 1.0 0.0 0.0 0.0 0.0 1.0 6.0 0.0
3919.0060483606985 1.0 0.0 0.0 0.0 0.0 1.0 6.0 0.0
3920.0060483606985 1.0 0.0 0.0 0.0 0.0 1.0 6.0 0.0
3921.0060483606985 1.0 0.0 0.0 0.0 0.0 1.0 6.0 0.0
3922.0060483606985 1.0 0.0 0.0 0.0 0.0 1.0 6.0 0.0
3923.0026658726774 1.0 0.0 0.0 0.0 0.0 1.0 6.0 0.0
3924.0060483606985 1.0 0.0 0.0 0.0 0.0 1.0 6.0 0.0
3925.0060483606985 1.0 0.0 0.0 0.0 0.0 1.0 6.0 0.0
3926.0053319198887 1.0 0.0 0.0 0.0 0.0 1.0 6.0 0.0
3927.0060483606985 1.0 0.0 0.0 0.0 0.0 1.0 6.0 0.0
3928.0060483606985 1.0 0.0 0.0 0.0 0.0 1.0 5.775 0.0
3929.0060483606985 1.0 0.0 0.0 0.0 0.0 1.0 4.9 0.0
3930.0060483606985 1.0 0.0 0.0 0.0 0.0 1.0 4.15 0.0
3931.0060483606985 1.0 0.0 0.0 0.0 0.0 1.0 4.1 0.0
3932.0060483606985 1.0 0.0 0.0 0.0 0.0 1.0 4.0 0.0
3933.0060483606985 1.0 0.0 0.0 0.0 0.0 1.0 4.0 0.0
3934.0060483606985 1.0 0.0 0.0 0.0 0.0 1.0 4.0 0.0
3935.0060483606985 1.0 0.0 0.0 0.0 0.0 1.0 4.0 0.0
3936.0060483606985 1.0 0.0 0.0 0.0 0.0 1.0 4.0 0.0
3937.0060483606985 1.0 0.0 0.0 0.0 0.0 1.0 4.0 0.0
3938.0060483606985 1.0 0.0 0.0 0.0 0.0 1.0 4.0 0.0
3939.0060483606985 1.0 0.0 0.0 0.0 0.0 1.0 4.0 0.0
3940.0060483606985 1.0 0.0 0.0 0.0 0.0 1.0 4.0 0.0
3941.0060483606985 1.0 0.0 0.0 0.0 0.0 1.0 4.0 0.0
3942.0060483606985 1.0 0.0 0.0 0.0 0.0 1.0 4.0 0.0
3943.0060483606985 1.0 0.0 0.0 0.0 0.0 1.0 4.0 0.0
3944.0060483606985 1.0 0.0 0.0 0.0 0.0 1.0 4.0 0.0
3945.0060483606985 1.0 0.0 0.0 0.0 0.0 1.0 4.0 0.0
3946.0060483606985 1.0 0.0 0.0 0.0 0.0 1.0 4.0 0.0
3947.0060483606985 1.0 0.0 0.0 0.0 0.0 1.0 4.0 0.0
3948.0060483606985 1.0 0.0 0.0 0.0 0.0 1.0 4.0 0.0
3949.0060483606985 1.0 0.0 0.0 0.0 0.0 1.0 4.0 0.0
3950.0060483606985 1.0 0.0 0.0 0.0 0.0 1.0 4.0 0.0
3951.0039976420476 1.0 0.0 0.0 0.0 0.0 1.0 4.0 0.0
3952.0060483606985 1.0 0.0 0.0 0.0 0.0 1.0 4.0 0.0
3953.0060483606985 1.0 0.0 0.0 0.0 0.0 1.0 4.0 0.0
3954.0060483606985 1.0 0.0 0.0 0.0 0.0 1.0 4.0 0.0
3955.0016552216703 1.0 0.0 0.0 0.0 0.0 1.0 4.0 0.0
3956.0014613181556 1.0 0.0 0.0 0.0 0.0 1.0 4.0 0.0
3957.0060483606985 1.0 0.0 0.0 0.0 0.0 1.0 4.0 0.0
3958.0060483606985 1.0 0.0 0.0 0.0 0.0 1.0 4.0 0.0
3959.0060483606985 1.0 0.0 0.0 0.0 0.0 1.0 4.0 0.0
3960.0060483606985 1.0 0.0 0.0 0.0 0.0 1.0 4.0 0.0
3961.0016627261293 1.0 0.0 0.0 0.0 0.0 1.0 4.0 0.0
3962.001951776516 1.0 0.0 0.0 0.0 0.0 1.0 4.0 0.0
3963.0060483606985 1.0 0.0 0.0 0.0 0.0 1.0 4.0 0.0
3964.0060483606985 1.0 0.0 0.0 0.0 0.0 1.0 4.0 0.0
3965.0013466180408 1.0 0.0 0.0 0.0 0.0 1.0 4.0 0.0
3966.0060483606985 1.0 0.0 0.0 0.0 0.0 1.0 4.0 0.0
3967.0060483606985 1.0 0.0 0.0 0.0 0.0 1.0 4.0 0.0
3968.0060483606985 1.0 0.0 0.0 0.0 0.0 1.0 4.0 0.0
3969.0060483606985 1.0 0.0 0.0 0.0 0.0 1.0 4.0 0.0
3970.0060483606985 1.0 0.0 0.0 0.0 0.0 1.0 4.0 0.0
3971.0060483606985 1.0 0.0 0.0 0.0 0.0 1.0 4.0 0.0
3972.0060483606985 1.0 0.0 0.0 0.0 0.0 1.0 4.0 0.0
3973.0060483606985 1.0 0.0 0.0 0.0 0.0 1.0 4.0 0.0
3974.0060483606985 1.0 0.0 0.0 0.0 0.0 1.0 4.0 0.0
3975.0060483606985 1.0 0.0 0.0 0.0 0.0 1.0 4.0 0.0
3976.001728371703 1.0 0.0 0.0 0.0 0.0 1.0 4.0 0.0
3977.0060483606985 1.0 0.0 0.0 0.0 0.0 1.0 4.0 0.0
3978.0060483606985 1.0 0.0 0.0 0.0 0.0 1.0 4.0 0.0
3979.0060483606985 1.0 0.0 0.0 0.0 0.0 1.0 4.0 0.0
3980.0060483606985 1.0 0.0 0.0 0.0 0.0 1.0 4.0 0.0
3981.0060483606985 1.0 0.0 0.0 0.0 0.0 1.0 4.0 0.0
3982.0042924423474 1.0 0.0 0.0 0.0 0.0 1.0 4.0 0.0
3983.0041958753554 1.0 0.0 0.0 0.0 0.0 1.0 4.0 0.0
3984.0060483606985 1.0 0.0 0.0 0.0 0.0 1.0 4.0 0.0
3985.004289345423 1.0 0.0 0.0 0.0 0.0 1.0 4.0 0.0
3986.0060483606985 1.0 0.0 0.0 0.0 0.0 1.0 4.0 0.0
3987.0060483606985 1.0 0.0 0.0 0.0 0.0 1.0 4.0 0.0
3988.0060483606985 1.0 0.0 0.0 0.0 0.0 1.0 4.0 0.0
3989.0060483606985 1.0 0.0 0.0 0.0 0.0 1.0 4.0 0.0
3990.0060483606985 1.0 0.0 0.0 0.0 0.0 1.0 4.0 0.0
3991.0060483606985 1.0 0.0 0.0 0.0 0.0 1.0 4.0 0.0
3992.0060483606985 1.0 0.0 0.0 0.0 0.0 1.0 4.0 0.0
3993.0060483606985 1.0 0.0 0.0 0.0 0.0 1.0 4.0 0.0
3994.005464506156 1.0 0.0 0.0 0.0 0.0 1.0 4.0 0.0
3995.0060483606985 1.0 0.0 0.0 0.0 0.0 1.0 4.0 0.0
3996.0060483606985 1.0 0.0 0.0 0.0 0.0 1.0 4.0 0.0
3997.0060483606985 1.0 0.0 0.0 0.0 0.0 1.0 4.0 0.0
3998.0060483606985 1.0 0.0 0.0 0.0 0.0 1.0 4.0 0.0
3999.0060483606985 1.0 0.0 0.0 0.0 0.0 1.0 4.0 0.0
4000.0060483606985 1.0 0.0 0.0 0.0 0.0 1.0 4.0 0.0
#####################################################################
# End of data export. Simulation finished at: 2026-01-25T11:07+0000 #
#####################################################################
