#####################################################################
# Alchemist log file - simulation started at: 2026-05-19T09:41+0000 #
#####################################################################
#
# seed = 37.0, connection_range_percentage = 0.25, variability = 7.0, history_length = 1200, drones = 160
#
# The columns have the following meaning: 
# time wandering[mean] defending[mean] solving[mean] wait[mean] attacked[max] alarm[max] historySize[mean] disagreementRate 
0.0 NaN NaN NaN NaN 0.0 0.0 NaN 0.0
0.0 0.0 0.0 0.0 1.0 0.0 0.0 2.0 0.0
1.001317156563777 0.0 0.0 0.0 1.0 0.0 0.0 2.39375 0.0
2.000832002044471 0.0 0.0 0.0 1.0 0.0 0.0 2.9875 0.0
3.001853320419078 0.0 0.0 0.0 1.0 0.0 0.0 2.99375 0.0
4.001449853756595 0.0 0.0 0.0 1.0 0.0 0.0 3.0 0.0
5.012736127363436 0.0 0.0 0.0 1.0 0.0 0.0 3.0 0.0
6.000534802326646 0.0 0.0 0.0 1.0 0.0 0.0 3.0 0.0
7.012736127363436 0.0 0.0 0.0 1.0 0.0 0.0 3.0 0.0
8.003983355175881 0.0 0.0 0.0 1.0 0.0 0.0 3.0 0.0
9.003635375183551 0.0 0.0 0.0 1.0 0.0 0.0 3.0 0.0
10.004991273370159 0.0 0.0 0.0 1.0 0.0 0.0 3.0 0.0
11.000292480642674 0.0 0.0 0.0 1.0 0.0 0.0 3.0 0.0
12.008895284635658 0.0 0.0 0.0 1.0 0.0 0.0 3.0 0.0
13.001828426068226 0.0 0.0 0.0 1.0 0.0 0.0 3.0 0.0
14.012736127363436 0.0 0.0 0.0 1.0 0.0 0.0 3.0 0.0
15.003003340314326 0.0 0.0 0.0 1.0 0.0 0.0 3.0 0.0
16.002995066141743 0.0 0.0 0.0 1.0 0.0 0.0 3.0 0.0
17.002625661381558 0.0 0.0 0.0 1.0 0.0 0.0 3.0 0.0
18.012736127363436 0.0 0.0 0.0 1.0 0.0 0.0 3.0 0.0
19.000943304486093 0.0 0.0 0.0 1.0 0.0 0.0 3.0 0.0
20.00170309932212 0.0 0.0 0.0 1.0 0.0 0.0 3.0 0.0
21.002515263635086 0.0 0.0 0.0 1.0 0.0 0.0 3.0 0.0
22.00347906360589 0.0 0.0 0.0 1.0 0.0 0.0 3.0 0.0
23.00094525950773 0.0 0.0 0.0 1.0 0.0 0.0 3.0 0.0
24.002279003124407 0.0 0.0 0.0 1.0 0.0 0.0 3.0 0.0
25.003921072209152 0.0 0.0 0.0 1.0 0.0 0.0 3.0 0.0
26.012736127363436 0.0 0.0 0.0 1.0 0.0 0.0 3.0 0.0
27.002216405503642 0.0 0.0 0.0 1.0 0.0 0.0 3.0 0.0
28.0089775419784 0.0 0.0 0.0 1.0 0.0 0.0 3.0 0.0
29.00458617103388 0.0 0.0 0.0 1.0 0.0 0.0 3.0 0.0
30.00587664691491 0.0 0.0 0.0 1.0 0.0 0.0 3.0 0.0
31.005384718992122 0.0 0.0 0.0 1.0 0.0 0.0 3.0 0.0
32.01267395993983 0.0 0.0 0.0 1.0 0.0 0.0 3.0 0.0
33.01273612736344 0.0 0.0 0.0 1.0 0.0 0.0 3.0 0.0
34.00492811918381 0.0 0.0 0.0 1.0 0.0 0.0 3.0 0.0
35.012582329352966 0.0 0.0 0.0 1.0 0.0 0.0 3.0 0.0
36.00060711124929 0.0 0.0 0.0 1.0 0.0 0.0 3.0 0.0
37.00164829385952 0.0 0.0 0.0 1.0 0.0 0.0 3.0 0.0
38.01273612736344 0.0 0.0 0.0 1.0 0.0 0.0 3.0 0.0
39.00649227409109 0.0 0.0 0.0 1.0 0.0 0.0 3.0 0.0
40.01220416084656 0.0 0.0 0.0 1.0 0.0 0.0 3.0 0.0
41.00370646600694 0.0 0.0 0.0 1.0 0.0 0.0 3.0 0.0
42.005141213182696 0.0 0.0 0.0 1.0 0.0 0.0 3.0 0.0
43.00356739710263 0.0 0.0 0.0 1.0 0.0 0.0 3.0 0.0
44.00388207220952 0.0 0.0 0.0 1.0 0.0 0.0 3.0 0.0
45.001866552106385 0.0 0.0 0.0 1.0 0.0 0.0 3.0 0.0
46.00992411744384 0.0 0.0 0.0 1.0 0.0 0.0 3.0 0.0
47.00509197894627 0.0 0.0 0.0 1.0 0.0 0.0 3.0 0.0
48.00266282182476 0.0 0.0 0.0 1.0 0.0 0.0 3.0 0.0
49.00610058074689 0.0 0.0 0.0 1.0 0.0 0.0 3.0 0.0
50.0028279114746 0.0 0.0 0.0 1.0 0.0 0.0 3.0 0.0
51.00522427616771 0.0 0.0 0.0 1.0 0.0 0.0 3.0 0.0
52.00872151094316 0.0 0.0 0.0 1.0 0.0 0.0 3.0 0.0
53.01157146357075 0.0 0.0 0.0 1.0 0.0 0.0 3.0 0.0
54.002726478778165 0.0 0.0 0.0 1.0 0.0 0.0 3.0 0.0
55.00562120204202 0.0 0.0 0.0 1.0 0.0 0.0 3.0 0.0
56.004894861678096 0.0 0.0 0.0 1.0 0.0 0.0 3.0 0.0
57.00292131808591 0.0 0.0 0.0 1.0 0.0 0.0 3.0 0.0
58.00792820144744 0.0 0.0 0.0 1.0 0.0 0.0 3.0 0.0
59.001824146081766 0.0 0.0 0.0 1.0 0.0 0.0 3.0 0.0
60.01273612736344 0.0 0.0 0.0 1.0 0.0 0.0 3.0 0.0
61.01273612736344 0.0 0.0 0.0 1.0 0.0 0.0 3.0 0.0
62.00604282206737 0.0 0.0 0.0 1.0 0.0 0.0 3.0 0.0
63.00035323147218 0.0 0.0 0.0 1.0 0.0 0.0 3.0 0.0
64.0007394891471 0.0 0.0 0.0 1.0 0.0 0.0 3.0 0.0
65.0093623940627 0.0 0.0 0.0 1.0 0.0 0.0 3.0 0.0
66.01273612736344 0.0 0.0 0.0 1.0 0.0 0.0 3.0 0.0
67.00094944036239 0.0 0.0 0.0 1.0 0.0 0.0 3.0 0.0
68.0076303623848 0.0 0.0 0.0 1.0 0.0 0.0 3.0 0.0
69.01273612736344 0.0 0.0 0.0 1.0 0.0 0.0 3.0 0.0
70.01273612736344 0.0 0.0 0.0 1.0 0.0 0.0 3.0 0.0
71.00400666968777 0.0 0.0 0.0 1.0 0.0 0.0 3.0 0.0
72.01273612736344 0.0 0.0 0.0 1.0 0.0 0.0 3.0 0.0
73.01112925481102 0.0 0.0 0.0 1.0 0.0 0.0 3.0 0.0
74.01273612736344 0.0 0.0 0.0 1.0 0.0 0.0 3.0 0.0
75.01273612736344 0.0 0.0 0.0 1.0 0.0 0.0 3.0 0.0
76.00049974602439 0.0 0.0 0.0 1.0 0.0 0.0 3.0 0.0
77.00192570026947 0.0 0.0 0.0 1.0 0.0 0.0 3.0 0.0
78.0048146879222 0.0 0.0 0.0 1.0 0.0 0.0 3.0 0.0
79.00053897904472 0.0 0.0 0.0 1.0 0.0 0.0 3.0 0.0
80.00888933991165 0.0 0.0 0.0 1.0 0.0 0.0 3.0 0.0
81.004794352512 0.0 0.0 0.0 1.0 0.0 0.0 3.0 0.0
82.01273612736344 0.0 0.0 0.0 1.0 0.0 0.0 3.0 0.0
83.00003640355891 0.0 0.0 0.0 1.0 0.0 0.0 3.0 0.0
84.00096746795116 0.0 0.0 0.0 1.0 0.0 0.0 3.0 0.0
85.00264797657513 0.0 0.0 0.0 1.0 0.0 0.0 3.0 0.0
86.00305600416034 0.0 0.0 0.0 1.0 0.0 0.0 3.0 0.0
87.01068819723358 0.0 0.0 0.0 1.0 0.0 0.0 3.0 0.0
88.01273612736344 0.0 0.0 0.0 1.0 0.0 0.0 3.0 0.0
89.00112845311308 0.0 0.0 0.0 1.0 0.0 0.0 3.0 0.0
90.00427307149022 0.0 0.0 0.0 1.0 0.0 0.0 3.0 0.0
91.00237052637004 0.0 0.0 0.0 1.0 0.0 0.0 3.0 0.0
92.01273612736344 0.0 0.0 0.0 1.0 0.0 0.0 3.0 0.0
93.00102462723014 0.0 0.0 0.0 1.0 0.0 0.0 3.0 0.0
94.0009884122376 0.0 0.0 0.0 1.0 0.0 0.0 3.0 0.0
95.008242807896 0.0 0.0 0.0 1.0 0.0 0.0 3.0 0.0
96.00434478491707 0.0 0.0 0.0 1.0 0.0 0.0 3.0 0.0
97.00059152843824 0.0 0.0 0.0 1.0 0.0 0.0 3.0 0.0
98.0075337594997 0.0 0.0 0.0 1.0 0.0 0.0 3.0 0.0
99.00013069017285 0.0 0.0 0.0 1.0 0.0 0.0 3.0 0.0
100.00185691077472 0.0 0.0 0.0 1.0 0.0 0.0 3.0 0.0
101.00523000837059 0.0 0.0 0.0 1.0 0.0 0.0 3.0 0.0
102.00685721410609 0.0 0.0 0.0 1.0 0.0 0.0 3.0 0.0
103.00591926042458 0.0 0.0 0.0 1.0 0.0 0.0 3.0 0.0
104.00082828497747 0.0 0.0 0.0 1.0 0.0 0.0 3.0 0.0
105.00713366855712 0.0 0.0 0.0 1.0 0.0 0.0 3.0 0.0
106.00369554073711 0.0 0.0 0.0 1.0 0.0 0.0 3.0 0.0
107.0053861202189 0.0 0.0 0.0 1.0 0.0 0.0 3.0 0.0
108.00432790162229 0.0 0.0 0.0 1.0 0.0 0.0 3.0 0.0
109.00759052247027 0.0 0.0 0.0 1.0 0.0 0.0 3.0 0.0
110.01273612736344 0.0 0.0 0.0 1.0 0.0 0.0 3.0 0.0
111.01018753203473 0.0 0.0 0.0 1.0 0.0 0.0 3.0 0.0
112.00284811352304 0.0 0.0 0.0 1.0 0.0 0.0 3.0 0.0
113.00878556831452 0.0 0.0 0.0 1.0 0.0 0.0 3.0 0.0
114.0031461203864 0.0 0.0 0.0 1.0 0.0 0.0 3.0 0.0
115.01273612736344 0.0 0.0 0.0 1.0 0.0 0.0 3.0 0.0
116.00099052009844 0.0 0.0 0.0 1.0 0.0 0.0 3.0 0.0
117.00892711257387 0.0 0.0 0.0 1.0 0.0 0.0 3.0 0.0
118.00077258967663 0.0 0.0 0.0 1.0 0.0 0.0 3.0 0.0
119.0000053143748 0.0 0.0 0.0 1.0 0.0 0.0 3.0 0.0
120.00856740413673 0.0 0.0 0.0 1.0 0.0 0.0 3.0 0.0
121.00554338120256 0.0 0.0 0.0 1.0 0.0 0.0 3.0 0.0
122.00399904245307 0.0 0.0 0.0 1.0 0.0 0.0 3.0 0.0
123.00547253452169 0.0 0.0 0.0 1.0 0.0 0.0 3.0 0.0
124.01273612736344 0.0 0.0 0.0 1.0 0.0 0.0 3.0 0.0
125.01026257803143 0.0 0.0 0.0 1.0 0.0 0.0 3.0 0.0
126.00530074381624 0.0 0.0 0.0 1.0 0.0 0.0 3.0 0.0
127.00179061027498 0.0 0.0 0.0 1.0 0.0 0.0 3.0 0.0
128.00114739102042 0.0 0.0 0.0 1.0 0.0 0.0 3.0 0.0
129.01273612736344 0.0 0.0 0.0 1.0 0.0 0.0 3.0 0.0
130.00249905496574 0.0 0.0 0.0 1.0 0.0 0.0 3.0 0.0
131.00343149206185 0.0 0.0 0.0 1.0 0.0 0.0 3.0 0.0
132.01273612736344 0.0 0.0 0.0 1.0 0.0 0.0 3.0 0.0
133.00898930539702 0.0 0.0 0.0 1.0 0.0 0.0 3.0 0.0
134.00212661345722 0.0 0.0 0.0 1.0 0.0 0.0 3.0 0.0
135.00232548707098 0.0 0.0 0.0 1.0 0.0 0.0 3.0 0.0
136.00757121432767 0.0 0.0 0.0 1.0 0.0 0.0 3.0 0.0
137.00143879732693 0.0 0.0 0.0 1.0 0.0 0.0 3.0 0.0
138.0030652218942 0.0 0.0 0.0 1.0 0.0 0.0 3.0 0.0
139.00089708691883 0.0 0.0 0.0 1.0 0.0 0.0 3.0 0.0
140.00132750649888 0.0 0.0 0.0 1.0 0.0 0.0 3.0 0.0
141.01273612736344 0.0 0.0 0.0 1.0 0.0 0.0 3.0 0.0
142.00220902121742 0.0 0.0 0.0 1.0 0.0 0.0 3.0 0.0
143.00742923566233 0.0 0.0 0.0 1.0 0.0 0.0 3.0 0.0
144.0071907965875 0.0 0.0 0.0 1.0 0.0 0.0 3.0 0.0
145.00243198571224 0.0 0.0 0.0 1.0 0.0 0.0 3.0 0.0
146.00183208241273 0.0 0.0 0.0 1.0 0.0 0.0 3.0 0.0
147.00282140245093 0.0 0.0 0.0 1.0 0.0 0.0 3.0 0.0
148.00012696025684 0.0 0.0 0.0 1.0 0.0 0.0 3.0 0.0
149.0033979511866 0.0 0.0 0.0 1.0 0.0 0.0 3.0 0.0
150.00168170602677 0.0 0.0 0.0 1.0 0.0 0.0 3.0 0.0
151.00241695748653 0.0 0.0 0.0 1.0 0.0 0.0 3.0 0.0
152.001529149359 0.0 0.0 0.0 1.0 0.0 0.0 3.0 0.0
153.0026068890017 0.0 0.0 0.0 1.0 0.0 0.0 3.0 0.0
154.01273612736344 0.0 0.0 0.0 1.0 0.0 0.0 3.0 0.0
155.00577058916045 0.0 0.0 0.0 1.0 0.0 0.0 3.0 0.0
156.00026443885673 0.0 0.0 0.0 1.0 0.0 0.0 3.0 0.0
157.00721906620092 0.0 0.0 0.0 1.0 0.0 0.0 3.0 0.0
158.0001147182918 0.0 0.0 0.0 1.0 0.0 0.0 3.0 0.0
159.000717404543 0.0 0.0 0.0 1.0 0.0 0.0 3.0 0.0
160.00029427014718 0.0 0.0 0.0 1.0 0.0 0.0 3.0 0.0
161.0025553907586 0.0 0.0 0.0 1.0 0.0 0.0 3.0 0.0
162.0087551061704 0.0 0.0 0.0 1.0 0.0 0.0 3.0 0.0
163.00429169688152 0.0 0.0 0.0 1.0 0.0 0.0 3.0 0.0
164.00079704106184 0.0 0.0 0.0 1.0 0.0 0.0 3.0 0.0
165.00467084656867 0.0 0.0 0.0 1.0 0.0 0.0 3.0 0.0
166.00425994508754 0.0 0.0 0.0 1.0 0.0 0.0 3.0 0.0
167.00983692634335 0.0 0.0 0.0 1.0 0.0 0.0 3.0 0.0
168.00065592383837 0.0 0.0 0.0 1.0 0.0 0.0 3.0 0.0
169.0023854078936 0.0 0.0 0.0 1.0 0.0 0.0 3.0 0.0
170.0020812308008 0.0 0.0 0.0 1.0 0.0 0.0 3.0 0.0
171.0000136508014 0.0 0.0 0.0 1.0 0.0 0.0 3.0 0.0
172.00247849451378 0.0 0.0 0.0 1.0 0.0 0.0 3.0 0.0
173.0023450626557 0.0 0.0 0.0 1.0 0.0 0.0 3.0 0.0
174.0007315219555 0.0 0.0 0.0 1.0 0.0 0.0 3.0 0.0
175.00112152940684 0.0 0.0 0.0 1.0 0.0 0.0 3.0 0.0
176.00236879030052 0.0 0.0 0.0 1.0 0.0 0.0 3.0 0.0
177.00430917516775 0.0 0.0 0.0 1.0 0.0 0.0 3.0 0.0
178.0021024355905 0.0 0.0 0.0 1.0 0.0 0.0 3.0 0.0
179.00375520492764 0.0 0.0 0.0 1.0 0.0 0.0 3.0 0.0
180.00777252373456 0.0 0.0 0.0 1.0 0.0 0.0 3.0 0.0
181.00058060728006 0.0 0.0 0.0 1.0 0.0 0.0 3.0 0.0
182.01158756514187 0.0 0.0 0.0 1.0 0.0 0.0 3.0 0.0
183.0018299302038 0.0 0.0 0.0 1.0 0.0 0.0 3.0 0.0
184.01273612736344 0.0 0.0 0.0 1.0 0.0 0.0 3.0 0.0
185.0003325313266 0.0 0.0 0.0 1.0 0.0 0.0 3.0 0.0
186.00225814745716 0.0 0.0 0.0 1.0 0.0 0.0 3.0 0.0
187.0043643779334 0.0 0.0 0.0 1.0 0.0 0.0 3.0 0.0
188.00988803214145 0.0 0.0 0.0 1.0 0.0 0.0 3.0 0.0
189.00209993639547 0.0 0.0 0.0 1.0 0.0 0.0 3.0 0.0
190.00232984084647 0.0 0.0 0.0 1.0 0.0 0.0 3.0 0.0
191.0050464608516 0.0 0.0 0.0 1.0 0.0 0.0 3.0 0.0
192.00696674675058 0.0 0.0 0.0 1.0 0.0 0.0 3.0 0.0
193.0088729132704 0.0 0.0 0.0 1.0 0.0 0.0 3.0 0.0
194.0066671159955 0.0 0.0 0.0 1.0 0.0 0.0 3.0 0.0
195.00243341269436 0.0 0.0 0.0 1.0 0.0 0.0 3.0 0.0
196.00525929657005 0.0 0.0 0.0 1.0 0.0 0.0 3.0 0.0
197.010161199979 0.0 0.0 0.0 1.0 0.0 0.0 3.0 0.0
198.00522391596712 0.0 0.0 0.0 1.0 0.0 0.0 3.0 0.0
199.00126976279472 0.0 0.0 0.0 1.0 0.0 0.0 3.0 0.0
200.00255880588512 0.0 0.0 0.0 1.0 0.0 0.0 3.0 0.0
201.00061858006384 0.0 0.0 0.0 1.0 0.0 0.0 3.0 0.0
202.01227770827856 0.0 0.0 0.0 1.0 0.0 0.0 3.0 0.0
203.0071369974914 0.0 0.0 0.0 1.0 0.0 0.0 3.0 0.0
204.00253357898413 0.0 0.0 0.0 1.0 0.0 0.0 3.0 0.0
205.00380398600765 0.0 0.0 0.0 1.0 0.0 0.0 3.0 0.0
206.00406203369255 0.0 0.0 0.0 1.0 0.0 0.0 3.0 0.0
207.01059507776674 0.0 0.0 0.0 1.0 0.0 0.0 3.0 0.0
208.00026189755306 0.0 0.0 0.0 1.0 0.0 0.0 3.0 0.0
209.0040819602016 0.0 0.0 0.0 1.0 0.0 0.0 3.0 0.0
210.00127865688444 0.0 0.0 0.0 1.0 0.0 0.0 3.0 0.0
211.00391016757035 0.0 0.0 0.0 1.0 0.0 0.0 3.0 0.0
212.01273612736344 0.0 0.0 0.0 1.0 0.0 0.0 3.0 0.0
213.0007297618254 0.0 0.0 0.0 1.0 0.0 0.0 3.0 0.0
214.00776862912252 0.0 0.0 0.0 1.0 0.0 0.0 3.0 0.0
215.00314168416173 0.0 0.0 0.0 1.0 0.0 0.0 3.0 0.0
216.00425852867403 0.0 0.0 0.0 1.0 0.0 0.0 3.0 0.0
217.00185867845215 0.0 0.0 0.0 1.0 0.0 0.0 3.0 0.0
218.00246358825734 0.0 0.0 0.0 1.0 0.0 0.0 3.0 0.0
219.0084446243448 0.0 0.0 0.0 1.0 0.0 0.0 3.0 0.0
220.00333478201534 0.0 0.0 0.0 1.0 0.0 0.0 3.0 0.0
221.00383023235162 0.0 0.0 0.0 1.0 0.0 0.0 3.0 0.0
222.00721362623622 0.0 0.0 0.0 1.0 0.0 0.0 3.0 0.0
223.0021720711159 0.0 0.0 0.0 1.0 0.0 0.0 3.0 0.0
224.01273612736344 0.0 0.0 0.0 1.0 0.0 0.0 3.0 0.0
225.006993490006 0.0 0.0 0.0 1.0 0.0 0.0 3.0 0.0
226.00193972994154 0.0 0.0 0.0 1.0 0.0 0.0 3.0 0.0
227.0045615152944 0.0 0.0 0.0 1.0 0.0 0.0 3.0 0.0
228.00116275428715 0.0 0.0 0.0 1.0 0.0 0.0 3.0 0.0
229.00697671306065 0.0 0.0 0.0 1.0 0.0 0.0 3.0 0.0
230.00054336163723 0.0 0.0 0.0 1.0 0.0 0.0 3.0 0.0
231.0012376885769 0.0 0.0 0.0 1.0 0.0 0.0 3.0 0.0
232.00052082354375 0.0 0.0 0.0 1.0 0.0 0.0 3.0 0.0
233.00737770377796 0.0 0.0 0.0 1.0 0.0 0.0 3.0 0.0
234.00275613590134 0.0 0.0 0.0 1.0 0.0 0.0 3.0 0.0
235.0052888638211 0.0 0.0 0.0 1.0 0.0 0.0 3.0 0.0
236.00109625221828 0.0 0.0 0.0 1.0 0.0 0.0 3.0 0.0
237.00581413688616 0.0 0.0 0.0 1.0 0.0 0.0 3.0 0.0
238.0087636336075 0.0 0.0 0.0 1.0 0.0 0.0 3.0 0.0
239.00603605924888 0.0 0.0 0.0 1.0 0.0 0.0 3.0 0.0
240.01273612736344 0.0 0.0 0.0 1.0 0.0 0.0 3.0 0.0
241.01273612736344 0.0 0.0 0.0 1.0 0.0 0.0 3.0 0.0
242.01273612736344 0.0 0.0 0.0 1.0 0.0 0.0 3.0 0.0
243.01128762897204 0.0 0.0 0.0 1.0 0.0 0.0 3.0 0.0
244.00534631665818 0.0 0.0 0.0 1.0 0.0 0.0 3.0 0.0
245.0125187131748 0.0 0.0 0.0 1.0 0.0 0.0 3.0 0.0
246.0074203935276 0.0 0.0 0.0 1.0 0.0 0.0 3.0 0.0
247.01273612736344 0.0 0.0 0.0 1.0 0.0 0.0 3.0 0.0
248.00235009348467 0.0 0.0 0.0 1.0 0.0 0.0 3.0 0.0
249.0106670918372 0.0 0.0 0.0 1.0 0.0 0.0 3.0 0.0
250.0105737020882 0.0 0.0 0.0 1.0 0.0 0.0 3.0 0.0
251.01136631512475 0.0 0.0 0.0 1.0 0.0 0.0 3.0 0.0
252.0063170709416 0.0 0.0 0.0 1.0 0.0 0.0 3.0 0.0
253.00695221455302 0.0 0.0 0.0 1.0 0.0 0.0 3.0 0.0
254.00033143171942 0.0 0.0 0.0 1.0 0.0 0.0 3.0 0.0
255.0043796622249 0.0 0.0 0.0 1.0 0.0 0.0 3.0 0.0
256.00706255644917 0.0 0.0 0.0 1.0 0.0 0.0 3.0 0.0
257.0109925069323 0.0 0.0 0.0 1.0 0.0 0.0 3.0 0.0
258.00030894551765 0.0 0.0 0.0 1.0 0.0 0.0 3.0 0.0
259.00398943201986 0.0 0.0 0.0 1.0 0.0 0.0 3.0 0.0
260.0010392364556 0.0 0.0 0.0 1.0 0.0 0.0 3.0 0.0
261.00153366889083 0.0 0.0 0.0 1.0 0.0 0.0 3.0 0.0
262.00264159658553 0.0 0.0 0.0 1.0 0.0 0.0 3.0 0.0
263.01273612736344 0.0 0.0 0.0 1.0 0.0 0.0 3.0 0.0
264.0121664918253 0.0 0.0 0.0 1.0 0.0 0.0 3.0 0.0
265.00329576084926 0.0 0.0 0.0 1.0 0.0 0.0 3.0 0.0
266.01273612736344 0.0 0.0 0.0 1.0 0.0 0.0 3.0 0.0
267.002683010883 0.0 0.0 0.0 1.0 0.0 0.0 3.0 0.0
268.00020622703835 0.0 0.0 0.0 1.0 0.0 0.0 3.0 0.0
269.01273612736344 0.0 0.0 0.0 1.0 0.0 0.0 3.0 0.0
270.0015748129273 0.0 0.0 0.0 1.0 0.0 0.0 3.0 0.0
271.01273612736344 0.0 0.0 0.0 1.0 0.0 0.0 3.0 0.0
272.00468437339805 0.0 0.0 0.0 1.0 0.0 0.0 3.0 0.0
273.01001855539846 0.0 0.0 0.0 1.0 0.0 0.0 3.0 0.0
274.01273612736344 0.0 0.0 0.0 1.0 0.0 0.0 3.0 0.0
275.0002078598141 0.0 0.0 0.0 1.0 0.0 0.0 3.0 0.0
276.0037697662404 0.0 0.0 0.0 1.0 0.0 0.0 3.0 0.0
277.00541116429997 0.0 0.0 0.0 1.0 0.0 0.0 3.0 0.0
278.01273612736344 0.0 0.0 0.0 1.0 0.0 0.0 3.0 0.0
279.01273612736344 0.0 0.0 0.0 1.0 0.0 0.0 3.0 0.0
280.0062601370615 0.0 0.0 0.0 1.0 0.0 0.0 3.0 0.0
281.00453113980575 0.0 0.0 0.0 1.0 0.0 0.0 3.0 0.0
282.00060719411965 0.0 0.0 0.0 1.0 0.0 0.0 3.0 0.0
283.01218025636234 0.0 0.0 0.0 1.0 0.0 0.0 3.0 0.0
284.00020614864854 0.0 0.0 0.0 1.0 0.0 0.0 3.0 0.0
285.00331421736405 0.0 0.0 0.0 1.0 0.0 0.0 3.0 0.0
286.00252269798307 0.0 0.0 0.0 1.0 0.0 0.0 3.0 0.0
287.0100164479941 0.0 0.0 0.0 1.0 0.0 0.0 3.0 0.0
288.01273612736344 0.0 0.0 0.0 1.0 0.0 0.0 3.0 0.0
289.00006938729933 0.0 0.0 0.0 1.0 0.0 0.0 3.0 0.0
290.0094480751259 0.0 0.0 0.0 1.0 0.0 0.0 3.0 0.0
291.005272537034 0.0 0.0 0.0 1.0 0.0 0.0 3.0 0.0
292.0052649570302 0.0 0.0 0.0 1.0 0.0 0.0 3.0 0.0
293.00852275706575 0.0 0.0 0.0 1.0 0.0 0.0 3.0 0.0
294.01273612736344 0.0 0.0 0.0 1.0 0.0 0.0 3.0 0.0
295.01273612736344 0.0 0.0 0.0 1.0 0.0 0.0 3.0 0.0
296.000683047043 0.0 0.0 0.0 1.0 0.0 0.0 3.0 0.0
297.0033780721761 0.0 0.0 0.0 1.0 0.0 0.0 3.0 0.0
298.0035867351414 0.0 0.0 0.0 1.0 0.0 0.0 3.0 0.0
299.00149159771706 0.0 0.0 0.0 1.0 0.0 0.0 3.0 0.0
300.0007352441548 0.0 0.0 0.0 1.0 0.0 0.0 3.0 0.0
301.01273612736344 0.0 0.0 0.0 1.0 0.0 0.0 3.0 0.0
302.0051370933651 0.0 0.0 0.0 1.0 0.0 0.0 3.0 0.0
303.01273612736344 0.0 0.0 0.0 1.0 0.0 0.0 3.0 0.0
304.00128464933414 0.0 0.0 0.0 1.0 0.0 0.0 3.0 0.0
305.0032449017055 0.0 0.0 0.0 1.0 0.0 0.0 3.0 0.0
306.0055832100173 0.0 0.0 0.0 1.0 0.0 0.0 3.0 0.0
307.0008909580968 0.0 0.0 0.0 1.0 0.0 0.0 3.0 0.0
308.01273612736344 0.0 0.0 0.0 1.0 0.0 0.0 3.0 0.0
309.0012249255689 0.0 0.0 0.0 1.0 0.0 0.0 3.0 0.0
310.01273612736344 0.0 0.0 0.0 1.0 0.0 0.0 3.0 0.0
311.01273612736344 0.0 0.0 0.0 1.0 0.0 0.0 3.0 0.0
312.0006036933654 0.0 0.0 0.0 1.0 0.0 0.0 3.0 0.0
313.01273612736344 0.0 0.0 0.0 1.0 0.0 0.0 3.0 0.0
314.01263236296666 0.0 0.0 0.0 1.0 0.0 0.0 3.0 0.0
315.01273612736344 0.0 0.0 0.0 1.0 0.0 0.0 3.0 0.0
316.00592047022116 0.0 0.0 0.0 1.0 0.0 0.0 3.0 0.0
317.00265609178433 0.0 0.0 0.0 1.0 0.0 0.0 3.0 0.0
318.0056647861873 0.0 0.0 0.0 1.0 0.0 0.0 3.0 0.0
319.00020930289566 0.0 0.0 0.0 1.0 0.0 0.0 3.0 0.0
320.00144344356715 0.0 0.0 0.0 1.0 0.0 0.0 3.0 0.0
321.00371703970103 0.0 0.0 0.0 1.0 0.0 0.0 3.0 0.0
322.0024320850603 0.0 0.0 0.0 1.0 0.0 0.0 3.0 0.0
323.00447978880106 0.0 0.0 0.0 1.0 0.0 0.0 3.0 0.0
324.0001465356884 0.0 0.0 0.0 1.0 0.0 0.0 3.0 0.0
325.0001280655124 0.0 0.0 0.0 1.0 0.0 0.0 3.0 0.0
326.0032614853365 0.0 0.0 0.0 1.0 0.0 0.0 3.0 0.0
327.00202671901064 0.0 0.0 0.0 1.0 0.0 0.0 3.0 0.0
328.01273612736344 0.0 0.0 0.0 1.0 0.0 0.0 3.0 0.0
329.0054177720394 0.0 0.0 0.0 1.0 0.0 0.0 3.0 0.0
330.0027380696042 0.0 0.0 0.0 1.0 0.0 0.0 3.0 0.0
331.0098941622961 0.0 0.0 0.0 1.0 0.0 0.0 3.0 0.0
332.0026546865616 0.0 0.0 0.0 1.0 0.0 0.0 3.0 0.0
333.01273612736344 0.0 0.0 0.0 1.0 0.0 0.0 3.0 0.0
334.00603684669335 0.0 0.0 0.0 1.0 0.0 0.0 3.0 0.0
335.00378927664786 0.0 0.0 0.0 1.0 0.0 0.0 3.0 0.0
336.0022654527575 0.0 0.0 0.0 1.0 0.0 0.0 3.0 0.0
337.01273612736344 0.0 0.0 0.0 1.0 0.0 0.0 3.0 0.0
338.0030060686839 0.0 0.0 0.0 1.0 0.0 0.0 3.0 0.0
339.01273612736344 0.0 0.0 0.0 1.0 0.0 0.0 3.0 0.0
340.01213297085076 0.0 0.0 0.0 1.0 0.0 0.0 3.0 0.0
341.01273612736344 0.0 0.0 0.0 1.0 0.0 0.0 3.0 0.0
342.0014379605096 0.0 0.0 0.0 1.0 0.0 0.0 3.0 0.0
343.0108997101826 0.0 0.0 0.0 1.0 0.0 0.0 3.0 0.0
344.01263135130785 0.0 0.0 0.0 1.0 0.0 0.0 3.0 0.0
345.01273612736344 0.0 0.0 0.0 1.0 0.0 0.0 3.0 0.0
346.005821188681 0.0 0.0 0.0 1.0 0.0 0.0 3.0 0.0
347.00516756815387 0.0 0.0 0.0 1.0 0.0 0.0 3.0 0.0
348.01273612736344 0.0 0.0 0.0 1.0 0.0 0.0 3.0 0.0
349.01273612736344 0.0 0.0 0.0 1.0 0.0 0.0 3.0 0.0
350.0020066658292 0.0 0.0 0.0 1.0 0.0 0.0 3.0 0.0
351.01131436235886 0.0 0.0 0.0 1.0 0.0 0.0 3.0 0.0
352.0018595982393 0.0 0.0 0.0 1.0 0.0 0.0 3.0 0.0
353.0041082274586 0.0 0.0 0.0 1.0 0.0 0.0 3.0 0.0
354.00146463280964 0.0 0.0 0.0 1.0 0.0 0.0 3.0 0.0
355.00917208821863 0.0 0.0 0.0 1.0 0.0 0.0 3.0 0.0
356.0094990021683 0.0 0.0 0.0 1.0 0.0 0.0 3.0 0.0
357.00446510196423 0.0 0.0 0.0 1.0 0.0 0.0 3.0 0.0
358.0120262490666 0.0 0.0 0.0 1.0 0.0 0.0 3.0 0.0
359.0042906451613 0.0 0.0 0.0 1.0 0.0 0.0 3.0 0.0
360.0029386822944 0.0 0.0 0.0 1.0 0.0 0.0 3.0 0.0
361.00035912764423 0.0 0.0 0.0 1.0 0.0 0.0 3.0 0.0
362.01035463876 0.0 0.0 0.0 1.0 0.0 0.0 3.0 0.0
363.01108306321777 0.0 0.0 0.0 1.0 0.0 0.0 3.0 0.0
364.00695534691255 0.0 0.0 0.0 1.0 0.0 0.0 3.0 0.0
365.00362949514926 0.0 0.0 0.0 1.0 0.0 0.0 3.0 0.0
366.01273612736344 0.0 0.0 0.0 1.0 0.0 0.0 3.0 0.0
367.00370533629666 0.0 0.0 0.0 1.0 0.0 0.0 3.0 0.0
368.0101129435923 0.0 0.0 0.0 1.0 0.0 0.0 3.0 0.0
369.0117331510429 0.0 0.0 0.0 1.0 0.0 0.0 3.0 0.0
370.00346101947184 0.0 0.0 0.0 1.0 0.0 0.0 3.0 0.0
371.01273612736344 0.0 0.0 0.0 1.0 0.0 0.0 3.0 0.0
372.0042915085305 0.0 0.0 0.0 1.0 0.0 0.0 3.0 0.0
373.0044637124497 0.0 0.0 0.0 1.0 0.0 0.0 3.0 0.0
374.0048031931001 0.0 0.0 0.0 1.0 0.0 0.0 3.0 0.0
375.0060356585042 0.0 0.0 0.0 1.0 0.0 0.0 3.0 0.0
376.00224834269386 0.0 0.0 0.0 1.0 0.0 0.0 3.0 0.0
377.0029890592066 0.0 0.0 0.0 1.0 0.0 0.0 3.0 0.0
378.00224740488017 0.0 0.0 0.0 1.0 0.0 0.0 3.0 0.0
379.00235951458967 0.0 0.0 0.0 1.0 0.0 0.0 3.0 0.0
380.00713179549444 0.0 0.0 0.0 1.0 0.0 0.0 3.0 0.0
381.0038842351807 0.0 0.0 0.0 1.0 0.0 0.0 3.0 0.0
382.01273612736344 0.0 0.0 0.0 1.0 0.0 0.0 3.0 0.0
383.00370717426324 0.0 0.0 0.0 1.0 0.0 0.0 3.0 0.0
384.00849101334774 0.0 0.0 0.0 1.0 0.0 0.0 3.0 0.0
385.0018960171513 0.0 0.0 0.0 1.0 0.0 0.0 3.0 0.0
386.00450840045835 0.0 0.0 0.0 1.0 0.0 0.0 3.0 0.0
387.0026380633471 0.0 0.0 0.0 1.0 0.0 0.0 3.0 0.0
388.0042353075195 0.0 0.0 0.0 1.0 0.0 0.0 3.0 0.0
389.0043449646468 0.0 0.0 0.0 1.0 0.0 0.0 3.0 0.0
390.0036643884197 0.0 0.0 0.0 1.0 0.0 0.0 3.0 0.0
391.0095770452769 0.0 0.0 0.0 1.0 0.0 0.0 3.0 0.0
392.0040810748206 0.0 0.0 0.0 1.0 0.0 0.0 3.0 0.0
393.01096322718934 0.0 0.0 0.0 1.0 0.0 0.0 3.0 0.0
394.0026591120599 0.0 0.0 0.0 1.0 0.0 0.0 3.0 0.0
395.0067373836143 0.0 0.0 0.0 1.0 0.0 0.0 3.0 0.0
396.0002772246294 0.0 0.0 0.0 1.0 0.0 0.0 3.0 0.0
397.01273612736344 0.0 0.0 0.0 1.0 0.0 0.0 3.0 0.0
398.00679885783836 0.0 0.0 0.0 1.0 0.0 0.0 3.0 0.0
399.0040964508598 0.0 0.0 0.0 1.0 0.0 0.0 3.0 0.0
400.01273612736344 0.0 0.0 0.0 1.0 0.0 0.0 3.0 0.0
401.00119746805603 0.0 0.0 0.0 1.0 0.0 0.0 3.0 0.0
402.01273612736344 0.0 0.0 0.0 1.0 0.0 0.0 3.0 0.0
403.0043586401513 0.0 0.0 0.0 1.0 0.0 0.0 3.0 0.0
404.00169510669656 0.0 0.0 0.0 1.0 0.0 0.0 3.0 0.0
405.0069511836204 0.0 0.0 0.0 1.0 0.0 0.0 3.0 0.0
406.0009966787973 0.0 0.0 0.0 1.0 0.0 0.0 3.0 0.0
407.0020328089213 0.0 0.0 0.0 1.0 0.0 0.0 3.0 0.0
408.01273612736344 0.0 0.0 0.0 1.0 0.0 0.0 3.0 0.0
409.00676987725774 0.0 0.0 0.0 1.0 0.0 0.0 3.0 0.0
410.00564743770076 0.0 0.0 0.0 1.0 0.0 0.0 3.0 0.0
411.0028907682149 0.0 0.0 0.0 1.0 0.0 0.0 3.0 0.0
412.0028146977232 0.0 0.0 0.0 1.0 0.0 0.0 3.0 0.0
413.0046888502865 0.0 0.0 0.0 1.0 0.0 0.0 3.0 0.0
414.00615486483514 0.0 0.0 0.0 1.0 0.0 0.0 3.0 0.0
415.0033060831011 0.0 0.0 0.0 1.0 0.0 0.0 3.0 0.0
416.00100807780296 0.0 0.0 0.0 1.0 0.0 0.0 3.0 0.0
417.00948614320663 0.0 0.0 0.0 1.0 0.0 0.0 3.0 0.0
418.0014817698541 0.0 0.0 0.0 1.0 0.0 0.0 3.0 0.0
419.01182004720937 0.0 0.0 0.0 1.0 0.0 0.0 3.0 0.0
420.0022790028758 0.0 0.0 0.0 1.0 0.0 0.0 3.0 0.0
421.00599797541946 0.0 0.0 0.0 1.0 0.0 0.0 3.0 0.0
422.0011550666161 0.0 0.0 0.0 1.0 0.0 0.0 3.0 0.0
423.000862898192 0.0 0.0 0.0 1.0 0.0 0.0 3.0 0.0
424.01273612736344 0.0 0.0 0.0 1.0 0.0 0.0 3.0 0.0
425.012425571977 0.0 0.0 0.0 1.0 0.0 0.0 3.0 0.0
426.0055145086694 0.0 0.0 0.0 1.0 0.0 0.0 3.0 0.0
427.00423102733185 0.0 0.0 0.0 1.0 0.0 0.0 3.0 0.0
428.0018267534797 0.0 0.0 0.0 1.0 0.0 0.0 3.0 0.0
429.01122233806865 0.0 0.0 0.0 1.0 0.0 0.0 3.0 0.0
430.0094961987103 0.0 0.0 0.0 1.0 0.0 0.0 3.0 0.0
431.0017041865171 0.0 0.0 0.0 1.0 0.0 0.0 3.0 0.0
432.0101254434109 0.0 0.0 0.0 1.0 0.0 0.0 3.0 0.0
433.01273612736344 0.0 0.0 0.0 1.0 0.0 0.0 3.0 0.0
434.01273612736344 0.0 0.0 0.0 1.0 0.0 0.0 3.0 0.0
435.0019732558011 0.0 0.0 0.0 1.0 0.0 0.0 3.0 0.0
436.0115654474361 0.0 0.0 0.0 1.0 0.0 0.0 3.0 0.0
437.0090818541044 0.0 0.0 0.0 1.0 0.0 0.0 3.0 0.0
438.0061263804212 0.0 0.0 0.0 1.0 0.0 0.0 3.0 0.0
439.0103067317296 0.0 0.0 0.0 1.0 0.0 0.0 3.0 0.0
440.0034630229194 0.0 0.0 0.0 1.0 0.0 0.0 3.0 0.0
441.0080976688057 0.0 0.0 0.0 1.0 0.0 0.0 3.0 0.0
442.0025174774624 0.0 0.0 0.0 1.0 0.0 0.0 3.0 0.0
443.0086179104209 0.0 0.0 0.0 1.0 0.0 0.0 3.0 0.0
444.000211787212 0.0 0.0 0.0 1.0 0.0 0.0 3.0 0.0
445.0055248988368 0.0 0.0 0.0 1.0 0.0 0.0 3.0 0.0
446.0108969378696 0.0 0.0 0.0 1.0 0.0 0.0 3.0 0.0
447.00940383747036 0.0 0.0 0.0 1.0 0.0 0.0 3.0 0.0
448.01273612736344 0.0 0.0 0.0 1.0 0.0 0.0 3.0 0.0
449.00898166448405 0.0 0.0 0.0 1.0 0.0 0.0 3.0 0.0
450.0032986784077 0.0 0.0 0.0 1.0 0.0 0.0 3.0 0.0
451.0053581660966 0.0 0.0 0.0 1.0 0.0 0.0 3.0 0.0
452.0015534590006 0.0 0.0 0.0 1.0 0.0 0.0 3.0 0.0
453.01273612736344 0.0 0.0 0.0 1.0 0.0 0.0 3.0 0.0
454.0060598841538 0.0 0.0 0.0 1.0 0.0 0.0 3.0 0.0
455.0002311801747 0.0 0.0 0.0 1.0 0.0 0.0 3.0 0.0
456.0032167801173 0.0 0.0 0.0 1.0 0.0 0.0 3.0 0.0
457.00029798662064 0.0 0.0 0.0 1.0 0.0 0.0 3.0 0.0
458.00448283027464 0.0 0.0 0.0 1.0 0.0 0.0 3.0 0.0
459.0037406848715 0.0 0.0 0.0 1.0 0.0 0.0 3.0 0.0
460.01273612736344 0.0 0.0 0.0 1.0 0.0 0.0 3.0 0.0
461.00344084109076 0.0 0.0 0.0 1.0 0.0 0.0 3.0 0.0
462.0085874192821 0.0 0.0 0.0 1.0 0.0 0.0 3.0 0.0
463.00232318567816 0.0 0.0 0.0 1.0 0.0 0.0 3.0 0.0
464.001436658332 0.0 0.0 0.0 1.0 0.0 0.0 3.0 0.0
465.00193777608183 0.0 0.0 0.0 1.0 0.0 0.0 3.0 0.0
466.012277398531 0.0 0.0 0.0 1.0 0.0 0.0 3.0 0.0
467.0038361482621 0.0 0.0 0.0 1.0 0.0 0.0 3.0 0.0
468.01273612736344 0.0 0.0 0.0 1.0 0.0 0.0 3.0 0.0
469.00009381736743 0.0 0.0 0.0 1.0 0.0 0.0 3.0 0.0
470.0005427235516 0.0 0.0 0.0 1.0 0.0 0.0 3.0 0.0
471.00077504543725 0.0 0.0 0.0 1.0 0.0 0.0 3.0 0.0
472.0001999091048 0.0 0.0 0.0 1.0 0.0 0.0 3.0 0.0
473.01122811188304 0.0 0.0 0.0 1.0 0.0 0.0 3.0 0.0
474.00481569486334 0.0 0.0 0.0 1.0 0.0 0.0 3.0 0.0
475.0049868920976 0.0 0.0 0.0 1.0 0.0 0.0 3.0 0.0
476.00104654130456 0.0 0.0 0.0 1.0 0.0 0.0 3.0 0.0
477.00042760362436 0.0 0.0 0.0 1.0 0.0 0.0 3.0 0.0
478.00610930850905 0.0 0.0 0.0 1.0 0.0 0.0 3.0 0.0
479.01161510803166 0.0 0.0 0.0 1.0 0.0 0.0 3.0 0.0
480.00281942327643 0.0 0.0 0.0 1.0 0.0 0.0 3.0 0.0
481.0086995558373 0.0 0.0 0.0 1.0 0.0 0.0 3.0 0.0
482.0102712782899 0.0 0.0 0.0 1.0 0.0 0.0 3.0 0.0
483.0027260066857 0.0 0.0 0.0 1.0 0.0 0.0 3.0 0.0
484.01273612736344 0.0 0.0 0.0 1.0 0.0 0.0 3.0 0.0
485.0020811664835 0.0 0.0 0.0 1.0 0.0 0.0 3.0 0.0
486.0118467902006 0.0 0.0 0.0 1.0 0.0 0.0 3.0 0.0
487.0060296969311 0.0 0.0 0.0 1.0 0.0 0.0 3.0 0.0
488.0002120469032 0.0 0.0 0.0 1.0 0.0 0.0 3.0 0.0
489.00356122304083 0.0 0.0 0.0 1.0 0.0 0.0 3.0 0.0
490.00238467662473 0.0 0.0 0.0 1.0 0.0 0.0 3.0 0.0
491.0026273881908 0.0 0.0 0.0 1.0 0.0 0.0 3.0 0.0
492.0018061041077 0.0 0.0 0.0 1.0 0.0 0.0 3.0 0.0
493.01039624728037 0.0 0.0 0.0 1.0 0.0 0.0 3.0 0.0
494.00597258406907 0.0 0.0 0.0 1.0 0.0 0.0 3.0 0.0
495.0095607003211 0.0 0.0 0.0 1.0 0.0 0.0 3.0 0.0
496.0008723240535 0.0 0.0 0.0 1.0 0.0 0.0 3.0 0.0
497.0015654896698 0.0 0.0 0.0 1.0 0.0 0.0 3.0 0.0
498.0121157864084 0.0 0.0 0.0 1.0 0.0 0.0 3.0 0.0
499.0125892003482 0.0 0.0 0.0 1.0 0.0 0.0 3.0 0.0
500.00464229163686 0.0 0.0 0.0 1.0 0.0 0.0 3.0 0.0
501.0009374219548 0.0 0.0 0.0 1.0 0.0 0.0 3.0 0.0
502.01273612736344 0.0 0.0 0.0 1.0 0.0 0.0 3.0 0.0
503.01273612736344 0.0 0.0 0.0 1.0 0.0 0.0 3.0 0.0
504.01066008973385 0.0 0.0 0.0 1.0 0.0 0.0 3.0 0.0
505.00011347944707 0.0 0.0 0.0 1.0 0.0 0.0 3.0 0.0
506.00523557717696 0.0 0.0 0.0 1.0 0.0 0.0 3.0 0.0
507.0009220646835 0.0 0.0 0.0 1.0 0.0 0.0 3.0 0.0
508.01011544465206 0.0 0.0 0.0 1.0 0.0 0.0 3.0 0.0
509.00294748827486 0.0 0.0 0.0 1.0 0.0 0.0 3.0 0.0
510.00140595281744 0.0 0.0 0.0 1.0 0.0 0.0 3.0 0.0
511.0074609744941 0.0 0.0 0.0 1.0 0.0 0.0 3.0 0.0
512.0127361273635 0.0 0.0 0.0 1.0 0.0 0.0 3.0 0.0
513.0127361273635 0.0 0.0 0.0 1.0 0.0 0.0 3.0 0.0
514.002008714844 0.0 0.0 0.0 1.0 0.0 0.0 3.0 0.0
515.0073032011969 0.0 0.0 0.0 1.0 0.0 0.0 3.0 0.0
516.0022134480544 0.0 0.0 0.0 1.0 0.0 0.0 3.0 0.0
517.0127361273635 0.0 0.0 0.0 1.0 0.0 0.0 3.0 0.0
518.0014307316802 0.0 0.0 0.0 1.0 0.0 0.0 3.0 0.0
519.0092264428815 0.0 0.0 0.0 1.0 0.0 0.0 3.0 0.0
520.0125249132711 0.0 0.0 0.0 1.0 0.0 0.0 3.0 0.0
521.0068137072293 0.0 0.0 0.0 1.0 0.0 0.0 3.0 0.0
522.0008960472295 0.0 0.0 0.0 1.0 0.0 0.0 3.0 0.0
523.0069921091641 0.0 0.0 0.0 1.0 0.0 0.0 3.0 0.0
524.0020948487961 0.0 0.0 0.0 1.0 0.0 0.0 3.0 0.0
525.0127361273635 0.0 0.0 0.0 1.0 0.0 0.0 3.0 0.0
526.0046045126378 0.0 0.0 0.0 1.0 0.0 0.0 3.0 0.0
527.009366630768 0.0 0.0 0.0 1.0 0.0 0.0 3.0 0.0
528.001107731767 0.0 0.0 0.0 1.0 0.0 0.0 3.0 0.0
529.0089536602004 0.0 0.0 0.0 1.0 0.0 0.0 3.0 0.0
530.0026343000881 0.0 0.0 0.0 1.0 0.0 0.0 3.0 0.0
531.0037488257842 0.0 0.0 0.0 1.0 0.0 0.0 3.0 0.0
532.006069945064 0.0 0.0 0.0 1.0 0.0 0.0 3.0 0.0
533.0074302775804 0.0 0.0 0.0 1.0 0.0 0.0 3.0 0.0
534.0071856235468 0.0 0.0 0.0 1.0 0.0 0.0 3.0 0.0
535.0127361273635 0.0 0.0 0.0 1.0 0.0 0.0 3.0 0.0
536.0006215794712 0.0 0.0 0.0 1.0 0.0 0.0 3.0 0.0
537.0127361273635 0.0 0.0 0.0 1.0 0.0 0.0 3.0 0.0
538.0039096655811 0.0 0.0 0.0 1.0 0.0 0.0 3.0 0.0
539.0127361273635 0.0 0.0 0.0 1.0 0.0 0.0 3.0 0.0
540.0105214483939 0.0 0.0 0.0 1.0 0.0 0.0 3.0 0.0
541.0107006260984 0.0 0.0 0.0 1.0 0.0 0.0 3.0 0.0
542.0127361273635 0.0 0.0 0.0 1.0 0.0 0.0 3.0 0.0
543.0028417866725 0.0 0.0 0.0 1.0 0.0 0.0 3.0 0.0
544.0017127119547 0.0 0.0 0.0 1.0 0.0 0.0 3.0 0.0
545.007664762718 0.0 0.0 0.0 1.0 0.0 0.0 3.0 0.0
546.0127361273635 0.0 0.0 0.0 1.0 0.0 0.0 3.0 0.0
547.0080432409087 0.0 0.0 0.0 1.0 0.0 0.0 3.0 0.0
548.0036595654193 0.0 0.0 0.0 1.0 0.0 0.0 3.0 0.0
549.0020975052252 0.0 0.0 0.0 1.0 0.0 0.0 3.0 0.0
550.0090464437715 0.0 0.0 0.0 1.0 0.0 0.0 3.0 0.0
551.0005200641308 0.0 0.0 0.0 1.0 0.0 0.0 3.0 0.0
552.0037898961654 0.0 0.0 0.0 1.0 0.0 0.0 3.0 0.0
553.0127361273635 0.0 0.0 0.0 1.0 0.0 0.0 3.0 0.0
554.001673450385 0.0 0.0 0.0 1.0 0.0 0.0 3.0 0.0
555.0021739105227 0.0 0.0 0.0 1.0 0.0 0.0 3.0 0.0
556.0056303729767 0.0 0.0 0.0 1.0 0.0 0.0 3.0 0.0
557.0058736330275 0.0 0.0 0.0 1.0 0.0 0.0 3.0 0.0
558.0018445844553 0.0 0.0 0.0 1.0 0.0 0.0 3.0 0.0
559.0065662904943 0.0 0.0 0.0 1.0 0.0 0.0 3.0 0.0
560.0076007454655 0.0 0.0 0.0 1.0 0.0 0.0 3.0 0.0
561.0065280238036 0.0 0.0 0.0 1.0 0.0 0.0 3.0 0.0
562.0026365677286 0.0 0.0 0.0 1.0 0.0 0.0 3.0 0.0
563.0127361273635 0.0 0.0 0.0 1.0 0.0 0.0 3.0 0.0
564.0050128881106 0.0 0.0 0.0 1.0 0.0 0.0 3.0 0.0
565.0035373993562 0.0 0.0 0.0 1.0 0.0 0.0 3.0 0.0
566.0066699031305 0.0 0.0 0.0 1.0 0.0 0.0 3.0 0.0
567.0061040981115 0.0 0.0 0.0 1.0 0.0 0.0 3.0 0.0
568.0022580036218 0.0 0.0 0.0 1.0 0.0 0.0 3.0 0.0
569.0029008511113 0.0 0.0 0.0 1.0 0.0 0.0 3.0 0.0
570.0127361273635 0.0 0.0 0.0 1.0 0.0 0.0 3.0 0.0
571.0126235711033 0.0 0.0 0.0 1.0 0.0 0.0 3.0 0.0
572.0113191566002 0.0 0.0 0.0 1.0 0.0 0.0 3.0 0.0
573.006724970277 0.0 0.0 0.0 1.0 0.0 0.0 3.0 0.0
574.001382618286 0.0 0.0 0.0 1.0 0.0 0.0 3.0 0.0
575.0047427008939 0.0 0.0 0.0 1.0 0.0 0.0 3.0 0.0
576.0061588090284 0.0 0.0 0.0 1.0 0.0 0.0 3.0 0.0
577.0127361273635 0.0 0.0 0.0 1.0 0.0 0.0 3.0 0.0
578.0067436836728 0.0 0.0 0.0 1.0 0.0 0.0 3.0 0.0
579.0127361273635 0.0 0.0 0.0 1.0 0.0 0.0 3.0 0.0
580.0096766452021 0.0 0.0 0.0 1.0 0.0 0.0 3.0 0.0
581.0019510785538 0.0 0.0 0.0 1.0 0.0 0.0 3.0 0.0
582.0020184350013 0.0 0.0 0.0 1.0 0.0 0.0 3.0 0.0
583.0127361273635 0.0 0.0 0.0 1.0 0.0 0.0 3.0 0.0
584.0097709869158 0.0 0.0 0.0 1.0 0.0 0.0 3.0 0.0
585.007414761045 0.0 0.0 0.0 1.0 0.0 0.0 3.0 0.0
586.0127361273635 0.0 0.0 0.0 1.0 0.0 0.0 3.0 0.0
587.0081759181764 0.0 0.0 0.0 1.0 0.0 0.0 3.0 0.0
588.0023884426539 0.0 0.0 0.0 1.0 0.0 0.0 3.0 0.0
589.0127361273635 0.0 0.0 0.0 1.0 0.0 0.0 3.0 0.0
590.0034000452322 0.0 0.0 0.0 1.0 0.0 0.0 3.0 0.0
591.0002573123173 0.0 0.0 0.0 1.0 0.0 0.0 3.0 0.0
592.0127361273635 0.0 0.0 0.0 1.0 0.0 0.0 3.0 0.0
593.0095983580923 0.0 0.0 0.0 1.0 0.0 0.0 3.0 0.0
594.0023123795615 0.0 0.0 0.0 1.0 0.0 0.0 3.0 0.0
595.0127361273635 0.0 0.0 0.0 1.0 0.0 0.0 3.0 0.0
596.0127361273635 0.0 0.0 0.0 1.0 0.0 0.0 3.0 0.0
597.0058972351392 0.0 0.0 0.0 1.0 0.0 0.0 3.0 0.0
598.0051283617995 0.0 0.0 0.0 1.0 0.0 0.0 3.0 0.0
599.0127361273635 0.0 0.0 0.0 1.0 0.0 0.0 3.0 0.0
600.0012462627714 0.0 0.0 0.0 1.0 0.0 0.0 3.0 0.0
601.0029900576319 0.0 0.0 0.0 1.0 0.0 0.0 3.0 0.0
602.0111785879411 0.0 0.0 0.0 1.0 0.0 0.0 3.0 0.0
603.0080913501845 0.0 0.0 0.0 1.0 0.0 0.0 3.0 0.0
604.0002728208376 0.0 0.0 0.0 1.0 0.0 0.0 3.0 0.0
605.0127361273635 0.0 0.0 0.0 1.0 0.0 0.0 3.0 0.0
606.0031477245499 0.0 0.0 0.0 1.0 0.0 0.0 3.0 0.0
607.0014719696337 0.0 0.0 0.0 1.0 0.0 0.0 3.0 0.0
608.0031199856559 0.0 0.0 0.0 1.0 0.0 0.0 3.0 0.0
609.0010584122412 0.0 0.0 0.0 1.0 0.0 0.0 3.0 0.0
610.0107464156549 0.0 0.0 0.0 1.0 0.0 0.0 3.0 0.0
611.0108789496481 0.0 0.0 0.0 1.0 0.0 0.0 3.0 0.0
612.00474647059 0.0 0.0 0.0 1.0 0.0 0.0 3.0 0.0
613.009371797499 0.0 0.0 0.0 1.0 0.0 0.0 3.0 0.0
614.0051738467771 0.0 0.0 0.0 1.0 0.0 0.0 3.0 0.0
615.0089273419837 0.0 0.0 0.0 1.0 0.0 0.0 3.0 0.0
616.0046970964883 0.0 0.0 0.0 1.0 0.0 0.0 3.0 0.0
617.0038175814832 0.0 0.0 0.0 1.0 0.0 0.0 3.0 0.0
618.0127361273635 0.0 0.0 0.0 1.0 0.0 0.0 3.0 0.0
619.0120818825463 0.0 0.0 0.0 1.0 0.0 0.0 3.0 0.0
620.0127361273635 0.0 0.0 0.0 1.0 0.0 0.0 3.0 0.0
621.0031085509239 0.0 0.0 0.0 1.0 0.0 0.0 3.0 0.0
622.001223953061 0.0 0.0 0.0 1.0 0.0 0.0 3.0 0.0
623.0109850145328 0.0 0.0 0.0 1.0 0.0 0.0 3.0 0.0
624.008666389046 0.0 0.0 0.0 1.0 0.0 0.0 3.0 0.0
625.0049964669063 0.0 0.0 0.0 1.0 0.0 0.0 3.0 0.0
626.0034001814231 0.0 0.0 0.0 1.0 0.0 0.0 3.0 0.0
627.0004121677787 0.0 0.0 0.0 1.0 0.0 0.0 3.0 0.0
628.000909016775 0.0 0.0 0.0 1.0 0.0 0.0 3.0 0.0
629.006519920385 0.0 0.0 0.0 1.0 0.0 0.0 3.0 0.0
630.0037083173991 0.0 0.0 0.0 1.0 0.0 0.0 3.0 0.0
631.0083509588987 0.0 0.0 0.0 1.0 0.0 0.0 3.0 0.0
632.0029444270516 0.0 0.0 0.0 1.0 0.0 0.0 3.0 0.0
633.0127361273635 0.0 0.0 0.0 1.0 0.0 0.0 3.0 0.0
634.0053569474401 0.0 0.0 0.0 1.0 0.0 0.0 3.0 0.0
635.0018588664921 0.0 0.0 0.0 1.0 0.0 0.0 3.0 0.0
636.0011087696923 0.0 0.0 0.0 1.0 0.0 0.0 3.0 0.0
637.0127361273635 0.0 0.0 0.0 1.0 0.0 0.0 3.0 0.0
638.0092638034511 0.0 0.0 0.0 1.0 0.0 0.0 3.0 0.0
639.0033457049198 0.0 0.0 0.0 1.0 0.0 0.0 3.0 0.0
640.0070142856232 0.0 0.0 0.0 1.0 0.0 0.0 3.0 0.0
641.0007263649659 0.0 0.0 0.0 1.0 0.0 0.0 3.0 0.0
642.0009511472012 0.0 0.0 0.0 1.0 0.0 0.0 3.0 0.0
643.0059967083904 0.0 0.0 0.0 1.0 0.0 0.0 3.0 0.0
644.0127361273635 0.0 0.0 0.0 1.0 0.0 0.0 3.0 0.0
645.0053368886205 0.0 0.0 0.0 1.0 0.0 0.0 3.0 0.0
646.0061678142956 0.0 0.0 0.0 1.0 0.0 0.0 3.0 0.0
647.0008856484195 0.0 0.0 0.0 1.0 0.0 0.0 3.0 0.0
648.0050064205507 0.0 0.0 0.0 1.0 0.0 0.0 3.0 0.0
649.0017231955251 0.0 0.0 0.0 1.0 0.0 0.0 3.0 0.0
650.0044021756158 0.0 0.0 0.0 1.0 0.0 0.0 3.0 0.0
651.0060037249945 0.0 0.0 0.0 1.0 0.0 0.0 3.0 0.0
652.0127361273635 0.0 0.0 0.0 1.0 0.0 0.0 3.0 0.0
653.0012546382656 0.0 0.0 0.0 1.0 0.0 0.0 3.0 0.0
654.0025198364402 0.0 0.0 0.0 1.0 0.0 0.0 3.0 0.0
655.0000297897642 0.0 0.0 0.0 1.0 0.0 0.0 3.0 0.0
656.0012582758765 0.0 0.0 0.0 1.0 0.0 0.0 3.0 0.0
657.0020870176601 0.0 0.0 0.0 1.0 0.0 0.0 3.0 0.0
658.0064567363019 0.0 0.0 0.0 1.0 0.0 0.0 3.0 0.0
659.0058558803277 0.0 0.0 0.0 1.0 0.0 0.0 3.0 0.0
660.0127361273635 0.0 0.0 0.0 1.0 0.0 0.0 3.0 0.0
661.0127361273635 0.0 0.0 0.0 1.0 0.0 0.0 3.0 0.0
662.0004410433899 0.0 0.0 0.0 1.0 0.0 0.0 3.0 0.0
663.0127361273635 0.0 0.0 0.0 1.0 0.0 0.0 3.0 0.0
664.0030336722355 0.0 0.0 0.0 1.0 0.0 0.0 3.0 0.0
665.0042116647612 0.0 0.0 0.0 1.0 0.0 0.0 3.0 0.0
666.0127361273635 0.0 0.0 0.0 1.0 0.0 0.0 3.0 0.0
667.0011718377434 0.0 0.0 0.0 1.0 0.0 0.0 3.0 0.0
668.0067771465779 0.0 0.0 0.0 1.0 0.0 0.0 3.0 0.0
669.0013718609525 0.0 0.0 0.0 1.0 0.0 0.0 3.0 0.0
670.0019104674186 0.0 0.0 0.0 1.0 0.0 0.0 3.0 0.0
671.0067967362431 0.0 0.0 0.0 1.0 0.0 0.0 3.0 0.0
672.0089406634261 0.0 0.0 0.0 1.0 0.0 0.0 3.0 0.0
673.0127361273635 0.0 0.0 0.0 1.0 0.0 0.0 3.0 0.0
674.0022137088494 0.0 0.0 0.0 1.0 0.0 0.0 3.0 0.0
675.004264583751 0.0 0.0 0.0 1.0 0.0 0.0 3.0 0.0
676.0066587400393 0.0 0.0 0.0 1.0 0.0 0.0 3.0 0.0
677.0031280370581 0.0 0.0 0.0 1.0 0.0 0.0 3.0 0.0
678.0060218359753 0.0 0.0 0.0 1.0 0.0 0.0 3.0 0.0
679.0006104501989 0.0 0.0 0.0 1.0 0.0 0.0 3.0 0.0
680.0016258944049 0.0 0.0 0.0 1.0 0.0 0.0 3.0 0.0
681.0042849470942 0.0 0.0 0.0 1.0 0.0 0.0 3.0 0.0
682.0057994761602 0.0 0.0 0.0 1.0 0.0 0.0 3.0 0.0
683.0073902503636 0.0 0.0 0.0 1.0 0.0 0.0 3.0 0.0
684.0000671464381 0.0 0.0 0.0 1.0 0.0 0.0 3.0 0.0
685.0014309421437 0.0 0.0 0.0 1.0 0.0 0.0 3.0 0.0
686.0001324911261 0.0 0.0 0.0 1.0 0.0 0.0 3.0 0.0
687.0076182196708 0.0 0.0 0.0 1.0 0.0 0.0 3.0 0.0
688.0127361273635 0.0 0.0 0.0 1.0 0.0 0.0 3.0 0.0
689.003715863958 0.0 0.0 0.0 1.0 0.0 0.0 3.0 0.0
690.0080315983773 0.0 0.0 0.0 1.0 0.0 0.0 3.0 0.0
691.0016608847494 0.0 0.0 0.0 1.0 0.0 0.0 3.0 0.0
692.0045524312378 0.0 0.0 0.0 1.0 0.0 0.0 3.0 0.0
693.0001249453758 0.0 0.0 0.0 1.0 0.0 0.0 3.0 0.0
694.0127361273635 0.0 0.0 0.0 1.0 0.0 0.0 3.0 0.0
695.011564651275 0.0 0.0 0.0 1.0 0.0 0.0 3.0 0.0
696.0127361273635 0.0 0.0 0.0 1.0 0.0 0.0 3.0 0.0
697.0061637533557 0.0 0.0 0.0 1.0 0.0 0.0 3.0 0.0
698.001552077774 0.0 0.0 0.0 1.0 0.0 0.0 3.0 0.0
699.0013217318458 0.0 0.0 0.0 1.0 0.0 0.0 3.0 0.0
700.0063580175946 0.0 0.0 0.0 1.0 0.0 0.0 3.0 0.0
701.0020344674222 0.0 0.0 0.0 1.0 0.0 0.0 3.0 0.0
702.0016069730012 0.0 0.0 0.0 1.0 0.0 0.0 3.0 0.0
703.0033189319457 0.0 0.0 0.0 1.0 0.0 0.0 3.0 0.0
704.0000977952969 0.0 0.0 0.0 1.0 0.0 0.0 3.0 0.0
705.0127361273635 0.0 0.0 0.0 1.0 0.0 0.0 3.0 0.0
706.0055971092005 0.0 0.0 0.0 1.0 0.0 0.0 3.0 0.0
707.0002609321909 0.0 0.0 0.0 1.0 0.0 0.0 3.0 0.0
708.0002414608209 0.0 0.0 0.0 1.0 0.0 0.0 3.0 0.0
709.0050955229088 0.0 0.0 0.0 1.0 0.0 0.0 3.0 0.0
710.0004032901275 0.0 0.0 0.0 1.0 0.0 0.0 3.0 0.0
711.0127361273635 0.0 0.0 0.0 1.0 0.0 0.0 3.0 0.0
712.0008591716077 0.0 0.0 0.0 1.0 0.0 0.0 3.0 0.0
713.0063966380097 0.0 0.0 0.0 1.0 0.0 0.0 3.0 0.0
714.0002795514648 0.0 0.0 0.0 1.0 0.0 0.0 3.0 0.0
715.0017121546344 0.0 0.0 0.0 1.0 0.0 0.0 3.0 0.0
716.0036311282337 0.0 0.0 0.0 1.0 0.0 0.0 3.0 0.0
717.0025902228901 0.0 0.0 0.0 1.0 0.0 0.0 3.0 0.0
718.002318484916 0.0 0.0 0.0 1.0 0.0 0.0 3.0 0.0
719.0091741557422 0.0 0.0 0.0 1.0 0.0 0.0 3.0 0.0
720.0007240058144 0.0 0.0 0.0 1.0 0.0 0.0 3.0 0.0
721.0127361273635 0.0 0.0 0.0 1.0 0.0 0.0 3.0 0.0
722.0044819253117 0.0 0.0 0.0 1.0 0.0 0.0 3.0 0.0
723.0000007760244 0.0 0.0 0.0 1.0 0.0 0.0 3.0 0.0
724.003191795364 0.0 0.0 0.0 1.0 0.0 0.0 3.0 0.0
725.0074297112078 0.0 0.0 0.0 1.0 0.0 0.0 3.0 0.0
726.0054181196269 0.0 0.0 0.0 1.0 0.0 0.0 3.0 0.0
727.0127361273635 0.0 0.0 0.0 1.0 0.0 0.0 3.0 0.0
728.0097513585561 0.0 0.0 0.0 1.0 0.0 0.0 3.0 0.0
729.0026100771654 0.0 0.0 0.0 1.0 0.0 0.0 3.0 0.0
730.0013893581255 0.0 0.0 0.0 1.0 0.0 0.0 3.0 0.0
731.0088840641556 0.0 0.0 0.0 1.0 0.0 0.0 3.0 0.0
732.0003538928978 0.0 0.0 0.0 1.0 0.0 0.0 3.0 0.0
733.0115861593995 0.0 0.0 0.0 1.0 0.0 0.0 3.0 0.0
734.0093418710129 0.0 0.0 0.0 1.0 0.0 0.0 3.0 0.0
735.002754693759 0.0 0.0 0.0 1.0 0.0 0.0 3.0 0.0
736.0023298232805 0.0 0.0 0.0 1.0 0.0 0.0 3.0 0.0
737.0043687175777 0.0 0.0 0.0 1.0 0.0 0.0 3.0 0.0
738.0049257263504 0.0 0.0 0.0 1.0 0.0 0.0 3.0 0.0
739.0022241765151 0.0 0.0 0.0 1.0 0.0 0.0 3.0 0.0
740.0096181611184 0.0 0.0 0.0 1.0 0.0 0.0 3.0 0.0
741.0063456858188 0.0 0.0 0.0 1.0 0.0 0.0 3.0 0.0
742.0037140523361 0.0 0.0 0.0 1.0 0.0 0.0 3.0 0.0
743.0050454849098 0.0 0.0 0.0 1.0 0.0 0.0 3.0 0.0
744.0041760590652 0.0 0.0 0.0 1.0 0.0 0.0 3.0 0.0
745.0127361273635 0.0 0.0 0.0 1.0 0.0 0.0 3.0 0.0
746.0043712918338 0.0 0.0 0.0 1.0 0.0 0.0 3.0 0.0
747.0096957830455 0.0 0.0 0.0 1.0 0.0 0.0 3.0 0.0
748.0023352921988 0.0 0.0 0.0 1.0 0.0 0.0 3.0 0.0
749.0096435848106 0.0 0.0 0.0 1.0 0.0 0.0 3.0 0.0
750.0002288271853 0.0 0.0 0.0 1.0 0.0 0.0 3.0 0.0
751.0049959689501 0.0 0.0 0.0 1.0 0.0 0.0 3.0 0.0
752.0030147187477 0.0 0.0 0.0 1.0 0.0 0.0 3.0 0.0
753.0117433915756 0.0 0.0 0.0 1.0 0.0 0.0 3.0 0.0
754.0058998230955 0.0 0.0 0.0 1.0 0.0 0.0 3.0 0.0
755.0101286778106 0.0 0.0 0.0 1.0 0.0 0.0 3.0 0.0
756.0122788751809 0.0 0.0 0.0 1.0 0.0 0.0 3.0 0.0
757.0127361273635 0.0 0.0 0.0 1.0 0.0 0.0 3.0 0.0
758.0042846663271 0.0 0.0 0.0 1.0 0.0 0.0 3.0 0.0
759.0070555640677 0.0 0.0 0.0 1.0 0.0 0.0 3.0 0.0
760.0124961500763 0.0 0.0 0.0 1.0 0.0 0.0 3.0 0.0
761.0095877042498 0.0 0.0 0.0 1.0 0.0 0.0 3.0 0.0
762.0034466404634 0.0 0.0 0.0 1.0 0.0 0.0 3.0 0.0
763.0127361273635 0.0 0.0 0.0 1.0 0.0 0.0 3.0 0.0
764.0127361273635 0.0 0.0 0.0 1.0 0.0 0.0 3.0 0.0
765.0001486396654 0.0 0.0 0.0 1.0 0.0 0.0 3.0 0.0
766.0029436588599 0.0 0.0 0.0 1.0 0.0 0.0 3.0 0.0
767.0041978928797 0.0 0.0 0.0 1.0 0.0 0.0 3.0 0.0
768.0000732018023 0.0 0.0 0.0 1.0 0.0 0.0 3.0 0.0
769.0023620735768 0.0 0.0 0.0 1.0 0.0 0.0 3.0 0.0
770.0019909317496 0.0 0.0 0.0 1.0 0.0 0.0 3.0 0.0
771.0046276589206 0.0 0.0 0.0 1.0 0.0 0.0 3.0 0.0
772.0085134778742 0.0 0.0 0.0 1.0 0.0 0.0 3.0 0.0
773.0067873511573 0.0 0.0 0.0 1.0 0.0 0.0 3.0 0.0
774.0033246374098 0.0 0.0 0.0 1.0 0.0 0.0 3.0 0.0
775.0004740333815 0.0 0.0 0.0 1.0 0.0 0.0 3.0 0.0
776.0127361273635 0.0 0.0 0.0 1.0 0.0 0.0 3.0 0.0
777.0127361273635 0.0 0.0 0.0 1.0 0.0 0.0 3.0 0.0
778.0016806886434 0.0 0.0 0.0 1.0 0.0 0.0 3.0 0.0
779.0025768531399 0.0 0.0 0.0 1.0 0.0 0.0 3.0 0.0
780.0034588482182 0.0 0.0 0.0 1.0 0.0 0.0 3.0 0.0
781.0127361273635 0.0 0.0 0.0 1.0 0.0 0.0 3.0 0.0
782.003850712142 0.0 0.0 0.0 1.0 0.0 0.0 3.0 0.0
783.0038666589586 0.0 0.0 0.0 1.0 0.0 0.0 3.0 0.0
784.0127361273635 0.0 0.0 0.0 1.0 0.0 0.0 3.0 0.0
785.0117768895848 0.0 0.0 0.0 1.0 0.0 0.0 3.0 0.0
786.0043075523286 0.0 0.0 0.0 1.0 0.0 0.0 3.0 0.0
787.0001451098987 0.0 0.0 0.0 1.0 0.0 0.0 3.0 0.0
788.012598911345 0.0 0.0 0.0 1.0 0.0 0.0 3.0 0.0
789.0127361273635 0.0 0.0 0.0 1.0 0.0 0.0 3.0 0.0
790.004298926219 0.0 0.0 0.0 1.0 0.0 0.0 3.0 0.0
791.0053274672007 0.0 0.0 0.0 1.0 0.0 0.0 3.0 0.0
792.0052234153484 0.0 0.0 0.0 1.0 0.0 0.0 3.0 0.0
793.0113403165899 0.0 0.0 0.0 1.0 0.0 0.0 3.0 0.0
794.0127361273635 0.0 0.0 0.0 1.0 0.0 0.0 3.0 0.0
795.0112389429316 0.0 0.0 0.0 1.0 0.0 0.0 3.0 0.0
796.0008958475801 0.0 0.0 0.0 1.0 0.0 0.0 3.0 0.0
797.0127361273635 0.0 0.0 0.0 1.0 0.0 0.0 3.0 0.0
798.0081808920611 0.0 0.0 0.0 1.0 0.0 0.0 3.0 0.0
799.00560976785 0.0 0.0 0.0 1.0 0.0 0.0 3.0 0.0
800.0064305726235 0.0 0.0 0.0 1.0 0.0 0.0 3.0 0.0
801.0127361273635 0.0 0.0 0.0 1.0 0.0 0.0 3.0 0.0
802.0084072168709 0.0 0.0 0.0 1.0 0.0 0.0 3.0 0.0
803.0127361273635 0.0 0.0 0.0 1.0 0.0 0.0 3.0 0.0
804.003446652203 0.0 0.0 0.0 1.0 0.0 0.0 3.0 0.0
805.003161285579 0.0 0.0 0.0 1.0 0.0 0.0 3.0 0.0
806.0019428523487 0.0 0.0 0.0 1.0 0.0 0.0 3.0 0.0
807.000900680883 0.0 0.0 0.0 1.0 0.0 0.0 3.0 0.0
808.005564051194 0.0 0.0 0.0 1.0 0.0 0.0 3.0 0.0
809.0069501409944 0.0 0.0 0.0 1.0 0.0 0.0 3.0 0.0
810.0014764718479 0.0 0.0 0.0 1.0 0.0 0.0 3.0 0.0
811.0126728426288 0.0 0.0 0.0 1.0 0.0 0.0 3.0 0.0
812.0000692930727 0.0 0.0 0.0 1.0 0.0 0.0 3.0 0.0
813.0103779732888 0.0 0.0 0.0 1.0 0.0 0.0 3.0 0.0
814.0041219396662 0.0 0.0 0.0 1.0 0.0 0.0 3.0 0.0
815.0025260322645 0.0 0.0 0.0 1.0 0.0 0.0 3.0 0.0
816.0084410833699 0.0 0.0 0.0 1.0 0.0 0.0 3.0 0.0
817.0017430325339 0.0 0.0 0.0 1.0 0.0 0.0 3.0 0.0
818.0012402486016 0.0 0.0 0.0 1.0 0.0 0.0 3.0 0.0
819.0127361273635 0.0 0.0 0.0 1.0 0.0 0.0 3.0 0.0
820.0064674784368 0.0 0.0 0.0 1.0 0.0 0.0 3.0 0.0
821.008634779502 0.0 0.0 0.0 1.0 0.0 0.0 3.0 0.0
822.0085507199237 0.0 0.0 0.0 1.0 0.0 0.0 3.0 0.0
823.0072729285536 0.0 0.0 0.0 1.0 0.0 0.0 3.0 0.0
824.0127361273635 0.0 0.0 0.0 1.0 0.0 0.0 3.0 0.0
825.000172494113 0.0 0.0 0.0 1.0 0.0 0.0 3.0 0.0
826.0127361273635 0.0 0.0 0.0 1.0 0.0 0.0 3.0 0.0
827.0080239930951 0.0 0.0 0.0 1.0 0.0 0.0 3.0 0.0
828.0076860087675 0.0 0.0 0.0 1.0 0.0 0.0 3.0 0.0
829.0074505398891 0.0 0.0 0.0 1.0 0.0 0.0 3.0 0.0
830.0029037561985 0.0 0.0 0.0 1.0 0.0 0.0 3.0 0.0
831.005734947731 0.0 0.0 0.0 1.0 0.0 0.0 3.0 0.0
832.0001402464093 0.0 0.0 0.0 1.0 0.0 0.0 3.0 0.0
833.0087804794174 0.0 0.0 0.0 1.0 0.0 0.0 3.0 0.0
834.0021081379493 0.0 0.0 0.0 1.0 0.0 0.0 3.0 0.0
835.0044421086918 0.0 0.0 0.0 1.0 0.0 0.0 3.0 0.0
836.005575249299 0.0 0.0 0.0 1.0 0.0 0.0 3.0 0.0
837.0015482438425 0.0 0.0 0.0 1.0 0.0 0.0 3.0 0.0
838.003512976612 0.0 0.0 0.0 1.0 0.0 0.0 3.0 0.0
839.0021217738977 0.0 0.0 0.0 1.0 0.0 0.0 3.0 0.0
840.0040559141547 0.0 0.0 0.0 1.0 0.0 0.0 3.0 0.0
841.0012718763824 0.0 0.0 0.0 1.0 0.0 0.0 3.0 0.0
842.0051440304363 0.0 0.0 0.0 1.0 0.0 0.0 3.0 0.0
843.0112593670257 0.0 0.0 0.0 1.0 0.0 0.0 3.0 0.0
844.0127361273635 0.0 0.0 0.0 1.0 0.0 0.0 3.0 0.0
845.0015766184802 0.0 0.0 0.0 1.0 0.0 0.0 3.0 0.0
846.0014881053835 0.0 0.0 0.0 1.0 0.0 0.0 3.0 0.0
847.0127361273635 0.0 0.0 0.0 1.0 0.0 0.0 3.0 0.0
848.0083752796227 0.0 0.0 0.0 1.0 0.0 0.0 3.0 0.0
849.0126833701679 0.0 0.0 0.0 1.0 0.0 0.0 3.0 0.0
850.0003125834612 0.0 0.0 0.0 1.0 0.0 0.0 3.0 0.0
851.0013964917789 0.0 0.0 0.0 1.0 0.0 0.0 3.0 0.0
852.0070971813868 0.0 0.0 0.0 1.0 0.0 0.0 3.0 0.0
853.002007188407 0.0 0.0 0.0 1.0 0.0 0.0 3.0 0.0
854.0018596232728 0.0 0.0 0.0 1.0 0.0 0.0 3.0 0.0
855.0009241335808 0.0 0.0 0.0 1.0 0.0 0.0 3.0 0.0
856.0027813205919 0.0 0.0 0.0 1.0 0.0 0.0 3.0 0.0
857.0031924317393 0.0 0.0 0.0 1.0 0.0 0.0 3.0 0.0
858.0073042400956 0.0 0.0 0.0 1.0 0.0 0.0 3.0 0.0
859.0023906105954 0.0 0.0 0.0 1.0 0.0 0.0 3.0 0.0
860.0031602321837 0.0 0.0 0.0 1.0 0.0 0.0 3.0 0.0
861.0127361273635 0.0 0.0 0.0 1.0 0.0 0.0 3.0 0.0
862.0014390105231 0.0 0.0 0.0 1.0 0.0 0.0 3.0 0.0
863.000265049331 0.0 0.0 0.0 1.0 0.0 0.0 3.0 0.0
864.006502165429 0.0 0.0 0.0 1.0 0.0 0.0 3.0 0.0
865.008767006519 0.0 0.0 0.0 1.0 0.0 0.0 3.0 0.0
866.0127361273635 0.0 0.0 0.0 1.0 0.0 0.0 3.0 0.0
867.0127361273635 0.0 0.0 0.0 1.0 0.0 0.0 3.0 0.0
868.0035660193848 0.0 0.0 0.0 1.0 0.0 0.0 3.0 0.0
869.0071710059136 0.0 0.0 0.0 1.0 0.0 0.0 3.0 0.0
870.003992698093 0.0 0.0 0.0 1.0 0.0 0.0 3.0 0.0
871.0018428395497 0.0 0.0 0.0 1.0 0.0 0.0 3.0 0.0
872.0013592378748 0.0 0.0 0.0 1.0 0.0 0.0 3.0 0.0
873.0088642815064 0.0 0.0 0.0 1.0 0.0 0.0 3.0 0.0
874.0124826650094 0.0 0.0 0.0 1.0 0.0 0.0 3.0 0.0
875.0127361273635 0.0 0.0 0.0 1.0 0.0 0.0 3.0 0.0
876.0052420283768 0.0 0.0 0.0 1.0 0.0 0.0 3.0 0.0
877.0002988243307 0.0 0.0 0.0 1.0 0.0 0.0 3.0 0.0
878.0127361273635 0.0 0.0 0.0 1.0 0.0 0.0 3.0 0.0
879.0060568562022 0.0 0.0 0.0 1.0 0.0 0.0 3.0 0.0
880.0039619789641 0.0 0.0 0.0 1.0 0.0 0.0 3.0 0.0
881.0010171631271 0.0 0.0 0.0 1.0 0.0 0.0 3.0 0.0
882.0030753891072 0.0 0.0 0.0 1.0 0.0 0.0 3.0 0.0
883.0020669388612 0.0 0.0 0.0 1.0 0.0 0.0 3.0 0.0
884.0006999818697 0.0 0.0 0.0 1.0 0.0 0.0 3.0 0.0
885.0093579795537 0.0 0.0 0.0 1.0 0.0 0.0 3.0 0.0
886.0019630343136 0.0 0.0 0.0 1.0 0.0 0.0 3.0 0.0
887.0127361273635 0.0 0.0 0.0 1.0 0.0 0.0 3.0 0.0
888.0071413233816 0.0 0.0 0.0 1.0 0.0 0.0 3.0 0.0
889.0001008579221 0.0 0.0 0.0 1.0 0.0 0.0 3.0 0.0
890.0033766720668 0.0 0.0 0.0 1.0 0.0 0.0 3.0 0.0
891.0000882768093 0.0 0.0 0.0 1.0 0.0 0.0 3.0 0.0
892.0088083351911 0.0 0.0 0.0 1.0 0.0 0.0 3.0 0.0
893.0078890077814 0.0 0.0 0.0 1.0 0.0 0.0 3.0 0.0
894.0037225668201 0.0 0.0 0.0 1.0 0.0 0.0 3.0 0.0
895.001620611276 0.0 0.0 0.0 1.0 0.0 0.0 3.0 0.0
896.0026463009474 0.0 0.0 0.0 1.0 0.0 0.0 3.0 0.0
897.0013031888492 0.0 0.0 0.0 1.0 0.0 0.0 3.0 0.0
898.0059307279166 0.0 0.0 0.0 1.0 0.0 0.0 3.0 0.0
899.0052480105301 0.0 0.0 0.0 1.0 0.0 0.0 3.0 0.0
900.0043773782899 0.0 0.0 0.0 1.0 0.0 0.0 3.0 0.0
901.0000820352265 0.0 0.0 0.0 1.0 0.0 0.0 3.0 0.0
902.0127361273635 0.0 0.0 0.0 1.0 0.0 0.0 3.0 0.0
903.0080490327075 0.0 0.0 0.0 1.0 0.0 0.0 3.0 0.0
904.0001211235007 0.0 0.0 0.0 1.0 0.0 0.0 3.0 0.0
905.0057407030556 0.0 0.0 0.0 1.0 0.0 0.0 3.0 0.0
906.0006933265522 0.0 0.0 0.0 1.0 0.0 0.0 3.0 0.0
907.0046790730502 0.0 0.0 0.0 1.0 0.0 0.0 3.0 0.0
908.0000308265309 0.0 0.0 0.0 1.0 0.0 0.0 3.0 0.0
909.000545568917 0.0 0.0 0.0 1.0 0.0 0.0 3.0 0.0
910.0048365185183 0.0 0.0 0.0 1.0 0.0 0.0 3.0 0.0
911.0018063120135 0.0 0.0 0.0 1.0 0.0 0.0 3.0 0.0
912.0055617887602 0.0 0.0 0.0 1.0 0.0 0.0 3.0 0.0
913.0074981131031 0.0 0.0 0.0 1.0 0.0 0.0 3.0 0.0
914.0017293768633 0.0 0.0 0.0 1.0 0.0 0.0 3.0 0.0
915.0012900289213 0.0 0.0 0.0 1.0 0.0 0.0 3.0 0.0
916.0017964213924 0.0 0.0 0.0 1.0 0.0 0.0 3.0 0.0
917.0014203413625 0.0 0.0 0.0 1.0 0.0 0.0 3.0 0.0
918.0013035415739 0.0 0.0 0.0 1.0 0.0 0.0 3.0 0.0
919.004730103936 0.0 0.0 0.0 1.0 0.0 0.0 3.0 0.0
920.0072897073655 0.0 0.0 0.0 1.0 0.0 0.0 3.0 0.0
921.0014986806806 0.0 0.0 0.0 1.0 0.0 0.0 3.0 0.0
922.0058822400381 0.0 0.0 0.0 1.0 0.0 0.0 3.0 0.0
923.0025441938178 0.0 0.0 0.0 1.0 0.0 0.0 3.0 0.0
924.0127361273635 0.0 0.0 0.0 1.0 0.0 0.0 3.0 0.0
925.0064574122661 0.0 0.0 0.0 1.0 0.0 0.0 3.0 0.0
926.0020722183066 0.0 0.0 0.0 1.0 0.0 0.0 3.0 0.0
927.0127361273635 0.0 0.0 0.0 1.0 0.0 0.0 3.0 0.0
928.0127361273635 0.0 0.0 0.0 1.0 0.0 0.0 3.0 0.0
929.0058447885297 0.0 0.0 0.0 1.0 0.0 0.0 3.0 0.0
930.0072795554796 0.0 0.0 0.0 1.0 0.0 0.0 3.0 0.0
931.001012094533 0.0 0.0 0.0 1.0 0.0 0.0 3.0 0.0
932.0070544326672 0.0 0.0 0.0 1.0 0.0 0.0 3.0 0.0
933.0088703174068 0.0 0.0 0.0 1.0 0.0 0.0 3.0 0.0
934.0010567836476 0.0 0.0 0.0 1.0 0.0 0.0 3.0 0.0
935.0107009429672 0.0 0.0 0.0 1.0 0.0 0.0 3.0 0.0
936.0053581775037 0.0 0.0 0.0 1.0 0.0 0.0 3.0 0.0
937.0010703337458 0.0 0.0 0.0 1.0 0.0 0.0 3.0 0.0
938.0016236921228 0.0 0.0 0.0 1.0 0.0 0.0 3.0 0.0
939.0010544194881 0.0 0.0 0.0 1.0 0.0 0.0 3.0 0.0
940.0089036337412 0.0 0.0 0.0 1.0 0.0 0.0 3.0 0.0
941.0057938058916 0.0 0.0 0.0 1.0 0.0 0.0 3.0 0.0
942.0056790252854 0.0 0.0 0.0 1.0 0.0 0.0 3.0 0.0
943.0024169646201 0.0 0.0 0.0 1.0 0.0 0.0 3.0 0.0
944.0032088920167 0.0 0.0 0.0 1.0 0.0 0.0 3.0 0.0
945.0051380596445 0.0 0.0 0.0 1.0 0.0 0.0 3.0 0.0
946.000684476213 0.0 0.0 0.0 1.0 0.0 0.0 3.0 0.0
947.0014725070525 0.0 0.0 0.0 1.0 0.0 0.0 3.0 0.0
948.0013190417712 0.0 0.0 0.0 1.0 0.0 0.0 3.0 0.0
949.0012234349792 0.0 0.0 0.0 1.0 0.0 0.0 3.0 0.0
950.0114656133296 0.0 0.0 0.0 1.0 0.0 0.0 3.0 0.0
951.0101473123452 0.0 0.0 0.0 1.0 0.0 0.0 3.0 0.0
952.00928619151 0.0 0.0 0.0 1.0 0.0 0.0 3.0 0.0
953.0127361273635 0.0 0.0 0.0 1.0 0.0 0.0 3.0 0.0
954.0127361273635 0.0 0.0 0.0 1.0 0.0 0.0 3.0 0.0
955.0008229541777 0.0 0.0 0.0 1.0 0.0 0.0 3.0 0.0
956.0027106071245 0.0 0.0 0.0 1.0 0.0 0.0 3.0 0.0
957.0015247869592 0.0 0.0 0.0 1.0 0.0 0.0 3.0 0.0
958.0001604867051 0.0 0.0 0.0 1.0 0.0 0.0 3.0 0.0
959.0039138488838 0.0 0.0 0.0 1.0 0.0 0.0 3.0 0.0
960.0127361273635 0.0 0.0 0.0 1.0 0.0 0.0 3.0 0.0
961.0023317775999 0.0 0.0 0.0 1.0 0.0 0.0 3.0 0.0
962.000248930334 0.0 0.0 0.0 1.0 0.0 0.0 3.0 0.0
963.0020724210358 0.0 0.0 0.0 1.0 0.0 0.0 3.0 0.0
964.0005586284321 0.0 0.0 0.0 1.0 0.0 0.0 3.0 0.0
965.0127361273635 0.0 0.0 0.0 1.0 0.0 0.0 3.0 0.0
966.0000651325026 0.0 0.0 0.0 1.0 0.0 0.0 3.0 0.0
967.007100248541 0.0 0.0 0.0 1.0 0.0 0.0 3.0 0.0
968.0127361273635 0.0 0.0 0.0 1.0 0.0 0.0 3.0 0.0
969.000525751845 0.0 0.0 0.0 1.0 0.0 0.0 3.0 0.0
970.0104944226622 0.0 0.0 0.0 1.0 0.0 0.0 3.0 0.0
971.0009522585773 0.0 0.0 0.0 1.0 0.0 0.0 3.0 0.0
972.0127361273635 0.0 0.0 0.0 1.0 0.0 0.0 3.0 0.0
973.0106664827073 0.0 0.0 0.0 1.0 0.0 0.0 3.0 0.0
974.0030489667288 0.0 0.0 0.0 1.0 0.0 0.0 3.0 0.0
975.0029782715638 0.0 0.0 0.0 1.0 0.0 0.0 3.0 0.0
976.0086417918143 0.0 0.0 0.0 1.0 0.0 0.0 3.0 0.0
977.0127361273635 0.0 0.0 0.0 1.0 0.0 0.0 3.0 0.0
978.0053405044747 0.0 0.0 0.0 1.0 0.0 0.0 3.0 0.0
979.0029383183187 0.0 0.0 0.0 1.0 0.0 0.0 3.0 0.0
980.0066788490049 0.0 0.0 0.0 1.0 0.0 0.0 3.0 0.0
981.0022945945582 0.0 0.0 0.0 1.0 0.0 0.0 3.0 0.0
982.0038218520612 0.0 0.0 0.0 1.0 0.0 0.0 3.0 0.0
983.0127361273635 0.0 0.0 0.0 1.0 0.0 0.0 3.0 0.0
984.0075085411231 0.0 0.0 0.0 1.0 0.0 0.0 3.0 0.0
985.0005458587444 0.0 0.0 0.0 1.0 0.0 0.0 3.0 0.0
986.0026572013725 0.0 0.0 0.0 1.0 0.0 0.0 3.0 0.0
987.001825890146 0.0 0.0 0.0 1.0 0.0 0.0 3.0 0.0
988.0127361273635 0.0 0.0 0.0 1.0 0.0 0.0 3.0 0.0
989.0008270434447 0.0 0.0 0.0 1.0 0.0 0.0 3.0 0.0
990.0055265947689 0.0 0.0 0.0 1.0 0.0 0.0 3.0 0.0
991.0037053707059 0.0 0.0 0.0 1.0 0.0 0.0 3.0 0.0
992.0011127902319 0.0 0.0 0.0 1.0 0.0 0.0 3.0 0.0
993.0127361273635 0.0 0.0 0.0 1.0 0.0 0.0 3.0 0.0
994.0019281841372 0.0 0.0 0.0 1.0 0.0 0.0 3.0 0.0
995.0010423141459 0.0 0.0 0.0 1.0 0.0 0.0 3.0 0.0
996.0127361273635 0.0 0.0 0.0 1.0 0.0 0.0 3.0 0.0
997.0127361273635 0.0 0.0 0.0 1.0 0.0 0.0 3.0 0.0
998.010011117875 0.0 0.0 0.0 1.0 0.0 0.0 3.0 0.0
999.0042452305569 0.0 0.0 0.0 1.0 0.0 0.0 3.0 0.0
1000.0008315827195 0.0 0.0 0.0 1.0 0.0 0.0 3.0 0.0
1001.000290226491 0.0 0.0 0.0 1.0 0.0 0.0 3.0 0.0
1002.00314053958 0.0 0.0 0.0 1.0 0.0 0.0 3.0 0.0
1003.0127361273635 0.0 0.0 0.0 1.0 0.0 0.0 3.0 0.0
1004.0127361273635 0.0 0.0 0.0 1.0 0.0 0.0 3.0 0.0
1005.0063624472556 0.0 0.0 0.0 1.0 0.0 0.0 3.0 0.0
1006.0065091820053 0.0 0.0 0.0 1.0 0.0 0.0 3.0 0.0
1007.0040405685376 0.0 0.0 0.0 1.0 0.0 0.0 3.0 0.0
1008.0023052817038 0.0 0.0 0.0 1.0 0.0 0.0 3.0 0.0
1009.0127361273635 0.0 0.0 0.0 1.0 0.0 0.0 3.0 0.0
1010.0000532030303 0.0 0.0 0.0 1.0 0.0 0.0 3.0 0.0
1011.0127361273635 0.0 0.0 0.0 1.0 0.0 0.0 3.0 0.0
1012.0002894630546 0.0 0.0 0.0 1.0 0.0 0.0 3.0 0.0
1013.0109285569908 0.0 0.0 0.0 1.0 0.0 0.0 3.0 0.0
1014.004596260137 0.0 0.0 0.0 1.0 0.0 0.0 3.0 0.0
1015.0102467773381 0.0 0.0 0.0 1.0 0.0 0.0 3.0 0.0
1016.0103984280223 0.0 0.0 0.0 1.0 0.0 0.0 3.0 0.0
1017.0015674472203 0.0 0.0 0.0 1.0 0.0 0.0 3.0 0.0
1018.0007287328519 0.0 0.0 0.0 1.0 0.0 0.0 3.0 0.0
1019.0082282032954 0.0 0.0 0.0 1.0 0.0 0.0 3.0 0.0
1020.0127361273635 0.0 0.0 0.0 1.0 0.0 0.0 3.0 0.0
1021.0127361273635 0.0 0.0 0.0 1.0 0.0 0.0 3.0 0.0
1022.0127361273635 0.0 0.0 0.0 1.0 0.0 0.0 3.0 0.0
1023.0052181118261 0.0 0.0 0.0 1.0 0.0 0.0 3.0 0.0
1024.0021883257557 0.0 0.0 0.0 1.0 0.0 0.0 3.0 0.0
1025.0127361273635 0.0 0.0 0.0 1.0 0.0 0.0 3.0 0.0
1026.0005777195752 0.0 0.0 0.0 1.0 0.0 0.0 3.0 0.0
1027.002366730551 0.0 0.0 0.0 1.0 0.0 0.0 3.0 0.0
1028.0124166090652 0.0 0.0 0.0 1.0 0.0 0.0 3.0 0.0
1029.0035250984588 0.0 0.0 0.0 1.0 0.0 0.0 3.0 0.0
1030.0117383695037 0.0 0.0 0.0 1.0 0.0 0.0 3.0 0.0
1031.0068899788346 0.0 0.0 0.0 1.0 0.0 0.0 3.0 0.0
1032.0089927028928 0.0 0.0 0.0 1.0 0.0 0.0 3.0 0.0
1033.0037168971412 0.0 0.0 0.0 1.0 0.0 0.0 3.0 0.0
1034.0083282769342 0.0 0.0 0.0 1.0 0.0 0.0 3.0 0.0
1035.0020847290637 0.0 0.0 0.0 1.0 0.0 0.0 3.0 0.0
1036.0091005326071 0.0 0.0 0.0 1.0 0.0 0.0 3.0 0.0
1037.0127361273635 0.0 0.0 0.0 1.0 0.0 0.0 3.0 0.0
1038.0055782822105 0.0 0.0 0.0 1.0 0.0 0.0 3.0 0.0
1039.0006152234298 0.0 0.0 0.0 1.0 0.0 0.0 3.0 0.0
1040.0058963195036 0.0 0.0 0.0 1.0 0.0 0.0 3.0 0.0
1041.002603780579 0.0 0.0 0.0 1.0 0.0 0.0 3.0 0.0
1042.0094971510118 0.0 0.0 0.0 1.0 0.0 0.0 3.0 0.0
1043.00589295042 0.0 0.0 0.0 1.0 0.0 0.0 3.0 0.0
1044.0073513173654 0.0 0.0 0.0 1.0 0.0 0.0 3.0 0.0
1045.0127361273635 0.0 0.0 0.0 1.0 0.0 0.0 3.0 0.0
1046.0023217773075 0.0 0.0 0.0 1.0 0.0 0.0 3.0 0.0
1047.0075923712743 0.0 0.0 0.0 1.0 0.0 0.0 3.0 0.0
1048.0022009324812 0.0 0.0 0.0 1.0 0.0 0.0 3.0 0.0
1049.0030242334235 0.0 0.0 0.0 1.0 0.0 0.0 3.0 0.0
1050.0028959207611 0.0 0.0 0.0 1.0 0.0 0.0 3.0 0.0
1051.0127361273635 0.0 0.0 0.0 1.0 0.0 0.0 3.0 0.0
1052.004982601985 0.0 0.0 0.0 1.0 0.0 0.0 3.0 0.0
1053.0110265342375 0.0 0.0 0.0 1.0 0.0 0.0 3.0 0.0
1054.0127361273635 0.0 0.0 0.0 1.0 0.0 0.0 3.0 0.0
1055.0012346985338 0.0 0.0 0.0 1.0 0.0 0.0 3.0 0.0
1056.0035903855205 0.0 0.0 0.0 1.0 0.0 0.0 3.0 0.0
1057.0036168175575 0.0 0.0 0.0 1.0 0.0 0.0 3.0 0.0
1058.00259545755 0.0 0.0 0.0 1.0 0.0 0.0 3.0 0.0
1059.0121585166673 0.0 0.0 0.0 1.0 0.0 0.0 3.0 0.0
1060.0020401931208 0.0 0.0 0.0 1.0 0.0 0.0 3.0 0.0
1061.0023011152991 0.0 0.0 0.0 1.0 0.0 0.0 3.0 0.0
1062.0024793449304 0.0 0.0 0.0 1.0 0.0 0.0 3.0 0.0
1063.001046650436 0.0 0.0 0.0 1.0 0.0 0.0 3.0 0.0
1064.0012178638995 0.0 0.0 0.0 1.0 0.0 0.0 3.0 0.0
1065.0058003523757 0.0 0.0 0.0 1.0 0.0 0.0 3.0 0.0
1066.0015099396066 0.0 0.0 0.0 1.0 0.0 0.0 3.0 0.0
1067.0001263612567 0.0 0.0 0.0 1.0 0.0 0.0 3.0 0.0
1068.0020175414484 0.0 0.0 0.0 1.0 0.0 0.0 3.0 0.0
1069.0127361273635 0.0 0.0 0.0 1.0 0.0 0.0 3.0 0.0
1070.0042179321101 0.0 0.0 0.0 1.0 0.0 0.0 3.0 0.0
1071.0127361273635 0.0 0.0 0.0 1.0 0.0 0.0 3.0 0.0
1072.0084157046188 0.0 0.0 0.0 1.0 0.0 0.0 3.0 0.0
1073.0061614595577 0.0 0.0 0.0 1.0 0.0 0.0 3.0 0.0
1074.0036885799366 0.0 0.0 0.0 1.0 0.0 0.0 3.0 0.0
1075.0127361273635 0.0 0.0 0.0 1.0 0.0 0.0 3.0 0.0
1076.0082188593292 0.0 0.0 0.0 1.0 0.0 0.0 3.0 0.0
1077.0107065567645 0.0 0.0 0.0 1.0 0.0 0.0 3.0 0.0
1078.0055247342164 0.0 0.0 0.0 1.0 0.0 0.0 3.0 0.0
1079.006278407513 0.0 0.0 0.0 1.0 0.0 0.0 3.0 0.0
1080.004469985392 0.0 0.0 0.0 1.0 0.0 0.0 3.0 0.0
1081.0127361273635 0.0 0.0 0.0 1.0 0.0 0.0 3.0 0.0
1082.0077304612196 0.0 0.0 0.0 1.0 0.0 0.0 3.0 0.0
1083.0036475662475 0.0 0.0 0.0 1.0 0.0 0.0 3.0 0.0
1084.0016178589692 0.0 0.0 0.0 1.0 0.0 0.0 3.0 0.0
1085.0024102421503 0.0 0.0 0.0 1.0 0.0 0.0 3.0 0.0
1086.0028462384066 0.0 0.0 0.0 1.0 0.0 0.0 3.0 0.0
1087.0055246317224 0.0 0.0 0.0 1.0 0.0 0.0 3.0 0.0
1088.0047503574792 0.0 0.0 0.0 1.0 0.0 0.0 3.0 0.0
1089.0039925381968 0.0 0.0 0.0 1.0 0.0 0.0 3.0 0.0
1090.0103579110298 0.0 0.0 0.0 1.0 0.0 0.0 3.0 0.0
1091.0002202986047 0.0 0.0 0.0 1.0 0.0 0.0 3.0 0.0
1092.0018578516992 0.0 0.0 0.0 1.0 0.0 0.0 3.0 0.0
1093.0055428529997 0.0 0.0 0.0 1.0 0.0 0.0 3.0 0.0
1094.0095709823354 0.0 0.0 0.0 1.0 0.0 0.0 3.0 0.0
1095.0127361273635 0.0 0.0 0.0 1.0 0.0 0.0 3.0 0.0
1096.003241376582 0.0 0.0 0.0 1.0 0.0 0.0 3.0 0.0
1097.0012480639987 0.0 0.0 0.0 1.0 0.0 0.0 3.0 0.0
1098.0006569072045 0.0 0.0 0.0 1.0 0.0 0.0 3.0 0.0
1099.0127093161682 0.0 0.0 0.0 1.0 0.0 0.0 3.0 0.0
1100.0 0.0 0.0 0.0 1.0 0.0 1.0 3.0 0.0
1101.0049860582258 0.9 0.0 0.0 0.09999999999999998 0.0 1.0 3.03125 0.17888198757763976
1102.0050753905196 1.0 0.0 0.0 0.0 0.0 1.0 3.85625 0.0
1103.0039079591563 1.0 0.0 0.0 0.0 0.0 1.0 4.7875 0.0
1104.0062542405303 1.0 0.0 0.0 0.0 0.0 1.0 4.98125 0.0
1105.0108021875724 1.0 0.0 0.0 0.0 0.0 1.0 5.0 0.0
1106.0030672693483 1.0 0.0 0.0 0.0 0.0 1.0 5.0 0.0
1107.0028345624378 1.0 0.0 0.0 0.0 0.0 1.0 5.0 0.0
1108.0060328389404 1.0 0.0 0.0 0.0 0.0 1.0 5.0 0.0
1109.000076045522 1.0 0.0 0.0 0.0 0.0 1.0 5.0 0.0
1110.0087983703436 1.0 0.0 0.0 0.0 0.0 1.0 5.0 0.0
1111.0005589261991 1.0 0.0 0.0 0.0 0.0 1.0 5.0 0.0
1112.0007576055734 1.0 0.0 0.0 0.0 0.0 1.0 5.0 0.0
1113.0074265534688 1.0 0.0 0.0 0.0 0.0 1.0 5.0 0.0
1114.003995627129 1.0 0.0 0.0 0.0 0.0 1.0 5.0 0.0
1115.0056450534391 1.0 0.0 0.0 0.0 0.0 1.0 5.0 0.0
1116.0127361273635 1.0 0.0 0.0 0.0 0.0 1.0 5.0 0.0
1117.0127361273635 1.0 0.0 0.0 0.0 0.0 1.0 5.0 0.0
1118.003599397461 1.0 0.0 0.0 0.0 0.0 1.0 5.0 0.0
1119.0100925316622 1.0 0.0 0.0 0.0 0.0 1.0 5.0 0.0
1120.0055881089359 1.0 0.0 0.0 0.0 0.0 1.0 5.0 0.0
1121.003543393949 1.0 0.0 0.0 0.0 0.0 1.0 5.0 0.0
1122.0009334096417 1.0 0.0 0.0 0.0 0.0 1.0 5.0 0.0
1123.0004652657212 1.0 0.0 0.0 0.0 0.0 1.0 5.0 0.0
1124.0042671557835 1.0 0.0 0.0 0.0 0.0 1.0 5.0 0.0
1125.0013909501195 1.0 0.0 0.0 0.0 0.0 1.0 5.0 0.0
1126.0007104476456 1.0 0.0 0.0 0.0 0.0 1.0 5.0 0.0
1127.0127361273635 1.0 0.0 0.0 0.0 0.0 1.0 5.0 0.0
1128.000202392721 1.0 0.0 0.0 0.0 0.0 1.0 5.0 0.0
1129.0051005590772 1.0 0.0 0.0 0.0 0.0 1.0 5.0 0.0
1130.0014342063414 1.0 0.0 0.0 0.0 0.0 1.0 5.0 0.0
1131.0127361273635 1.0 0.0 0.0 0.0 0.0 1.0 5.0 0.0
1132.0017485148649 1.0 0.0 0.0 0.0 0.0 1.0 5.0 0.0
1133.0016060399812 1.0 0.0 0.0 0.0 0.0 1.0 5.0 0.0
1134.0047382947994 1.0 0.0 0.0 0.0 0.0 1.0 5.0 0.0
1135.0002134151357 1.0 0.0 0.0 0.0 0.0 1.0 5.0 0.0
1136.0054993563383 1.0 0.0 0.0 0.0 0.0 1.0 5.0 0.0
1137.0002557857295 1.0 0.0 0.0 0.0 0.0 1.0 5.0 0.0
1138.0008483670451 1.0 0.0 0.0 0.0 0.0 1.0 5.0 0.0
1139.0027880438106 1.0 0.0 0.0 0.0 0.0 1.0 5.0 0.0
1140.0038036401772 1.0 0.0 0.0 0.0 0.0 1.0 5.0 0.0
1141.0022678788591 1.0 0.0 0.0 0.0 0.0 1.0 5.0 0.0
1142.0019468730925 1.0 0.0 0.0 0.0 0.0 1.0 5.0 0.0
1143.0070708707915 1.0 0.0 0.0 0.0 0.0 1.0 5.0 0.0
1144.0002367153393 1.0 0.0 0.0 0.0 0.0 1.0 5.0 0.0
1145.000546367869 1.0 0.0 0.0 0.0 0.0 1.0 5.0 0.0
1146.0127361273635 1.0 0.0 0.0 0.0 0.0 1.0 5.0 0.0
1147.0005564395087 1.0 0.0 0.0 0.0 0.0 1.0 5.0 0.0
1148.0052354797417 1.0 0.0 0.0 0.0 0.0 1.0 5.0 0.0
1149.0029184034472 1.0 0.0 0.0 0.0 0.0 1.0 5.0 0.0
1150.0005179473355 1.0 0.0 0.0 0.0 0.0 1.0 5.0 0.0
1151.001107915106 1.0 0.0 0.0 0.0 0.0 1.0 5.0 0.0
1152.0127361273635 1.0 0.0 0.0 0.0 0.0 1.0 5.0 0.0
1153.0051106824335 1.0 0.0 0.0 0.0 0.0 1.0 5.0 0.0
1154.0063561913714 1.0 0.0 0.0 0.0 0.0 1.0 5.0 0.0
1155.0023217837975 1.0 0.0 0.0 0.0 0.0 1.0 5.0 0.0
1156.0127361273635 1.0 0.0 0.0 0.0 0.0 1.0 5.0 0.0
1157.0019328980102 1.0 0.0 0.0 0.0 0.0 1.0 5.0 0.0
1158.0127361273635 1.0 0.0 0.0 0.0 0.0 1.0 5.0 0.0
1159.0127361273635 1.0 0.0 0.0 0.0 0.0 1.0 5.0 0.0
1160.002815061903 1.0 0.0 0.0 0.0 0.0 1.0 5.0 0.0
1161.0025205969953 1.0 0.0 0.0 0.0 0.0 1.0 5.0 0.0
1162.006666157176 1.0 0.0 0.0 0.0 0.0 1.0 5.0 0.0
1163.003597976079 1.0 0.0 0.0 0.0 0.0 1.0 5.0 0.0
1164.0012002296637 1.0 0.0 0.0 0.0 0.0 1.0 5.0 0.0
1165.000073379992 1.0 0.0 0.0 0.0 0.0 1.0 5.0 0.0
1166.0022851261267 1.0 0.0 0.0 0.0 0.0 1.0 5.0 0.0
1167.0105604539085 1.0 0.0 0.0 0.0 0.0 1.0 5.0 0.0
1168.0021993268417 1.0 0.0 0.0 0.0 0.0 1.0 5.0 0.0
1169.0127361273635 1.0 0.0 0.0 0.0 0.0 1.0 5.0 0.0
1170.0022650152002 1.0 0.0 0.0 0.0 0.0 1.0 5.0 0.0
1171.0127361273635 1.0 0.0 0.0 0.0 0.0 1.0 5.0 0.0
1172.0018330938021 1.0 0.0 0.0 0.0 0.0 1.0 5.0 0.0
1173.0127361273635 1.0 0.0 0.0 0.0 0.0 1.0 5.0 0.0
1174.003394590653 1.0 0.0 0.0 0.0 0.0 1.0 5.0 0.0
1175.002118097415 1.0 0.0 0.0 0.0 0.0 1.0 5.0 0.0
1176.0086770959695 1.0 0.0 0.0 0.0 0.0 1.0 5.0 0.0
1177.0127361273635 1.0 0.0 0.0 0.0 0.0 1.0 5.0 0.0
1178.009416843561 1.0 0.0 0.0 0.0 0.0 1.0 5.0 0.0
1179.002996654151 1.0 0.0 0.0 0.0 0.0 1.0 5.0 0.0
1180.0046959116164 1.0 0.0 0.0 0.0 0.0 1.0 5.0 0.0
1181.010638936707 1.0 0.0 0.0 0.0 0.0 1.0 5.0 0.0
1182.0000285278536 1.0 0.0 0.0 0.0 0.0 1.0 5.0 0.0
1183.0012921346797 1.0 0.0 0.0 0.0 0.0 1.0 5.0 0.0
1184.0013212207455 1.0 0.0 0.0 0.0 0.0 1.0 5.0 0.0
1185.0052931950356 1.0 0.0 0.0 0.0 0.0 1.0 5.0 0.0
1186.0000813628658 1.0 0.0 0.0 0.0 0.0 1.0 5.0 0.0
1187.0063814374396 1.0 0.0 0.0 0.0 0.0 1.0 5.0 0.0
1188.0119133035755 1.0 0.0 0.0 0.0 0.0 1.0 5.0 0.0
1189.00220723826 1.0 0.0 0.0 0.0 0.0 1.0 5.0 0.0
1190.0051792926317 1.0 0.0 0.0 0.0 0.0 1.0 5.0 0.0
1191.0085123787437 1.0 0.0 0.0 0.0 0.0 1.0 5.0 0.0
1192.0081843200708 1.0 0.0 0.0 0.0 0.0 1.0 5.0 0.0
1193.0002280094382 1.0 0.0 0.0 0.0 0.0 1.0 5.0 0.0
1194.0006764830252 1.0 0.0 0.0 0.0 0.0 1.0 5.0 0.0
1195.00285321369 1.0 0.0 0.0 0.0 0.0 1.0 5.0 0.0
1196.0127361273635 1.0 0.0 0.0 0.0 0.0 1.0 5.0 0.0
1197.0020552054043 1.0 0.0 0.0 0.0 0.0 1.0 5.0 0.0
1198.0059704438088 1.0 0.0 0.0 0.0 0.0 1.0 5.0 0.0
1199.0021197313463 1.0 0.0 0.0 0.0 0.0 1.0 5.0 0.0
1200.0 1.0 0.0 0.0 0.0 0.0 1.0 5.0 0.0
1201.0 0.2562500000000001 0.0 0.7437499999999999 0.0 0.0 1.0 4.975 0.37880434782608696
1202.0 0.006250000000000011 0.0 0.99375 0.0 0.0 1.0 4.8875 0.01234472049689441
1203.0 0.0 0.0 1.0 0.0 0.0 1.0 5.7125 0.0
1204.0 0.0 0.0 1.0 0.0 0.0 1.0 5.98125 0.0
1205.0 0.0 0.0 1.0 0.0 0.0 1.0 6.0 0.0
1206.0 0.0 0.0 1.0 0.0 0.0 1.0 6.0 0.0
1207.0 0.0 0.0 1.0 0.0 0.0 1.0 6.0 0.0
1208.0 0.0 0.0 1.0 0.0 0.0 1.0 6.0 0.0
1209.0 0.0 0.0 1.0 0.0 0.0 1.0 6.0 0.0
1210.0 0.0 0.0 1.0 0.0 0.0 1.0 6.0 0.0
1211.0 0.0 0.0 1.0 0.0 0.0 1.0 6.0 0.0
1212.0 0.0 0.0 1.0 0.0 0.0 1.0 6.0 0.0
1213.0 0.0 0.0 1.0 0.0 0.0 1.0 6.0 0.0
1214.0 0.0 0.0 1.0 0.0 0.0 1.0 6.0 0.0
1215.0 0.0 0.0 1.0 0.0 0.0 1.0 6.0 0.0
1216.0 0.0 0.0 1.0 0.0 0.0 1.0 6.0 0.0
1217.0 0.0 0.0 1.0 0.0 0.0 1.0 6.0 0.0
1218.0 0.0 0.0 1.0 0.0 0.0 1.0 6.0 0.0
1219.0 0.0 0.0 1.0 0.0 0.0 1.0 6.0 0.0
1220.0 0.0 0.0 1.0 0.0 0.0 1.0 6.0 0.0
1221.0 0.0 0.0 1.0 0.0 0.0 1.0 6.0 0.0
1222.0 0.0 0.0 1.0 0.0 0.0 1.0 6.0 0.0
1223.0 0.0 0.0 1.0 0.0 0.0 1.0 6.0 0.0
1224.0 0.0 0.0 1.0 0.0 0.0 1.0 6.0 0.0
1225.0 0.0 0.0 1.0 0.0 0.0 1.0 6.0 0.0
1226.0 0.0 0.0 1.0 0.0 0.0 1.0 6.0 0.0
1227.0 0.0 0.0 1.0 0.0 0.0 1.0 6.0 0.0
1228.0 0.0 0.0 1.0 0.0 0.0 1.0 6.0 0.0
1229.0 0.0 0.0 1.0 0.0 0.0 1.0 6.0 0.0
1230.0 0.0 0.0 1.0 0.0 0.0 1.0 6.0 0.0
1231.0 0.0 0.0 1.0 0.0 0.0 1.0 6.0 0.0
1232.0 0.0 0.0 1.0 0.0 0.0 1.0 6.0 0.0
1233.0 0.0 0.0 1.0 0.0 0.0 1.0 6.0 0.0
1234.0 0.0 0.0 1.0 0.0 0.0 1.0 6.0 0.0
1235.0 0.0 0.0 1.0 0.0 0.0 1.0 6.0 0.0
1236.0 0.0 0.0 1.0 0.0 0.0 1.0 6.0 0.0
1237.0 0.0 0.0 1.0 0.0 0.0 1.0 6.0 0.0
1238.0 0.0 0.0 1.0 0.0 0.0 1.0 6.0 0.0
1239.0 0.0 0.0 1.0 0.0 0.0 1.0 6.0 0.0
1240.0 0.0 0.0 1.0 0.0 0.0 1.0 6.0 0.0
1241.0 0.0 0.0 1.0 0.0 0.0 1.0 6.0 0.0
1242.0 0.0 0.0 1.0 0.0 0.0 1.0 6.0 0.0
1243.0 0.0 0.0 1.0 0.0 0.0 1.0 6.0 0.0
1244.0 0.0 0.0 1.0 0.0 0.0 1.0 6.0 0.0
1245.0 0.0 0.0 1.0 0.0 0.0 1.0 6.0 0.0
1246.0 0.0 0.0 1.0 0.0 0.0 1.0 6.0 0.0
1247.0 0.0 0.0 1.0 0.0 0.0 1.0 6.0 0.0
1248.0 0.0 0.0 1.0 0.0 0.0 1.0 6.0 0.0
1249.0 0.0 0.0 1.0 0.0 0.0 1.0 6.0 0.0
1250.0 0.0 0.0 1.0 0.0 0.0 1.0 6.0 0.0
1251.0 0.0 0.0 1.0 0.0 0.0 1.0 6.0 0.0
1252.0 0.0 0.0 1.0 0.0 0.0 1.0 6.0 0.0
1253.0 0.0 0.0 1.0 0.0 0.0 1.0 6.0 0.0
1254.0 0.0 0.0 1.0 0.0 0.0 1.0 6.0 0.0
1255.0 0.0 0.0 1.0 0.0 0.0 1.0 6.0 0.0
1256.0 0.0 0.0 1.0 0.0 0.0 1.0 6.0 0.0
1257.0 0.0 0.0 1.0 0.0 0.0 1.0 6.0 0.0
1258.0 0.0 0.0 1.0 0.0 0.0 1.0 6.0 0.0
1259.0 0.0 0.0 1.0 0.0 0.0 1.0 6.0 0.0
1260.0 0.0 0.0 1.0 0.0 0.0 1.0 6.0 0.0
1261.0 0.0 0.0 1.0 0.0 0.0 1.0 6.0 0.0
1262.0 0.0 0.0 1.0 0.0 0.0 1.0 6.0 0.0
1263.0 0.0 0.0 1.0 0.0 0.0 1.0 6.0 0.0
1264.0 0.0 0.0 1.0 0.0 0.0 1.0 6.0 0.0
1265.0 0.0 0.0 1.0 0.0 0.0 1.0 6.0 0.0
1266.0 0.0 0.0 1.0 0.0 0.0 1.0 6.0 0.0
1267.0 0.0 0.0 1.0 0.0 0.0 1.0 6.0 0.0
1268.0 0.0 0.0 1.0 0.0 0.0 1.0 6.0 0.0
1269.0 0.0 0.0 1.0 0.0 0.0 1.0 6.0 0.0
1270.0 0.0 0.0 1.0 0.0 0.0 1.0 6.0 0.0
1271.0 0.0 0.0 1.0 0.0 0.0 1.0 6.0 0.0
1272.0 0.0 0.0 1.0 0.0 0.0 1.0 6.0 0.0
1273.0 0.0 0.0 1.0 0.0 0.0 1.0 6.0 0.0
1274.0 0.0 0.0 1.0 0.0 0.0 1.0 6.0 0.0
1275.0 0.0 0.0 1.0 0.0 0.0 1.0 6.0 0.0
1276.0 0.0 0.0 1.0 0.0 0.0 1.0 6.0 0.0
1277.0 0.0 0.0 1.0 0.0 0.0 1.0 6.0 0.0
1278.0 0.0 0.0 1.0 0.0 0.0 1.0 6.0 0.0
1279.0 0.0 0.0 1.0 0.0 0.0 1.0 6.0 0.0
1280.0 0.0 0.0 1.0 0.0 0.0 1.0 6.0 0.0
1281.0 0.0 0.0 1.0 0.0 0.0 1.0 6.0 0.0
1282.0 0.0 0.0 1.0 0.0 0.0 1.0 6.0 0.0
1283.0 0.0 0.0 1.0 0.0 0.0 1.0 6.0 0.0
1284.0 0.0 0.0 1.0 0.0 0.0 1.0 6.0 0.0
1285.0 0.0 0.0 1.0 0.0 0.0 1.0 6.0 0.0
1286.0 0.0 0.0 1.0 0.0 0.0 1.0 6.0 0.0
1287.0 0.0 0.0 1.0 0.0 0.0 1.0 6.0 0.0
1288.0 0.0 0.0 1.0 0.0 0.0 1.0 6.0 0.0
1289.0 0.0 0.0 1.0 0.0 0.0 1.0 6.0 0.0
1290.0 0.0 0.0 1.0 0.0 0.0 1.0 6.0 0.0
1291.0 0.0 0.0 1.0 0.0 0.0 1.0 6.0 0.0
1292.0 0.0 0.0 1.0 0.0 0.0 1.0 6.0 0.0
1293.0 0.0 0.0 1.0 0.0 0.0 1.0 6.0 0.0
1294.0 0.0 0.0 1.0 0.0 0.0 1.0 6.0 0.0
1295.0 0.0 0.0 1.0 0.0 0.0 1.0 6.0 0.0
1296.0 0.0 0.0 1.0 0.0 0.0 1.0 6.0 0.0
1297.0 0.0 0.0 1.0 0.0 0.0 1.0 6.0 0.0
1298.0 0.0 0.0 1.0 0.0 0.0 1.0 6.0 0.0
1299.0 0.0 0.0 1.0 0.0 0.0 1.0 6.0 0.0
1300.0 0.0 0.0 1.0 0.0 0.0 1.0 6.0 0.0
1301.0 0.0 0.0 1.0 0.0 0.0 1.0 6.0 0.0
1302.0 0.0 0.0 1.0 0.0 0.0 1.0 6.0 0.0
1303.0 0.0 0.0 1.0 0.0 0.0 1.0 6.0 0.0
1304.0 0.0 0.0 1.0 0.0 0.0 1.0 6.0 0.0
1305.0 0.0 0.0 1.0 0.0 0.0 1.0 6.0 0.0
1306.0 0.0 0.0 1.0 0.0 0.0 1.0 6.0 0.0
1307.0 0.0 0.0 1.0 0.0 0.0 1.0 6.0 0.0
1308.0 0.0 0.0 1.0 0.0 0.0 1.0 6.0 0.0
1309.0 0.0 0.0 1.0 0.0 0.0 1.0 6.0 0.0
1310.0 0.0 0.0 1.0 0.0 0.0 1.0 6.0 0.0
1311.0 0.0 0.0 0.125 0.875 0.0 0.0 6.04375 0.21739130434782608
1312.005129665364 0.0 0.0 0.0 1.0 0.0 0.0 6.9125 0.0
1313.0127361273635 0.0 0.0 0.0 1.0 0.0 0.0 7.85625 0.0
1314.0005728086428 0.0 0.0 0.0 1.0 0.0 0.0 7.9875 0.0
1315.0116623574056 0.0 0.0 0.0 1.0 0.0 0.0 8.0 0.0
1316.0053537007677 0.0 0.0 0.0 1.0 0.0 0.0 8.0 0.0
1317.0000935536443 0.0 0.0 0.0 1.0 0.0 0.0 8.0 0.0
1318.000731032593 0.0 0.0 0.0 1.0 0.0 0.0 8.0 0.0
1319.0100575159227 0.0 0.0 0.0 1.0 0.0 0.0 8.0 0.0
1320.0102883694497 0.0 0.0 0.0 1.0 0.0 0.0 8.0 0.0
1321.0054196026088 0.0 0.0 0.0 1.0 0.0 0.0 8.0 0.0
1322.0006035602034 0.0 0.0 0.0 1.0 0.0 0.0 8.0 0.0
1323.0010953099695 0.0 0.0 0.0 1.0 0.0 0.0 8.0 0.0
1324.0033713147634 0.0 0.0 0.0 1.0 0.0 0.0 8.0 0.0
1325.000126056506 0.0 0.0 0.0 1.0 0.0 0.0 8.0 0.0
1326.0127361273635 0.0 0.0 0.0 1.0 0.0 0.0 8.0 0.0
1327.0027075078508 0.0 0.0 0.0 1.0 0.0 0.0 8.0 0.0
1328.0116455296331 0.0 0.0 0.0 1.0 0.0 0.0 8.0 0.0
1329.0004879933224 0.0 0.0 0.0 1.0 0.0 0.0 8.0 0.0
1330.0011174785038 0.0 0.0 0.0 1.0 0.0 0.0 8.0 0.0
1331.0121771404226 0.0 0.0 0.0 1.0 0.0 0.0 8.0 0.0
1332.0016776621173 0.0 0.0 0.0 1.0 0.0 0.0 8.0 0.0
1333.0127361273635 0.0 0.0 0.0 1.0 0.0 0.0 8.0 0.0
1334.0050679682784 0.0 0.0 0.0 1.0 0.0 0.0 8.0 0.0
1335.0104849731051 0.0 0.0 0.0 1.0 0.0 0.0 8.0 0.0
1336.0127361273635 0.0 0.0 0.0 1.0 0.0 0.0 8.0 0.0
1337.005445525457 0.0 0.0 0.0 1.0 0.0 0.0 8.0 0.0
1338.002065327629 0.0 0.0 0.0 1.0 0.0 0.0 8.0 0.0
1339.0030098374841 0.0 0.0 0.0 1.0 0.0 0.0 8.0 0.0
1340.0010436647328 0.0 0.0 0.0 1.0 0.0 0.0 8.0 0.0
1341.0127361273635 0.0 0.0 0.0 1.0 0.0 0.0 8.0 0.0
1342.0127361273635 0.0 0.0 0.0 1.0 0.0 0.0 8.0 0.0
1343.0041683184834 0.0 0.0 0.0 1.0 0.0 0.0 8.0 0.0
1344.0089749783795 0.0 0.0 0.0 1.0 0.0 0.0 8.0 0.0
1345.0127361273635 0.0 0.0 0.0 1.0 0.0 0.0 8.0 0.0
1346.0027129668213 0.0 0.0 0.0 1.0 0.0 0.0 8.0 0.0
1347.0039879687172 0.0 0.0 0.0 1.0 0.0 0.0 8.0 0.0
1348.005847304901 0.0 0.0 0.0 1.0 0.0 0.0 8.0 0.0
1349.0127361273635 0.0 0.0 0.0 1.0 0.0 0.0 8.0 0.0
1350.001036085041 0.0 0.0 0.0 1.0 0.0 0.0 8.0 0.0
1351.0118913587999 0.0 0.0 0.0 1.0 0.0 0.0 8.0 0.0
1352.0127361273635 0.0 0.0 0.0 1.0 0.0 0.0 8.0 0.0
1353.0087315604867 0.0 0.0 0.0 1.0 0.0 0.0 8.0 0.0
1354.0094820795869 0.0 0.0 0.0 1.0 0.0 0.0 8.0 0.0
1355.0023633646074 0.0 0.0 0.0 1.0 0.0 0.0 8.0 0.0
1356.0026680853584 0.0 0.0 0.0 1.0 0.0 0.0 8.0 0.0
1357.0004930738519 0.0 0.0 0.0 1.0 0.0 0.0 8.0 0.0
1358.0017277261484 0.0 0.0 0.0 1.0 0.0 0.0 8.0 0.0
1359.003600972045 0.0 0.0 0.0 1.0 0.0 0.0 8.0 0.0
1360.0050720453526 0.0 0.0 0.0 1.0 0.0 0.0 8.0 0.0
1361.0041420274354 0.0 0.0 0.0 1.0 0.0 0.0 8.0 0.0
1362.00008054586 0.0 0.0 0.0 1.0 0.0 0.0 8.0 0.0
1363.007746545826 0.0 0.0 0.0 1.0 0.0 0.0 8.0 0.0
1364.0005755688248 0.0 0.0 0.0 1.0 0.0 0.0 8.0 0.0
1365.00021673723 0.0 0.0 0.0 1.0 0.0 0.0 8.0 0.0
1366.0055931799236 0.0 0.0 0.0 1.0 0.0 0.0 8.0 0.0
1367.0003440194007 0.0 0.0 0.0 1.0 0.0 0.0 8.0 0.0
1368.0127361273635 0.0 0.0 0.0 1.0 0.0 0.0 8.0 0.0
1369.000130398951 0.0 0.0 0.0 1.0 0.0 0.0 8.0 0.0
1370.0024341960973 0.0 0.0 0.0 1.0 0.0 0.0 8.0 0.0
1371.0097274883262 0.0 0.0 0.0 1.0 0.0 0.0 8.0 0.0
1372.0107539361718 0.0 0.0 0.0 1.0 0.0 0.0 8.0 0.0
1373.002299931386 0.0 0.0 0.0 1.0 0.0 0.0 8.0 0.0
1374.0084246383726 0.0 0.0 0.0 1.0 0.0 0.0 8.0 0.0
1375.0127361273635 0.0 0.0 0.0 1.0 0.0 0.0 8.0 0.0
1376.0016822592952 0.0 0.0 0.0 1.0 0.0 0.0 8.0 0.0
1377.0127361273635 0.0 0.0 0.0 1.0 0.0 0.0 8.0 0.0
1378.0024160121473 0.0 0.0 0.0 1.0 0.0 0.0 8.0 0.0
1379.0104137304756 0.0 0.0 0.0 1.0 0.0 0.0 8.0 0.0
1380.0031348772206 0.0 0.0 0.0 1.0 0.0 0.0 8.0 0.0
1381.0021626032055 0.0 0.0 0.0 1.0 0.0 0.0 8.0 0.0
1382.007849756149 0.0 0.0 0.0 1.0 0.0 0.0 8.0 0.0
1383.0093909732611 0.0 0.0 0.0 1.0 0.0 0.0 8.0 0.0
1384.0024046085655 0.0 0.0 0.0 1.0 0.0 0.0 8.0 0.0
1385.0121437877174 0.0 0.0 0.0 1.0 0.0 0.0 8.0 0.0
1386.0075121911286 0.0 0.0 0.0 1.0 0.0 0.0 8.0 0.0
1387.0046562380298 0.0 0.0 0.0 1.0 0.0 0.0 8.0 0.0
1388.0077100948474 0.0 0.0 0.0 1.0 0.0 0.0 8.0 0.0
1389.0046278339564 0.0 0.0 0.0 1.0 0.0 0.0 8.0 0.0
1390.0117818870694 0.0 0.0 0.0 1.0 0.0 0.0 8.0 0.0
1391.0070078006543 0.0 0.0 0.0 1.0 0.0 0.0 8.0 0.0
1392.0127361273635 0.0 0.0 0.0 1.0 0.0 0.0 8.0 0.0
1393.0006920833016 0.0 0.0 0.0 1.0 0.0 0.0 8.0 0.0
1394.0030810442142 0.0 0.0 0.0 1.0 0.0 0.0 8.0 0.0
1395.005708462385 0.0 0.0 0.0 1.0 0.0 0.0 8.0 0.0
1396.001718441454 0.0 0.0 0.0 1.0 0.0 0.0 8.0 0.0
1397.0059235219226 0.0 0.0 0.0 1.0 0.0 0.0 8.0 0.0
1398.0067322312318 0.0 0.0 0.0 1.0 0.0 0.0 8.0 0.0
1399.0113237725748 0.0 0.0 0.0 1.0 0.0 0.0 8.0 0.0
1400.0055656171357 0.0 0.0 0.0 1.0 0.0 0.0 8.0 0.0
1401.000133355037 0.0 0.0 0.0 1.0 0.0 0.0 8.0 0.0
1402.0108891518207 0.0 0.0 0.0 1.0 0.0 0.0 8.0 0.0
1403.0036899693444 0.0 0.0 0.0 1.0 0.0 0.0 8.0 0.0
1404.0075280325163 0.0 0.0 0.0 1.0 0.0 0.0 8.0 0.0
1405.0059515669498 0.0 0.0 0.0 1.0 0.0 0.0 8.0 0.0
1406.0070442108638 0.0 0.0 0.0 1.0 0.0 0.0 8.0 0.0
1407.0055154463962 0.0 0.0 0.0 1.0 0.0 0.0 8.0 0.0
1408.0079798513354 0.0 0.0 0.0 1.0 0.0 0.0 8.0 0.0
1409.0025911059695 0.0 0.0 0.0 1.0 0.0 0.0 8.0 0.0
1410.0042017358833 0.0 0.0 0.0 1.0 0.0 0.0 8.0 0.0
1411.0018145329375 0.0 0.0 0.0 1.0 0.0 0.0 8.0 0.0
1412.0032925173102 0.0 0.0 0.0 1.0 0.0 0.0 8.0 0.0
1413.004146946102 0.0 0.0 0.0 1.0 0.0 0.0 8.0 0.0
1414.0022297304758 0.0 0.0 0.0 1.0 0.0 0.0 8.0 0.0
1415.006754990686 0.0 0.0 0.0 1.0 0.0 0.0 8.0 0.0
1416.0066547714903 0.0 0.0 0.0 1.0 0.0 0.0 8.0 0.0
1417.0127361273635 0.0 0.0 0.0 1.0 0.0 0.0 8.0 0.0
1418.0103002712763 0.0 0.0 0.0 1.0 0.0 0.0 8.0 0.0
1419.004962208476 0.0 0.0 0.0 1.0 0.0 0.0 8.0 0.0
1420.0118420773704 0.0 0.0 0.0 1.0 0.0 0.0 8.0 0.0
1421.0045546550355 0.0 0.0 0.0 1.0 0.0 0.0 8.0 0.0
1422.0127361273635 0.0 0.0 0.0 1.0 0.0 0.0 8.0 0.0
1423.0001009352636 0.0 0.0 0.0 1.0 0.0 0.0 8.0 0.0
1424.0001021116964 0.0 0.0 0.0 1.0 0.0 0.0 8.0 0.0
1425.0020340962762 0.0 0.0 0.0 1.0 0.0 0.0 8.0 0.0
1426.0051631789968 0.0 0.0 0.0 1.0 0.0 0.0 8.0 0.0
1427.0017961836252 0.0 0.0 0.0 1.0 0.0 0.0 8.0 0.0
1428.0061735973593 0.0 0.0 0.0 1.0 0.0 0.0 8.0 0.0
1429.0050242441985 0.0 0.0 0.0 1.0 0.0 0.0 8.0 0.0
1430.0052008384987 0.0 0.0 0.0 1.0 0.0 0.0 8.0 0.0
1431.0096976397167 0.0 0.0 0.0 1.0 0.0 0.0 8.0 0.0
1432.0069486492612 0.0 0.0 0.0 1.0 0.0 0.0 8.0 0.0
1433.012024062319 0.0 0.0 0.0 1.0 0.0 0.0 8.0 0.0
1434.0014618521916 0.0 0.0 0.0 1.0 0.0 0.0 8.0 0.0
1435.001056539773 0.0 0.0 0.0 1.0 0.0 0.0 8.0 0.0
1436.0013618715525 0.0 0.0 0.0 1.0 0.0 0.0 8.0 0.0
1437.0058167383768 0.0 0.0 0.0 1.0 0.0 0.0 8.0 0.0
1438.0046701916754 0.0 0.0 0.0 1.0 0.0 0.0 8.0 0.0
1439.0014596134745 0.0 0.0 0.0 1.0 0.0 0.0 8.0 0.0
1440.0127361273635 0.0 0.0 0.0 1.0 0.0 0.0 8.0 0.0
1441.0119333463663 0.0 0.0 0.0 1.0 0.0 0.0 8.0 0.0
1442.0049543851471 0.0 0.0 0.0 1.0 0.0 0.0 8.0 0.0
1443.006324943989 0.0 0.0 0.0 1.0 0.0 0.0 8.0 0.0
1444.0001442736693 0.0 0.0 0.0 1.0 0.0 0.0 8.0 0.0
1445.0019306179236 0.0 0.0 0.0 1.0 0.0 0.0 8.0 0.0
1446.0063765125406 0.0 0.0 0.0 1.0 0.0 0.0 8.0 0.0
1447.0104989597744 0.0 0.0 0.0 1.0 0.0 0.0 8.0 0.0
1448.0002285165292 0.0 0.0 0.0 1.0 0.0 0.0 8.0 0.0
1449.0008511745511 0.0 0.0 0.0 1.0 0.0 0.0 8.0 0.0
1450.0127361273635 0.0 0.0 0.0 1.0 0.0 0.0 8.0 0.0
1451.0003277789592 0.0 0.0 0.0 1.0 0.0 0.0 8.0 0.0
1452.0066690505932 0.0 0.0 0.0 1.0 0.0 0.0 8.0 0.0
1453.0012750064511 0.0 0.0 0.0 1.0 0.0 0.0 8.0 0.0
1454.0022975395245 0.0 0.0 0.0 1.0 0.0 0.0 8.0 0.0
1455.008673433235 0.0 0.0 0.0 1.0 0.0 0.0 8.0 0.0
1456.0005218084643 0.0 0.0 0.0 1.0 0.0 0.0 8.0 0.0
1457.0010406418555 0.0 0.0 0.0 1.0 0.0 0.0 8.0 0.0
1458.005487981301 0.0 0.0 0.0 1.0 0.0 0.0 8.0 0.0
1459.0127361273635 0.0 0.0 0.0 1.0 0.0 0.0 8.0 0.0
1460.0065965991018 0.0 0.0 0.0 1.0 0.0 0.0 8.0 0.0
1461.0127361273635 0.0 0.0 0.0 1.0 0.0 0.0 8.0 0.0
1462.0127361273635 0.0 0.0 0.0 1.0 0.0 0.0 8.0 0.0
1463.001954787117 0.0 0.0 0.0 1.0 0.0 0.0 8.0 0.0
1464.0056181884902 0.0 0.0 0.0 1.0 0.0 0.0 8.0 0.0
1465.0011886342816 0.0 0.0 0.0 1.0 0.0 0.0 8.0 0.0
1466.0014548944564 0.0 0.0 0.0 1.0 0.0 0.0 8.0 0.0
1467.0009281497796 0.0 0.0 0.0 1.0 0.0 0.0 8.0 0.0
1468.0127361273635 0.0 0.0 0.0 1.0 0.0 0.0 8.0 0.0
1469.0089217627658 0.0 0.0 0.0 1.0 0.0 0.0 8.0 0.0
1470.010874527991 0.0 0.0 0.0 1.0 0.0 0.0 8.0 0.0
1471.0073997340771 0.0 0.0 0.0 1.0 0.0 0.0 8.0 0.0
1472.002969329589 0.0 0.0 0.0 1.0 0.0 0.0 8.0 0.0
1473.0073821461908 0.0 0.0 0.0 1.0 0.0 0.0 8.0 0.0
1474.0000896799177 0.0 0.0 0.0 1.0 0.0 0.0 8.0 0.0
1475.0067194724322 0.0 0.0 0.0 1.0 0.0 0.0 8.0 0.0
1476.0023652982613 0.0 0.0 0.0 1.0 0.0 0.0 8.0 0.0
1477.0046674848286 0.0 0.0 0.0 1.0 0.0 0.0 8.0 0.0
1478.0020249223296 0.0 0.0 0.0 1.0 0.0 0.0 8.0 0.0
1479.001361768185 0.0 0.0 0.0 1.0 0.0 0.0 8.0 0.0
1480.0120362830178 0.0 0.0 0.0 1.0 0.0 0.0 8.0 0.0
1481.0079905458472 0.0 0.0 0.0 1.0 0.0 0.0 8.0 0.0
1482.0127361273635 0.0 0.0 0.0 1.0 0.0 0.0 8.0 0.0
1483.0127361273635 0.0 0.0 0.0 1.0 0.0 0.0 8.0 0.0
1484.0016671333085 0.0 0.0 0.0 1.0 0.0 0.0 8.0 0.0
1485.0113613213077 0.0 0.0 0.0 1.0 0.0 0.0 8.0 0.0
1486.0127361273635 0.0 0.0 0.0 1.0 0.0 0.0 8.0 0.0
1487.0028601116317 0.0 0.0 0.0 1.0 0.0 0.0 8.0 0.0
1488.0012947368446 0.0 0.0 0.0 1.0 0.0 0.0 8.0 0.0
1489.0046628770406 0.0 0.0 0.0 1.0 0.0 0.0 8.0 0.0
1490.0090698885092 0.0 0.0 0.0 1.0 0.0 0.0 8.0 0.0
1491.0003894989284 0.0 0.0 0.0 1.0 0.0 0.0 8.0 0.0
1492.0086486598316 0.0 0.0 0.0 1.0 0.0 0.0 8.0 0.0
1493.0007454420895 0.0 0.0 0.0 1.0 0.0 0.0 8.0 0.0
1494.0044956957443 0.0 0.0 0.0 1.0 0.0 0.0 8.0 0.0
1495.0018676400648 0.0 0.0 0.0 1.0 0.0 0.0 8.0 0.0
1496.002996294624 0.0 0.0 0.0 1.0 0.0 0.0 8.0 0.0
1497.003375147763 0.0 0.0 0.0 1.0 0.0 0.0 8.0 0.0
1498.0127361273635 0.0 0.0 0.0 1.0 0.0 0.0 8.0 0.0
1499.0059142942766 0.0 0.0 0.0 1.0 0.0 0.0 8.0 0.0
1500.0009421519642 0.0 0.0 0.0 1.0 0.0 0.0 8.0 0.0
1501.0006632025347 0.0 0.0 0.0 1.0 0.0 0.0 8.0 0.0
1502.0123062581429 0.0 0.0 0.0 1.0 0.0 0.0 8.0 0.0
1503.008976978387 0.0 0.0 0.0 1.0 0.0 0.0 8.0 0.0
1504.003319421723 0.0 0.0 0.0 1.0 0.0 0.0 8.0 0.0
1505.0026647492673 0.0 0.0 0.0 1.0 0.0 0.0 8.0 0.0
1506.0113085830465 0.0 0.0 0.0 1.0 0.0 0.0 8.0 0.0
1507.0015243051648 0.0 0.0 0.0 1.0 0.0 0.0 8.0 0.0
1508.0002792505031 0.0 0.0 0.0 1.0 0.0 0.0 8.0 0.0
1509.0076862590508 0.0 0.0 0.0 1.0 0.0 0.0 8.0 0.0
1510.0019398857157 0.0 0.0 0.0 1.0 0.0 0.0 8.0 0.0
1511.0109872702142 0.0 0.0 0.0 1.0 0.0 0.0 8.0 0.0
1512.0127361273635 0.0 0.0 0.0 1.0 0.0 0.0 8.0 0.0
1513.0013831132346 0.0 0.0 0.0 1.0 0.0 0.0 8.0 0.0
1514.0074312864365 0.0 0.0 0.0 1.0 0.0 0.0 8.0 0.0
1515.0091305996134 0.0 0.0 0.0 1.0 0.0 0.0 8.0 0.0
1516.0058205576847 0.0 0.0 0.0 1.0 0.0 0.0 8.0 0.0
1517.0122929638976 0.0 0.0 0.0 1.0 0.0 0.0 8.0 0.0
1518.0001052981959 0.0 0.0 0.0 1.0 0.0 0.0 8.0 0.0
1519.00038407693 0.0 0.0 0.0 1.0 0.0 0.0 8.0 0.0
1520.0080005726725 0.0 0.0 0.0 1.0 0.0 0.0 8.0 0.0
1521.0127361273635 0.0 0.0 0.0 1.0 0.0 0.0 8.0 0.0
1522.0098571706421 0.0 0.0 0.0 1.0 0.0 0.0 8.0 0.0
1523.0127361273635 0.0 0.0 0.0 1.0 0.0 0.0 8.0 0.0
1524.0001492084866 0.0 0.0 0.0 1.0 0.0 0.0 8.0 0.0
1525.0043112764224 0.0 0.0 0.0 1.0 0.0 0.0 8.0 0.0
1526.0127361273635 0.0 0.0 0.0 1.0 0.0 0.0 8.0 0.0
1527.0007723065844 0.0 0.0 0.0 1.0 0.0 0.0 8.0 0.0
1528.0084240084168 0.0 0.0 0.0 1.0 0.0 0.0 8.0 0.0
1529.0127361273635 0.0 0.0 0.0 1.0 0.0 0.0 8.0 0.0
1530.0032936391078 0.0 0.0 0.0 1.0 0.0 0.0 8.0 0.0
1531.005135559726 0.0 0.0 0.0 1.0 0.0 0.0 8.0 0.0
1532.0127361273635 0.0 0.0 0.0 1.0 0.0 0.0 8.0 0.0
1533.0127361273635 0.0 0.0 0.0 1.0 0.0 0.0 8.0 0.0
1534.0127361273635 0.0 0.0 0.0 1.0 0.0 0.0 8.0 0.0
1535.0039005461779 0.0 0.0 0.0 1.0 0.0 0.0 8.0 0.0
1536.000598231583 0.0 0.0 0.0 1.0 0.0 0.0 8.0 0.0
1537.0127361273635 0.0 0.0 0.0 1.0 0.0 0.0 8.0 0.0
1538.0127361273635 0.0 0.0 0.0 1.0 0.0 0.0 8.0 0.0
1539.0000877942337 0.0 0.0 0.0 1.0 0.0 0.0 8.0 0.0
1540.0001367991897 0.0 0.0 0.0 1.0 0.0 0.0 8.0 0.0
1541.0101897748648 0.0 0.0 0.0 1.0 0.0 0.0 8.0 0.0
1542.009014316163 0.0 0.0 0.0 1.0 0.0 0.0 8.0 0.0
1543.0052084320198 0.0 0.0 0.0 1.0 0.0 0.0 8.0 0.0
1544.000103949677 0.0 0.0 0.0 1.0 0.0 0.0 8.0 0.0
1545.001618860299 0.0 0.0 0.0 1.0 0.0 0.0 8.0 0.0
1546.0079690424973 0.0 0.0 0.0 1.0 0.0 0.0 8.0 0.0
1547.0022912657814 0.0 0.0 0.0 1.0 0.0 0.0 8.0 0.0
1548.0110795720122 0.0 0.0 0.0 1.0 0.0 0.0 8.0 0.0
1549.0021358268234 0.0 0.0 0.0 1.0 0.0 0.0 8.0 0.0
1550.0127361273635 0.0 0.0 0.0 1.0 0.0 0.0 8.0 0.0
1551.0095225218745 0.0 0.0 0.0 1.0 0.0 0.0 8.0 0.0
1552.0082255082766 0.0 0.0 0.0 1.0 0.0 0.0 8.0 0.0
1553.0000315970908 0.0 0.0 0.0 1.0 0.0 0.0 8.0 0.0
1554.0110708621248 0.0 0.0 0.0 1.0 0.0 0.0 8.0 0.0
1555.0091205289482 0.0 0.0 0.0 1.0 0.0 0.0 8.0 0.0
1556.0049126410074 0.0 0.0 0.0 1.0 0.0 0.0 8.0 0.0
1557.0029277341746 0.0 0.0 0.0 1.0 0.0 0.0 8.0 0.0
1558.0067648296567 0.0 0.0 0.0 1.0 0.0 0.0 8.0 0.0
1559.0115238201897 0.0 0.0 0.0 1.0 0.0 0.0 8.0 0.0
1560.001923601298 0.0 0.0 0.0 1.0 0.0 0.0 8.0 0.0
1561.0040705791416 0.0 0.0 0.0 1.0 0.0 0.0 8.0 0.0
1562.011903469938 0.0 0.0 0.0 1.0 0.0 0.0 8.0 0.0
1563.0001446627643 0.0 0.0 0.0 1.0 0.0 0.0 8.0 0.0
1564.0005995966387 0.0 0.0 0.0 1.0 0.0 0.0 8.0 0.0
1565.0127361273635 0.0 0.0 0.0 1.0 0.0 0.0 8.0 0.0
1566.0007397933018 0.0 0.0 0.0 1.0 0.0 0.0 8.0 0.0
1567.0014854533001 0.0 0.0 0.0 1.0 0.0 0.0 8.0 0.0
1568.0007179896663 0.0 0.0 0.0 1.0 0.0 0.0 8.0 0.0
1569.0093383609603 0.0 0.0 0.0 1.0 0.0 0.0 8.0 0.0
1570.0127361273635 0.0 0.0 0.0 1.0 0.0 0.0 8.0 0.0
1571.0066637207767 0.0 0.0 0.0 1.0 0.0 0.0 8.0 0.0
1572.0127361273635 0.0 0.0 0.0 1.0 0.0 0.0 8.0 0.0
1573.0023031691003 0.0 0.0 0.0 1.0 0.0 0.0 8.0 0.0
1574.0046019908943 0.0 0.0 0.0 1.0 0.0 0.0 8.0 0.0
1575.0055480156375 0.0 0.0 0.0 1.0 0.0 0.0 8.0 0.0
1576.001385633172 0.0 0.0 0.0 1.0 0.0 0.0 8.0 0.0
1577.0022280734609 0.0 0.0 0.0 1.0 0.0 0.0 8.0 0.0
1578.0127361273635 0.0 0.0 0.0 1.0 0.0 0.0 8.0 0.0
1579.0127361273635 0.0 0.0 0.0 1.0 0.0 0.0 8.0 0.0
1580.0098245201953 0.0 0.0 0.0 1.0 0.0 0.0 8.0 0.0
1581.0119974978393 0.0 0.0 0.0 1.0 0.0 0.0 8.0 0.0
1582.0009323714862 0.0 0.0 0.0 1.0 0.0 0.0 8.0 0.0
1583.002198588882 0.0 0.0 0.0 1.0 0.0 0.0 8.0 0.0
1584.0034260849425 0.0 0.0 0.0 1.0 0.0 0.0 8.0 0.0
1585.0035860047233 0.0 0.0 0.0 1.0 0.0 0.0 8.0 0.0
1586.0022171329504 0.0 0.0 0.0 1.0 0.0 0.0 8.0 0.0
1587.0103571486002 0.0 0.0 0.0 1.0 0.0 0.0 8.0 0.0
1588.0035819269021 0.0 0.0 0.0 1.0 0.0 0.0 8.0 0.0
1589.0055900787925 0.0 0.0 0.0 1.0 0.0 0.0 8.0 0.0
1590.0020560126761 0.0 0.0 0.0 1.0 0.0 0.0 8.0 0.0
1591.0058490353501 0.0 0.0 0.0 1.0 0.0 0.0 8.0 0.0
1592.0001518266542 0.0 0.0 0.0 1.0 0.0 0.0 8.0 0.0
1593.0044462974352 0.0 0.0 0.0 1.0 0.0 0.0 8.0 0.0
1594.0026245702345 0.0 0.0 0.0 1.0 0.0 0.0 8.0 0.0
1595.0127361273635 0.0 0.0 0.0 1.0 0.0 0.0 8.0 0.0
1596.0000589536844 0.0 0.0 0.0 1.0 0.0 0.0 8.0 0.0
1597.0035093636845 0.0 0.0 0.0 1.0 0.0 0.0 8.0 0.0
1598.0066554049743 0.0 0.0 0.0 1.0 0.0 0.0 8.0 0.0
1599.0004286898686 0.0 0.0 0.0 1.0 0.0 0.0 8.0 0.0
1600.0008225331492 0.0 0.0 0.0 1.0 0.0 0.0 8.0 0.0
1601.006017331905 0.0 0.0 0.0 1.0 0.0 0.0 8.0 0.0
1602.0127361273635 0.0 0.0 0.0 1.0 0.0 0.0 8.0 0.0
1603.008552611368 0.0 0.0 0.0 1.0 0.0 0.0 8.0 0.0
1604.0127361273635 0.0 0.0 0.0 1.0 0.0 0.0 8.0 0.0
1605.005552492598 0.0 0.0 0.0 1.0 0.0 0.0 8.0 0.0
1606.004360631684 0.0 0.0 0.0 1.0 0.0 0.0 8.0 0.0
1607.0019165741649 0.0 0.0 0.0 1.0 0.0 0.0 8.0 0.0
1608.0093067737405 0.0 0.0 0.0 1.0 0.0 0.0 8.0 0.0
1609.0127361273635 0.0 0.0 0.0 1.0 0.0 0.0 8.0 0.0
1610.0110498506754 0.0 0.0 0.0 1.0 0.0 0.0 8.0 0.0
1611.0044701173597 0.0 0.0 0.0 1.0 0.0 0.0 8.0 0.0
1612.0004512615096 0.0 0.0 0.0 1.0 0.0 0.0 8.0 0.0
1613.0104644969797 0.0 0.0 0.0 1.0 0.0 0.0 8.0 0.0
1614.0057124927707 0.0 0.0 0.0 1.0 0.0 0.0 8.0 0.0
1615.009525914619 0.0 0.0 0.0 1.0 0.0 0.0 8.0 0.0
1616.0037780488135 0.0 0.0 0.0 1.0 0.0 0.0 8.0 0.0
1617.0127361273635 0.0 0.0 0.0 1.0 0.0 0.0 8.0 0.0
1618.0024843099184 0.0 0.0 0.0 1.0 0.0 0.0 8.0 0.0
1619.00296368632 0.0 0.0 0.0 1.0 0.0 0.0 8.0 0.0
1620.0034214906327 0.0 0.0 0.0 1.0 0.0 0.0 8.0 0.0
1621.0021483550147 0.0 0.0 0.0 1.0 0.0 0.0 8.0 0.0
1622.0022311911662 0.0 0.0 0.0 1.0 0.0 0.0 8.0 0.0
1623.0002604150316 0.0 0.0 0.0 1.0 0.0 0.0 8.0 0.0
1624.0046042233178 0.0 0.0 0.0 1.0 0.0 0.0 8.0 0.0
1625.0104238251968 0.0 0.0 0.0 1.0 0.0 0.0 8.0 0.0
1626.0104002107935 0.0 0.0 0.0 1.0 0.0 0.0 8.0 0.0
1627.0072652135323 0.0 0.0 0.0 1.0 0.0 0.0 8.0 0.0
1628.0004039213152 0.0 0.0 0.0 1.0 0.0 0.0 8.0 0.0
1629.0089941889037 0.0 0.0 0.0 1.0 0.0 0.0 8.0 0.0
1630.0015196334693 0.0 0.0 0.0 1.0 0.0 0.0 8.0 0.0
1631.0125855130082 0.0 0.0 0.0 1.0 0.0 0.0 8.0 0.0
1632.005915363031 0.0 0.0 0.0 1.0 0.0 0.0 8.0 0.0
1633.0024179139564 0.0 0.0 0.0 1.0 0.0 0.0 8.0 0.0
1634.0060653426594 0.0 0.0 0.0 1.0 0.0 0.0 8.0 0.0
1635.011449472885 0.0 0.0 0.0 1.0 0.0 0.0 8.0 0.0
1636.0000092621876 0.0 0.0 0.0 1.0 0.0 0.0 8.0 0.0
1637.0000235274606 0.0 0.0 0.0 1.0 0.0 0.0 8.0 0.0
1638.001405949959 0.0 0.0 0.0 1.0 0.0 0.0 8.0 0.0
1639.0009328241463 0.0 0.0 0.0 1.0 0.0 0.0 8.0 0.0
1640.0127361273635 0.0 0.0 0.0 1.0 0.0 0.0 8.0 0.0
1641.007112956537 0.0 0.0 0.0 1.0 0.0 0.0 8.0 0.0
1642.0007718028016 0.0 0.0 0.0 1.0 0.0 0.0 8.0 0.0
1643.0068696650194 0.0 0.0 0.0 1.0 0.0 0.0 8.0 0.0
1644.0002242356043 0.0 0.0 0.0 1.0 0.0 0.0 8.0 0.0
1645.0047687483093 0.0 0.0 0.0 1.0 0.0 0.0 8.0 0.0
1646.0066434093105 0.0 0.0 0.0 1.0 0.0 0.0 8.0 0.0
1647.008751996068 0.0 0.0 0.0 1.0 0.0 0.0 8.0 0.0
1648.0029848211489 0.0 0.0 0.0 1.0 0.0 0.0 8.0 0.0
1649.0127361273635 0.0 0.0 0.0 1.0 0.0 0.0 8.0 0.0
1650.0013382248887 0.0 0.0 0.0 1.0 0.0 0.0 8.0 0.0
1651.0029319325834 0.0 0.0 0.0 1.0 0.0 0.0 8.0 0.0
1652.006854310821 0.0 0.0 0.0 1.0 0.0 0.0 8.0 0.0
1653.0030008491813 0.0 0.0 0.0 1.0 0.0 0.0 8.0 0.0
1654.0007497726056 0.0 0.0 0.0 1.0 0.0 0.0 8.0 0.0
1655.0042708143385 0.0 0.0 0.0 1.0 0.0 0.0 8.0 0.0
1656.0127361273635 0.0 0.0 0.0 1.0 0.0 0.0 8.0 0.0
1657.0019764629128 0.0 0.0 0.0 1.0 0.0 0.0 8.0 0.0
1658.0000917973985 0.0 0.0 0.0 1.0 0.0 0.0 8.0 0.0
1659.006374496443 0.0 0.0 0.0 1.0 0.0 0.0 8.0 0.0
1660.0066899972285 0.0 0.0 0.0 1.0 0.0 0.0 8.0 0.0
1661.0002487662612 0.0 0.0 0.0 1.0 0.0 0.0 8.0 0.0
1662.0024792207016 0.0 0.0 0.0 1.0 0.0 0.0 8.0 0.0
1663.0040480578582 0.0 0.0 0.0 1.0 0.0 0.0 8.0 0.0
1664.0041407039953 0.0 0.0 0.0 1.0 0.0 0.0 8.0 0.0
1665.0030184162201 0.0 0.0 0.0 1.0 0.0 0.0 8.0 0.0
1666.010303061414 0.0 0.0 0.0 1.0 0.0 0.0 8.0 0.0
1667.0127361273635 0.0 0.0 0.0 1.0 0.0 0.0 8.0 0.0
1668.0010827523631 0.0 0.0 0.0 1.0 0.0 0.0 8.0 0.0
1669.0023793734279 0.0 0.0 0.0 1.0 0.0 0.0 8.0 0.0
1670.001130855049 0.0 0.0 0.0 1.0 0.0 0.0 8.0 0.0
1671.0023691583103 0.0 0.0 0.0 1.0 0.0 0.0 8.0 0.0
1672.0018481898246 0.0 0.0 0.0 1.0 0.0 0.0 8.0 0.0
1673.0127361273635 0.0 0.0 0.0 1.0 0.0 0.0 8.0 0.0
1674.0127361273635 0.0 0.0 0.0 1.0 0.0 0.0 8.0 0.0
1675.0122747443754 0.0 0.0 0.0 1.0 0.0 0.0 8.0 0.0
1676.0033650524488 0.0 0.0 0.0 1.0 0.0 0.0 8.0 0.0
1677.002630542978 0.0 0.0 0.0 1.0 0.0 0.0 8.0 0.0
1678.0127361273635 0.0 0.0 0.0 1.0 0.0 0.0 8.0 0.0
1679.0127361273635 0.0 0.0 0.0 1.0 0.0 0.0 8.0 0.0
1680.0099689615845 0.0 0.0 0.0 1.0 0.0 0.0 8.0 0.0
1681.001637937364 0.0 0.0 0.0 1.0 0.0 0.0 8.0 0.0
1682.0127361273635 0.0 0.0 0.0 1.0 0.0 0.0 8.0 0.0
1683.001331552746 0.0 0.0 0.0 1.0 0.0 0.0 8.0 0.0
1684.004438678737 0.0 0.0 0.0 1.0 0.0 0.0 8.0 0.0
1685.0003434173416 0.0 0.0 0.0 1.0 0.0 0.0 8.0 0.0
1686.0037657565786 0.0 0.0 0.0 1.0 0.0 0.0 8.0 0.0
1687.00539146434 0.0 0.0 0.0 1.0 0.0 0.0 8.0 0.0
1688.0040972982163 0.0 0.0 0.0 1.0 0.0 0.0 8.0 0.0
1689.0002569416986 0.0 0.0 0.0 1.0 0.0 0.0 8.0 0.0
1690.0054812486242 0.0 0.0 0.0 1.0 0.0 0.0 8.0 0.0
1691.0105189969263 0.0 0.0 0.0 1.0 0.0 0.0 8.0 0.0
1692.0051001931795 0.0 0.0 0.0 1.0 0.0 0.0 8.0 0.0
1693.0127361273635 0.0 0.0 0.0 1.0 0.0 0.0 8.0 0.0
1694.0027761525857 0.0 0.0 0.0 1.0 0.0 0.0 8.0 0.0
1695.0127361273635 0.0 0.0 0.0 1.0 0.0 0.0 8.0 0.0
1696.0003586741434 0.0 0.0 0.0 1.0 0.0 0.0 8.0 0.0
1697.0127361273635 0.0 0.0 0.0 1.0 0.0 0.0 8.0 0.0
1698.0010742272125 0.0 0.0 0.0 1.0 0.0 0.0 8.0 0.0
1699.002618741217 0.0 0.0 0.0 1.0 0.0 0.0 8.0 0.0
1700.000292351474 0.0 0.0 0.0 1.0 0.0 0.0 8.0 0.0
1701.0127361273635 0.0 0.0 0.0 1.0 0.0 0.0 8.0 0.0
1702.0127361273635 0.0 0.0 0.0 1.0 0.0 0.0 8.0 0.0
1703.0002576270526 0.0 0.0 0.0 1.0 0.0 0.0 8.0 0.0
1704.0035986151563 0.0 0.0 0.0 1.0 0.0 0.0 8.0 0.0
1705.005222766987 0.0 0.0 0.0 1.0 0.0 0.0 8.0 0.0
1706.0018235893795 0.0 0.0 0.0 1.0 0.0 0.0 8.0 0.0
1707.0020933656422 0.0 0.0 0.0 1.0 0.0 0.0 8.0 0.0
1708.004159994666 0.0 0.0 0.0 1.0 0.0 0.0 8.0 0.0
1709.0000412088516 0.0 0.0 0.0 1.0 0.0 0.0 8.0 0.0
1710.0096385362942 0.0 0.0 0.0 1.0 0.0 0.0 8.0 0.0
1711.0002241887405 0.0 0.0 0.0 1.0 0.0 0.0 8.0 0.0
1712.0015645058977 0.0 0.0 0.0 1.0 0.0 0.0 8.0 0.0
1713.0119398152785 0.0 0.0 0.0 1.0 0.0 0.0 8.0 0.0
1714.005316445221 0.0 0.0 0.0 1.0 0.0 0.0 8.0 0.0
1715.011269396772 0.0 0.0 0.0 1.0 0.0 0.0 8.0 0.0
1716.00416892627 0.0 0.0 0.0 1.0 0.0 0.0 8.0 0.0
1717.000888001667 0.0 0.0 0.0 1.0 0.0 0.0 8.0 0.0
1718.0127361273635 0.0 0.0 0.0 1.0 0.0 0.0 8.0 0.0
1719.0086047487925 0.0 0.0 0.0 1.0 0.0 0.0 8.0 0.0
1720.001567474858 0.0 0.0 0.0 1.0 0.0 0.0 8.0 0.0
1721.0048333000902 0.0 0.0 0.0 1.0 0.0 0.0 8.0 0.0
1722.0023393471647 0.0 0.0 0.0 1.0 0.0 0.0 8.0 0.0
1723.0086644238932 0.0 0.0 0.0 1.0 0.0 0.0 8.0 0.0
1724.0087277781397 0.0 0.0 0.0 1.0 0.0 0.0 8.0 0.0
1725.007270625152 0.0 0.0 0.0 1.0 0.0 0.0 8.0 0.0
1726.0005985674898 0.0 0.0 0.0 1.0 0.0 0.0 8.0 0.0
1727.0000882080922 0.0 0.0 0.0 1.0 0.0 0.0 8.0 0.0
1728.0127361273635 0.0 0.0 0.0 1.0 0.0 0.0 8.0 0.0
1729.004538148153 0.0 0.0 0.0 1.0 0.0 0.0 8.0 0.0
1730.0111617576115 0.0 0.0 0.0 1.0 0.0 0.0 8.0 0.0
1731.0127361273635 0.0 0.0 0.0 1.0 0.0 0.0 8.0 0.0
1732.0011718817268 0.0 0.0 0.0 1.0 0.0 0.0 8.0 0.0
1733.0032946992067 0.0 0.0 0.0 1.0 0.0 0.0 8.0 0.0
1734.0127361273635 0.0 0.0 0.0 1.0 0.0 0.0 8.0 0.0
1735.0127361273635 0.0 0.0 0.0 1.0 0.0 0.0 8.0 0.0
1736.0068869493923 0.0 0.0 0.0 1.0 0.0 0.0 8.0 0.0
1737.0016437409472 0.0 0.0 0.0 1.0 0.0 0.0 8.0 0.0
1738.0003803583536 0.0 0.0 0.0 1.0 0.0 0.0 8.0 0.0
1739.0069570889896 0.0 0.0 0.0 1.0 0.0 0.0 8.0 0.0
1740.010071667754 0.0 0.0 0.0 1.0 0.0 0.0 8.0 0.0
1741.0007670487432 0.0 0.0 0.0 1.0 0.0 0.0 8.0 0.0
1742.0043175410358 0.0 0.0 0.0 1.0 0.0 0.0 8.0 0.0
1743.0041722473077 0.0 0.0 0.0 1.0 0.0 0.0 8.0 0.0
1744.0017090326153 0.0 0.0 0.0 1.0 0.0 0.0 8.0 0.0
1745.0057210313864 0.0 0.0 0.0 1.0 0.0 0.0 8.0 0.0
1746.0127361273635 0.0 0.0 0.0 1.0 0.0 0.0 8.0 0.0
1747.0025736770265 0.0 0.0 0.0 1.0 0.0 0.0 8.0 0.0
1748.0089239534673 0.0 0.0 0.0 1.0 0.0 0.0 8.0 0.0
1749.001134863786 0.0 0.0 0.0 1.0 0.0 0.0 8.0 0.0
1750.0107440134377 0.0 0.0 0.0 1.0 0.0 0.0 8.0 0.0
1751.000298623705 0.0 0.0 0.0 1.0 0.0 0.0 8.0 0.0
1752.002439674119 0.0 0.0 0.0 1.0 0.0 0.0 8.0 0.0
1753.0059136376483 0.0 0.0 0.0 1.0 0.0 0.0 8.0 0.0
1754.0127361273635 0.0 0.0 0.0 1.0 0.0 0.0 8.0 0.0
1755.0017428308443 0.0 0.0 0.0 1.0 0.0 0.0 8.0 0.0
1756.0084655826313 0.0 0.0 0.0 1.0 0.0 0.0 8.0 0.0
1757.0022561360954 0.0 0.0 0.0 1.0 0.0 0.0 8.0 0.0
1758.0021641293165 0.0 0.0 0.0 1.0 0.0 0.0 8.0 0.0
1759.0013494936338 0.0 0.0 0.0 1.0 0.0 0.0 8.0 0.0
1760.0045429723377 0.0 0.0 0.0 1.0 0.0 0.0 8.0 0.0
1761.000505431638 0.0 0.0 0.0 1.0 0.0 0.0 8.0 0.0
1762.0044014674977 0.0 0.0 0.0 1.0 0.0 0.0 8.0 0.0
1763.0039435858412 0.0 0.0 0.0 1.0 0.0 0.0 8.0 0.0
1764.0058452336145 0.0 0.0 0.0 1.0 0.0 0.0 8.0 0.0
1765.0003452767673 0.0 0.0 0.0 1.0 0.0 0.0 8.0 0.0
1766.0086952783204 0.0 0.0 0.0 1.0 0.0 0.0 8.0 0.0
1767.0062394190752 0.0 0.0 0.0 1.0 0.0 0.0 8.0 0.0
1768.008482165366 0.0 0.0 0.0 1.0 0.0 0.0 8.0 0.0
1769.0009525859866 0.0 0.0 0.0 1.0 0.0 0.0 8.0 0.0
1770.0038165503129 0.0 0.0 0.0 1.0 0.0 0.0 8.0 0.0
1771.0037741096182 0.0 0.0 0.0 1.0 0.0 0.0 8.0 0.0
1772.0007918372119 0.0 0.0 0.0 1.0 0.0 0.0 8.0 0.0
1773.0039147451846 0.0 0.0 0.0 1.0 0.0 0.0 8.0 0.0
1774.0044380893216 0.0 0.0 0.0 1.0 0.0 0.0 8.0 0.0
1775.0127361273635 0.0 0.0 0.0 1.0 0.0 0.0 8.0 0.0
1776.0127361273635 0.0 0.0 0.0 1.0 0.0 0.0 8.0 0.0
1777.0126859238649 0.0 0.0 0.0 1.0 0.0 0.0 8.0 0.0
1778.0127361273635 0.0 0.0 0.0 1.0 0.0 0.0 8.0 0.0
1779.0043487654139 0.0 0.0 0.0 1.0 0.0 0.0 8.0 0.0
1780.005783518487 0.0 0.0 0.0 1.0 0.0 0.0 8.0 0.0
1781.0006152594924 0.0 0.0 0.0 1.0 0.0 0.0 8.0 0.0
1782.007421149973 0.0 0.0 0.0 1.0 0.0 0.0 8.0 0.0
1783.0002489294063 0.0 0.0 0.0 1.0 0.0 0.0 8.0 0.0
1784.0024804163972 0.0 0.0 0.0 1.0 0.0 0.0 8.0 0.0
1785.0035264775913 0.0 0.0 0.0 1.0 0.0 0.0 8.0 0.0
1786.0127361273635 0.0 0.0 0.0 1.0 0.0 0.0 8.0 0.0
1787.000799693399 0.0 0.0 0.0 1.0 0.0 0.0 8.0 0.0
1788.0048739934264 0.0 0.0 0.0 1.0 0.0 0.0 8.0 0.0
1789.0127361273635 0.0 0.0 0.0 1.0 0.0 0.0 8.0 0.0
1790.0009585357234 0.0 0.0 0.0 1.0 0.0 0.0 8.0 0.0
1791.0063434153462 0.0 0.0 0.0 1.0 0.0 0.0 8.0 0.0
1792.0012703501247 0.0 0.0 0.0 1.0 0.0 0.0 8.0 0.0
1793.0021442907803 0.0 0.0 0.0 1.0 0.0 0.0 8.0 0.0
1794.000129679085 0.0 0.0 0.0 1.0 0.0 0.0 8.0 0.0
1795.0013708211968 0.0 0.0 0.0 1.0 0.0 0.0 8.0 0.0
1796.0085762687813 0.0 0.0 0.0 1.0 0.0 0.0 8.0 0.0
1797.0119506576882 0.0 0.0 0.0 1.0 0.0 0.0 8.0 0.0
1798.0014179343548 0.0 0.0 0.0 1.0 0.0 0.0 8.0 0.0
1799.0017851721886 0.0 0.0 0.0 1.0 0.0 0.0 8.0 0.0
1800.003697048862 0.0 0.0 0.0 1.0 0.0 0.0 8.0 0.0
1801.0127361273635 0.0 0.0 0.0 1.0 0.0 0.0 8.0 0.0
1802.0115677489384 0.0 0.0 0.0 1.0 0.0 0.0 8.0 0.0
1803.0030283987753 0.0 0.0 0.0 1.0 0.0 0.0 8.0 0.0
1804.0078428557451 0.0 0.0 0.0 1.0 0.0 0.0 8.0 0.0
1805.0088322178508 0.0 0.0 0.0 1.0 0.0 0.0 8.0 0.0
1806.0004275161432 0.0 0.0 0.0 1.0 0.0 0.0 8.0 0.0
1807.0039184625518 0.0 0.0 0.0 1.0 0.0 0.0 8.0 0.0
1808.0032195771805 0.0 0.0 0.0 1.0 0.0 0.0 8.0 0.0
1809.0019590926054 0.0 0.0 0.0 1.0 0.0 0.0 8.0 0.0
1810.007993354412 0.0 0.0 0.0 1.0 0.0 0.0 8.0 0.0
1811.002570163032 0.0 0.0 0.0 1.0 0.0 0.0 8.0 0.0
1812.0011294639867 0.0 0.0 0.0 1.0 0.0 0.0 8.0 0.0
1813.0071894998343 0.0 0.0 0.0 1.0 0.0 0.0 8.0 0.0
1814.0037034197205 0.0 0.0 0.0 1.0 0.0 0.0 8.0 0.0
1815.0127361273635 0.0 0.0 0.0 1.0 0.0 0.0 8.0 0.0
1816.0127361273635 0.0 0.0 0.0 1.0 0.0 0.0 8.0 0.0
1817.0127361273635 0.0 0.0 0.0 1.0 0.0 0.0 8.0 0.0
1818.0031575240662 0.0 0.0 0.0 1.0 0.0 0.0 8.0 0.0
1819.0127361273635 0.0 0.0 0.0 1.0 0.0 0.0 8.0 0.0
1820.0127361273635 0.0 0.0 0.0 1.0 0.0 0.0 8.0 0.0
1821.0127361273635 0.0 0.0 0.0 1.0 0.0 0.0 8.0 0.0
1822.0040136276243 0.0 0.0 0.0 1.0 0.0 0.0 8.0 0.0
1823.0079653970483 0.0 0.0 0.0 1.0 0.0 0.0 8.0 0.0
1824.004174262237 0.0 0.0 0.0 1.0 0.0 0.0 8.0 0.0
1825.0092534310768 0.0 0.0 0.0 1.0 0.0 0.0 8.0 0.0
1826.0040433820009 0.0 0.0 0.0 1.0 0.0 0.0 8.0 0.0
1827.0127361273635 0.0 0.0 0.0 1.0 0.0 0.0 8.0 0.0
1828.0004454917998 0.0 0.0 0.0 1.0 0.0 0.0 8.0 0.0
1829.001182588463 0.0 0.0 0.0 1.0 0.0 0.0 8.0 0.0
1830.0019604245983 0.0 0.0 0.0 1.0 0.0 0.0 8.0 0.0
1831.0012434663388 0.0 0.0 0.0 1.0 0.0 0.0 8.0 0.0
1832.0127361273635 0.0 0.0 0.0 1.0 0.0 0.0 8.0 0.0
1833.001622313271 0.0 0.0 0.0 1.0 0.0 0.0 8.0 0.0
1834.0058245366972 0.0 0.0 0.0 1.0 0.0 0.0 8.0 0.0
1835.0084560182966 0.0 0.0 0.0 1.0 0.0 0.0 8.0 0.0
1836.0109506628476 0.0 0.0 0.0 1.0 0.0 0.0 8.0 0.0
1837.0030748319778 0.0 0.0 0.0 1.0 0.0 0.0 8.0 0.0
1838.0029027757373 0.0 0.0 0.0 1.0 0.0 0.0 8.0 0.0
1839.0084264363584 0.0 0.0 0.0 1.0 0.0 0.0 8.0 0.0
1840.0115644085229 0.0 0.0 0.0 1.0 0.0 0.0 8.0 0.0
1841.000368742026 0.0 0.0 0.0 1.0 0.0 0.0 8.0 0.0
1842.0127361273635 0.0 0.0 0.0 1.0 0.0 0.0 8.0 0.0
1843.002118368901 0.0 0.0 0.0 1.0 0.0 0.0 8.0 0.0
1844.0033978211343 0.0 0.0 0.0 1.0 0.0 0.0 8.0 0.0
1845.0014082167645 0.0 0.0 0.0 1.0 0.0 0.0 8.0 0.0
1846.0127361273635 0.0 0.0 0.0 1.0 0.0 0.0 8.0 0.0
1847.0002608130997 0.0 0.0 0.0 1.0 0.0 0.0 8.0 0.0
1848.0002452113947 0.0 0.0 0.0 1.0 0.0 0.0 8.0 0.0
1849.0002640807143 0.0 0.0 0.0 1.0 0.0 0.0 8.0 0.0
1850.0098481896384 0.0 0.0 0.0 1.0 0.0 0.0 8.0 0.0
1851.0021286289457 0.0 0.0 0.0 1.0 0.0 0.0 8.0 0.0
1852.0011046207605 0.0 0.0 0.0 1.0 0.0 0.0 8.0 0.0
1853.01059337979 0.0 0.0 0.0 1.0 0.0 0.0 8.0 0.0
1854.0007397017416 0.0 0.0 0.0 1.0 0.0 0.0 8.0 0.0
1855.012502477664 0.0 0.0 0.0 1.0 0.0 0.0 8.0 0.0
1856.0012926562765 0.0 0.0 0.0 1.0 0.0 0.0 8.0 0.0
1857.0070075356903 0.0 0.0 0.0 1.0 0.0 0.0 8.0 0.0
1858.0048623525024 0.0 0.0 0.0 1.0 0.0 0.0 8.0 0.0
1859.0127361273635 0.0 0.0 0.0 1.0 0.0 0.0 8.0 0.0
1860.0127361273635 0.0 0.0 0.0 1.0 0.0 0.0 8.0 0.0
1861.010066333093 0.0 0.0 0.0 1.0 0.0 0.0 8.0 0.0
1862.0120974752263 0.0 0.0 0.0 1.0 0.0 0.0 8.0 0.0
1863.0049081266518 0.0 0.0 0.0 1.0 0.0 0.0 8.0 0.0
1864.008642907511 0.0 0.0 0.0 1.0 0.0 0.0 8.0 0.0
1865.011475418438 0.0 0.0 0.0 1.0 0.0 0.0 8.0 0.0
1866.0070509797217 0.0 0.0 0.0 1.0 0.0 0.0 8.0 0.0
1867.008489014732 0.0 0.0 0.0 1.0 0.0 0.0 8.0 0.0
1868.0091593695292 0.0 0.0 0.0 1.0 0.0 0.0 8.0 0.0
1869.001216823758 0.0 0.0 0.0 1.0 0.0 0.0 8.0 0.0
1870.0005134418986 0.0 0.0 0.0 1.0 0.0 0.0 8.0 0.0
1871.000595557855 0.0 0.0 0.0 1.0 0.0 0.0 8.0 0.0
1872.0127361273635 0.0 0.0 0.0 1.0 0.0 0.0 8.0 0.0
1873.0112349281437 0.0 0.0 0.0 1.0 0.0 0.0 8.0 0.0
1874.0080557235524 0.0 0.0 0.0 1.0 0.0 0.0 8.0 0.0
1875.0058967001366 0.0 0.0 0.0 1.0 0.0 0.0 8.0 0.0
1876.0087058001097 0.0 0.0 0.0 1.0 0.0 0.0 8.0 0.0
1877.010406029151 0.0 0.0 0.0 1.0 0.0 0.0 8.0 0.0
1878.0047675429282 0.0 0.0 0.0 1.0 0.0 0.0 8.0 0.0
1879.0026209200234 0.0 0.0 0.0 1.0 0.0 0.0 8.0 0.0
1880.003102338217 0.0 0.0 0.0 1.0 0.0 0.0 8.0 0.0
1881.0066879432125 0.0 0.0 0.0 1.0 0.0 0.0 8.0 0.0
1882.0048737569548 0.0 0.0 0.0 1.0 0.0 0.0 8.0 0.0
1883.0127361273635 0.0 0.0 0.0 1.0 0.0 0.0 8.0 0.0
1884.011184730724 0.0 0.0 0.0 1.0 0.0 0.0 8.0 0.0
1885.005908619227 0.0 0.0 0.0 1.0 0.0 0.0 8.0 0.0
1886.0008624793195 0.0 0.0 0.0 1.0 0.0 0.0 8.0 0.0
1887.0012804926362 0.0 0.0 0.0 1.0 0.0 0.0 8.0 0.0
1888.0042285205964 0.0 0.0 0.0 1.0 0.0 0.0 8.0 0.0
1889.005387844027 0.0 0.0 0.0 1.0 0.0 0.0 8.0 0.0
1890.0054545617902 0.0 0.0 0.0 1.0 0.0 0.0 8.0 0.0
1891.0026738876452 0.0 0.0 0.0 1.0 0.0 0.0 8.0 0.0
1892.0122253438562 0.0 0.0 0.0 1.0 0.0 0.0 8.0 0.0
1893.0076588760962 0.0 0.0 0.0 1.0 0.0 0.0 8.0 0.0
1894.0127361273635 0.0 0.0 0.0 1.0 0.0 0.0 8.0 0.0
1895.0048898652303 0.0 0.0 0.0 1.0 0.0 0.0 8.0 0.0
1896.0074987038781 0.0 0.0 0.0 1.0 0.0 0.0 8.0 0.0
1897.0062559677526 0.0 0.0 0.0 1.0 0.0 0.0 8.0 0.0
1898.0127285724388 0.0 0.0 0.0 1.0 0.0 0.0 8.0 0.0
1899.0127361273635 0.0 0.0 0.0 1.0 0.0 0.0 8.0 0.0
1900.0070553285516 0.0 0.0 0.0 1.0 0.0 0.0 8.0 0.0
1901.0064081006115 0.0 0.0 0.0 1.0 0.0 0.0 8.0 0.0
1902.0048392827312 0.0 0.0 0.0 1.0 0.0 0.0 8.0 0.0
1903.00370595419 0.0 0.0 0.0 1.0 0.0 0.0 8.0 0.0
1904.007238687553 0.0 0.0 0.0 1.0 0.0 0.0 8.0 0.0
1905.0060676661399 0.0 0.0 0.0 1.0 0.0 0.0 8.0 0.0
1906.0127361273635 0.0 0.0 0.0 1.0 0.0 0.0 8.0 0.0
1907.00652464377 0.0 0.0 0.0 1.0 0.0 0.0 8.0 0.0
1908.0127361273635 0.0 0.0 0.0 1.0 0.0 0.0 8.0 0.0
1909.001645963134 0.0 0.0 0.0 1.0 0.0 0.0 8.0 0.0
1910.0064007390051 0.0 0.0 0.0 1.0 0.0 0.0 8.0 0.0
1911.0019283791198 0.0 0.0 0.0 1.0 0.0 0.0 8.0 0.0
1912.0097338664011 0.0 0.0 0.0 1.0 0.0 0.0 8.0 0.0
1913.008403632751 0.0 0.0 0.0 1.0 0.0 0.0 8.0 0.0
1914.005144409115 0.0 0.0 0.0 1.0 0.0 0.0 8.0 0.0
1915.0006049352055 0.0 0.0 0.0 1.0 0.0 0.0 8.0 0.0
1916.0127361273635 0.0 0.0 0.0 1.0 0.0 0.0 8.0 0.0
1917.0096697825775 0.0 0.0 0.0 1.0 0.0 0.0 8.0 0.0
1918.0068823738463 0.0 0.0 0.0 1.0 0.0 0.0 8.0 0.0
1919.0007066621713 0.0 0.0 0.0 1.0 0.0 0.0 8.0 0.0
1920.006153027255 0.0 0.0 0.0 1.0 0.0 0.0 8.0 0.0
1921.0030253594919 0.0 0.0 0.0 1.0 0.0 0.0 8.0 0.0
1922.0000278233738 0.0 0.0 0.0 1.0 0.0 0.0 8.0 0.0
1923.0083769866599 0.0 0.0 0.0 1.0 0.0 0.0 8.0 0.0
1924.0076352159642 0.0 0.0 0.0 1.0 0.0 0.0 8.0 0.0
1925.007309297473 0.0 0.0 0.0 1.0 0.0 0.0 8.0 0.0
1926.0127361273635 0.0 0.0 0.0 1.0 0.0 0.0 8.0 0.0
1927.004404987229 0.0 0.0 0.0 1.0 0.0 0.0 8.0 0.0
1928.004916845089 0.0 0.0 0.0 1.0 0.0 0.0 8.0 0.0
1929.0127361273635 0.0 0.0 0.0 1.0 0.0 0.0 8.0 0.0
1930.0034063183043 0.0 0.0 0.0 1.0 0.0 0.0 8.0 0.0
1931.0127361273635 0.0 0.0 0.0 1.0 0.0 0.0 8.0 0.0
1932.0102525716215 0.0 0.0 0.0 1.0 0.0 0.0 8.0 0.0
1933.0001890781687 0.0 0.0 0.0 1.0 0.0 0.0 8.0 0.0
1934.0107656845055 0.0 0.0 0.0 1.0 0.0 0.0 8.0 0.0
1935.0127361273635 0.0 0.0 0.0 1.0 0.0 0.0 8.0 0.0
1936.0063056969877 0.0 0.0 0.0 1.0 0.0 0.0 8.0 0.0
1937.0052014462644 0.0 0.0 0.0 1.0 0.0 0.0 8.0 0.0
1938.000956007065 0.0 0.0 0.0 1.0 0.0 0.0 8.0 0.0
1939.000430624059 0.0 0.0 0.0 1.0 0.0 0.0 8.0 0.0
1940.0031327004579 0.0 0.0 0.0 1.0 0.0 0.0 8.0 0.0
1941.0009732651679 0.0 0.0 0.0 1.0 0.0 0.0 8.0 0.0
1942.0000698704891 0.0 0.0 0.0 1.0 0.0 0.0 8.0 0.0
1943.0025227677418 0.0 0.0 0.0 1.0 0.0 0.0 8.0 0.0
1944.000345935883 0.0 0.0 0.0 1.0 0.0 0.0 8.0 0.0
1945.010045780181 0.0 0.0 0.0 1.0 0.0 0.0 8.0 0.0
1946.0068973155883 0.0 0.0 0.0 1.0 0.0 0.0 8.0 0.0
1947.0028740029595 0.0 0.0 0.0 1.0 0.0 0.0 8.0 0.0
1948.0061420396767 0.0 0.0 0.0 1.0 0.0 0.0 8.0 0.0
1949.0122630258338 0.0 0.0 0.0 1.0 0.0 0.0 8.0 0.0
1950.0127361273635 0.0 0.0 0.0 1.0 0.0 0.0 8.0 0.0
1951.0084205748876 0.0 0.0 0.0 1.0 0.0 0.0 8.0 0.0
1952.0083311093676 0.0 0.0 0.0 1.0 0.0 0.0 8.0 0.0
1953.000112899678 0.0 0.0 0.0 1.0 0.0 0.0 8.0 0.0
1954.003422160854 0.0 0.0 0.0 1.0 0.0 0.0 8.0 0.0
1955.0017668344708 0.0 0.0 0.0 1.0 0.0 0.0 8.0 0.0
1956.001585874566 0.0 0.0 0.0 1.0 0.0 0.0 8.0 0.0
1957.000769497957 0.0 0.0 0.0 1.0 0.0 0.0 8.0 0.0
1958.0022059696844 0.0 0.0 0.0 1.0 0.0 0.0 8.0 0.0
1959.0006329352607 0.0 0.0 0.0 1.0 0.0 0.0 8.0 0.0
1960.006381069999 0.0 0.0 0.0 1.0 0.0 0.0 8.0 0.0
1961.0127361273635 0.0 0.0 0.0 1.0 0.0 0.0 8.0 0.0
1962.0049824851205 0.0 0.0 0.0 1.0 0.0 0.0 8.0 0.0
1963.00493782172 0.0 0.0 0.0 1.0 0.0 0.0 8.0 0.0
1964.003655324859 0.0 0.0 0.0 1.0 0.0 0.0 8.0 0.0
1965.0024075851018 0.0 0.0 0.0 1.0 0.0 0.0 8.0 0.0
1966.01122680667 0.0 0.0 0.0 1.0 0.0 0.0 8.0 0.0
1967.0004170405755 0.0 0.0 0.0 1.0 0.0 0.0 8.0 0.0
1968.0008388500503 0.0 0.0 0.0 1.0 0.0 0.0 8.0 0.0
1969.007489131828 0.0 0.0 0.0 1.0 0.0 0.0 8.0 0.0
1970.0004017972358 0.0 0.0 0.0 1.0 0.0 0.0 8.0 0.0
1971.0107904633944 0.0 0.0 0.0 1.0 0.0 0.0 8.0 0.0
1972.0072640886808 0.0 0.0 0.0 1.0 0.0 0.0 8.0 0.0
1973.0002949025106 0.0 0.0 0.0 1.0 0.0 0.0 8.0 0.0
1974.0009475342906 0.0 0.0 0.0 1.0 0.0 0.0 8.0 0.0
1975.0011521116066 0.0 0.0 0.0 1.0 0.0 0.0 8.0 0.0
1976.0000779344234 0.0 0.0 0.0 1.0 0.0 0.0 8.0 0.0
1977.0037537397802 0.0 0.0 0.0 1.0 0.0 0.0 8.0 0.0
1978.0088454146423 0.0 0.0 0.0 1.0 0.0 0.0 8.0 0.0
1979.0072193431565 0.0 0.0 0.0 1.0 0.0 0.0 8.0 0.0
1980.0072741117124 0.0 0.0 0.0 1.0 0.0 0.0 8.0 0.0
1981.0070059357167 0.0 0.0 0.0 1.0 0.0 0.0 8.0 0.0
1982.004299612943 0.0 0.0 0.0 1.0 0.0 0.0 8.0 0.0
1983.0102392194938 0.0 0.0 0.0 1.0 0.0 0.0 8.0 0.0
1984.0027016440636 0.0 0.0 0.0 1.0 0.0 0.0 8.0 0.0
1985.001163467146 0.0 0.0 0.0 1.0 0.0 0.0 8.0 0.0
1986.0029513471602 0.0 0.0 0.0 1.0 0.0 0.0 8.0 0.0
1987.0127361273635 0.0 0.0 0.0 1.0 0.0 0.0 8.0 0.0
1988.0019115901355 0.0 0.0 0.0 1.0 0.0 0.0 8.0 0.0
1989.012580824502 0.0 0.0 0.0 1.0 0.0 0.0 8.0 0.0
1990.0009734265057 0.0 0.0 0.0 1.0 0.0 0.0 8.0 0.0
1991.0034865326681 0.0 0.0 0.0 1.0 0.0 0.0 8.0 0.0
1992.0013377840296 0.0 0.0 0.0 1.0 0.0 0.0 8.0 0.0
1993.0127361273635 0.0 0.0 0.0 1.0 0.0 0.0 8.0 0.0
1994.0127361273635 0.0 0.0 0.0 1.0 0.0 0.0 8.0 0.0
1995.0024165642658 0.0 0.0 0.0 1.0 0.0 0.0 8.0 0.0
1996.0047933331741 0.0 0.0 0.0 1.0 0.0 0.0 8.0 0.0
1997.0044035320504 0.0 0.0 0.0 1.0 0.0 0.0 8.0 0.0
1998.0014752583234 0.0 0.0 0.0 1.0 0.0 0.0 8.0 0.0
1999.0055561243055 0.0 0.0 0.0 1.0 0.0 0.0 8.0 0.0
2000.0003316169348 0.0 0.0 0.0 1.0 0.0 0.0 8.0 0.0
2001.0073775224018 0.0 0.0 0.0 1.0 0.0 0.0 8.0 0.0
2002.0002342902083 0.0 0.0 0.0 1.0 0.0 0.0 8.0 0.0
2003.0127361273635 0.0 0.0 0.0 1.0 0.0 0.0 8.0 0.0
2004.0035267112066 0.0 0.0 0.0 1.0 0.0 0.0 8.0 0.0
2005.0029569952076 0.0 0.0 0.0 1.0 0.0 0.0 8.0 0.0
2006.0000630827474 0.0 0.0 0.0 1.0 0.0 0.0 8.0 0.0
2007.0116440847735 0.0 0.0 0.0 1.0 0.0 0.0 8.0 0.0
2008.0012439995878 0.0 0.0 0.0 1.0 0.0 0.0 8.0 0.0
2009.0127361273635 0.0 0.0 0.0 1.0 0.0 0.0 8.0 0.0
2010.0014279562401 0.0 0.0 0.0 1.0 0.0 0.0 8.0 0.0
2011.0014352120752 0.0 0.0 0.0 1.0 0.0 0.0 8.0 0.0
2012.0003316067282 0.0 0.0 0.0 1.0 0.0 0.0 8.0 0.0
2013.00399105354 0.0 0.0 0.0 1.0 0.0 0.0 8.0 0.0
2014.0127361273635 0.0 0.0 0.0 1.0 0.0 0.0 8.0 0.0
2015.0079937471373 0.0 0.0 0.0 1.0 0.0 0.0 8.0 0.0
2016.0044876373565 0.0 0.0 0.0 1.0 0.0 0.0 8.0 0.0
2017.0127361273635 0.0 0.0 0.0 1.0 0.0 0.0 8.0 0.0
2018.0127361273635 0.0 0.0 0.0 1.0 0.0 0.0 8.0 0.0
2019.0007504332248 0.0 0.0 0.0 1.0 0.0 0.0 8.0 0.0
2020.0030360642754 0.0 0.0 0.0 1.0 0.0 0.0 8.0 0.0
2021.0060595090852 0.0 0.0 0.0 1.0 0.0 0.0 8.0 0.0
2022.0029208098267 0.0 0.0 0.0 1.0 0.0 0.0 8.0 0.0
2023.0010993490748 0.0 0.0 0.0 1.0 0.0 0.0 8.0 0.0
2024.0022547164688 0.0 0.0 0.0 1.0 0.0 0.0 8.0 0.0
2025.005207045561 0.0 0.0 0.0 1.0 0.0 0.0 8.0 0.0
2026.0058395711035 0.0 0.0 0.0 1.0 0.0 0.0 8.0 0.0
2027.0037804908857 0.0 0.0 0.0 1.0 0.0 0.0 8.0 0.0
2028.0044887842957 0.0 0.0 0.0 1.0 0.0 0.0 8.0 0.0
2029.00295351134 0.0 0.0 0.0 1.0 0.0 0.0 8.0 0.0
2030.0003059967407 0.0 0.0 0.0 1.0 0.0 0.0 8.0 0.0
2031.0005160797234 0.0 0.0 0.0 1.0 0.0 0.0 8.0 0.0
2032.0075300485844 0.0 0.0 0.0 1.0 0.0 0.0 8.0 0.0
2033.0106396234553 0.0 0.0 0.0 1.0 0.0 0.0 8.0 0.0
2034.0044628290218 0.0 0.0 0.0 1.0 0.0 0.0 8.0 0.0
2035.0127361273635 0.0 0.0 0.0 1.0 0.0 0.0 8.0 0.0
2036.0106520402744 0.0 0.0 0.0 1.0 0.0 0.0 8.0 0.0
2037.003910982519 0.0 0.0 0.0 1.0 0.0 0.0 8.0 0.0
2038.005490795356 0.0 0.0 0.0 1.0 0.0 0.0 8.0 0.0
2039.0087970732154 0.0 0.0 0.0 1.0 0.0 0.0 8.0 0.0
2040.0127361273635 0.0 0.0 0.0 1.0 0.0 0.0 8.0 0.0
2041.0127361273635 0.0 0.0 0.0 1.0 0.0 0.0 8.0 0.0
2042.0009913426825 0.0 0.0 0.0 1.0 0.0 0.0 8.0 0.0
2043.0031168528933 0.0 0.0 0.0 1.0 0.0 0.0 8.0 0.0
2044.0090874546327 0.0 0.0 0.0 1.0 0.0 0.0 8.0 0.0
2045.0029971315362 0.0 0.0 0.0 1.0 0.0 0.0 8.0 0.0
2046.0107775778201 0.0 0.0 0.0 1.0 0.0 0.0 8.0 0.0
2047.0114196288687 0.0 0.0 0.0 1.0 0.0 0.0 8.0 0.0
2048.0127361273635 0.0 0.0 0.0 1.0 0.0 0.0 8.0 0.0
2049.0028951645863 0.0 0.0 0.0 1.0 0.0 0.0 8.0 0.0
2050.0050084950067 0.0 0.0 0.0 1.0 0.0 0.0 8.0 0.0
2051.0037701499004 0.0 0.0 0.0 1.0 0.0 0.0 8.0 0.0
2052.0077100795356 0.0 0.0 0.0 1.0 0.0 0.0 8.0 0.0
2053.0127361273635 0.0 0.0 0.0 1.0 0.0 0.0 8.0 0.0
2054.0127361273635 0.0 0.0 0.0 1.0 0.0 0.0 8.0 0.0
2055.012506627446 0.0 0.0 0.0 1.0 0.0 0.0 8.0 0.0
2056.0127361273635 0.0 0.0 0.0 1.0 0.0 0.0 8.0 0.0
2057.0127361273635 0.0 0.0 0.0 1.0 0.0 0.0 8.0 0.0
2058.0065328116343 0.0 0.0 0.0 1.0 0.0 0.0 8.0 0.0
2059.0123550896915 0.0 0.0 0.0 1.0 0.0 0.0 8.0 0.0
2060.002980581599 0.0 0.0 0.0 1.0 0.0 0.0 8.0 0.0
2061.0010085949066 0.0 0.0 0.0 1.0 0.0 0.0 8.0 0.0
2062.002160972243 0.0 0.0 0.0 1.0 0.0 0.0 8.0 0.0
2063.0006296222373 0.0 0.0 0.0 1.0 0.0 0.0 8.0 0.0
2064.0013840329602 0.0 0.0 0.0 1.0 0.0 0.0 8.0 0.0
2065.0085033753808 0.0 0.0 0.0 1.0 0.0 0.0 8.0 0.0
2066.0104598987673 0.0 0.0 0.0 1.0 0.0 0.0 8.0 0.0
2067.012446043736 0.0 0.0 0.0 1.0 0.0 0.0 8.0 0.0
2068.0074275202114 0.0 0.0 0.0 1.0 0.0 0.0 8.0 0.0
2069.0127361273635 0.0 0.0 0.0 1.0 0.0 0.0 8.0 0.0
2070.0090488691994 0.0 0.0 0.0 1.0 0.0 0.0 8.0 0.0
2071.002502731269 0.0 0.0 0.0 1.0 0.0 0.0 8.0 0.0
2072.0018180060956 0.0 0.0 0.0 1.0 0.0 0.0 8.0 0.0
2073.000962643479 0.0 0.0 0.0 1.0 0.0 0.0 8.0 0.0
2074.002443555101 0.0 0.0 0.0 1.0 0.0 0.0 8.0 0.0
2075.008982974639 0.0 0.0 0.0 1.0 0.0 0.0 8.0 0.0
2076.007103040969 0.0 0.0 0.0 1.0 0.0 0.0 8.0 0.0
2077.00076540935 0.0 0.0 0.0 1.0 0.0 0.0 8.0 0.0
2078.002676772965 0.0 0.0 0.0 1.0 0.0 0.0 8.0 0.0
2079.0037490788827 0.0 0.0 0.0 1.0 0.0 0.0 8.0 0.0
2080.0127361273635 0.0 0.0 0.0 1.0 0.0 0.0 8.0 0.0
2081.001510103615 0.0 0.0 0.0 1.0 0.0 0.0 8.0 0.0
2082.0127361273635 0.0 0.0 0.0 1.0 0.0 0.0 8.0 0.0
2083.0016735998247 0.0 0.0 0.0 1.0 0.0 0.0 8.0 0.0
2084.001622039749 0.0 0.0 0.0 1.0 0.0 0.0 8.0 0.0
2085.0127361273635 0.0 0.0 0.0 1.0 0.0 0.0 8.0 0.0
2086.005210125843 0.0 0.0 0.0 1.0 0.0 0.0 8.0 0.0
2087.0013171326177 0.0 0.0 0.0 1.0 0.0 0.0 8.0 0.0
2088.0031397211856 0.0 0.0 0.0 1.0 0.0 0.0 8.0 0.0
2089.005429661938 0.0 0.0 0.0 1.0 0.0 0.0 8.0 0.0
2090.0105500725363 0.0 0.0 0.0 1.0 0.0 0.0 8.0 0.0
2091.0127361273635 0.0 0.0 0.0 1.0 0.0 0.0 8.0 0.0
2092.003801704441 0.0 0.0 0.0 1.0 0.0 0.0 8.0 0.0
2093.0127361273635 0.0 0.0 0.0 1.0 0.0 0.0 8.0 0.0
2094.001124047941 0.0 0.0 0.0 1.0 0.0 0.0 8.0 0.0
2095.0127361273635 0.0 0.0 0.0 1.0 0.0 0.0 8.0 0.0
2096.002046686119 0.0 0.0 0.0 1.0 0.0 0.0 8.0 0.0
2097.0051023721285 0.0 0.0 0.0 1.0 0.0 0.0 8.0 0.0
2098.0127361273635 0.0 0.0 0.0 1.0 0.0 0.0 8.0 0.0
2099.0102613272297 0.0 0.0 0.0 1.0 0.0 0.0 8.0 0.0
2100.000232785722 0.0 0.0 0.0 1.0 0.0 0.0 8.0 0.0
2101.0006397319717 0.0 0.0 0.0 1.0 0.0 0.0 8.0 0.0
2102.0127361273635 0.0 0.0 0.0 1.0 0.0 0.0 8.0 0.0
2103.003062398198 0.0 0.0 0.0 1.0 0.0 0.0 8.0 0.0
2104.0127361273635 0.0 0.0 0.0 1.0 0.0 0.0 8.0 0.0
2105.003410080653 0.0 0.0 0.0 1.0 0.0 0.0 8.0 0.0
2106.0097794908174 0.0 0.0 0.0 1.0 0.0 0.0 8.0 0.0
2107.0127029230775 0.0 0.0 0.0 1.0 0.0 0.0 8.0 0.0
2108.0006885529237 0.0 0.0 0.0 1.0 0.0 0.0 8.0 0.0
2109.0009987345966 0.0 0.0 0.0 1.0 0.0 0.0 8.0 0.0
2110.0103096682647 0.0 0.0 0.0 1.0 0.0 0.0 8.0 0.0
2111.0127361273635 0.0 0.0 0.0 1.0 0.0 0.0 8.0 0.0
2112.0127361273635 0.0 0.0 0.0 1.0 0.0 0.0 8.0 0.0
2113.00991921171 0.0 0.0 0.0 1.0 0.0 0.0 8.0 0.0
2114.0006261470476 0.0 0.0 0.0 1.0 0.0 0.0 8.0 0.0
2115.0127361273635 0.0 0.0 0.0 1.0 0.0 0.0 8.0 0.0
2116.0127361273635 0.0 0.0 0.0 1.0 0.0 0.0 8.0 0.0
2117.001390040312 0.0 0.0 0.0 1.0 0.0 0.0 8.0 0.0
2118.0091276065077 0.0 0.0 0.0 1.0 0.0 0.0 8.0 0.0
2119.010161542762 0.0 0.0 0.0 1.0 0.0 0.0 8.0 0.0
2120.0023102690707 0.0 0.0 0.0 1.0 0.0 0.0 8.0 0.0
2121.0068277843557 0.0 0.0 0.0 1.0 0.0 0.0 8.0 0.0
2122.001661035164 0.0 0.0 0.0 1.0 0.0 0.0 8.0 0.0
2123.0127361273635 0.0 0.0 0.0 1.0 0.0 0.0 8.0 0.0
2124.00517737356 0.0 0.0 0.0 1.0 0.0 0.0 8.0 0.0
2125.0021034142756 0.0 0.0 0.0 1.0 0.0 0.0 8.0 0.0
2126.004177446411 0.0 0.0 0.0 1.0 0.0 0.0 8.0 0.0
2127.0038826296727 0.0 0.0 0.0 1.0 0.0 0.0 8.0 0.0
2128.0102227466623 0.0 0.0 0.0 1.0 0.0 0.0 8.0 0.0
2129.0127361273635 0.0 0.0 0.0 1.0 0.0 0.0 8.0 0.0
2130.0027732169456 0.0 0.0 0.0 1.0 0.0 0.0 8.0 0.0
2131.000889211808 0.0 0.0 0.0 1.0 0.0 0.0 8.0 0.0
2132.006498460951 0.0 0.0 0.0 1.0 0.0 0.0 8.0 0.0
2133.0127361273635 0.0 0.0 0.0 1.0 0.0 0.0 8.0 0.0
2134.007621911173 0.0 0.0 0.0 1.0 0.0 0.0 8.0 0.0
2135.001294946378 0.0 0.0 0.0 1.0 0.0 0.0 8.0 0.0
2136.0008921643025 0.0 0.0 0.0 1.0 0.0 0.0 8.0 0.0
2137.0127361273635 0.0 0.0 0.0 1.0 0.0 0.0 8.0 0.0
2138.0127361273635 0.0 0.0 0.0 1.0 0.0 0.0 8.0 0.0
2139.008578195614 0.0 0.0 0.0 1.0 0.0 0.0 8.0 0.0
2140.0015060336855 0.0 0.0 0.0 1.0 0.0 0.0 8.0 0.0
2141.0025536229805 0.0 0.0 0.0 1.0 0.0 0.0 8.0 0.0
2142.0127361273635 0.0 0.0 0.0 1.0 0.0 0.0 8.0 0.0
2143.0003638606195 0.0 0.0 0.0 1.0 0.0 0.0 8.0 0.0
2144.001293947895 0.0 0.0 0.0 1.0 0.0 0.0 8.0 0.0
2145.004230948139 0.0 0.0 0.0 1.0 0.0 0.0 8.0 0.0
2146.0127361273635 0.0 0.0 0.0 1.0 0.0 0.0 8.0 0.0
2147.0051089357594 0.0 0.0 0.0 1.0 0.0 0.0 8.0 0.0
2148.0063875354926 0.0 0.0 0.0 1.0 0.0 0.0 8.0 0.0
2149.0006653765104 0.0 0.0 0.0 1.0 0.0 0.0 8.0 0.0
2150.005689024126 0.0 0.0 0.0 1.0 0.0 0.0 8.0 0.0
2151.0013360228018 0.0 0.0 0.0 1.0 0.0 0.0 8.0 0.0
2152.0042331799336 0.0 0.0 0.0 1.0 0.0 0.0 8.0 0.0
2153.0073730308472 0.0 0.0 0.0 1.0 0.0 0.0 8.0 0.0
2154.0004874529213 0.0 0.0 0.0 1.0 0.0 0.0 8.0 0.0
2155.006452947308 0.0 0.0 0.0 1.0 0.0 0.0 8.0 0.0
2156.0023101742336 0.0 0.0 0.0 1.0 0.0 0.0 8.0 0.0
2157.0087366286884 0.0 0.0 0.0 1.0 0.0 0.0 8.0 0.0
2158.0127361273635 0.0 0.0 0.0 1.0 0.0 0.0 8.0 0.0
2159.0053986465273 0.0 0.0 0.0 1.0 0.0 0.0 8.0 0.0
2160.0127361273635 0.0 0.0 0.0 1.0 0.0 0.0 8.0 0.0
2161.003787523948 0.0 0.0 0.0 1.0 0.0 0.0 8.0 0.0
2162.006830122151 0.0 0.0 0.0 1.0 0.0 0.0 8.0 0.0
2163.0127361273635 0.0 0.0 0.0 1.0 0.0 0.0 8.0 0.0
2164.0127361273635 0.0 0.0 0.0 1.0 0.0 0.0 8.0 0.0
2165.000903931475 0.0 0.0 0.0 1.0 0.0 0.0 8.0 0.0
2166.006716100738 0.0 0.0 0.0 1.0 0.0 0.0 8.0 0.0
2167.0127361273635 0.0 0.0 0.0 1.0 0.0 0.0 8.0 0.0
2168.000776199286 0.0 0.0 0.0 1.0 0.0 0.0 8.0 0.0
2169.0090020225775 0.0 0.0 0.0 1.0 0.0 0.0 8.0 0.0
2170.0127361273635 0.0 0.0 0.0 1.0 0.0 0.0 8.0 0.0
2171.001141206181 0.0 0.0 0.0 1.0 0.0 0.0 8.0 0.0
2172.008976114608 0.0 0.0 0.0 1.0 0.0 0.0 8.0 0.0
2173.0070324887315 0.0 0.0 0.0 1.0 0.0 0.0 8.0 0.0
2174.0021012801108 0.0 0.0 0.0 1.0 0.0 0.0 8.0 0.0
2175.010746653321 0.0 0.0 0.0 1.0 0.0 0.0 8.0 0.0
2176.0008019517704 0.0 0.0 0.0 1.0 0.0 0.0 8.0 0.0
2177.0029229525585 0.0 0.0 0.0 1.0 0.0 0.0 8.0 0.0
2178.0019131280483 0.0 0.0 0.0 1.0 0.0 0.0 8.0 0.0
2179.001856964505 0.0 0.0 0.0 1.0 0.0 0.0 8.0 0.0
2180.0013633094686 0.0 0.0 0.0 1.0 0.0 0.0 8.0 0.0
2181.0004284400306 0.0 0.0 0.0 1.0 0.0 0.0 8.0 0.0
2182.0005586828343 0.0 0.0 0.0 1.0 0.0 0.0 8.0 0.0
2183.0127361273635 0.0 0.0 0.0 1.0 0.0 0.0 8.0 0.0
2184.0047489629214 0.0 0.0 0.0 1.0 0.0 0.0 8.0 0.0
2185.006138960082 0.0 0.0 0.0 1.0 0.0 0.0 8.0 0.0
2186.007525418591 0.0 0.0 0.0 1.0 0.0 0.0 8.0 0.0
2187.0127361273635 0.0 0.0 0.0 1.0 0.0 0.0 8.0 0.0
2188.002907090978 0.0 0.0 0.0 1.0 0.0 0.0 8.0 0.0
2189.0123380774626 0.0 0.0 0.0 1.0 0.0 0.0 8.0 0.0
2190.000007353951 0.0 0.0 0.0 1.0 0.0 0.0 8.0 0.0
2191.00471969087 0.0 0.0 0.0 1.0 0.0 0.0 8.0 0.0
2192.002954318002 0.0 0.0 0.0 1.0 0.0 0.0 8.0 0.0
2193.0066459692775 0.0 0.0 0.0 1.0 0.0 0.0 8.0 0.0
2194.0066658961146 0.0 0.0 0.0 1.0 0.0 0.0 8.0 0.0
2195.0127361273635 0.0 0.0 0.0 1.0 0.0 0.0 8.0 0.0
2196.0127361273635 0.0 0.0 0.0 1.0 0.0 0.0 8.0 0.0
2197.0127361273635 0.0 0.0 0.0 1.0 0.0 0.0 8.0 0.0
2198.007887668004 0.0 0.0 0.0 1.0 0.0 0.0 8.0 0.0
2199.000490203654 0.0 0.0 0.0 1.0 0.0 0.0 8.0 0.0
2200.0127361273635 0.0 0.0 0.0 1.0 0.0 0.0 8.0 0.0
2201.0127361273635 0.0 0.0 0.0 1.0 0.0 0.0 8.0 0.0
2202.0042387688613 0.0 0.0 0.0 1.0 0.0 0.0 8.0 0.0
2203.009190846298 0.0 0.0 0.0 1.0 0.0 0.0 8.0 0.0
2204.0040592150185 0.0 0.0 0.0 1.0 0.0 0.0 8.0 0.0
2205.0013117546405 0.0 0.0 0.0 1.0 0.0 0.0 8.0 0.0
2206.0052686018857 0.0 0.0 0.0 1.0 0.0 0.0 8.0 0.0
2207.002542407029 0.0 0.0 0.0 1.0 0.0 0.0 8.0 0.0
2208.0014527717553 0.0 0.0 0.0 1.0 0.0 0.0 8.0 0.0
2209.0010412074903 0.0 0.0 0.0 1.0 0.0 0.0 8.0 0.0
2210.0061636628543 0.0 0.0 0.0 1.0 0.0 0.0 8.0 0.0
2211.0055714063487 0.0 0.0 0.0 1.0 0.0 0.0 8.0 0.0
2212.005106787542 0.0 0.0 0.0 1.0 0.0 0.0 8.0 0.0
2213.000556364432 0.0 0.0 0.0 1.0 0.0 0.0 8.0 0.0
2214.01128435412 0.0 0.0 0.0 1.0 0.0 0.0 8.0 0.0
2215.005752952835 0.0 0.0 0.0 1.0 0.0 0.0 8.0 0.0
2216.001204132999 0.0 0.0 0.0 1.0 0.0 0.0 8.0 0.0
2217.0047035754706 0.0 0.0 0.0 1.0 0.0 0.0 8.0 0.0
2218.0127361273635 0.0 0.0 0.0 1.0 0.0 0.0 8.0 0.0
2219.000625812848 0.0 0.0 0.0 1.0 0.0 0.0 8.0 0.0
2220.007793270335 0.0 0.0 0.0 1.0 0.0 0.0 8.0 0.0
2221.0060172738954 0.0 0.0 0.0 1.0 0.0 0.0 8.0 0.0
2222.0006686783286 0.0 0.0 0.0 1.0 0.0 0.0 8.0 0.0
2223.000458919943 0.0 0.0 0.0 1.0 0.0 0.0 8.0 0.0
2224.002450995443 0.0 0.0 0.0 1.0 0.0 0.0 8.0 0.0
2225.002998604947 0.0 0.0 0.0 1.0 0.0 0.0 8.0 0.0
2226.0040997413876 0.0 0.0 0.0 1.0 0.0 0.0 8.0 0.0
2227.007899274086 0.0 0.0 0.0 1.0 0.0 0.0 8.0 0.0
2228.002831238991 0.0 0.0 0.0 1.0 0.0 0.0 8.0 0.0
2229.0038508782573 0.0 0.0 0.0 1.0 0.0 0.0 8.0 0.0
2230.0110648421646 0.0 0.0 0.0 1.0 0.0 0.0 8.0 0.0
2231.0127361273635 0.0 0.0 0.0 1.0 0.0 0.0 8.0 0.0
2232.000245959912 0.0 0.0 0.0 1.0 0.0 0.0 8.0 0.0
2233.0085393919567 0.0 0.0 0.0 1.0 0.0 0.0 8.0 0.0
2234.0035006897574 0.0 0.0 0.0 1.0 0.0 0.0 8.0 0.0
2235.0037598652166 0.0 0.0 0.0 1.0 0.0 0.0 8.0 0.0
2236.0009693378042 0.0 0.0 0.0 1.0 0.0 0.0 8.0 0.0
2237.002090130725 0.0 0.0 0.0 1.0 0.0 0.0 8.0 0.0
2238.0093582701043 0.0 0.0 0.0 1.0 0.0 0.0 8.0 0.0
2239.0042575082994 0.0 0.0 0.0 1.0 0.0 0.0 8.0 0.0
2240.0061050491254 0.0 0.0 0.0 1.0 0.0 0.0 8.0 0.0
2241.0051582873716 0.0 0.0 0.0 1.0 0.0 0.0 8.0 0.0
2242.0013478584633 0.0 0.0 0.0 1.0 0.0 0.0 8.0 0.0
2243.0009949629252 0.0 0.0 0.0 1.0 0.0 0.0 8.0 0.0
2244.0127361273635 0.0 0.0 0.0 1.0 0.0 0.0 8.0 0.0
2245.0066844814173 0.0 0.0 0.0 1.0 0.0 0.0 8.0 0.0
2246.0127361273635 0.0 0.0 0.0 1.0 0.0 0.0 8.0 0.0
2247.003230092714 0.0 0.0 0.0 1.0 0.0 0.0 8.0 0.0
2248.000194381286 0.0 0.0 0.0 1.0 0.0 0.0 8.0 0.0
2249.0127361273635 0.0 0.0 0.0 1.0 0.0 0.0 8.0 0.0
2250.003141867282 0.0 0.0 0.0 1.0 0.0 0.0 8.0 0.0
2251.0001411084213 0.0 0.0 0.0 1.0 0.0 0.0 8.0 0.0
2252.0055266018962 0.0 0.0 0.0 1.0 0.0 0.0 8.0 0.0
2253.00672201329 0.0 0.0 0.0 1.0 0.0 0.0 8.0 0.0
2254.0069943677854 0.0 0.0 0.0 1.0 0.0 0.0 8.0 0.0
2255.0127361273635 0.0 0.0 0.0 1.0 0.0 0.0 8.0 0.0
2256.0127361273635 0.0 0.0 0.0 1.0 0.0 0.0 8.0 0.0
2257.0127361273635 0.0 0.0 0.0 1.0 0.0 0.0 8.0 0.0
2258.0030484566637 0.0 0.0 0.0 1.0 0.0 0.0 8.0 0.0
2259.0018261525965 0.0 0.0 0.0 1.0 0.0 0.0 8.0 0.0
2260.011855343387 0.0 0.0 0.0 1.0 0.0 0.0 8.0 0.0
2261.002251393245 0.0 0.0 0.0 1.0 0.0 0.0 8.0 0.0
2262.0127361273635 0.0 0.0 0.0 1.0 0.0 0.0 8.0 0.0
2263.0127361273635 0.0 0.0 0.0 1.0 0.0 0.0 8.0 0.0
2264.001414221307 0.0 0.0 0.0 1.0 0.0 0.0 8.0 0.0
2265.0025023652033 0.0 0.0 0.0 1.0 0.0 0.0 8.0 0.0
2266.0127361273635 0.0 0.0 0.0 1.0 0.0 0.0 8.0 0.0
2267.0009731244613 0.0 0.0 0.0 1.0 0.0 0.0 8.0 0.0
2268.0127361273635 0.0 0.0 0.0 1.0 0.0 0.0 8.0 0.0
2269.0127361273635 0.0 0.0 0.0 1.0 0.0 0.0 8.0 0.0
2270.003503579442 0.0 0.0 0.0 1.0 0.0 0.0 8.0 0.0
2271.003924930628 0.0 0.0 0.0 1.0 0.0 0.0 8.0 0.0
2272.0043611584997 0.0 0.0 0.0 1.0 0.0 0.0 8.0 0.0
2273.007732166011 0.0 0.0 0.0 1.0 0.0 0.0 8.0 0.0
2274.0003886628524 0.0 0.0 0.0 1.0 0.0 0.0 8.0 0.0
2275.004221419658 0.0 0.0 0.0 1.0 0.0 0.0 8.0 0.0
2276.0009236798564 0.0 0.0 0.0 1.0 0.0 0.0 8.0 0.0
2277.0073936812023 0.0 0.0 0.0 1.0 0.0 0.0 8.0 0.0
2278.003868583487 0.0 0.0 0.0 1.0 0.0 0.0 8.0 0.0
2279.002039048355 0.0 0.0 0.0 1.0 0.0 0.0 8.0 0.0
2280.00309959212 0.0 0.0 0.0 1.0 0.0 0.0 8.0 0.0
2281.000939252367 0.0 0.0 0.0 1.0 0.0 0.0 8.0 0.0
2282.0096842086195 0.0 0.0 0.0 1.0 0.0 0.0 8.0 0.0
2283.0021742580984 0.0 0.0 0.0 1.0 0.0 0.0 8.0 0.0
2284.0034407154917 0.0 0.0 0.0 1.0 0.0 0.0 8.0 0.0
2285.00366377491 0.0 0.0 0.0 1.0 0.0 0.0 8.0 0.0
2286.0098752186163 0.0 0.0 0.0 1.0 0.0 0.0 8.0 0.0
2287.009725157196 0.0 0.0 0.0 1.0 0.0 0.0 8.0 0.0
2288.0005780309975 0.0 0.0 0.0 1.0 0.0 0.0 8.0 0.0
2289.012566104833 0.0 0.0 0.0 1.0 0.0 0.0 8.0 0.0
2290.003546315956 0.0 0.0 0.0 1.0 0.0 0.0 8.0 0.0
2291.0018022516106 0.0 0.0 0.0 1.0 0.0 0.0 8.0 0.0
2292.004599690036 0.0 0.0 0.0 1.0 0.0 0.0 8.0 0.0
2293.004778145546 0.0 0.0 0.0 1.0 0.0 0.0 8.0 0.0
2294.005642639734 0.0 0.0 0.0 1.0 0.0 0.0 8.0 0.0
2295.0117306755824 0.0 0.0 0.0 1.0 0.0 0.0 8.0 0.0
2296.0070693698826 0.0 0.0 0.0 1.0 0.0 0.0 8.0 0.0
2297.001270394371 0.0 0.0 0.0 1.0 0.0 0.0 8.0 0.0
2298.0119320758035 0.0 0.0 0.0 1.0 0.0 0.0 8.0 0.0
2299.0033205392215 0.0 0.0 0.0 1.0 0.0 0.0 8.0 0.0
2300.0038591568396 0.0 0.0 0.0 1.0 0.0 0.0 8.0 0.0
2301.0024153898194 0.5187500000000002 0.0 0.0 0.4812499999999999 0.0 1.0 7.2625 0.49619565217391304
2302.003071985168 1.0 0.0 0.0 0.0 0.0 1.0 6.60625 0.0
2303.0127361273635 1.0 0.0 0.0 0.0 0.0 1.0 7.56875 0.0
2304.0048526474193 1.0 0.0 0.0 0.0 0.0 1.0 7.98125 0.0
2305.0005544630976 1.0 0.0 0.0 0.0 0.0 1.0 8.0 0.0
2306.0034585523094 1.0 0.0 0.0 0.0 0.0 1.0 8.0 0.0
2307.005019410983 1.0 0.0 0.0 0.0 0.0 1.0 8.0 0.0
2308.0127361273635 1.0 0.0 0.0 0.0 0.0 1.0 8.0 0.0
2309.0127361273635 1.0 0.0 0.0 0.0 0.0 1.0 8.0 0.0
2310.0127361273635 1.0 0.0 0.0 0.0 0.0 1.0 8.0 0.0
2311.001029973097 1.0 0.0 0.0 0.0 0.0 1.0 8.0 0.0
2312.0085071606713 1.0 0.0 0.0 0.0 0.0 1.0 8.0 0.0
2313.0007081414533 1.0 0.0 0.0 0.0 0.0 1.0 8.0 0.0
2314.006105736763 1.0 0.0 0.0 0.0 0.0 1.0 8.0 0.0
2315.0127361273635 1.0 0.0 0.0 0.0 0.0 1.0 8.0 0.0
2316.0093285205253 1.0 0.0 0.0 0.0 0.0 1.0 8.0 0.0
2317.0003783332036 1.0 0.0 0.0 0.0 0.0 1.0 8.0 0.0
2318.001873073995 1.0 0.0 0.0 0.0 0.0 1.0 8.0 0.0
2319.0058558147384 1.0 0.0 0.0 0.0 0.0 1.0 8.0 0.0
2320.0116541342204 1.0 0.0 0.0 0.0 0.0 1.0 8.0 0.0
2321.0096898096094 1.0 0.0 0.0 0.0 0.0 1.0 8.0 0.0
2322.0124245557454 1.0 0.0 0.0 0.0 0.0 1.0 8.0 0.0
2323.0127361273635 1.0 0.0 0.0 0.0 0.0 1.0 8.0 0.0
2324.0047891345293 1.0 0.0 0.0 0.0 0.0 1.0 8.0 0.0
2325.0001522788225 1.0 0.0 0.0 0.0 0.0 1.0 8.0 0.0
2326.002744099273 1.0 0.0 0.0 0.0 0.0 1.0 8.0 0.0
2327.0046081114406 1.0 0.0 0.0 0.0 0.0 1.0 8.0 0.0
2328.007854473518 1.0 0.0 0.0 0.0 0.0 1.0 8.0 0.0
2329.009173677139 1.0 0.0 0.0 0.0 0.0 1.0 8.0 0.0
2330.005095298684 1.0 0.0 0.0 0.0 0.0 1.0 8.0 0.0
2331.0125237236457 1.0 0.0 0.0 0.0 0.0 1.0 8.0 0.0
2332.001085234605 1.0 0.0 0.0 0.0 0.0 1.0 8.0 0.0
2333.0080291209138 1.0 0.0 0.0 0.0 0.0 1.0 8.0 0.0
2334.001380297928 1.0 0.0 0.0 0.0 0.0 1.0 8.0 0.0
2335.0127361273635 1.0 0.0 0.0 0.0 0.0 1.0 8.0 0.0
2336.0051602344543 1.0 0.0 0.0 0.0 0.0 1.0 8.0 0.0
2337.004413067024 1.0 0.0 0.0 0.0 0.0 1.0 8.0 0.0
2338.0089883255455 1.0 0.0 0.0 0.0 0.0 1.0 8.0 0.0
2339.001711432388 1.0 0.0 0.0 0.0 0.0 1.0 8.0 0.0
2340.0059223370004 1.0 0.0 0.0 0.0 0.0 1.0 8.0 0.0
2341.001447568942 1.0 0.0 0.0 0.0 0.0 1.0 8.0 0.0
2342.0029002018678 1.0 0.0 0.0 0.0 0.0 1.0 8.0 0.0
2343.0127361273635 1.0 0.0 0.0 0.0 0.0 1.0 8.0 0.0
2344.0012665598615 1.0 0.0 0.0 0.0 0.0 1.0 8.0 0.0
2345.0050642545934 1.0 0.0 0.0 0.0 0.0 1.0 8.0 0.0
2346.008629616498 1.0 0.0 0.0 0.0 0.0 1.0 8.0 0.0
2347.0043020985418 1.0 0.0 0.0 0.0 0.0 1.0 8.0 0.0
2348.003857823426 1.0 0.0 0.0 0.0 0.0 1.0 8.0 0.0
2349.003474060615 1.0 0.0 0.0 0.0 0.0 1.0 8.0 0.0
2350.0062087959686 1.0 0.0 0.0 0.0 0.0 1.0 8.0 0.0
2351.000138347735 1.0 0.0 0.0 0.0 0.0 1.0 8.0 0.0
2352.0127361273635 1.0 0.0 0.0 0.0 0.0 1.0 8.0 0.0
2353.0051100834908 1.0 0.0 0.0 0.0 0.0 1.0 8.0 0.0
2354.0052151390605 1.0 0.0 0.0 0.0 0.0 1.0 8.0 0.0
2355.0007011746193 1.0 0.0 0.0 0.0 0.0 1.0 8.0 0.0
2356.0023143133417 1.0 0.0 0.0 0.0 0.0 1.0 8.0 0.0
2357.003320108591 1.0 0.0 0.0 0.0 0.0 1.0 8.0 0.0
2358.0035479145204 1.0 0.0 0.0 0.0 0.0 1.0 8.0 0.0
2359.0127361273635 1.0 0.0 0.0 0.0 0.0 1.0 8.0 0.0
2360.0057793025326 1.0 0.0 0.0 0.0 0.0 1.0 8.0 0.0
2361.00125122841 1.0 0.0 0.0 0.0 0.0 1.0 8.0 0.0
2362.0011542868574 1.0 0.0 0.0 0.0 0.0 1.0 8.0 0.0
2363.0063246406444 1.0 0.0 0.0 0.0 0.0 1.0 8.0 0.0
2364.0020823259983 1.0 0.0 0.0 0.0 0.0 1.0 8.0 0.0
2365.0088519212827 1.0 0.0 0.0 0.0 0.0 1.0 8.0 0.0
2366.0127361273635 1.0 0.0 0.0 0.0 0.0 1.0 8.0 0.0
2367.006064308687 1.0 0.0 0.0 0.0 0.0 1.0 8.0 0.0
2368.0038798106543 1.0 0.0 0.0 0.0 0.0 1.0 8.0 0.0
2369.0127361273635 1.0 0.0 0.0 0.0 0.0 1.0 8.0 0.0
2370.0028096918886 1.0 0.0 0.0 0.0 0.0 1.0 8.0 0.0
2371.0001393009065 1.0 0.0 0.0 0.0 0.0 1.0 8.0 0.0
2372.0049070339423 1.0 0.0 0.0 0.0 0.0 1.0 8.0 0.0
2373.0099563328754 1.0 0.0 0.0 0.0 0.0 1.0 8.0 0.0
2374.0006923380147 1.0 0.0 0.0 0.0 0.0 1.0 8.0 0.0
2375.0127361273635 1.0 0.0 0.0 0.0 0.0 1.0 8.0 0.0
2376.0127361273635 1.0 0.0 0.0 0.0 0.0 1.0 8.0 0.0
2377.0090211287766 1.0 0.0 0.0 0.0 0.0 1.0 8.0 0.0
2378.008024022739 1.0 0.0 0.0 0.0 0.0 1.0 8.0 0.0
2379.003690974677 1.0 0.0 0.0 0.0 0.0 1.0 8.0 0.0
2380.005351278446 1.0 0.0 0.0 0.0 0.0 1.0 8.0 0.0
2381.003957766017 1.0 0.0 0.0 0.0 0.0 1.0 8.0 0.0
2382.0115694852216 1.0 0.0 0.0 0.0 0.0 1.0 8.0 0.0
2383.0006071561897 1.0 0.0 0.0 0.0 0.0 1.0 8.0 0.0
2384.0030700307193 1.0 0.0 0.0 0.0 0.0 1.0 8.0 0.0
2385.001054258698 1.0 0.0 0.0 0.0 0.0 1.0 8.0 0.0
2386.0098286123052 1.0 0.0 0.0 0.0 0.0 1.0 8.0 0.0
2387.0022025254507 1.0 0.0 0.0 0.0 0.0 1.0 8.0 0.0
2388.0004665520178 1.0 0.0 0.0 0.0 0.0 1.0 8.0 0.0
2389.0032969403583 1.0 0.0 0.0 0.0 0.0 1.0 8.0 0.0
2390.0030452419205 1.0 0.0 0.0 0.0 0.0 1.0 8.0 0.0
2391.004683072128 1.0 0.0 0.0 0.0 0.0 1.0 8.0 0.0
2392.0023553093547 1.0 0.0 0.0 0.0 0.0 1.0 8.0 0.0
2393.0006575656626 1.0 0.0 0.0 0.0 0.0 1.0 8.0 0.0
2394.0070462307312 1.0 0.0 0.0 0.0 0.0 1.0 8.0 0.0
2395.003864354785 1.0 0.0 0.0 0.0 0.0 1.0 8.0 0.0
2396.0022204559505 1.0 0.0 0.0 0.0 0.0 1.0 8.0 0.0
2397.0005266663957 1.0 0.0 0.0 0.0 0.0 1.0 8.0 0.0
2398.001096590354 1.0 0.0 0.0 0.0 0.0 1.0 8.0 0.0
2399.0003846454656 1.0 0.0 0.0 0.0 0.0 1.0 8.0 0.0
2400.0 1.0 0.0 0.0 0.0 1.0 1.0 7.31875 0.0
2401.007400909872 1.0 0.0 0.0 0.0 1.0 1.0 7.00625 0.0
2402.0127361273635 0.84375 0.15000000000000002 0.00625000000000001 0.0 1.0 1.0 6.2 0.2638975155279503
2403.0127361273635 0.32499999999999996 0.675 0.0 0.0 1.0 1.0 6.11875 0.4360248447204969
2404.00290073848 0.00625000000000001 0.99375 0.0 0.0 1.0 1.0 6.85 0.01234472049689441
2405.009046655073 0.00625000000000001 0.99375 0.0 0.0 1.0 1.0 7.88125 0.01234472049689441
2406.0121929063434 0.0 1.0 0.0 0.0 1.0 1.0 7.9875 0.0
2407.0127361273635 0.0 1.0 0.0 0.0 1.0 1.0 8.0 0.0
2408.0025098387796 0.0 1.0 0.0 0.0 1.0 1.0 8.0 0.0
2409.00566908994 0.0 1.0 0.0 0.0 1.0 1.0 8.0 0.0
2410.0127361273635 0.0 1.0 0.0 0.0 1.0 1.0 8.0 0.0
2411.0016667202267 0.0 1.0 0.0 0.0 1.0 1.0 8.0 0.0
2412.005650502852 0.0 1.0 0.0 0.0 1.0 1.0 8.0 0.0
2413.0067385049642 0.0 1.0 0.0 0.0 1.0 1.0 8.0 0.0
2414.002436781962 0.0 1.0 0.0 0.0 1.0 1.0 8.0 0.0
2415.003915484111 0.0 1.0 0.0 0.0 1.0 1.0 8.0 0.0
2416.003908483188 0.0 1.0 0.0 0.0 1.0 1.0 8.0 0.0
2417.010512116978 0.0 1.0 0.0 0.0 1.0 1.0 8.0 0.0
2418.0055633372235 0.0 1.0 0.0 0.0 1.0 1.0 8.0 0.0
2419.002673955306 0.0 1.0 0.0 0.0 1.0 1.0 8.0 0.0
2420.0022434313505 0.0 1.0 0.0 0.0 1.0 1.0 8.0 0.0
2421.005211252841 0.0 1.0 0.0 0.0 1.0 1.0 8.0 0.0
2422.0127361273635 0.0 1.0 0.0 0.0 1.0 1.0 8.0 0.0
2423.0038930834653 0.0 1.0 0.0 0.0 1.0 1.0 8.0 0.0
2424.000163862421 0.0 1.0 0.0 0.0 1.0 1.0 8.0 0.0
2425.000327595016 0.0 1.0 0.0 0.0 1.0 1.0 8.0 0.0
2426.0002063826623 0.0 1.0 0.0 0.0 1.0 1.0 8.0 0.0
2427.001630735849 0.0 1.0 0.0 0.0 1.0 1.0 8.0 0.0
2428.002738803121 0.0 1.0 0.0 0.0 1.0 1.0 8.0 0.0
2429.004201493477 0.0 1.0 0.0 0.0 1.0 1.0 8.0 0.0
2430.0048335336946 0.0 1.0 0.0 0.0 1.0 1.0 8.0 0.0
2431.005128499998 0.0 1.0 0.0 0.0 1.0 1.0 8.0 0.0
2432.0009582680623 0.0 1.0 0.0 0.0 1.0 1.0 8.0 0.0
2433.0002851519744 0.0 1.0 0.0 0.0 1.0 1.0 8.0 0.0
2434.0012517510413 0.0 1.0 0.0 0.0 1.0 1.0 8.0 0.0
2435.010176765941 0.0 1.0 0.0 0.0 1.0 1.0 8.0 0.0
2436.0006527802025 0.0 1.0 0.0 0.0 1.0 1.0 8.0 0.0
2437.003179325107 0.0 1.0 0.0 0.0 1.0 1.0 8.0 0.0
2438.003498612005 0.0 1.0 0.0 0.0 1.0 1.0 8.0 0.0
2439.002078407099 0.0 1.0 0.0 0.0 1.0 1.0 8.0 0.0
2440.002139852128 0.0 1.0 0.0 0.0 1.0 1.0 8.0 0.0
2441.000178062111 0.0 1.0 0.0 0.0 1.0 1.0 8.0 0.0
2442.003739756495 0.0 1.0 0.0 0.0 1.0 1.0 8.0 0.0
2443.001201537873 0.0 1.0 0.0 0.0 1.0 1.0 8.0 0.0
2444.0114251729547 0.0 1.0 0.0 0.0 1.0 1.0 8.0 0.0
2445.0004681001496 0.0 1.0 0.0 0.0 1.0 1.0 8.0 0.0
2446.002055936696 0.0 1.0 0.0 0.0 1.0 1.0 8.0 0.0
2447.0019557594624 0.0 1.0 0.0 0.0 1.0 1.0 8.0 0.0
2448.001759408015 0.0 1.0 0.0 0.0 1.0 1.0 8.0 0.0
2449.00155553445 0.0 1.0 0.0 0.0 1.0 1.0 8.0 0.0
2450.0127361273635 0.0 1.0 0.0 0.0 1.0 1.0 8.0 0.0
2451.011610005557 0.0 1.0 0.0 0.0 1.0 1.0 8.0 0.0
2452.0031308683715 0.0 1.0 0.0 0.0 1.0 1.0 8.0 0.0
2453.0037965946603 0.0 1.0 0.0 0.0 1.0 1.0 8.0 0.0
2454.011254162958 0.0 1.0 0.0 0.0 1.0 1.0 8.0 0.0
2455.005283008884 0.0 1.0 0.0 0.0 1.0 1.0 8.0 0.0
2456.0127361273635 0.0 1.0 0.0 0.0 1.0 1.0 8.0 0.0
2457.00037700956 0.0 1.0 0.0 0.0 1.0 1.0 8.0 0.0
2458.0127361273635 0.0 1.0 0.0 0.0 1.0 1.0 8.0 0.0
2459.0082619757804 0.0 1.0 0.0 0.0 1.0 1.0 8.0 0.0
2460.005724669331 0.0 1.0 0.0 0.0 1.0 1.0 8.0 0.0
2461.0047498787094 0.0 1.0 0.0 0.0 1.0 1.0 8.0 0.0
2462.011724579332 0.0 1.0 0.0 0.0 1.0 1.0 8.0 0.0
2463.0127361273635 0.0 1.0 0.0 0.0 1.0 1.0 8.0 0.0
2464.0065179579965 0.0 1.0 0.0 0.0 1.0 1.0 8.0 0.0
2465.0038266616807 0.0 1.0 0.0 0.0 1.0 1.0 8.0 0.0
2466.006721602485 0.0 1.0 0.0 0.0 1.0 1.0 8.0 0.0
2467.0057402270277 0.0 1.0 0.0 0.0 1.0 1.0 8.0 0.0
2468.0075362846956 0.0 1.0 0.0 0.0 1.0 1.0 8.0 0.0
2469.0003157412743 0.0 1.0 0.0 0.0 1.0 1.0 8.0 0.0
2470.0015066369597 0.0 1.0 0.0 0.0 1.0 1.0 8.0 0.0
2471.0005900563892 0.0 1.0 0.0 0.0 1.0 1.0 8.0 0.0
2472.0004251283613 0.0 1.0 0.0 0.0 1.0 1.0 8.0 0.0
2473.011277498094 0.0 1.0 0.0 0.0 1.0 1.0 8.0 0.0
2474.003091780576 0.0 1.0 0.0 0.0 1.0 1.0 8.0 0.0
2475.002048064824 0.0 1.0 0.0 0.0 1.0 1.0 8.0 0.0
2476.0008966621035 0.0 1.0 0.0 0.0 1.0 1.0 8.0 0.0
2477.003943987714 0.0 1.0 0.0 0.0 1.0 1.0 8.0 0.0
2478.000771019724 0.0 1.0 0.0 0.0 1.0 1.0 8.0 0.0
2479.0127361273635 0.0 1.0 0.0 0.0 1.0 1.0 8.0 0.0
2480.0127361273635 0.0 1.0 0.0 0.0 1.0 1.0 8.0 0.0
2481.004599977576 0.0 1.0 0.0 0.0 1.0 1.0 8.0 0.0
2482.0127361273635 0.0 1.0 0.0 0.0 1.0 1.0 8.0 0.0
2483.0093443576457 0.0 1.0 0.0 0.0 1.0 1.0 8.0 0.0
2484.001020974563 0.0 1.0 0.0 0.0 1.0 1.0 8.0 0.0
2485.007700560801 0.0 1.0 0.0 0.0 1.0 1.0 8.0 0.0
2486.009320238983 0.0 1.0 0.0 0.0 1.0 1.0 8.0 0.0
2487.0073573373015 0.0 1.0 0.0 0.0 1.0 1.0 8.0 0.0
2488.0103606906605 0.0 1.0 0.0 0.0 1.0 1.0 8.0 0.0
2489.0035269846708 0.0 1.0 0.0 0.0 1.0 1.0 8.0 0.0
2490.0003454880616 0.0 1.0 0.0 0.0 1.0 1.0 8.0 0.0
2491.012015187935 0.0 1.0 0.0 0.0 1.0 1.0 8.0 0.0
2492.004668122572 0.0 1.0 0.0 0.0 1.0 1.0 8.0 0.0
2493.0053368787344 0.0 1.0 0.0 0.0 1.0 1.0 8.0 0.0
2494.0016059132713 0.0 1.0 0.0 0.0 1.0 1.0 8.0 0.0
2495.0034114498426 0.0 1.0 0.0 0.0 1.0 1.0 8.0 0.0
2496.009132377183 0.0 1.0 0.0 0.0 1.0 1.0 8.0 0.0
2497.001743014009 0.0 1.0 0.0 0.0 1.0 1.0 8.0 0.0
2498.003022338392 0.0 1.0 0.0 0.0 1.0 1.0 8.0 0.0
2499.006967440797 0.0 1.0 0.0 0.0 1.0 1.0 8.0 0.0
2500.0013154598246 0.0 1.0 0.0 0.0 1.0 1.0 8.0 0.0
2501.001606975 0.0 1.0 0.0 0.0 1.0 1.0 8.0 0.0
2502.0067163560807 0.0 1.0 0.0 0.0 1.0 1.0 8.0 0.0
2503.001043640103 0.0 1.0 0.0 0.0 1.0 1.0 8.0 0.0
2504.0022041170982 0.0 1.0 0.0 0.0 1.0 1.0 8.0 0.0
2505.009184987714 0.0 1.0 0.0 0.0 1.0 1.0 8.0 0.0
2506.011034610719 0.0 1.0 0.0 0.0 1.0 1.0 8.0 0.0
2507.0004215242398 0.0 0.68125 0.0 0.31875 0.0 1.0 8.0 0.43159937888198757
2508.0013005611327 0.5 0.00625000000000001 0.0 0.49375 0.0 1.0 8.275 0.503027950310559
2509.006055799748 0.6374999999999998 0.0 0.35624999999999996 0.00625000000000001 0.0 1.0 9.36875 0.4637422360248447
2510.0002582214156 0.018749999999999992 0.0 0.98125 0.0 0.0 1.0 10.55 0.03656832298136646
2511.0094263833407 0.0 0.0 1.0 0.0 0.0 1.0 10.19375 0.0
2512.0084752783346 0.0 0.0 1.0 0.0 0.0 1.0 9.2125 0.0
2513.000630685056 0.0 0.0 1.0 0.0 0.0 1.0 9.7 0.0
2514.002464110288 0.0 0.0 1.0 0.0 0.0 1.0 10.0 0.0
2515.0005889990057 0.0 0.0 1.0 0.0 0.0 1.0 10.0 0.0
2516.006067490242 0.0 0.0 1.0 0.0 0.0 1.0 10.0 0.0
2517.0002154517742 0.0 0.0 1.0 0.0 0.0 1.0 10.0 0.0
2518.0051713929506 0.0 0.0 1.0 0.0 0.0 1.0 10.0 0.0
2519.0066112732115 0.0 0.0 1.0 0.0 0.0 1.0 10.0 0.0
2520.0013523615958 0.0 0.0 1.0 0.0 0.0 1.0 10.0 0.0
2521.0023643174095 0.0 0.0 1.0 0.0 0.0 1.0 10.0 0.0
2522.0118745835607 0.0 0.0 1.0 0.0 0.0 1.0 10.0 0.0
2523.010062851212 0.0 0.0 1.0 0.0 0.0 1.0 10.0 0.0
2524.0098645405783 0.0 0.0 1.0 0.0 0.0 1.0 10.0 0.0
2525.0009742543198 0.0 0.0 1.0 0.0 0.0 1.0 10.0 0.0
2526.002688175001 0.0 0.0 1.0 0.0 0.0 1.0 10.0 0.0
2527.01040789149 0.0 0.0 1.0 0.0 0.0 1.0 10.0 0.0
2528.0004770419605 0.0 0.0 1.0 0.0 0.0 1.0 10.0 0.0
2529.0037406632796 0.0 0.0 1.0 0.0 0.0 1.0 10.0 0.0
2530.0059145520963 0.0 0.0 1.0 0.0 0.0 1.0 10.0 0.0
2531.004294663838 0.0 0.0 1.0 0.0 0.0 1.0 10.0 0.0
2532.0002150558653 0.0 0.0 1.0 0.0 0.0 1.0 10.0 0.0
2533.000969312526 0.0 0.0 1.0 0.0 0.0 1.0 10.0 0.0
2534.0005288655225 0.0 0.0 1.0 0.0 0.0 1.0 10.0 0.0
2535.010495218649 0.0 0.0 1.0 0.0 0.0 1.0 10.0 0.0
2536.007481428124 0.0 0.0 1.0 0.0 0.0 1.0 10.0 0.0
2537.00074878143 0.0 0.0 1.0 0.0 0.0 1.0 10.0 0.0
2538.00623695889 0.0 0.0 1.0 0.0 0.0 1.0 10.0 0.0
2539.001926836414 0.0 0.0 1.0 0.0 0.0 1.0 10.0 0.0
2540.0127361273635 0.0 0.0 1.0 0.0 0.0 1.0 10.0 0.0
2541.0078929632728 0.0 0.0 1.0 0.0 0.0 1.0 10.0 0.0
2542.007827095151 0.0 0.0 1.0 0.0 0.0 1.0 10.0 0.0
2543.005479671594 0.0 0.0 1.0 0.0 0.0 1.0 10.0 0.0
2544.0041407397525 0.0 0.0 1.0 0.0 0.0 1.0 10.0 0.0
2545.000794159376 0.0 0.0 1.0 0.0 0.0 1.0 10.0 0.0
2546.0088775072413 0.0 0.0 1.0 0.0 0.0 1.0 10.0 0.0
2547.0023443346154 0.0 0.0 1.0 0.0 0.0 1.0 10.0 0.0
2548.0011169245504 0.0 0.0 1.0 0.0 0.0 1.0 10.0 0.0
2549.005658524529 0.0 0.0 1.0 0.0 0.0 1.0 10.0 0.0
2550.0034091099 0.0 0.0 1.0 0.0 0.0 1.0 10.0 0.0
2551.0075533797108 0.0 0.0 1.0 0.0 0.0 1.0 10.0 0.0
2552.0038058521313 0.0 0.0 1.0 0.0 0.0 1.0 10.0 0.0
2553.0051854474113 0.0 0.0 1.0 0.0 0.0 1.0 10.0 0.0
2554.001340949919 0.0 0.0 1.0 0.0 0.0 1.0 10.0 0.0
2555.0011500150126 0.0 0.0 1.0 0.0 0.0 1.0 10.0 0.0
2556.000506983183 0.0 0.0 1.0 0.0 0.0 1.0 10.0 0.0
2557.0127361273635 0.0 0.0 1.0 0.0 0.0 1.0 10.0 0.0
2558.0004131427086 0.0 0.0 1.0 0.0 0.0 1.0 10.0 0.0
2559.0127361273635 0.0 0.0 1.0 0.0 0.0 1.0 10.0 0.0
2560.000679621476 0.0 0.0 1.0 0.0 0.0 1.0 10.0 0.0
2561.00461720022 0.0 0.0 1.0 0.0 0.0 1.0 10.0 0.0
2562.005285393256 0.0 0.0 1.0 0.0 0.0 1.0 10.0 0.0
2563.002158193859 0.0 0.0 1.0 0.0 0.0 1.0 10.0 0.0
2564.003465420616 0.0 0.0 1.0 0.0 0.0 1.0 10.0 0.0
2565.0007434954855 0.0 0.0 1.0 0.0 0.0 1.0 10.0 0.0
2566.0002364125316 0.0 0.0 1.0 0.0 0.0 1.0 10.0 0.0
2567.0031309779115 0.0 0.0 1.0 0.0 0.0 1.0 10.0 0.0
2568.001608545842 0.0 0.0 1.0 0.0 0.0 1.0 10.0 0.0
2569.003408190539 0.0 0.0 1.0 0.0 0.0 1.0 10.0 0.0
2570.0041837103886 0.0 0.0 1.0 0.0 0.0 1.0 10.0 0.0
2571.0012187458765 0.0 0.0 1.0 0.0 0.0 1.0 10.0 0.0
2572.00242545637 0.0 0.0 1.0 0.0 0.0 1.0 10.0 0.0
2573.012676566524 0.0 0.0 1.0 0.0 0.0 1.0 10.0 0.0
2574.010917128759 0.0 0.0 1.0 0.0 0.0 1.0 10.0 0.0
2575.0110886238135 0.0 0.0 1.0 0.0 0.0 1.0 10.0 0.0
2576.001997532449 0.0 0.0 1.0 0.0 0.0 1.0 10.0 0.0
2577.0054440249223 0.0 0.0 1.0 0.0 0.0 1.0 10.0 0.0
2578.011018752976 0.0 0.0 1.0 0.0 0.0 1.0 10.0 0.0
2579.000826118957 0.0 0.0 1.0 0.0 0.0 1.0 10.0 0.0
2580.0001673303645 0.0 0.0 1.0 0.0 0.0 1.0 10.0 0.0
2581.0021406046817 0.0 0.0 1.0 0.0 0.0 1.0 10.0 0.0
2582.002529642158 0.0 0.0 1.0 0.0 0.0 1.0 10.0 0.0
2583.0127361273635 0.0 0.0 1.0 0.0 0.0 1.0 10.0 0.0
2584.0055893909494 0.0 0.0 1.0 0.0 0.0 1.0 10.0 0.0
2585.0127361273635 0.0 0.0 1.0 0.0 0.0 1.0 10.0 0.0
2586.0018528281926 0.0 0.0 1.0 0.0 0.0 1.0 10.0 0.0
2587.0034141693422 0.0 0.0 1.0 0.0 0.0 1.0 10.0 0.0
2588.0071538343636 0.0 0.0 1.0 0.0 0.0 1.0 10.0 0.0
2589.0049732704233 0.0 0.0 1.0 0.0 0.0 1.0 10.0 0.0
2590.012314813467 0.0 0.0 1.0 0.0 0.0 1.0 10.0 0.0
2591.0048099321198 0.0 0.0 1.0 0.0 0.0 1.0 10.0 0.0
2592.001787167734 0.0 0.0 1.0 0.0 0.0 1.0 10.0 0.0
2593.00188830543 0.0 0.0 1.0 0.0 0.0 1.0 10.0 0.0
2594.0042946699386 0.0 0.0 1.0 0.0 0.0 1.0 10.0 0.0
2595.0044768741277 0.0 0.0 1.0 0.0 0.0 1.0 10.0 0.0
2596.001737354271 0.0 0.0 1.0 0.0 0.0 1.0 10.0 0.0
2597.010524675733 0.0 0.0 1.0 0.0 0.0 1.0 10.0 0.0
2598.007916950533 0.0 0.0 1.0 0.0 0.0 1.0 10.0 0.0
2599.000594441458 0.0 0.0 1.0 0.0 0.0 1.0 10.0 0.0
2600.004806645057 0.0 0.0 1.0 0.0 0.0 1.0 10.0 0.0
2601.0014412344267 0.0 0.0 1.0 0.0 0.0 1.0 10.0 0.0
2602.0005082215043 0.0 0.0 1.0 0.0 0.0 1.0 10.0 0.0
2603.0003700020934 0.0 0.0 1.0 0.0 0.0 1.0 10.0 0.0
2604.0017049261355 0.0 0.0 1.0 0.0 0.0 1.0 10.0 0.0
2605.000326873841 0.0 0.0 1.0 0.0 0.0 1.0 10.0 0.0
2606.0016982588054 0.0 0.0 1.0 0.0 0.0 1.0 10.0 0.0
2607.0127361273635 0.0 0.0 1.0 0.0 0.0 1.0 10.0 0.0
2608.0010182516244 0.0 0.0 1.0 0.0 0.0 1.0 10.0 0.0
2609.005747297494 0.0 0.0 1.0 0.0 0.0 1.0 10.0 0.0
2610.000276321328 0.0 0.0 1.0 0.0 0.0 1.0 10.0 0.0
2611.0033495559683 0.0 0.0 1.0 0.0 0.0 1.0 10.0 0.0
2612.0076886473894 0.0 0.0 1.0 0.0 0.0 1.0 10.0 0.0
2613.003324288523 0.0 0.0 1.0 0.0 0.0 1.0 10.0 0.0
2614.0047402425475 0.0 0.0 1.0 0.0 0.0 1.0 10.0 0.0
2615.0006840324518 0.0 0.0 1.0 0.0 0.0 1.0 10.0 0.0
2616.0055207793266 0.0 0.0 1.0 0.0 0.0 1.0 10.0 0.0
2617.0119506614164 0.0 0.0 1.0 0.0 0.0 1.0 10.0 0.0
2618.00233241755 0.0 0.0 1.0 0.0 0.0 1.0 10.0 0.0
2619.0015155028937 0.0 0.0 1.0 0.0 0.0 1.0 10.0 0.0
2620.00976115411 0.0 0.0 1.0 0.0 0.0 1.0 10.0 0.0
2621.0062642022667 0.0 0.0 1.0 0.0 0.0 1.0 10.0 0.0
2622.001983494857 0.0 0.0 1.0 0.0 0.0 1.0 10.0 0.0
2623.010083379081 0.0 0.0 1.0 0.0 0.0 1.0 10.0 0.0
2624.003755994694 0.0 0.0 1.0 0.0 0.0 1.0 10.0 0.0
2625.008461551771 0.0 0.0 1.0 0.0 0.0 1.0 10.0 0.0
2626.003710514473 0.0 0.0 1.0 0.0 0.0 1.0 10.0 0.0
2627.006852879644 0.0 0.0 1.0 0.0 0.0 1.0 10.0 0.0
2628.0034635600055 0.0 0.0 1.0 0.0 0.0 1.0 10.0 0.0
2629.0127361273635 0.0 0.0 1.0 0.0 0.0 1.0 10.0 0.0
2630.0060839193156 0.0 0.0 1.0 0.0 0.0 1.0 10.0 0.0
2631.0079160551736 0.0 0.0 1.0 0.0 0.0 1.0 10.0 0.0
2632.002071893169 0.0 0.0 1.0 0.0 0.0 1.0 10.0 0.0
2633.000440521217 0.0 0.0 1.0 0.0 0.0 1.0 10.0 0.0
2634.001068179586 0.0 0.0 1.0 0.0 0.0 1.0 10.0 0.0
2635.00507196774 0.0 0.0 1.0 0.0 0.0 1.0 10.0 0.0
2636.0017808266807 0.0 0.0 1.0 0.0 0.0 1.0 10.0 0.0
2637.006249177095 0.0 0.0 1.0 0.0 0.0 1.0 10.0 0.0
2638.0011497861733 0.0 0.0 1.0 0.0 0.0 1.0 10.0 0.0
2639.003127634336 0.0 0.0 1.0 0.0 0.0 1.0 10.0 0.0
2640.003749727146 0.0 0.0 1.0 0.0 0.0 1.0 10.0 0.0
2641.0000284962816 0.0 0.0 1.0 0.0 0.0 1.0 10.0 0.0
2642.0127361273635 0.0 0.0 1.0 0.0 0.0 1.0 10.0 0.0
2643.003212799613 0.0 0.0 1.0 0.0 0.0 1.0 10.0 0.0
2644.008417963655 0.0 0.0 1.0 0.0 0.0 1.0 10.0 0.0
2645.0021030801754 0.0 0.0 1.0 0.0 0.0 1.0 10.0 0.0
2646.001802680375 0.0 0.0 1.0 0.0 0.0 1.0 10.0 0.0
2647.0127361273635 0.0 0.0 1.0 0.0 0.0 1.0 10.0 0.0
2648.002037200494 0.0 0.0 0.5375 0.4625 0.0 0.0 10.0 0.49409937888198757
2649.0042797430006 0.0 0.0 0.01874999999999999 0.98125 0.0 0.0 10.43125 0.03656832298136646
2650.0063982052143 0.0 0.0 0.0 1.0 0.0 0.0 11.45 0.0
2651.0081349027037 0.0 0.0 0.0 1.0 0.0 0.0 11.95625 0.0
2652.0127361273635 0.0 0.0 0.0 1.0 0.0 0.0 12.0 0.0
2653.0036557680833 0.0 0.0 0.0 1.0 0.0 0.0 12.0 0.0
2654.0073990647215 0.0 0.0 0.0 1.0 0.0 0.0 12.0 0.0
2655.0033152495803 0.0 0.0 0.0 1.0 0.0 0.0 12.0 0.0
2656.0127361273635 0.0 0.0 0.0 1.0 0.0 0.0 12.0 0.0
2657.0036270648307 0.0 0.0 0.0 1.0 0.0 0.0 12.0 0.0
2658.0006244603537 0.0 0.0 0.0 1.0 0.0 0.0 12.0 0.0
2659.0091896217964 0.0 0.0 0.0 1.0 0.0 0.0 12.0 0.0
2660.0000415939735 0.0 0.0 0.0 1.0 0.0 0.0 12.0 0.0
2661.0057401724353 0.0 0.0 0.0 1.0 0.0 0.0 12.0 0.0
2662.0127361273635 0.0 0.0 0.0 1.0 0.0 0.0 12.0 0.0
2663.000110268441 0.0 0.0 0.0 1.0 0.0 0.0 12.0 0.0
2664.005389949243 0.0 0.0 0.0 1.0 0.0 0.0 12.0 0.0
2665.001785391156 0.0 0.0 0.0 1.0 0.0 0.0 12.0 0.0
2666.00711546974 0.0 0.0 0.0 1.0 0.0 0.0 12.0 0.0
2667.0115244732824 0.0 0.0 0.0 1.0 0.0 0.0 12.0 0.0
2668.006740266943 0.0 0.0 0.0 1.0 0.0 0.0 12.0 0.0
2669.0030120067113 0.0 0.0 0.0 1.0 0.0 0.0 12.0 0.0
2670.0076400534604 0.0 0.0 0.0 1.0 0.0 0.0 12.0 0.0
2671.0031912184195 0.0 0.0 0.0 1.0 0.0 0.0 12.0 0.0
2672.0035487833693 0.0 0.0 0.0 1.0 0.0 0.0 12.0 0.0
2673.0079645504447 0.0 0.0 0.0 1.0 0.0 0.0 12.0 0.0
2674.0024919073176 0.0 0.0 0.0 1.0 0.0 0.0 12.0 0.0
2675.0127361273635 0.0 0.0 0.0 1.0 0.0 0.0 12.0 0.0
2676.0127361273635 0.0 0.0 0.0 1.0 0.0 0.0 12.0 0.0
2677.000205641926 0.0 0.0 0.0 1.0 0.0 0.0 12.0 0.0
2678.0067985431 0.0 0.0 0.0 1.0 0.0 0.0 12.0 0.0
2679.0091069747045 0.0 0.0 0.0 1.0 0.0 0.0 12.0 0.0
2680.0069944259476 0.0 0.0 0.0 1.0 0.0 0.0 12.0 0.0
2681.000060151614 0.0 0.0 0.0 1.0 0.0 0.0 12.0 0.0
2682.0054560174935 0.0 0.0 0.0 1.0 0.0 0.0 12.0 0.0
2683.009343341987 0.0 0.0 0.0 1.0 0.0 0.0 12.0 0.0
2684.0058243187727 0.0 0.0 0.0 1.0 0.0 0.0 12.0 0.0
2685.0016336324807 0.0 0.0 0.0 1.0 0.0 0.0 12.0 0.0
2686.0006951456858 0.0 0.0 0.0 1.0 0.0 0.0 12.0 0.0
2687.012669458647 0.0 0.0 0.0 1.0 0.0 0.0 12.0 0.0
2688.0127361273635 0.0 0.0 0.0 1.0 0.0 0.0 12.0 0.0
2689.0052545562103 0.0 0.0 0.0 1.0 0.0 0.0 12.0 0.0
2690.003558482754 0.0 0.0 0.0 1.0 0.0 0.0 12.0 0.0
2691.010729612631 0.0 0.0 0.0 1.0 0.0 0.0 12.0 0.0
2692.004071309707 0.0 0.0 0.0 1.0 0.0 0.0 12.0 0.0
2693.001754678733 0.0 0.0 0.0 1.0 0.0 0.0 12.0 0.0
2694.0016172600285 0.0 0.0 0.0 1.0 0.0 0.0 12.0 0.0
2695.004638700445 0.0 0.0 0.0 1.0 0.0 0.0 12.0 0.0
2696.0127361273635 0.0 0.0 0.0 1.0 0.0 0.0 12.0 0.0
2697.007906612107 0.0 0.0 0.0 1.0 0.0 0.0 12.0 0.0
2698.0107280978877 0.0 0.0 0.0 1.0 0.0 0.0 12.0 0.0
2699.0006848046864 0.0 0.0 0.0 1.0 0.0 0.0 12.0 0.0
2700.0127361273635 0.0 0.0 0.0 1.0 0.0 0.0 12.0 0.0
2701.0044090909055 0.0 0.0 0.0 1.0 0.0 0.0 12.0 0.0
2702.0127361273635 0.0 0.0 0.0 1.0 0.0 0.0 12.0 0.0
2703.0065834989473 0.0 0.0 0.0 1.0 0.0 0.0 12.0 0.0
2704.008164351235 0.0 0.0 0.0 1.0 0.0 0.0 12.0 0.0
2705.008758562882 0.0 0.0 0.0 1.0 0.0 0.0 12.0 0.0
2706.0034945811285 0.0 0.0 0.0 1.0 0.0 0.0 12.0 0.0
2707.006899106036 0.0 0.0 0.0 1.0 0.0 0.0 12.0 0.0
2708.002675409291 0.0 0.0 0.0 1.0 0.0 0.0 12.0 0.0
2709.001005514896 0.0 0.0 0.0 1.0 0.0 0.0 12.0 0.0
2710.0127361273635 0.0 0.0 0.0 1.0 0.0 0.0 12.0 0.0
2711.004439383315 0.0 0.0 0.0 1.0 0.0 0.0 12.0 0.0
2712.00018242893 0.0 0.0 0.0 1.0 0.0 0.0 12.0 0.0
2713.0054149370594 0.0 0.0 0.0 1.0 0.0 0.0 12.0 0.0
2714.0053102598513 0.0 0.0 0.0 1.0 0.0 0.0 12.0 0.0
2715.0037281306013 0.0 0.0 0.0 1.0 0.0 0.0 12.0 0.0
2716.0089028371567 0.0 0.0 0.0 1.0 0.0 0.0 12.0 0.0
2717.0106712725046 0.0 0.0 0.0 1.0 0.0 0.0 12.0 0.0
2718.0092023249617 0.0 0.0 0.0 1.0 0.0 0.0 12.0 0.0
2719.0029585447123 0.0 0.0 0.0 1.0 0.0 0.0 12.0 0.0
2720.0127361273635 0.0 0.0 0.0 1.0 0.0 0.0 12.0 0.0
2721.0015165561276 0.0 0.0 0.0 1.0 0.0 0.0 12.0 0.0
2722.0086774315905 0.0 0.0 0.0 1.0 0.0 0.0 12.0 0.0
2723.008119844924 0.0 0.0 0.0 1.0 0.0 0.0 12.0 0.0
2724.0115249695286 0.0 0.0 0.0 1.0 0.0 0.0 12.0 0.0
2725.008225310785 0.0 0.0 0.0 1.0 0.0 0.0 12.0 0.0
2726.0127361273635 0.0 0.0 0.0 1.0 0.0 0.0 12.0 0.0
2727.004820818558 0.0 0.0 0.0 1.0 0.0 0.0 12.0 0.0
2728.004549152166 0.0 0.0 0.0 1.0 0.0 0.0 12.0 0.0
2729.000626484979 0.0 0.0 0.0 1.0 0.0 0.0 12.0 0.0
2730.006336656958 0.0 0.0 0.0 1.0 0.0 0.0 12.0 0.0
2731.0028755884605 0.0 0.0 0.0 1.0 0.0 0.0 12.0 0.0
2732.00310767143 0.0 0.0 0.0 1.0 0.0 0.0 12.0 0.0
2733.0127361273635 0.0 0.0 0.0 1.0 0.0 0.0 12.0 0.0
2734.004063382794 0.0 0.0 0.0 1.0 0.0 0.0 12.0 0.0
2735.0086220647113 0.0 0.0 0.0 1.0 0.0 0.0 12.0 0.0
2736.0127361273635 0.0 0.0 0.0 1.0 0.0 0.0 12.0 0.0
2737.0022665306833 0.0 0.0 0.0 1.0 0.0 0.0 12.0 0.0
2738.000553632558 0.0 0.0 0.0 1.0 0.0 0.0 12.0 0.0
2739.000312547846 0.0 0.0 0.0 1.0 0.0 0.0 12.0 0.0
2740.0023005009634 0.0 0.0 0.0 1.0 0.0 0.0 12.0 0.0
2741.0127361273635 0.0 0.0 0.0 1.0 0.0 0.0 12.0 0.0
2742.0039222147734 0.0 0.0 0.0 1.0 0.0 0.0 12.0 0.0
2743.0127361273635 0.0 0.0 0.0 1.0 0.0 0.0 12.0 0.0
2744.0052899121733 0.0 0.0 0.0 1.0 0.0 0.0 12.0 0.0
2745.000396749668 0.0 0.0 0.0 1.0 0.0 0.0 12.0 0.0
2746.0016728805367 0.0 0.0 0.0 1.0 0.0 0.0 12.0 0.0
2747.011924465933 0.0 0.0 0.0 1.0 0.0 0.0 12.0 0.0
2748.0061135649403 0.0 0.0 0.0 1.0 0.0 0.0 12.0 0.0
2749.0067010489834 0.0 0.0 0.0 1.0 0.0 0.0 12.0 0.0
2750.0107184180933 0.0 0.0 0.0 1.0 0.0 0.0 12.0 0.0
2751.0019229466775 0.0 0.0 0.0 1.0 0.0 0.0 12.0 0.0
2752.0048471264054 0.0 0.0 0.0 1.0 0.0 0.0 12.0 0.0
2753.001383706331 0.0 0.0 0.0 1.0 0.0 0.0 12.0 0.0
2754.007527640283 0.0 0.0 0.0 1.0 0.0 0.0 12.0 0.0
2755.003862490246 0.0 0.0 0.0 1.0 0.0 0.0 12.0 0.0
2756.0127361273635 0.0 0.0 0.0 1.0 0.0 0.0 12.0 0.0
2757.0024985467157 0.0 0.0 0.0 1.0 0.0 0.0 12.0 0.0
2758.0023837310673 0.0 0.0 0.0 1.0 0.0 0.0 12.0 0.0
2759.003497536177 0.0 0.0 0.0 1.0 0.0 0.0 12.0 0.0
2760.0127361273635 0.0 0.0 0.0 1.0 0.0 0.0 12.0 0.0
2761.0016650862567 0.0 0.0 0.0 1.0 0.0 0.0 12.0 0.0
2762.0047614608497 0.0 0.0 0.0 1.0 0.0 0.0 12.0 0.0
2763.0038077941877 0.0 0.0 0.0 1.0 0.0 0.0 12.0 0.0
2764.0010199789294 0.0 0.0 0.0 1.0 0.0 0.0 12.0 0.0
2765.0051583369145 0.0 0.0 0.0 1.0 0.0 0.0 12.0 0.0
2766.004298994333 0.0 0.0 0.0 1.0 0.0 0.0 12.0 0.0
2767.000741492764 0.0 0.0 0.0 1.0 0.0 0.0 12.0 0.0
2768.001151960751 0.0 0.0 0.0 1.0 0.0 0.0 12.0 0.0
2769.0022211689534 0.0 0.0 0.0 1.0 0.0 0.0 12.0 0.0
2770.0038442695995 0.0 0.0 0.0 1.0 0.0 0.0 12.0 0.0
2771.0016011048797 0.0 0.0 0.0 1.0 0.0 0.0 12.0 0.0
2772.0003825968956 0.0 0.0 0.0 1.0 0.0 0.0 12.0 0.0
2773.0059313823313 0.0 0.0 0.0 1.0 0.0 0.0 12.0 0.0
2774.003628600666 0.0 0.0 0.0 1.0 0.0 0.0 12.0 0.0
2775.002018966211 0.0 0.0 0.0 1.0 0.0 0.0 12.0 0.0
2776.001853446879 0.0 0.0 0.0 1.0 0.0 0.0 12.0 0.0
2777.0012223623607 0.0 0.0 0.0 1.0 0.0 0.0 12.0 0.0
2778.003112385621 0.0 0.0 0.0 1.0 0.0 0.0 12.0 0.0
2779.003076315138 0.0 0.0 0.0 1.0 0.0 0.0 12.0 0.0
2780.009944191426 0.0 0.0 0.0 1.0 0.0 0.0 12.0 0.0
2781.0028640808537 0.0 0.0 0.0 1.0 0.0 0.0 12.0 0.0
2782.004448958583 0.0 0.0 0.0 1.0 0.0 0.0 12.0 0.0
2783.00462169188 0.0 0.0 0.0 1.0 0.0 0.0 12.0 0.0
2784.0030723397567 0.0 0.0 0.0 1.0 0.0 0.0 12.0 0.0
2785.0127361273635 0.0 0.0 0.0 1.0 0.0 0.0 12.0 0.0
2786.010109292861 0.0 0.0 0.0 1.0 0.0 0.0 12.0 0.0
2787.0127361273635 0.0 0.0 0.0 1.0 0.0 0.0 12.0 0.0
2788.0109627489205 0.0 0.0 0.0 1.0 0.0 0.0 12.0 0.0
2789.0079823768388 0.0 0.0 0.0 1.0 0.0 0.0 12.0 0.0
2790.0042556878043 0.0 0.0 0.0 1.0 0.0 0.0 12.0 0.0
2791.0010766927326 0.0 0.0 0.0 1.0 0.0 0.0 12.0 0.0
2792.0127361273635 0.0 0.0 0.0 1.0 0.0 0.0 12.0 0.0
2793.011299436265 0.0 0.0 0.0 1.0 0.0 0.0 12.0 0.0
2794.005890710744 0.0 0.0 0.0 1.0 0.0 0.0 12.0 0.0
2795.004663502956 0.0 0.0 0.0 1.0 0.0 0.0 12.0 0.0
2796.0127361273635 0.0 0.0 0.0 1.0 0.0 0.0 12.0 0.0
2797.0043823701185 0.0 0.0 0.0 1.0 0.0 0.0 12.0 0.0
2798.0013718728524 0.0 0.0 0.0 1.0 0.0 0.0 12.0 0.0
2799.000391274623 0.0 0.0 0.0 1.0 0.0 0.0 12.0 0.0
2800.0127361273635 0.0 0.0 0.0 1.0 0.0 0.0 12.0 0.0
2801.00986518076 0.0 0.0 0.0 1.0 0.0 0.0 12.0 0.0
2802.0118378078655 0.0 0.0 0.0 1.0 0.0 0.0 12.0 0.0
2803.0070267735387 0.0 0.0 0.0 1.0 0.0 0.0 12.0 0.0
2804.0018503320503 0.0 0.0 0.0 1.0 0.0 0.0 12.0 0.0
2805.0060471888232 0.0 0.0 0.0 1.0 0.0 0.0 12.0 0.0
2806.0004150224945 0.0 0.0 0.0 1.0 0.0 0.0 12.0 0.0
2807.0061217163598 0.0 0.0 0.0 1.0 0.0 0.0 12.0 0.0
2808.0064025902398 0.0 0.0 0.0 1.0 0.0 0.0 12.0 0.0
2809.00691677447 0.0 0.0 0.0 1.0 0.0 0.0 12.0 0.0
2810.0042421026205 0.0 0.0 0.0 1.0 0.0 0.0 12.0 0.0
2811.0024289085213 0.0 0.0 0.0 1.0 0.0 0.0 12.0 0.0
2812.002325247926 0.0 0.0 0.0 1.0 0.0 0.0 12.0 0.0
2813.0127361273635 0.0 0.0 0.0 1.0 0.0 0.0 12.0 0.0
2814.004583509858 0.0 0.0 0.0 1.0 0.0 0.0 12.0 0.0
2815.0038538609365 0.0 0.0 0.0 1.0 0.0 0.0 12.0 0.0
2816.0027723820263 0.0 0.0 0.0 1.0 0.0 0.0 12.0 0.0
2817.0050437117593 0.0 0.0 0.0 1.0 0.0 0.0 12.0 0.0
2818.001628038324 0.0 0.0 0.0 1.0 0.0 0.0 12.0 0.0
2819.0017630943244 0.0 0.0 0.0 1.0 0.0 0.0 12.0 0.0
2820.0038816464353 0.0 0.0 0.0 1.0 0.0 0.0 12.0 0.0
2821.005859421896 0.0 0.0 0.0 1.0 0.0 0.0 12.0 0.0
2822.003378479484 0.0 0.0 0.0 1.0 0.0 0.0 12.0 0.0
2823.0127361273635 0.0 0.0 0.0 1.0 0.0 0.0 12.0 0.0
2824.0014517874542 0.0 0.0 0.0 1.0 0.0 0.0 12.0 0.0
2825.0127361273635 0.0 0.0 0.0 1.0 0.0 0.0 12.0 0.0
2826.004724246818 0.0 0.0 0.0 1.0 0.0 0.0 12.0 0.0
2827.0028733230297 0.0 0.0 0.0 1.0 0.0 0.0 12.0 0.0
2828.0039598937888 0.0 0.0 0.0 1.0 0.0 0.0 12.0 0.0
2829.00260550239 0.0 0.0 0.0 1.0 0.0 0.0 12.0 0.0
2830.0080685436355 0.0 0.0 0.0 1.0 0.0 0.0 12.0 0.0
2831.001061419054 0.0 0.0 0.0 1.0 0.0 0.0 12.0 0.0
2832.0060812140036 0.0 0.0 0.0 1.0 0.0 0.0 12.0 0.0
2833.0054779177726 0.0 0.0 0.0 1.0 0.0 0.0 12.0 0.0
2834.001506926126 0.0 0.0 0.0 1.0 0.0 0.0 12.0 0.0
2835.0024348621164 0.0 0.0 0.0 1.0 0.0 0.0 12.0 0.0
2836.0069106524056 0.0 0.0 0.0 1.0 0.0 0.0 12.0 0.0
2837.00004627706 0.0 0.0 0.0 1.0 0.0 0.0 12.0 0.0
2838.0084378266847 0.0 0.0 0.0 1.0 0.0 0.0 12.0 0.0
2839.0127361273635 0.0 0.0 0.0 1.0 0.0 0.0 12.0 0.0
2840.0127361273635 0.0 0.0 0.0 1.0 0.0 0.0 12.0 0.0
2841.0127361273635 0.0 0.0 0.0 1.0 0.0 0.0 12.0 0.0
2842.001797340558 0.0 0.0 0.0 1.0 0.0 0.0 12.0 0.0
2843.0095627429587 0.0 0.0 0.0 1.0 0.0 0.0 12.0 0.0
2844.002836488797 0.0 0.0 0.0 1.0 0.0 0.0 12.0 0.0
2845.000197283936 0.0 0.0 0.0 1.0 0.0 0.0 12.0 0.0
2846.0127361273635 0.0 0.0 0.0 1.0 0.0 0.0 12.0 0.0
2847.0018070538763 0.0 0.0 0.0 1.0 0.0 0.0 12.0 0.0
2848.001030416349 0.0 0.0 0.0 1.0 0.0 0.0 12.0 0.0
2849.005813447854 0.0 0.0 0.0 1.0 0.0 0.0 12.0 0.0
2850.003003839264 0.0 0.0 0.0 1.0 0.0 0.0 12.0 0.0
2851.009807786092 0.0 0.0 0.0 1.0 0.0 0.0 12.0 0.0
2852.0127361273635 0.0 0.0 0.0 1.0 0.0 0.0 12.0 0.0
2853.011868616414 0.0 0.0 0.0 1.0 0.0 0.0 12.0 0.0
2854.0026447682008 0.0 0.0 0.0 1.0 0.0 0.0 12.0 0.0
2855.0030010777764 0.0 0.0 0.0 1.0 0.0 0.0 12.0 0.0
2856.000497713127 0.0 0.0 0.0 1.0 0.0 0.0 12.0 0.0
2857.0127361273635 0.0 0.0 0.0 1.0 0.0 0.0 12.0 0.0
2858.0024392347627 0.0 0.0 0.0 1.0 0.0 0.0 12.0 0.0
2859.0051765053977 0.0 0.0 0.0 1.0 0.0 0.0 12.0 0.0
2860.000378534508 0.0 0.0 0.0 1.0 0.0 0.0 12.0 0.0
2861.0075725429456 0.0 0.0 0.0 1.0 0.0 0.0 12.0 0.0
2862.0057016679366 0.0 0.0 0.0 1.0 0.0 0.0 12.0 0.0
2863.0006042229684 0.0 0.0 0.0 1.0 0.0 0.0 12.0 0.0
2864.0066734470215 0.0 0.0 0.0 1.0 0.0 0.0 12.0 0.0
2865.002591845799 0.0 0.0 0.0 1.0 0.0 0.0 12.0 0.0
2866.0127361273635 0.0 0.0 0.0 1.0 0.0 0.0 12.0 0.0
2867.007132978253 0.0 0.0 0.0 1.0 0.0 0.0 12.0 0.0
2868.0127361273635 0.0 0.0 0.0 1.0 0.0 0.0 12.0 0.0
2869.0127361273635 0.0 0.0 0.0 1.0 0.0 0.0 12.0 0.0
2870.008492184328 0.0 0.0 0.0 1.0 0.0 0.0 12.0 0.0
2871.0127361273635 0.0 0.0 0.0 1.0 0.0 0.0 12.0 0.0
2872.0089723048072 0.0 0.0 0.0 1.0 0.0 0.0 12.0 0.0
2873.0127361273635 0.0 0.0 0.0 1.0 0.0 0.0 12.0 0.0
2874.0080860463872 0.0 0.0 0.0 1.0 0.0 0.0 12.0 0.0
2875.008738719097 0.0 0.0 0.0 1.0 0.0 0.0 12.0 0.0
2876.0077311684317 0.0 0.0 0.0 1.0 0.0 0.0 12.0 0.0
2877.0018247139847 0.0 0.0 0.0 1.0 0.0 0.0 12.0 0.0
2878.0122142455616 0.0 0.0 0.0 1.0 0.0 0.0 12.0 0.0
2879.000032875826 0.0 0.0 0.0 1.0 0.0 0.0 12.0 0.0
2880.00000163926 0.0 0.0 0.0 1.0 0.0 0.0 12.0 0.0
2881.0039289407305 0.0 0.0 0.0 1.0 0.0 0.0 12.0 0.0
2882.0098659249975 0.0 0.0 0.0 1.0 0.0 0.0 12.0 0.0
2883.0127361273635 0.0 0.0 0.0 1.0 0.0 0.0 12.0 0.0
2884.0082578470974 0.0 0.0 0.0 1.0 0.0 0.0 12.0 0.0
2885.009039810231 0.0 0.0 0.0 1.0 0.0 0.0 12.0 0.0
2886.00158815916 0.0 0.0 0.0 1.0 0.0 0.0 12.0 0.0
2887.0037063106406 0.0 0.0 0.0 1.0 0.0 0.0 12.0 0.0
2888.009305043728 0.0 0.0 0.0 1.0 0.0 0.0 12.0 0.0
2889.0032075176305 0.0 0.0 0.0 1.0 0.0 0.0 12.0 0.0
2890.003073284143 0.0 0.0 0.0 1.0 0.0 0.0 12.0 0.0
2891.003717925486 0.0 0.0 0.0 1.0 0.0 0.0 12.0 0.0
2892.0058298373015 0.0 0.0 0.0 1.0 0.0 0.0 12.0 0.0
2893.0127361273635 0.0 0.0 0.0 1.0 0.0 0.0 12.0 0.0
2894.010560827178 0.0 0.0 0.0 1.0 0.0 0.0 12.0 0.0
2895.0095547172486 0.0 0.0 0.0 1.0 0.0 0.0 12.0 0.0
2896.007687140808 0.0 0.0 0.0 1.0 0.0 0.0 12.0 0.0
2897.0036304569467 0.0 0.0 0.0 1.0 0.0 0.0 12.0 0.0
2898.0042760224105 0.0 0.0 0.0 1.0 0.0 0.0 12.0 0.0
2899.0077761834486 0.0 0.0 0.0 1.0 0.0 0.0 12.0 0.0
2900.0007851110804 0.0 0.0 0.0 1.0 0.0 0.0 12.0 0.0
2901.0081009621913 0.0 0.0 0.0 1.0 0.0 0.0 12.0 0.0
2902.012654717336 0.0 0.0 0.0 1.0 0.0 0.0 12.0 0.0
2903.0083343738834 0.0 0.0 0.0 1.0 0.0 0.0 12.0 0.0
2904.008241556064 0.0 0.0 0.0 1.0 0.0 0.0 12.0 0.0
2905.0079786365654 0.0 0.0 0.0 1.0 0.0 0.0 12.0 0.0
2906.0092225874114 0.0 0.0 0.0 1.0 0.0 0.0 12.0 0.0
2907.0127361273635 0.0 0.0 0.0 1.0 0.0 0.0 12.0 0.0
2908.0092985607303 0.0 0.0 0.0 1.0 0.0 0.0 12.0 0.0
2909.0001637563128 0.0 0.0 0.0 1.0 0.0 0.0 12.0 0.0
2910.004590338252 0.0 0.0 0.0 1.0 0.0 0.0 12.0 0.0
2911.0103882960652 0.0 0.0 0.0 1.0 0.0 0.0 12.0 0.0
2912.0015199157 0.0 0.0 0.0 1.0 0.0 0.0 12.0 0.0
2913.006686229578 0.0 0.0 0.0 1.0 0.0 0.0 12.0 0.0
2914.0127361273635 0.0 0.0 0.0 1.0 0.0 0.0 12.0 0.0
2915.005791545541 0.0 0.0 0.0 1.0 0.0 0.0 12.0 0.0
2916.005091293999 0.0 0.0 0.0 1.0 0.0 0.0 12.0 0.0
2917.007330542181 0.0 0.0 0.0 1.0 0.0 0.0 12.0 0.0
2918.0127361273635 0.0 0.0 0.0 1.0 0.0 0.0 12.0 0.0
2919.0127361273635 0.0 0.0 0.0 1.0 0.0 0.0 12.0 0.0
2920.0000664299796 0.0 0.0 0.0 1.0 0.0 0.0 12.0 0.0
2921.000274480965 0.0 0.0 0.0 1.0 0.0 0.0 12.0 0.0
2922.0069790459434 0.0 0.0 0.0 1.0 0.0 0.0 12.0 0.0
2923.002629918915 0.0 0.0 0.0 1.0 0.0 0.0 12.0 0.0
2924.008452511728 0.0 0.0 0.0 1.0 0.0 0.0 12.0 0.0
2925.0002399818895 0.0 0.0 0.0 1.0 0.0 0.0 12.0 0.0
2926.0004511637676 0.0 0.0 0.0 1.0 0.0 0.0 12.0 0.0
2927.0026045135023 0.0 0.0 0.0 1.0 0.0 0.0 12.0 0.0
2928.0013382050756 0.0 0.0 0.0 1.0 0.0 0.0 12.0 0.0
2929.0127361273635 0.0 0.0 0.0 1.0 0.0 0.0 12.0 0.0
2930.0037606645565 0.0 0.0 0.0 1.0 0.0 0.0 12.0 0.0
2931.0079855393483 0.0 0.0 0.0 1.0 0.0 0.0 12.0 0.0
2932.0015029000783 0.0 0.0 0.0 1.0 0.0 0.0 12.0 0.0
2933.0017164703177 0.0 0.0 0.0 1.0 0.0 0.0 12.0 0.0
2934.00230046138 0.0 0.0 0.0 1.0 0.0 0.0 12.0 0.0
2935.0127361273635 0.0 0.0 0.0 1.0 0.0 0.0 12.0 0.0
2936.00084178977 0.0 0.0 0.0 1.0 0.0 0.0 12.0 0.0
2937.005488244485 0.0 0.0 0.0 1.0 0.0 0.0 12.0 0.0
2938.007392759145 0.0 0.0 0.0 1.0 0.0 0.0 12.0 0.0
2939.002417816783 0.0 0.0 0.0 1.0 0.0 0.0 12.0 0.0
2940.003636676119 0.0 0.0 0.0 1.0 0.0 0.0 12.0 0.0
2941.000008384254 0.0 0.0 0.0 1.0 0.0 0.0 12.0 0.0
2942.0127361273635 0.0 0.0 0.0 1.0 0.0 0.0 12.0 0.0
2943.0067152508927 0.0 0.0 0.0 1.0 0.0 0.0 12.0 0.0
2944.0027487449 0.0 0.0 0.0 1.0 0.0 0.0 12.0 0.0
2945.000163708254 0.0 0.0 0.0 1.0 0.0 0.0 12.0 0.0
2946.0019322473167 0.0 0.0 0.0 1.0 0.0 0.0 12.0 0.0
2947.0127361273635 0.0 0.0 0.0 1.0 0.0 0.0 12.0 0.0
2948.0031388685366 0.0 0.0 0.0 1.0 0.0 0.0 12.0 0.0
2949.0127361273635 0.0 0.0 0.0 1.0 0.0 0.0 12.0 0.0
2950.0041752194375 0.0 0.0 0.0 1.0 0.0 0.0 12.0 0.0
2951.00026738301 0.0 0.0 0.0 1.0 0.0 0.0 12.0 0.0
2952.0120582404843 0.0 0.0 0.0 1.0 0.0 0.0 12.0 0.0
2953.001897539713 0.0 0.0 0.0 1.0 0.0 0.0 12.0 0.0
2954.0014905678518 0.0 0.0 0.0 1.0 0.0 0.0 12.0 0.0
2955.000227651199 0.0 0.0 0.0 1.0 0.0 0.0 12.0 0.0
2956.0127361273635 0.0 0.0 0.0 1.0 0.0 0.0 12.0 0.0
2957.00480045934 0.0 0.0 0.0 1.0 0.0 0.0 12.0 0.0
2958.0127361273635 0.0 0.0 0.0 1.0 0.0 0.0 12.0 0.0
2959.0020644164565 0.0 0.0 0.0 1.0 0.0 0.0 12.0 0.0
2960.0045974986997 0.0 0.0 0.0 1.0 0.0 0.0 12.0 0.0
2961.0039390463235 0.0 0.0 0.0 1.0 0.0 0.0 12.0 0.0
2962.00377200344 0.0 0.0 0.0 1.0 0.0 0.0 12.0 0.0
2963.0056140065367 0.0 0.0 0.0 1.0 0.0 0.0 12.0 0.0
2964.003029798712 0.0 0.0 0.0 1.0 0.0 0.0 12.0 0.0
2965.0119633237637 0.0 0.0 0.0 1.0 0.0 0.0 12.0 0.0
2966.011839413299 0.0 0.0 0.0 1.0 0.0 0.0 12.0 0.0
2967.000731991012 0.0 0.0 0.0 1.0 0.0 0.0 12.0 0.0
2968.0003020802583 0.0 0.0 0.0 1.0 0.0 0.0 12.0 0.0
2969.0022560806187 0.0 0.0 0.0 1.0 0.0 0.0 12.0 0.0
2970.0018214424776 0.0 0.0 0.0 1.0 0.0 0.0 12.0 0.0
2971.001331080707 0.0 0.0 0.0 1.0 0.0 0.0 12.0 0.0
2972.003719134532 0.0 0.0 0.0 1.0 0.0 0.0 12.0 0.0
2973.0127361273635 0.0 0.0 0.0 1.0 0.0 0.0 12.0 0.0
2974.003215616469 0.0 0.0 0.0 1.0 0.0 0.0 12.0 0.0
2975.0019591135388 0.0 0.0 0.0 1.0 0.0 0.0 12.0 0.0
2976.0019069156715 0.0 0.0 0.0 1.0 0.0 0.0 12.0 0.0
2977.0127361273635 0.0 0.0 0.0 1.0 0.0 0.0 12.0 0.0
2978.0062697451713 0.0 0.0 0.0 1.0 0.0 0.0 12.0 0.0
2979.0127361273635 0.0 0.0 0.0 1.0 0.0 0.0 12.0 0.0
2980.0067728216877 0.0 0.0 0.0 1.0 0.0 0.0 12.0 0.0
2981.0101321111642 0.0 0.0 0.0 1.0 0.0 0.0 12.0 0.0
2982.0015034778976 0.0 0.0 0.0 1.0 0.0 0.0 12.0 0.0
2983.001306678538 0.0 0.0 0.0 1.0 0.0 0.0 12.0 0.0
2984.008894304758 0.0 0.0 0.0 1.0 0.0 0.0 12.0 0.0
2985.0103550690865 0.0 0.0 0.0 1.0 0.0 0.0 12.0 0.0
2986.0054640190783 0.0 0.0 0.0 1.0 0.0 0.0 12.0 0.0
2987.0127361273635 0.0 0.0 0.0 1.0 0.0 0.0 12.0 0.0
2988.0052218354617 0.0 0.0 0.0 1.0 0.0 0.0 12.0 0.0
2989.000974040005 0.0 0.0 0.0 1.0 0.0 0.0 12.0 0.0
2990.0016513760766 0.0 0.0 0.0 1.0 0.0 0.0 12.0 0.0
2991.0123737340136 0.0 0.0 0.0 1.0 0.0 0.0 12.0 0.0
2992.00590106448 0.0 0.0 0.0 1.0 0.0 0.0 12.0 0.0
2993.0127361273635 0.0 0.0 0.0 1.0 0.0 0.0 12.0 0.0
2994.0110282585865 0.0 0.0 0.0 1.0 0.0 0.0 12.0 0.0
2995.0127361273635 0.0 0.0 0.0 1.0 0.0 0.0 12.0 0.0
2996.001449474351 0.0 0.0 0.0 1.0 0.0 0.0 12.0 0.0
2997.0127361273635 0.0 0.0 0.0 1.0 0.0 0.0 12.0 0.0
2998.0010645631014 0.0 0.0 0.0 1.0 0.0 0.0 12.0 0.0
2999.0002643568964 0.0 0.0 0.0 1.0 0.0 0.0 12.0 0.0
3000.0127361273635 0.0 0.0 0.0 1.0 0.0 0.0 12.0 0.0
3001.001723963464 0.0 0.0 0.0 1.0 0.0 0.0 12.0 0.0
3002.0127361273635 0.0 0.0 0.0 1.0 0.0 0.0 12.0 0.0
3003.0127361273635 0.0 0.0 0.0 1.0 0.0 0.0 12.0 0.0
3004.0041257622925 0.0 0.0 0.0 1.0 0.0 0.0 12.0 0.0
3005.0127361273635 0.0 0.0 0.0 1.0 0.0 0.0 12.0 0.0
3006.0057321235427 0.0 0.0 0.0 1.0 0.0 0.0 12.0 0.0
3007.0047479657997 0.0 0.0 0.0 1.0 0.0 0.0 12.0 0.0
3008.0127361273635 0.0 0.0 0.0 1.0 0.0 0.0 12.0 0.0
3009.0127361273635 0.0 0.0 0.0 1.0 0.0 0.0 12.0 0.0
3010.0069099459665 0.0 0.0 0.0 1.0 0.0 0.0 12.0 0.0
3011.0078934637004 0.0 0.0 0.0 1.0 0.0 0.0 12.0 0.0
3012.0017891943503 0.0 0.0 0.0 1.0 0.0 0.0 12.0 0.0
3013.0086672876496 0.0 0.0 0.0 1.0 0.0 0.0 12.0 0.0
3014.0018151987633 0.0 0.0 0.0 1.0 0.0 0.0 12.0 0.0
3015.0004038186435 0.0 0.0 0.0 1.0 0.0 0.0 12.0 0.0
3016.000141378577 0.0 0.0 0.0 1.0 0.0 0.0 12.0 0.0
3017.00301990735 0.0 0.0 0.0 1.0 0.0 0.0 12.0 0.0
3018.012003073774 0.0 0.0 0.0 1.0 0.0 0.0 12.0 0.0
3019.0009749571354 0.0 0.0 0.0 1.0 0.0 0.0 12.0 0.0
3020.005211491418 0.0 0.0 0.0 1.0 0.0 0.0 12.0 0.0
3021.003471258374 0.0 0.0 0.0 1.0 0.0 0.0 12.0 0.0
3022.012481389711 0.0 0.0 0.0 1.0 0.0 0.0 12.0 0.0
3023.0072791923344 0.0 0.0 0.0 1.0 0.0 0.0 12.0 0.0
3024.000165115097 0.0 0.0 0.0 1.0 0.0 0.0 12.0 0.0
3025.0061666107526 0.0 0.0 0.0 1.0 0.0 0.0 12.0 0.0
3026.0061818635445 0.0 0.0 0.0 1.0 0.0 0.0 12.0 0.0
3027.0013256878005 0.0 0.0 0.0 1.0 0.0 0.0 12.0 0.0
3028.001617364165 0.0 0.0 0.0 1.0 0.0 0.0 12.0 0.0
3029.0042134512987 0.0 0.0 0.0 1.0 0.0 0.0 12.0 0.0
3030.0127361273635 0.0 0.0 0.0 1.0 0.0 0.0 12.0 0.0
3031.004616258002 0.0 0.0 0.0 1.0 0.0 0.0 12.0 0.0
3032.0127361273635 0.0 0.0 0.0 1.0 0.0 0.0 12.0 0.0
3033.001532380917 0.0 0.0 0.0 1.0 0.0 0.0 12.0 0.0
3034.0112489048834 0.0 0.0 0.0 1.0 0.0 0.0 12.0 0.0
3035.0027590373093 0.0 0.0 0.0 1.0 0.0 0.0 12.0 0.0
3036.004830482159 0.0 0.0 0.0 1.0 0.0 0.0 12.0 0.0
3037.002006277456 0.0 0.0 0.0 1.0 0.0 0.0 12.0 0.0
3038.004642284414 0.0 0.0 0.0 1.0 0.0 0.0 12.0 0.0
3039.0127361273635 0.0 0.0 0.0 1.0 0.0 0.0 12.0 0.0
3040.00101668542 0.0 0.0 0.0 1.0 0.0 0.0 12.0 0.0
3041.0045863045807 0.0 0.0 0.0 1.0 0.0 0.0 12.0 0.0
3042.001855391581 0.0 0.0 0.0 1.0 0.0 0.0 12.0 0.0
3043.0089965805823 0.0 0.0 0.0 1.0 0.0 0.0 12.0 0.0
3044.0127361273635 0.0 0.0 0.0 1.0 0.0 0.0 12.0 0.0
3045.0045014354796 0.0 0.0 0.0 1.0 0.0 0.0 12.0 0.0
3046.005555536761 0.0 0.0 0.0 1.0 0.0 0.0 12.0 0.0
3047.0127361273635 0.0 0.0 0.0 1.0 0.0 0.0 12.0 0.0
3048.0010012196667 0.0 0.0 0.0 1.0 0.0 0.0 12.0 0.0
3049.0127361273635 0.0 0.0 0.0 1.0 0.0 0.0 12.0 0.0
3050.005957620156 0.0 0.0 0.0 1.0 0.0 0.0 12.0 0.0
3051.0007594285867 0.0 0.0 0.0 1.0 0.0 0.0 12.0 0.0
3052.0127361273635 0.0 0.0 0.0 1.0 0.0 0.0 12.0 0.0
3053.00088259375 0.0 0.0 0.0 1.0 0.0 0.0 12.0 0.0
3054.0040834905617 0.0 0.0 0.0 1.0 0.0 0.0 12.0 0.0
3055.011122417469 0.0 0.0 0.0 1.0 0.0 0.0 12.0 0.0
3056.0012315667723 0.0 0.0 0.0 1.0 0.0 0.0 12.0 0.0
3057.0127361273635 0.0 0.0 0.0 1.0 0.0 0.0 12.0 0.0
3058.0127361273635 0.0 0.0 0.0 1.0 0.0 0.0 12.0 0.0
3059.0041604953244 0.0 0.0 0.0 1.0 0.0 0.0 12.0 0.0
3060.011226453546 0.0 0.0 0.0 1.0 0.0 0.0 12.0 0.0
3061.0013403614566 0.0 0.0 0.0 1.0 0.0 0.0 12.0 0.0
3062.0127361273635 0.0 0.0 0.0 1.0 0.0 0.0 12.0 0.0
3063.008603949964 0.0 0.0 0.0 1.0 0.0 0.0 12.0 0.0
3064.0127361273635 0.0 0.0 0.0 1.0 0.0 0.0 12.0 0.0
3065.003013365899 0.0 0.0 0.0 1.0 0.0 0.0 12.0 0.0
3066.0018472037327 0.0 0.0 0.0 1.0 0.0 0.0 12.0 0.0
3067.0022136340835 0.0 0.0 0.0 1.0 0.0 0.0 12.0 0.0
3068.006570147514 0.0 0.0 0.0 1.0 0.0 0.0 12.0 0.0
3069.00242039166 0.0 0.0 0.0 1.0 0.0 0.0 12.0 0.0
3070.0033727483315 0.0 0.0 0.0 1.0 0.0 0.0 12.0 0.0
3071.0004184359923 0.0 0.0 0.0 1.0 0.0 0.0 12.0 0.0
3072.0058516169793 0.0 0.0 0.0 1.0 0.0 0.0 12.0 0.0
3073.000828877267 0.0 0.0 0.0 1.0 0.0 0.0 12.0 0.0
3074.0127361273635 0.0 0.0 0.0 1.0 0.0 0.0 12.0 0.0
3075.0055977247007 0.0 0.0 0.0 1.0 0.0 0.0 12.0 0.0
3076.0003708824597 0.0 0.0 0.0 1.0 0.0 0.0 12.0 0.0
3077.001320504957 0.0 0.0 0.0 1.0 0.0 0.0 12.0 0.0
3078.0113118992326 0.0 0.0 0.0 1.0 0.0 0.0 12.0 0.0
3079.0053729611245 0.0 0.0 0.0 1.0 0.0 0.0 12.0 0.0
3080.000946839735 0.0 0.0 0.0 1.0 0.0 0.0 12.0 0.0
3081.0010015380326 0.0 0.0 0.0 1.0 0.0 0.0 12.0 0.0
3082.006313332283 0.0 0.0 0.0 1.0 0.0 0.0 12.0 0.0
3083.002406496885 0.0 0.0 0.0 1.0 0.0 0.0 12.0 0.0
3084.000332346836 0.0 0.0 0.0 1.0 0.0 0.0 12.0 0.0
3085.0015912566228 0.0 0.0 0.0 1.0 0.0 0.0 12.0 0.0
3086.0022859200303 0.0 0.0 0.0 1.0 0.0 0.0 12.0 0.0
3087.0013143673636 0.0 0.0 0.0 1.0 0.0 0.0 12.0 0.0
3088.0110897589607 0.0 0.0 0.0 1.0 0.0 0.0 12.0 0.0
3089.0081976649035 0.0 0.0 0.0 1.0 0.0 0.0 12.0 0.0
3090.0015472500477 0.0 0.0 0.0 1.0 0.0 0.0 12.0 0.0
3091.0127361273635 0.0 0.0 0.0 1.0 0.0 0.0 12.0 0.0
3092.0051076872396 0.0 0.0 0.0 1.0 0.0 0.0 12.0 0.0
3093.0021905450153 0.0 0.0 0.0 1.0 0.0 0.0 12.0 0.0
3094.0045870861527 0.0 0.0 0.0 1.0 0.0 0.0 12.0 0.0
3095.0127361273635 0.0 0.0 0.0 1.0 0.0 0.0 12.0 0.0
3096.0021885611486 0.0 0.0 0.0 1.0 0.0 0.0 12.0 0.0
3097.0064010853293 0.0 0.0 0.0 1.0 0.0 0.0 12.0 0.0
3098.003668031267 0.0 0.0 0.0 1.0 0.0 0.0 12.0 0.0
3099.0032557441227 0.0 0.0 0.0 1.0 0.0 0.0 12.0 0.0
3100.0017257931345 0.0 0.0 0.0 1.0 0.0 0.0 12.0 0.0
3101.0053730829754 0.0 0.0 0.0 1.0 0.0 0.0 12.0 0.0
3102.005234406172 0.0 0.0 0.0 1.0 0.0 0.0 12.0 0.0
3103.0127361273635 0.0 0.0 0.0 1.0 0.0 0.0 12.0 0.0
3104.005768898529 0.0 0.0 0.0 1.0 0.0 0.0 12.0 0.0
3105.0000983104223 0.0 0.0 0.0 1.0 0.0 0.0 12.0 0.0
3106.0058676693693 0.0 0.0 0.0 1.0 0.0 0.0 12.0 0.0
3107.001678209967 0.0 0.0 0.0 1.0 0.0 0.0 12.0 0.0
3108.004295807504 0.0 0.0 0.0 1.0 0.0 0.0 12.0 0.0
3109.003752087601 0.0 0.0 0.0 1.0 0.0 0.0 12.0 0.0
3110.006103439756 0.0 0.0 0.0 1.0 0.0 0.0 12.0 0.0
3111.008868620094 0.0 0.0 0.0 1.0 0.0 0.0 12.0 0.0
3112.0048766034492 0.0 0.0 0.0 1.0 0.0 0.0 12.0 0.0
3113.0127361273635 0.0 0.0 0.0 1.0 0.0 0.0 12.0 0.0
3114.0003357017495 0.0 0.0 0.0 1.0 0.0 0.0 12.0 0.0
3115.0079302649865 0.0 0.0 0.0 1.0 0.0 0.0 12.0 0.0
3116.004529556275 0.0 0.0 0.0 1.0 0.0 0.0 12.0 0.0
3117.0056972781704 0.0 0.0 0.0 1.0 0.0 0.0 12.0 0.0
3118.0127361273635 0.0 0.0 0.0 1.0 0.0 0.0 12.0 0.0
3119.0078619096453 0.0 0.0 0.0 1.0 0.0 0.0 12.0 0.0
3120.006607786258 0.0 0.0 0.0 1.0 0.0 0.0 12.0 0.0
3121.0045203318446 0.0 0.0 0.0 1.0 0.0 0.0 12.0 0.0
3122.0041344704255 0.0 0.0 0.0 1.0 0.0 0.0 12.0 0.0
3123.001339910568 0.0 0.0 0.0 1.0 0.0 0.0 12.0 0.0
3124.0127361273635 0.0 0.0 0.0 1.0 0.0 0.0 12.0 0.0
3125.004777632682 0.0 0.0 0.0 1.0 0.0 0.0 12.0 0.0
3126.0079325181287 0.0 0.0 0.0 1.0 0.0 0.0 12.0 0.0
3127.0092189358156 0.0 0.0 0.0 1.0 0.0 0.0 12.0 0.0
3128.009019693207 0.0 0.0 0.0 1.0 0.0 0.0 12.0 0.0
3129.0019574370235 0.0 0.0 0.0 1.0 0.0 0.0 12.0 0.0
3130.000708219487 0.0 0.0 0.0 1.0 0.0 0.0 12.0 0.0
3131.010818382494 0.0 0.0 0.0 1.0 0.0 0.0 12.0 0.0
3132.006573767575 0.0 0.0 0.0 1.0 0.0 0.0 12.0 0.0
3133.0024198071173 0.0 0.0 0.0 1.0 0.0 0.0 12.0 0.0
3134.000205953648 0.0 0.0 0.0 1.0 0.0 0.0 12.0 0.0
3135.005297828538 0.0 0.0 0.0 1.0 0.0 0.0 12.0 0.0
3136.0011159123414 0.0 0.0 0.0 1.0 0.0 0.0 12.0 0.0
3137.010545077166 0.0 0.0 0.0 1.0 0.0 0.0 12.0 0.0
3138.0116408197455 0.0 0.0 0.0 1.0 0.0 0.0 12.0 0.0
3139.0020795739865 0.0 0.0 0.0 1.0 0.0 0.0 12.0 0.0
3140.0127361273635 0.0 0.0 0.0 1.0 0.0 0.0 12.0 0.0
3141.0063571201986 0.0 0.0 0.0 1.0 0.0 0.0 12.0 0.0
3142.009632705131 0.0 0.0 0.0 1.0 0.0 0.0 12.0 0.0
3143.0008704883603 0.0 0.0 0.0 1.0 0.0 0.0 12.0 0.0
3144.005549628639 0.0 0.0 0.0 1.0 0.0 0.0 12.0 0.0
3145.0009263581605 0.0 0.0 0.0 1.0 0.0 0.0 12.0 0.0
3146.0042529939506 0.0 0.0 0.0 1.0 0.0 0.0 12.0 0.0
3147.00001745026 0.0 0.0 0.0 1.0 0.0 0.0 12.0 0.0
3148.004469695731 0.0 0.0 0.0 1.0 0.0 0.0 12.0 0.0
3149.0118647177937 0.0 0.0 0.0 1.0 0.0 0.0 12.0 0.0
3150.0030157638134 0.0 0.0 0.0 1.0 0.0 0.0 12.0 0.0
3151.0127361273635 0.0 0.0 0.0 1.0 0.0 0.0 12.0 0.0
3152.000300211121 0.0 0.0 0.0 1.0 0.0 0.0 12.0 0.0
3153.0069487819 0.0 0.0 0.0 1.0 0.0 0.0 12.0 0.0
3154.004647483708 0.0 0.0 0.0 1.0 0.0 0.0 12.0 0.0
3155.0004204328884 0.0 0.0 0.0 1.0 0.0 0.0 12.0 0.0
3156.0062994468626 0.0 0.0 0.0 1.0 0.0 0.0 12.0 0.0
3157.0001037675056 0.0 0.0 0.0 1.0 0.0 0.0 12.0 0.0
3158.001337322751 0.0 0.0 0.0 1.0 0.0 0.0 12.0 0.0
3159.0083534150363 0.0 0.0 0.0 1.0 0.0 0.0 12.0 0.0
3160.0127361273635 0.0 0.0 0.0 1.0 0.0 0.0 12.0 0.0
3161.0088971974897 0.0 0.0 0.0 1.0 0.0 0.0 12.0 0.0
3162.0127361273635 0.0 0.0 0.0 1.0 0.0 0.0 12.0 0.0
3163.0070476880774 0.0 0.0 0.0 1.0 0.0 0.0 12.0 0.0
3164.0062006012117 0.0 0.0 0.0 1.0 0.0 0.0 12.0 0.0
3165.0045901885355 0.0 0.0 0.0 1.0 0.0 0.0 12.0 0.0
3166.000063943639 0.0 0.0 0.0 1.0 0.0 0.0 12.0 0.0
3167.0127361273635 0.0 0.0 0.0 1.0 0.0 0.0 12.0 0.0
3168.0113919318424 0.0 0.0 0.0 1.0 0.0 0.0 12.0 0.0
3169.001169601705 0.0 0.0 0.0 1.0 0.0 0.0 12.0 0.0
3170.0009739584098 0.0 0.0 0.0 1.0 0.0 0.0 12.0 0.0
3171.0084960324807 0.0 0.0 0.0 1.0 0.0 0.0 12.0 0.0
3172.0007201909893 0.0 0.0 0.0 1.0 0.0 0.0 12.0 0.0
3173.006750811538 0.0 0.0 0.0 1.0 0.0 0.0 12.0 0.0
3174.010965799329 0.0 0.0 0.0 1.0 0.0 0.0 12.0 0.0
3175.0028741818273 0.0 0.0 0.0 1.0 0.0 0.0 12.0 0.0
3176.0067484864853 0.0 0.0 0.0 1.0 0.0 0.0 12.0 0.0
3177.010018568566 0.0 0.0 0.0 1.0 0.0 0.0 12.0 0.0
3178.0076312241 0.0 0.0 0.0 1.0 0.0 0.0 12.0 0.0
3179.000423134805 0.0 0.0 0.0 1.0 0.0 0.0 12.0 0.0
3180.0063233234428 0.0 0.0 0.0 1.0 0.0 0.0 12.0 0.0
3181.004154315679 0.0 0.0 0.0 1.0 0.0 0.0 12.0 0.0
3182.003754236335 0.0 0.0 0.0 1.0 0.0 0.0 12.0 0.0
3183.0127361273635 0.0 0.0 0.0 1.0 0.0 0.0 12.0 0.0
3184.004735454015 0.0 0.0 0.0 1.0 0.0 0.0 12.0 0.0
3185.005662165197 0.0 0.0 0.0 1.0 0.0 0.0 12.0 0.0
3186.000778622563 0.0 0.0 0.0 1.0 0.0 0.0 12.0 0.0
3187.0004833419343 0.0 0.0 0.0 1.0 0.0 0.0 12.0 0.0
3188.006996200884 0.0 0.0 0.0 1.0 0.0 0.0 12.0 0.0
3189.0014629546604 0.0 0.0 0.0 1.0 0.0 0.0 12.0 0.0
3190.0127361273635 0.0 0.0 0.0 1.0 0.0 0.0 12.0 0.0
3191.0127361273635 0.0 0.0 0.0 1.0 0.0 0.0 12.0 0.0
3192.004152260659 0.0 0.0 0.0 1.0 0.0 0.0 12.0 0.0
3193.0021940841366 0.0 0.0 0.0 1.0 0.0 0.0 12.0 0.0
3194.0127361273635 0.0 0.0 0.0 1.0 0.0 0.0 12.0 0.0
3195.0127361273635 0.0 0.0 0.0 1.0 0.0 0.0 12.0 0.0
3196.0049271349476 0.0 0.0 0.0 1.0 0.0 0.0 12.0 0.0
3197.005451220285 0.0 0.0 0.0 1.0 0.0 0.0 12.0 0.0
3198.0021831329045 0.0 0.0 0.0 1.0 0.0 0.0 12.0 0.0
3199.0055969268587 0.0 0.0 0.0 1.0 0.0 0.0 12.0 0.0
3200.0127361273635 0.0 0.0 0.0 1.0 0.0 0.0 12.0 0.0
3201.0034302493723 0.0 0.0 0.0 1.0 0.0 0.0 12.0 0.0
3202.001718001104 0.0 0.0 0.0 1.0 0.0 0.0 12.0 0.0
3203.0102625600866 0.0 0.0 0.0 1.0 0.0 0.0 12.0 0.0
3204.001198169065 0.0 0.0 0.0 1.0 0.0 0.0 12.0 0.0
3205.0002970997834 0.0 0.0 0.0 1.0 0.0 0.0 12.0 0.0
3206.001411717778 0.0 0.0 0.0 1.0 0.0 0.0 12.0 0.0
3207.0040504655253 0.0 0.0 0.0 1.0 0.0 0.0 12.0 0.0
3208.0021010187675 0.0 0.0 0.0 1.0 0.0 0.0 12.0 0.0
3209.0097313089946 0.0 0.0 0.0 1.0 0.0 0.0 12.0 0.0
3210.0127361273635 0.0 0.0 0.0 1.0 0.0 0.0 12.0 0.0
3211.0039772087384 0.0 0.0 0.0 1.0 0.0 0.0 12.0 0.0
3212.0123599336875 0.0 0.0 0.0 1.0 0.0 0.0 12.0 0.0
3213.0012585964882 0.0 0.0 0.0 1.0 0.0 0.0 12.0 0.0
3214.0035024085923 0.0 0.0 0.0 1.0 0.0 0.0 12.0 0.0
3215.0021148313253 0.0 0.0 0.0 1.0 0.0 0.0 12.0 0.0
3216.00072200651 0.0 0.0 0.0 1.0 0.0 0.0 12.0 0.0
3217.000882358734 0.0 0.0 0.0 1.0 0.0 0.0 12.0 0.0
3218.0015313908266 0.0 0.0 0.0 1.0 0.0 0.0 12.0 0.0
3219.0010975862624 0.0 0.0 0.0 1.0 0.0 0.0 12.0 0.0
3220.0009666042756 0.0 0.0 0.0 1.0 0.0 0.0 12.0 0.0
3221.005124601586 0.0 0.0 0.0 1.0 0.0 0.0 12.0 0.0
3222.004919661177 0.0 0.0 0.0 1.0 0.0 0.0 12.0 0.0
3223.0096639407725 0.0 0.0 0.0 1.0 0.0 0.0 12.0 0.0
3224.0075261252355 0.0 0.0 0.0 1.0 0.0 0.0 12.0 0.0
3225.001221382979 0.0 0.0 0.0 1.0 0.0 0.0 12.0 0.0
3226.0086562128213 0.0 0.0 0.0 1.0 0.0 0.0 12.0 0.0
3227.0065774744794 0.0 0.0 0.0 1.0 0.0 0.0 12.0 0.0
3228.001446047816 0.0 0.0 0.0 1.0 0.0 0.0 12.0 0.0
3229.0081359032934 0.0 0.0 0.0 1.0 0.0 0.0 12.0 0.0
3230.0127361273635 0.0 0.0 0.0 1.0 0.0 0.0 12.0 0.0
3231.0031812331617 0.0 0.0 0.0 1.0 0.0 0.0 12.0 0.0
3232.0127361273635 0.0 0.0 0.0 1.0 0.0 0.0 12.0 0.0
3233.004262456196 0.0 0.0 0.0 1.0 0.0 0.0 12.0 0.0
3234.004070093253 0.0 0.0 0.0 1.0 0.0 0.0 12.0 0.0
3235.0055065569736 0.0 0.0 0.0 1.0 0.0 0.0 12.0 0.0
3236.0018455308455 0.0 0.0 0.0 1.0 0.0 0.0 12.0 0.0
3237.0127361273635 0.0 0.0 0.0 1.0 0.0 0.0 12.0 0.0
3238.0127361273635 0.0 0.0 0.0 1.0 0.0 0.0 12.0 0.0
3239.0116014004866 0.0 0.0 0.0 1.0 0.0 0.0 12.0 0.0
3240.0127361273635 0.0 0.0 0.0 1.0 0.0 0.0 12.0 0.0
3241.0049792221694 0.0 0.0 0.0 1.0 0.0 0.0 12.0 0.0
3242.002240591104 0.0 0.0 0.0 1.0 0.0 0.0 12.0 0.0
3243.003282273722 0.0 0.0 0.0 1.0 0.0 0.0 12.0 0.0
3244.0038629855358 0.0 0.0 0.0 1.0 0.0 0.0 12.0 0.0
3245.0127361273635 0.0 0.0 0.0 1.0 0.0 0.0 12.0 0.0
3246.0023677226613 0.0 0.0 0.0 1.0 0.0 0.0 12.0 0.0
3247.009424964265 0.0 0.0 0.0 1.0 0.0 0.0 12.0 0.0
3248.002173976565 0.0 0.0 0.0 1.0 0.0 0.0 12.0 0.0
3249.008806822827 0.0 0.0 0.0 1.0 0.0 0.0 12.0 0.0
3250.0072315301736 0.0 0.0 0.0 1.0 0.0 0.0 12.0 0.0
3251.0127361273635 0.0 0.0 0.0 1.0 0.0 0.0 12.0 0.0
3252.0001612461715 0.0 0.0 0.0 1.0 0.0 0.0 12.0 0.0
3253.0038706531855 0.0 0.0 0.0 1.0 0.0 0.0 12.0 0.0
3254.0084923159193 0.0 0.0 0.0 1.0 0.0 0.0 12.0 0.0
3255.0127361273635 0.0 0.0 0.0 1.0 0.0 0.0 12.0 0.0
3256.005522634236 0.0 0.0 0.0 1.0 0.0 0.0 12.0 0.0
3257.001305700965 0.0 0.0 0.0 1.0 0.0 0.0 12.0 0.0
3258.0070403866553 0.0 0.0 0.0 1.0 0.0 0.0 12.0 0.0
3259.0103701680323 0.0 0.0 0.0 1.0 0.0 0.0 12.0 0.0
3260.0043641353077 0.0 0.0 0.0 1.0 0.0 0.0 12.0 0.0
3261.0099886782677 0.0 0.0 0.0 1.0 0.0 0.0 12.0 0.0
3262.0067482743134 0.0 0.0 0.0 1.0 0.0 0.0 12.0 0.0
3263.0127361273635 0.0 0.0 0.0 1.0 0.0 0.0 12.0 0.0
3264.0016872613946 0.0 0.0 0.0 1.0 0.0 0.0 12.0 0.0
3265.0127361273635 0.0 0.0 0.0 1.0 0.0 0.0 12.0 0.0
3266.000595679762 0.0 0.0 0.0 1.0 0.0 0.0 12.0 0.0
3267.004840002318 0.0 0.0 0.0 1.0 0.0 0.0 12.0 0.0
3268.0024513955873 0.0 0.0 0.0 1.0 0.0 0.0 12.0 0.0
3269.0127361273635 0.0 0.0 0.0 1.0 0.0 0.0 12.0 0.0
3270.004437244728 0.0 0.0 0.0 1.0 0.0 0.0 12.0 0.0
3271.0039235742624 0.0 0.0 0.0 1.0 0.0 0.0 12.0 0.0
3272.005845941698 0.0 0.0 0.0 1.0 0.0 0.0 12.0 0.0
3273.002326093242 0.0 0.0 0.0 1.0 0.0 0.0 12.0 0.0
3274.002845094159 0.0 0.0 0.0 1.0 0.0 0.0 12.0 0.0
3275.00814875477 0.0 0.0 0.0 1.0 0.0 0.0 12.0 0.0
3276.0113022773444 0.0 0.0 0.0 1.0 0.0 0.0 12.0 0.0
3277.002047167199 0.0 0.0 0.0 1.0 0.0 0.0 12.0 0.0
3278.011219049992 0.0 0.0 0.0 1.0 0.0 0.0 12.0 0.0
3279.004375372332 0.0 0.0 0.0 1.0 0.0 0.0 12.0 0.0
3280.0127361273635 0.0 0.0 0.0 1.0 0.0 0.0 12.0 0.0
3281.0127361273635 0.0 0.0 0.0 1.0 0.0 0.0 12.0 0.0
3282.0006683302267 0.0 0.0 0.0 1.0 0.0 0.0 12.0 0.0
3283.0035209225675 0.0 0.0 0.0 1.0 0.0 0.0 12.0 0.0
3284.0127361273635 0.0 0.0 0.0 1.0 0.0 0.0 12.0 0.0
3285.004180669573 0.0 0.0 0.0 1.0 0.0 0.0 12.0 0.0
3286.003751588756 0.0 0.0 0.0 1.0 0.0 0.0 12.0 0.0
3287.0127361273635 0.0 0.0 0.0 1.0 0.0 0.0 12.0 0.0
3288.0067077256404 0.0 0.0 0.0 1.0 0.0 0.0 12.0 0.0
3289.005435779903 0.0 0.0 0.0 1.0 0.0 0.0 12.0 0.0
3290.0127361273635 0.0 0.0 0.0 1.0 0.0 0.0 12.0 0.0
3291.002430156354 0.0 0.0 0.0 1.0 0.0 0.0 12.0 0.0
3292.001598581123 0.0 0.0 0.0 1.0 0.0 0.0 12.0 0.0
3293.0021268602677 0.0 0.0 0.0 1.0 0.0 0.0 12.0 0.0
3294.001704108687 0.0 0.0 0.0 1.0 0.0 0.0 12.0 0.0
3295.003574111266 0.0 0.0 0.0 1.0 0.0 0.0 12.0 0.0
3296.002537282065 0.0 0.0 0.0 1.0 0.0 0.0 12.0 0.0
3297.0044455627035 0.0 0.0 0.0 1.0 0.0 0.0 12.0 0.0
3298.001654980025 0.0 0.0 0.0 1.0 0.0 0.0 12.0 0.0
3299.0127361273635 0.0 0.0 0.0 1.0 0.0 0.0 12.0 0.0
3300.0030153014354 0.0 0.0 0.0 1.0 0.0 0.0 12.0 0.0
3301.000925473232 0.0 0.0 0.0 1.0 0.0 0.0 12.0 0.0
3302.003106997302 0.0 0.0 0.0 1.0 0.0 0.0 12.0 0.0
3303.004160088237 0.0 0.0 0.0 1.0 0.0 0.0 12.0 0.0
3304.0127361273635 0.0 0.0 0.0 1.0 0.0 0.0 12.0 0.0
3305.004330915812 0.0 0.0 0.0 1.0 0.0 0.0 12.0 0.0
3306.0003234091464 0.0 0.0 0.0 1.0 0.0 0.0 12.0 0.0
3307.0051174011846 0.0 0.0 0.0 1.0 0.0 0.0 12.0 0.0
3308.0099647269767 0.0 0.0 0.0 1.0 0.0 0.0 12.0 0.0
3309.0041932909603 0.0 0.0 0.0 1.0 0.0 0.0 12.0 0.0
3310.00468670902 0.0 0.0 0.0 1.0 0.0 0.0 12.0 0.0
3311.0004681272217 0.0 0.0 0.0 1.0 0.0 0.0 12.0 0.0
3312.0058205091786 0.0 0.0 0.0 1.0 0.0 0.0 12.0 0.0
3313.0048584159504 0.0 0.0 0.0 1.0 0.0 0.0 12.0 0.0
3314.0127361273635 0.0 0.0 0.0 1.0 0.0 0.0 12.0 0.0
3315.0127361273635 0.0 0.0 0.0 1.0 0.0 0.0 12.0 0.0
3316.002627527464 0.0 0.0 0.0 1.0 0.0 0.0 12.0 0.0
3317.0008840072533 0.0 0.0 0.0 1.0 0.0 0.0 12.0 0.0
3318.0099692557555 0.0 0.0 0.0 1.0 0.0 0.0 12.0 0.0
3319.0021956186897 0.0 0.0 0.0 1.0 0.0 0.0 12.0 0.0
3320.0003963948393 0.0 0.0 0.0 1.0 0.0 0.0 12.0 0.0
3321.005643634871 0.0 0.0 0.0 1.0 0.0 0.0 12.0 0.0
3322.004682978338 0.0 0.0 0.0 1.0 0.0 0.0 12.0 0.0
3323.0022585319484 0.0 0.0 0.0 1.0 0.0 0.0 12.0 0.0
3324.001371141349 0.0 0.0 0.0 1.0 0.0 0.0 12.0 0.0
3325.0003855733717 0.0 0.0 0.0 1.0 0.0 0.0 12.0 0.0
3326.002258616493 0.0 0.0 0.0 1.0 0.0 0.0 12.0 0.0
3327.0127361273635 0.0 0.0 0.0 1.0 0.0 0.0 12.0 0.0
3328.0127361273635 0.0 0.0 0.0 1.0 0.0 0.0 12.0 0.0
3329.0127361273635 0.0 0.0 0.0 1.0 0.0 0.0 12.0 0.0
3330.002262362512 0.0 0.0 0.0 1.0 0.0 0.0 12.0 0.0
3331.002707401455 0.0 0.0 0.0 1.0 0.0 0.0 12.0 0.0
3332.0020403661165 0.0 0.0 0.0 1.0 0.0 0.0 12.0 0.0
3333.006221783071 0.0 0.0 0.0 1.0 0.0 0.0 12.0 0.0
3334.00034154545 0.0 0.0 0.0 1.0 0.0 0.0 12.0 0.0
3335.0052256103863 0.0 0.0 0.0 1.0 0.0 0.0 12.0 0.0
3336.0095055098514 0.0 0.0 0.0 1.0 0.0 0.0 12.0 0.0
3337.0023342489217 0.0 0.0 0.0 1.0 0.0 0.0 12.0 0.0
3338.0127361273635 0.0 0.0 0.0 1.0 0.0 0.0 12.0 0.0
3339.002856382877 0.0 0.0 0.0 1.0 0.0 0.0 12.0 0.0
3340.002824949725 0.0 0.0 0.0 1.0 0.0 0.0 12.0 0.0
3341.001872672247 0.0 0.0 0.0 1.0 0.0 0.0 12.0 0.0
3342.004194800782 0.0 0.0 0.0 1.0 0.0 0.0 12.0 0.0
3343.0030426993158 0.0 0.0 0.0 1.0 0.0 0.0 12.0 0.0
3344.0051061571426 0.0 0.0 0.0 1.0 0.0 0.0 12.0 0.0
3345.0080032930728 0.0 0.0 0.0 1.0 0.0 0.0 12.0 0.0
3346.005663477887 0.0 0.0 0.0 1.0 0.0 0.0 12.0 0.0
3347.0104417361626 0.0 0.0 0.0 1.0 0.0 0.0 12.0 0.0
3348.0096527477363 0.0 0.0 0.0 1.0 0.0 0.0 12.0 0.0
3349.0068233037236 0.0 0.0 0.0 1.0 0.0 0.0 12.0 0.0
3350.003108361958 0.0 0.0 0.0 1.0 0.0 0.0 12.0 0.0
3351.0127361273635 0.0 0.0 0.0 1.0 0.0 0.0 12.0 0.0
3352.0127361273635 0.0 0.0 0.0 1.0 0.0 0.0 12.0 0.0
3353.00182627515 0.0 0.0 0.0 1.0 0.0 0.0 12.0 0.0
3354.005919538524 0.0 0.0 0.0 1.0 0.0 0.0 12.0 0.0
3355.010110184734 0.0 0.0 0.0 1.0 0.0 0.0 12.0 0.0
3356.0044746514736 0.0 0.0 0.0 1.0 0.0 0.0 12.0 0.0
3357.005651874599 0.0 0.0 0.0 1.0 0.0 0.0 12.0 0.0
3358.0027355505968 0.0 0.0 0.0 1.0 0.0 0.0 12.0 0.0
3359.003859471501 0.0 0.0 0.0 1.0 0.0 0.0 12.0 0.0
3360.0127361273635 0.0 0.0 0.0 1.0 0.0 0.0 12.0 0.0
3361.0044669019867 0.0 0.0 0.0 1.0 0.0 0.0 12.0 0.0
3362.005099341968 0.0 0.0 0.0 1.0 0.0 0.0 12.0 0.0
3363.0015310343383 0.0 0.0 0.0 1.0 0.0 0.0 12.0 0.0
3364.007965750938 0.0 0.0 0.0 1.0 0.0 0.0 12.0 0.0
3365.001470267486 0.0 0.0 0.0 1.0 0.0 0.0 12.0 0.0
3366.0092805496606 0.0 0.0 0.0 1.0 0.0 0.0 12.0 0.0
3367.0025141906253 0.0 0.0 0.0 1.0 0.0 0.0 12.0 0.0
3368.0127361273635 0.0 0.0 0.0 1.0 0.0 0.0 12.0 0.0
3369.0087431225593 0.0 0.0 0.0 1.0 0.0 0.0 12.0 0.0
3370.0035685585553 0.0 0.0 0.0 1.0 0.0 0.0 12.0 0.0
3371.000190965622 0.0 0.0 0.0 1.0 0.0 0.0 12.0 0.0
3372.0013667298576 0.0 0.0 0.0 1.0 0.0 0.0 12.0 0.0
3373.001119214145 0.0 0.0 0.0 1.0 0.0 0.0 12.0 0.0
3374.0085605671616 0.0 0.0 0.0 1.0 0.0 0.0 12.0 0.0
3375.0037596616808 0.0 0.0 0.0 1.0 0.0 0.0 12.0 0.0
3376.009219453693 0.0 0.0 0.0 1.0 0.0 0.0 12.0 0.0
3377.003276829576 0.0 0.0 0.0 1.0 0.0 0.0 12.0 0.0
3378.001478100109 0.0 0.0 0.0 1.0 0.0 0.0 12.0 0.0
3379.0109035855785 0.0 0.0 0.0 1.0 0.0 0.0 12.0 0.0
3380.011469187566 0.0 0.0 0.0 1.0 0.0 0.0 12.0 0.0
3381.008801326363 0.0 0.0 0.0 1.0 0.0 0.0 12.0 0.0
3382.0127361273635 0.0 0.0 0.0 1.0 0.0 0.0 12.0 0.0
3383.012533179928 0.0 0.0 0.0 1.0 0.0 0.0 12.0 0.0
3384.0005665988647 0.0 0.0 0.0 1.0 0.0 0.0 12.0 0.0
3385.0036882769696 0.0 0.0 0.0 1.0 0.0 0.0 12.0 0.0
3386.0039060159365 0.0 0.0 0.0 1.0 0.0 0.0 12.0 0.0
3387.0127361273635 0.0 0.0 0.0 1.0 0.0 0.0 12.0 0.0
3388.0127361273635 0.0 0.0 0.0 1.0 0.0 0.0 12.0 0.0
3389.0127361273635 0.0 0.0 0.0 1.0 0.0 0.0 12.0 0.0
3390.0050309328253 0.0 0.0 0.0 1.0 0.0 0.0 12.0 0.0
3391.0020396900363 0.0 0.0 0.0 1.0 0.0 0.0 12.0 0.0
3392.0127361273635 0.0 0.0 0.0 1.0 0.0 0.0 12.0 0.0
3393.0048661057494 0.0 0.0 0.0 1.0 0.0 0.0 12.0 0.0
3394.0035461077223 0.0 0.0 0.0 1.0 0.0 0.0 12.0 0.0
3395.0127361273635 0.0 0.0 0.0 1.0 0.0 0.0 12.0 0.0
3396.001130613447 0.0 0.0 0.0 1.0 0.0 0.0 12.0 0.0
3397.0127361273635 0.0 0.0 0.0 1.0 0.0 0.0 12.0 0.0
3398.000526117693 0.0 0.0 0.0 1.0 0.0 0.0 12.0 0.0
3399.007082717001 0.0 0.0 0.0 1.0 0.0 0.0 12.0 0.0
3400.002435269248 0.0 0.0 0.0 1.0 0.0 0.0 12.0 0.0
3401.00015980739 0.0 0.0 0.0 1.0 0.0 0.0 12.0 0.0
3402.0037125246936 0.0 0.0 0.0 1.0 0.0 0.0 12.0 0.0
3403.002897900544 0.0 0.0 0.0 1.0 0.0 0.0 12.0 0.0
3404.0127361273635 0.0 0.0 0.0 1.0 0.0 0.0 12.0 0.0
3405.0021378300703 0.0 0.0 0.0 1.0 0.0 0.0 12.0 0.0
3406.0127361273635 0.0 0.0 0.0 1.0 0.0 0.0 12.0 0.0
3407.0001142728784 0.0 0.0 0.0 1.0 0.0 0.0 12.0 0.0
3408.001936914784 0.0 0.0 0.0 1.0 0.0 0.0 12.0 0.0
3409.0040710121775 0.0 0.0 0.0 1.0 0.0 0.0 12.0 0.0
3410.0048498438155 0.0 0.0 0.0 1.0 0.0 0.0 12.0 0.0
3411.0053351772403 0.0 0.0 0.0 1.0 0.0 0.0 12.0 0.0
3412.0127361273635 0.0 0.0 0.0 1.0 0.0 0.0 12.0 0.0
3413.004705801752 0.0 0.0 0.0 1.0 0.0 0.0 12.0 0.0
3414.000580560034 0.0 0.0 0.0 1.0 0.0 0.0 12.0 0.0
3415.0001929172386 0.0 0.0 0.0 1.0 0.0 0.0 12.0 0.0
3416.0031970434666 0.0 0.0 0.0 1.0 0.0 0.0 12.0 0.0
3417.0127361273635 0.0 0.0 0.0 1.0 0.0 0.0 12.0 0.0
3418.004674460307 0.0 0.0 0.0 1.0 0.0 0.0 12.0 0.0
3419.008471276583 0.0 0.0 0.0 1.0 0.0 0.0 12.0 0.0
3420.0082603260844 0.0 0.0 0.0 1.0 0.0 0.0 12.0 0.0
3421.000694732008 0.0 0.0 0.0 1.0 0.0 0.0 12.0 0.0
3422.0012561868657 0.0 0.0 0.0 1.0 0.0 0.0 12.0 0.0
3423.0127361273635 0.0 0.0 0.0 1.0 0.0 0.0 12.0 0.0
3424.0127361273635 0.0 0.0 0.0 1.0 0.0 0.0 12.0 0.0
3425.0016811638548 0.0 0.0 0.0 1.0 0.0 0.0 12.0 0.0
3426.0025505380972 0.0 0.0 0.0 1.0 0.0 0.0 12.0 0.0
3427.0035235607365 0.0 0.0 0.0 1.0 0.0 0.0 12.0 0.0
3428.0127361273635 0.0 0.0 0.0 1.0 0.0 0.0 12.0 0.0
3429.010680581951 0.0 0.0 0.0 1.0 0.0 0.0 12.0 0.0
3430.0127361273635 0.0 0.0 0.0 1.0 0.0 0.0 12.0 0.0
3431.0029786950463 0.0 0.0 0.0 1.0 0.0 0.0 12.0 0.0
3432.0072661948893 0.0 0.0 0.0 1.0 0.0 0.0 12.0 0.0
3433.0127361273635 0.0 0.0 0.0 1.0 0.0 0.0 12.0 0.0
3434.000712011256 0.0 0.0 0.0 1.0 0.0 0.0 12.0 0.0
3435.004837264097 0.0 0.0 0.0 1.0 0.0 0.0 12.0 0.0
3436.0008181496273 0.0 0.0 0.0 1.0 0.0 0.0 12.0 0.0
3437.00718428777 0.0 0.0 0.0 1.0 0.0 0.0 12.0 0.0
3438.0018053335903 0.0 0.0 0.0 1.0 0.0 0.0 12.0 0.0
3439.0101289866884 0.0 0.0 0.0 1.0 0.0 0.0 12.0 0.0
3440.0071779651666 0.0 0.0 0.0 1.0 0.0 0.0 12.0 0.0
3441.0127361273635 0.0 0.0 0.0 1.0 0.0 0.0 12.0 0.0
3442.0010117138545 0.0 0.0 0.0 1.0 0.0 0.0 12.0 0.0
3443.0127361273635 0.0 0.0 0.0 1.0 0.0 0.0 12.0 0.0
3444.007661019022 0.0 0.0 0.0 1.0 0.0 0.0 12.0 0.0
3445.001847181759 0.0 0.0 0.0 1.0 0.0 0.0 12.0 0.0
3446.0029546447254 0.0 0.0 0.0 1.0 0.0 0.0 12.0 0.0
3447.0093549693524 0.0 0.0 0.0 1.0 0.0 0.0 12.0 0.0
3448.0127361273635 0.0 0.0 0.0 1.0 0.0 0.0 12.0 0.0
3449.0115881904594 0.0 0.0 0.0 1.0 0.0 0.0 12.0 0.0
3450.0007453712306 0.0 0.0 0.0 1.0 0.0 0.0 12.0 0.0
3451.003667635621 0.0 0.0 0.0 1.0 0.0 0.0 12.0 0.0
3452.0021658607307 0.0 0.0 0.0 1.0 0.0 0.0 12.0 0.0
3453.0041187739043 0.0 0.0 0.0 1.0 0.0 0.0 12.0 0.0
3454.0127361273635 0.0 0.0 0.0 1.0 0.0 0.0 12.0 0.0
3455.0127361273635 0.0 0.0 0.0 1.0 0.0 0.0 12.0 0.0
3456.0076642907297 0.0 0.0 0.0 1.0 0.0 0.0 12.0 0.0
3457.006588913741 0.0 0.0 0.0 1.0 0.0 0.0 12.0 0.0
3458.0000070947312 0.0 0.0 0.0 1.0 0.0 0.0 12.0 0.0
3459.0022062636112 0.0 0.0 0.0 1.0 0.0 0.0 12.0 0.0
3460.0011064309692 0.0 0.0 0.0 1.0 0.0 0.0 12.0 0.0
3461.001491929193 0.0 0.0 0.0 1.0 0.0 0.0 12.0 0.0
3462.010391865843 0.0 0.0 0.0 1.0 0.0 0.0 12.0 0.0
3463.0127361273635 0.0 0.0 0.0 1.0 0.0 0.0 12.0 0.0
3464.002349434062 0.0 0.0 0.0 1.0 0.0 0.0 12.0 0.0
3465.000969043182 0.0 0.0 0.0 1.0 0.0 0.0 12.0 0.0
3466.0026714040932 0.0 0.0 0.0 1.0 0.0 0.0 12.0 0.0
3467.0065802954564 0.0 0.0 0.0 1.0 0.0 0.0 12.0 0.0
3468.009534262137 0.0 0.0 0.0 1.0 0.0 0.0 12.0 0.0
3469.0127361273635 0.0 0.0 0.0 1.0 0.0 0.0 12.0 0.0
3470.0006413203123 0.0 0.0 0.0 1.0 0.0 0.0 12.0 0.0
3471.010406682508 0.0 0.0 0.0 1.0 0.0 0.0 12.0 0.0
3472.0127361273635 0.0 0.0 0.0 1.0 0.0 0.0 12.0 0.0
3473.010720600558 0.0 0.0 0.0 1.0 0.0 0.0 12.0 0.0
3474.0034751531844 0.0 0.0 0.0 1.0 0.0 0.0 12.0 0.0
3475.007666324227 0.0 0.0 0.0 1.0 0.0 0.0 12.0 0.0
3476.000225961584 0.0 0.0 0.0 1.0 0.0 0.0 12.0 0.0
3477.0014186814383 0.0 0.0 0.0 1.0 0.0 0.0 12.0 0.0
3478.0020655658554 0.0 0.0 0.0 1.0 0.0 0.0 12.0 0.0
3479.002514007455 0.0 0.0 0.0 1.0 0.0 0.0 12.0 0.0
3480.004319900003 0.0 0.0 0.0 1.0 0.0 0.0 12.0 0.0
3481.0006484286023 0.0 0.0 0.0 1.0 0.0 0.0 12.0 0.0
3482.005921032538 0.0 0.0 0.0 1.0 0.0 0.0 12.0 0.0
3483.0011220682136 0.0 0.0 0.0 1.0 0.0 0.0 12.0 0.0
3484.0038892258476 0.0 0.0 0.0 1.0 0.0 0.0 12.0 0.0
3485.0011199510145 0.0 0.0 0.0 1.0 0.0 0.0 12.0 0.0
3486.0026760139026 0.0 0.0 0.0 1.0 0.0 0.0 12.0 0.0
3487.000456139299 0.0 0.0 0.0 1.0 0.0 0.0 12.0 0.0
3488.004357055631 0.0 0.0 0.0 1.0 0.0 0.0 12.0 0.0
3489.0067084397333 0.0 0.0 0.0 1.0 0.0 0.0 12.0 0.0
3490.0011334206756 0.0 0.0 0.0 1.0 0.0 0.0 12.0 0.0
3491.00249776553 0.0 0.0 0.0 1.0 0.0 0.0 12.0 0.0
3492.009389098331 0.0 0.0 0.0 1.0 0.0 0.0 12.0 0.0
3493.0127361273635 0.0 0.0 0.0 1.0 0.0 0.0 12.0 0.0
3494.0011270515797 0.0 0.0 0.0 1.0 0.0 0.0 12.0 0.0
3495.0090449897475 0.0 0.0 0.0 1.0 0.0 0.0 12.0 0.0
3496.0009802444642 0.0 0.0 0.0 1.0 0.0 0.0 12.0 0.0
3497.0011448061987 0.0 0.0 0.0 1.0 0.0 0.0 12.0 0.0
3498.00086105115 0.0 0.0 0.0 1.0 0.0 0.0 12.0 0.0
3499.0099236365713 0.0 0.0 0.0 1.0 0.0 0.0 12.0 0.0
3500.0127361273635 0.0 0.0 0.0 1.0 0.0 0.0 12.0 0.0
3501.0127361273635 0.043750000000000025 0.0 0.0 0.95625 0.0 1.0 11.69375 0.08315217391304348
3502.0127361273635 0.91875 0.0 0.0 0.08125000000000003 0.0 1.0 10.65625 0.1483695652173913
3503.0112227812174 1.0 0.0 0.0 0.0 0.0 1.0 11.04375 0.0
3504.000514404078 1.0 0.0 0.0 0.0 0.0 1.0 11.9375 0.0
3505.0091101491494 1.0 0.0 0.0 0.0 0.0 1.0 11.9875 0.0
3506.0031056797457 1.0 0.0 0.0 0.0 0.0 1.0 12.0 0.0
3507.0049444194988 1.0 0.0 0.0 0.0 0.0 1.0 12.0 0.0
3508.008779111582 1.0 0.0 0.0 0.0 0.0 1.0 12.0 0.0
3509.0003877295844 1.0 0.0 0.0 0.0 0.0 1.0 12.0 0.0
3510.006374692626 1.0 0.0 0.0 0.0 0.0 1.0 12.0 0.0
3511.0049474277557 1.0 0.0 0.0 0.0 0.0 1.0 12.0 0.0
3512.001715122515 1.0 0.0 0.0 0.0 0.0 1.0 12.0 0.0
3513.0127361273635 1.0 0.0 0.0 0.0 0.0 1.0 12.0 0.0
3514.008428436868 1.0 0.0 0.0 0.0 0.0 1.0 12.0 0.0
3515.0014082429334 1.0 0.0 0.0 0.0 0.0 1.0 12.0 0.0
3516.0081800419107 1.0 0.0 0.0 0.0 0.0 1.0 12.0 0.0
3517.002190156355 1.0 0.0 0.0 0.0 0.0 1.0 12.0 0.0
3518.007923890441 1.0 0.0 0.0 0.0 0.0 1.0 12.0 0.0
3519.0127361273635 1.0 0.0 0.0 0.0 0.0 1.0 12.0 0.0
3520.001229507504 1.0 0.0 0.0 0.0 0.0 1.0 12.0 0.0
3521.0018373400308 1.0 0.0 0.0 0.0 0.0 1.0 12.0 0.0
3522.011552164553 1.0 0.0 0.0 0.0 0.0 1.0 12.0 0.0
3523.0036692183817 1.0 0.0 0.0 0.0 0.0 1.0 12.0 0.0
3524.0127361273635 1.0 0.0 0.0 0.0 0.0 1.0 12.0 0.0
3525.0127361273635 1.0 0.0 0.0 0.0 0.0 1.0 12.0 0.0
3526.0127361273635 1.0 0.0 0.0 0.0 0.0 1.0 12.0 0.0
3527.0007106802614 1.0 0.0 0.0 0.0 0.0 1.0 12.0 0.0
3528.002140048314 1.0 0.0 0.0 0.0 0.0 1.0 12.0 0.0
3529.0127361273635 1.0 0.0 0.0 0.0 0.0 1.0 12.0 0.0
3530.000660621985 1.0 0.0 0.0 0.0 0.0 1.0 12.0 0.0
3531.0009671026387 1.0 0.0 0.0 0.0 0.0 1.0 12.0 0.0
3532.0043664549953 1.0 0.0 0.0 0.0 0.0 1.0 12.0 0.0
3533.005710399581 1.0 0.0 0.0 0.0 0.0 1.0 12.0 0.0
3534.0082450806117 1.0 0.0 0.0 0.0 0.0 1.0 12.0 0.0
3535.0029062739563 1.0 0.0 0.0 0.0 0.0 1.0 12.0 0.0
3536.001231555462 1.0 0.0 0.0 0.0 0.0 1.0 12.0 0.0
3537.0127361273635 1.0 0.0 0.0 0.0 0.0 1.0 12.0 0.0
3538.004434931078 1.0 0.0 0.0 0.0 0.0 1.0 12.0 0.0
3539.0127361273635 1.0 0.0 0.0 0.0 0.0 1.0 12.0 0.0
3540.0053955871776 1.0 0.0 0.0 0.0 0.0 1.0 12.0 0.0
3541.0052404584408 1.0 0.0 0.0 0.0 0.0 1.0 12.0 0.0
3542.0071544030648 1.0 0.0 0.0 0.0 0.0 1.0 12.0 0.0
3543.0045192512475 1.0 0.0 0.0 0.0 0.0 1.0 12.0 0.0
3544.0091229329605 1.0 0.0 0.0 0.0 0.0 1.0 12.0 0.0
3545.0023573173794 1.0 0.0 0.0 0.0 0.0 1.0 12.0 0.0
3546.006345180403 1.0 0.0 0.0 0.0 0.0 1.0 12.0 0.0
3547.000478234638 1.0 0.0 0.0 0.0 0.0 1.0 12.0 0.0
3548.000481964988 1.0 0.0 0.0 0.0 0.0 1.0 12.0 0.0
3549.001371274833 1.0 0.0 0.0 0.0 0.0 1.0 12.0 0.0
3550.0023270502943 1.0 0.0 0.0 0.0 0.0 1.0 12.0 0.0
3551.0127361273635 1.0 0.0 0.0 0.0 0.0 1.0 12.0 0.0
3552.0033443933503 1.0 0.0 0.0 0.0 0.0 1.0 12.0 0.0
3553.0013863561585 1.0 0.0 0.0 0.0 0.0 1.0 12.0 0.0
3554.005268876446 1.0 0.0 0.0 0.0 0.0 1.0 12.0 0.0
3555.0068910154946 1.0 0.0 0.0 0.0 0.0 1.0 12.0 0.0
3556.0059399474544 1.0 0.0 0.0 0.0 0.0 1.0 12.0 0.0
3557.008833077638 1.0 0.0 0.0 0.0 0.0 1.0 12.0 0.0
3558.0127361273635 1.0 0.0 0.0 0.0 0.0 1.0 12.0 0.0
3559.0064706349012 1.0 0.0 0.0 0.0 0.0 1.0 12.0 0.0
3560.0127361273635 1.0 0.0 0.0 0.0 0.0 1.0 12.0 0.0
3561.002017802296 1.0 0.0 0.0 0.0 0.0 1.0 12.0 0.0
3562.0009042311954 1.0 0.0 0.0 0.0 0.0 1.0 12.0 0.0
3563.0050882260607 1.0 0.0 0.0 0.0 0.0 1.0 12.0 0.0
3564.0004020933798 1.0 0.0 0.0 0.0 0.0 1.0 12.0 0.0
3565.0010397826813 1.0 0.0 0.0 0.0 0.0 1.0 12.0 0.0
3566.001669758048 1.0 0.0 0.0 0.0 0.0 1.0 12.0 0.0
3567.002129456137 1.0 0.0 0.0 0.0 0.0 1.0 12.0 0.0
3568.0027962780405 1.0 0.0 0.0 0.0 0.0 1.0 12.0 0.0
3569.000845156586 1.0 0.0 0.0 0.0 0.0 1.0 12.0 0.0
3570.0030483610058 1.0 0.0 0.0 0.0 0.0 1.0 12.0 0.0
3571.011666410813 1.0 0.0 0.0 0.0 0.0 1.0 12.0 0.0
3572.001254320153 1.0 0.0 0.0 0.0 0.0 1.0 12.0 0.0
3573.003510638146 1.0 0.0 0.0 0.0 0.0 1.0 12.0 0.0
3574.003755413453 1.0 0.0 0.0 0.0 0.0 1.0 12.0 0.0
3575.01237682626 1.0 0.0 0.0 0.0 0.0 1.0 12.0 0.0
3576.0127361273635 1.0 0.0 0.0 0.0 0.0 1.0 12.0 0.0
3577.0042806193505 1.0 0.0 0.0 0.0 0.0 1.0 12.0 0.0
3578.0127361273635 1.0 0.0 0.0 0.0 0.0 1.0 12.0 0.0
3579.004943790616 1.0 0.0 0.0 0.0 0.0 1.0 12.0 0.0
3580.0100378242278 1.0 0.0 0.0 0.0 0.0 1.0 12.0 0.0
3581.005488391028 1.0 0.0 0.0 0.0 0.0 1.0 12.0 0.0
3582.0028206143343 1.0 0.0 0.0 0.0 0.0 1.0 12.0 0.0
3583.0034065872082 1.0 0.0 0.0 0.0 0.0 1.0 12.0 0.0
3584.0127361273635 1.0 0.0 0.0 0.0 0.0 1.0 12.0 0.0
3585.0068749924408 1.0 0.0 0.0 0.0 0.0 1.0 12.0 0.0
3586.001405238923 1.0 0.0 0.0 0.0 0.0 1.0 12.0 0.0
3587.0082651396715 1.0 0.0 0.0 0.0 0.0 1.0 12.0 0.0
3588.0011786170717 1.0 0.0 0.0 0.0 0.0 1.0 12.0 0.0
3589.007957505478 1.0 0.0 0.0 0.0 0.0 1.0 12.0 0.0
3590.0060516120684 1.0 0.0 0.0 0.0 0.0 1.0 12.0 0.0
3591.012598020392 1.0 0.0 0.0 0.0 0.0 1.0 12.0 0.0
3592.0058627673297 1.0 0.0 0.0 0.0 0.0 1.0 12.0 0.0
3593.0114472595383 1.0 0.0 0.0 0.0 0.0 1.0 12.0 0.0
3594.006241372958 1.0 0.0 0.0 0.0 0.0 1.0 12.0 0.0
3595.003885874262 1.0 0.0 0.0 0.0 0.0 1.0 12.0 0.0
3596.00519122389 1.0 0.0 0.0 0.0 0.0 1.0 12.0 0.0
3597.005902835172 1.0 0.0 0.0 0.0 0.0 1.0 12.0 0.0
3598.000913244235 1.0 0.0 0.0 0.0 0.0 1.0 12.0 0.0
3599.008617881414 1.0 0.0 0.0 0.0 0.0 1.0 12.0 0.0
3600.007524967345 1.0 0.0 0.0 0.0 0.0 1.0 12.0 0.0
3601.0127361273635 0.98125 0.0 0.018749999999999982 0.0 0.0 1.0 11.73125 0.03656832298136646
3602.007946686735 0.4437500000000001 0.0 0.5562499999999999 0.0 0.0 1.0 11.0875 0.4906055900621118
3603.007083889775 0.41250000000000003 0.0 0.5874999999999999 0.0 0.0 1.0 10.8625 0.4816770186335404
3604.0010902549925 0.20624999999999996 0.0 0.79375 0.0 0.0 1.0 10.7125 0.325388198757764
3605.002351983267 0.01874999999999997 0.0 0.98125 0.0 0.0 1.0 11.38125 0.03656832298136646
3606.003829441069 0.0 0.0 1.0 0.0 0.0 1.0 11.9375 0.0
3607.0127361273635 0.0 0.0 1.0 0.0 0.0 1.0 12.0 0.0
3608.0082589605668 0.0 0.0 1.0 0.0 0.0 1.0 12.0 0.0
3609.007924478567 0.0 0.0 1.0 0.0 0.0 1.0 12.0 0.0
3610.0122555758066 0.0 0.0 1.0 0.0 0.0 1.0 12.0 0.0
3611.0012870294822 0.0 0.0 1.0 0.0 0.0 1.0 12.0 0.0
3612.012103832319 0.0 0.0 1.0 0.0 0.0 1.0 12.0 0.0
3613.003069705364 0.0 0.0 1.0 0.0 0.0 1.0 12.0 0.0
3614.00949555062 0.0 0.0 1.0 0.0 0.0 1.0 12.0 0.0
3615.0092602981267 0.0 0.0 1.0 0.0 0.0 1.0 12.0 0.0
3616.0074055663704 0.0 0.0 1.0 0.0 0.0 1.0 12.0 0.0
3617.002332095176 0.0 0.0 1.0 0.0 0.0 1.0 12.0 0.0
3618.0039836724195 0.0 0.0 1.0 0.0 0.0 1.0 12.0 0.0
3619.0127361273635 0.0 0.0 1.0 0.0 0.0 1.0 12.0 0.0
3620.003654882519 0.0 0.0 1.0 0.0 0.0 1.0 12.0 0.0
3621.0053665113664 0.0 0.0 1.0 0.0 0.0 1.0 12.0 0.0
3622.0127361273635 0.0 0.0 1.0 0.0 0.0 1.0 12.0 0.0
3623.0093151225124 0.0 0.0 1.0 0.0 0.0 1.0 12.0 0.0
3624.006161202113 0.0 0.0 1.0 0.0 0.0 1.0 12.0 0.0
3625.004324067624 0.0 0.0 1.0 0.0 0.0 1.0 12.0 0.0
3626.00499323771 0.0 0.0 1.0 0.0 0.0 1.0 12.0 0.0
3627.00228591493 0.0 0.0 1.0 0.0 0.0 1.0 12.0 0.0
3628.001397865185 0.0 0.0 1.0 0.0 0.0 1.0 12.0 0.0
3629.001607635681 0.0 0.0 1.0 0.0 0.0 1.0 12.0 0.0
3630.000504959779 0.0 0.0 1.0 0.0 0.0 1.0 12.0 0.0
3631.006857312284 0.0 0.0 1.0 0.0 0.0 1.0 12.0 0.0
3632.004306274216 0.0 0.0 1.0 0.0 0.0 1.0 12.0 0.0
3633.007445180513 0.0 0.0 1.0 0.0 0.0 1.0 12.0 0.0
3634.0127361273635 0.0 0.0 1.0 0.0 0.0 1.0 12.0 0.0
3635.001635043308 0.0 0.0 1.0 0.0 0.0 1.0 12.0 0.0
3636.0027159136403 0.0 0.0 1.0 0.0 0.0 1.0 12.0 0.0
3637.0080421267 0.0 0.0 1.0 0.0 0.0 1.0 12.0 0.0
3638.0127361273635 0.0 0.0 1.0 0.0 0.0 1.0 12.0 0.0
3639.01088222244 0.0 0.0 1.0 0.0 0.0 1.0 12.0 0.0
3640.0032044944946 0.0 0.0 1.0 0.0 0.0 1.0 12.0 0.0
3641.000535035442 0.0 0.0 1.0 0.0 0.0 1.0 12.0 0.0
3642.0005612994632 0.0 0.0 1.0 0.0 0.0 1.0 12.0 0.0
3643.0031237886565 0.0 0.0 1.0 0.0 0.0 1.0 12.0 0.0
3644.0127361273635 0.0 0.0 1.0 0.0 0.0 1.0 12.0 0.0
3645.0039627097367 0.0 0.0 1.0 0.0 0.0 1.0 12.0 0.0
3646.0001490961963 0.0 0.0 1.0 0.0 0.0 1.0 12.0 0.0
3647.0018616460447 0.0 0.0 1.0 0.0 0.0 1.0 12.0 0.0
3648.0039300108333 0.0 0.0 1.0 0.0 0.0 1.0 12.0 0.0
3649.0113605254915 0.0 0.0 1.0 0.0 0.0 1.0 12.0 0.0
3650.0112475336846 0.0 0.0 1.0 0.0 0.0 1.0 12.0 0.0
3651.007333615483 0.0 0.0 1.0 0.0 0.0 1.0 12.0 0.0
3652.0041940871206 0.0 0.0 1.0 0.0 0.0 1.0 12.0 0.0
3653.0127361273635 0.0 0.0 1.0 0.0 0.0 1.0 12.0 0.0
3654.000262569987 0.0 0.0 1.0 0.0 0.0 1.0 12.0 0.0
3655.0001300262743 0.0 0.0 1.0 0.0 0.0 1.0 12.0 0.0
3656.0016828975554 0.0 0.0 1.0 0.0 0.0 1.0 12.0 0.0
3657.004761471984 0.0 0.0 1.0 0.0 0.0 1.0 12.0 0.0
3658.004142006622 0.0 0.0 1.0 0.0 0.0 1.0 12.0 0.0
3659.0034633697364 0.0 0.0 1.0 0.0 0.0 1.0 12.0 0.0
3660.0005521395415 0.0 0.0 1.0 0.0 0.0 1.0 12.0 0.0
3661.0012742397207 0.0 0.0 1.0 0.0 0.0 1.0 12.0 0.0
3662.0062942270947 0.0 0.0 1.0 0.0 0.0 1.0 12.0 0.0
3663.001370065214 0.0 0.0 1.0 0.0 0.0 1.0 12.0 0.0
3664.003487975827 0.0 0.0 1.0 0.0 0.0 1.0 12.0 0.0
3665.001796233882 0.0 0.0 1.0 0.0 0.0 1.0 12.0 0.0
3666.0050967201787 0.0 0.0 1.0 0.0 0.0 1.0 12.0 0.0
3667.011461717951 0.0 0.0 1.0 0.0 0.0 1.0 12.0 0.0
3668.004839497616 0.0 0.0 1.0 0.0 0.0 1.0 12.0 0.0
3669.0127361273635 0.0 0.0 1.0 0.0 0.0 1.0 12.0 0.0
3670.0015713938965 0.0 0.0 1.0 0.0 0.0 1.0 12.0 0.0
3671.0127361273635 0.0 0.0 1.0 0.0 0.0 1.0 12.0 0.0
3672.002555890242 0.0 0.0 1.0 0.0 0.0 1.0 12.0 0.0
3673.0084947572577 0.0 0.0 1.0 0.0 0.0 1.0 12.0 0.0
3674.000062471222 0.0 0.0 1.0 0.0 0.0 1.0 12.0 0.0
3675.001367004234 0.0 0.0 1.0 0.0 0.0 1.0 12.0 0.0
3676.005289341461 0.0 0.0 1.0 0.0 0.0 1.0 12.0 0.0
3677.0127361273635 0.0 0.0 1.0 0.0 0.0 1.0 12.0 0.0
3678.004505897005 0.0 0.0 1.0 0.0 0.0 1.0 12.0 0.0
3679.007173876839 0.0 0.0 1.0 0.0 0.0 1.0 12.0 0.0
3680.0084708863737 0.0 0.0 1.0 0.0 0.0 1.0 12.0 0.0
3681.0004219636335 0.0 0.0 1.0 0.0 0.0 1.0 12.0 0.0
3682.0029793494864 0.0 0.0 1.0 0.0 0.0 1.0 12.0 0.0
3683.005194306159 0.0 0.0 1.0 0.0 0.0 1.0 12.0 0.0
3684.0067464283406 0.0 0.0 1.0 0.0 0.0 1.0 12.0 0.0
3685.0005493126105 0.0 0.0 1.0 0.0 0.0 1.0 12.0 0.0
3686.002388992656 0.0 0.0 1.0 0.0 0.0 1.0 12.0 0.0
3687.003745785623 0.0 0.0 1.0 0.0 0.0 1.0 12.0 0.0
3688.0005522592337 0.0 0.0 1.0 0.0 0.0 1.0 12.0 0.0
3689.0002499095667 0.0 0.0 1.0 0.0 0.0 1.0 12.0 0.0
3690.002022002347 0.0 0.0 1.0 0.0 0.0 1.0 12.0 0.0
3691.0016778917416 0.0 0.0 1.0 0.0 0.0 1.0 12.0 0.0
3692.001559019907 0.0 0.0 1.0 0.0 0.0 1.0 12.0 0.0
3693.0020740793193 0.0 0.0 1.0 0.0 0.0 1.0 12.0 0.0
3694.0078280707285 0.0 0.0 1.0 0.0 0.0 1.0 12.0 0.0
3695.002289254998 0.0 0.0 1.0 0.0 0.0 1.0 12.0 0.0
3696.000626643279 0.0 0.0 1.0 0.0 0.0 1.0 12.0 0.0
3697.004600712053 0.0 0.0 1.0 0.0 0.0 1.0 12.0 0.0
3698.008142826049 0.0 0.0 1.0 0.0 0.0 1.0 12.0 0.0
3699.007509856386 0.0 0.0 1.0 0.0 0.0 1.0 12.0 0.0
3700.00360066752 0.0 0.0 1.0 0.0 0.0 1.0 12.0 0.0
3701.000406249659 0.0 0.0 1.0 0.0 0.0 1.0 12.0 0.0
3702.00270612275 0.0 0.0 1.0 0.0 0.0 1.0 12.0 0.0
3703.0005946174065 0.0 0.0 1.0 0.0 0.0 1.0 12.0 0.0
3704.0019349097443 0.0 0.0 1.0 0.0 0.0 1.0 12.0 0.0
3705.0024825079113 0.0 0.0 1.0 0.0 0.0 1.0 12.0 0.0
3706.0003214703174 0.0 0.0 1.0 0.0 0.0 0.0 12.0 0.0
3707.0083710532595 0.0 0.0 1.0 0.0 0.0 0.0 11.58125 0.0
3708.0050239237294 0.0 0.0 1.0 0.0 0.0 0.0 10.7625 0.0
3709.012633499657 0.0 0.0 1.0 0.0 0.0 0.0 9.65625 0.0
3710.0040218207673 0.0 0.0 1.0 0.0 0.0 0.0 8.825 0.0
3711.0127361273635 0.0 0.0 1.0 0.0 0.0 0.0 8.025 0.0
3712.0007868468556 0.0 0.0 1.0 0.0 0.0 0.0 8.00625 0.0
3713.0003596359593 0.0 0.0 1.0 0.0 0.0 0.0 8.0 0.0
3714.0127361273635 0.0 0.0 1.0 0.0 0.0 0.0 8.0 0.0
3715.007758466962 0.0 0.0 1.0 0.0 0.0 0.0 8.0 0.0
3716.0127361273635 0.0 0.0 1.0 0.0 0.0 0.0 8.0 0.0
3717.0114697557974 0.0 0.0 1.0 0.0 0.0 0.0 8.0 0.0
3718.007530249332 0.0 0.0 1.0 0.0 0.0 0.0 8.0 0.0
3719.003481933348 0.0 0.0 1.0 0.0 0.0 0.0 8.0 0.0
3720.002556983695 0.0 0.0 1.0 0.0 0.0 0.0 8.0 0.0
3721.0127361273635 0.0 0.0 1.0 0.0 0.0 0.0 8.0 0.0
3722.0041312313097 0.0 0.0 1.0 0.0 0.0 0.0 8.0 0.0
3723.00399411097 0.0 0.0 1.0 0.0 0.0 0.0 8.0 0.0
3724.007492820256 0.0 0.0 1.0 0.0 0.0 0.0 8.0 0.0
3725.000013108716 0.0 0.0 1.0 0.0 0.0 0.0 8.0 0.0
3726.0112782523447 0.0 0.0 1.0 0.0 0.0 0.0 8.0 0.0
3727.0075467395573 0.0 0.0 1.0 0.0 0.0 0.0 8.0 0.0
3728.00056229658 0.0 0.0 1.0 0.0 0.0 0.0 8.0 0.0
3729.0070913343116 0.0 0.0 1.0 0.0 0.0 0.0 8.0 0.0
3730.0127361273635 0.0 0.0 1.0 0.0 0.0 0.0 8.0 0.0
3731.0056898036787 0.0 0.0 1.0 0.0 0.0 0.0 8.0 0.0
3732.000420336975 0.0 0.0 1.0 0.0 0.0 0.0 8.0 0.0
3733.0127361273635 0.0 0.0 1.0 0.0 0.0 0.0 8.0 0.0
3734.0017173602096 0.0 0.0 1.0 0.0 0.0 0.0 8.0 0.0
3735.000054710842 0.0 0.0 1.0 0.0 0.0 0.0 8.0 0.0
3736.008022833312 0.0 0.0 1.0 0.0 0.0 0.0 8.0 0.0
3737.000117337403 0.0 0.0 1.0 0.0 0.0 0.0 8.0 0.0
3738.0053084064907 0.0 0.0 1.0 0.0 0.0 0.0 8.0 0.0
3739.003230369094 0.0 0.0 1.0 0.0 0.0 0.0 8.0 0.0
3740.0006387036365 0.0 0.0 1.0 0.0 0.0 0.0 8.0 0.0
3741.000958857794 0.0 0.0 1.0 0.0 0.0 0.0 8.0 0.0
3742.011929644329 0.0 0.0 1.0 0.0 0.0 0.0 8.0 0.0
3743.00895838168 0.0 0.0 1.0 0.0 0.0 0.0 8.0 0.0
3744.005171500676 0.0 0.0 1.0 0.0 0.0 0.0 8.0 0.0
3745.003748793442 0.0 0.0 1.0 0.0 0.0 0.0 8.0 0.0
3746.0037601350173 0.0 0.0 1.0 0.0 0.0 0.0 8.0 0.0
3747.0127361273635 0.0 0.0 1.0 0.0 0.0 0.0 8.0 0.0
3748.004835365054 0.0 0.0 1.0 0.0 0.0 0.0 8.0 0.0
3749.0000387357545 0.0 0.0 1.0 0.0 0.0 0.0 8.0 0.0
3750.006107685498 0.0 0.0 1.0 0.0 0.0 0.0 8.0 0.0
3751.0032420173557 0.0 0.0 1.0 0.0 0.0 0.0 8.0 0.0
3752.0127361273635 0.0 0.0 1.0 0.0 0.0 0.0 8.0 0.0
3753.001079760556 0.0 0.0 1.0 0.0 0.0 0.0 8.0 0.0
3754.0023532016926 0.0 0.0 1.0 0.0 0.0 0.0 8.0 0.0
3755.000942548949 0.0 0.0 1.0 0.0 0.0 0.0 8.0 0.0
3756.0127361273635 0.0 0.0 1.0 0.0 0.0 0.0 8.0 0.0
3757.0106137622724 0.0 0.0 1.0 0.0 0.0 0.0 8.0 0.0
3758.0063427411505 0.0 0.0 1.0 0.0 0.0 0.0 8.0 0.0
3759.009013395018 0.0 0.0 1.0 0.0 0.0 0.0 8.0 0.0
3760.0127361273635 0.0 0.0 1.0 0.0 0.0 0.0 8.0 0.0
3761.0035106701694 0.0 0.0 1.0 0.0 0.0 0.0 8.0 0.0
3762.0127361273635 0.0 0.0 1.0 0.0 0.0 0.0 8.0 0.0
3763.000698075375 0.0 0.0 1.0 0.0 0.0 0.0 8.0 0.0
3764.0055667795814 0.0 0.0 1.0 0.0 0.0 0.0 8.0 0.0
3765.0127361273635 0.0 0.0 1.0 0.0 0.0 0.0 8.0 0.0
3766.00339282361 0.0 0.0 1.0 0.0 0.0 0.0 8.0 0.0
3767.01027109236 0.0 0.0 1.0 0.0 0.0 0.0 8.0 0.0
3768.00044528887 0.0 0.0 1.0 0.0 0.0 0.0 8.0 0.0
3769.0044883064 0.0 0.0 1.0 0.0 0.0 0.0 8.0 0.0
3770.0009184628075 0.0 0.0 1.0 0.0 0.0 0.0 8.0 0.0
3771.0127361273635 0.0 0.0 1.0 0.0 0.0 0.0 8.0 0.0
3772.002922520511 0.0 0.0 1.0 0.0 0.0 0.0 8.0 0.0
3773.0127361273635 0.0 0.0 1.0 0.0 0.0 0.0 8.0 0.0
3774.0095542584986 0.0 0.0 1.0 0.0 0.0 0.0 8.0 0.0
3775.006398387969 0.0 0.0 1.0 0.0 0.0 0.0 8.0 0.0
3776.003288927562 0.0 0.0 1.0 0.0 0.0 0.0 8.0 0.0
3777.002278531083 0.0 0.0 1.0 0.0 0.0 0.0 8.0 0.0
3778.0127361273635 0.0 0.0 1.0 0.0 0.0 0.0 8.0 0.0
3779.004500213379 0.0 0.0 1.0 0.0 0.0 0.0 8.0 0.0
3780.0038120460495 0.0 0.0 1.0 0.0 0.0 0.0 8.0 0.0
3781.0037744384126 0.0 0.0 1.0 0.0 0.0 0.0 8.0 0.0
3782.000904089108 0.0 0.0 1.0 0.0 0.0 0.0 8.0 0.0
3783.0048763140135 0.0 0.0 1.0 0.0 0.0 0.0 8.0 0.0
3784.0080955830144 0.0 0.0 1.0 0.0 0.0 0.0 8.0 0.0
3785.0127361273635 0.0 0.0 1.0 0.0 0.0 0.0 8.0 0.0
3786.0127361273635 0.0 0.0 1.0 0.0 0.0 0.0 8.0 0.0
3787.008520139782 0.0 0.0 1.0 0.0 0.0 0.0 8.0 0.0
3788.003007415887 0.0 0.0 1.0 0.0 0.0 0.0 8.0 0.0
3789.0127361273635 0.0 0.0 1.0 0.0 0.0 0.0 8.0 0.0
3790.0023138371685 0.0 0.0 1.0 0.0 0.0 0.0 8.0 0.0
3791.007225047046 0.0 0.0 1.0 0.0 0.0 0.0 8.0 0.0
3792.0127361273635 0.0 0.0 1.0 0.0 0.0 0.0 8.0 0.0
3793.003501290187 0.0 0.0 1.0 0.0 0.0 0.0 8.0 0.0
3794.0037092095417 0.0 0.0 1.0 0.0 0.0 0.0 8.0 0.0
3795.005445220249 0.0 0.0 1.0 0.0 0.0 0.0 8.0 0.0
3796.0058941946363 0.0 0.0 1.0 0.0 0.0 0.0 8.0 0.0
3797.0080152963296 0.0 0.0 1.0 0.0 0.0 0.0 8.0 0.0
3798.0017205810905 0.0 0.0 1.0 0.0 0.0 0.0 8.0 0.0
3799.0029293222233 0.0 0.0 1.0 0.0 0.0 0.0 8.0 0.0
3800.0017439116177 0.0 0.0 1.0 0.0 0.0 0.0 8.0 0.0
3801.0127361273635 0.0 0.0 1.0 0.0 0.0 0.0 8.0 0.0
3802.0127361273635 0.0 0.0 1.0 0.0 0.0 0.0 8.0 0.0
3803.011105271553 0.0 0.0 1.0 0.0 0.0 0.0 8.0 0.0
3804.010021513827 0.0 0.0 1.0 0.0 0.0 0.0 8.0 0.0
3805.0031462484503 0.0 0.0 1.0 0.0 0.0 0.0 8.0 0.0
3806.0042418751577 0.0 0.0 1.0 0.0 0.0 0.0 8.0 0.0
3807.0127361273635 0.0 0.0 1.0 0.0 0.0 0.0 8.0 0.0
3808.0024361701226 0.0 0.0 1.0 0.0 0.0 0.0 8.0 0.0
3809.0051632418167 0.0 0.0 1.0 0.0 0.0 0.0 8.0 0.0
3810.001584390405 0.0 0.0 1.0 0.0 0.0 0.0 8.0 0.0
3811.0044362102676 0.0 0.0 1.0 0.0 0.0 0.0 8.0 0.0
3812.005844044804 0.0 0.0 1.0 0.0 0.0 0.0 8.0 0.0
3813.007435356938 0.0 0.0 1.0 0.0 0.0 0.0 8.0 0.0
3814.002621785561 0.0 0.0 1.0 0.0 0.0 0.0 8.0 0.0
3815.0018785779826 0.0 0.0 1.0 0.0 0.0 0.0 8.0 0.0
3816.00609762345 0.0 0.0 1.0 0.0 0.0 0.0 8.0 0.0
3817.006435832799 0.0 0.0 1.0 0.0 0.0 0.0 8.0 0.0
3818.000702268756 0.0 0.0 1.0 0.0 0.0 0.0 8.0 0.0
3819.0017251318764 0.0 0.0 1.0 0.0 0.0 0.0 8.0 0.0
3820.001045907608 0.0 0.0 1.0 0.0 0.0 0.0 8.0 0.0
3821.0045340738734 0.0 0.0 1.0 0.0 0.0 0.0 8.0 0.0
3822.0089587789707 0.0 0.0 1.0 0.0 0.0 0.0 8.0 0.0
3823.0127361273635 0.0 0.0 1.0 0.0 0.0 0.0 8.0 0.0
3824.003362948478 0.0 0.0 1.0 0.0 0.0 0.0 8.0 0.0
3825.0018186517377 0.0 0.0 1.0 0.0 0.0 0.0 8.0 0.0
3826.0012358788663 0.0 0.0 1.0 0.0 0.0 0.0 8.0 0.0
3827.004111655921 0.0 0.0 1.0 0.0 0.0 0.0 8.0 0.0
3828.001684023885 0.0 0.0 1.0 0.0 0.0 0.0 8.0 0.0
3829.0127361273635 0.0 0.0 1.0 0.0 0.0 0.0 8.0 0.0
3830.001869476839 0.0 0.0 1.0 0.0 0.0 0.0 8.0 0.0
3831.007750004747 0.0 0.0 1.0 0.0 0.0 0.0 8.0 0.0
3832.0030454280054 0.0 0.0 1.0 0.0 0.0 0.0 8.0 0.0
3833.0010751570685 0.0 0.0 1.0 0.0 0.0 0.0 8.0 0.0
3834.01206050141 0.0 0.0 1.0 0.0 0.0 0.0 8.0 0.0
3835.0127361273635 0.0 0.0 1.0 0.0 0.0 0.0 8.0 0.0
3836.0010614805674 0.0 0.0 1.0 0.0 0.0 0.0 8.0 0.0
3837.0127361273635 0.0 0.0 1.0 0.0 0.0 0.0 8.0 0.0
3838.000987220031 0.0 0.0 1.0 0.0 0.0 0.0 8.0 0.0
3839.0085722381814 0.0 0.0 1.0 0.0 0.0 0.0 8.0 0.0
3840.0127361273635 0.0 0.0 1.0 0.0 0.0 0.0 8.0 0.0
3841.000985827062 0.0 0.0 1.0 0.0 0.0 0.0 8.0 0.0
3842.0127361273635 0.0 0.0 1.0 0.0 0.0 0.0 8.0 0.0
3843.003091577686 0.0 0.0 1.0 0.0 0.0 0.0 8.0 0.0
3844.001709107759 0.0 0.0 1.0 0.0 0.0 0.0 8.0 0.0
3845.0046753380498 0.0 0.0 1.0 0.0 0.0 0.0 8.0 0.0
3846.0012279230796 0.0 0.0 1.0 0.0 0.0 0.0 8.0 0.0
3847.0127361273635 0.0 0.0 1.0 0.0 0.0 0.0 8.0 0.0
3848.002790874394 0.0 0.0 1.0 0.0 0.0 0.0 7.5625 0.0
3849.007228715803 0.0 0.0 1.0 0.0 0.0 0.0 6.63125 0.0
3850.0015396105814 0.0 0.0 1.0 0.0 0.0 0.0 6.025 0.0
3851.0127361273635 0.0 0.0 1.0 0.0 0.0 0.0 6.0 0.0
3852.0013905276555 0.0 0.0 1.0 0.0 0.0 0.0 6.0 0.0
3853.0045821202784 0.0 0.0 1.0 0.0 0.0 0.0 6.0 0.0
3854.007186609472 0.0 0.0 1.0 0.0 0.0 0.0 6.0 0.0
3855.0127361273635 0.0 0.0 1.0 0.0 0.0 0.0 6.0 0.0
3856.004821006275 0.0 0.0 1.0 0.0 0.0 0.0 6.0 0.0
3857.0043045819853 0.0 0.0 1.0 0.0 0.0 0.0 6.0 0.0
3858.0127361273635 0.0 0.0 1.0 0.0 0.0 0.0 6.0 0.0
3859.0024384697895 0.0 0.0 1.0 0.0 0.0 0.0 6.0 0.0
3860.0127361273635 0.0 0.0 1.0 0.0 0.0 0.0 6.0 0.0
3861.0085977930717 0.0 0.0 1.0 0.0 0.0 0.0 6.0 0.0
3862.0127361273635 0.0 0.0 1.0 0.0 0.0 0.0 6.0 0.0
3863.0070984089207 0.0 0.0 1.0 0.0 0.0 0.0 6.0 0.0
3864.00173098661 0.0 0.0 1.0 0.0 0.0 0.0 6.0 0.0
3865.0017739770396 0.0 0.0 1.0 0.0 0.0 0.0 6.0 0.0
3866.0071276876706 0.0 0.0 1.0 0.0 0.0 0.0 6.0 0.0
3867.0098734671647 0.0 0.0 1.0 0.0 0.0 0.0 6.0 0.0
3868.0041629508714 0.0 0.0 1.0 0.0 0.0 0.0 6.0 0.0
3869.0010101362145 0.0 0.0 1.0 0.0 0.0 0.0 6.0 0.0
3870.0127361273635 0.0 0.0 1.0 0.0 0.0 0.0 6.0 0.0
3871.0091266020536 0.0 0.0 1.0 0.0 0.0 0.0 6.0 0.0
3872.0115040003393 0.0 0.0 1.0 0.0 0.0 0.0 6.0 0.0
3873.006568598639 0.0 0.0 1.0 0.0 0.0 0.0 6.0 0.0
3874.0100661961073 0.0 0.0 1.0 0.0 0.0 0.0 6.0 0.0
3875.001377826083 0.0 0.0 1.0 0.0 0.0 0.0 6.0 0.0
3876.0127361273635 0.0 0.0 1.0 0.0 0.0 0.0 6.0 0.0
3877.0081756527175 0.0 0.0 1.0 0.0 0.0 0.0 6.0 0.0
3878.0095161816853 0.0 0.0 1.0 0.0 0.0 0.0 6.0 0.0
3879.0127361273635 0.0 0.0 1.0 0.0 0.0 0.0 6.0 0.0
3880.0038871757693 0.0 0.0 1.0 0.0 0.0 0.0 6.0 0.0
3881.0037215853404 0.0 0.0 1.0 0.0 0.0 0.0 6.0 0.0
3882.0006180900277 0.0 0.0 1.0 0.0 0.0 0.0 6.0 0.0
3883.0044268326105 0.0 0.0 1.0 0.0 0.0 0.0 6.0 0.0
3884.0046005548425 0.0 0.0 1.0 0.0 0.0 0.0 6.0 0.0
3885.0040457241253 0.0 0.0 1.0 0.0 0.0 0.0 6.0 0.0
3886.0069327471197 0.0 0.0 1.0 0.0 0.0 0.0 6.0 0.0
3887.0067677913107 0.0 0.0 1.0 0.0 0.0 0.0 6.0 0.0
3888.0058603907237 0.0 0.0 1.0 0.0 0.0 0.0 6.0 0.0
3889.0027143491966 0.0 0.0 1.0 0.0 0.0 0.0 6.0 0.0
3890.0069189408214 0.0 0.0 1.0 0.0 0.0 0.0 6.0 0.0
3891.0127361273635 0.0 0.0 1.0 0.0 0.0 0.0 6.0 0.0
3892.0118947443625 0.0 0.0 1.0 0.0 0.0 0.0 6.0 0.0
3893.0025847607817 0.0 0.0 1.0 0.0 0.0 0.0 6.0 0.0
3894.0065079179767 0.0 0.0 1.0 0.0 0.0 0.0 6.0 0.0
3895.0031507057224 0.0 0.0 1.0 0.0 0.0 0.0 6.0 0.0
3896.0000237951767 0.0 0.0 1.0 0.0 0.0 0.0 6.0 0.0
3897.0127361273635 0.0 0.0 1.0 0.0 0.0 0.0 6.0 0.0
3898.000451930357 0.0 0.0 1.0 0.0 0.0 0.0 6.0 0.0
3899.002110404251 0.0 0.0 1.0 0.0 0.0 0.0 6.0 0.0
3900.0062564846003 0.0 0.0 1.0 0.0 0.0 0.0 6.0 0.0
3901.0127361273635 0.0 0.0 1.0 0.0 0.0 0.0 6.0 0.0
3902.0092400444264 0.0 0.0 1.0 0.0 0.0 0.0 6.0 0.0
3903.0001534268677 0.0 0.0 1.0 0.0 0.0 0.0 6.0 0.0
3904.00426774921 0.0 0.0 1.0 0.0 0.0 0.0 6.0 0.0
3905.0127361273635 0.0 0.0 1.0 0.0 0.0 0.0 6.0 0.0
3906.00071918478 0.0 0.0 1.0 0.0 0.0 0.0 6.0 0.0
3907.007373658903 0.0 0.0 1.0 0.0 0.0 0.0 6.0 0.0
3908.0028275371756 0.0 0.0 1.0 0.0 0.0 0.0 6.0 0.0
3909.0085210774914 0.0 0.0 1.0 0.0 0.0 0.0 6.0 0.0
3910.0127361273635 0.0 0.0 1.0 0.0 0.0 0.0 6.0 0.0
3911.0127361273635 0.0 0.0 1.0 0.0 0.0 0.0 6.0 0.0
3912.001926970692 0.0 0.0 1.0 0.0 0.0 0.0 6.0 0.0
3913.0086723174463 0.0 0.0 1.0 0.0 0.0 0.0 6.0 0.0
3914.0013315636565 0.0 0.0 1.0 0.0 0.0 0.0 6.0 0.0
3915.0031504836993 0.0 0.0 1.0 0.0 0.0 0.0 6.0 0.0
3916.0123743665276 0.0 0.0 1.0 0.0 0.0 0.0 6.0 0.0
3917.0127361273635 0.0 0.0 1.0 0.0 0.0 0.0 6.0 0.0
3918.0002637697703 0.0 0.0 1.0 0.0 0.0 0.0 6.0 0.0
3919.0013935207876 0.0 0.0 1.0 0.0 0.0 0.0 6.0 0.0
3920.0127361273635 0.0 0.0 1.0 0.0 0.0 0.0 6.0 0.0
3921.0127361273635 0.0 0.0 1.0 0.0 0.0 0.0 6.0 0.0
3922.0030189037934 0.0 0.0 1.0 0.0 0.0 0.0 6.0 0.0
3923.0062367607293 0.0 0.0 1.0 0.0 0.0 0.0 6.0 0.0
3924.003900097905 0.0 0.0 1.0 0.0 0.0 0.0 6.0 0.0
3925.006578731003 0.0 0.0 1.0 0.0 0.0 0.0 6.0 0.0
3926.000645103572 0.0 0.0 1.0 0.0 0.0 0.0 6.0 0.0
3927.009774499412 0.0 0.0 1.0 0.0 0.0 0.0 6.0 0.0
3928.0071679396706 0.0 0.0 1.0 0.0 0.0 0.0 6.0 0.0
3929.0041500041334 0.0 0.0 1.0 0.0 0.0 0.0 6.0 0.0
3930.009356026546 0.0 0.0 1.0 0.0 0.0 0.0 6.0 0.0
3931.00490756449 0.0 0.0 1.0 0.0 0.0 0.0 6.0 0.0
3932.008176325346 0.0 0.0 1.0 0.0 0.0 0.0 6.0 0.0
3933.0057674446552 0.0 0.0 1.0 0.0 0.0 0.0 6.0 0.0
3934.000025620969 0.0 0.0 1.0 0.0 0.0 0.0 6.0 0.0
3935.00637050694 0.0 0.0 1.0 0.0 0.0 0.0 6.0 0.0
3936.0030467100105 0.0 0.0 1.0 0.0 0.0 0.0 6.0 0.0
3937.002041919842 0.0 0.0 1.0 0.0 0.0 0.0 6.0 0.0
3938.000068855983 0.0 0.0 1.0 0.0 0.0 0.0 6.0 0.0
3939.0041378098126 0.0 0.0 1.0 0.0 0.0 0.0 6.0 0.0
3940.003846054709 0.0 0.0 1.0 0.0 0.0 0.0 6.0 0.0
3941.0062280518764 0.0 0.0 1.0 0.0 0.0 0.0 6.0 0.0
3942.003526232015 0.0 0.0 1.0 0.0 0.0 0.0 6.0 0.0
3943.005823974838 0.0 0.0 1.0 0.0 0.0 0.0 6.0 0.0
3944.0127361273635 0.0 0.0 1.0 0.0 0.0 0.0 6.0 0.0
3945.0127361273635 0.0 0.0 1.0 0.0 0.0 0.0 6.0 0.0
3946.0006731326557 0.0 0.0 1.0 0.0 0.0 0.0 6.0 0.0
3947.0007380373454 0.0 0.0 1.0 0.0 0.0 0.0 6.0 0.0
3948.0127361273635 0.0 0.0 1.0 0.0 0.0 0.0 6.0 0.0
3949.0127361273635 0.0 0.0 1.0 0.0 0.0 0.0 6.0 0.0
3950.0005112196236 0.0 0.0 1.0 0.0 0.0 0.0 6.0 0.0
3951.0007305766894 0.0 0.0 1.0 0.0 0.0 0.0 6.0 0.0
3952.000676199934 0.0 0.0 1.0 0.0 0.0 0.0 6.0 0.0
3953.000529835597 0.0 0.0 1.0 0.0 0.0 0.0 6.0 0.0
3954.002679165677 0.0 0.0 1.0 0.0 0.0 0.0 6.0 0.0
3955.002727406333 0.0 0.0 1.0 0.0 0.0 0.0 6.0 0.0
3956.0127361273635 0.0 0.0 1.0 0.0 0.0 0.0 6.0 0.0
3957.0012256778487 0.0 0.0 1.0 0.0 0.0 0.0 6.0 0.0
3958.0011086596587 0.0 0.0 1.0 0.0 0.0 0.0 6.0 0.0
3959.002142189562 0.0 0.0 1.0 0.0 0.0 0.0 6.0 0.0
3960.0065089324535 0.0 0.0 1.0 0.0 0.0 0.0 6.0 0.0
3961.005539293121 0.0 0.0 1.0 0.0 0.0 0.0 6.0 0.0
3962.0000524244133 0.0 0.0 1.0 0.0 0.0 0.0 6.0 0.0
3963.011531571607 0.0 0.0 1.0 0.0 0.0 0.0 6.0 0.0
3964.0012810621197 0.0 0.0 1.0 0.0 0.0 0.0 6.0 0.0
3965.0127361273635 0.0 0.0 1.0 0.0 0.0 0.0 6.0 0.0
3966.0042093548586 0.0 0.0 1.0 0.0 0.0 0.0 6.0 0.0
3967.0052778201557 0.0 0.0 1.0 0.0 0.0 0.0 6.0 0.0
3968.0012913081614 0.0 0.0 1.0 0.0 0.0 0.0 6.0 0.0
3969.0085253923967 0.0 0.0 1.0 0.0 0.0 0.0 6.0 0.0
3970.008775867804 0.0 0.0 1.0 0.0 0.0 0.0 6.0 0.0
3971.011409031913 0.0 0.0 1.0 0.0 0.0 0.0 6.0 0.0
3972.001350201756 0.0 0.0 1.0 0.0 0.0 0.0 6.0 0.0
3973.0055085106296 0.0 0.0 1.0 0.0 0.0 0.0 6.0 0.0
3974.0009936756283 0.0 0.0 1.0 0.0 0.0 0.0 6.0 0.0
3975.0048339527393 0.0 0.0 1.0 0.0 0.0 0.0 6.0 0.0
3976.0027098378832 0.0 0.0 1.0 0.0 0.0 0.0 6.0 0.0
3977.0001036989966 0.0 0.0 1.0 0.0 0.0 0.0 6.0 0.0
3978.002682613581 0.0 0.0 1.0 0.0 0.0 0.0 6.0 0.0
3979.0127361273635 0.0 0.0 1.0 0.0 0.0 0.0 6.0 0.0
3980.010025195514 0.0 0.0 1.0 0.0 0.0 0.0 6.0 0.0
3981.0054206773184 0.0 0.0 1.0 0.0 0.0 0.0 6.0 0.0
3982.0048923926283 0.0 0.0 1.0 0.0 0.0 0.0 6.0 0.0
3983.008160209367 0.0 0.0 1.0 0.0 0.0 0.0 6.0 0.0
3984.0003912715165 0.0 0.0 1.0 0.0 0.0 0.0 6.0 0.0
3985.003324368899 0.0 0.0 1.0 0.0 0.0 0.0 6.0 0.0
3986.007945973913 0.0 0.0 1.0 0.0 0.0 0.0 6.0 0.0
3987.0075703380585 0.0 0.0 1.0 0.0 0.0 0.0 6.0 0.0
3988.0043765280507 0.0 0.0 1.0 0.0 0.0 0.0 6.0 0.0
3989.0064669399094 0.0 0.0 1.0 0.0 0.0 0.0 6.0 0.0
3990.002202577975 0.0 0.0 1.0 0.0 0.0 0.0 6.0 0.0
3991.002258815038 0.0 0.0 1.0 0.0 0.0 0.0 6.0 0.0
3992.000549031975 0.0 0.0 1.0 0.0 0.0 0.0 6.0 0.0
3993.0127361273635 0.0 0.0 1.0 0.0 0.0 0.0 6.0 0.0
3994.002363607176 0.0 0.0 1.0 0.0 0.0 0.0 6.0 0.0
3995.004602727321 0.0 0.0 1.0 0.0 0.0 0.0 6.0 0.0
3996.009134783746 0.0 0.0 1.0 0.0 0.0 0.0 6.0 0.0
3997.0099241045987 0.0 0.0 1.0 0.0 0.0 0.0 6.0 0.0
3998.007016483463 0.0 0.0 1.0 0.0 0.0 0.0 6.0 0.0
3999.000486044876 0.0 0.0 1.0 0.0 0.0 0.0 6.0 0.0
4000.0025643163935 0.0 0.0 1.0 0.0 0.0 0.0 6.0 0.0
4001.0099655927806 0.0 0.0 1.0 0.0 0.0 0.0 6.0 0.0
4002.0067104926043 0.0 0.0 1.0 0.0 0.0 0.0 6.0 0.0
4003.0127361273635 0.0 0.0 1.0 0.0 0.0 0.0 6.0 0.0
4004.0057121512514 0.0 0.0 1.0 0.0 0.0 0.0 6.0 0.0
4005.0024679495737 0.0 0.0 1.0 0.0 0.0 0.0 6.0 0.0
4006.001305461377 0.0 0.0 1.0 0.0 0.0 0.0 6.0 0.0
4007.0024970766895 0.0 0.0 1.0 0.0 0.0 0.0 6.0 0.0
4008.0038845495837 0.0 0.0 1.0 0.0 0.0 0.0 6.0 0.0
4009.0084800625677 0.0 0.0 1.0 0.0 0.0 0.0 6.0 0.0
4010.0070922983004 0.0 0.0 1.0 0.0 0.0 0.0 6.0 0.0
4011.0007986208934 0.0 0.0 1.0 0.0 0.0 0.0 6.0 0.0
4012.002993395864 0.0 0.0 1.0 0.0 0.0 0.0 6.0 0.0
4013.002258410238 0.0 0.0 1.0 0.0 0.0 0.0 6.0 0.0
4014.0014848678707 0.0 0.0 1.0 0.0 0.0 0.0 6.0 0.0
4015.0092257203046 0.0 0.0 1.0 0.0 0.0 0.0 6.0 0.0
4016.004433471211 0.0 0.0 1.0 0.0 0.0 0.0 6.0 0.0
4017.0020750486333 0.0 0.0 1.0 0.0 0.0 0.0 6.0 0.0
4018.0127361273635 0.0 0.0 1.0 0.0 0.0 0.0 6.0 0.0
4019.000310713169 0.0 0.0 1.0 0.0 0.0 0.0 6.0 0.0
4020.0037741776437 0.0 0.0 1.0 0.0 0.0 0.0 6.0 0.0
4021.0097636927894 0.0 0.0 1.0 0.0 0.0 0.0 6.0 0.0
4022.002854730543 0.0 0.0 1.0 0.0 0.0 0.0 6.0 0.0
4023.002852037834 0.0 0.0 1.0 0.0 0.0 0.0 6.0 0.0
4024.01031027936 0.0 0.0 1.0 0.0 0.0 0.0 6.0 0.0
4025.0071052694966 0.0 0.0 1.0 0.0 0.0 0.0 6.0 0.0
4026.0127361273635 0.0 0.0 1.0 0.0 0.0 0.0 6.0 0.0
4027.0127361273635 0.0 0.0 1.0 0.0 0.0 0.0 6.0 0.0
4028.0061800143167 0.0 0.0 1.0 0.0 0.0 0.0 6.0 0.0
4029.003893711346 0.0 0.0 1.0 0.0 0.0 0.0 6.0 0.0
4030.002490025518 0.0 0.0 1.0 0.0 0.0 0.0 6.0 0.0
4031.00358474502 0.0 0.0 1.0 0.0 0.0 0.0 6.0 0.0
4032.003098865237 0.0 0.0 1.0 0.0 0.0 0.0 6.0 0.0
4033.0043383329776 0.0 0.0 1.0 0.0 0.0 0.0 6.0 0.0
4034.010253727554 0.0 0.0 1.0 0.0 0.0 0.0 6.0 0.0
4035.0032969773088 0.0 0.0 1.0 0.0 0.0 0.0 6.0 0.0
4036.0029132672234 0.0 0.0 1.0 0.0 0.0 0.0 6.0 0.0
4037.003031634836 0.0 0.0 1.0 0.0 0.0 0.0 6.0 0.0
4038.0127361273635 0.0 0.0 1.0 0.0 0.0 0.0 6.0 0.0
4039.0011042229416 0.0 0.0 1.0 0.0 0.0 0.0 6.0 0.0
4040.0127361273635 0.0 0.0 1.0 0.0 0.0 0.0 6.0 0.0
4041.00383004131 0.0 0.0 1.0 0.0 0.0 0.0 6.0 0.0
4042.0127361273635 0.0 0.0 1.0 0.0 0.0 0.0 6.0 0.0
4043.0047920120546 0.0 0.0 1.0 0.0 0.0 0.0 6.0 0.0
4044.0127361273635 0.0 0.0 1.0 0.0 0.0 0.0 6.0 0.0
4045.0127361273635 0.0 0.0 1.0 0.0 0.0 0.0 6.0 0.0
4046.0017388344386 0.0 0.0 1.0 0.0 0.0 0.0 6.0 0.0
4047.0003050945375 0.0 0.0 1.0 0.0 0.0 0.0 6.0 0.0
4048.0127361273635 0.0 0.0 1.0 0.0 0.0 0.0 6.0 0.0
4049.0036524701763 0.0 0.0 1.0 0.0 0.0 0.0 6.0 0.0
4050.0127361273635 0.0 0.0 1.0 0.0 0.0 0.0 6.0 0.0
4051.0127361273635 0.0 0.0 1.0 0.0 0.0 0.0 6.0 0.0
4052.0012912345965 0.0 0.0 1.0 0.0 0.0 0.0 6.0 0.0
4053.006372381682 0.0 0.0 1.0 0.0 0.0 0.0 6.0 0.0
4054.0033270318168 0.0 0.0 1.0 0.0 0.0 0.0 6.0 0.0
4055.003432946039 0.0 0.0 1.0 0.0 0.0 0.0 6.0 0.0
4056.0118366437873 0.0 0.0 1.0 0.0 0.0 0.0 6.0 0.0
4057.004599110764 0.0 0.0 1.0 0.0 0.0 0.0 6.0 0.0
4058.0036726679978 0.0 0.0 1.0 0.0 0.0 0.0 6.0 0.0
4059.002462493196 0.0 0.0 1.0 0.0 0.0 0.0 6.0 0.0
4060.0054019545305 0.0 0.0 1.0 0.0 0.0 0.0 6.0 0.0
4061.001846527741 0.0 0.0 1.0 0.0 0.0 0.0 6.0 0.0
4062.0127361273635 0.0 0.0 1.0 0.0 0.0 0.0 6.0 0.0
4063.005240617334 0.0 0.0 1.0 0.0 0.0 0.0 6.0 0.0
4064.010897880822 0.0 0.0 1.0 0.0 0.0 0.0 6.0 0.0
4065.0021655954033 0.0 0.0 1.0 0.0 0.0 0.0 6.0 0.0
4066.0011164734246 0.0 0.0 1.0 0.0 0.0 0.0 6.0 0.0
4067.0105443786047 0.0 0.0 1.0 0.0 0.0 0.0 6.0 0.0
4068.0006706701747 0.0 0.0 1.0 0.0 0.0 0.0 6.0 0.0
4069.0038157249646 0.0 0.0 1.0 0.0 0.0 0.0 6.0 0.0
4070.011952833055 0.0 0.0 1.0 0.0 0.0 0.0 6.0 0.0
4071.0103630515914 0.0 0.0 1.0 0.0 0.0 0.0 6.0 0.0
4072.006272513148 0.0 0.0 1.0 0.0 0.0 0.0 6.0 0.0
4073.0062997574523 0.0 0.0 1.0 0.0 0.0 0.0 6.0 0.0
4074.000035747389 0.0 0.0 1.0 0.0 0.0 0.0 6.0 0.0
4075.0018691876944 0.0 0.0 1.0 0.0 0.0 0.0 6.0 0.0
4076.001325395653 0.0 0.0 1.0 0.0 0.0 0.0 6.0 0.0
4077.0127361273635 0.0 0.0 1.0 0.0 0.0 0.0 6.0 0.0
4078.0114816046803 0.0 0.0 1.0 0.0 0.0 0.0 6.0 0.0
4079.001468455057 0.0 0.0 1.0 0.0 0.0 0.0 6.0 0.0
4080.0024872936056 0.0 0.0 1.0 0.0 0.0 0.0 6.0 0.0
4081.003826169354 0.0 0.0 1.0 0.0 0.0 0.0 6.0 0.0
4082.0047281874363 0.0 0.0 1.0 0.0 0.0 0.0 6.0 0.0
4083.002210174297 0.0 0.0 1.0 0.0 0.0 0.0 6.0 0.0
4084.0053578187735 0.0 0.0 1.0 0.0 0.0 0.0 6.0 0.0
4085.005322457961 0.0 0.0 1.0 0.0 0.0 0.0 6.0 0.0
4086.003134481066 0.0 0.0 1.0 0.0 0.0 0.0 6.0 0.0
4087.0021139627393 0.0 0.0 1.0 0.0 0.0 0.0 6.0 0.0
4088.0058083735707 0.0 0.0 1.0 0.0 0.0 0.0 6.0 0.0
4089.0036012815276 0.0 0.0 1.0 0.0 0.0 0.0 6.0 0.0
4090.0127361273635 0.0 0.0 1.0 0.0 0.0 0.0 6.0 0.0
4091.0127361273635 0.0 0.0 1.0 0.0 0.0 0.0 6.0 0.0
4092.0045067869246 0.0 0.0 1.0 0.0 0.0 0.0 6.0 0.0
4093.005993362521 0.0 0.0 1.0 0.0 0.0 0.0 6.0 0.0
4094.001640134949 0.0 0.0 1.0 0.0 0.0 0.0 6.0 0.0
4095.0005896891907 0.0 0.0 1.0 0.0 0.0 0.0 6.0 0.0
4096.010116178694 0.0 0.0 1.0 0.0 0.0 0.0 6.0 0.0
4097.00112544258 0.0 0.0 1.0 0.0 0.0 0.0 6.0 0.0
4098.0043014869725 0.0 0.0 1.0 0.0 0.0 0.0 6.0 0.0
4099.005534585714 0.0 0.0 1.0 0.0 0.0 0.0 6.0 0.0
4100.0127361273635 0.0 0.0 1.0 0.0 0.0 0.0 6.0 0.0
4101.0127361273635 0.0 0.0 1.0 0.0 0.0 0.0 6.0 0.0
4102.010769104476 0.0 0.0 1.0 0.0 0.0 0.0 6.0 0.0
4103.008136105733 0.0 0.0 1.0 0.0 0.0 0.0 6.0 0.0
4104.000320124782 0.0 0.0 1.0 0.0 0.0 0.0 6.0 0.0
4105.002984208214 0.0 0.0 1.0 0.0 0.0 0.0 6.0 0.0
4106.011724721326 0.0 0.0 1.0 0.0 0.0 0.0 6.0 0.0
4107.0101607223 0.0 0.0 1.0 0.0 0.0 0.0 6.0 0.0
4108.002467089994 0.0 0.0 1.0 0.0 0.0 0.0 6.0 0.0
4109.000233923183 0.0 0.0 1.0 0.0 0.0 0.0 6.0 0.0
4110.0127361273635 0.0 0.0 1.0 0.0 0.0 0.0 6.0 0.0
4111.006358852862 0.0 0.0 1.0 0.0 0.0 0.0 6.0 0.0
4112.000883261876 0.0 0.0 1.0 0.0 0.0 0.0 6.0 0.0
4113.009115026066 0.0 0.0 1.0 0.0 0.0 0.0 6.0 0.0
4114.007573301227 0.0 0.0 1.0 0.0 0.0 0.0 6.0 0.0
4115.001923583543 0.0 0.0 1.0 0.0 0.0 0.0 6.0 0.0
4116.001739014831 0.0 0.0 1.0 0.0 0.0 0.0 6.0 0.0
4117.000917801337 0.0 0.0 1.0 0.0 0.0 0.0 6.0 0.0
4118.006056408622 0.0 0.0 1.0 0.0 0.0 0.0 6.0 0.0
4119.00860553502 0.0 0.0 1.0 0.0 0.0 0.0 6.0 0.0
4120.0075024095795 0.0 0.0 1.0 0.0 0.0 0.0 6.0 0.0
4121.0127361273635 0.0 0.0 1.0 0.0 0.0 0.0 6.0 0.0
4122.0127361273635 0.0 0.0 1.0 0.0 0.0 0.0 6.0 0.0
4123.003105516308 0.0 0.0 1.0 0.0 0.0 0.0 6.0 0.0
4124.005965805502 0.0 0.0 1.0 0.0 0.0 0.0 6.0 0.0
4125.005592199607 0.0 0.0 1.0 0.0 0.0 0.0 6.0 0.0
4126.00064829682 0.0 0.0 1.0 0.0 0.0 0.0 6.0 0.0
4127.005443757773 0.0 0.0 1.0 0.0 0.0 0.0 6.0 0.0
4128.0004164467 0.0 0.0 1.0 0.0 0.0 0.0 6.0 0.0
4129.006934969791 0.0 0.0 1.0 0.0 0.0 0.0 6.0 0.0
4130.008718684848 0.0 0.0 1.0 0.0 0.0 0.0 6.0 0.0
4131.0127361273635 0.0 0.0 1.0 0.0 0.0 0.0 6.0 0.0
4132.0127361273635 0.0 0.0 1.0 0.0 0.0 0.0 6.0 0.0
4133.011830077728 0.0 0.0 1.0 0.0 0.0 0.0 6.0 0.0
4134.002064344187 0.0 0.0 1.0 0.0 0.0 0.0 6.0 0.0
4135.010864896587 0.0 0.0 1.0 0.0 0.0 0.0 6.0 0.0
4136.0068173809095 0.0 0.0 1.0 0.0 0.0 0.0 6.0 0.0
4137.0042433675035 0.0 0.0 1.0 0.0 0.0 0.0 6.0 0.0
4138.010398152021 0.0 0.0 1.0 0.0 0.0 0.0 6.0 0.0
4139.0079782865705 0.0 0.0 1.0 0.0 0.0 0.0 6.0 0.0
4140.001337359129 0.0 0.0 1.0 0.0 0.0 0.0 6.0 0.0
4141.003503633841 0.0 0.0 1.0 0.0 0.0 0.0 6.0 0.0
4142.005177931458 0.0 0.0 1.0 0.0 0.0 0.0 6.0 0.0
4143.008100282185 0.0 0.0 1.0 0.0 0.0 0.0 6.0 0.0
4144.005807554682 0.0 0.0 1.0 0.0 0.0 0.0 6.0 0.0
4145.008694353568 0.0 0.0 1.0 0.0 0.0 0.0 6.0 0.0
4146.001820746242 0.0 0.0 1.0 0.0 0.0 0.0 6.0 0.0
4147.001698355891 0.0 0.0 1.0 0.0 0.0 0.0 6.0 0.0
4148.002360582751 0.0 0.0 1.0 0.0 0.0 0.0 6.0 0.0
4149.003216813879 0.0 0.0 1.0 0.0 0.0 0.0 6.0 0.0
4150.002229637637 0.0 0.0 1.0 0.0 0.0 0.0 6.0 0.0
4151.0127361273635 0.0 0.0 1.0 0.0 0.0 0.0 6.0 0.0
4152.0078961349955 0.0 0.0 1.0 0.0 0.0 0.0 6.0 0.0
4153.003254081109 0.0 0.0 1.0 0.0 0.0 0.0 6.0 0.0
4154.0061422119015 0.0 0.0 1.0 0.0 0.0 0.0 6.0 0.0
4155.001817934711 0.0 0.0 1.0 0.0 0.0 0.0 6.0 0.0
4156.0127361273635 0.0 0.0 1.0 0.0 0.0 0.0 6.0 0.0
4157.00262583591 0.0 0.0 1.0 0.0 0.0 0.0 6.0 0.0
4158.004376488409 0.0 0.0 1.0 0.0 0.0 0.0 6.0 0.0
4159.003254868137 0.0 0.0 1.0 0.0 0.0 0.0 6.0 0.0
4160.001602368212 0.0 0.0 1.0 0.0 0.0 0.0 6.0 0.0
4161.0044863969215 0.0 0.0 1.0 0.0 0.0 0.0 6.0 0.0
4162.0127361273635 0.0 0.0 1.0 0.0 0.0 0.0 6.0 0.0
4163.001782224572 0.0 0.0 1.0 0.0 0.0 0.0 6.0 0.0
4164.0077906470315 0.0 0.0 1.0 0.0 0.0 0.0 6.0 0.0
4165.005617293974 0.0 0.0 1.0 0.0 0.0 0.0 6.0 0.0
4166.002999918055 0.0 0.0 1.0 0.0 0.0 0.0 6.0 0.0
4167.000752357009 0.0 0.0 1.0 0.0 0.0 0.0 6.0 0.0
4168.0127361273635 0.0 0.0 1.0 0.0 0.0 0.0 6.0 0.0
4169.0015498012235 0.0 0.0 1.0 0.0 0.0 0.0 6.0 0.0
4170.003583547442 0.0 0.0 1.0 0.0 0.0 0.0 6.0 0.0
4171.007113632184 0.0 0.0 1.0 0.0 0.0 0.0 6.0 0.0
4172.01166969468 0.0 0.0 1.0 0.0 0.0 0.0 6.0 0.0
4173.009779310547 0.0 0.0 1.0 0.0 0.0 0.0 6.0 0.0
4174.001522829728 0.0 0.0 1.0 0.0 0.0 0.0 6.0 0.0
4175.008911890181 0.0 0.0 1.0 0.0 0.0 0.0 6.0 0.0
4176.001990469231 0.0 0.0 1.0 0.0 0.0 0.0 6.0 0.0
4177.007787518111 0.0 0.0 1.0 0.0 0.0 0.0 6.0 0.0
4178.008987651383 0.0 0.0 1.0 0.0 0.0 0.0 6.0 0.0
4179.009516195082 0.0 0.0 1.0 0.0 0.0 0.0 6.0 0.0
4180.0127361273635 0.0 0.0 1.0 0.0 0.0 0.0 6.0 0.0
4181.006535095241 0.0 0.0 1.0 0.0 0.0 0.0 6.0 0.0
4182.000127276727 0.0 0.0 1.0 0.0 0.0 0.0 6.0 0.0
4183.0127361273635 0.0 0.0 1.0 0.0 0.0 0.0 6.0 0.0
4184.0127361273635 0.0 0.0 1.0 0.0 0.0 0.0 6.0 0.0
4185.001905987474 0.0 0.0 1.0 0.0 0.0 0.0 6.0 0.0
4186.012063791241 0.0 0.0 1.0 0.0 0.0 0.0 6.0 0.0
4187.003270076784 0.0 0.0 1.0 0.0 0.0 0.0 6.0 0.0
4188.0010363063075 0.0 0.0 1.0 0.0 0.0 0.0 6.0 0.0
4189.008745692932 0.0 0.0 1.0 0.0 0.0 0.0 6.0 0.0
4190.003495881741 0.0 0.0 1.0 0.0 0.0 0.0 6.0 0.0
4191.0065011204315 0.0 0.0 1.0 0.0 0.0 0.0 6.0 0.0
4192.0127361273635 0.0 0.0 1.0 0.0 0.0 0.0 6.0 0.0
4193.004467348987 0.0 0.0 1.0 0.0 0.0 0.0 6.0 0.0
4194.0127361273635 0.0 0.0 1.0 0.0 0.0 0.0 6.0 0.0
4195.001724667372 0.0 0.0 1.0 0.0 0.0 0.0 6.0 0.0
4196.007412326811 0.0 0.0 1.0 0.0 0.0 0.0 6.0 0.0
4197.002508873146 0.0 0.0 1.0 0.0 0.0 0.0 6.0 0.0
4198.0127361273635 0.0 0.0 1.0 0.0 0.0 0.0 6.0 0.0
4199.001365574372 0.0 0.0 1.0 0.0 0.0 0.0 6.0 0.0
4200.0127361273635 0.0 0.0 1.0 0.0 0.0 0.0 6.0 0.0
4201.0127361273635 0.0 0.0 1.0 0.0 0.0 0.0 6.0 0.0
4202.004237359657 0.0 0.0 1.0 0.0 0.0 0.0 6.0 0.0
4203.001048976577 0.0 0.0 1.0 0.0 0.0 0.0 6.0 0.0
4204.001220285683 0.0 0.0 1.0 0.0 0.0 0.0 6.0 0.0
4205.002781307871 0.0 0.0 1.0 0.0 0.0 0.0 6.0 0.0
4206.008120087259 0.0 0.0 1.0 0.0 0.0 0.0 6.0 0.0
4207.0037712215635 0.0 0.0 1.0 0.0 0.0 0.0 6.0 0.0
4208.009851278627 0.0 0.0 1.0 0.0 0.0 0.0 6.0 0.0
4209.009241059306 0.0 0.0 1.0 0.0 0.0 0.0 6.0 0.0
4210.0067259690395 0.0 0.0 1.0 0.0 0.0 0.0 6.0 0.0
4211.00515227263 0.0 0.0 1.0 0.0 0.0 0.0 6.0 0.0
4212.01258070566 0.0 0.0 1.0 0.0 0.0 0.0 6.0 0.0
4213.0127361273635 0.0 0.0 1.0 0.0 0.0 0.0 6.0 0.0
4214.004698639113 0.0 0.0 1.0 0.0 0.0 0.0 6.0 0.0
4215.00483834031 0.0 0.0 1.0 0.0 0.0 0.0 6.0 0.0
4216.0127361273635 0.0 0.0 1.0 0.0 0.0 0.0 6.0 0.0
4217.00248327627 0.0 0.0 1.0 0.0 0.0 0.0 6.0 0.0
4218.000583078057 0.0 0.0 1.0 0.0 0.0 0.0 6.0 0.0
4219.002038045066 0.0 0.0 1.0 0.0 0.0 0.0 6.0 0.0
4220.00393356093 0.0 0.0 1.0 0.0 0.0 0.0 6.0 0.0
4221.000973302452 0.0 0.0 1.0 0.0 0.0 0.0 6.0 0.0
4222.0127361273635 0.0 0.0 1.0 0.0 0.0 0.0 6.0 0.0
4223.004301041295 0.0 0.0 1.0 0.0 0.0 0.0 6.0 0.0
4224.010938196866 0.0 0.0 1.0 0.0 0.0 0.0 6.0 0.0
4225.008734818761 0.0 0.0 1.0 0.0 0.0 0.0 6.0 0.0
4226.009602381282 0.0 0.0 1.0 0.0 0.0 0.0 6.0 0.0
4227.001560105325 0.0 0.0 1.0 0.0 0.0 0.0 6.0 0.0
4228.007452766374 0.0 0.0 1.0 0.0 0.0 0.0 6.0 0.0
4229.000810487455 0.0 0.0 1.0 0.0 0.0 0.0 6.0 0.0
4230.008687650062 0.0 0.0 1.0 0.0 0.0 0.0 6.0 0.0
4231.000953670075 0.0 0.0 1.0 0.0 0.0 0.0 6.0 0.0
4232.006873249102 0.0 0.0 1.0 0.0 0.0 0.0 6.0 0.0
4233.007738062854 0.0 0.0 1.0 0.0 0.0 0.0 6.0 0.0
4234.003990271998 0.0 0.0 1.0 0.0 0.0 0.0 6.0 0.0
4235.0127361273635 0.0 0.0 1.0 0.0 0.0 0.0 6.0 0.0
4236.011854050901 0.0 0.0 1.0 0.0 0.0 0.0 6.0 0.0
4237.000467027222 0.0 0.0 1.0 0.0 0.0 0.0 6.0 0.0
4238.0127361273635 0.0 0.0 1.0 0.0 0.0 0.0 6.0 0.0
4239.000712009507 0.0 0.0 1.0 0.0 0.0 0.0 6.0 0.0
4240.003356532454 0.0 0.0 1.0 0.0 0.0 0.0 6.0 0.0
4241.005012734466 0.0 0.0 1.0 0.0 0.0 0.0 6.0 0.0
4242.001523911446 0.0 0.0 1.0 0.0 0.0 0.0 6.0 0.0
4243.002707088962 0.0 0.0 1.0 0.0 0.0 0.0 6.0 0.0
4244.004088069843 0.0 0.0 1.0 0.0 0.0 0.0 6.0 0.0
4245.000364021405 0.0 0.0 1.0 0.0 0.0 0.0 6.0 0.0
4246.0052564417665 0.0 0.0 1.0 0.0 0.0 0.0 6.0 0.0
4247.002589958539 0.0 0.0 1.0 0.0 0.0 0.0 6.0 0.0
4248.006106759294 0.0 0.0 1.0 0.0 0.0 0.0 6.0 0.0
4249.002821103894 0.0 0.0 1.0 0.0 0.0 0.0 6.0 0.0
4250.0127361273635 0.0 0.0 1.0 0.0 0.0 0.0 6.0 0.0
4251.0127361273635 0.0 0.0 1.0 0.0 0.0 0.0 6.0 0.0
4252.009567914558 0.0 0.0 1.0 0.0 0.0 0.0 6.0 0.0
4253.012172039294 0.0 0.0 1.0 0.0 0.0 0.0 6.0 0.0
4254.002317459726 0.0 0.0 1.0 0.0 0.0 0.0 6.0 0.0
4255.0035484156815 0.0 0.0 1.0 0.0 0.0 0.0 6.0 0.0
4256.001589971049 0.0 0.0 1.0 0.0 0.0 0.0 6.0 0.0
4257.012361380316 0.0 0.0 1.0 0.0 0.0 0.0 6.0 0.0
4258.00650518242 0.0 0.0 1.0 0.0 0.0 0.0 6.0 0.0
4259.006051739372 0.0 0.0 1.0 0.0 0.0 0.0 6.0 0.0
4260.001019358363 0.0 0.0 1.0 0.0 0.0 0.0 6.0 0.0
4261.004978954375 0.0 0.0 1.0 0.0 0.0 0.0 6.0 0.0
4262.003940163275 0.0 0.0 1.0 0.0 0.0 0.0 6.0 0.0
4263.007677149062 0.0 0.0 1.0 0.0 0.0 0.0 6.0 0.0
4264.008523975511 0.0 0.0 1.0 0.0 0.0 0.0 6.0 0.0
4265.002958985098 0.0 0.0 1.0 0.0 0.0 0.0 6.0 0.0
4266.001171463574 0.0 0.0 1.0 0.0 0.0 0.0 6.0 0.0
4267.007296211328 0.0 0.0 1.0 0.0 0.0 0.0 6.0 0.0
4268.001520593329 0.0 0.0 1.0 0.0 0.0 0.0 6.0 0.0
4269.001098659664 0.0 0.0 1.0 0.0 0.0 0.0 6.0 0.0
4270.0127361273635 0.0 0.0 1.0 0.0 0.0 0.0 6.0 0.0
4271.008216143543 0.0 0.0 1.0 0.0 0.0 0.0 6.0 0.0
4272.00112064904 0.0 0.0 1.0 0.0 0.0 0.0 6.0 0.0
4273.0127361273635 0.0 0.0 1.0 0.0 0.0 0.0 6.0 0.0
4274.0034361811495 0.0 0.0 1.0 0.0 0.0 0.0 6.0 0.0
4275.000756207608 0.0 0.0 1.0 0.0 0.0 0.0 6.0 0.0
4276.004283371414 0.0 0.0 1.0 0.0 0.0 0.0 6.0 0.0
4277.004847850345 0.0 0.0 1.0 0.0 0.0 0.0 6.0 0.0
4278.007041646831 0.0 0.0 1.0 0.0 0.0 0.0 6.0 0.0
4279.0057822177305 0.0 0.0 1.0 0.0 0.0 0.0 6.0 0.0
4280.0127361273635 0.0 0.0 1.0 0.0 0.0 0.0 6.0 0.0
4281.0127361273635 0.0 0.0 1.0 0.0 0.0 0.0 6.0 0.0
4282.0127361273635 0.0 0.0 1.0 0.0 0.0 0.0 6.0 0.0
4283.002528837247 0.0 0.0 1.0 0.0 0.0 0.0 6.0 0.0
4284.001963207043 0.0 0.0 1.0 0.0 0.0 0.0 6.0 0.0
4285.004769466047 0.0 0.0 1.0 0.0 0.0 0.0 6.0 0.0
4286.0127361273635 0.0 0.0 1.0 0.0 0.0 0.0 6.0 0.0
4287.00110432376 0.0 0.0 1.0 0.0 0.0 0.0 6.0 0.0
4288.0070672597485 0.0 0.0 1.0 0.0 0.0 0.0 6.0 0.0
4289.0038961420705 0.0 0.0 1.0 0.0 0.0 0.0 6.0 0.0
4290.005364922486 0.0 0.0 1.0 0.0 0.0 0.0 6.0 0.0
4291.000509709919 0.0 0.0 1.0 0.0 0.0 0.0 6.0 0.0
4292.003930784111 0.0 0.0 1.0 0.0 0.0 0.0 6.0 0.0
4293.009941650562 0.0 0.0 1.0 0.0 0.0 0.0 6.0 0.0
4294.003379974697 0.0 0.0 1.0 0.0 0.0 0.0 6.0 0.0
4295.003671576337 0.0 0.0 1.0 0.0 0.0 0.0 6.0 0.0
4296.001721924336 0.0 0.0 1.0 0.0 0.0 0.0 6.0 0.0
4297.000177850425 0.0 0.0 1.0 0.0 0.0 0.0 6.0 0.0
4298.0000272717225 0.0 0.0 1.0 0.0 0.0 0.0 6.0 0.0
4299.005199256026 0.0 0.0 1.0 0.0 0.0 0.0 6.0 0.0
4300.0030499089335 0.0 0.0 1.0 0.0 0.0 0.0 6.0 0.0
4301.003134900777 0.0 0.0 1.0 0.0 0.0 0.0 6.0 0.0
4302.0127361273635 0.0 0.0 1.0 0.0 0.0 0.0 6.0 0.0
4303.006594303673 0.0 0.0 1.0 0.0 0.0 0.0 6.0 0.0
4304.00667920203 0.0 0.0 1.0 0.0 0.0 0.0 6.0 0.0
4305.00174941747 0.0 0.0 1.0 0.0 0.0 0.0 6.0 0.0
4306.005002447731 0.0 0.0 1.0 0.0 0.0 0.0 6.0 0.0
4307.010823280103 0.0 0.0 1.0 0.0 0.0 0.0 6.0 0.0
4308.0127361273635 0.0 0.0 1.0 0.0 0.0 0.0 6.0 0.0
4309.00256153612 0.0 0.0 1.0 0.0 0.0 0.0 6.0 0.0
4310.0005341609085 0.0 0.0 1.0 0.0 0.0 0.0 6.0 0.0
4311.006923164637 0.0 0.0 1.0 0.0 0.0 0.0 6.0 0.0
4312.008885805762 0.0 0.0 1.0 0.0 0.0 0.0 6.0 0.0
4313.005301024344 0.0 0.0 1.0 0.0 0.0 0.0 6.0 0.0
4314.00381144969 0.0 0.0 1.0 0.0 0.0 0.0 6.0 0.0
4315.005401042973 0.0 0.0 1.0 0.0 0.0 0.0 6.0 0.0
4316.003096311801 0.0 0.0 1.0 0.0 0.0 0.0 6.0 0.0
4317.002397852314 0.0 0.0 1.0 0.0 0.0 0.0 6.0 0.0
4318.009855805254 0.0 0.0 1.0 0.0 0.0 0.0 6.0 0.0
4319.000260587011 0.0 0.0 1.0 0.0 0.0 0.0 6.0 0.0
4320.007402445699 0.0 0.0 1.0 0.0 0.0 0.0 6.0 0.0
4321.000069902134 0.0 0.0 1.0 0.0 0.0 0.0 6.0 0.0
4322.004136887448 0.0 0.0 1.0 0.0 0.0 0.0 6.0 0.0
4323.00845830716 0.0 0.0 1.0 0.0 0.0 0.0 6.0 0.0
4324.002057236094 0.0 0.0 1.0 0.0 0.0 0.0 6.0 0.0
4325.000858093388 0.0 0.0 1.0 0.0 0.0 0.0 6.0 0.0
4326.005091108297 0.0 0.0 1.0 0.0 0.0 0.0 6.0 0.0
4327.00339908609 0.0 0.0 1.0 0.0 0.0 0.0 6.0 0.0
4328.004901443776 0.0 0.0 1.0 0.0 0.0 0.0 6.0 0.0
4329.0127361273635 0.0 0.0 1.0 0.0 0.0 0.0 6.0 0.0
4330.0127361273635 0.0 0.0 1.0 0.0 0.0 0.0 6.0 0.0
4331.00319400269 0.0 0.0 1.0 0.0 0.0 0.0 6.0 0.0
4332.0127361273635 0.0 0.0 1.0 0.0 0.0 0.0 6.0 0.0
4333.000573721944 0.0 0.0 1.0 0.0 0.0 0.0 6.0 0.0
4334.0127361273635 0.0 0.0 1.0 0.0 0.0 0.0 6.0 0.0
4335.0127361273635 0.0 0.0 1.0 0.0 0.0 0.0 6.0 0.0
4336.002677363252 0.0 0.0 1.0 0.0 0.0 0.0 6.0 0.0
4337.007178736946 0.0 0.0 1.0 0.0 0.0 0.0 6.0 0.0
4338.009363801379 0.0 0.0 1.0 0.0 0.0 0.0 6.0 0.0
4339.003961706799 0.0 0.0 1.0 0.0 0.0 0.0 6.0 0.0
4340.0127361273635 0.0 0.0 1.0 0.0 0.0 0.0 6.0 0.0
4341.0073082243425 0.0 0.0 1.0 0.0 0.0 0.0 6.0 0.0
4342.004462747637 0.0 0.0 1.0 0.0 0.0 0.0 6.0 0.0
4343.011895665185 0.0 0.0 1.0 0.0 0.0 0.0 6.0 0.0
4344.01020664137 0.0 0.0 1.0 0.0 0.0 0.0 6.0 0.0
4345.0127361273635 0.0 0.0 1.0 0.0 0.0 0.0 6.0 0.0
4346.002275292659 0.0 0.0 1.0 0.0 0.0 0.0 6.0 0.0
4347.011915996906 0.0 0.0 1.0 0.0 0.0 0.0 6.0 0.0
4348.0127361273635 0.0 0.0 1.0 0.0 0.0 0.0 6.0 0.0
4349.005918961022 0.0 0.0 1.0 0.0 0.0 0.0 6.0 0.0
4350.005181380899 0.0 0.0 1.0 0.0 0.0 0.0 6.0 0.0
4351.0127361273635 0.0 0.0 1.0 0.0 0.0 0.0 6.0 0.0
4352.002354651236 0.0 0.0 1.0 0.0 0.0 0.0 6.0 0.0
4353.0127361273635 0.0 0.0 1.0 0.0 0.0 0.0 6.0 0.0
4354.0041527951835 0.0 0.0 1.0 0.0 0.0 0.0 6.0 0.0
4355.001675922452 0.0 0.0 1.0 0.0 0.0 0.0 6.0 0.0
4356.000230316639 0.0 0.0 1.0 0.0 0.0 0.0 6.0 0.0
4357.004988410742 0.0 0.0 1.0 0.0 0.0 0.0 6.0 0.0
4358.005234649001 0.0 0.0 1.0 0.0 0.0 0.0 6.0 0.0
4359.0127361273635 0.0 0.0 1.0 0.0 0.0 0.0 6.0 0.0
4360.001837813305 0.0 0.0 1.0 0.0 0.0 0.0 6.0 0.0
4361.001081935716 0.0 0.0 1.0 0.0 0.0 0.0 6.0 0.0
4362.0094161821435 0.0 0.0 1.0 0.0 0.0 0.0 6.0 0.0
4363.000745117956 0.0 0.0 1.0 0.0 0.0 0.0 6.0 0.0
4364.0127361273635 0.0 0.0 1.0 0.0 0.0 0.0 6.0 0.0
4365.00701262893 0.0 0.0 1.0 0.0 0.0 0.0 6.0 0.0
4366.006365981039 0.0 0.0 1.0 0.0 0.0 0.0 6.0 0.0
4367.008861932184 0.0 0.0 1.0 0.0 0.0 0.0 6.0 0.0
4368.00139479734 0.0 0.0 1.0 0.0 0.0 0.0 6.0 0.0
4369.002811643147 0.0 0.0 1.0 0.0 0.0 0.0 6.0 0.0
4370.004509512969 0.0 0.0 1.0 0.0 0.0 0.0 6.0 0.0
4371.004646572395 0.0 0.0 1.0 0.0 0.0 0.0 6.0 0.0
4372.0127361273635 0.0 0.0 1.0 0.0 0.0 0.0 6.0 0.0
4373.00460855868 0.0 0.0 1.0 0.0 0.0 0.0 6.0 0.0
4374.007873330549 0.0 0.0 1.0 0.0 0.0 0.0 6.0 0.0
4375.003792188309 0.0 0.0 1.0 0.0 0.0 0.0 6.0 0.0
4376.0127361273635 0.0 0.0 1.0 0.0 0.0 0.0 6.0 0.0
4377.003215983375 0.0 0.0 1.0 0.0 0.0 0.0 6.0 0.0
4378.0127361273635 0.0 0.0 1.0 0.0 0.0 0.0 6.0 0.0
4379.002831898564 0.0 0.0 1.0 0.0 0.0 0.0 6.0 0.0
4380.011158134231 0.0 0.0 1.0 0.0 0.0 0.0 6.0 0.0
4381.005997411962 0.0 0.0 1.0 0.0 0.0 0.0 6.0 0.0
4382.002981537494 0.0 0.0 1.0 0.0 0.0 0.0 6.0 0.0
4383.008299657877 0.0 0.0 1.0 0.0 0.0 0.0 6.0 0.0
4384.008845623954 0.0 0.0 1.0 0.0 0.0 0.0 6.0 0.0
4385.00516843416 0.0 0.0 1.0 0.0 0.0 0.0 6.0 0.0
4386.0033038409365 0.0 0.0 1.0 0.0 0.0 0.0 6.0 0.0
4387.001839164745 0.0 0.0 1.0 0.0 0.0 0.0 6.0 0.0
4388.0127361273635 0.0 0.0 1.0 0.0 0.0 0.0 6.0 0.0
4389.004624608531 0.0 0.0 1.0 0.0 0.0 0.0 6.0 0.0
4390.002707641304 0.0 0.0 1.0 0.0 0.0 0.0 6.0 0.0
4391.000920196332 0.0 0.0 1.0 0.0 0.0 0.0 6.0 0.0
4392.000984084656 0.0 0.0 1.0 0.0 0.0 0.0 6.0 0.0
4393.007059044605 0.0 0.0 1.0 0.0 0.0 0.0 6.0 0.0
4394.002416352298 0.0 0.0 1.0 0.0 0.0 0.0 6.0 0.0
4395.004782617769 0.0 0.0 1.0 0.0 0.0 0.0 6.0 0.0
4396.0127361273635 0.0 0.0 1.0 0.0 0.0 0.0 6.0 0.0
4397.008111570856 0.0 0.0 1.0 0.0 0.0 0.0 6.0 0.0
4398.011572778161 0.0 0.0 1.0 0.0 0.0 0.0 6.0 0.0
4399.002182894797 0.0 0.0 1.0 0.0 0.0 0.0 6.0 0.0
4400.000093898618 0.0 0.0 1.0 0.0 0.0 0.0 6.0 0.0
4401.012260501509 0.0 0.0 1.0 0.0 0.0 0.0 6.0 0.0
4402.004331259468 0.0 0.0 1.0 0.0 0.0 0.0 6.0 0.0
4403.0010219732885 0.0 0.0 1.0 0.0 0.0 0.0 6.0 0.0
4404.0127361273635 0.0 0.0 1.0 0.0 0.0 0.0 6.0 0.0
4405.011480561324 0.0 0.0 1.0 0.0 0.0 0.0 6.0 0.0
4406.0127361273635 0.0 0.0 1.0 0.0 0.0 0.0 6.0 0.0
4407.0127361273635 0.0 0.0 1.0 0.0 0.0 0.0 6.0 0.0
4408.0055113096905 0.0 0.0 1.0 0.0 0.0 0.0 6.0 0.0
4409.001262990278 0.0 0.0 1.0 0.0 0.0 0.0 6.0 0.0
4410.00142333305 0.0 0.0 1.0 0.0 0.0 0.0 6.0 0.0
4411.00363152894 0.0 0.0 1.0 0.0 0.0 0.0 6.0 0.0
4412.007053002796 0.0 0.0 1.0 0.0 0.0 0.0 6.0 0.0
4413.000133829093 0.0 0.0 1.0 0.0 0.0 0.0 6.0 0.0
4414.002460235942 0.0 0.0 1.0 0.0 0.0 0.0 6.0 0.0
4415.012187080311 0.0 0.0 1.0 0.0 0.0 0.0 6.0 0.0
4416.00848650606 0.0 0.0 1.0 0.0 0.0 0.0 6.0 0.0
4417.001781707225 0.0 0.0 1.0 0.0 0.0 0.0 6.0 0.0
4418.003094092531 0.0 0.0 1.0 0.0 0.0 0.0 6.0 0.0
4419.000392587346 0.0 0.0 1.0 0.0 0.0 0.0 6.0 0.0
4420.000361995988 0.0 0.0 1.0 0.0 0.0 0.0 6.0 0.0
4421.0127361273635 0.0 0.0 1.0 0.0 0.0 0.0 6.0 0.0
4422.006162958463 0.0 0.0 1.0 0.0 0.0 0.0 6.0 0.0
4423.004226679468 0.0 0.0 1.0 0.0 0.0 0.0 6.0 0.0
4424.000302863523 0.0 0.0 1.0 0.0 0.0 0.0 6.0 0.0
4425.002324480641 0.0 0.0 1.0 0.0 0.0 0.0 6.0 0.0
4426.000521211895 0.0 0.0 1.0 0.0 0.0 0.0 6.0 0.0
4427.002430820889 0.0 0.0 1.0 0.0 0.0 0.0 6.0 0.0
4428.0127361273635 0.0 0.0 1.0 0.0 0.0 0.0 6.0 0.0
4429.005594914974 0.0 0.0 1.0 0.0 0.0 0.0 6.0 0.0
4430.00808344618 0.0 0.0 1.0 0.0 0.0 0.0 6.0 0.0
4431.0127361273635 0.0 0.0 1.0 0.0 0.0 0.0 6.0 0.0
4432.006394785078 0.0 0.0 1.0 0.0 0.0 0.0 6.0 0.0
4433.0040053781095 0.0 0.0 1.0 0.0 0.0 0.0 6.0 0.0
4434.006914387433 0.0 0.0 1.0 0.0 0.0 0.0 6.0 0.0
4435.006627240548 0.0 0.0 1.0 0.0 0.0 0.0 6.0 0.0
4436.0019132045345 0.0 0.0 1.0 0.0 0.0 0.0 6.0 0.0
4437.011400586088 0.0 0.0 1.0 0.0 0.0 0.0 6.0 0.0
4438.00667511644 0.0 0.0 1.0 0.0 0.0 0.0 6.0 0.0
4439.005878032234 0.0 0.0 1.0 0.0 0.0 0.0 6.0 0.0
4440.000840306578 0.0 0.0 1.0 0.0 0.0 0.0 6.0 0.0
4441.000604361469 0.0 0.0 1.0 0.0 0.0 0.0 6.0 0.0
4442.000691377359 0.0 0.0 1.0 0.0 0.0 0.0 6.0 0.0
4443.002454332028 0.0 0.0 1.0 0.0 0.0 0.0 6.0 0.0
4444.002871378769 0.0 0.0 1.0 0.0 0.0 0.0 6.0 0.0
4445.002275593055 0.0 0.0 1.0 0.0 0.0 0.0 6.0 0.0
4446.00237097291 0.0 0.0 1.0 0.0 0.0 0.0 6.0 0.0
4447.000519620907 0.0 0.0 1.0 0.0 0.0 0.0 6.0 0.0
4448.007018612605 0.0 0.0 1.0 0.0 0.0 0.0 6.0 0.0
4449.000301638268 0.0 0.0 1.0 0.0 0.0 0.0 6.0 0.0
4450.003932138104 0.0 0.0 1.0 0.0 0.0 0.0 6.0 0.0
4451.003279036899 0.0 0.0 1.0 0.0 0.0 0.0 6.0 0.0
4452.005222170961 0.0 0.0 1.0 0.0 0.0 0.0 6.0 0.0
4453.001713679042 0.0 0.0 1.0 0.0 0.0 0.0 6.0 0.0
4454.0127361273635 0.0 0.0 1.0 0.0 0.0 0.0 6.0 0.0
4455.009082640437 0.0 0.0 1.0 0.0 0.0 0.0 6.0 0.0
4456.006469000509 0.0 0.0 1.0 0.0 0.0 0.0 6.0 0.0
4457.001531117556 0.0 0.0 1.0 0.0 0.0 0.0 6.0 0.0
4458.001938209802 0.0 0.0 1.0 0.0 0.0 0.0 6.0 0.0
4459.000638317739 0.0 0.0 1.0 0.0 0.0 0.0 6.0 0.0
4460.010794087446 0.0 0.0 1.0 0.0 0.0 0.0 6.0 0.0
4461.00764146166 0.0 0.0 1.0 0.0 0.0 0.0 6.0 0.0
4462.012137579647 0.0 0.0 1.0 0.0 0.0 0.0 6.0 0.0
4463.0127361273635 0.0 0.0 1.0 0.0 0.0 0.0 6.0 0.0
4464.0127361273635 0.0 0.0 1.0 0.0 0.0 0.0 6.0 0.0
4465.009305907481 0.0 0.0 1.0 0.0 0.0 0.0 6.0 0.0
4466.003815669567 0.0 0.0 1.0 0.0 0.0 0.0 6.0 0.0
4467.001787508791 0.0 0.0 1.0 0.0 0.0 0.0 6.0 0.0
4468.002379980511 0.0 0.0 1.0 0.0 0.0 0.0 6.0 0.0
4469.003959096097 0.0 0.0 1.0 0.0 0.0 0.0 6.0 0.0
4470.007499189665 0.0 0.0 1.0 0.0 0.0 0.0 6.0 0.0
4471.002491974313 0.0 0.0 1.0 0.0 0.0 0.0 6.0 0.0
4472.0036151538125 0.0 0.0 1.0 0.0 0.0 0.0 6.0 0.0
4473.0127361273635 0.0 0.0 1.0 0.0 0.0 0.0 6.0 0.0
4474.011926356809 0.0 0.0 1.0 0.0 0.0 0.0 6.0 0.0
4475.002580907703 0.0 0.0 1.0 0.0 0.0 0.0 6.0 0.0
4476.007167105647 0.0 0.0 1.0 0.0 0.0 0.0 6.0 0.0
4477.003011577918 0.0 0.0 1.0 0.0 0.0 0.0 6.0 0.0
4478.0121979104015 0.0 0.0 1.0 0.0 0.0 0.0 6.0 0.0
4479.004753427043 0.0 0.0 1.0 0.0 0.0 0.0 6.0 0.0
4480.0113740464885 0.0 0.0 1.0 0.0 0.0 0.0 6.0 0.0
4481.003417942712 0.0 0.0 1.0 0.0 0.0 0.0 6.0 0.0
4482.000196733269 0.0 0.0 1.0 0.0 0.0 0.0 6.0 0.0
4483.0127361273635 0.0 0.0 1.0 0.0 0.0 0.0 6.0 0.0
4484.007535811715 0.0 0.0 1.0 0.0 0.0 0.0 6.0 0.0
4485.002164524715 0.0 0.0 1.0 0.0 0.0 0.0 6.0 0.0
4486.0080860735425 0.0 0.0 1.0 0.0 0.0 0.0 6.0 0.0
4487.0127361273635 0.0 0.0 1.0 0.0 0.0 0.0 6.0 0.0
4488.000704512923 0.0 0.0 1.0 0.0 0.0 0.0 6.0 0.0
4489.00571797548 0.0 0.0 1.0 0.0 0.0 0.0 6.0 0.0
4490.0127361273635 0.0 0.0 1.0 0.0 0.0 0.0 6.0 0.0
4491.000355580893 0.0 0.0 1.0 0.0 0.0 0.0 6.0 0.0
4492.0060723833985 0.0 0.0 1.0 0.0 0.0 0.0 6.0 0.0
4493.004809634312 0.0 0.0 1.0 0.0 0.0 0.0 6.0 0.0
4494.000033074353 0.0 0.0 1.0 0.0 0.0 0.0 6.0 0.0
4495.0039844131425 0.0 0.0 1.0 0.0 0.0 0.0 6.0 0.0
4496.0127361273635 0.0 0.0 1.0 0.0 0.0 0.0 6.0 0.0
4497.001681227699 0.0 0.0 1.0 0.0 0.0 0.0 6.0 0.0
4498.0086842668 0.0 0.0 1.0 0.0 0.0 0.0 6.0 0.0
4499.000416215889 0.0 0.0 1.0 0.0 0.0 0.0 6.0 0.0
4500.0127361273635 0.0 0.0 1.0 0.0 0.0 0.0 6.0 0.0
4501.0127361273635 0.0 0.0 1.0 0.0 0.0 0.0 6.0 0.0
4502.00352285598 0.0 0.0 1.0 0.0 0.0 0.0 6.0 0.0
4503.0127361273635 0.0 0.0 1.0 0.0 0.0 0.0 6.0 0.0
4504.008182660393 0.0 0.0 1.0 0.0 0.0 0.0 6.0 0.0
4505.001371624397 0.0 0.0 1.0 0.0 0.0 0.0 6.0 0.0
4506.006962078633 0.0 0.0 1.0 0.0 0.0 0.0 6.0 0.0
4507.007642118142 0.0 0.0 1.0 0.0 0.0 0.0 6.0 0.0
4508.0127361273635 0.0 0.0 1.0 0.0 0.0 0.0 6.0 0.0
4509.0002663744435 0.0 0.0 1.0 0.0 0.0 0.0 6.0 0.0
4510.0046586180715 0.0 0.0 1.0 0.0 0.0 0.0 6.0 0.0
4511.007896167244 0.0 0.0 1.0 0.0 0.0 0.0 6.0 0.0
4512.004200584372 0.0 0.0 1.0 0.0 0.0 0.0 6.0 0.0
4513.0127361273635 0.0 0.0 1.0 0.0 0.0 0.0 6.0 0.0
4514.0023056613445 0.0 0.0 1.0 0.0 0.0 0.0 6.0 0.0
4515.0127361273635 0.0 0.0 1.0 0.0 0.0 0.0 6.0 0.0
4516.009324051611 0.0 0.0 1.0 0.0 0.0 0.0 6.0 0.0
4517.0127361273635 0.0 0.0 1.0 0.0 0.0 0.0 6.0 0.0
4518.0008941767455 0.0 0.0 1.0 0.0 0.0 0.0 6.0 0.0
4519.0046603029205 0.0 0.0 1.0 0.0 0.0 0.0 6.0 0.0
4520.00456853242 0.0 0.0 1.0 0.0 0.0 0.0 6.0 0.0
4521.001870337274 0.0 0.0 1.0 0.0 0.0 0.0 6.0 0.0
4522.0127361273635 0.0 0.0 1.0 0.0 0.0 0.0 6.0 0.0
4523.004440473208 0.0 0.0 1.0 0.0 0.0 0.0 6.0 0.0
4524.003597643201 0.0 0.0 1.0 0.0 0.0 0.0 6.0 0.0
4525.000340095704 0.0 0.0 1.0 0.0 0.0 0.0 6.0 0.0
4526.009317501867 0.0 0.0 1.0 0.0 0.0 0.0 6.0 0.0
4527.007052040353 0.0 0.0 1.0 0.0 0.0 0.0 6.0 0.0
4528.012489813989 0.0 0.0 1.0 0.0 0.0 0.0 6.0 0.0
4529.00956948657 0.0 0.0 1.0 0.0 0.0 0.0 6.0 0.0
4530.0127361273635 0.0 0.0 1.0 0.0 0.0 0.0 6.0 0.0
4531.007361555321 0.0 0.0 1.0 0.0 0.0 0.0 6.0 0.0
4532.008127083503 0.0 0.0 1.0 0.0 0.0 0.0 6.0 0.0
4533.000008197611 0.0 0.0 1.0 0.0 0.0 0.0 6.0 0.0
4534.004773627768 0.0 0.0 1.0 0.0 0.0 0.0 6.0 0.0
4535.000052855759 0.0 0.0 1.0 0.0 0.0 0.0 6.0 0.0
4536.003198205138 0.0 0.0 1.0 0.0 0.0 0.0 6.0 0.0
4537.0127361273635 0.0 0.0 1.0 0.0 0.0 0.0 6.0 0.0
4538.000138613653 0.0 0.0 1.0 0.0 0.0 0.0 6.0 0.0
4539.006850040828 0.0 0.0 1.0 0.0 0.0 0.0 6.0 0.0
4540.000013031047 0.0 0.0 1.0 0.0 0.0 0.0 6.0 0.0
4541.007989420442 0.0 0.0 1.0 0.0 0.0 0.0 6.0 0.0
4542.001185266903 0.0 0.0 1.0 0.0 0.0 0.0 6.0 0.0
4543.001169302485 0.0 0.0 1.0 0.0 0.0 0.0 6.0 0.0
4544.007625018447 0.0 0.0 1.0 0.0 0.0 0.0 6.0 0.0
4545.002565490862 0.0 0.0 1.0 0.0 0.0 0.0 6.0 0.0
4546.008683280552 0.0 0.0 1.0 0.0 0.0 0.0 6.0 0.0
4547.003835712682 0.0 0.0 1.0 0.0 0.0 0.0 6.0 0.0
4548.000274066762 0.0 0.0 1.0 0.0 0.0 0.0 6.0 0.0
4549.008975044073 0.0 0.0 1.0 0.0 0.0 0.0 6.0 0.0
4550.0030107567845 0.0 0.0 1.0 0.0 0.0 0.0 6.0 0.0
4551.0069472053 0.0 0.0 1.0 0.0 0.0 0.0 6.0 0.0
4552.010646776381 0.0 0.0 1.0 0.0 0.0 0.0 6.0 0.0
4553.0127361273635 0.0 0.0 1.0 0.0 0.0 0.0 6.0 0.0
4554.007760090115 0.0 0.0 1.0 0.0 0.0 0.0 6.0 0.0
4555.007035242514 0.0 0.0 1.0 0.0 0.0 0.0 6.0 0.0
4556.000330805391 0.0 0.0 1.0 0.0 0.0 0.0 6.0 0.0
4557.006221655906 0.0 0.0 1.0 0.0 0.0 0.0 6.0 0.0
4558.000529244044 0.0 0.0 1.0 0.0 0.0 0.0 6.0 0.0
4559.01007743402 0.0 0.0 1.0 0.0 0.0 0.0 6.0 0.0
4560.003475822767 0.0 0.0 1.0 0.0 0.0 0.0 6.0 0.0
4561.003148878423 0.0 0.0 1.0 0.0 0.0 0.0 6.0 0.0
4562.006850551413 0.0 0.0 1.0 0.0 0.0 0.0 6.0 0.0
4563.0127361273635 0.0 0.0 1.0 0.0 0.0 0.0 6.0 0.0
4564.006777008499 0.0 0.0 1.0 0.0 0.0 0.0 6.0 0.0
4565.007934408616 0.0 0.0 1.0 0.0 0.0 0.0 6.0 0.0
4566.007477694136 0.0 0.0 1.0 0.0 0.0 0.0 6.0 0.0
4567.00308382859 0.0 0.0 1.0 0.0 0.0 0.0 6.0 0.0
4568.003429937493 0.0 0.0 1.0 0.0 0.0 0.0 6.0 0.0
4569.007160495513 0.0 0.0 1.0 0.0 0.0 0.0 6.0 0.0
4570.000162022181 0.0 0.0 1.0 0.0 0.0 0.0 6.0 0.0
4571.002859207207 0.0 0.0 1.0 0.0 0.0 0.0 6.0 0.0
4572.005389029621 0.0 0.0 1.0 0.0 0.0 0.0 6.0 0.0
4573.002030177049 0.0 0.0 1.0 0.0 0.0 0.0 6.0 0.0
4574.002849929338 0.0 0.0 1.0 0.0 0.0 0.0 6.0 0.0
4575.000753186737 0.0 0.0 1.0 0.0 0.0 0.0 6.0 0.0
4576.0127361273635 0.0 0.0 1.0 0.0 0.0 0.0 6.0 0.0
4577.000307062213 0.0 0.0 1.0 0.0 0.0 0.0 6.0 0.0
4578.0127361273635 0.0 0.0 1.0 0.0 0.0 0.0 6.0 0.0
4579.004986942875 0.0 0.0 1.0 0.0 0.0 0.0 6.0 0.0
4580.001322861145 0.0 0.0 1.0 0.0 0.0 0.0 6.0 0.0
4581.0127361273635 0.0 0.0 1.0 0.0 0.0 0.0 6.0 0.0
4582.0127361273635 0.0 0.0 1.0 0.0 0.0 0.0 6.0 0.0
4583.0038030056085 0.0 0.0 1.0 0.0 0.0 0.0 6.0 0.0
4584.007513272356 0.0 0.0 1.0 0.0 0.0 0.0 6.0 0.0
4585.007800617766 0.0 0.0 1.0 0.0 0.0 0.0 6.0 0.0
4586.009500057922 0.0 0.0 1.0 0.0 0.0 0.0 6.0 0.0
4587.0127361273635 0.0 0.0 1.0 0.0 0.0 0.0 6.0 0.0
4588.003585198395 0.0 0.0 1.0 0.0 0.0 0.0 6.0 0.0
4589.006236710593 0.0 0.0 1.0 0.0 0.0 0.0 6.0 0.0
4590.009382236747 0.0 0.0 1.0 0.0 0.0 0.0 6.0 0.0
4591.008678250354 0.0 0.0 1.0 0.0 0.0 0.0 6.0 0.0
4592.002984592316 0.0 0.0 1.0 0.0 0.0 0.0 6.0 0.0
4593.0127361273635 0.0 0.0 1.0 0.0 0.0 0.0 6.0 0.0
4594.001879392104 0.0 0.0 1.0 0.0 0.0 0.0 6.0 0.0
4595.0078095506 0.0 0.0 1.0 0.0 0.0 0.0 6.0 0.0
4596.001601915369 0.0 0.0 1.0 0.0 0.0 0.0 6.0 0.0
4597.00681631541 0.0 0.0 1.0 0.0 0.0 0.0 6.0 0.0
4598.001156810353 0.0 0.0 1.0 0.0 0.0 0.0 6.0 0.0
4599.0127361273635 0.0 0.0 1.0 0.0 0.0 0.0 6.0 0.0
4600.012306907919 0.0 0.0 1.0 0.0 0.0 0.0 6.0 0.0
#####################################################################
# End of data export. Simulation finished at: 2026-05-19T10:10+0000 #
#####################################################################
