#####################################################################
# Alchemist log file - simulation started at: 2026-05-19T13:13+0000 #
#####################################################################
#
# seed = 99.0, connection_range_percentage = 0.25, variability = 10.0, history_length = 1200, drones = 80
#
# The columns have the following meaning: 
# time wandering[mean] defending[mean] solving[mean] wait[mean] attacked[max] alarm[max] historySize[mean] disagreementRate 
0.0 NaN NaN NaN NaN 0.0 0.0 NaN 0.0
0.0 0.0 0.0 0.0 1.0 0.0 0.0 2.0 0.0
1.0024475770380994 0.0 0.0 0.0 1.0 0.0 0.0 2.2625 0.0
2.013470077341947 0.0 0.0 0.0 1.0 0.0 0.0 3.0 0.0
3.013792835334982 0.0 0.0 0.0 1.0 0.0 0.0 3.0 0.0
4.013792835334982 0.0 0.0 0.0 1.0 0.0 0.0 3.0 0.0
5.00982759917733 0.0 0.0 0.0 1.0 0.0 0.0 3.0 0.0
6.013483761507645 0.0 0.0 0.0 1.0 0.0 0.0 3.0 0.0
7.013792835334982 0.0 0.0 0.0 1.0 0.0 0.0 3.0 0.0
8.00013315994486 0.0 0.0 0.0 1.0 0.0 0.0 3.0 0.0
9.013792835334982 0.0 0.0 0.0 1.0 0.0 0.0 3.0 0.0
10.013792835334982 0.0 0.0 0.0 1.0 0.0 0.0 3.0 0.0
11.001370314980466 0.0 0.0 0.0 1.0 0.0 0.0 3.0 0.0
12.000469569102167 0.0 0.0 0.0 1.0 0.0 0.0 3.0 0.0
13.013792835334982 0.0 0.0 0.0 1.0 0.0 0.0 3.0 0.0
14.010595901379014 0.0 0.0 0.0 1.0 0.0 0.0 3.0 0.0
15.001855008539756 0.0 0.0 0.0 1.0 0.0 0.0 3.0 0.0
16.006341775488785 0.0 0.0 0.0 1.0 0.0 0.0 3.0 0.0
17.008780657129815 0.0 0.0 0.0 1.0 0.0 0.0 3.0 0.0
18.011412243461987 0.0 0.0 0.0 1.0 0.0 0.0 3.0 0.0
19.010518275224815 0.0 0.0 0.0 1.0 0.0 0.0 3.0 0.0
20.008496676786734 0.0 0.0 0.0 1.0 0.0 0.0 3.0 0.0
21.013792835334982 0.0 0.0 0.0 1.0 0.0 0.0 3.0 0.0
22.010348490466427 0.0 0.0 0.0 1.0 0.0 0.0 3.0 0.0
23.007153713330013 0.0 0.0 0.0 1.0 0.0 0.0 3.0 0.0
24.00453123006398 0.0 0.0 0.0 1.0 0.0 0.0 3.0 0.0
25.013792835334982 0.0 0.0 0.0 1.0 0.0 0.0 3.0 0.0
26.001321106215862 0.0 0.0 0.0 1.0 0.0 0.0 3.0 0.0
27.013792835334982 0.0 0.0 0.0 1.0 0.0 0.0 3.0 0.0
28.013739577093872 0.0 0.0 0.0 1.0 0.0 0.0 3.0 0.0
29.005629775910663 0.0 0.0 0.0 1.0 0.0 0.0 3.0 0.0
30.005734845389995 0.0 0.0 0.0 1.0 0.0 0.0 3.0 0.0
31.0074419146192 0.0 0.0 0.0 1.0 0.0 0.0 3.0 0.0
32.009446893549686 0.0 0.0 0.0 1.0 0.0 0.0 3.0 0.0
33.01379283533498 0.0 0.0 0.0 1.0 0.0 0.0 3.0 0.0
34.01379283533498 0.0 0.0 0.0 1.0 0.0 0.0 3.0 0.0
35.002792459533914 0.0 0.0 0.0 1.0 0.0 0.0 3.0 0.0
36.006688693705364 0.0 0.0 0.0 1.0 0.0 0.0 3.0 0.0
37.00064190579671 0.0 0.0 0.0 1.0 0.0 0.0 3.0 0.0
38.01379283533498 0.0 0.0 0.0 1.0 0.0 0.0 3.0 0.0
39.01379283533498 0.0 0.0 0.0 1.0 0.0 0.0 3.0 0.0
40.01379283533498 0.0 0.0 0.0 1.0 0.0 0.0 3.0 0.0
41.00314857922136 0.0 0.0 0.0 1.0 0.0 0.0 3.0 0.0
42.01379283533498 0.0 0.0 0.0 1.0 0.0 0.0 3.0 0.0
43.01369052631017 0.0 0.0 0.0 1.0 0.0 0.0 3.0 0.0
44.00288711577663 0.0 0.0 0.0 1.0 0.0 0.0 3.0 0.0
45.01379283533498 0.0 0.0 0.0 1.0 0.0 0.0 3.0 0.0
46.01379283533498 0.0 0.0 0.0 1.0 0.0 0.0 3.0 0.0
47.0040040486108 0.0 0.0 0.0 1.0 0.0 0.0 3.0 0.0
48.01379283533498 0.0 0.0 0.0 1.0 0.0 0.0 3.0 0.0
49.01379283533498 0.0 0.0 0.0 1.0 0.0 0.0 3.0 0.0
50.00110401070377 0.0 0.0 0.0 1.0 0.0 0.0 3.0 0.0
51.00350130752591 0.0 0.0 0.0 1.0 0.0 0.0 3.0 0.0
52.01379283533498 0.0 0.0 0.0 1.0 0.0 0.0 3.0 0.0
53.0102922617476 0.0 0.0 0.0 1.0 0.0 0.0 3.0 0.0
54.01379283533498 0.0 0.0 0.0 1.0 0.0 0.0 3.0 0.0
55.00358807126479 0.0 0.0 0.0 1.0 0.0 0.0 3.0 0.0
56.01379283533498 0.0 0.0 0.0 1.0 0.0 0.0 3.0 0.0
57.00215799358795 0.0 0.0 0.0 1.0 0.0 0.0 3.0 0.0
58.0041367526333 0.0 0.0 0.0 1.0 0.0 0.0 3.0 0.0
59.0094043197712 0.0 0.0 0.0 1.0 0.0 0.0 3.0 0.0
60.007079330859 0.0 0.0 0.0 1.0 0.0 0.0 3.0 0.0
61.00415581890201 0.0 0.0 0.0 1.0 0.0 0.0 3.0 0.0
62.01379283533498 0.0 0.0 0.0 1.0 0.0 0.0 3.0 0.0
63.00525155541438 0.0 0.0 0.0 1.0 0.0 0.0 3.0 0.0
64.00087694279524 0.0 0.0 0.0 1.0 0.0 0.0 3.0 0.0
65.01379283533498 0.0 0.0 0.0 1.0 0.0 0.0 3.0 0.0
66.01057668605968 0.0 0.0 0.0 1.0 0.0 0.0 3.0 0.0
67.00226655438607 0.0 0.0 0.0 1.0 0.0 0.0 3.0 0.0
68.01379283533498 0.0 0.0 0.0 1.0 0.0 0.0 3.0 0.0
69.01379283533498 0.0 0.0 0.0 1.0 0.0 0.0 3.0 0.0
70.01379283533498 0.0 0.0 0.0 1.0 0.0 0.0 3.0 0.0
71.00968027260117 0.0 0.0 0.0 1.0 0.0 0.0 3.0 0.0
72.01379283533498 0.0 0.0 0.0 1.0 0.0 0.0 3.0 0.0
73.01379283533498 0.0 0.0 0.0 1.0 0.0 0.0 3.0 0.0
74.01379283533498 0.0 0.0 0.0 1.0 0.0 0.0 3.0 0.0
75.00303619831567 0.0 0.0 0.0 1.0 0.0 0.0 3.0 0.0
76.00709037050692 0.0 0.0 0.0 1.0 0.0 0.0 3.0 0.0
77.00053894005393 0.0 0.0 0.0 1.0 0.0 0.0 3.0 0.0
78.00732888431956 0.0 0.0 0.0 1.0 0.0 0.0 3.0 0.0
79.00584000530624 0.0 0.0 0.0 1.0 0.0 0.0 3.0 0.0
80.00105659954953 0.0 0.0 0.0 1.0 0.0 0.0 3.0 0.0
81.01379283533498 0.0 0.0 0.0 1.0 0.0 0.0 3.0 0.0
82.00775147513654 0.0 0.0 0.0 1.0 0.0 0.0 3.0 0.0
83.00944594437338 0.0 0.0 0.0 1.0 0.0 0.0 3.0 0.0
84.00717115468427 0.0 0.0 0.0 1.0 0.0 0.0 3.0 0.0
85.01379283533498 0.0 0.0 0.0 1.0 0.0 0.0 3.0 0.0
86.00610471950878 0.0 0.0 0.0 1.0 0.0 0.0 3.0 0.0
87.0050274443616 0.0 0.0 0.0 1.0 0.0 0.0 3.0 0.0
88.00777036202841 0.0 0.0 0.0 1.0 0.0 0.0 3.0 0.0
89.01379283533498 0.0 0.0 0.0 1.0 0.0 0.0 3.0 0.0
90.01379283533498 0.0 0.0 0.0 1.0 0.0 0.0 3.0 0.0
91.00240895697988 0.0 0.0 0.0 1.0 0.0 0.0 3.0 0.0
92.00460785268221 0.0 0.0 0.0 1.0 0.0 0.0 3.0 0.0
93.00041643350752 0.0 0.0 0.0 1.0 0.0 0.0 3.0 0.0
94.00425350972031 0.0 0.0 0.0 1.0 0.0 0.0 3.0 0.0
95.00006586790657 0.0 0.0 0.0 1.0 0.0 0.0 3.0 0.0
96.01379283533498 0.0 0.0 0.0 1.0 0.0 0.0 3.0 0.0
97.01379283533498 0.0 0.0 0.0 1.0 0.0 0.0 3.0 0.0
98.01379283533498 0.0 0.0 0.0 1.0 0.0 0.0 3.0 0.0
99.00314693678564 0.0 0.0 0.0 1.0 0.0 0.0 3.0 0.0
100.00003442854144 0.0 0.0 0.0 1.0 0.0 0.0 3.0 0.0
101.01379283533498 0.0 0.0 0.0 1.0 0.0 0.0 3.0 0.0
102.00516436178945 0.0 0.0 0.0 1.0 0.0 0.0 3.0 0.0
103.0129539265655 0.0 0.0 0.0 1.0 0.0 0.0 3.0 0.0
104.01379283533498 0.0 0.0 0.0 1.0 0.0 0.0 3.0 0.0
105.00435065845032 0.0 0.0 0.0 1.0 0.0 0.0 3.0 0.0
106.01379283533498 0.0 0.0 0.0 1.0 0.0 0.0 3.0 0.0
107.01379283533498 0.0 0.0 0.0 1.0 0.0 0.0 3.0 0.0
108.00500160195683 0.0 0.0 0.0 1.0 0.0 0.0 3.0 0.0
109.00051269645802 0.0 0.0 0.0 1.0 0.0 0.0 3.0 0.0
110.01379283533498 0.0 0.0 0.0 1.0 0.0 0.0 3.0 0.0
111.00145340410067 0.0 0.0 0.0 1.0 0.0 0.0 3.0 0.0
112.00701991495343 0.0 0.0 0.0 1.0 0.0 0.0 3.0 0.0
113.01379283533498 0.0 0.0 0.0 1.0 0.0 0.0 3.0 0.0
114.01379283533498 0.0 0.0 0.0 1.0 0.0 0.0 3.0 0.0
115.00315894372706 0.0 0.0 0.0 1.0 0.0 0.0 3.0 0.0
116.01379283533498 0.0 0.0 0.0 1.0 0.0 0.0 3.0 0.0
117.00976863413094 0.0 0.0 0.0 1.0 0.0 0.0 3.0 0.0
118.01379283533498 0.0 0.0 0.0 1.0 0.0 0.0 3.0 0.0
119.00874723465814 0.0 0.0 0.0 1.0 0.0 0.0 3.0 0.0
120.01379283533498 0.0 0.0 0.0 1.0 0.0 0.0 3.0 0.0
121.00788972751664 0.0 0.0 0.0 1.0 0.0 0.0 3.0 0.0
122.0006023953742 0.0 0.0 0.0 1.0 0.0 0.0 3.0 0.0
123.00353315341314 0.0 0.0 0.0 1.0 0.0 0.0 3.0 0.0
124.00683771599573 0.0 0.0 0.0 1.0 0.0 0.0 3.0 0.0
125.00266923833489 0.0 0.0 0.0 1.0 0.0 0.0 3.0 0.0
126.0069656625421 0.0 0.0 0.0 1.0 0.0 0.0 3.0 0.0
127.00688350801731 0.0 0.0 0.0 1.0 0.0 0.0 3.0 0.0
128.01379283533498 0.0 0.0 0.0 1.0 0.0 0.0 3.0 0.0
129.01379283533498 0.0 0.0 0.0 1.0 0.0 0.0 3.0 0.0
130.01244383472215 0.0 0.0 0.0 1.0 0.0 0.0 3.0 0.0
131.00186745683624 0.0 0.0 0.0 1.0 0.0 0.0 3.0 0.0
132.00993985169578 0.0 0.0 0.0 1.0 0.0 0.0 3.0 0.0
133.01134203406613 0.0 0.0 0.0 1.0 0.0 0.0 3.0 0.0
134.00109792418127 0.0 0.0 0.0 1.0 0.0 0.0 3.0 0.0
135.00408287042404 0.0 0.0 0.0 1.0 0.0 0.0 3.0 0.0
136.00143694564707 0.0 0.0 0.0 1.0 0.0 0.0 3.0 0.0
137.01379283533498 0.0 0.0 0.0 1.0 0.0 0.0 3.0 0.0
138.00603846365624 0.0 0.0 0.0 1.0 0.0 0.0 3.0 0.0
139.01379283533498 0.0 0.0 0.0 1.0 0.0 0.0 3.0 0.0
140.01379283533498 0.0 0.0 0.0 1.0 0.0 0.0 3.0 0.0
141.01379283533498 0.0 0.0 0.0 1.0 0.0 0.0 3.0 0.0
142.00530589393188 0.0 0.0 0.0 1.0 0.0 0.0 3.0 0.0
143.00294739906286 0.0 0.0 0.0 1.0 0.0 0.0 3.0 0.0
144.0079302866225 0.0 0.0 0.0 1.0 0.0 0.0 3.0 0.0
145.01379283533498 0.0 0.0 0.0 1.0 0.0 0.0 3.0 0.0
146.00679230114542 0.0 0.0 0.0 1.0 0.0 0.0 3.0 0.0
147.01174319151914 0.0 0.0 0.0 1.0 0.0 0.0 3.0 0.0
148.00403731552794 0.0 0.0 0.0 1.0 0.0 0.0 3.0 0.0
149.00464544945999 0.0 0.0 0.0 1.0 0.0 0.0 3.0 0.0
150.01379283533498 0.0 0.0 0.0 1.0 0.0 0.0 3.0 0.0
151.00598491129313 0.0 0.0 0.0 1.0 0.0 0.0 3.0 0.0
152.0085349954629 0.0 0.0 0.0 1.0 0.0 0.0 3.0 0.0
153.01237729343563 0.0 0.0 0.0 1.0 0.0 0.0 3.0 0.0
154.01379283533498 0.0 0.0 0.0 1.0 0.0 0.0 3.0 0.0
155.0013040199988 0.0 0.0 0.0 1.0 0.0 0.0 3.0 0.0
156.01379283533498 0.0 0.0 0.0 1.0 0.0 0.0 3.0 0.0
157.0043621184484 0.0 0.0 0.0 1.0 0.0 0.0 3.0 0.0
158.00291638645135 0.0 0.0 0.0 1.0 0.0 0.0 3.0 0.0
159.00480416480283 0.0 0.0 0.0 1.0 0.0 0.0 3.0 0.0
160.01379283533498 0.0 0.0 0.0 1.0 0.0 0.0 3.0 0.0
161.00742408972863 0.0 0.0 0.0 1.0 0.0 0.0 3.0 0.0
162.0081350982308 0.0 0.0 0.0 1.0 0.0 0.0 3.0 0.0
163.0025301561827 0.0 0.0 0.0 1.0 0.0 0.0 3.0 0.0
164.01379283533498 0.0 0.0 0.0 1.0 0.0 0.0 3.0 0.0
165.01379283533498 0.0 0.0 0.0 1.0 0.0 0.0 3.0 0.0
166.01379283533498 0.0 0.0 0.0 1.0 0.0 0.0 3.0 0.0
167.01379283533498 0.0 0.0 0.0 1.0 0.0 0.0 3.0 0.0
168.01379283533498 0.0 0.0 0.0 1.0 0.0 0.0 3.0 0.0
169.0040198120646 0.0 0.0 0.0 1.0 0.0 0.0 3.0 0.0
170.0050272773421 0.0 0.0 0.0 1.0 0.0 0.0 3.0 0.0
171.0103714097421 0.0 0.0 0.0 1.0 0.0 0.0 3.0 0.0
172.00453567572077 0.0 0.0 0.0 1.0 0.0 0.0 3.0 0.0
173.00456914146963 0.0 0.0 0.0 1.0 0.0 0.0 3.0 0.0
174.01345058013692 0.0 0.0 0.0 1.0 0.0 0.0 3.0 0.0
175.0033918977652 0.0 0.0 0.0 1.0 0.0 0.0 3.0 0.0
176.00761454383587 0.0 0.0 0.0 1.0 0.0 0.0 3.0 0.0
177.01379283533498 0.0 0.0 0.0 1.0 0.0 0.0 3.0 0.0
178.01379283533498 0.0 0.0 0.0 1.0 0.0 0.0 3.0 0.0
179.00350052232199 0.0 0.0 0.0 1.0 0.0 0.0 3.0 0.0
180.01379283533498 0.0 0.0 0.0 1.0 0.0 0.0 3.0 0.0
181.00644887164952 0.0 0.0 0.0 1.0 0.0 0.0 3.0 0.0
182.01379283533498 0.0 0.0 0.0 1.0 0.0 0.0 3.0 0.0
183.01379283533498 0.0 0.0 0.0 1.0 0.0 0.0 3.0 0.0
184.00262317464558 0.0 0.0 0.0 1.0 0.0 0.0 3.0 0.0
185.00232334236614 0.0 0.0 0.0 1.0 0.0 0.0 3.0 0.0
186.00551629748227 0.0 0.0 0.0 1.0 0.0 0.0 3.0 0.0
187.01379283533498 0.0 0.0 0.0 1.0 0.0 0.0 3.0 0.0
188.00723106875233 0.0 0.0 0.0 1.0 0.0 0.0 3.0 0.0
189.01379283533498 0.0 0.0 0.0 1.0 0.0 0.0 3.0 0.0
190.01379283533498 0.0 0.0 0.0 1.0 0.0 0.0 3.0 0.0
191.0028296205886 0.0 0.0 0.0 1.0 0.0 0.0 3.0 0.0
192.00156616807527 0.0 0.0 0.0 1.0 0.0 0.0 3.0 0.0
193.00516705524026 0.0 0.0 0.0 1.0 0.0 0.0 3.0 0.0
194.01379283533498 0.0 0.0 0.0 1.0 0.0 0.0 3.0 0.0
195.0057586374215 0.0 0.0 0.0 1.0 0.0 0.0 3.0 0.0
196.00351166942147 0.0 0.0 0.0 1.0 0.0 0.0 3.0 0.0
197.00021241114513 0.0 0.0 0.0 1.0 0.0 0.0 3.0 0.0
198.00913908431156 0.0 0.0 0.0 1.0 0.0 0.0 3.0 0.0
199.00424914146205 0.0 0.0 0.0 1.0 0.0 0.0 3.0 0.0
200.01379283533498 0.0 0.0 0.0 1.0 0.0 0.0 3.0 0.0
201.00257981942784 0.0 0.0 0.0 1.0 0.0 0.0 3.0 0.0
202.01379283533498 0.0 0.0 0.0 1.0 0.0 0.0 3.0 0.0
203.00651870154724 0.0 0.0 0.0 1.0 0.0 0.0 3.0 0.0
204.01169113503548 0.0 0.0 0.0 1.0 0.0 0.0 3.0 0.0
205.00357282093987 0.0 0.0 0.0 1.0 0.0 0.0 3.0 0.0
206.01379283533498 0.0 0.0 0.0 1.0 0.0 0.0 3.0 0.0
207.0050137815537 0.0 0.0 0.0 1.0 0.0 0.0 3.0 0.0
208.00142357664316 0.0 0.0 0.0 1.0 0.0 0.0 3.0 0.0
209.00050699154968 0.0 0.0 0.0 1.0 0.0 0.0 3.0 0.0
210.00174120009405 0.0 0.0 0.0 1.0 0.0 0.0 3.0 0.0
211.01006107465878 0.0 0.0 0.0 1.0 0.0 0.0 3.0 0.0
212.01379283533498 0.0 0.0 0.0 1.0 0.0 0.0 3.0 0.0
213.00517964084221 0.0 0.0 0.0 1.0 0.0 0.0 3.0 0.0
214.00089117746086 0.0 0.0 0.0 1.0 0.0 0.0 3.0 0.0
215.01379283533498 0.0 0.0 0.0 1.0 0.0 0.0 3.0 0.0
216.01379283533498 0.0 0.0 0.0 1.0 0.0 0.0 3.0 0.0
217.00417268375725 0.0 0.0 0.0 1.0 0.0 0.0 3.0 0.0
218.00942059394876 0.0 0.0 0.0 1.0 0.0 0.0 3.0 0.0
219.01379283533498 0.0 0.0 0.0 1.0 0.0 0.0 3.0 0.0
220.00674707596175 0.0 0.0 0.0 1.0 0.0 0.0 3.0 0.0
221.00332641227533 0.0 0.0 0.0 1.0 0.0 0.0 3.0 0.0
222.01379283533498 0.0 0.0 0.0 1.0 0.0 0.0 3.0 0.0
223.00271588750275 0.0 0.0 0.0 1.0 0.0 0.0 3.0 0.0
224.0100550777258 0.0 0.0 0.0 1.0 0.0 0.0 3.0 0.0
225.01379283533498 0.0 0.0 0.0 1.0 0.0 0.0 3.0 0.0
226.01379283533498 0.0 0.0 0.0 1.0 0.0 0.0 3.0 0.0
227.009683712042 0.0 0.0 0.0 1.0 0.0 0.0 3.0 0.0
228.00354298367338 0.0 0.0 0.0 1.0 0.0 0.0 3.0 0.0
229.01379283533498 0.0 0.0 0.0 1.0 0.0 0.0 3.0 0.0
230.00000177359715 0.0 0.0 0.0 1.0 0.0 0.0 3.0 0.0
231.0118349018893 0.0 0.0 0.0 1.0 0.0 0.0 3.0 0.0
232.0095789334726 0.0 0.0 0.0 1.0 0.0 0.0 3.0 0.0
233.00124254784808 0.0 0.0 0.0 1.0 0.0 0.0 3.0 0.0
234.00116093805207 0.0 0.0 0.0 1.0 0.0 0.0 3.0 0.0
235.0104923167876 0.0 0.0 0.0 1.0 0.0 0.0 3.0 0.0
236.01379283533498 0.0 0.0 0.0 1.0 0.0 0.0 3.0 0.0
237.01379283533498 0.0 0.0 0.0 1.0 0.0 0.0 3.0 0.0
238.01160404475203 0.0 0.0 0.0 1.0 0.0 0.0 3.0 0.0
239.01379283533498 0.0 0.0 0.0 1.0 0.0 0.0 3.0 0.0
240.00054103848194 0.0 0.0 0.0 1.0 0.0 0.0 3.0 0.0
241.01161524565657 0.0 0.0 0.0 1.0 0.0 0.0 3.0 0.0
242.01379283533498 0.0 0.0 0.0 1.0 0.0 0.0 3.0 0.0
243.0017951316451 0.0 0.0 0.0 1.0 0.0 0.0 3.0 0.0
244.01379283533498 0.0 0.0 0.0 1.0 0.0 0.0 3.0 0.0
245.01379283533498 0.0 0.0 0.0 1.0 0.0 0.0 3.0 0.0
246.01379283533498 0.0 0.0 0.0 1.0 0.0 0.0 3.0 0.0
247.01379283533498 0.0 0.0 0.0 1.0 0.0 0.0 3.0 0.0
248.01379283533498 0.0 0.0 0.0 1.0 0.0 0.0 3.0 0.0
249.01379283533498 0.0 0.0 0.0 1.0 0.0 0.0 3.0 0.0
250.01379283533498 0.0 0.0 0.0 1.0 0.0 0.0 3.0 0.0
251.01379283533498 0.0 0.0 0.0 1.0 0.0 0.0 3.0 0.0
252.01159933531838 0.0 0.0 0.0 1.0 0.0 0.0 3.0 0.0
253.00235505752408 0.0 0.0 0.0 1.0 0.0 0.0 3.0 0.0
254.00198919059218 0.0 0.0 0.0 1.0 0.0 0.0 3.0 0.0
255.01379283533498 0.0 0.0 0.0 1.0 0.0 0.0 3.0 0.0
256.00219960034656 0.0 0.0 0.0 1.0 0.0 0.0 3.0 0.0
257.0070264795732 0.0 0.0 0.0 1.0 0.0 0.0 3.0 0.0
258.00879193568795 0.0 0.0 0.0 1.0 0.0 0.0 3.0 0.0
259.00487147684964 0.0 0.0 0.0 1.0 0.0 0.0 3.0 0.0
260.01309758450316 0.0 0.0 0.0 1.0 0.0 0.0 3.0 0.0
261.00317590703867 0.0 0.0 0.0 1.0 0.0 0.0 3.0 0.0
262.01035379285634 0.0 0.0 0.0 1.0 0.0 0.0 3.0 0.0
263.00520910964025 0.0 0.0 0.0 1.0 0.0 0.0 3.0 0.0
264.013792835335 0.0 0.0 0.0 1.0 0.0 0.0 3.0 0.0
265.013792835335 0.0 0.0 0.0 1.0 0.0 0.0 3.0 0.0
266.013792835335 0.0 0.0 0.0 1.0 0.0 0.0 3.0 0.0
267.013792835335 0.0 0.0 0.0 1.0 0.0 0.0 3.0 0.0
268.013792835335 0.0 0.0 0.0 1.0 0.0 0.0 3.0 0.0
269.00909791536 0.0 0.0 0.0 1.0 0.0 0.0 3.0 0.0
270.013792835335 0.0 0.0 0.0 1.0 0.0 0.0 3.0 0.0
271.013792835335 0.0 0.0 0.0 1.0 0.0 0.0 3.0 0.0
272.0064407516294 0.0 0.0 0.0 1.0 0.0 0.0 3.0 0.0
273.013792835335 0.0 0.0 0.0 1.0 0.0 0.0 3.0 0.0
274.00610852546765 0.0 0.0 0.0 1.0 0.0 0.0 3.0 0.0
275.00848776680647 0.0 0.0 0.0 1.0 0.0 0.0 3.0 0.0
276.01271653578607 0.0 0.0 0.0 1.0 0.0 0.0 3.0 0.0
277.0066633446912 0.0 0.0 0.0 1.0 0.0 0.0 3.0 0.0
278.013792835335 0.0 0.0 0.0 1.0 0.0 0.0 3.0 0.0
279.01232922575053 0.0 0.0 0.0 1.0 0.0 0.0 3.0 0.0
280.013792835335 0.0 0.0 0.0 1.0 0.0 0.0 3.0 0.0
281.012653196066 0.0 0.0 0.0 1.0 0.0 0.0 3.0 0.0
282.013792835335 0.0 0.0 0.0 1.0 0.0 0.0 3.0 0.0
283.0057863126478 0.0 0.0 0.0 1.0 0.0 0.0 3.0 0.0
284.0126603975471 0.0 0.0 0.0 1.0 0.0 0.0 3.0 0.0
285.00374063533997 0.0 0.0 0.0 1.0 0.0 0.0 3.0 0.0
286.00497005009646 0.0 0.0 0.0 1.0 0.0 0.0 3.0 0.0
287.0005990250237 0.0 0.0 0.0 1.0 0.0 0.0 3.0 0.0
288.002409097184 0.0 0.0 0.0 1.0 0.0 0.0 3.0 0.0
289.013792835335 0.0 0.0 0.0 1.0 0.0 0.0 3.0 0.0
290.013792835335 0.0 0.0 0.0 1.0 0.0 0.0 3.0 0.0
291.0063964721993 0.0 0.0 0.0 1.0 0.0 0.0 3.0 0.0
292.0006374906001 0.0 0.0 0.0 1.0 0.0 0.0 3.0 0.0
293.013792835335 0.0 0.0 0.0 1.0 0.0 0.0 3.0 0.0
294.0079391642942 0.0 0.0 0.0 1.0 0.0 0.0 3.0 0.0
295.0059908649638 0.0 0.0 0.0 1.0 0.0 0.0 3.0 0.0
296.00289022038356 0.0 0.0 0.0 1.0 0.0 0.0 3.0 0.0
297.01099676654377 0.0 0.0 0.0 1.0 0.0 0.0 3.0 0.0
298.013792835335 0.0 0.0 0.0 1.0 0.0 0.0 3.0 0.0
299.0065957457785 0.0 0.0 0.0 1.0 0.0 0.0 3.0 0.0
300.0079361681542 0.0 0.0 0.0 1.0 0.0 0.0 3.0 0.0
301.013792835335 0.0 0.0 0.0 1.0 0.0 0.0 3.0 0.0
302.0084813073728 0.0 0.0 0.0 1.0 0.0 0.0 3.0 0.0
303.013792835335 0.0 0.0 0.0 1.0 0.0 0.0 3.0 0.0
304.00482321478313 0.0 0.0 0.0 1.0 0.0 0.0 3.0 0.0
305.00271915464845 0.0 0.0 0.0 1.0 0.0 0.0 3.0 0.0
306.013792835335 0.0 0.0 0.0 1.0 0.0 0.0 3.0 0.0
307.00192790357397 0.0 0.0 0.0 1.0 0.0 0.0 3.0 0.0
308.013792835335 0.0 0.0 0.0 1.0 0.0 0.0 3.0 0.0
309.0052409081234 0.0 0.0 0.0 1.0 0.0 0.0 3.0 0.0
310.00926114023787 0.0 0.0 0.0 1.0 0.0 0.0 3.0 0.0
311.013792835335 0.0 0.0 0.0 1.0 0.0 0.0 3.0 0.0
312.0104274633287 0.0 0.0 0.0 1.0 0.0 0.0 3.0 0.0
313.013792835335 0.0 0.0 0.0 1.0 0.0 0.0 3.0 0.0
314.0093516332338 0.0 0.0 0.0 1.0 0.0 0.0 3.0 0.0
315.0091272123149 0.0 0.0 0.0 1.0 0.0 0.0 3.0 0.0
316.00676410400314 0.0 0.0 0.0 1.0 0.0 0.0 3.0 0.0
317.00187352223014 0.0 0.0 0.0 1.0 0.0 0.0 3.0 0.0
318.01279726547693 0.0 0.0 0.0 1.0 0.0 0.0 3.0 0.0
319.00352750164717 0.0 0.0 0.0 1.0 0.0 0.0 3.0 0.0
320.00129622004175 0.0 0.0 0.0 1.0 0.0 0.0 3.0 0.0
321.01121724705337 0.0 0.0 0.0 1.0 0.0 0.0 3.0 0.0
322.00703969193046 0.0 0.0 0.0 1.0 0.0 0.0 3.0 0.0
323.00240010459714 0.0 0.0 0.0 1.0 0.0 0.0 3.0 0.0
324.013792835335 0.0 0.0 0.0 1.0 0.0 0.0 3.0 0.0
325.0056259193152 0.0 0.0 0.0 1.0 0.0 0.0 3.0 0.0
326.00107069724174 0.0 0.0 0.0 1.0 0.0 0.0 3.0 0.0
327.00417490793745 0.0 0.0 0.0 1.0 0.0 0.0 3.0 0.0
328.0068429741543 0.0 0.0 0.0 1.0 0.0 0.0 3.0 0.0
329.013792835335 0.0 0.0 0.0 1.0 0.0 0.0 3.0 0.0
330.00425508892585 0.0 0.0 0.0 1.0 0.0 0.0 3.0 0.0
331.00044632850995 0.0 0.0 0.0 1.0 0.0 0.0 3.0 0.0
332.013792835335 0.0 0.0 0.0 1.0 0.0 0.0 3.0 0.0
333.013792835335 0.0 0.0 0.0 1.0 0.0 0.0 3.0 0.0
334.00916216387674 0.0 0.0 0.0 1.0 0.0 0.0 3.0 0.0
335.013792835335 0.0 0.0 0.0 1.0 0.0 0.0 3.0 0.0
336.0118339746258 0.0 0.0 0.0 1.0 0.0 0.0 3.0 0.0
337.003569528172 0.0 0.0 0.0 1.0 0.0 0.0 3.0 0.0
338.00518071819005 0.0 0.0 0.0 1.0 0.0 0.0 3.0 0.0
339.00179019305324 0.0 0.0 0.0 1.0 0.0 0.0 3.0 0.0
340.01292472231114 0.0 0.0 0.0 1.0 0.0 0.0 3.0 0.0
341.0114778754058 0.0 0.0 0.0 1.0 0.0 0.0 3.0 0.0
342.0075352066541 0.0 0.0 0.0 1.0 0.0 0.0 3.0 0.0
343.00077616199377 0.0 0.0 0.0 1.0 0.0 0.0 3.0 0.0
344.0033305219155 0.0 0.0 0.0 1.0 0.0 0.0 3.0 0.0
345.00620659049383 0.0 0.0 0.0 1.0 0.0 0.0 3.0 0.0
346.00080247114147 0.0 0.0 0.0 1.0 0.0 0.0 3.0 0.0
347.0135680868234 0.0 0.0 0.0 1.0 0.0 0.0 3.0 0.0
348.00665428879444 0.0 0.0 0.0 1.0 0.0 0.0 3.0 0.0
349.013792835335 0.0 0.0 0.0 1.0 0.0 0.0 3.0 0.0
350.013792835335 0.0 0.0 0.0 1.0 0.0 0.0 3.0 0.0
351.013792835335 0.0 0.0 0.0 1.0 0.0 0.0 3.0 0.0
352.013792835335 0.0 0.0 0.0 1.0 0.0 0.0 3.0 0.0
353.00342171864526 0.0 0.0 0.0 1.0 0.0 0.0 3.0 0.0
354.0083861316085 0.0 0.0 0.0 1.0 0.0 0.0 3.0 0.0
355.0091514375932 0.0 0.0 0.0 1.0 0.0 0.0 3.0 0.0
356.013792835335 0.0 0.0 0.0 1.0 0.0 0.0 3.0 0.0
357.013792835335 0.0 0.0 0.0 1.0 0.0 0.0 3.0 0.0
358.013792835335 0.0 0.0 0.0 1.0 0.0 0.0 3.0 0.0
359.01236544940326 0.0 0.0 0.0 1.0 0.0 0.0 3.0 0.0
360.0018678383007 0.0 0.0 0.0 1.0 0.0 0.0 3.0 0.0
361.013792835335 0.0 0.0 0.0 1.0 0.0 0.0 3.0 0.0
362.013792835335 0.0 0.0 0.0 1.0 0.0 0.0 3.0 0.0
363.002344371236 0.0 0.0 0.0 1.0 0.0 0.0 3.0 0.0
364.00404804282357 0.0 0.0 0.0 1.0 0.0 0.0 3.0 0.0
365.013792835335 0.0 0.0 0.0 1.0 0.0 0.0 3.0 0.0
366.013792835335 0.0 0.0 0.0 1.0 0.0 0.0 3.0 0.0
367.013792835335 0.0 0.0 0.0 1.0 0.0 0.0 3.0 0.0
368.00031350314663 0.0 0.0 0.0 1.0 0.0 0.0 3.0 0.0
369.00742471716075 0.0 0.0 0.0 1.0 0.0 0.0 3.0 0.0
370.013792835335 0.0 0.0 0.0 1.0 0.0 0.0 3.0 0.0
371.0082776108323 0.0 0.0 0.0 1.0 0.0 0.0 3.0 0.0
372.0086849623642 0.0 0.0 0.0 1.0 0.0 0.0 3.0 0.0
373.01022361239546 0.0 0.0 0.0 1.0 0.0 0.0 3.0 0.0
374.0028893697839 0.0 0.0 0.0 1.0 0.0 0.0 3.0 0.0
375.0082911472628 0.0 0.0 0.0 1.0 0.0 0.0 3.0 0.0
376.00115285420225 0.0 0.0 0.0 1.0 0.0 0.0 3.0 0.0
377.013792835335 0.0 0.0 0.0 1.0 0.0 0.0 3.0 0.0
378.01090144884057 0.0 0.0 0.0 1.0 0.0 0.0 3.0 0.0
379.013792835335 0.0 0.0 0.0 1.0 0.0 0.0 3.0 0.0
380.0047997414856 0.0 0.0 0.0 1.0 0.0 0.0 3.0 0.0
381.0014612357181 0.0 0.0 0.0 1.0 0.0 0.0 3.0 0.0
382.00494506933785 0.0 0.0 0.0 1.0 0.0 0.0 3.0 0.0
383.00785153160734 0.0 0.0 0.0 1.0 0.0 0.0 3.0 0.0
384.013792835335 0.0 0.0 0.0 1.0 0.0 0.0 3.0 0.0
385.013792835335 0.0 0.0 0.0 1.0 0.0 0.0 3.0 0.0
386.013792835335 0.0 0.0 0.0 1.0 0.0 0.0 3.0 0.0
387.013792835335 0.0 0.0 0.0 1.0 0.0 0.0 3.0 0.0
388.0021390654559 0.0 0.0 0.0 1.0 0.0 0.0 3.0 0.0
389.00338795402797 0.0 0.0 0.0 1.0 0.0 0.0 3.0 0.0
390.0005279326854 0.0 0.0 0.0 1.0 0.0 0.0 3.0 0.0
391.0077187195562 0.0 0.0 0.0 1.0 0.0 0.0 3.0 0.0
392.0098415265652 0.0 0.0 0.0 1.0 0.0 0.0 3.0 0.0
393.013792835335 0.0 0.0 0.0 1.0 0.0 0.0 3.0 0.0
394.000257040387 0.0 0.0 0.0 1.0 0.0 0.0 3.0 0.0
395.0043199648966 0.0 0.0 0.0 1.0 0.0 0.0 3.0 0.0
396.00194821562684 0.0 0.0 0.0 1.0 0.0 0.0 3.0 0.0
397.00614055063363 0.0 0.0 0.0 1.0 0.0 0.0 3.0 0.0
398.00342532117736 0.0 0.0 0.0 1.0 0.0 0.0 3.0 0.0
399.013792835335 0.0 0.0 0.0 1.0 0.0 0.0 3.0 0.0
400.013792835335 0.0 0.0 0.0 1.0 0.0 0.0 3.0 0.0
401.00260191735157 0.0 0.0 0.0 1.0 0.0 0.0 3.0 0.0
402.013792835335 0.0 0.0 0.0 1.0 0.0 0.0 3.0 0.0
403.013792835335 0.0 0.0 0.0 1.0 0.0 0.0 3.0 0.0
404.013792835335 0.0 0.0 0.0 1.0 0.0 0.0 3.0 0.0
405.00983018666767 0.0 0.0 0.0 1.0 0.0 0.0 3.0 0.0
406.013792835335 0.0 0.0 0.0 1.0 0.0 0.0 3.0 0.0
407.0123237780717 0.0 0.0 0.0 1.0 0.0 0.0 3.0 0.0
408.013792835335 0.0 0.0 0.0 1.0 0.0 0.0 3.0 0.0
409.0049859665516 0.0 0.0 0.0 1.0 0.0 0.0 3.0 0.0
410.013792835335 0.0 0.0 0.0 1.0 0.0 0.0 3.0 0.0
411.002868626744 0.0 0.0 0.0 1.0 0.0 0.0 3.0 0.0
412.013792835335 0.0 0.0 0.0 1.0 0.0 0.0 3.0 0.0
413.00034334960577 0.0 0.0 0.0 1.0 0.0 0.0 3.0 0.0
414.013792835335 0.0 0.0 0.0 1.0 0.0 0.0 3.0 0.0
415.0046450573245 0.0 0.0 0.0 1.0 0.0 0.0 3.0 0.0
416.00064570892 0.0 0.0 0.0 1.0 0.0 0.0 3.0 0.0
417.0023768520203 0.0 0.0 0.0 1.0 0.0 0.0 3.0 0.0
418.013792835335 0.0 0.0 0.0 1.0 0.0 0.0 3.0 0.0
419.013792835335 0.0 0.0 0.0 1.0 0.0 0.0 3.0 0.0
420.0085912776194 0.0 0.0 0.0 1.0 0.0 0.0 3.0 0.0
421.00080971662015 0.0 0.0 0.0 1.0 0.0 0.0 3.0 0.0
422.00042377277344 0.0 0.0 0.0 1.0 0.0 0.0 3.0 0.0
423.0009484382218 0.0 0.0 0.0 1.0 0.0 0.0 3.0 0.0
424.013792835335 0.0 0.0 0.0 1.0 0.0 0.0 3.0 0.0
425.0102720010752 0.0 0.0 0.0 1.0 0.0 0.0 3.0 0.0
426.013792835335 0.0 0.0 0.0 1.0 0.0 0.0 3.0 0.0
427.0020031364488 0.0 0.0 0.0 1.0 0.0 0.0 3.0 0.0
428.013792835335 0.0 0.0 0.0 1.0 0.0 0.0 3.0 0.0
429.0010271318545 0.0 0.0 0.0 1.0 0.0 0.0 3.0 0.0
430.0004225993869 0.0 0.0 0.0 1.0 0.0 0.0 3.0 0.0
431.013792835335 0.0 0.0 0.0 1.0 0.0 0.0 3.0 0.0
432.0047496028947 0.0 0.0 0.0 1.0 0.0 0.0 3.0 0.0
433.013792835335 0.0 0.0 0.0 1.0 0.0 0.0 3.0 0.0
434.013792835335 0.0 0.0 0.0 1.0 0.0 0.0 3.0 0.0
435.0039804177613 0.0 0.0 0.0 1.0 0.0 0.0 3.0 0.0
436.01253500271804 0.0 0.0 0.0 1.0 0.0 0.0 3.0 0.0
437.0002833901738 0.0 0.0 0.0 1.0 0.0 0.0 3.0 0.0
438.0116791713965 0.0 0.0 0.0 1.0 0.0 0.0 3.0 0.0
439.00033614017195 0.0 0.0 0.0 1.0 0.0 0.0 3.0 0.0
440.01346247954547 0.0 0.0 0.0 1.0 0.0 0.0 3.0 0.0
441.013792835335 0.0 0.0 0.0 1.0 0.0 0.0 3.0 0.0
442.00304424036636 0.0 0.0 0.0 1.0 0.0 0.0 3.0 0.0
443.013792835335 0.0 0.0 0.0 1.0 0.0 0.0 3.0 0.0
444.0135802802691 0.0 0.0 0.0 1.0 0.0 0.0 3.0 0.0
445.0064352054539 0.0 0.0 0.0 1.0 0.0 0.0 3.0 0.0
446.00832018781927 0.0 0.0 0.0 1.0 0.0 0.0 3.0 0.0
447.0130078838935 0.0 0.0 0.0 1.0 0.0 0.0 3.0 0.0
448.013792835335 0.0 0.0 0.0 1.0 0.0 0.0 3.0 0.0
449.00230366806863 0.0 0.0 0.0 1.0 0.0 0.0 3.0 0.0
450.0033759387296 0.0 0.0 0.0 1.0 0.0 0.0 3.0 0.0
451.013792835335 0.0 0.0 0.0 1.0 0.0 0.0 3.0 0.0
452.0068666783923 0.0 0.0 0.0 1.0 0.0 0.0 3.0 0.0
453.00198344096054 0.0 0.0 0.0 1.0 0.0 0.0 3.0 0.0
454.013792835335 0.0 0.0 0.0 1.0 0.0 0.0 3.0 0.0
455.0098898679533 0.0 0.0 0.0 1.0 0.0 0.0 3.0 0.0
456.013792835335 0.0 0.0 0.0 1.0 0.0 0.0 3.0 0.0
457.0025911986709 0.0 0.0 0.0 1.0 0.0 0.0 3.0 0.0
458.00576235936865 0.0 0.0 0.0 1.0 0.0 0.0 3.0 0.0
459.0009834044852 0.0 0.0 0.0 1.0 0.0 0.0 3.0 0.0
460.013792835335 0.0 0.0 0.0 1.0 0.0 0.0 3.0 0.0
461.013792835335 0.0 0.0 0.0 1.0 0.0 0.0 3.0 0.0
462.0128960928017 0.0 0.0 0.0 1.0 0.0 0.0 3.0 0.0
463.013792835335 0.0 0.0 0.0 1.0 0.0 0.0 3.0 0.0
464.013792835335 0.0 0.0 0.0 1.0 0.0 0.0 3.0 0.0
465.00209764743056 0.0 0.0 0.0 1.0 0.0 0.0 3.0 0.0
466.00831236840554 0.0 0.0 0.0 1.0 0.0 0.0 3.0 0.0
467.00674508526146 0.0 0.0 0.0 1.0 0.0 0.0 3.0 0.0
468.0106272546996 0.0 0.0 0.0 1.0 0.0 0.0 3.0 0.0
469.013792835335 0.0 0.0 0.0 1.0 0.0 0.0 3.0 0.0
470.00522828067113 0.0 0.0 0.0 1.0 0.0 0.0 3.0 0.0
471.00434891763433 0.0 0.0 0.0 1.0 0.0 0.0 3.0 0.0
472.01361192732764 0.0 0.0 0.0 1.0 0.0 0.0 3.0 0.0
473.0078915979158 0.0 0.0 0.0 1.0 0.0 0.0 3.0 0.0
474.00367026569666 0.0 0.0 0.0 1.0 0.0 0.0 3.0 0.0
475.013792835335 0.0 0.0 0.0 1.0 0.0 0.0 3.0 0.0
476.013792835335 0.0 0.0 0.0 1.0 0.0 0.0 3.0 0.0
477.0063940836919 0.0 0.0 0.0 1.0 0.0 0.0 3.0 0.0
478.0060476677471 0.0 0.0 0.0 1.0 0.0 0.0 3.0 0.0
479.0068583210765 0.0 0.0 0.0 1.0 0.0 0.0 3.0 0.0
480.0023803344103 0.0 0.0 0.0 1.0 0.0 0.0 3.0 0.0
481.013792835335 0.0 0.0 0.0 1.0 0.0 0.0 3.0 0.0
482.00349089493164 0.0 0.0 0.0 1.0 0.0 0.0 3.0 0.0
483.0087593384277 0.0 0.0 0.0 1.0 0.0 0.0 3.0 0.0
484.013792835335 0.0 0.0 0.0 1.0 0.0 0.0 3.0 0.0
485.01374603484544 0.0 0.0 0.0 1.0 0.0 0.0 3.0 0.0
486.013792835335 0.0 0.0 0.0 1.0 0.0 0.0 3.0 0.0
487.0038498784992 0.0 0.0 0.0 1.0 0.0 0.0 3.0 0.0
488.0024821195829 0.0 0.0 0.0 1.0 0.0 0.0 3.0 0.0
489.0036744568255 0.0 0.0 0.0 1.0 0.0 0.0 3.0 0.0
490.00955447507977 0.0 0.0 0.0 1.0 0.0 0.0 3.0 0.0
491.013792835335 0.0 0.0 0.0 1.0 0.0 0.0 3.0 0.0
492.0051203949238 0.0 0.0 0.0 1.0 0.0 0.0 3.0 0.0
493.013792835335 0.0 0.0 0.0 1.0 0.0 0.0 3.0 0.0
494.0068790957715 0.0 0.0 0.0 1.0 0.0 0.0 3.0 0.0
495.013792835335 0.0 0.0 0.0 1.0 0.0 0.0 3.0 0.0
496.00007744096723 0.0 0.0 0.0 1.0 0.0 0.0 3.0 0.0
497.0089077972631 0.0 0.0 0.0 1.0 0.0 0.0 3.0 0.0
498.00943709140813 0.0 0.0 0.0 1.0 0.0 0.0 3.0 0.0
499.013792835335 0.0 0.0 0.0 1.0 0.0 0.0 3.0 0.0
500.0021244726696 0.0 0.0 0.0 1.0 0.0 0.0 3.0 0.0
501.0006507765448 0.0 0.0 0.0 1.0 0.0 0.0 3.0 0.0
502.0047551040615 0.0 0.0 0.0 1.0 0.0 0.0 3.0 0.0
503.00635374175295 0.0 0.0 0.0 1.0 0.0 0.0 3.0 0.0
504.01374669927026 0.0 0.0 0.0 1.0 0.0 0.0 3.0 0.0
505.0111737573528 0.0 0.0 0.0 1.0 0.0 0.0 3.0 0.0
506.0090858856066 0.0 0.0 0.0 1.0 0.0 0.0 3.0 0.0
507.0020161397923 0.0 0.0 0.0 1.0 0.0 0.0 3.0 0.0
508.013792835335 0.0 0.0 0.0 1.0 0.0 0.0 3.0 0.0
509.013792835335 0.0 0.0 0.0 1.0 0.0 0.0 3.0 0.0
510.0067642308556 0.0 0.0 0.0 1.0 0.0 0.0 3.0 0.0
511.013792835335 0.0 0.0 0.0 1.0 0.0 0.0 3.0 0.0
512.0137928353349 0.0 0.0 0.0 1.0 0.0 0.0 3.0 0.0
513.0137928353349 0.0 0.0 0.0 1.0 0.0 0.0 3.0 0.0
514.0137928353349 0.0 0.0 0.0 1.0 0.0 0.0 3.0 0.0
515.0137928353349 0.0 0.0 0.0 1.0 0.0 0.0 3.0 0.0
516.0137928353349 0.0 0.0 0.0 1.0 0.0 0.0 3.0 0.0
517.0017920965122 0.0 0.0 0.0 1.0 0.0 0.0 3.0 0.0
518.0076644297139 0.0 0.0 0.0 1.0 0.0 0.0 3.0 0.0
519.0137928353349 0.0 0.0 0.0 1.0 0.0 0.0 3.0 0.0
520.0053692076713 0.0 0.0 0.0 1.0 0.0 0.0 3.0 0.0
521.0041977522553 0.0 0.0 0.0 1.0 0.0 0.0 3.0 0.0
522.0021487840097 0.0 0.0 0.0 1.0 0.0 0.0 3.0 0.0
523.0047141181559 0.0 0.0 0.0 1.0 0.0 0.0 3.0 0.0
524.0137928353349 0.0 0.0 0.0 1.0 0.0 0.0 3.0 0.0
525.0027307094244 0.0 0.0 0.0 1.0 0.0 0.0 3.0 0.0
526.0012698122149 0.0 0.0 0.0 1.0 0.0 0.0 3.0 0.0
527.0043568251781 0.0 0.0 0.0 1.0 0.0 0.0 3.0 0.0
528.0076071644087 0.0 0.0 0.0 1.0 0.0 0.0 3.0 0.0
529.0038505564912 0.0 0.0 0.0 1.0 0.0 0.0 3.0 0.0
530.0037180099083 0.0 0.0 0.0 1.0 0.0 0.0 3.0 0.0
531.0133235200562 0.0 0.0 0.0 1.0 0.0 0.0 3.0 0.0
532.0023158085957 0.0 0.0 0.0 1.0 0.0 0.0 3.0 0.0
533.007245039223 0.0 0.0 0.0 1.0 0.0 0.0 3.0 0.0
534.0035176085664 0.0 0.0 0.0 1.0 0.0 0.0 3.0 0.0
535.0119501234797 0.0 0.0 0.0 1.0 0.0 0.0 3.0 0.0
536.0137928353349 0.0 0.0 0.0 1.0 0.0 0.0 3.0 0.0
537.0025976257051 0.0 0.0 0.0 1.0 0.0 0.0 3.0 0.0
538.0094101693822 0.0 0.0 0.0 1.0 0.0 0.0 3.0 0.0
539.0045083690768 0.0 0.0 0.0 1.0 0.0 0.0 3.0 0.0
540.010423423077 0.0 0.0 0.0 1.0 0.0 0.0 3.0 0.0
541.0005009962658 0.0 0.0 0.0 1.0 0.0 0.0 3.0 0.0
542.006577059772 0.0 0.0 0.0 1.0 0.0 0.0 3.0 0.0
543.0006393960768 0.0 0.0 0.0 1.0 0.0 0.0 3.0 0.0
544.0137928353349 0.0 0.0 0.0 1.0 0.0 0.0 3.0 0.0
545.0126630833311 0.0 0.0 0.0 1.0 0.0 0.0 3.0 0.0
546.0073994463587 0.0 0.0 0.0 1.0 0.0 0.0 3.0 0.0
547.0086478175792 0.0 0.0 0.0 1.0 0.0 0.0 3.0 0.0
548.0036373272221 0.0 0.0 0.0 1.0 0.0 0.0 3.0 0.0
549.0014532919611 0.0 0.0 0.0 1.0 0.0 0.0 3.0 0.0
550.0137877854701 0.0 0.0 0.0 1.0 0.0 0.0 3.0 0.0
551.0113421147282 0.0 0.0 0.0 1.0 0.0 0.0 3.0 0.0
552.0004154299041 0.0 0.0 0.0 1.0 0.0 0.0 3.0 0.0
553.0137928353349 0.0 0.0 0.0 1.0 0.0 0.0 3.0 0.0
554.0067436411528 0.0 0.0 0.0 1.0 0.0 0.0 3.0 0.0
555.0137928353349 0.0 0.0 0.0 1.0 0.0 0.0 3.0 0.0
556.0137928353349 0.0 0.0 0.0 1.0 0.0 0.0 3.0 0.0
557.0101421929896 0.0 0.0 0.0 1.0 0.0 0.0 3.0 0.0
558.0035264714935 0.0 0.0 0.0 1.0 0.0 0.0 3.0 0.0
559.0018540607443 0.0 0.0 0.0 1.0 0.0 0.0 3.0 0.0
560.0018454083605 0.0 0.0 0.0 1.0 0.0 0.0 3.0 0.0
561.0137928353349 0.0 0.0 0.0 1.0 0.0 0.0 3.0 0.0
562.0031515112225 0.0 0.0 0.0 1.0 0.0 0.0 3.0 0.0
563.007806111042 0.0 0.0 0.0 1.0 0.0 0.0 3.0 0.0
564.0001373229182 0.0 0.0 0.0 1.0 0.0 0.0 3.0 0.0
565.0021356649498 0.0 0.0 0.0 1.0 0.0 0.0 3.0 0.0
566.0137928353349 0.0 0.0 0.0 1.0 0.0 0.0 3.0 0.0
567.0137928353349 0.0 0.0 0.0 1.0 0.0 0.0 3.0 0.0
568.0056983186594 0.0 0.0 0.0 1.0 0.0 0.0 3.0 0.0
569.0033940161056 0.0 0.0 0.0 1.0 0.0 0.0 3.0 0.0
570.0070690623528 0.0 0.0 0.0 1.0 0.0 0.0 3.0 0.0
571.0018460673551 0.0 0.0 0.0 1.0 0.0 0.0 3.0 0.0
572.0057968464391 0.0 0.0 0.0 1.0 0.0 0.0 3.0 0.0
573.0029761922199 0.0 0.0 0.0 1.0 0.0 0.0 3.0 0.0
574.0025544760935 0.0 0.0 0.0 1.0 0.0 0.0 3.0 0.0
575.0022059362966 0.0 0.0 0.0 1.0 0.0 0.0 3.0 0.0
576.002051217697 0.0 0.0 0.0 1.0 0.0 0.0 3.0 0.0
577.0106085867216 0.0 0.0 0.0 1.0 0.0 0.0 3.0 0.0
578.0137928353349 0.0 0.0 0.0 1.0 0.0 0.0 3.0 0.0
579.0137928353349 0.0 0.0 0.0 1.0 0.0 0.0 3.0 0.0
580.0137928353349 0.0 0.0 0.0 1.0 0.0 0.0 3.0 0.0
581.004930123543 0.0 0.0 0.0 1.0 0.0 0.0 3.0 0.0
582.0030769985826 0.0 0.0 0.0 1.0 0.0 0.0 3.0 0.0
583.0137928353349 0.0 0.0 0.0 1.0 0.0 0.0 3.0 0.0
584.0020365749599 0.0 0.0 0.0 1.0 0.0 0.0 3.0 0.0
585.0041799230216 0.0 0.0 0.0 1.0 0.0 0.0 3.0 0.0
586.0074912365444 0.0 0.0 0.0 1.0 0.0 0.0 3.0 0.0
587.0081380426356 0.0 0.0 0.0 1.0 0.0 0.0 3.0 0.0
588.0137928353349 0.0 0.0 0.0 1.0 0.0 0.0 3.0 0.0
589.0137928353349 0.0 0.0 0.0 1.0 0.0 0.0 3.0 0.0
590.0137928353349 0.0 0.0 0.0 1.0 0.0 0.0 3.0 0.0
591.0137928353349 0.0 0.0 0.0 1.0 0.0 0.0 3.0 0.0
592.0083166629448 0.0 0.0 0.0 1.0 0.0 0.0 3.0 0.0
593.0097944060398 0.0 0.0 0.0 1.0 0.0 0.0 3.0 0.0
594.0099465678677 0.0 0.0 0.0 1.0 0.0 0.0 3.0 0.0
595.0137928353349 0.0 0.0 0.0 1.0 0.0 0.0 3.0 0.0
596.0079231642485 0.0 0.0 0.0 1.0 0.0 0.0 3.0 0.0
597.0137928353349 0.0 0.0 0.0 1.0 0.0 0.0 3.0 0.0
598.0055841878143 0.0 0.0 0.0 1.0 0.0 0.0 3.0 0.0
599.0137928353349 0.0 0.0 0.0 1.0 0.0 0.0 3.0 0.0
600.0082142556276 0.0 0.0 0.0 1.0 0.0 0.0 3.0 0.0
601.0015730383011 0.0 0.0 0.0 1.0 0.0 0.0 3.0 0.0
602.0137928353349 0.0 0.0 0.0 1.0 0.0 0.0 3.0 0.0
603.0137928353349 0.0 0.0 0.0 1.0 0.0 0.0 3.0 0.0
604.0051310315282 0.0 0.0 0.0 1.0 0.0 0.0 3.0 0.0
605.0009286736288 0.0 0.0 0.0 1.0 0.0 0.0 3.0 0.0
606.0080179121331 0.0 0.0 0.0 1.0 0.0 0.0 3.0 0.0
607.0070232232196 0.0 0.0 0.0 1.0 0.0 0.0 3.0 0.0
608.0137928353349 0.0 0.0 0.0 1.0 0.0 0.0 3.0 0.0
609.0009103648011 0.0 0.0 0.0 1.0 0.0 0.0 3.0 0.0
610.0137928353349 0.0 0.0 0.0 1.0 0.0 0.0 3.0 0.0
611.0053436881661 0.0 0.0 0.0 1.0 0.0 0.0 3.0 0.0
612.0005009587884 0.0 0.0 0.0 1.0 0.0 0.0 3.0 0.0
613.0137928353349 0.0 0.0 0.0 1.0 0.0 0.0 3.0 0.0
614.004246741063 0.0 0.0 0.0 1.0 0.0 0.0 3.0 0.0
615.0137928353349 0.0 0.0 0.0 1.0 0.0 0.0 3.0 0.0
616.0123094889493 0.0 0.0 0.0 1.0 0.0 0.0 3.0 0.0
617.0009431551097 0.0 0.0 0.0 1.0 0.0 0.0 3.0 0.0
618.0010766686659 0.0 0.0 0.0 1.0 0.0 0.0 3.0 0.0
619.0104577970882 0.0 0.0 0.0 1.0 0.0 0.0 3.0 0.0
620.0137928353349 0.0 0.0 0.0 1.0 0.0 0.0 3.0 0.0
621.0055020980435 0.0 0.0 0.0 1.0 0.0 0.0 3.0 0.0
622.0057581054529 0.0 0.0 0.0 1.0 0.0 0.0 3.0 0.0
623.0061639301465 0.0 0.0 0.0 1.0 0.0 0.0 3.0 0.0
624.001715001824 0.0 0.0 0.0 1.0 0.0 0.0 3.0 0.0
625.0036115217913 0.0 0.0 0.0 1.0 0.0 0.0 3.0 0.0
626.0114463919349 0.0 0.0 0.0 1.0 0.0 0.0 3.0 0.0
627.0137928353349 0.0 0.0 0.0 1.0 0.0 0.0 3.0 0.0
628.0137928353349 0.0 0.0 0.0 1.0 0.0 0.0 3.0 0.0
629.0137928353349 0.0 0.0 0.0 1.0 0.0 0.0 3.0 0.0
630.0096560481855 0.0 0.0 0.0 1.0 0.0 0.0 3.0 0.0
631.0137928353349 0.0 0.0 0.0 1.0 0.0 0.0 3.0 0.0
632.0096580763203 0.0 0.0 0.0 1.0 0.0 0.0 3.0 0.0
633.0137928353349 0.0 0.0 0.0 1.0 0.0 0.0 3.0 0.0
634.0029239317975 0.0 0.0 0.0 1.0 0.0 0.0 3.0 0.0
635.0118792101578 0.0 0.0 0.0 1.0 0.0 0.0 3.0 0.0
636.0137928353349 0.0 0.0 0.0 1.0 0.0 0.0 3.0 0.0
637.0137928353349 0.0 0.0 0.0 1.0 0.0 0.0 3.0 0.0
638.0135614799647 0.0 0.0 0.0 1.0 0.0 0.0 3.0 0.0
639.0075310948512 0.0 0.0 0.0 1.0 0.0 0.0 3.0 0.0
640.0007440934191 0.0 0.0 0.0 1.0 0.0 0.0 3.0 0.0
641.0037740022264 0.0 0.0 0.0 1.0 0.0 0.0 3.0 0.0
642.0018461746513 0.0 0.0 0.0 1.0 0.0 0.0 3.0 0.0
643.0026993202151 0.0 0.0 0.0 1.0 0.0 0.0 3.0 0.0
644.0086881477365 0.0 0.0 0.0 1.0 0.0 0.0 3.0 0.0
645.0083217140414 0.0 0.0 0.0 1.0 0.0 0.0 3.0 0.0
646.0137928353349 0.0 0.0 0.0 1.0 0.0 0.0 3.0 0.0
647.0024534283696 0.0 0.0 0.0 1.0 0.0 0.0 3.0 0.0
648.0022568803786 0.0 0.0 0.0 1.0 0.0 0.0 3.0 0.0
649.0063576903733 0.0 0.0 0.0 1.0 0.0 0.0 3.0 0.0
650.0018036218125 0.0 0.0 0.0 1.0 0.0 0.0 3.0 0.0
651.0049159087481 0.0 0.0 0.0 1.0 0.0 0.0 3.0 0.0
652.012171186478 0.0 0.0 0.0 1.0 0.0 0.0 3.0 0.0
653.0137928353349 0.0 0.0 0.0 1.0 0.0 0.0 3.0 0.0
654.0017791835947 0.0 0.0 0.0 1.0 0.0 0.0 3.0 0.0
655.0137928353349 0.0 0.0 0.0 1.0 0.0 0.0 3.0 0.0
656.0112328476946 0.0 0.0 0.0 1.0 0.0 0.0 3.0 0.0
657.0122121707526 0.0 0.0 0.0 1.0 0.0 0.0 3.0 0.0
658.0137928353349 0.0 0.0 0.0 1.0 0.0 0.0 3.0 0.0
659.0137928353349 0.0 0.0 0.0 1.0 0.0 0.0 3.0 0.0
660.0102782394566 0.0 0.0 0.0 1.0 0.0 0.0 3.0 0.0
661.0023385316111 0.0 0.0 0.0 1.0 0.0 0.0 3.0 0.0
662.0033755888201 0.0 0.0 0.0 1.0 0.0 0.0 3.0 0.0
663.0109969521111 0.0 0.0 0.0 1.0 0.0 0.0 3.0 0.0
664.0137928353349 0.0 0.0 0.0 1.0 0.0 0.0 3.0 0.0
665.0066574746056 0.0 0.0 0.0 1.0 0.0 0.0 3.0 0.0
666.0101127465704 0.0 0.0 0.0 1.0 0.0 0.0 3.0 0.0
667.0049478302248 0.0 0.0 0.0 1.0 0.0 0.0 3.0 0.0
668.0051676828948 0.0 0.0 0.0 1.0 0.0 0.0 3.0 0.0
669.0004761146344 0.0 0.0 0.0 1.0 0.0 0.0 3.0 0.0
670.0137928353349 0.0 0.0 0.0 1.0 0.0 0.0 3.0 0.0
671.0111963542805 0.0 0.0 0.0 1.0 0.0 0.0 3.0 0.0
672.0137928353349 0.0 0.0 0.0 1.0 0.0 0.0 3.0 0.0
673.0001100750166 0.0 0.0 0.0 1.0 0.0 0.0 3.0 0.0
674.0053120737053 0.0 0.0 0.0 1.0 0.0 0.0 3.0 0.0
675.0137928353349 0.0 0.0 0.0 1.0 0.0 0.0 3.0 0.0
676.0016605340744 0.0 0.0 0.0 1.0 0.0 0.0 3.0 0.0
677.0092584350942 0.0 0.0 0.0 1.0 0.0 0.0 3.0 0.0
678.006676115606 0.0 0.0 0.0 1.0 0.0 0.0 3.0 0.0
679.0137928353349 0.0 0.0 0.0 1.0 0.0 0.0 3.0 0.0
680.0001621117428 0.0 0.0 0.0 1.0 0.0 0.0 3.0 0.0
681.0137928353349 0.0 0.0 0.0 1.0 0.0 0.0 3.0 0.0
682.0137928353349 0.0 0.0 0.0 1.0 0.0 0.0 3.0 0.0
683.0137928353349 0.0 0.0 0.0 1.0 0.0 0.0 3.0 0.0
684.0010523138111 0.0 0.0 0.0 1.0 0.0 0.0 3.0 0.0
685.0137928353349 0.0 0.0 0.0 1.0 0.0 0.0 3.0 0.0
686.0137928353349 0.0 0.0 0.0 1.0 0.0 0.0 3.0 0.0
687.0137928353349 0.0 0.0 0.0 1.0 0.0 0.0 3.0 0.0
688.0137928353349 0.0 0.0 0.0 1.0 0.0 0.0 3.0 0.0
689.0137928353349 0.0 0.0 0.0 1.0 0.0 0.0 3.0 0.0
690.0137928353349 0.0 0.0 0.0 1.0 0.0 0.0 3.0 0.0
691.0079164666663 0.0 0.0 0.0 1.0 0.0 0.0 3.0 0.0
692.0055202243138 0.0 0.0 0.0 1.0 0.0 0.0 3.0 0.0
693.0031061507473 0.0 0.0 0.0 1.0 0.0 0.0 3.0 0.0
694.0046528020938 0.0 0.0 0.0 1.0 0.0 0.0 3.0 0.0
695.0074984376483 0.0 0.0 0.0 1.0 0.0 0.0 3.0 0.0
696.0137928353349 0.0 0.0 0.0 1.0 0.0 0.0 3.0 0.0
697.0137928353349 0.0 0.0 0.0 1.0 0.0 0.0 3.0 0.0
698.0059487797159 0.0 0.0 0.0 1.0 0.0 0.0 3.0 0.0
699.011870359114 0.0 0.0 0.0 1.0 0.0 0.0 3.0 0.0
700.0075423285981 0.0 0.0 0.0 1.0 0.0 0.0 3.0 0.0
701.0137928353349 0.0 0.0 0.0 1.0 0.0 0.0 3.0 0.0
702.0100102598371 0.0 0.0 0.0 1.0 0.0 0.0 3.0 0.0
703.0111442743752 0.0 0.0 0.0 1.0 0.0 0.0 3.0 0.0
704.0091546416147 0.0 0.0 0.0 1.0 0.0 0.0 3.0 0.0
705.0064415833526 0.0 0.0 0.0 1.0 0.0 0.0 3.0 0.0
706.0080911136583 0.0 0.0 0.0 1.0 0.0 0.0 3.0 0.0
707.0014628690252 0.0 0.0 0.0 1.0 0.0 0.0 3.0 0.0
708.0089013918952 0.0 0.0 0.0 1.0 0.0 0.0 3.0 0.0
709.0137928353349 0.0 0.0 0.0 1.0 0.0 0.0 3.0 0.0
710.001183373559 0.0 0.0 0.0 1.0 0.0 0.0 3.0 0.0
711.0046923467678 0.0 0.0 0.0 1.0 0.0 0.0 3.0 0.0
712.0032300231018 0.0 0.0 0.0 1.0 0.0 0.0 3.0 0.0
713.0025952609101 0.0 0.0 0.0 1.0 0.0 0.0 3.0 0.0
714.0021474228607 0.0 0.0 0.0 1.0 0.0 0.0 3.0 0.0
715.0047789185917 0.0 0.0 0.0 1.0 0.0 0.0 3.0 0.0
716.0137928353349 0.0 0.0 0.0 1.0 0.0 0.0 3.0 0.0
717.0137928353349 0.0 0.0 0.0 1.0 0.0 0.0 3.0 0.0
718.0137928353349 0.0 0.0 0.0 1.0 0.0 0.0 3.0 0.0
719.0011525061213 0.0 0.0 0.0 1.0 0.0 0.0 3.0 0.0
720.0080510377104 0.0 0.0 0.0 1.0 0.0 0.0 3.0 0.0
721.0000777450449 0.0 0.0 0.0 1.0 0.0 0.0 3.0 0.0
722.0137928353349 0.0 0.0 0.0 1.0 0.0 0.0 3.0 0.0
723.0014675639338 0.0 0.0 0.0 1.0 0.0 0.0 3.0 0.0
724.0033451739131 0.0 0.0 0.0 1.0 0.0 0.0 3.0 0.0
725.0076632018836 0.0 0.0 0.0 1.0 0.0 0.0 3.0 0.0
726.0016786056393 0.0 0.0 0.0 1.0 0.0 0.0 3.0 0.0
727.0137928353349 0.0 0.0 0.0 1.0 0.0 0.0 3.0 0.0
728.0037122335377 0.0 0.0 0.0 1.0 0.0 0.0 3.0 0.0
729.0137928353349 0.0 0.0 0.0 1.0 0.0 0.0 3.0 0.0
730.0028254573133 0.0 0.0 0.0 1.0 0.0 0.0 3.0 0.0
731.0038687405493 0.0 0.0 0.0 1.0 0.0 0.0 3.0 0.0
732.0099475469955 0.0 0.0 0.0 1.0 0.0 0.0 3.0 0.0
733.0122364082806 0.0 0.0 0.0 1.0 0.0 0.0 3.0 0.0
734.0005653680311 0.0 0.0 0.0 1.0 0.0 0.0 3.0 0.0
735.0137928353349 0.0 0.0 0.0 1.0 0.0 0.0 3.0 0.0
736.0092678728613 0.0 0.0 0.0 1.0 0.0 0.0 3.0 0.0
737.0029223712035 0.0 0.0 0.0 1.0 0.0 0.0 3.0 0.0
738.007154365478 0.0 0.0 0.0 1.0 0.0 0.0 3.0 0.0
739.0035763905739 0.0 0.0 0.0 1.0 0.0 0.0 3.0 0.0
740.0105897049688 0.0 0.0 0.0 1.0 0.0 0.0 3.0 0.0
741.0011832810899 0.0 0.0 0.0 1.0 0.0 0.0 3.0 0.0
742.0092811443138 0.0 0.0 0.0 1.0 0.0 0.0 3.0 0.0
743.0137928353349 0.0 0.0 0.0 1.0 0.0 0.0 3.0 0.0
744.0065739718332 0.0 0.0 0.0 1.0 0.0 0.0 3.0 0.0
745.0006327522123 0.0 0.0 0.0 1.0 0.0 0.0 3.0 0.0
746.0137928353349 0.0 0.0 0.0 1.0 0.0 0.0 3.0 0.0
747.0051238355256 0.0 0.0 0.0 1.0 0.0 0.0 3.0 0.0
748.0065041909747 0.0 0.0 0.0 1.0 0.0 0.0 3.0 0.0
749.0009681611373 0.0 0.0 0.0 1.0 0.0 0.0 3.0 0.0
750.000433425574 0.0 0.0 0.0 1.0 0.0 0.0 3.0 0.0
751.0003876717169 0.0 0.0 0.0 1.0 0.0 0.0 3.0 0.0
752.005439144077 0.0 0.0 0.0 1.0 0.0 0.0 3.0 0.0
753.0040682275794 0.0 0.0 0.0 1.0 0.0 0.0 3.0 0.0
754.004135392702 0.0 0.0 0.0 1.0 0.0 0.0 3.0 0.0
755.0071710077523 0.0 0.0 0.0 1.0 0.0 0.0 3.0 0.0
756.0121500039802 0.0 0.0 0.0 1.0 0.0 0.0 3.0 0.0
757.0099849651008 0.0 0.0 0.0 1.0 0.0 0.0 3.0 0.0
758.0004784308722 0.0 0.0 0.0 1.0 0.0 0.0 3.0 0.0
759.0137928353349 0.0 0.0 0.0 1.0 0.0 0.0 3.0 0.0
760.0137928353349 0.0 0.0 0.0 1.0 0.0 0.0 3.0 0.0
761.0024351772418 0.0 0.0 0.0 1.0 0.0 0.0 3.0 0.0
762.000330235224 0.0 0.0 0.0 1.0 0.0 0.0 3.0 0.0
763.0031062744966 0.0 0.0 0.0 1.0 0.0 0.0 3.0 0.0
764.0105998045943 0.0 0.0 0.0 1.0 0.0 0.0 3.0 0.0
765.0027744175738 0.0 0.0 0.0 1.0 0.0 0.0 3.0 0.0
766.0033781306415 0.0 0.0 0.0 1.0 0.0 0.0 3.0 0.0
767.0034383107426 0.0 0.0 0.0 1.0 0.0 0.0 3.0 0.0
768.0105756403466 0.0 0.0 0.0 1.0 0.0 0.0 3.0 0.0
769.0137928353349 0.0 0.0 0.0 1.0 0.0 0.0 3.0 0.0
770.0091942266931 0.0 0.0 0.0 1.0 0.0 0.0 3.0 0.0
771.0137928353349 0.0 0.0 0.0 1.0 0.0 0.0 3.0 0.0
772.0068964955365 0.0 0.0 0.0 1.0 0.0 0.0 3.0 0.0
773.0137928353349 0.0 0.0 0.0 1.0 0.0 0.0 3.0 0.0
774.0026269412436 0.0 0.0 0.0 1.0 0.0 0.0 3.0 0.0
775.0024359252973 0.0 0.0 0.0 1.0 0.0 0.0 3.0 0.0
776.0098490526284 0.0 0.0 0.0 1.0 0.0 0.0 3.0 0.0
777.0137928353349 0.0 0.0 0.0 1.0 0.0 0.0 3.0 0.0
778.007632873125 0.0 0.0 0.0 1.0 0.0 0.0 3.0 0.0
779.0025853897974 0.0 0.0 0.0 1.0 0.0 0.0 3.0 0.0
780.0003543844323 0.0 0.0 0.0 1.0 0.0 0.0 3.0 0.0
781.0053683092071 0.0 0.0 0.0 1.0 0.0 0.0 3.0 0.0
782.0137928353349 0.0 0.0 0.0 1.0 0.0 0.0 3.0 0.0
783.0137928353349 0.0 0.0 0.0 1.0 0.0 0.0 3.0 0.0
784.0137928353349 0.0 0.0 0.0 1.0 0.0 0.0 3.0 0.0
785.0046438521923 0.0 0.0 0.0 1.0 0.0 0.0 3.0 0.0
786.0012527129251 0.0 0.0 0.0 1.0 0.0 0.0 3.0 0.0
787.0064775694825 0.0 0.0 0.0 1.0 0.0 0.0 3.0 0.0
788.0003536325468 0.0 0.0 0.0 1.0 0.0 0.0 3.0 0.0
789.0080521613169 0.0 0.0 0.0 1.0 0.0 0.0 3.0 0.0
790.0006593601921 0.0 0.0 0.0 1.0 0.0 0.0 3.0 0.0
791.0089213079989 0.0 0.0 0.0 1.0 0.0 0.0 3.0 0.0
792.0065857496255 0.0 0.0 0.0 1.0 0.0 0.0 3.0 0.0
793.0137928353349 0.0 0.0 0.0 1.0 0.0 0.0 3.0 0.0
794.0060437296995 0.0 0.0 0.0 1.0 0.0 0.0 3.0 0.0
795.0137928353349 0.0 0.0 0.0 1.0 0.0 0.0 3.0 0.0
796.0085056925299 0.0 0.0 0.0 1.0 0.0 0.0 3.0 0.0
797.0137928353349 0.0 0.0 0.0 1.0 0.0 0.0 3.0 0.0
798.0041785272871 0.0 0.0 0.0 1.0 0.0 0.0 3.0 0.0
799.0022747697941 0.0 0.0 0.0 1.0 0.0 0.0 3.0 0.0
800.0114934643734 0.0 0.0 0.0 1.0 0.0 0.0 3.0 0.0
801.0137928353349 0.0 0.0 0.0 1.0 0.0 0.0 3.0 0.0
802.0087886754253 0.0 0.0 0.0 1.0 0.0 0.0 3.0 0.0
803.012115806257 0.0 0.0 0.0 1.0 0.0 0.0 3.0 0.0
804.0137928353349 0.0 0.0 0.0 1.0 0.0 0.0 3.0 0.0
805.0137928353349 0.0 0.0 0.0 1.0 0.0 0.0 3.0 0.0
806.0032610141603 0.0 0.0 0.0 1.0 0.0 0.0 3.0 0.0
807.0137928353349 0.0 0.0 0.0 1.0 0.0 0.0 3.0 0.0
808.0130517577909 0.0 0.0 0.0 1.0 0.0 0.0 3.0 0.0
809.0137928353349 0.0 0.0 0.0 1.0 0.0 0.0 3.0 0.0
810.0075614304077 0.0 0.0 0.0 1.0 0.0 0.0 3.0 0.0
811.0050581768367 0.0 0.0 0.0 1.0 0.0 0.0 3.0 0.0
812.0137928353349 0.0 0.0 0.0 1.0 0.0 0.0 3.0 0.0
813.0089023379899 0.0 0.0 0.0 1.0 0.0 0.0 3.0 0.0
814.0043740372726 0.0 0.0 0.0 1.0 0.0 0.0 3.0 0.0
815.0137928353349 0.0 0.0 0.0 1.0 0.0 0.0 3.0 0.0
816.0117424531363 0.0 0.0 0.0 1.0 0.0 0.0 3.0 0.0
817.0137928353349 0.0 0.0 0.0 1.0 0.0 0.0 3.0 0.0
818.0137928353349 0.0 0.0 0.0 1.0 0.0 0.0 3.0 0.0
819.0086069243846 0.0 0.0 0.0 1.0 0.0 0.0 3.0 0.0
820.0052855941192 0.0 0.0 0.0 1.0 0.0 0.0 3.0 0.0
821.0137928353349 0.0 0.0 0.0 1.0 0.0 0.0 3.0 0.0
822.0137928353349 0.0 0.0 0.0 1.0 0.0 0.0 3.0 0.0
823.0000484162086 0.0 0.0 0.0 1.0 0.0 0.0 3.0 0.0
824.0014293733575 0.0 0.0 0.0 1.0 0.0 0.0 3.0 0.0
825.0077170710221 0.0 0.0 0.0 1.0 0.0 0.0 3.0 0.0
826.0018866750337 0.0 0.0 0.0 1.0 0.0 0.0 3.0 0.0
827.0004726170196 0.0 0.0 0.0 1.0 0.0 0.0 3.0 0.0
828.0137928353349 0.0 0.0 0.0 1.0 0.0 0.0 3.0 0.0
829.0083070284351 0.0 0.0 0.0 1.0 0.0 0.0 3.0 0.0
830.0002196577603 0.0 0.0 0.0 1.0 0.0 0.0 3.0 0.0
831.0045585683869 0.0 0.0 0.0 1.0 0.0 0.0 3.0 0.0
832.0004442071661 0.0 0.0 0.0 1.0 0.0 0.0 3.0 0.0
833.0127909519769 0.0 0.0 0.0 1.0 0.0 0.0 3.0 0.0
834.0081129656016 0.0 0.0 0.0 1.0 0.0 0.0 3.0 0.0
835.0137928353349 0.0 0.0 0.0 1.0 0.0 0.0 3.0 0.0
836.0137928353349 0.0 0.0 0.0 1.0 0.0 0.0 3.0 0.0
837.0137928353349 0.0 0.0 0.0 1.0 0.0 0.0 3.0 0.0
838.0051505461697 0.0 0.0 0.0 1.0 0.0 0.0 3.0 0.0
839.0137928353349 0.0 0.0 0.0 1.0 0.0 0.0 3.0 0.0
840.0018830937615 0.0 0.0 0.0 1.0 0.0 0.0 3.0 0.0
841.0129220532111 0.0 0.0 0.0 1.0 0.0 0.0 3.0 0.0
842.0137928353349 0.0 0.0 0.0 1.0 0.0 0.0 3.0 0.0
843.0001377673079 0.0 0.0 0.0 1.0 0.0 0.0 3.0 0.0
844.0135446428351 0.0 0.0 0.0 1.0 0.0 0.0 3.0 0.0
845.0137928353349 0.0 0.0 0.0 1.0 0.0 0.0 3.0 0.0
846.0060525865471 0.0 0.0 0.0 1.0 0.0 0.0 3.0 0.0
847.0137928353349 0.0 0.0 0.0 1.0 0.0 0.0 3.0 0.0
848.0061624668512 0.0 0.0 0.0 1.0 0.0 0.0 3.0 0.0
849.0008560096901 0.0 0.0 0.0 1.0 0.0 0.0 3.0 0.0
850.009653522824 0.0 0.0 0.0 1.0 0.0 0.0 3.0 0.0
851.0097024630932 0.0 0.0 0.0 1.0 0.0 0.0 3.0 0.0
852.0137928353349 0.0 0.0 0.0 1.0 0.0 0.0 3.0 0.0
853.0044211741243 0.0 0.0 0.0 1.0 0.0 0.0 3.0 0.0
854.0137928353349 0.0 0.0 0.0 1.0 0.0 0.0 3.0 0.0
855.0016171731916 0.0 0.0 0.0 1.0 0.0 0.0 3.0 0.0
856.0137928353349 0.0 0.0 0.0 1.0 0.0 0.0 3.0 0.0
857.006197328695 0.0 0.0 0.0 1.0 0.0 0.0 3.0 0.0
858.004471251526 0.0 0.0 0.0 1.0 0.0 0.0 3.0 0.0
859.0137928353349 0.0 0.0 0.0 1.0 0.0 0.0 3.0 0.0
860.0013530900694 0.0 0.0 0.0 1.0 0.0 0.0 3.0 0.0
861.0042144698564 0.0 0.0 0.0 1.0 0.0 0.0 3.0 0.0
862.0011495010268 0.0 0.0 0.0 1.0 0.0 0.0 3.0 0.0
863.0017079438879 0.0 0.0 0.0 1.0 0.0 0.0 3.0 0.0
864.0086479963271 0.0 0.0 0.0 1.0 0.0 0.0 3.0 0.0
865.0047064747242 0.0 0.0 0.0 1.0 0.0 0.0 3.0 0.0
866.0137928353349 0.0 0.0 0.0 1.0 0.0 0.0 3.0 0.0
867.0137928353349 0.0 0.0 0.0 1.0 0.0 0.0 3.0 0.0
868.0035367066358 0.0 0.0 0.0 1.0 0.0 0.0 3.0 0.0
869.0098938728955 0.0 0.0 0.0 1.0 0.0 0.0 3.0 0.0
870.0137928353349 0.0 0.0 0.0 1.0 0.0 0.0 3.0 0.0
871.0057511148024 0.0 0.0 0.0 1.0 0.0 0.0 3.0 0.0
872.0009508936934 0.0 0.0 0.0 1.0 0.0 0.0 3.0 0.0
873.0020422149967 0.0 0.0 0.0 1.0 0.0 0.0 3.0 0.0
874.0026033274776 0.0 0.0 0.0 1.0 0.0 0.0 3.0 0.0
875.0137928353349 0.0 0.0 0.0 1.0 0.0 0.0 3.0 0.0
876.004043995725 0.0 0.0 0.0 1.0 0.0 0.0 3.0 0.0
877.0063366849182 0.0 0.0 0.0 1.0 0.0 0.0 3.0 0.0
878.0051743591794 0.0 0.0 0.0 1.0 0.0 0.0 3.0 0.0
879.0049599029468 0.0 0.0 0.0 1.0 0.0 0.0 3.0 0.0
880.0053987472714 0.0 0.0 0.0 1.0 0.0 0.0 3.0 0.0
881.0057956635678 0.0 0.0 0.0 1.0 0.0 0.0 3.0 0.0
882.0137928353349 0.0 0.0 0.0 1.0 0.0 0.0 3.0 0.0
883.0030769750077 0.0 0.0 0.0 1.0 0.0 0.0 3.0 0.0
884.0137928353349 0.0 0.0 0.0 1.0 0.0 0.0 3.0 0.0
885.007314176482 0.0 0.0 0.0 1.0 0.0 0.0 3.0 0.0
886.011559836098 0.0 0.0 0.0 1.0 0.0 0.0 3.0 0.0
887.0037368231867 0.0 0.0 0.0 1.0 0.0 0.0 3.0 0.0
888.0122621394827 0.0 0.0 0.0 1.0 0.0 0.0 3.0 0.0
889.0100082590325 0.0 0.0 0.0 1.0 0.0 0.0 3.0 0.0
890.0057713655368 0.0 0.0 0.0 1.0 0.0 0.0 3.0 0.0
891.0021304851026 0.0 0.0 0.0 1.0 0.0 0.0 3.0 0.0
892.0126490431212 0.0 0.0 0.0 1.0 0.0 0.0 3.0 0.0
893.011093944416 0.0 0.0 0.0 1.0 0.0 0.0 3.0 0.0
894.0137928353349 0.0 0.0 0.0 1.0 0.0 0.0 3.0 0.0
895.0137928353349 0.0 0.0 0.0 1.0 0.0 0.0 3.0 0.0
896.0031356606751 0.0 0.0 0.0 1.0 0.0 0.0 3.0 0.0
897.0002343101369 0.0 0.0 0.0 1.0 0.0 0.0 3.0 0.0
898.0059385601137 0.0 0.0 0.0 1.0 0.0 0.0 3.0 0.0
899.0001748537923 0.0 0.0 0.0 1.0 0.0 0.0 3.0 0.0
900.0112176313878 0.0 0.0 0.0 1.0 0.0 0.0 3.0 0.0
901.0129063543512 0.0 0.0 0.0 1.0 0.0 0.0 3.0 0.0
902.0060661860056 0.0 0.0 0.0 1.0 0.0 0.0 3.0 0.0
903.0008494357146 0.0 0.0 0.0 1.0 0.0 0.0 3.0 0.0
904.0013548006064 0.0 0.0 0.0 1.0 0.0 0.0 3.0 0.0
905.0019078586366 0.0 0.0 0.0 1.0 0.0 0.0 3.0 0.0
906.0071837403531 0.0 0.0 0.0 1.0 0.0 0.0 3.0 0.0
907.0032540632174 0.0 0.0 0.0 1.0 0.0 0.0 3.0 0.0
908.0084751375937 0.0 0.0 0.0 1.0 0.0 0.0 3.0 0.0
909.012703051725 0.0 0.0 0.0 1.0 0.0 0.0 3.0 0.0
910.0004127739007 0.0 0.0 0.0 1.0 0.0 0.0 3.0 0.0
911.0093093288438 0.0 0.0 0.0 1.0 0.0 0.0 3.0 0.0
912.0137830313092 0.0 0.0 0.0 1.0 0.0 0.0 3.0 0.0
913.0137928353349 0.0 0.0 0.0 1.0 0.0 0.0 3.0 0.0
914.0137928353349 0.0 0.0 0.0 1.0 0.0 0.0 3.0 0.0
915.0057185366121 0.0 0.0 0.0 1.0 0.0 0.0 3.0 0.0
916.0048100942374 0.0 0.0 0.0 1.0 0.0 0.0 3.0 0.0
917.0131866269826 0.0 0.0 0.0 1.0 0.0 0.0 3.0 0.0
918.0137928353349 0.0 0.0 0.0 1.0 0.0 0.0 3.0 0.0
919.0098445041713 0.0 0.0 0.0 1.0 0.0 0.0 3.0 0.0
920.0111800106123 0.0 0.0 0.0 1.0 0.0 0.0 3.0 0.0
921.0093376893142 0.0 0.0 0.0 1.0 0.0 0.0 3.0 0.0
922.004675030218 0.0 0.0 0.0 1.0 0.0 0.0 3.0 0.0
923.0137928353349 0.0 0.0 0.0 1.0 0.0 0.0 3.0 0.0
924.0137928353349 0.0 0.0 0.0 1.0 0.0 0.0 3.0 0.0
925.0137928353349 0.0 0.0 0.0 1.0 0.0 0.0 3.0 0.0
926.0137928353349 0.0 0.0 0.0 1.0 0.0 0.0 3.0 0.0
927.0009753533878 0.0 0.0 0.0 1.0 0.0 0.0 3.0 0.0
928.0015648487508 0.0 0.0 0.0 1.0 0.0 0.0 3.0 0.0
929.0038173142657 0.0 0.0 0.0 1.0 0.0 0.0 3.0 0.0
930.0128157252672 0.0 0.0 0.0 1.0 0.0 0.0 3.0 0.0
931.007859484396 0.0 0.0 0.0 1.0 0.0 0.0 3.0 0.0
932.0137928353349 0.0 0.0 0.0 1.0 0.0 0.0 3.0 0.0
933.0052505048861 0.0 0.0 0.0 1.0 0.0 0.0 3.0 0.0
934.0137928353349 0.0 0.0 0.0 1.0 0.0 0.0 3.0 0.0
935.0137928353349 0.0 0.0 0.0 1.0 0.0 0.0 3.0 0.0
936.0137928353349 0.0 0.0 0.0 1.0 0.0 0.0 3.0 0.0
937.0089130350426 0.0 0.0 0.0 1.0 0.0 0.0 3.0 0.0
938.0053165016407 0.0 0.0 0.0 1.0 0.0 0.0 3.0 0.0
939.005429382354 0.0 0.0 0.0 1.0 0.0 0.0 3.0 0.0
940.0067977579951 0.0 0.0 0.0 1.0 0.0 0.0 3.0 0.0
941.0046268802698 0.0 0.0 0.0 1.0 0.0 0.0 3.0 0.0
942.0018644495789 0.0 0.0 0.0 1.0 0.0 0.0 3.0 0.0
943.0074694877991 0.0 0.0 0.0 1.0 0.0 0.0 3.0 0.0
944.0116120522363 0.0 0.0 0.0 1.0 0.0 0.0 3.0 0.0
945.0093390275025 0.0 0.0 0.0 1.0 0.0 0.0 3.0 0.0
946.0137928353349 0.0 0.0 0.0 1.0 0.0 0.0 3.0 0.0
947.0137928353349 0.0 0.0 0.0 1.0 0.0 0.0 3.0 0.0
948.0015970710316 0.0 0.0 0.0 1.0 0.0 0.0 3.0 0.0
949.0137928353349 0.0 0.0 0.0 1.0 0.0 0.0 3.0 0.0
950.0137928353349 0.0 0.0 0.0 1.0 0.0 0.0 3.0 0.0
951.0137928353349 0.0 0.0 0.0 1.0 0.0 0.0 3.0 0.0
952.0137928353349 0.0 0.0 0.0 1.0 0.0 0.0 3.0 0.0
953.0137928353349 0.0 0.0 0.0 1.0 0.0 0.0 3.0 0.0
954.0024018465579 0.0 0.0 0.0 1.0 0.0 0.0 3.0 0.0
955.0136758457827 0.0 0.0 0.0 1.0 0.0 0.0 3.0 0.0
956.0061023048322 0.0 0.0 0.0 1.0 0.0 0.0 3.0 0.0
957.0106846615372 0.0 0.0 0.0 1.0 0.0 0.0 3.0 0.0
958.0012528753489 0.0 0.0 0.0 1.0 0.0 0.0 3.0 0.0
959.0137928353349 0.0 0.0 0.0 1.0 0.0 0.0 3.0 0.0
960.0137928353349 0.0 0.0 0.0 1.0 0.0 0.0 3.0 0.0
961.0000829052155 0.0 0.0 0.0 1.0 0.0 0.0 3.0 0.0
962.0137928353349 0.0 0.0 0.0 1.0 0.0 0.0 3.0 0.0
963.002619059267 0.0 0.0 0.0 1.0 0.0 0.0 3.0 0.0
964.0137928353349 0.0 0.0 0.0 1.0 0.0 0.0 3.0 0.0
965.0137928353349 0.0 0.0 0.0 1.0 0.0 0.0 3.0 0.0
966.0038534859117 0.0 0.0 0.0 1.0 0.0 0.0 3.0 0.0
967.0137928353349 0.0 0.0 0.0 1.0 0.0 0.0 3.0 0.0
968.0050502935859 0.0 0.0 0.0 1.0 0.0 0.0 3.0 0.0
969.0111479258165 0.0 0.0 0.0 1.0 0.0 0.0 3.0 0.0
970.0137928353349 0.0 0.0 0.0 1.0 0.0 0.0 3.0 0.0
971.0137928353349 0.0 0.0 0.0 1.0 0.0 0.0 3.0 0.0
972.0137928353349 0.0 0.0 0.0 1.0 0.0 0.0 3.0 0.0
973.0001075392977 0.0 0.0 0.0 1.0 0.0 0.0 3.0 0.0
974.0043132712918 0.0 0.0 0.0 1.0 0.0 0.0 3.0 0.0
975.0137928353349 0.0 0.0 0.0 1.0 0.0 0.0 3.0 0.0
976.0137928353349 0.0 0.0 0.0 1.0 0.0 0.0 3.0 0.0
977.0137928353349 0.0 0.0 0.0 1.0 0.0 0.0 3.0 0.0
978.0137928353349 0.0 0.0 0.0 1.0 0.0 0.0 3.0 0.0
979.0095617197696 0.0 0.0 0.0 1.0 0.0 0.0 3.0 0.0
980.0026978729655 0.0 0.0 0.0 1.0 0.0 0.0 3.0 0.0
981.0137928353349 0.0 0.0 0.0 1.0 0.0 0.0 3.0 0.0
982.0137928353349 0.0 0.0 0.0 1.0 0.0 0.0 3.0 0.0
983.0035335062555 0.0 0.0 0.0 1.0 0.0 0.0 3.0 0.0
984.0009397107144 0.0 0.0 0.0 1.0 0.0 0.0 3.0 0.0
985.0084761145346 0.0 0.0 0.0 1.0 0.0 0.0 3.0 0.0
986.0070388510479 0.0 0.0 0.0 1.0 0.0 0.0 3.0 0.0
987.0120513533337 0.0 0.0 0.0 1.0 0.0 0.0 3.0 0.0
988.0038548032365 0.0 0.0 0.0 1.0 0.0 0.0 3.0 0.0
989.0033677132465 0.0 0.0 0.0 1.0 0.0 0.0 3.0 0.0
990.0036638831733 0.0 0.0 0.0 1.0 0.0 0.0 3.0 0.0
991.0043770205305 0.0 0.0 0.0 1.0 0.0 0.0 3.0 0.0
992.0137928353349 0.0 0.0 0.0 1.0 0.0 0.0 3.0 0.0
993.0001316211891 0.0 0.0 0.0 1.0 0.0 0.0 3.0 0.0
994.0043951645902 0.0 0.0 0.0 1.0 0.0 0.0 3.0 0.0
995.0137928353349 0.0 0.0 0.0 1.0 0.0 0.0 3.0 0.0
996.0137928353349 0.0 0.0 0.0 1.0 0.0 0.0 3.0 0.0
997.009603162926 0.0 0.0 0.0 1.0 0.0 0.0 3.0 0.0
998.0010322567849 0.0 0.0 0.0 1.0 0.0 0.0 3.0 0.0
999.0051445872072 0.0 0.0 0.0 1.0 0.0 0.0 3.0 0.0
1000.0137928353349 0.0 0.0 0.0 1.0 0.0 0.0 3.0 0.0
1001.0063032958933 0.0 0.0 0.0 1.0 0.0 0.0 3.0 0.0
1002.0137928353349 0.0 0.0 0.0 1.0 0.0 0.0 3.0 0.0
1003.0137928353349 0.0 0.0 0.0 1.0 0.0 0.0 3.0 0.0
1004.0137928353349 0.0 0.0 0.0 1.0 0.0 0.0 3.0 0.0
1005.0137928353349 0.0 0.0 0.0 1.0 0.0 0.0 3.0 0.0
1006.0028657176437 0.0 0.0 0.0 1.0 0.0 0.0 3.0 0.0
1007.0098740997977 0.0 0.0 0.0 1.0 0.0 0.0 3.0 0.0
1008.0094282659078 0.0 0.0 0.0 1.0 0.0 0.0 3.0 0.0
1009.0137928353349 0.0 0.0 0.0 1.0 0.0 0.0 3.0 0.0
1010.0137928353349 0.0 0.0 0.0 1.0 0.0 0.0 3.0 0.0
1011.0021401367624 0.0 0.0 0.0 1.0 0.0 0.0 3.0 0.0
1012.0137928353349 0.0 0.0 0.0 1.0 0.0 0.0 3.0 0.0
1013.0074916653634 0.0 0.0 0.0 1.0 0.0 0.0 3.0 0.0
1014.0137928353349 0.0 0.0 0.0 1.0 0.0 0.0 3.0 0.0
1015.013702411779 0.0 0.0 0.0 1.0 0.0 0.0 3.0 0.0
1016.0123146337814 0.0 0.0 0.0 1.0 0.0 0.0 3.0 0.0
1017.0048202397312 0.0 0.0 0.0 1.0 0.0 0.0 3.0 0.0
1018.0137928353349 0.0 0.0 0.0 1.0 0.0 0.0 3.0 0.0
1019.0114341993147 0.0 0.0 0.0 1.0 0.0 0.0 3.0 0.0
1020.0137928353349 0.0 0.0 0.0 1.0 0.0 0.0 3.0 0.0
1021.002294391711 0.0 0.0 0.0 1.0 0.0 0.0 3.0 0.0
1022.0031370219114 0.0 0.0 0.0 1.0 0.0 0.0 3.0 0.0
1023.0137928353349 0.0 0.0 0.0 1.0 0.0 0.0 3.0 0.0
1024.006918047835 0.0 0.0 0.0 1.0 0.0 0.0 3.0 0.0
1025.0128707872955 0.0 0.0 0.0 1.0 0.0 0.0 3.0 0.0
1026.013792835335 0.0 0.0 0.0 1.0 0.0 0.0 3.0 0.0
1027.0021753946182 0.0 0.0 0.0 1.0 0.0 0.0 3.0 0.0
1028.013792835335 0.0 0.0 0.0 1.0 0.0 0.0 3.0 0.0
1029.0130854861923 0.0 0.0 0.0 1.0 0.0 0.0 3.0 0.0
1030.0000401395807 0.0 0.0 0.0 1.0 0.0 0.0 3.0 0.0
1031.011853630342 0.0 0.0 0.0 1.0 0.0 0.0 3.0 0.0
1032.0128479462421 0.0 0.0 0.0 1.0 0.0 0.0 3.0 0.0
1033.013792835335 0.0 0.0 0.0 1.0 0.0 0.0 3.0 0.0
1034.007661306011 0.0 0.0 0.0 1.0 0.0 0.0 3.0 0.0
1035.0061004516792 0.0 0.0 0.0 1.0 0.0 0.0 3.0 0.0
1036.0027464434345 0.0 0.0 0.0 1.0 0.0 0.0 3.0 0.0
1037.0093696711858 0.0 0.0 0.0 1.0 0.0 0.0 3.0 0.0
1038.013792835335 0.0 0.0 0.0 1.0 0.0 0.0 3.0 0.0
1039.013792835335 0.0 0.0 0.0 1.0 0.0 0.0 3.0 0.0
1040.011692190422 0.0 0.0 0.0 1.0 0.0 0.0 3.0 0.0
1041.013792835335 0.0 0.0 0.0 1.0 0.0 0.0 3.0 0.0
1042.013792835335 0.0 0.0 0.0 1.0 0.0 0.0 3.0 0.0
1043.0097492242667 0.0 0.0 0.0 1.0 0.0 0.0 3.0 0.0
1044.013792835335 0.0 0.0 0.0 1.0 0.0 0.0 3.0 0.0
1045.0073376700404 0.0 0.0 0.0 1.0 0.0 0.0 3.0 0.0
1046.013792835335 0.0 0.0 0.0 1.0 0.0 0.0 3.0 0.0
1047.001003101319 0.0 0.0 0.0 1.0 0.0 0.0 3.0 0.0
1048.006061950565 0.0 0.0 0.0 1.0 0.0 0.0 3.0 0.0
1049.004416170968 0.0 0.0 0.0 1.0 0.0 0.0 3.0 0.0
1050.013663627349 0.0 0.0 0.0 1.0 0.0 0.0 3.0 0.0
1051.013792835335 0.0 0.0 0.0 1.0 0.0 0.0 3.0 0.0
1052.0006305153029 0.0 0.0 0.0 1.0 0.0 0.0 3.0 0.0
1053.0094536759632 0.0 0.0 0.0 1.0 0.0 0.0 3.0 0.0
1054.0073140348604 0.0 0.0 0.0 1.0 0.0 0.0 3.0 0.0
1055.0130875526434 0.0 0.0 0.0 1.0 0.0 0.0 3.0 0.0
1056.013792835335 0.0 0.0 0.0 1.0 0.0 0.0 3.0 0.0
1057.0017966682783 0.0 0.0 0.0 1.0 0.0 0.0 3.0 0.0
1058.0009988944091 0.0 0.0 0.0 1.0 0.0 0.0 3.0 0.0
1059.0017616502182 0.0 0.0 0.0 1.0 0.0 0.0 3.0 0.0
1060.013792835335 0.0 0.0 0.0 1.0 0.0 0.0 3.0 0.0
1061.013792835335 0.0 0.0 0.0 1.0 0.0 0.0 3.0 0.0
1062.009844835334 0.0 0.0 0.0 1.0 0.0 0.0 3.0 0.0
1063.006865316811 0.0 0.0 0.0 1.0 0.0 0.0 3.0 0.0
1064.0007587083053 0.0 0.0 0.0 1.0 0.0 0.0 3.0 0.0
1065.0086408344703 0.0 0.0 0.0 1.0 0.0 0.0 3.0 0.0
1066.0023299340623 0.0 0.0 0.0 1.0 0.0 0.0 3.0 0.0
1067.0010109324703 0.0 0.0 0.0 1.0 0.0 0.0 3.0 0.0
1068.0069675350537 0.0 0.0 0.0 1.0 0.0 0.0 3.0 0.0
1069.0025185295524 0.0 0.0 0.0 1.0 0.0 0.0 3.0 0.0
1070.0114846120093 0.0 0.0 0.0 1.0 0.0 0.0 3.0 0.0
1071.0032745990623 0.0 0.0 0.0 1.0 0.0 0.0 3.0 0.0
1072.0087540616412 0.0 0.0 0.0 1.0 0.0 0.0 3.0 0.0
1073.013792835335 0.0 0.0 0.0 1.0 0.0 0.0 3.0 0.0
1074.0066739708989 0.0 0.0 0.0 1.0 0.0 0.0 3.0 0.0
1075.013792835335 0.0 0.0 0.0 1.0 0.0 0.0 3.0 0.0
1076.0000169240213 0.0 0.0 0.0 1.0 0.0 0.0 3.0 0.0
1077.007748244139 0.0 0.0 0.0 1.0 0.0 0.0 3.0 0.0
1078.004231960272 0.0 0.0 0.0 1.0 0.0 0.0 3.0 0.0
1079.0108082279903 0.0 0.0 0.0 1.0 0.0 0.0 3.0 0.0
1080.008174260623 0.0 0.0 0.0 1.0 0.0 0.0 3.0 0.0
1081.013792835335 0.0 0.0 0.0 1.0 0.0 0.0 3.0 0.0
1082.0068639914964 0.0 0.0 0.0 1.0 0.0 0.0 3.0 0.0
1083.0046422240964 0.0 0.0 0.0 1.0 0.0 0.0 3.0 0.0
1084.013792835335 0.0 0.0 0.0 1.0 0.0 0.0 3.0 0.0
1085.013792835335 0.0 0.0 0.0 1.0 0.0 0.0 3.0 0.0
1086.013792835335 0.0 0.0 0.0 1.0 0.0 0.0 3.0 0.0
1087.007307248222 0.0 0.0 0.0 1.0 0.0 0.0 3.0 0.0
1088.0020137809158 0.0 0.0 0.0 1.0 0.0 0.0 3.0 0.0
1089.009626148007 0.0 0.0 0.0 1.0 0.0 0.0 3.0 0.0
1090.013792835335 0.0 0.0 0.0 1.0 0.0 0.0 3.0 0.0
1091.003292767163 0.0 0.0 0.0 1.0 0.0 0.0 3.0 0.0
1092.013792835335 0.0 0.0 0.0 1.0 0.0 0.0 3.0 0.0
1093.013792835335 0.0 0.0 0.0 1.0 0.0 0.0 3.0 0.0
1094.0053005858788 0.0 0.0 0.0 1.0 0.0 0.0 3.0 0.0
1095.013792835335 0.0 0.0 0.0 1.0 0.0 0.0 3.0 0.0
1096.0007211221434 0.0 0.0 0.0 1.0 0.0 0.0 3.0 0.0
1097.0002372993447 0.0 0.0 0.0 1.0 0.0 0.0 3.0 0.0
1098.0032202953314 0.0 0.0 0.0 1.0 0.0 0.0 3.0 0.0
1099.0081678495374 0.0 0.0 0.0 1.0 0.0 0.0 3.0 0.0
1100.0 0.0 0.0 0.0 1.0 0.0 1.0 3.0 0.0
1101.0090774598948 0.9625 0.0 0.0 0.03749999999999999 0.0 1.0 3.025 0.0712962962962963
1102.013792835335 1.0 0.0 0.0 0.0 0.0 1.0 3.9375 0.0
1103.0047081436348 1.0 0.0 0.0 0.0 0.0 1.0 4.825 0.0
1104.0049785452338 1.0 0.0 0.0 0.0 0.0 1.0 5.0 0.0
1105.0067274047617 1.0 0.0 0.0 0.0 0.0 1.0 5.0 0.0
1106.0048143242009 1.0 0.0 0.0 0.0 0.0 1.0 5.0 0.0
1107.0045977269585 1.0 0.0 0.0 0.0 0.0 1.0 5.0 0.0
1108.0059337743 1.0 0.0 0.0 0.0 0.0 1.0 5.0 0.0
1109.0095255225792 1.0 0.0 0.0 0.0 0.0 1.0 5.0 0.0
1110.0049131459677 1.0 0.0 0.0 0.0 0.0 1.0 5.0 0.0
1111.0119285819355 1.0 0.0 0.0 0.0 0.0 1.0 5.0 0.0
1112.013792835335 1.0 0.0 0.0 0.0 0.0 1.0 5.0 0.0
1113.013792835335 1.0 0.0 0.0 0.0 0.0 1.0 5.0 0.0
1114.0102697704347 1.0 0.0 0.0 0.0 0.0 1.0 5.0 0.0
1115.003562237543 1.0 0.0 0.0 0.0 0.0 1.0 5.0 0.0
1116.013792835335 1.0 0.0 0.0 0.0 0.0 1.0 5.0 0.0
1117.013792835335 1.0 0.0 0.0 0.0 0.0 1.0 5.0 0.0
1118.0115408981865 1.0 0.0 0.0 0.0 0.0 1.0 5.0 0.0
1119.013792835335 1.0 0.0 0.0 0.0 0.0 1.0 5.0 0.0
1120.013792835335 1.0 0.0 0.0 0.0 0.0 1.0 5.0 0.0
1121.002252365885 1.0 0.0 0.0 0.0 0.0 1.0 5.0 0.0
1122.013792835335 1.0 0.0 0.0 0.0 0.0 1.0 5.0 0.0
1123.013792835335 1.0 0.0 0.0 0.0 0.0 1.0 5.0 0.0
1124.013792835335 1.0 0.0 0.0 0.0 0.0 1.0 5.0 0.0
1125.013792835335 1.0 0.0 0.0 0.0 0.0 1.0 5.0 0.0
1126.003072009833 1.0 0.0 0.0 0.0 0.0 1.0 5.0 0.0
1127.013792835335 1.0 0.0 0.0 0.0 0.0 1.0 5.0 0.0
1128.001106964159 1.0 0.0 0.0 0.0 0.0 1.0 5.0 0.0
1129.013792835335 1.0 0.0 0.0 0.0 0.0 1.0 5.0 0.0
1130.013792835335 1.0 0.0 0.0 0.0 0.0 1.0 5.0 0.0
1131.0053810080522 1.0 0.0 0.0 0.0 0.0 1.0 5.0 0.0
1132.013792835335 1.0 0.0 0.0 0.0 0.0 1.0 5.0 0.0
1133.0060687643156 1.0 0.0 0.0 0.0 0.0 1.0 5.0 0.0
1134.013792835335 1.0 0.0 0.0 0.0 0.0 1.0 5.0 0.0
1135.0070830806592 1.0 0.0 0.0 0.0 0.0 1.0 5.0 0.0
1136.0023465069219 1.0 0.0 0.0 0.0 0.0 1.0 5.0 0.0
1137.0086176075313 1.0 0.0 0.0 0.0 0.0 1.0 5.0 0.0
1138.0060896543885 1.0 0.0 0.0 0.0 0.0 1.0 5.0 0.0
1139.005212899209 1.0 0.0 0.0 0.0 0.0 1.0 5.0 0.0
1140.013792835335 1.0 0.0 0.0 0.0 0.0 1.0 5.0 0.0
1141.0016849184033 1.0 0.0 0.0 0.0 0.0 1.0 5.0 0.0
1142.0101222717983 1.0 0.0 0.0 0.0 0.0 1.0 5.0 0.0
1143.0067962709293 1.0 0.0 0.0 0.0 0.0 1.0 5.0 0.0
1144.0008503771896 1.0 0.0 0.0 0.0 0.0 1.0 5.0 0.0
1145.013792835335 1.0 0.0 0.0 0.0 0.0 1.0 5.0 0.0
1146.0033126608562 1.0 0.0 0.0 0.0 0.0 1.0 5.0 0.0
1147.013792835335 1.0 0.0 0.0 0.0 0.0 1.0 5.0 0.0
1148.013792835335 1.0 0.0 0.0 0.0 0.0 1.0 5.0 0.0
1149.0091689174099 1.0 0.0 0.0 0.0 0.0 1.0 5.0 0.0
1150.0136559443379 1.0 0.0 0.0 0.0 0.0 1.0 5.0 0.0
1151.0033289820622 1.0 0.0 0.0 0.0 0.0 1.0 5.0 0.0
1152.013792835335 1.0 0.0 0.0 0.0 0.0 1.0 5.0 0.0
1153.00590108535 1.0 0.0 0.0 0.0 0.0 1.0 5.0 0.0
1154.005326569329 1.0 0.0 0.0 0.0 0.0 1.0 5.0 0.0
1155.0119472070437 1.0 0.0 0.0 0.0 0.0 1.0 5.0 0.0
1156.013792835335 1.0 0.0 0.0 0.0 0.0 1.0 5.0 0.0
1157.0069961742151 1.0 0.0 0.0 0.0 0.0 1.0 5.0 0.0
1158.013792835335 1.0 0.0 0.0 0.0 0.0 1.0 5.0 0.0
1159.0056165342833 1.0 0.0 0.0 0.0 0.0 1.0 5.0 0.0
1160.0102645958439 1.0 0.0 0.0 0.0 0.0 1.0 5.0 0.0
1161.0021887589642 1.0 0.0 0.0 0.0 0.0 1.0 5.0 0.0
1162.013792835335 1.0 0.0 0.0 0.0 0.0 1.0 5.0 0.0
1163.008789186303 1.0 0.0 0.0 0.0 0.0 1.0 5.0 0.0
1164.0048045622543 1.0 0.0 0.0 0.0 0.0 1.0 5.0 0.0
1165.0089197886412 1.0 0.0 0.0 0.0 0.0 1.0 5.0 0.0
1166.013792835335 1.0 0.0 0.0 0.0 0.0 1.0 5.0 0.0
1167.013792835335 1.0 0.0 0.0 0.0 0.0 1.0 5.0 0.0
1168.013792835335 1.0 0.0 0.0 0.0 0.0 1.0 5.0 0.0
1169.0056241998002 1.0 0.0 0.0 0.0 0.0 1.0 5.0 0.0
1170.0064012298672 1.0 0.0 0.0 0.0 0.0 1.0 5.0 0.0
1171.003565897603 1.0 0.0 0.0 0.0 0.0 1.0 5.0 0.0
1172.013792835335 1.0 0.0 0.0 0.0 0.0 1.0 5.0 0.0
1173.000050832957 1.0 0.0 0.0 0.0 0.0 1.0 5.0 0.0
1174.013792835335 1.0 0.0 0.0 0.0 0.0 1.0 5.0 0.0
1175.0002987723776 1.0 0.0 0.0 0.0 0.0 1.0 5.0 0.0
1176.000804465394 1.0 0.0 0.0 0.0 0.0 1.0 5.0 0.0
1177.009515232091 1.0 0.0 0.0 0.0 0.0 1.0 5.0 0.0
1178.013792835335 1.0 0.0 0.0 0.0 0.0 1.0 5.0 0.0
1179.013792835335 1.0 0.0 0.0 0.0 0.0 1.0 5.0 0.0
1180.0115459272579 1.0 0.0 0.0 0.0 0.0 1.0 5.0 0.0
1181.0005722131475 1.0 0.0 0.0 0.0 0.0 1.0 5.0 0.0
1182.013792835335 1.0 0.0 0.0 0.0 0.0 1.0 5.0 0.0
1183.01320391833 1.0 0.0 0.0 0.0 0.0 1.0 5.0 0.0
1184.0065697847567 1.0 0.0 0.0 0.0 0.0 1.0 5.0 0.0
1185.013792835335 1.0 0.0 0.0 0.0 0.0 1.0 5.0 0.0
1186.0006046765557 1.0 0.0 0.0 0.0 0.0 1.0 5.0 0.0
1187.013792835335 1.0 0.0 0.0 0.0 0.0 1.0 5.0 0.0
1188.013792835335 1.0 0.0 0.0 0.0 0.0 1.0 5.0 0.0
1189.0115130625486 1.0 0.0 0.0 0.0 0.0 1.0 5.0 0.0
1190.0016309955265 1.0 0.0 0.0 0.0 0.0 1.0 5.0 0.0
1191.0020278850222 1.0 0.0 0.0 0.0 0.0 1.0 5.0 0.0
1192.0045264926498 1.0 0.0 0.0 0.0 0.0 1.0 5.0 0.0
1193.0047110367118 1.0 0.0 0.0 0.0 0.0 1.0 5.0 0.0
1194.013792835335 1.0 0.0 0.0 0.0 0.0 1.0 5.0 0.0
1195.0017486292354 1.0 0.0 0.0 0.0 0.0 1.0 5.0 0.0
1196.004515885385 1.0 0.0 0.0 0.0 0.0 1.0 5.0 0.0
1197.013792835335 1.0 0.0 0.0 0.0 0.0 1.0 5.0 0.0
1198.007468200697 1.0 0.0 0.0 0.0 0.0 1.0 5.0 0.0
1199.0078923216538 1.0 0.0 0.0 0.0 0.0 1.0 5.0 0.0
1200.0 1.0 0.0 0.0 0.0 0.0 1.0 5.0 0.0
1201.0 0.1875 0.0 0.8125 0.0 0.0 1.0 4.9875 0.30092592592592593
1202.0 0.0 0.0 1.0 0.0 0.0 1.0 4.8625 0.0
1203.0 0.0 0.0 1.0 0.0 0.0 1.0 5.8125 0.0
1204.0 0.0 0.0 1.0 0.0 0.0 1.0 6.0 0.0
1205.0 0.0 0.0 1.0 0.0 0.0 1.0 6.0 0.0
1206.0 0.0 0.0 1.0 0.0 0.0 1.0 6.0 0.0
1207.0 0.0 0.0 1.0 0.0 0.0 1.0 6.0 0.0
1208.0 0.0 0.0 1.0 0.0 0.0 1.0 6.0 0.0
1209.0 0.0 0.0 1.0 0.0 0.0 1.0 6.0 0.0
1210.0 0.0 0.0 1.0 0.0 0.0 1.0 6.0 0.0
1211.0 0.0 0.0 1.0 0.0 0.0 1.0 6.0 0.0
1212.0 0.0 0.0 1.0 0.0 0.0 1.0 6.0 0.0
1213.0 0.0 0.0 1.0 0.0 0.0 1.0 6.0 0.0
1214.0 0.0 0.0 1.0 0.0 0.0 1.0 6.0 0.0
1215.0 0.0 0.0 1.0 0.0 0.0 1.0 6.0 0.0
1216.0 0.0 0.0 1.0 0.0 0.0 1.0 6.0 0.0
1217.0 0.0 0.0 1.0 0.0 0.0 1.0 6.0 0.0
1218.0 0.0 0.0 1.0 0.0 0.0 1.0 6.0 0.0
1219.0 0.0 0.0 1.0 0.0 0.0 1.0 6.0 0.0
1220.0 0.0 0.0 1.0 0.0 0.0 1.0 6.0 0.0
1221.0 0.0 0.0 1.0 0.0 0.0 1.0 6.0 0.0
1222.0 0.0 0.0 1.0 0.0 0.0 1.0 6.0 0.0
1223.0 0.0 0.0 1.0 0.0 0.0 1.0 6.0 0.0
1224.0 0.0 0.0 1.0 0.0 0.0 1.0 6.0 0.0
1225.0 0.0 0.0 1.0 0.0 0.0 1.0 6.0 0.0
1226.0 0.0 0.0 1.0 0.0 0.0 1.0 6.0 0.0
1227.0 0.0 0.0 1.0 0.0 0.0 1.0 6.0 0.0
1228.0 0.0 0.0 1.0 0.0 0.0 1.0 6.0 0.0
1229.0 0.0 0.0 1.0 0.0 0.0 1.0 6.0 0.0
1230.0 0.0 0.0 1.0 0.0 0.0 1.0 6.0 0.0
1231.0 0.0 0.0 1.0 0.0 0.0 1.0 6.0 0.0
1232.0 0.0 0.0 1.0 0.0 0.0 1.0 6.0 0.0
1233.0 0.0 0.0 1.0 0.0 0.0 1.0 6.0 0.0
1234.0 0.0 0.0 1.0 0.0 0.0 1.0 6.0 0.0
1235.0 0.0 0.0 1.0 0.0 0.0 1.0 6.0 0.0
1236.0 0.0 0.0 1.0 0.0 0.0 1.0 6.0 0.0
1237.0 0.0 0.0 1.0 0.0 0.0 1.0 6.0 0.0
1238.0 0.0 0.0 1.0 0.0 0.0 1.0 6.0 0.0
1239.0 0.0 0.0 1.0 0.0 0.0 1.0 6.0 0.0
1240.0 0.0 0.0 1.0 0.0 0.0 1.0 6.0 0.0
1241.0 0.0 0.0 1.0 0.0 0.0 1.0 6.0 0.0
1242.0 0.0 0.0 1.0 0.0 0.0 1.0 6.0 0.0
1243.0 0.0 0.0 1.0 0.0 0.0 1.0 6.0 0.0
1244.0 0.0 0.0 1.0 0.0 0.0 1.0 6.0 0.0
1245.0 0.0 0.0 1.0 0.0 0.0 1.0 6.0 0.0
1246.0 0.0 0.0 1.0 0.0 0.0 1.0 6.0 0.0
1247.0 0.0 0.0 1.0 0.0 0.0 1.0 6.0 0.0
1248.0 0.0 0.0 1.0 0.0 0.0 1.0 6.0 0.0
1249.0 0.0 0.0 1.0 0.0 0.0 1.0 6.0 0.0
1250.0 0.0 0.0 1.0 0.0 0.0 1.0 6.0 0.0
1251.0 0.0 0.0 1.0 0.0 0.0 1.0 6.0 0.0
1252.0 0.0 0.0 1.0 0.0 0.0 1.0 6.0 0.0
1253.0 0.0 0.0 1.0 0.0 0.0 1.0 6.0 0.0
1254.0 0.0 0.0 1.0 0.0 0.0 1.0 6.0 0.0
1255.0 0.0 0.0 1.0 0.0 0.0 1.0 6.0 0.0
1256.0 0.0 0.0 1.0 0.0 0.0 1.0 6.0 0.0
1257.0 0.0 0.0 1.0 0.0 0.0 1.0 6.0 0.0
1258.0 0.0 0.0 1.0 0.0 0.0 1.0 6.0 0.0
1259.0 0.0 0.0 1.0 0.0 0.0 1.0 6.0 0.0
1260.0 0.0 0.0 1.0 0.0 0.0 1.0 6.0 0.0
1261.0 0.0 0.0 1.0 0.0 0.0 1.0 6.0 0.0
1262.0 0.0 0.0 1.0 0.0 0.0 1.0 6.0 0.0
1263.0 0.0 0.0 1.0 0.0 0.0 1.0 6.0 0.0
1264.0 0.0 0.0 1.0 0.0 0.0 1.0 6.0 0.0
1265.0 0.0 0.0 1.0 0.0 0.0 1.0 6.0 0.0
1266.0 0.0 0.0 1.0 0.0 0.0 1.0 6.0 0.0
1267.0 0.0 0.0 1.0 0.0 0.0 1.0 6.0 0.0
1268.0 0.0 0.0 1.0 0.0 0.0 1.0 6.0 0.0
1269.0 0.0 0.0 1.0 0.0 0.0 1.0 6.0 0.0
1270.0 0.0 0.0 1.0 0.0 0.0 1.0 6.0 0.0
1271.0 0.0 0.0 1.0 0.0 0.0 1.0 6.0 0.0
1272.0 0.0 0.0 1.0 0.0 0.0 1.0 6.0 0.0
1273.0 0.0 0.0 1.0 0.0 0.0 1.0 6.0 0.0
1274.0 0.0 0.0 1.0 0.0 0.0 1.0 6.0 0.0
1275.0 0.0 0.0 1.0 0.0 0.0 1.0 6.0 0.0
1276.0 0.0 0.0 1.0 0.0 0.0 1.0 6.0 0.0
1277.0 0.0 0.0 1.0 0.0 0.0 1.0 6.0 0.0
1278.0 0.0 0.0 1.0 0.0 0.0 1.0 6.0 0.0
1279.0 0.0 0.0 1.0 0.0 0.0 1.0 6.0 0.0
1280.0 0.0 0.0 1.0 0.0 0.0 1.0 6.0 0.0
1281.0 0.0 0.0 1.0 0.0 0.0 1.0 6.0 0.0
1282.0 0.0 0.0 1.0 0.0 0.0 1.0 6.0 0.0
1283.0 0.0 0.0 1.0 0.0 0.0 1.0 6.0 0.0
1284.0 0.0 0.0 1.0 0.0 0.0 1.0 6.0 0.0
1285.0 0.0 0.0 1.0 0.0 0.0 1.0 6.0 0.0
1286.0 0.0 0.0 1.0 0.0 0.0 1.0 6.0 0.0
1287.0 0.0 0.0 1.0 0.0 0.0 1.0 6.0 0.0
1288.0 0.0 0.0 0.07500000000000001 0.925 0.0 0.0 6.025 0.13703703703703704
1289.013792835335 0.0 0.0 0.0 1.0 0.0 0.0 6.875 0.0
1290.013792835335 0.0 0.0 0.0 1.0 0.0 0.0 7.875 0.0
1291.013792835335 0.0 0.0 0.0 1.0 0.0 0.0 8.0 0.0
1292.0067605294628 0.0 0.0 0.0 1.0 0.0 0.0 8.0 0.0
1293.010157287563 0.0 0.0 0.0 1.0 0.0 0.0 8.0 0.0
1294.013792835335 0.0 0.0 0.0 1.0 0.0 0.0 8.0 0.0
1295.013792835335 0.0 0.0 0.0 1.0 0.0 0.0 8.0 0.0
1296.013792835335 0.0 0.0 0.0 1.0 0.0 0.0 8.0 0.0
1297.013792835335 0.0 0.0 0.0 1.0 0.0 0.0 8.0 0.0
1298.001551404292 0.0 0.0 0.0 1.0 0.0 0.0 8.0 0.0
1299.0047471554315 0.0 0.0 0.0 1.0 0.0 0.0 8.0 0.0
1300.013792835335 0.0 0.0 0.0 1.0 0.0 0.0 8.0 0.0
1301.00075843236 0.0 0.0 0.0 1.0 0.0 0.0 8.0 0.0
1302.0023356788415 0.0 0.0 0.0 1.0 0.0 0.0 8.0 0.0
1303.0085904360387 0.0 0.0 0.0 1.0 0.0 0.0 8.0 0.0
1304.0134636914465 0.0 0.0 0.0 1.0 0.0 0.0 8.0 0.0
1305.011568539946 0.0 0.0 0.0 1.0 0.0 0.0 8.0 0.0
1306.0103871322567 0.0 0.0 0.0 1.0 0.0 0.0 8.0 0.0
1307.013792835335 0.0 0.0 0.0 1.0 0.0 0.0 8.0 0.0
1308.013792835335 0.0 0.0 0.0 1.0 0.0 0.0 8.0 0.0
1309.0008250891888 0.0 0.0 0.0 1.0 0.0 0.0 8.0 0.0
1310.013792835335 0.0 0.0 0.0 1.0 0.0 0.0 8.0 0.0
1311.0059822002913 0.0 0.0 0.0 1.0 0.0 0.0 8.0 0.0
1312.013792835335 0.0 0.0 0.0 1.0 0.0 0.0 8.0 0.0
1313.0051693883702 0.0 0.0 0.0 1.0 0.0 0.0 8.0 0.0
1314.0044629545362 0.0 0.0 0.0 1.0 0.0 0.0 8.0 0.0
1315.013792835335 0.0 0.0 0.0 1.0 0.0 0.0 8.0 0.0
1316.013792835335 0.0 0.0 0.0 1.0 0.0 0.0 8.0 0.0
1317.013792835335 0.0 0.0 0.0 1.0 0.0 0.0 8.0 0.0
1318.013792835335 0.0 0.0 0.0 1.0 0.0 0.0 8.0 0.0
1319.013792835335 0.0 0.0 0.0 1.0 0.0 0.0 8.0 0.0
1320.0027052187233 0.0 0.0 0.0 1.0 0.0 0.0 8.0 0.0
1321.01078977198 0.0 0.0 0.0 1.0 0.0 0.0 8.0 0.0
1322.013792835335 0.0 0.0 0.0 1.0 0.0 0.0 8.0 0.0
1323.013792835335 0.0 0.0 0.0 1.0 0.0 0.0 8.0 0.0
1324.013792835335 0.0 0.0 0.0 1.0 0.0 0.0 8.0 0.0
1325.0093587183846 0.0 0.0 0.0 1.0 0.0 0.0 8.0 0.0
1326.013792835335 0.0 0.0 0.0 1.0 0.0 0.0 8.0 0.0
1327.0085822437638 0.0 0.0 0.0 1.0 0.0 0.0 8.0 0.0
1328.0134568974604 0.0 0.0 0.0 1.0 0.0 0.0 8.0 0.0
1329.0089230828048 0.0 0.0 0.0 1.0 0.0 0.0 8.0 0.0
1330.0135765272257 0.0 0.0 0.0 1.0 0.0 0.0 8.0 0.0
1331.013792835335 0.0 0.0 0.0 1.0 0.0 0.0 8.0 0.0
1332.002379549036 0.0 0.0 0.0 1.0 0.0 0.0 8.0 0.0
1333.013792835335 0.0 0.0 0.0 1.0 0.0 0.0 8.0 0.0
1334.0008527786601 0.0 0.0 0.0 1.0 0.0 0.0 8.0 0.0
1335.013792835335 0.0 0.0 0.0 1.0 0.0 0.0 8.0 0.0
1336.009968268268 0.0 0.0 0.0 1.0 0.0 0.0 8.0 0.0
1337.0031445222944 0.0 0.0 0.0 1.0 0.0 0.0 8.0 0.0
1338.000178163293 0.0 0.0 0.0 1.0 0.0 0.0 8.0 0.0
1339.0075935149416 0.0 0.0 0.0 1.0 0.0 0.0 8.0 0.0
1340.013792835335 0.0 0.0 0.0 1.0 0.0 0.0 8.0 0.0
1341.0004292040653 0.0 0.0 0.0 1.0 0.0 0.0 8.0 0.0
1342.0119709691382 0.0 0.0 0.0 1.0 0.0 0.0 8.0 0.0
1343.0011609179674 0.0 0.0 0.0 1.0 0.0 0.0 8.0 0.0
1344.013792835335 0.0 0.0 0.0 1.0 0.0 0.0 8.0 0.0
1345.0061821669278 0.0 0.0 0.0 1.0 0.0 0.0 8.0 0.0
1346.0034143185514 0.0 0.0 0.0 1.0 0.0 0.0 8.0 0.0
1347.0088356484453 0.0 0.0 0.0 1.0 0.0 0.0 8.0 0.0
1348.0052799078521 0.0 0.0 0.0 1.0 0.0 0.0 8.0 0.0
1349.013792835335 0.0 0.0 0.0 1.0 0.0 0.0 8.0 0.0
1350.013792835335 0.0 0.0 0.0 1.0 0.0 0.0 8.0 0.0
1351.0090217018326 0.0 0.0 0.0 1.0 0.0 0.0 8.0 0.0
1352.013792835335 0.0 0.0 0.0 1.0 0.0 0.0 8.0 0.0
1353.0110730013325 0.0 0.0 0.0 1.0 0.0 0.0 8.0 0.0
1354.001551375491 0.0 0.0 0.0 1.0 0.0 0.0 8.0 0.0
1355.0011381956647 0.0 0.0 0.0 1.0 0.0 0.0 8.0 0.0
1356.0079093149282 0.0 0.0 0.0 1.0 0.0 0.0 8.0 0.0
1357.0097683401395 0.0 0.0 0.0 1.0 0.0 0.0 8.0 0.0
1358.0037240143977 0.0 0.0 0.0 1.0 0.0 0.0 8.0 0.0
1359.0056400824178 0.0 0.0 0.0 1.0 0.0 0.0 8.0 0.0
1360.008057194591 0.0 0.0 0.0 1.0 0.0 0.0 8.0 0.0
1361.013792835335 0.0 0.0 0.0 1.0 0.0 0.0 8.0 0.0
1362.0048914707652 0.0 0.0 0.0 1.0 0.0 0.0 8.0 0.0
1363.0091663318765 0.0 0.0 0.0 1.0 0.0 0.0 8.0 0.0
1364.0049913405287 0.0 0.0 0.0 1.0 0.0 0.0 8.0 0.0
1365.013792835335 0.0 0.0 0.0 1.0 0.0 0.0 8.0 0.0
1366.0046014251463 0.0 0.0 0.0 1.0 0.0 0.0 8.0 0.0
1367.013792835335 0.0 0.0 0.0 1.0 0.0 0.0 8.0 0.0
1368.0044392412456 0.0 0.0 0.0 1.0 0.0 0.0 8.0 0.0
1369.013792835335 0.0 0.0 0.0 1.0 0.0 0.0 8.0 0.0
1370.0015678171314 0.0 0.0 0.0 1.0 0.0 0.0 8.0 0.0
1371.0016366592051 0.0 0.0 0.0 1.0 0.0 0.0 8.0 0.0
1372.013792835335 0.0 0.0 0.0 1.0 0.0 0.0 8.0 0.0
1373.013792835335 0.0 0.0 0.0 1.0 0.0 0.0 8.0 0.0
1374.0078380760447 0.0 0.0 0.0 1.0 0.0 0.0 8.0 0.0
1375.0008256608457 0.0 0.0 0.0 1.0 0.0 0.0 8.0 0.0
1376.0047603998623 0.0 0.0 0.0 1.0 0.0 0.0 8.0 0.0
1377.013792835335 0.0 0.0 0.0 1.0 0.0 0.0 8.0 0.0
1378.013792835335 0.0 0.0 0.0 1.0 0.0 0.0 8.0 0.0
1379.0053755361273 0.0 0.0 0.0 1.0 0.0 0.0 8.0 0.0
1380.0011071255785 0.0 0.0 0.0 1.0 0.0 0.0 8.0 0.0
1381.013792835335 0.0 0.0 0.0 1.0 0.0 0.0 8.0 0.0
1382.0107371652334 0.0 0.0 0.0 1.0 0.0 0.0 8.0 0.0
1383.006186444419 0.0 0.0 0.0 1.0 0.0 0.0 8.0 0.0
1384.0028304960583 0.0 0.0 0.0 1.0 0.0 0.0 8.0 0.0
1385.013792835335 0.0 0.0 0.0 1.0 0.0 0.0 8.0 0.0
1386.013792835335 0.0 0.0 0.0 1.0 0.0 0.0 8.0 0.0
1387.0042077031362 0.0 0.0 0.0 1.0 0.0 0.0 8.0 0.0
1388.0087031169212 0.0 0.0 0.0 1.0 0.0 0.0 8.0 0.0
1389.011984868092 0.0 0.0 0.0 1.0 0.0 0.0 8.0 0.0
1390.013792835335 0.0 0.0 0.0 1.0 0.0 0.0 8.0 0.0
1391.001551578311 0.0 0.0 0.0 1.0 0.0 0.0 8.0 0.0
1392.0074249699865 0.0 0.0 0.0 1.0 0.0 0.0 8.0 0.0
1393.013792835335 0.0 0.0 0.0 1.0 0.0 0.0 8.0 0.0
1394.013792835335 0.0 0.0 0.0 1.0 0.0 0.0 8.0 0.0
1395.013792835335 0.0 0.0 0.0 1.0 0.0 0.0 8.0 0.0
1396.0133434716388 0.0 0.0 0.0 1.0 0.0 0.0 8.0 0.0
1397.013792835335 0.0 0.0 0.0 1.0 0.0 0.0 8.0 0.0
1398.013792835335 0.0 0.0 0.0 1.0 0.0 0.0 8.0 0.0
1399.013792835335 0.0 0.0 0.0 1.0 0.0 0.0 8.0 0.0
1400.013792835335 0.0 0.0 0.0 1.0 0.0 0.0 8.0 0.0
1401.013792835335 0.0 0.0 0.0 1.0 0.0 0.0 8.0 0.0
1402.0028374769595 0.0 0.0 0.0 1.0 0.0 0.0 8.0 0.0
1403.013792835335 0.0 0.0 0.0 1.0 0.0 0.0 8.0 0.0
1404.013792835335 0.0 0.0 0.0 1.0 0.0 0.0 8.0 0.0
1405.0032926193896 0.0 0.0 0.0 1.0 0.0 0.0 8.0 0.0
1406.013792835335 0.0 0.0 0.0 1.0 0.0 0.0 8.0 0.0
1407.002136413361 0.0 0.0 0.0 1.0 0.0 0.0 8.0 0.0
1408.00284092327 0.0 0.0 0.0 1.0 0.0 0.0 8.0 0.0
1409.013792835335 0.0 0.0 0.0 1.0 0.0 0.0 8.0 0.0
1410.0039854551983 0.0 0.0 0.0 1.0 0.0 0.0 8.0 0.0
1411.013792835335 0.0 0.0 0.0 1.0 0.0 0.0 8.0 0.0
1412.013792835335 0.0 0.0 0.0 1.0 0.0 0.0 8.0 0.0
1413.00003163629 0.0 0.0 0.0 1.0 0.0 0.0 8.0 0.0
1414.0063334300726 0.0 0.0 0.0 1.0 0.0 0.0 8.0 0.0
1415.0000960017042 0.0 0.0 0.0 1.0 0.0 0.0 8.0 0.0
1416.0007013631155 0.0 0.0 0.0 1.0 0.0 0.0 8.0 0.0
1417.0113394350285 0.0 0.0 0.0 1.0 0.0 0.0 8.0 0.0
1418.013792835335 0.0 0.0 0.0 1.0 0.0 0.0 8.0 0.0
1419.0124413842268 0.0 0.0 0.0 1.0 0.0 0.0 8.0 0.0
1420.0079188157729 0.0 0.0 0.0 1.0 0.0 0.0 8.0 0.0
1421.013792835335 0.0 0.0 0.0 1.0 0.0 0.0 8.0 0.0
1422.0013684764585 0.0 0.0 0.0 1.0 0.0 0.0 8.0 0.0
1423.013792835335 0.0 0.0 0.0 1.0 0.0 0.0 8.0 0.0
1424.0026609597599 0.0 0.0 0.0 1.0 0.0 0.0 8.0 0.0
1425.0096761949826 0.0 0.0 0.0 1.0 0.0 0.0 8.0 0.0
1426.0080342327076 0.0 0.0 0.0 1.0 0.0 0.0 8.0 0.0
1427.003929818934 0.0 0.0 0.0 1.0 0.0 0.0 8.0 0.0
1428.0104273443833 0.0 0.0 0.0 1.0 0.0 0.0 8.0 0.0
1429.013792835335 0.0 0.0 0.0 1.0 0.0 0.0 8.0 0.0
1430.0045831526093 0.0 0.0 0.0 1.0 0.0 0.0 8.0 0.0
1431.0032064996537 0.0 0.0 0.0 1.0 0.0 0.0 8.0 0.0
1432.013792835335 0.0 0.0 0.0 1.0 0.0 0.0 8.0 0.0
1433.0012028607591 0.0 0.0 0.0 1.0 0.0 0.0 8.0 0.0
1434.013792835335 0.0 0.0 0.0 1.0 0.0 0.0 8.0 0.0
1435.013792835335 0.0 0.0 0.0 1.0 0.0 0.0 8.0 0.0
1436.013792835335 0.0 0.0 0.0 1.0 0.0 0.0 8.0 0.0
1437.013792835335 0.0 0.0 0.0 1.0 0.0 0.0 8.0 0.0
1438.013792835335 0.0 0.0 0.0 1.0 0.0 0.0 8.0 0.0
1439.0069533385135 0.0 0.0 0.0 1.0 0.0 0.0 8.0 0.0
1440.013792835335 0.0 0.0 0.0 1.0 0.0 0.0 8.0 0.0
1441.013792835335 0.0 0.0 0.0 1.0 0.0 0.0 8.0 0.0
1442.013792835335 0.0 0.0 0.0 1.0 0.0 0.0 8.0 0.0
1443.009558485819 0.0 0.0 0.0 1.0 0.0 0.0 8.0 0.0
1444.0099932393994 0.0 0.0 0.0 1.0 0.0 0.0 8.0 0.0
1445.0125990099975 0.0 0.0 0.0 1.0 0.0 0.0 8.0 0.0
1446.0062082575255 0.0 0.0 0.0 1.0 0.0 0.0 8.0 0.0
1447.013792835335 0.0 0.0 0.0 1.0 0.0 0.0 8.0 0.0
1448.013792835335 0.0 0.0 0.0 1.0 0.0 0.0 8.0 0.0
1449.013792835335 0.0 0.0 0.0 1.0 0.0 0.0 8.0 0.0
1450.0073788727436 0.0 0.0 0.0 1.0 0.0 0.0 8.0 0.0
1451.0057111432163 0.0 0.0 0.0 1.0 0.0 0.0 8.0 0.0
1452.013792835335 0.0 0.0 0.0 1.0 0.0 0.0 8.0 0.0
1453.013792835335 0.0 0.0 0.0 1.0 0.0 0.0 8.0 0.0
1454.0007602344213 0.0 0.0 0.0 1.0 0.0 0.0 8.0 0.0
1455.0010610688614 0.0 0.0 0.0 1.0 0.0 0.0 8.0 0.0
1456.0010783536588 0.0 0.0 0.0 1.0 0.0 0.0 8.0 0.0
1457.0008983412263 0.0 0.0 0.0 1.0 0.0 0.0 8.0 0.0
1458.004044061551 0.0 0.0 0.0 1.0 0.0 0.0 8.0 0.0
1459.0116243345055 0.0 0.0 0.0 1.0 0.0 0.0 8.0 0.0
1460.004080844256 0.0 0.0 0.0 1.0 0.0 0.0 8.0 0.0
1461.000306970098 0.0 0.0 0.0 1.0 0.0 0.0 8.0 0.0
1462.0039620434695 0.0 0.0 0.0 1.0 0.0 0.0 8.0 0.0
1463.0025586468262 0.0 0.0 0.0 1.0 0.0 0.0 8.0 0.0
1464.007761142059 0.0 0.0 0.0 1.0 0.0 0.0 8.0 0.0
1465.0026756751215 0.0 0.0 0.0 1.0 0.0 0.0 8.0 0.0
1466.0106388237195 0.0 0.0 0.0 1.0 0.0 0.0 8.0 0.0
1467.0041386501277 0.0 0.0 0.0 1.0 0.0 0.0 8.0 0.0
1468.0081781173092 0.0 0.0 0.0 1.0 0.0 0.0 8.0 0.0
1469.0134801580298 0.0 0.0 0.0 1.0 0.0 0.0 8.0 0.0
1470.0083407572279 0.0 0.0 0.0 1.0 0.0 0.0 8.0 0.0
1471.0065738899207 0.0 0.0 0.0 1.0 0.0 0.0 8.0 0.0
1472.0049757975128 0.0 0.0 0.0 1.0 0.0 0.0 8.0 0.0
1473.013792835335 0.0 0.0 0.0 1.0 0.0 0.0 8.0 0.0
1474.0045182647111 0.0 0.0 0.0 1.0 0.0 0.0 8.0 0.0
1475.013792835335 0.0 0.0 0.0 1.0 0.0 0.0 8.0 0.0
1476.0002053961286 0.0 0.0 0.0 1.0 0.0 0.0 8.0 0.0
1477.0129321760976 0.0 0.0 0.0 1.0 0.0 0.0 8.0 0.0
1478.0052967485612 0.0 0.0 0.0 1.0 0.0 0.0 8.0 0.0
1479.0044354031506 0.0 0.0 0.0 1.0 0.0 0.0 8.0 0.0
1480.00014692434 0.0 0.0 0.0 1.0 0.0 0.0 8.0 0.0
1481.013792835335 0.0 0.0 0.0 1.0 0.0 0.0 8.0 0.0
1482.0032447295944 0.0 0.0 0.0 1.0 0.0 0.0 8.0 0.0
1483.0040637403426 0.0 0.0 0.0 1.0 0.0 0.0 8.0 0.0
1484.013792835335 0.0 0.0 0.0 1.0 0.0 0.0 8.0 0.0
1485.013792835335 0.0 0.0 0.0 1.0 0.0 0.0 8.0 0.0
1486.002049003391 0.0 0.0 0.0 1.0 0.0 0.0 8.0 0.0
1487.013792835335 0.0 0.0 0.0 1.0 0.0 0.0 8.0 0.0
1488.0030276390178 0.0 0.0 0.0 1.0 0.0 0.0 8.0 0.0
1489.0074561113731 0.0 0.0 0.0 1.0 0.0 0.0 8.0 0.0
1490.013792835335 0.0 0.0 0.0 1.0 0.0 0.0 8.0 0.0
1491.013792835335 0.0 0.0 0.0 1.0 0.0 0.0 8.0 0.0
1492.013792835335 0.0 0.0 0.0 1.0 0.0 0.0 8.0 0.0
1493.0129903154977 0.0 0.0 0.0 1.0 0.0 0.0 8.0 0.0
1494.013792835335 0.0 0.0 0.0 1.0 0.0 0.0 8.0 0.0
1495.0081209539949 0.0 0.0 0.0 1.0 0.0 0.0 8.0 0.0
1496.0098504875416 0.0 0.0 0.0 1.0 0.0 0.0 8.0 0.0
1497.0048911930514 0.0 0.0 0.0 1.0 0.0 0.0 8.0 0.0
1498.000176714771 0.0 0.0 0.0 1.0 0.0 0.0 8.0 0.0
1499.0055216586295 0.0 0.0 0.0 1.0 0.0 0.0 8.0 0.0
1500.001692643867 0.0 0.0 0.0 1.0 0.0 0.0 8.0 0.0
1501.0054540920821 0.0 0.0 0.0 1.0 0.0 0.0 8.0 0.0
1502.0107166881626 0.0 0.0 0.0 1.0 0.0 0.0 8.0 0.0
1503.013792835335 0.0 0.0 0.0 1.0 0.0 0.0 8.0 0.0
1504.0064972677826 0.0 0.0 0.0 1.0 0.0 0.0 8.0 0.0
1505.013792835335 0.0 0.0 0.0 1.0 0.0 0.0 8.0 0.0
1506.0014498584012 0.0 0.0 0.0 1.0 0.0 0.0 8.0 0.0
1507.013792835335 0.0 0.0 0.0 1.0 0.0 0.0 8.0 0.0
1508.0116536758817 0.0 0.0 0.0 1.0 0.0 0.0 8.0 0.0
1509.013792835335 0.0 0.0 0.0 1.0 0.0 0.0 8.0 0.0
1510.0082988054444 0.0 0.0 0.0 1.0 0.0 0.0 8.0 0.0
1511.013792835335 0.0 0.0 0.0 1.0 0.0 0.0 8.0 0.0
1512.0056503815915 0.0 0.0 0.0 1.0 0.0 0.0 8.0 0.0
1513.003619129683 0.0 0.0 0.0 1.0 0.0 0.0 8.0 0.0
1514.013792835335 0.0 0.0 0.0 1.0 0.0 0.0 8.0 0.0
1515.0030509711194 0.0 0.0 0.0 1.0 0.0 0.0 8.0 0.0
1516.013792835335 0.0 0.0 0.0 1.0 0.0 0.0 8.0 0.0
1517.0077698400519 0.0 0.0 0.0 1.0 0.0 0.0 8.0 0.0
1518.013792835335 0.0 0.0 0.0 1.0 0.0 0.0 8.0 0.0
1519.013792835335 0.0 0.0 0.0 1.0 0.0 0.0 8.0 0.0
1520.013792835335 0.0 0.0 0.0 1.0 0.0 0.0 8.0 0.0
1521.012021301026 0.0 0.0 0.0 1.0 0.0 0.0 8.0 0.0
1522.008245649648 0.0 0.0 0.0 1.0 0.0 0.0 8.0 0.0
1523.013792835335 0.0 0.0 0.0 1.0 0.0 0.0 8.0 0.0
1524.002460756627 0.0 0.0 0.0 1.0 0.0 0.0 8.0 0.0
1525.001685544028 0.0 0.0 0.0 1.0 0.0 0.0 8.0 0.0
1526.0079969216617 0.0 0.0 0.0 1.0 0.0 0.0 8.0 0.0
1527.0012414917287 0.0 0.0 0.0 1.0 0.0 0.0 8.0 0.0
1528.013792835335 0.0 0.0 0.0 1.0 0.0 0.0 8.0 0.0
1529.0053790023564 0.0 0.0 0.0 1.0 0.0 0.0 8.0 0.0
1530.005510230163 0.0 0.0 0.0 1.0 0.0 0.0 8.0 0.0
1531.013792835335 0.0 0.0 0.0 1.0 0.0 0.0 8.0 0.0
1532.013792835335 0.0 0.0 0.0 1.0 0.0 0.0 8.0 0.0
1533.013792835335 0.0 0.0 0.0 1.0 0.0 0.0 8.0 0.0
1534.0108439422527 0.0 0.0 0.0 1.0 0.0 0.0 8.0 0.0
1535.0039303928036 0.0 0.0 0.0 1.0 0.0 0.0 8.0 0.0
1536.0031991614533 0.0 0.0 0.0 1.0 0.0 0.0 8.0 0.0
1537.0127904301817 0.0 0.0 0.0 1.0 0.0 0.0 8.0 0.0
1538.013792835335 0.0 0.0 0.0 1.0 0.0 0.0 8.0 0.0
1539.013792835335 0.0 0.0 0.0 1.0 0.0 0.0 8.0 0.0
1540.013792835335 0.0 0.0 0.0 1.0 0.0 0.0 8.0 0.0
1541.007203304774 0.0 0.0 0.0 1.0 0.0 0.0 8.0 0.0
1542.013792835335 0.0 0.0 0.0 1.0 0.0 0.0 8.0 0.0
1543.0069364414169 0.0 0.0 0.0 1.0 0.0 0.0 8.0 0.0
1544.0066423459564 0.0 0.0 0.0 1.0 0.0 0.0 8.0 0.0
1545.0075854533525 0.0 0.0 0.0 1.0 0.0 0.0 8.0 0.0
1546.013792835335 0.0 0.0 0.0 1.0 0.0 0.0 8.0 0.0
1547.013792835335 0.0 0.0 0.0 1.0 0.0 0.0 8.0 0.0
1548.013792835335 0.0 0.0 0.0 1.0 0.0 0.0 8.0 0.0
1549.013792835335 0.0 0.0 0.0 1.0 0.0 0.0 8.0 0.0
1550.013792835335 0.0 0.0 0.0 1.0 0.0 0.0 8.0 0.0
1551.013792835335 0.0 0.0 0.0 1.0 0.0 0.0 8.0 0.0
1552.0041633141996 0.0 0.0 0.0 1.0 0.0 0.0 8.0 0.0
1553.013792835335 0.0 0.0 0.0 1.0 0.0 0.0 8.0 0.0
1554.013792835335 0.0 0.0 0.0 1.0 0.0 0.0 8.0 0.0
1555.012133883152 0.0 0.0 0.0 1.0 0.0 0.0 8.0 0.0
1556.013792835335 0.0 0.0 0.0 1.0 0.0 0.0 8.0 0.0
1557.013792835335 0.0 0.0 0.0 1.0 0.0 0.0 8.0 0.0
1558.0037330001742 0.0 0.0 0.0 1.0 0.0 0.0 8.0 0.0
1559.003226928459 0.0 0.0 0.0 1.0 0.0 0.0 8.0 0.0
1560.013792835335 0.0 0.0 0.0 1.0 0.0 0.0 8.0 0.0
1561.013792835335 0.0 0.0 0.0 1.0 0.0 0.0 8.0 0.0
1562.013792835335 0.0 0.0 0.0 1.0 0.0 0.0 8.0 0.0
1563.0000190124001 0.0 0.0 0.0 1.0 0.0 0.0 8.0 0.0
1564.013792835335 0.0 0.0 0.0 1.0 0.0 0.0 8.0 0.0
1565.013792835335 0.0 0.0 0.0 1.0 0.0 0.0 8.0 0.0
1566.008242285159 0.0 0.0 0.0 1.0 0.0 0.0 8.0 0.0
1567.0058340560804 0.0 0.0 0.0 1.0 0.0 0.0 8.0 0.0
1568.0010145783592 0.0 0.0 0.0 1.0 0.0 0.0 8.0 0.0
1569.0030929015174 0.0 0.0 0.0 1.0 0.0 0.0 8.0 0.0
1570.004209413775 0.0 0.0 0.0 1.0 0.0 0.0 8.0 0.0
1571.0068135012148 0.0 0.0 0.0 1.0 0.0 0.0 8.0 0.0
1572.0065302324701 0.0 0.0 0.0 1.0 0.0 0.0 8.0 0.0
1573.013792835335 0.0 0.0 0.0 1.0 0.0 0.0 8.0 0.0
1574.0101606669232 0.0 0.0 0.0 1.0 0.0 0.0 8.0 0.0
1575.0009726762885 0.0 0.0 0.0 1.0 0.0 0.0 8.0 0.0
1576.013792835335 0.0 0.0 0.0 1.0 0.0 0.0 8.0 0.0
1577.0070398761115 0.0 0.0 0.0 1.0 0.0 0.0 8.0 0.0
1578.0019525896419 0.0 0.0 0.0 1.0 0.0 0.0 8.0 0.0
1579.013792835335 0.0 0.0 0.0 1.0 0.0 0.0 8.0 0.0
1580.0074492045712 0.0 0.0 0.0 1.0 0.0 0.0 8.0 0.0
1581.008747163379 0.0 0.0 0.0 1.0 0.0 0.0 8.0 0.0
1582.013792835335 0.0 0.0 0.0 1.0 0.0 0.0 8.0 0.0
1583.002281151069 0.0 0.0 0.0 1.0 0.0 0.0 8.0 0.0
1584.013792835335 0.0 0.0 0.0 1.0 0.0 0.0 8.0 0.0
1585.0037333381163 0.0 0.0 0.0 1.0 0.0 0.0 8.0 0.0
1586.013792835335 0.0 0.0 0.0 1.0 0.0 0.0 8.0 0.0
1587.013792835335 0.0 0.0 0.0 1.0 0.0 0.0 8.0 0.0
1588.0014158651618 0.0 0.0 0.0 1.0 0.0 0.0 8.0 0.0
1589.013792835335 0.0 0.0 0.0 1.0 0.0 0.0 8.0 0.0
1590.013792835335 0.0 0.0 0.0 1.0 0.0 0.0 8.0 0.0
1591.0049119919483 0.0 0.0 0.0 1.0 0.0 0.0 8.0 0.0
1592.002797943495 0.0 0.0 0.0 1.0 0.0 0.0 8.0 0.0
1593.0088379779008 0.0 0.0 0.0 1.0 0.0 0.0 8.0 0.0
1594.0102965523752 0.0 0.0 0.0 1.0 0.0 0.0 8.0 0.0
1595.006361565854 0.0 0.0 0.0 1.0 0.0 0.0 8.0 0.0
1596.000281586341 0.0 0.0 0.0 1.0 0.0 0.0 8.0 0.0
1597.003695485386 0.0 0.0 0.0 1.0 0.0 0.0 8.0 0.0
1598.013792835335 0.0 0.0 0.0 1.0 0.0 0.0 8.0 0.0
1599.0035081604885 0.0 0.0 0.0 1.0 0.0 0.0 8.0 0.0
1600.0063162886095 0.0 0.0 0.0 1.0 0.0 0.0 8.0 0.0
1601.0028552268207 0.0 0.0 0.0 1.0 0.0 0.0 8.0 0.0
1602.010882035108 0.0 0.0 0.0 1.0 0.0 0.0 8.0 0.0
1603.0116950664913 0.0 0.0 0.0 1.0 0.0 0.0 8.0 0.0
1604.00190488892 0.0 0.0 0.0 1.0 0.0 0.0 8.0 0.0
1605.000068821139 0.0 0.0 0.0 1.0 0.0 0.0 8.0 0.0
1606.0069301361418 0.0 0.0 0.0 1.0 0.0 0.0 8.0 0.0
1607.013792835335 0.0 0.0 0.0 1.0 0.0 0.0 8.0 0.0
1608.0007758080835 0.0 0.0 0.0 1.0 0.0 0.0 8.0 0.0
1609.013792835335 0.0 0.0 0.0 1.0 0.0 0.0 8.0 0.0
1610.0052929494923 0.0 0.0 0.0 1.0 0.0 0.0 8.0 0.0
1611.0085545082463 0.0 0.0 0.0 1.0 0.0 0.0 8.0 0.0
1612.013792835335 0.0 0.0 0.0 1.0 0.0 0.0 8.0 0.0
1613.003843799153 0.0 0.0 0.0 1.0 0.0 0.0 8.0 0.0
1614.0002714275274 0.0 0.0 0.0 1.0 0.0 0.0 8.0 0.0
1615.013792835335 0.0 0.0 0.0 1.0 0.0 0.0 8.0 0.0
1616.0078461613855 0.0 0.0 0.0 1.0 0.0 0.0 8.0 0.0
1617.004268001799 0.0 0.0 0.0 1.0 0.0 0.0 8.0 0.0
1618.0055358338443 0.0 0.0 0.0 1.0 0.0 0.0 8.0 0.0
1619.0097048459263 0.0 0.0 0.0 1.0 0.0 0.0 8.0 0.0
1620.0032232481349 0.0 0.0 0.0 1.0 0.0 0.0 8.0 0.0
1621.0118296634937 0.0 0.0 0.0 1.0 0.0 0.0 8.0 0.0
1622.013792835335 0.0 0.0 0.0 1.0 0.0 0.0 8.0 0.0
1623.008964940453 0.0 0.0 0.0 1.0 0.0 0.0 8.0 0.0
1624.0000071960717 0.0 0.0 0.0 1.0 0.0 0.0 8.0 0.0
1625.0134987806462 0.0 0.0 0.0 1.0 0.0 0.0 8.0 0.0
1626.0043754748745 0.0 0.0 0.0 1.0 0.0 0.0 8.0 0.0
1627.001423398881 0.0 0.0 0.0 1.0 0.0 0.0 8.0 0.0
1628.005094820206 0.0 0.0 0.0 1.0 0.0 0.0 8.0 0.0
1629.013792835335 0.0 0.0 0.0 1.0 0.0 0.0 8.0 0.0
1630.013792835335 0.0 0.0 0.0 1.0 0.0 0.0 8.0 0.0
1631.0022222251139 0.0 0.0 0.0 1.0 0.0 0.0 8.0 0.0
1632.0069664188281 0.0 0.0 0.0 1.0 0.0 0.0 8.0 0.0
1633.0034685339172 0.0 0.0 0.0 1.0 0.0 0.0 8.0 0.0
1634.008432005011 0.0 0.0 0.0 1.0 0.0 0.0 8.0 0.0
1635.005702808974 0.0 0.0 0.0 1.0 0.0 0.0 8.0 0.0
1636.0006215919432 0.0 0.0 0.0 1.0 0.0 0.0 8.0 0.0
1637.001550843593 0.0 0.0 0.0 1.0 0.0 0.0 8.0 0.0
1638.013792835335 0.0 0.0 0.0 1.0 0.0 0.0 8.0 0.0
1639.013792835335 0.0 0.0 0.0 1.0 0.0 0.0 8.0 0.0
1640.0101469312765 0.0 0.0 0.0 1.0 0.0 0.0 8.0 0.0
1641.013792835335 0.0 0.0 0.0 1.0 0.0 0.0 8.0 0.0
1642.001918460396 0.0 0.0 0.0 1.0 0.0 0.0 8.0 0.0
1643.0095831030699 0.0 0.0 0.0 1.0 0.0 0.0 8.0 0.0
1644.010421321202 0.0 0.0 0.0 1.0 0.0 0.0 8.0 0.0
1645.0045347412736 0.0 0.0 0.0 1.0 0.0 0.0 8.0 0.0
1646.0001443551575 0.0 0.0 0.0 1.0 0.0 0.0 8.0 0.0
1647.013792835335 0.0 0.0 0.0 1.0 0.0 0.0 8.0 0.0
1648.0045788629764 0.0 0.0 0.0 1.0 0.0 0.0 8.0 0.0
1649.00543348527 0.0 0.0 0.0 1.0 0.0 0.0 8.0 0.0
1650.0067589464377 0.0 0.0 0.0 1.0 0.0 0.0 8.0 0.0
1651.013792835335 0.0 0.0 0.0 1.0 0.0 0.0 8.0 0.0
1652.0001956679225 0.0 0.0 0.0 1.0 0.0 0.0 8.0 0.0
1653.0000640740552 0.0 0.0 0.0 1.0 0.0 0.0 8.0 0.0
1654.013792835335 0.0 0.0 0.0 1.0 0.0 0.0 8.0 0.0
1655.0104218925587 0.0 0.0 0.0 1.0 0.0 0.0 8.0 0.0
1656.013792835335 0.0 0.0 0.0 1.0 0.0 0.0 8.0 0.0
1657.0042264538154 0.0 0.0 0.0 1.0 0.0 0.0 8.0 0.0
1658.0117552530546 0.0 0.0 0.0 1.0 0.0 0.0 8.0 0.0
1659.0062817823753 0.0 0.0 0.0 1.0 0.0 0.0 8.0 0.0
1660.0050084654717 0.0 0.0 0.0 1.0 0.0 0.0 8.0 0.0
1661.013792835335 0.0 0.0 0.0 1.0 0.0 0.0 8.0 0.0
1662.0018264846115 0.0 0.0 0.0 1.0 0.0 0.0 8.0 0.0
1663.013792835335 0.0 0.0 0.0 1.0 0.0 0.0 8.0 0.0
1664.000053331274 0.0 0.0 0.0 1.0 0.0 0.0 8.0 0.0
1665.013792835335 0.0 0.0 0.0 1.0 0.0 0.0 8.0 0.0
1666.0115159224442 0.0 0.0 0.0 1.0 0.0 0.0 8.0 0.0
1667.013792835335 0.0 0.0 0.0 1.0 0.0 0.0 8.0 0.0
1668.013792835335 0.0 0.0 0.0 1.0 0.0 0.0 8.0 0.0
1669.0115500047605 0.0 0.0 0.0 1.0 0.0 0.0 8.0 0.0
1670.0091311168064 0.0 0.0 0.0 1.0 0.0 0.0 8.0 0.0
1671.0036479918235 0.0 0.0 0.0 1.0 0.0 0.0 8.0 0.0
1672.013792835335 0.0 0.0 0.0 1.0 0.0 0.0 8.0 0.0
1673.013792835335 0.0 0.0 0.0 1.0 0.0 0.0 8.0 0.0
1674.0002822556885 0.0 0.0 0.0 1.0 0.0 0.0 8.0 0.0
1675.0104770241298 0.0 0.0 0.0 1.0 0.0 0.0 8.0 0.0
1676.013792835335 0.0 0.0 0.0 1.0 0.0 0.0 8.0 0.0
1677.0012410452225 0.0 0.0 0.0 1.0 0.0 0.0 8.0 0.0
1678.0049593872398 0.0 0.0 0.0 1.0 0.0 0.0 8.0 0.0
1679.0007982819518 0.0 0.0 0.0 1.0 0.0 0.0 8.0 0.0
1680.009746221856 0.0 0.0 0.0 1.0 0.0 0.0 8.0 0.0
1681.0092970279957 0.0 0.0 0.0 1.0 0.0 0.0 8.0 0.0
1682.0035765445155 0.0 0.0 0.0 1.0 0.0 0.0 8.0 0.0
1683.013792835335 0.0 0.0 0.0 1.0 0.0 0.0 8.0 0.0
1684.013792835335 0.0 0.0 0.0 1.0 0.0 0.0 8.0 0.0
1685.006924098881 0.0 0.0 0.0 1.0 0.0 0.0 8.0 0.0
1686.013792835335 0.0 0.0 0.0 1.0 0.0 0.0 8.0 0.0
1687.0069933701143 0.0 0.0 0.0 1.0 0.0 0.0 8.0 0.0
1688.0014612255663 0.0 0.0 0.0 1.0 0.0 0.0 8.0 0.0
1689.0000355394172 0.0 0.0 0.0 1.0 0.0 0.0 8.0 0.0
1690.0051897945452 0.0 0.0 0.0 1.0 0.0 0.0 8.0 0.0
1691.013792835335 0.0 0.0 0.0 1.0 0.0 0.0 8.0 0.0
1692.013792835335 0.0 0.0 0.0 1.0 0.0 0.0 8.0 0.0
1693.0019992224306 0.0 0.0 0.0 1.0 0.0 0.0 8.0 0.0
1694.0005972239285 0.0 0.0 0.0 1.0 0.0 0.0 8.0 0.0
1695.0063325012607 0.0 0.0 0.0 1.0 0.0 0.0 8.0 0.0
1696.001569620414 0.0 0.0 0.0 1.0 0.0 0.0 8.0 0.0
1697.013792835335 0.0 0.0 0.0 1.0 0.0 0.0 8.0 0.0
1698.013792835335 0.0 0.0 0.0 1.0 0.0 0.0 8.0 0.0
1699.0020228510048 0.0 0.0 0.0 1.0 0.0 0.0 8.0 0.0
1700.013792835335 0.0 0.0 0.0 1.0 0.0 0.0 8.0 0.0
1701.013792835335 0.0 0.0 0.0 1.0 0.0 0.0 8.0 0.0
1702.0073609399158 0.0 0.0 0.0 1.0 0.0 0.0 8.0 0.0
1703.013792835335 0.0 0.0 0.0 1.0 0.0 0.0 8.0 0.0
1704.0010625453797 0.0 0.0 0.0 1.0 0.0 0.0 8.0 0.0
1705.0004057450913 0.0 0.0 0.0 1.0 0.0 0.0 8.0 0.0
1706.013792835335 0.0 0.0 0.0 1.0 0.0 0.0 8.0 0.0
1707.0005528018687 0.0 0.0 0.0 1.0 0.0 0.0 8.0 0.0
1708.0014991222047 0.0 0.0 0.0 1.0 0.0 0.0 8.0 0.0
1709.0056796379256 0.0 0.0 0.0 1.0 0.0 0.0 8.0 0.0
1710.0070408014058 0.0 0.0 0.0 1.0 0.0 0.0 8.0 0.0
1711.0127478469822 0.0 0.0 0.0 1.0 0.0 0.0 8.0 0.0
1712.0025151150376 0.0 0.0 0.0 1.0 0.0 0.0 8.0 0.0
1713.0045095302848 0.0 0.0 0.0 1.0 0.0 0.0 8.0 0.0
1714.013792835335 0.0 0.0 0.0 1.0 0.0 0.0 8.0 0.0
1715.0034797120734 0.0 0.0 0.0 1.0 0.0 0.0 8.0 0.0
1716.0015236141767 0.0 0.0 0.0 1.0 0.0 0.0 8.0 0.0
1717.013792835335 0.0 0.0 0.0 1.0 0.0 0.0 8.0 0.0
1718.0059037618903 0.0 0.0 0.0 1.0 0.0 0.0 8.0 0.0
1719.0021103386928 0.0 0.0 0.0 1.0 0.0 0.0 8.0 0.0
1720.0021267435375 0.0 0.0 0.0 1.0 0.0 0.0 8.0 0.0
1721.0004958570862 0.0 0.0 0.0 1.0 0.0 0.0 8.0 0.0
1722.0005845457276 0.0 0.0 0.0 1.0 0.0 0.0 8.0 0.0
1723.013792835335 0.0 0.0 0.0 1.0 0.0 0.0 8.0 0.0
1724.007042668899 0.0 0.0 0.0 1.0 0.0 0.0 8.0 0.0
1725.0089679807274 0.0 0.0 0.0 1.0 0.0 0.0 8.0 0.0
1726.013792835335 0.0 0.0 0.0 1.0 0.0 0.0 8.0 0.0
1727.0033995313718 0.0 0.0 0.0 1.0 0.0 0.0 8.0 0.0
1728.0076685233346 0.0 0.0 0.0 1.0 0.0 0.0 8.0 0.0
1729.0125716218351 0.0 0.0 0.0 1.0 0.0 0.0 8.0 0.0
1730.013792835335 0.0 0.0 0.0 1.0 0.0 0.0 8.0 0.0
1731.0054986912028 0.0 0.0 0.0 1.0 0.0 0.0 8.0 0.0
1732.0035392660027 0.0 0.0 0.0 1.0 0.0 0.0 8.0 0.0
1733.0117969268408 0.0 0.0 0.0 1.0 0.0 0.0 8.0 0.0
1734.004208122051 0.0 0.0 0.0 1.0 0.0 0.0 8.0 0.0
1735.013792835335 0.0 0.0 0.0 1.0 0.0 0.0 8.0 0.0
1736.013792835335 0.0 0.0 0.0 1.0 0.0 0.0 8.0 0.0
1737.0122304215693 0.0 0.0 0.0 1.0 0.0 0.0 8.0 0.0
1738.013792835335 0.0 0.0 0.0 1.0 0.0 0.0 8.0 0.0
1739.0005332305138 0.0 0.0 0.0 1.0 0.0 0.0 8.0 0.0
1740.0060668999693 0.0 0.0 0.0 1.0 0.0 0.0 8.0 0.0
1741.013792835335 0.0 0.0 0.0 1.0 0.0 0.0 8.0 0.0
1742.013792835335 0.0 0.0 0.0 1.0 0.0 0.0 8.0 0.0
1743.001414306545 0.0 0.0 0.0 1.0 0.0 0.0 8.0 0.0
1744.0032608540291 0.0 0.0 0.0 1.0 0.0 0.0 8.0 0.0
1745.013792835335 0.0 0.0 0.0 1.0 0.0 0.0 8.0 0.0
1746.0084157036247 0.0 0.0 0.0 1.0 0.0 0.0 8.0 0.0
1747.0019582901818 0.0 0.0 0.0 1.0 0.0 0.0 8.0 0.0
1748.0059217000287 0.0 0.0 0.0 1.0 0.0 0.0 8.0 0.0
1749.013792835335 0.0 0.0 0.0 1.0 0.0 0.0 8.0 0.0
1750.010822178606 0.0 0.0 0.0 1.0 0.0 0.0 8.0 0.0
1751.0098443468453 0.0 0.0 0.0 1.0 0.0 0.0 8.0 0.0
1752.003601330294 0.0 0.0 0.0 1.0 0.0 0.0 8.0 0.0
1753.007168922631 0.0 0.0 0.0 1.0 0.0 0.0 8.0 0.0
1754.013792835335 0.0 0.0 0.0 1.0 0.0 0.0 8.0 0.0
1755.0037711944922 0.0 0.0 0.0 1.0 0.0 0.0 8.0 0.0
1756.013792835335 0.0 0.0 0.0 1.0 0.0 0.0 8.0 0.0
1757.001416114609 0.0 0.0 0.0 1.0 0.0 0.0 8.0 0.0
1758.013792835335 0.0 0.0 0.0 1.0 0.0 0.0 8.0 0.0
1759.0091533332813 0.0 0.0 0.0 1.0 0.0 0.0 8.0 0.0
1760.0128549621954 0.0 0.0 0.0 1.0 0.0 0.0 8.0 0.0
1761.013792835335 0.0 0.0 0.0 1.0 0.0 0.0 8.0 0.0
1762.0025453241615 0.0 0.0 0.0 1.0 0.0 0.0 8.0 0.0
1763.0099195972246 0.0 0.0 0.0 1.0 0.0 0.0 8.0 0.0
1764.013792835335 0.0 0.0 0.0 1.0 0.0 0.0 8.0 0.0
1765.013792835335 0.0 0.0 0.0 1.0 0.0 0.0 8.0 0.0
1766.013792835335 0.0 0.0 0.0 1.0 0.0 0.0 8.0 0.0
1767.013792835335 0.0 0.0 0.0 1.0 0.0 0.0 8.0 0.0
1768.013792835335 0.0 0.0 0.0 1.0 0.0 0.0 8.0 0.0
1769.01163937659 0.0 0.0 0.0 1.0 0.0 0.0 8.0 0.0
1770.0023647961789 0.0 0.0 0.0 1.0 0.0 0.0 8.0 0.0
1771.0133460756047 0.0 0.0 0.0 1.0 0.0 0.0 8.0 0.0
1772.0099856324473 0.0 0.0 0.0 1.0 0.0 0.0 8.0 0.0
1773.001414339878 0.0 0.0 0.0 1.0 0.0 0.0 8.0 0.0
1774.0086399103666 0.0 0.0 0.0 1.0 0.0 0.0 8.0 0.0
1775.0047585918173 0.0 0.0 0.0 1.0 0.0 0.0 8.0 0.0
1776.0086451340362 0.0 0.0 0.0 1.0 0.0 0.0 8.0 0.0
1777.0110144248276 0.0 0.0 0.0 1.0 0.0 0.0 8.0 0.0
1778.0116018433453 0.0 0.0 0.0 1.0 0.0 0.0 8.0 0.0
1779.0029751651696 0.0 0.0 0.0 1.0 0.0 0.0 8.0 0.0
1780.0111520446303 0.0 0.0 0.0 1.0 0.0 0.0 8.0 0.0
1781.0074810072376 0.0 0.0 0.0 1.0 0.0 0.0 8.0 0.0
1782.0029727525286 0.0 0.0 0.0 1.0 0.0 0.0 8.0 0.0
1783.0102898230843 0.0 0.0 0.0 1.0 0.0 0.0 8.0 0.0
1784.013792835335 0.0 0.0 0.0 1.0 0.0 0.0 8.0 0.0
1785.013792835335 0.0 0.0 0.0 1.0 0.0 0.0 8.0 0.0
1786.0003404171055 0.0 0.0 0.0 1.0 0.0 0.0 8.0 0.0
1787.013792835335 0.0 0.0 0.0 1.0 0.0 0.0 8.0 0.0
1788.000498489086 0.0 0.0 0.0 1.0 0.0 0.0 8.0 0.0
1789.0110427140469 0.0 0.0 0.0 1.0 0.0 0.0 8.0 0.0
1790.0093115652394 0.0 0.0 0.0 1.0 0.0 0.0 8.0 0.0
1791.013792835335 0.0 0.0 0.0 1.0 0.0 0.0 8.0 0.0
1792.0081133130948 0.0 0.0 0.0 1.0 0.0 0.0 8.0 0.0
1793.0003822653862 0.0 0.0 0.0 1.0 0.0 0.0 8.0 0.0
1794.013792835335 0.0 0.0 0.0 1.0 0.0 0.0 8.0 0.0
1795.008757382571 0.0 0.0 0.0 1.0 0.0 0.0 8.0 0.0
1796.0105117037544 0.0 0.0 0.0 1.0 0.0 0.0 8.0 0.0
1797.0022550289598 0.0 0.0 0.0 1.0 0.0 0.0 8.0 0.0
1798.0033325831475 0.0 0.0 0.0 1.0 0.0 0.0 8.0 0.0
1799.0067926489078 0.0 0.0 0.0 1.0 0.0 0.0 8.0 0.0
1800.0120327110499 0.0 0.0 0.0 1.0 0.0 0.0 8.0 0.0
1801.013792835335 0.0 0.0 0.0 1.0 0.0 0.0 8.0 0.0
1802.013792835335 0.0 0.0 0.0 1.0 0.0 0.0 8.0 0.0
1803.0079345565703 0.0 0.0 0.0 1.0 0.0 0.0 8.0 0.0
1804.0134019710304 0.0 0.0 0.0 1.0 0.0 0.0 8.0 0.0
1805.0108651557969 0.0 0.0 0.0 1.0 0.0 0.0 8.0 0.0
1806.013792835335 0.0 0.0 0.0 1.0 0.0 0.0 8.0 0.0
1807.013792835335 0.0 0.0 0.0 1.0 0.0 0.0 8.0 0.0
1808.0031691214756 0.0 0.0 0.0 1.0 0.0 0.0 8.0 0.0
1809.013792835335 0.0 0.0 0.0 1.0 0.0 0.0 8.0 0.0
1810.0104269984352 0.0 0.0 0.0 1.0 0.0 0.0 8.0 0.0
1811.0055765063755 0.0 0.0 0.0 1.0 0.0 0.0 8.0 0.0
1812.013792835335 0.0 0.0 0.0 1.0 0.0 0.0 8.0 0.0
1813.013792835335 0.0 0.0 0.0 1.0 0.0 0.0 8.0 0.0
1814.013792835335 0.0 0.0 0.0 1.0 0.0 0.0 8.0 0.0
1815.0136659065893 0.0 0.0 0.0 1.0 0.0 0.0 8.0 0.0
1816.013792835335 0.0 0.0 0.0 1.0 0.0 0.0 8.0 0.0
1817.0124497531954 0.0 0.0 0.0 1.0 0.0 0.0 8.0 0.0
1818.008834253458 0.0 0.0 0.0 1.0 0.0 0.0 8.0 0.0
1819.013792835335 0.0 0.0 0.0 1.0 0.0 0.0 8.0 0.0
1820.013792835335 0.0 0.0 0.0 1.0 0.0 0.0 8.0 0.0
1821.0019362923358 0.0 0.0 0.0 1.0 0.0 0.0 8.0 0.0
1822.013792835335 0.0 0.0 0.0 1.0 0.0 0.0 8.0 0.0
1823.013792835335 0.0 0.0 0.0 1.0 0.0 0.0 8.0 0.0
1824.0023736980968 0.0 0.0 0.0 1.0 0.0 0.0 8.0 0.0
1825.0029657770644 0.0 0.0 0.0 1.0 0.0 0.0 8.0 0.0
1826.0028883698735 0.0 0.0 0.0 1.0 0.0 0.0 8.0 0.0
1827.0007908938758 0.0 0.0 0.0 1.0 0.0 0.0 8.0 0.0
1828.0059956394407 0.0 0.0 0.0 1.0 0.0 0.0 8.0 0.0
1829.008013809778 0.0 0.0 0.0 1.0 0.0 0.0 8.0 0.0
1830.0077660659645 0.0 0.0 0.0 1.0 0.0 0.0 8.0 0.0
1831.013792835335 0.0 0.0 0.0 1.0 0.0 0.0 8.0 0.0
1832.0116250208632 0.0 0.0 0.0 1.0 0.0 0.0 8.0 0.0
1833.013792835335 0.0 0.0 0.0 1.0 0.0 0.0 8.0 0.0
1834.0086669968075 0.0 0.0 0.0 1.0 0.0 0.0 8.0 0.0
1835.013792835335 0.0 0.0 0.0 1.0 0.0 0.0 8.0 0.0
1836.0073356977316 0.0 0.0 0.0 1.0 0.0 0.0 8.0 0.0
1837.013792835335 0.0 0.0 0.0 1.0 0.0 0.0 8.0 0.0
1838.013792835335 0.0 0.0 0.0 1.0 0.0 0.0 8.0 0.0
1839.0103863224524 0.0 0.0 0.0 1.0 0.0 0.0 8.0 0.0
1840.0086105240825 0.0 0.0 0.0 1.0 0.0 0.0 8.0 0.0
1841.013792835335 0.0 0.0 0.0 1.0 0.0 0.0 8.0 0.0
1842.013792835335 0.0 0.0 0.0 1.0 0.0 0.0 8.0 0.0
1843.013792835335 0.0 0.0 0.0 1.0 0.0 0.0 8.0 0.0
1844.013792835335 0.0 0.0 0.0 1.0 0.0 0.0 8.0 0.0
1845.0008088669417 0.0 0.0 0.0 1.0 0.0 0.0 8.0 0.0
1846.0008202565546 0.0 0.0 0.0 1.0 0.0 0.0 8.0 0.0
1847.013792835335 0.0 0.0 0.0 1.0 0.0 0.0 8.0 0.0
1848.013792835335 0.0 0.0 0.0 1.0 0.0 0.0 8.0 0.0
1849.013792835335 0.0 0.0 0.0 1.0 0.0 0.0 8.0 0.0
1850.0035023174612 0.0 0.0 0.0 1.0 0.0 0.0 8.0 0.0
1851.009584216599 0.0 0.0 0.0 1.0 0.0 0.0 8.0 0.0
1852.0068971622943 0.0 0.0 0.0 1.0 0.0 0.0 8.0 0.0
1853.013792835335 0.0 0.0 0.0 1.0 0.0 0.0 8.0 0.0
1854.0054774248813 0.0 0.0 0.0 1.0 0.0 0.0 8.0 0.0
1855.013792835335 0.0 0.0 0.0 1.0 0.0 0.0 8.0 0.0
1856.0092084250577 0.0 0.0 0.0 1.0 0.0 0.0 8.0 0.0
1857.013792835335 0.0 0.0 0.0 1.0 0.0 0.0 8.0 0.0
1858.0101700554746 0.0 0.0 0.0 1.0 0.0 0.0 8.0 0.0
1859.000438689993 0.0 0.0 0.0 1.0 0.0 0.0 8.0 0.0
1860.001501791743 0.0 0.0 0.0 1.0 0.0 0.0 8.0 0.0
1861.0036573947816 0.0 0.0 0.0 1.0 0.0 0.0 8.0 0.0
1862.0041270330632 0.0 0.0 0.0 1.0 0.0 0.0 8.0 0.0
1863.00088413237 0.0 0.0 0.0 1.0 0.0 0.0 8.0 0.0
1864.013792835335 0.0 0.0 0.0 1.0 0.0 0.0 8.0 0.0
1865.0008285427914 0.0 0.0 0.0 1.0 0.0 0.0 8.0 0.0
1866.0056409584547 0.0 0.0 0.0 1.0 0.0 0.0 8.0 0.0
1867.011622782074 0.0 0.0 0.0 1.0 0.0 0.0 8.0 0.0
1868.0114082947928 0.0 0.0 0.0 1.0 0.0 0.0 8.0 0.0
1869.0030422141353 0.0 0.0 0.0 1.0 0.0 0.0 8.0 0.0
1870.013792835335 0.0 0.0 0.0 1.0 0.0 0.0 8.0 0.0
1871.013792835335 0.0 0.0 0.0 1.0 0.0 0.0 8.0 0.0
1872.006843399494 0.0 0.0 0.0 1.0 0.0 0.0 8.0 0.0
1873.013792835335 0.0 0.0 0.0 1.0 0.0 0.0 8.0 0.0
1874.013792835335 0.0 0.0 0.0 1.0 0.0 0.0 8.0 0.0
1875.013792835335 0.0 0.0 0.0 1.0 0.0 0.0 8.0 0.0
1876.013792835335 0.0 0.0 0.0 1.0 0.0 0.0 8.0 0.0
1877.013792835335 0.0 0.0 0.0 1.0 0.0 0.0 8.0 0.0
1878.013792835335 0.0 0.0 0.0 1.0 0.0 0.0 8.0 0.0
1879.0109145986587 0.0 0.0 0.0 1.0 0.0 0.0 8.0 0.0
1880.013792835335 0.0 0.0 0.0 1.0 0.0 0.0 8.0 0.0
1881.0119390386692 0.0 0.0 0.0 1.0 0.0 0.0 8.0 0.0
1882.0080634229403 0.0 0.0 0.0 1.0 0.0 0.0 8.0 0.0
1883.0061705545243 0.0 0.0 0.0 1.0 0.0 0.0 8.0 0.0
1884.0063445456979 0.0 0.0 0.0 1.0 0.0 0.0 8.0 0.0
1885.008147178695 0.0 0.0 0.0 1.0 0.0 0.0 8.0 0.0
1886.013792835335 0.0 0.0 0.0 1.0 0.0 0.0 8.0 0.0
1887.0129362875164 0.0 0.0 0.0 1.0 0.0 0.0 8.0 0.0
1888.013339148451 0.0 0.0 0.0 1.0 0.0 0.0 8.0 0.0
1889.0096053865118 0.0 0.0 0.0 1.0 0.0 0.0 8.0 0.0
1890.013792835335 0.0 0.0 0.0 1.0 0.0 0.0 8.0 0.0
1891.013792835335 0.0 0.0 0.0 1.0 0.0 0.0 8.0 0.0
1892.0110664977974 0.0 0.0 0.0 1.0 0.0 0.0 8.0 0.0
1893.013792835335 0.0 0.0 0.0 1.0 0.0 0.0 8.0 0.0
1894.010109463643 0.0 0.0 0.0 1.0 0.0 0.0 8.0 0.0
1895.008040717426 0.0 0.0 0.0 1.0 0.0 0.0 8.0 0.0
1896.013792835335 0.0 0.0 0.0 1.0 0.0 0.0 8.0 0.0
1897.006545965286 0.0 0.0 0.0 1.0 0.0 0.0 8.0 0.0
1898.00310947438 0.0 0.0 0.0 1.0 0.0 0.0 8.0 0.0
1899.0032048398184 0.0 0.0 0.0 1.0 0.0 0.0 8.0 0.0
1900.013792835335 0.0 0.0 0.0 1.0 0.0 0.0 8.0 0.0
1901.0006753136647 0.0 0.0 0.0 1.0 0.0 0.0 8.0 0.0
1902.0009382772057 0.0 0.0 0.0 1.0 0.0 0.0 8.0 0.0
1903.013792835335 0.0 0.0 0.0 1.0 0.0 0.0 8.0 0.0
1904.0048591834084 0.0 0.0 0.0 1.0 0.0 0.0 8.0 0.0
1905.0106137626933 0.0 0.0 0.0 1.0 0.0 0.0 8.0 0.0
1906.013792835335 0.0 0.0 0.0 1.0 0.0 0.0 8.0 0.0
1907.013792835335 0.0 0.0 0.0 1.0 0.0 0.0 8.0 0.0
1908.0035128815243 0.0 0.0 0.0 1.0 0.0 0.0 8.0 0.0
1909.013792835335 0.0 0.0 0.0 1.0 0.0 0.0 8.0 0.0
1910.005643533742 0.0 0.0 0.0 1.0 0.0 0.0 8.0 0.0
1911.013792835335 0.0 0.0 0.0 1.0 0.0 0.0 8.0 0.0
1912.0061741564732 0.0 0.0 0.0 1.0 0.0 0.0 8.0 0.0
1913.012903618568 0.0 0.0 0.0 1.0 0.0 0.0 8.0 0.0
1914.0010507824106 0.0 0.0 0.0 1.0 0.0 0.0 8.0 0.0
1915.013792835335 0.0 0.0 0.0 1.0 0.0 0.0 8.0 0.0
1916.0007581484615 0.0 0.0 0.0 1.0 0.0 0.0 8.0 0.0
1917.004638268149 0.0 0.0 0.0 1.0 0.0 0.0 8.0 0.0
1918.0051848926707 0.0 0.0 0.0 1.0 0.0 0.0 8.0 0.0
1919.013792835335 0.0 0.0 0.0 1.0 0.0 0.0 8.0 0.0
1920.0126122592042 0.0 0.0 0.0 1.0 0.0 0.0 8.0 0.0
1921.013792835335 0.0 0.0 0.0 1.0 0.0 0.0 8.0 0.0
1922.013792835335 0.0 0.0 0.0 1.0 0.0 0.0 8.0 0.0
1923.013792835335 0.0 0.0 0.0 1.0 0.0 0.0 8.0 0.0
1924.013792835335 0.0 0.0 0.0 1.0 0.0 0.0 8.0 0.0
1925.0105333493175 0.0 0.0 0.0 1.0 0.0 0.0 8.0 0.0
1926.013792835335 0.0 0.0 0.0 1.0 0.0 0.0 8.0 0.0
1927.0121917352524 0.0 0.0 0.0 1.0 0.0 0.0 8.0 0.0
1928.0030085995534 0.0 0.0 0.0 1.0 0.0 0.0 8.0 0.0
1929.0124955806589 0.0 0.0 0.0 1.0 0.0 0.0 8.0 0.0
1930.0066642156846 0.0 0.0 0.0 1.0 0.0 0.0 8.0 0.0
1931.013792835335 0.0 0.0 0.0 1.0 0.0 0.0 8.0 0.0
1932.011978050655 0.0 0.0 0.0 1.0 0.0 0.0 8.0 0.0
1933.0066732530843 0.0 0.0 0.0 1.0 0.0 0.0 8.0 0.0
1934.013792835335 0.0 0.0 0.0 1.0 0.0 0.0 8.0 0.0
1935.0013985621117 0.0 0.0 0.0 1.0 0.0 0.0 8.0 0.0
1936.001606998625 0.0 0.0 0.0 1.0 0.0 0.0 8.0 0.0
1937.0067460087066 0.0 0.0 0.0 1.0 0.0 0.0 8.0 0.0
1938.013792835335 0.0 0.0 0.0 1.0 0.0 0.0 8.0 0.0
1939.013792835335 0.0 0.0 0.0 1.0 0.0 0.0 8.0 0.0
1940.013792835335 0.0 0.0 0.0 1.0 0.0 0.0 8.0 0.0
1941.0128575974693 0.0 0.0 0.0 1.0 0.0 0.0 8.0 0.0
1942.0078480608352 0.0 0.0 0.0 1.0 0.0 0.0 8.0 0.0
1943.00790504972 0.0 0.0 0.0 1.0 0.0 0.0 8.0 0.0
1944.004855558246 0.0 0.0 0.0 1.0 0.0 0.0 8.0 0.0
1945.004882487802 0.0 0.0 0.0 1.0 0.0 0.0 8.0 0.0
1946.0036144622738 0.0 0.0 0.0 1.0 0.0 0.0 8.0 0.0
1947.0012396925124 0.0 0.0 0.0 1.0 0.0 0.0 8.0 0.0
1948.006402053112 0.0 0.0 0.0 1.0 0.0 0.0 8.0 0.0
1949.0090923365462 0.0 0.0 0.0 1.0 0.0 0.0 8.0 0.0
1950.013792835335 0.0 0.0 0.0 1.0 0.0 0.0 8.0 0.0
1951.0051665084304 0.0 0.0 0.0 1.0 0.0 0.0 8.0 0.0
1952.0080529089225 0.0 0.0 0.0 1.0 0.0 0.0 8.0 0.0
1953.0081174340694 0.0 0.0 0.0 1.0 0.0 0.0 8.0 0.0
1954.0111550141662 0.0 0.0 0.0 1.0 0.0 0.0 8.0 0.0
1955.013792835335 0.0 0.0 0.0 1.0 0.0 0.0 8.0 0.0
1956.013792835335 0.0 0.0 0.0 1.0 0.0 0.0 8.0 0.0
1957.013792835335 0.0 0.0 0.0 1.0 0.0 0.0 8.0 0.0
1958.013792835335 0.0 0.0 0.0 1.0 0.0 0.0 8.0 0.0
1959.0043194147606 0.0 0.0 0.0 1.0 0.0 0.0 8.0 0.0
1960.002998017241 0.0 0.0 0.0 1.0 0.0 0.0 8.0 0.0
1961.0018931795155 0.0 0.0 0.0 1.0 0.0 0.0 8.0 0.0
1962.013792835335 0.0 0.0 0.0 1.0 0.0 0.0 8.0 0.0
1963.004086569296 0.0 0.0 0.0 1.0 0.0 0.0 8.0 0.0
1964.0016424968085 0.0 0.0 0.0 1.0 0.0 0.0 8.0 0.0
1965.002312322612 0.0 0.0 0.0 1.0 0.0 0.0 8.0 0.0
1966.013792835335 0.0 0.0 0.0 1.0 0.0 0.0 8.0 0.0
1967.0073705940001 0.0 0.0 0.0 1.0 0.0 0.0 8.0 0.0
1968.0034983190722 0.0 0.0 0.0 1.0 0.0 0.0 8.0 0.0
1969.013792835335 0.0 0.0 0.0 1.0 0.0 0.0 8.0 0.0
1970.006174431763 0.0 0.0 0.0 1.0 0.0 0.0 8.0 0.0
1971.0048215329562 0.0 0.0 0.0 1.0 0.0 0.0 8.0 0.0
1972.013792835335 0.0 0.0 0.0 1.0 0.0 0.0 8.0 0.0
1973.0073488308512 0.0 0.0 0.0 1.0 0.0 0.0 8.0 0.0
1974.0049056820835 0.0 0.0 0.0 1.0 0.0 0.0 8.0 0.0
1975.0044374665847 0.0 0.0 0.0 1.0 0.0 0.0 8.0 0.0
1976.0121235542194 0.0 0.0 0.0 1.0 0.0 0.0 8.0 0.0
1977.0045426958231 0.0 0.0 0.0 1.0 0.0 0.0 8.0 0.0
1978.006143492145 0.0 0.0 0.0 1.0 0.0 0.0 8.0 0.0
1979.0054233459753 0.0 0.0 0.0 1.0 0.0 0.0 8.0 0.0
1980.013792835335 0.0 0.0 0.0 1.0 0.0 0.0 8.0 0.0
1981.013792835335 0.0 0.0 0.0 1.0 0.0 0.0 8.0 0.0
1982.013792835335 0.0 0.0 0.0 1.0 0.0 0.0 8.0 0.0
1983.013792835335 0.0 0.0 0.0 1.0 0.0 0.0 8.0 0.0
1984.013792835335 0.0 0.0 0.0 1.0 0.0 0.0 8.0 0.0
1985.00194650834 0.0 0.0 0.0 1.0 0.0 0.0 8.0 0.0
1986.013792835335 0.0 0.0 0.0 1.0 0.0 0.0 8.0 0.0
1987.0062157019693 0.0 0.0 0.0 1.0 0.0 0.0 8.0 0.0
1988.0018423039505 0.0 0.0 0.0 1.0 0.0 0.0 8.0 0.0
1989.0105684677749 0.0 0.0 0.0 1.0 0.0 0.0 8.0 0.0
1990.002143448695 0.0 0.0 0.0 1.0 0.0 0.0 8.0 0.0
1991.013792835335 0.0 0.0 0.0 1.0 0.0 0.0 8.0 0.0
1992.013792835335 0.0 0.0 0.0 1.0 0.0 0.0 8.0 0.0
1993.0015663603176 0.0 0.0 0.0 1.0 0.0 0.0 8.0 0.0
1994.0038012424181 0.0 0.0 0.0 1.0 0.0 0.0 8.0 0.0
1995.0053225267936 0.0 0.0 0.0 1.0 0.0 0.0 8.0 0.0
1996.0073145042622 0.0 0.0 0.0 1.0 0.0 0.0 8.0 0.0
1997.011783222934 0.0 0.0 0.0 1.0 0.0 0.0 8.0 0.0
1998.0099658571105 0.0 0.0 0.0 1.0 0.0 0.0 8.0 0.0
1999.013792835335 0.0 0.0 0.0 1.0 0.0 0.0 8.0 0.0
2000.013792835335 0.0 0.0 0.0 1.0 0.0 0.0 8.0 0.0
2001.013792835335 0.0 0.0 0.0 1.0 0.0 0.0 8.0 0.0
2002.007161362108 0.0 0.0 0.0 1.0 0.0 0.0 8.0 0.0
2003.000255913988 0.0 0.0 0.0 1.0 0.0 0.0 8.0 0.0
2004.002155962793 0.0 0.0 0.0 1.0 0.0 0.0 8.0 0.0
2005.0003527443482 0.0 0.0 0.0 1.0 0.0 0.0 8.0 0.0
2006.0033293361075 0.0 0.0 0.0 1.0 0.0 0.0 8.0 0.0
2007.0001484255358 0.0 0.0 0.0 1.0 0.0 0.0 8.0 0.0
2008.013792835335 0.0 0.0 0.0 1.0 0.0 0.0 8.0 0.0
2009.0055437628846 0.0 0.0 0.0 1.0 0.0 0.0 8.0 0.0
2010.013792835335 0.0 0.0 0.0 1.0 0.0 0.0 8.0 0.0
2011.007305399591 0.0 0.0 0.0 1.0 0.0 0.0 8.0 0.0
2012.0037458520392 0.0 0.0 0.0 1.0 0.0 0.0 8.0 0.0
2013.0020824667185 0.0 0.0 0.0 1.0 0.0 0.0 8.0 0.0
2014.0025940869086 0.0 0.0 0.0 1.0 0.0 0.0 8.0 0.0
2015.0129065345695 0.0 0.0 0.0 1.0 0.0 0.0 8.0 0.0
2016.013792835335 0.0 0.0 0.0 1.0 0.0 0.0 8.0 0.0
2017.002103668745 0.0 0.0 0.0 1.0 0.0 0.0 8.0 0.0
2018.0099250672924 0.0 0.0 0.0 1.0 0.0 0.0 8.0 0.0
2019.000393410449 0.0 0.0 0.0 1.0 0.0 0.0 8.0 0.0
2020.000674968168 0.0 0.0 0.0 1.0 0.0 0.0 8.0 0.0
2021.013792835335 0.0 0.0 0.0 1.0 0.0 0.0 8.0 0.0
2022.013792835335 0.0 0.0 0.0 1.0 0.0 0.0 8.0 0.0
2023.0021889276502 0.0 0.0 0.0 1.0 0.0 0.0 8.0 0.0
2024.0041334040418 0.0 0.0 0.0 1.0 0.0 0.0 8.0 0.0
2025.0040076512807 0.0 0.0 0.0 1.0 0.0 0.0 8.0 0.0
2026.0118435195413 0.0 0.0 0.0 1.0 0.0 0.0 8.0 0.0
2027.013792835335 0.0 0.0 0.0 1.0 0.0 0.0 8.0 0.0
2028.013792835335 0.0 0.0 0.0 1.0 0.0 0.0 8.0 0.0
2029.013036621607 0.0 0.0 0.0 1.0 0.0 0.0 8.0 0.0
2030.013792835335 0.0 0.0 0.0 1.0 0.0 0.0 8.0 0.0
2031.0019362987707 0.0 0.0 0.0 1.0 0.0 0.0 8.0 0.0
2032.0058736418564 0.0 0.0 0.0 1.0 0.0 0.0 8.0 0.0
2033.0001984960616 0.0 0.0 0.0 1.0 0.0 0.0 8.0 0.0
2034.0078227738588 0.0 0.0 0.0 1.0 0.0 0.0 8.0 0.0
2035.013792835335 0.0 0.0 0.0 1.0 0.0 0.0 8.0 0.0
2036.013792835335 0.0 0.0 0.0 1.0 0.0 0.0 8.0 0.0
2037.0095012191214 0.0 0.0 0.0 1.0 0.0 0.0 8.0 0.0
2038.0022532345974 0.0 0.0 0.0 1.0 0.0 0.0 8.0 0.0
2039.0021569178211 0.0 0.0 0.0 1.0 0.0 0.0 8.0 0.0
2040.013792835335 0.0 0.0 0.0 1.0 0.0 0.0 8.0 0.0
2041.0032764785178 0.0 0.0 0.0 1.0 0.0 0.0 8.0 0.0
2042.013792835335 0.0 0.0 0.0 1.0 0.0 0.0 8.0 0.0
2043.0030718640853 0.0 0.0 0.0 1.0 0.0 0.0 8.0 0.0
2044.0121489207581 0.0 0.0 0.0 1.0 0.0 0.0 8.0 0.0
2045.0026168555764 0.0 0.0 0.0 1.0 0.0 0.0 8.0 0.0
2046.005973294557 0.0 0.0 0.0 1.0 0.0 0.0 8.0 0.0
2047.0032163362803 0.0 0.0 0.0 1.0 0.0 0.0 8.0 0.0
2048.013792835335 0.0 0.0 0.0 1.0 0.0 0.0 8.0 0.0
2049.013792835335 0.0 0.0 0.0 1.0 0.0 0.0 8.0 0.0
2050.0032305122145 0.0 0.0 0.0 1.0 0.0 0.0 8.0 0.0
2051.013792835335 0.0 0.0 0.0 1.0 0.0 0.0 8.0 0.0
2052.0048998670686 0.0 0.0 0.0 1.0 0.0 0.0 8.0 0.0
2053.013792835335 0.0 0.0 0.0 1.0 0.0 0.0 8.0 0.0
2054.013792835335 0.0 0.0 0.0 1.0 0.0 0.0 8.0 0.0
2055.0105478118317 0.0 0.0 0.0 1.0 0.0 0.0 8.0 0.0
2056.013792835335 0.0 0.0 0.0 1.0 0.0 0.0 8.0 0.0
2057.012526873896 0.0 0.0 0.0 1.0 0.0 0.0 8.0 0.0
2058.0016636019345 0.0 0.0 0.0 1.0 0.0 0.0 8.0 0.0
2059.0052207513068 0.0 0.0 0.0 1.0 0.0 0.0 8.0 0.0
2060.013792835335 0.0 0.0 0.0 1.0 0.0 0.0 8.0 0.0
2061.0003627931487 0.0 0.0 0.0 1.0 0.0 0.0 8.0 0.0
2062.0068958395896 0.0 0.0 0.0 1.0 0.0 0.0 8.0 0.0
2063.00145187206 0.0 0.0 0.0 1.0 0.0 0.0 8.0 0.0
2064.000544363828 0.0 0.0 0.0 1.0 0.0 0.0 8.0 0.0
2065.0010212221764 0.0 0.0 0.0 1.0 0.0 0.0 8.0 0.0
2066.0040474137986 0.0 0.0 0.0 1.0 0.0 0.0 8.0 0.0
2067.0105534683357 0.0 0.0 0.0 1.0 0.0 0.0 8.0 0.0
2068.013792835335 0.0 0.0 0.0 1.0 0.0 0.0 8.0 0.0
2069.013792835335 0.0 0.0 0.0 1.0 0.0 0.0 8.0 0.0
2070.0008284410846 0.0 0.0 0.0 1.0 0.0 0.0 8.0 0.0
2071.003687203253 0.0 0.0 0.0 1.0 0.0 0.0 8.0 0.0
2072.004378431656 0.0 0.0 0.0 1.0 0.0 0.0 8.0 0.0
2073.0011216230937 0.0 0.0 0.0 1.0 0.0 0.0 8.0 0.0
2074.013792835335 0.0 0.0 0.0 1.0 0.0 0.0 8.0 0.0
2075.010324080291 0.0 0.0 0.0 1.0 0.0 0.0 8.0 0.0
2076.013792835335 0.0 0.0 0.0 1.0 0.0 0.0 8.0 0.0
2077.013792835335 0.0 0.0 0.0 1.0 0.0 0.0 8.0 0.0
2078.013792835335 0.0 0.0 0.0 1.0 0.0 0.0 8.0 0.0
2079.0029673415356 0.0 0.0 0.0 1.0 0.0 0.0 8.0 0.0
2080.013792835335 0.0 0.0 0.0 1.0 0.0 0.0 8.0 0.0
2081.000686598185 0.0 0.0 0.0 1.0 0.0 0.0 8.0 0.0
2082.013792835335 0.0 0.0 0.0 1.0 0.0 0.0 8.0 0.0
2083.0070653066678 0.0 0.0 0.0 1.0 0.0 0.0 8.0 0.0
2084.00640811772 0.0 0.0 0.0 1.0 0.0 0.0 8.0 0.0
2085.002890306988 0.0 0.0 0.0 1.0 0.0 0.0 8.0 0.0
2086.0089510262633 0.0 0.0 0.0 1.0 0.0 0.0 8.0 0.0
2087.008062012535 0.0 0.0 0.0 1.0 0.0 0.0 8.0 0.0
2088.013792835335 0.0 0.0 0.0 1.0 0.0 0.0 8.0 0.0
2089.001928188747 0.0 0.0 0.0 1.0 0.0 0.0 8.0 0.0
2090.013792835335 0.0 0.0 0.0 1.0 0.0 0.0 8.0 0.0
2091.013792835335 0.0 0.0 0.0 1.0 0.0 0.0 8.0 0.0
2092.009713968545 0.0 0.0 0.0 1.0 0.0 0.0 8.0 0.0
2093.0065477550766 0.0 0.0 0.0 1.0 0.0 0.0 8.0 0.0
2094.013792835335 0.0 0.0 0.0 1.0 0.0 0.0 8.0 0.0
2095.0115497457064 0.0 0.0 0.0 1.0 0.0 0.0 8.0 0.0
2096.013792835335 0.0 0.0 0.0 1.0 0.0 0.0 8.0 0.0
2097.006248310628 0.0 0.0 0.0 1.0 0.0 0.0 8.0 0.0
2098.00247924117 0.0 0.0 0.0 1.0 0.0 0.0 8.0 0.0
2099.000412308559 0.0 0.0 0.0 1.0 0.0 0.0 8.0 0.0
2100.013792835335 0.0 0.0 0.0 1.0 0.0 0.0 8.0 0.0
2101.013792835335 0.0 0.0 0.0 1.0 0.0 0.0 8.0 0.0
2102.0037991947993 0.0 0.0 0.0 1.0 0.0 0.0 8.0 0.0
2103.0102323027822 0.0 0.0 0.0 1.0 0.0 0.0 8.0 0.0
2104.013792835335 0.0 0.0 0.0 1.0 0.0 0.0 8.0 0.0
2105.013792835335 0.0 0.0 0.0 1.0 0.0 0.0 8.0 0.0
2106.0090919909603 0.0 0.0 0.0 1.0 0.0 0.0 8.0 0.0
2107.0059930538578 0.0 0.0 0.0 1.0 0.0 0.0 8.0 0.0
2108.008866974945 0.0 0.0 0.0 1.0 0.0 0.0 8.0 0.0
2109.009350421793 0.0 0.0 0.0 1.0 0.0 0.0 8.0 0.0
2110.0126341401437 0.0 0.0 0.0 1.0 0.0 0.0 8.0 0.0
2111.004045203809 0.0 0.0 0.0 1.0 0.0 0.0 8.0 0.0
2112.006473059073 0.0 0.0 0.0 1.0 0.0 0.0 8.0 0.0
2113.013792835335 0.0 0.0 0.0 1.0 0.0 0.0 8.0 0.0
2114.013792835335 0.0 0.0 0.0 1.0 0.0 0.0 8.0 0.0
2115.013792835335 0.0 0.0 0.0 1.0 0.0 0.0 8.0 0.0
2116.002846510893 0.0 0.0 0.0 1.0 0.0 0.0 8.0 0.0
2117.013792835335 0.0 0.0 0.0 1.0 0.0 0.0 8.0 0.0
2118.013792835335 0.0 0.0 0.0 1.0 0.0 0.0 8.0 0.0
2119.013792835335 0.0 0.0 0.0 1.0 0.0 0.0 8.0 0.0
2120.0026884536105 0.0 0.0 0.0 1.0 0.0 0.0 8.0 0.0
2121.013792835335 0.0 0.0 0.0 1.0 0.0 0.0 8.0 0.0
2122.013792835335 0.0 0.0 0.0 1.0 0.0 0.0 8.0 0.0
2123.0066660593593 0.0 0.0 0.0 1.0 0.0 0.0 8.0 0.0
2124.0099494519623 0.0 0.0 0.0 1.0 0.0 0.0 8.0 0.0
2125.013792835335 0.0 0.0 0.0 1.0 0.0 0.0 8.0 0.0
2126.001066659239 0.0 0.0 0.0 1.0 0.0 0.0 8.0 0.0
2127.002993627878 0.0 0.0 0.0 1.0 0.0 0.0 8.0 0.0
2128.013792835335 0.0 0.0 0.0 1.0 0.0 0.0 8.0 0.0
2129.011133495528 0.0 0.0 0.0 1.0 0.0 0.0 8.0 0.0
2130.0134522159065 0.0 0.0 0.0 1.0 0.0 0.0 8.0 0.0
2131.007827900693 0.0 0.0 0.0 1.0 0.0 0.0 8.0 0.0
2132.013792835335 0.0 0.0 0.0 1.0 0.0 0.0 8.0 0.0
2133.0034721162483 0.0 0.0 0.0 1.0 0.0 0.0 8.0 0.0
2134.0043485826877 0.0 0.0 0.0 1.0 0.0 0.0 8.0 0.0
2135.0104077963188 0.0 0.0 0.0 1.0 0.0 0.0 8.0 0.0
2136.010595327418 0.0 0.0 0.0 1.0 0.0 0.0 8.0 0.0
2137.011999267843 0.0 0.0 0.0 1.0 0.0 0.0 8.0 0.0
2138.005002303791 0.0 0.0 0.0 1.0 0.0 0.0 8.0 0.0
2139.0012484390913 0.0 0.0 0.0 1.0 0.0 0.0 8.0 0.0
2140.0105626587947 0.0 0.0 0.0 1.0 0.0 0.0 8.0 0.0
2141.00480686019 0.0 0.0 0.0 1.0 0.0 0.0 8.0 0.0
2142.0043227004617 0.0 0.0 0.0 1.0 0.0 0.0 8.0 0.0
2143.000000271474 0.0 0.0 0.0 1.0 0.0 0.0 8.0 0.0
2144.0061373260783 0.0 0.0 0.0 1.0 0.0 0.0 8.0 0.0
2145.002019027693 0.0 0.0 0.0 1.0 0.0 0.0 8.0 0.0
2146.013792835335 0.0 0.0 0.0 1.0 0.0 0.0 8.0 0.0
2147.009249361208 0.0 0.0 0.0 1.0 0.0 0.0 8.0 0.0
2148.0049144340833 0.0 0.0 0.0 1.0 0.0 0.0 8.0 0.0
2149.013792835335 0.0 0.0 0.0 1.0 0.0 0.0 8.0 0.0
2150.013792835335 0.0 0.0 0.0 1.0 0.0 0.0 8.0 0.0
2151.002321129029 0.0 0.0 0.0 1.0 0.0 0.0 8.0 0.0
2152.0035671148407 0.0 0.0 0.0 1.0 0.0 0.0 8.0 0.0
2153.013792835335 0.0 0.0 0.0 1.0 0.0 0.0 8.0 0.0
2154.002327918357 0.0 0.0 0.0 1.0 0.0 0.0 8.0 0.0
2155.0011625772436 0.0 0.0 0.0 1.0 0.0 0.0 8.0 0.0
2156.008292782143 0.0 0.0 0.0 1.0 0.0 0.0 8.0 0.0
2157.0030036342087 0.0 0.0 0.0 1.0 0.0 0.0 8.0 0.0
2158.013792835335 0.0 0.0 0.0 1.0 0.0 0.0 8.0 0.0
2159.013792835335 0.0 0.0 0.0 1.0 0.0 0.0 8.0 0.0
2160.0017199124923 0.0 0.0 0.0 1.0 0.0 0.0 8.0 0.0
2161.0001502487885 0.0 0.0 0.0 1.0 0.0 0.0 8.0 0.0
2162.013792835335 0.0 0.0 0.0 1.0 0.0 0.0 8.0 0.0
2163.013164225254 0.0 0.0 0.0 1.0 0.0 0.0 8.0 0.0
2164.0070519330907 0.0 0.0 0.0 1.0 0.0 0.0 8.0 0.0
2165.0109434417923 0.0 0.0 0.0 1.0 0.0 0.0 8.0 0.0
2166.013792835335 0.0 0.0 0.0 1.0 0.0 0.0 8.0 0.0
2167.013792835335 0.0 0.0 0.0 1.0 0.0 0.0 8.0 0.0
2168.000118512256 0.0 0.0 0.0 1.0 0.0 0.0 8.0 0.0
2169.0122685039714 0.0 0.0 0.0 1.0 0.0 0.0 8.0 0.0
2170.009481843399 0.0 0.0 0.0 1.0 0.0 0.0 8.0 0.0
2171.0079588961785 0.0 0.0 0.0 1.0 0.0 0.0 8.0 0.0
2172.0069108036087 0.0 0.0 0.0 1.0 0.0 0.0 8.0 0.0
2173.000315120792 0.0 0.0 0.0 1.0 0.0 0.0 8.0 0.0
2174.013792835335 0.0 0.0 0.0 1.0 0.0 0.0 8.0 0.0
2175.0022614124437 0.0 0.0 0.0 1.0 0.0 0.0 8.0 0.0
2176.005925953728 0.0 0.0 0.0 1.0 0.0 0.0 8.0 0.0
2177.013792835335 0.0 0.0 0.0 1.0 0.0 0.0 8.0 0.0
2178.013792835335 0.0 0.0 0.0 1.0 0.0 0.0 8.0 0.0
2179.013792835335 0.0 0.0 0.0 1.0 0.0 0.0 8.0 0.0
2180.0133322205866 0.0 0.0 0.0 1.0 0.0 0.0 8.0 0.0
2181.0036725790883 0.0 0.0 0.0 1.0 0.0 0.0 8.0 0.0
2182.005673627777 0.0 0.0 0.0 1.0 0.0 0.0 8.0 0.0
2183.0022504410463 0.0 0.0 0.0 1.0 0.0 0.0 8.0 0.0
2184.008762094124 0.0 0.0 0.0 1.0 0.0 0.0 8.0 0.0
2185.013544026784 0.0 0.0 0.0 1.0 0.0 0.0 8.0 0.0
2186.013792835335 0.0 0.0 0.0 1.0 0.0 0.0 8.0 0.0
2187.0034443668214 0.0 0.0 0.0 1.0 0.0 0.0 8.0 0.0
2188.0042260238797 0.0 0.0 0.0 1.0 0.0 0.0 8.0 0.0
2189.0043441555154 0.0 0.0 0.0 1.0 0.0 0.0 8.0 0.0
2190.0002496552793 0.0 0.0 0.0 1.0 0.0 0.0 8.0 0.0
2191.0115548539825 0.0 0.0 0.0 1.0 0.0 0.0 8.0 0.0
2192.013792835335 0.0 0.0 0.0 1.0 0.0 0.0 8.0 0.0
2193.013792835335 0.0 0.0 0.0 1.0 0.0 0.0 8.0 0.0
2194.001807319374 0.0 0.0 0.0 1.0 0.0 0.0 8.0 0.0
2195.013792835335 0.0 0.0 0.0 1.0 0.0 0.0 8.0 0.0
2196.001962933623 0.0 0.0 0.0 1.0 0.0 0.0 8.0 0.0
2197.007992012294 0.0 0.0 0.0 1.0 0.0 0.0 8.0 0.0
2198.0065285508426 0.0 0.0 0.0 1.0 0.0 0.0 8.0 0.0
2199.0017765066073 0.0 0.0 0.0 1.0 0.0 0.0 8.0 0.0
2200.0031866899185 0.0 0.0 0.0 1.0 0.0 0.0 8.0 0.0
2201.0058296820803 0.0 0.0 0.0 1.0 0.0 0.0 8.0 0.0
2202.000647589155 0.0 0.0 0.0 1.0 0.0 0.0 8.0 0.0
2203.013792835335 0.0 0.0 0.0 1.0 0.0 0.0 8.0 0.0
2204.013792835335 0.0 0.0 0.0 1.0 0.0 0.0 8.0 0.0
2205.013792835335 0.0 0.0 0.0 1.0 0.0 0.0 8.0 0.0
2206.010945034609 0.0 0.0 0.0 1.0 0.0 0.0 8.0 0.0
2207.013792835335 0.0 0.0 0.0 1.0 0.0 0.0 8.0 0.0
2208.008762874603 0.0 0.0 0.0 1.0 0.0 0.0 8.0 0.0
2209.006849190794 0.0 0.0 0.0 1.0 0.0 0.0 8.0 0.0
2210.0023807892608 0.0 0.0 0.0 1.0 0.0 0.0 8.0 0.0
2211.013792835335 0.0 0.0 0.0 1.0 0.0 0.0 8.0 0.0
2212.013792835335 0.0 0.0 0.0 1.0 0.0 0.0 8.0 0.0
2213.013792835335 0.0 0.0 0.0 1.0 0.0 0.0 8.0 0.0
2214.013792835335 0.0 0.0 0.0 1.0 0.0 0.0 8.0 0.0
2215.007189623917 0.0 0.0 0.0 1.0 0.0 0.0 8.0 0.0
2216.013792835335 0.0 0.0 0.0 1.0 0.0 0.0 8.0 0.0
2217.0038442397245 0.0 0.0 0.0 1.0 0.0 0.0 8.0 0.0
2218.000615443846 0.0 0.0 0.0 1.0 0.0 0.0 8.0 0.0
2219.0125333919273 0.0 0.0 0.0 1.0 0.0 0.0 8.0 0.0
2220.0009562254127 0.0 0.0 0.0 1.0 0.0 0.0 8.0 0.0
2221.0106785891576 0.0 0.0 0.0 1.0 0.0 0.0 8.0 0.0
2222.013792835335 0.0 0.0 0.0 1.0 0.0 0.0 8.0 0.0
2223.000064017508 0.0 0.0 0.0 1.0 0.0 0.0 8.0 0.0
2224.002492808375 0.0 0.0 0.0 1.0 0.0 0.0 8.0 0.0
2225.004140252796 0.0 0.0 0.0 1.0 0.0 0.0 8.0 0.0
2226.006201613481 0.0 0.0 0.0 1.0 0.0 0.0 8.0 0.0
2227.0006285609697 0.0 0.0 0.0 1.0 0.0 0.0 8.0 0.0
2228.000020339942 0.0 0.0 0.0 1.0 0.0 0.0 8.0 0.0
2229.0065685707746 0.0 0.0 0.0 1.0 0.0 0.0 8.0 0.0
2230.0078968247904 0.0 0.0 0.0 1.0 0.0 0.0 8.0 0.0
2231.000861580758 0.0 0.0 0.0 1.0 0.0 0.0 8.0 0.0
2232.001344700226 0.0 0.0 0.0 1.0 0.0 0.0 8.0 0.0
2233.009400148274 0.0 0.0 0.0 1.0 0.0 0.0 8.0 0.0
2234.0029995203267 0.0 0.0 0.0 1.0 0.0 0.0 8.0 0.0
2235.0070299681674 0.0 0.0 0.0 1.0 0.0 0.0 8.0 0.0
2236.013792835335 0.0 0.0 0.0 1.0 0.0 0.0 8.0 0.0
2237.0066340995113 0.0 0.0 0.0 1.0 0.0 0.0 8.0 0.0
2238.0060764413574 0.0 0.0 0.0 1.0 0.0 0.0 8.0 0.0
2239.013792835335 0.0 0.0 0.0 1.0 0.0 0.0 8.0 0.0
2240.0040123186823 0.0 0.0 0.0 1.0 0.0 0.0 8.0 0.0
2241.013792835335 0.0 0.0 0.0 1.0 0.0 0.0 8.0 0.0
2242.013792835335 0.0 0.0 0.0 1.0 0.0 0.0 8.0 0.0
2243.013792835335 0.0 0.0 0.0 1.0 0.0 0.0 8.0 0.0
2244.0024694676486 0.0 0.0 0.0 1.0 0.0 0.0 8.0 0.0
2245.0064577797375 0.0 0.0 0.0 1.0 0.0 0.0 8.0 0.0
2246.013792835335 0.0 0.0 0.0 1.0 0.0 0.0 8.0 0.0
2247.005922256455 0.0 0.0 0.0 1.0 0.0 0.0 8.0 0.0
2248.006029047831 0.0 0.0 0.0 1.0 0.0 0.0 8.0 0.0
2249.0049832280642 0.0 0.0 0.0 1.0 0.0 0.0 8.0 0.0
2250.0098541710427 0.0 0.0 0.0 1.0 0.0 0.0 8.0 0.0
2251.0129670234332 0.0 0.0 0.0 1.0 0.0 0.0 8.0 0.0
2252.0011407080588 0.0 0.0 0.0 1.0 0.0 0.0 8.0 0.0
2253.010056303008 0.0 0.0 0.0 1.0 0.0 0.0 8.0 0.0
2254.0067473201575 0.0 0.0 0.0 1.0 0.0 0.0 8.0 0.0
2255.013792835335 0.0 0.0 0.0 1.0 0.0 0.0 8.0 0.0
2256.013792835335 0.0 0.0 0.0 1.0 0.0 0.0 8.0 0.0
2257.013792835335 0.0 0.0 0.0 1.0 0.0 0.0 8.0 0.0
2258.0009613920633 0.0 0.0 0.0 1.0 0.0 0.0 8.0 0.0
2259.013792835335 0.0 0.0 0.0 1.0 0.0 0.0 8.0 0.0
2260.0092045688107 0.0 0.0 0.0 1.0 0.0 0.0 8.0 0.0
2261.013792835335 0.0 0.0 0.0 1.0 0.0 0.0 8.0 0.0
2262.013792835335 0.0 0.0 0.0 1.0 0.0 0.0 8.0 0.0
2263.013792835335 0.0 0.0 0.0 1.0 0.0 0.0 8.0 0.0
2264.0058879663998 0.0 0.0 0.0 1.0 0.0 0.0 8.0 0.0
2265.013792835335 0.0 0.0 0.0 1.0 0.0 0.0 8.0 0.0
2266.0078620760382 0.0 0.0 0.0 1.0 0.0 0.0 8.0 0.0
2267.00755026708 0.0 0.0 0.0 1.0 0.0 0.0 8.0 0.0
2268.0010583988883 0.0 0.0 0.0 1.0 0.0 0.0 8.0 0.0
2269.013792835335 0.0 0.0 0.0 1.0 0.0 0.0 8.0 0.0
2270.0028424668526 0.0 0.0 0.0 1.0 0.0 0.0 8.0 0.0
2271.013792835335 0.0 0.0 0.0 1.0 0.0 0.0 8.0 0.0
2272.013792835335 0.0 0.0 0.0 1.0 0.0 0.0 8.0 0.0
2273.005011519371 0.0 0.0 0.0 1.0 0.0 0.0 8.0 0.0
2274.006587195488 0.0 0.0 0.0 1.0 0.0 0.0 8.0 0.0
2275.0005653824996 0.0 0.0 0.0 1.0 0.0 0.0 8.0 0.0
2276.0130595119404 0.0 0.0 0.0 1.0 0.0 0.0 8.0 0.0
2277.0079504368496 0.0 0.0 0.0 1.0 0.0 0.0 8.0 0.0
2278.010632069829 0.0 0.0 0.0 1.0 0.0 0.0 8.0 0.0
2279.013792835335 0.0 0.0 0.0 1.0 0.0 0.0 8.0 0.0
2280.004817524546 0.0 0.0 0.0 1.0 0.0 0.0 8.0 0.0
2281.0062720561145 0.0 0.0 0.0 1.0 0.0 0.0 8.0 0.0
2282.00311033878 0.0 0.0 0.0 1.0 0.0 0.0 8.0 0.0
2283.013792835335 0.0 0.0 0.0 1.0 0.0 0.0 8.0 0.0
2284.0027385852954 0.0 0.0 0.0 1.0 0.0 0.0 8.0 0.0
2285.000834423799 0.0 0.0 0.0 1.0 0.0 0.0 8.0 0.0
2286.0064251440426 0.0 0.0 0.0 1.0 0.0 0.0 8.0 0.0
2287.0134166199728 0.0 0.0 0.0 1.0 0.0 0.0 8.0 0.0
2288.013792835335 0.0 0.0 0.0 1.0 0.0 0.0 8.0 0.0
2289.000578938458 0.0 0.0 0.0 1.0 0.0 0.0 8.0 0.0
2290.0029373509633 0.0 0.0 0.0 1.0 0.0 0.0 8.0 0.0
2291.002261794913 0.0 0.0 0.0 1.0 0.0 0.0 8.0 0.0
2292.013792835335 0.0 0.0 0.0 1.0 0.0 0.0 8.0 0.0
2293.007520377336 0.0 0.0 0.0 1.0 0.0 0.0 8.0 0.0
2294.0033699356964 0.0 0.0 0.0 1.0 0.0 0.0 8.0 0.0
2295.013792835335 0.0 0.0 0.0 1.0 0.0 0.0 8.0 0.0
2296.0130652260036 0.0 0.0 0.0 1.0 0.0 0.0 8.0 0.0
2297.006991019243 0.0 0.0 0.0 1.0 0.0 0.0 8.0 0.0
2298.0074962373083 0.0 0.0 0.0 1.0 0.0 0.0 8.0 0.0
2299.013087331439 0.0 0.0 0.0 1.0 0.0 0.0 8.0 0.0
2300.013792835335 0.0 0.0 0.0 1.0 0.0 0.0 7.975 0.0
2301.0058326886024 0.5125 0.0 0.0 0.4875 0.0 1.0 7.0875 0.4935185185185185
2302.0105540151194 0.9875 0.0 0.0 0.012500000000000013 0.0 1.0 6.6 0.024382716049382715
2303.013792835335 1.0 0.0 0.0 0.0 0.0 1.0 7.475 0.0
2304.013792835335 1.0 0.0 0.0 0.0 0.0 1.0 7.9875 0.0
2305.0082510819134 1.0 0.0 0.0 0.0 0.0 1.0 8.0 0.0
2306.0103426384435 1.0 0.0 0.0 0.0 0.0 1.0 8.0 0.0
2307.0065305015 1.0 0.0 0.0 0.0 0.0 1.0 8.0 0.0
2308.0011295674426 1.0 0.0 0.0 0.0 0.0 1.0 8.0 0.0
2309.0062950802067 1.0 0.0 0.0 0.0 0.0 1.0 8.0 0.0
2310.013247456403 1.0 0.0 0.0 0.0 0.0 1.0 8.0 0.0
2311.013792835335 1.0 0.0 0.0 0.0 0.0 1.0 8.0 0.0
2312.007048186476 1.0 0.0 0.0 0.0 0.0 1.0 8.0 0.0
2313.000710350939 1.0 0.0 0.0 0.0 0.0 1.0 8.0 0.0
2314.013792835335 1.0 0.0 0.0 0.0 0.0 1.0 8.0 0.0
2315.013792835335 1.0 0.0 0.0 0.0 0.0 1.0 8.0 0.0
2316.013792835335 1.0 0.0 0.0 0.0 0.0 1.0 8.0 0.0
2317.0002941596863 1.0 0.0 0.0 0.0 0.0 1.0 8.0 0.0
2318.013792835335 1.0 0.0 0.0 0.0 0.0 1.0 8.0 0.0
2319.0016409131113 1.0 0.0 0.0 0.0 0.0 1.0 8.0 0.0
2320.013792835335 1.0 0.0 0.0 0.0 0.0 1.0 8.0 0.0
2321.013792835335 1.0 0.0 0.0 0.0 0.0 1.0 8.0 0.0
2322.013792835335 1.0 0.0 0.0 0.0 0.0 1.0 8.0 0.0
2323.009787638895 1.0 0.0 0.0 0.0 0.0 1.0 8.0 0.0
2324.0009860782297 1.0 0.0 0.0 0.0 0.0 1.0 8.0 0.0
2325.013792835335 1.0 0.0 0.0 0.0 0.0 1.0 8.0 0.0
2326.0064306906384 1.0 0.0 0.0 0.0 0.0 1.0 8.0 0.0
2327.013792835335 1.0 0.0 0.0 0.0 0.0 1.0 8.0 0.0
2328.006330481309 1.0 0.0 0.0 0.0 0.0 1.0 8.0 0.0
2329.003032060612 1.0 0.0 0.0 0.0 0.0 1.0 8.0 0.0
2330.013792835335 1.0 0.0 0.0 0.0 0.0 1.0 8.0 0.0
2331.0065314466146 1.0 0.0 0.0 0.0 0.0 1.0 8.0 0.0
2332.013792835335 1.0 0.0 0.0 0.0 0.0 1.0 8.0 0.0
2333.013792835335 1.0 0.0 0.0 0.0 0.0 1.0 8.0 0.0
2334.001994151959 1.0 0.0 0.0 0.0 0.0 1.0 8.0 0.0
2335.013792835335 1.0 0.0 0.0 0.0 0.0 1.0 8.0 0.0
2336.013792835335 1.0 0.0 0.0 0.0 0.0 1.0 8.0 0.0
2337.0024667844204 1.0 0.0 0.0 0.0 0.0 1.0 8.0 0.0
2338.013792835335 1.0 0.0 0.0 0.0 0.0 1.0 8.0 0.0
2339.0053605261796 1.0 0.0 0.0 0.0 0.0 1.0 8.0 0.0
2340.013792835335 1.0 0.0 0.0 0.0 0.0 1.0 8.0 0.0
2341.013792835335 1.0 0.0 0.0 0.0 0.0 1.0 8.0 0.0
2342.013792835335 1.0 0.0 0.0 0.0 0.0 1.0 8.0 0.0
2343.013792835335 1.0 0.0 0.0 0.0 0.0 1.0 8.0 0.0
2344.0099081387425 1.0 0.0 0.0 0.0 0.0 1.0 8.0 0.0
2345.0093365172497 1.0 0.0 0.0 0.0 0.0 1.0 8.0 0.0
2346.013792835335 1.0 0.0 0.0 0.0 0.0 1.0 8.0 0.0
2347.013792835335 1.0 0.0 0.0 0.0 0.0 1.0 8.0 0.0
2348.013792835335 1.0 0.0 0.0 0.0 0.0 1.0 8.0 0.0
2349.0086905493868 1.0 0.0 0.0 0.0 0.0 1.0 8.0 0.0
2350.008991864542 1.0 0.0 0.0 0.0 0.0 1.0 8.0 0.0
2351.0059267786905 1.0 0.0 0.0 0.0 0.0 1.0 8.0 0.0
2352.013792835335 1.0 0.0 0.0 0.0 0.0 1.0 8.0 0.0
2353.013792835335 1.0 0.0 0.0 0.0 0.0 1.0 8.0 0.0
2354.013792835335 1.0 0.0 0.0 0.0 0.0 1.0 8.0 0.0
2355.0052825124003 1.0 0.0 0.0 0.0 0.0 1.0 8.0 0.0
2356.013792835335 1.0 0.0 0.0 0.0 0.0 1.0 8.0 0.0
2357.0123036572763 1.0 0.0 0.0 0.0 0.0 1.0 8.0 0.0
2358.013792835335 1.0 0.0 0.0 0.0 0.0 1.0 8.0 0.0
2359.005376667786 1.0 0.0 0.0 0.0 0.0 1.0 8.0 0.0
2360.013792835335 1.0 0.0 0.0 0.0 0.0 1.0 8.0 0.0
2361.0011800302113 1.0 0.0 0.0 0.0 0.0 1.0 8.0 0.0
2362.00601063364 1.0 0.0 0.0 0.0 0.0 1.0 8.0 0.0
2363.0107983799817 1.0 0.0 0.0 0.0 0.0 1.0 8.0 0.0
2364.0035589303216 1.0 0.0 0.0 0.0 0.0 1.0 8.0 0.0
2365.000959740601 1.0 0.0 0.0 0.0 0.0 1.0 8.0 0.0
2366.013792835335 1.0 0.0 0.0 0.0 0.0 1.0 8.0 0.0
2367.010286000973 1.0 0.0 0.0 0.0 0.0 1.0 8.0 0.0
2368.0058121364546 1.0 0.0 0.0 0.0 0.0 1.0 8.0 0.0
2369.013792835335 1.0 0.0 0.0 0.0 0.0 1.0 8.0 0.0
2370.005133423982 1.0 0.0 0.0 0.0 0.0 1.0 8.0 0.0
2371.0029982724545 1.0 0.0 0.0 0.0 0.0 1.0 8.0 0.0
2372.001971761599 1.0 0.0 0.0 0.0 0.0 1.0 8.0 0.0
2373.0079912074198 1.0 0.0 0.0 0.0 0.0 1.0 8.0 0.0
2374.013792835335 1.0 0.0 0.0 0.0 0.0 1.0 8.0 0.0
2375.013792835335 1.0 0.0 0.0 0.0 0.0 1.0 8.0 0.0
2376.000753023927 1.0 0.0 0.0 0.0 0.0 1.0 8.0 0.0
2377.002206370238 1.0 0.0 0.0 0.0 0.0 1.0 8.0 0.0
2378.013792835335 1.0 0.0 0.0 0.0 0.0 1.0 8.0 0.0
2379.0071709578992 1.0 0.0 0.0 0.0 0.0 1.0 8.0 0.0
2380.007109381394 1.0 0.0 0.0 0.0 0.0 1.0 8.0 0.0
2381.013792835335 1.0 0.0 0.0 0.0 0.0 1.0 8.0 0.0
2382.0018093699355 1.0 0.0 0.0 0.0 0.0 1.0 8.0 0.0
2383.013792835335 1.0 0.0 0.0 0.0 0.0 1.0 8.0 0.0
2384.0030097637914 1.0 0.0 0.0 0.0 0.0 1.0 8.0 0.0
2385.0032744426057 1.0 0.0 0.0 0.0 0.0 1.0 8.0 0.0
2386.0064343253766 1.0 0.0 0.0 0.0 0.0 1.0 8.0 0.0
2387.0053203157645 1.0 0.0 0.0 0.0 0.0 1.0 8.0 0.0
2388.0000849163002 1.0 0.0 0.0 0.0 0.0 1.0 8.0 0.0
2389.011903811475 1.0 0.0 0.0 0.0 0.0 1.0 8.0 0.0
2390.0118021847074 1.0 0.0 0.0 0.0 0.0 1.0 8.0 0.0
2391.0105834018996 1.0 0.0 0.0 0.0 0.0 1.0 8.0 0.0
2392.0125660012413 1.0 0.0 0.0 0.0 0.0 1.0 8.0 0.0
2393.013792835335 1.0 0.0 0.0 0.0 0.0 1.0 8.0 0.0
2394.013792835335 1.0 0.0 0.0 0.0 0.0 1.0 8.0 0.0
2395.0052473370106 1.0 0.0 0.0 0.0 0.0 1.0 8.0 0.0
2396.0086705654503 1.0 0.0 0.0 0.0 0.0 1.0 8.0 0.0
2397.0001643258593 1.0 0.0 0.0 0.0 0.0 1.0 8.0 0.0
2398.0134248292206 1.0 0.0 0.0 0.0 0.0 1.0 8.0 0.0
2399.000510672904 1.0 0.0 0.0 0.0 0.0 1.0 8.0 0.0
2400.0 1.0 0.0 0.0 0.0 1.0 1.0 7.9875 0.0
2401.008535248506 1.0 0.0 0.0 0.0 1.0 1.0 7.1375 0.0
2402.010526765375 0.45 0.3125 0.23749999999999996 0.0 1.0 1.0 6.1875 0.6354938271604939
2403.0073203931056 0.125 0.8125 0.0625 0.0 1.0 1.0 6.5375 0.31635802469135804
2404.005068529813 0.0 1.0 0.0 0.0 1.0 1.0 7.375 0.0
2405.013792835335 0.0 1.0 0.0 0.0 1.0 1.0 7.9875 0.0
2406.013792835335 0.0 1.0 0.0 0.0 1.0 1.0 8.0 0.0
2407.002743446664 0.0 1.0 0.0 0.0 1.0 1.0 8.0 0.0
2408.0065274485805 0.0 1.0 0.0 0.0 1.0 1.0 8.0 0.0
2409.0028228965693 0.0 1.0 0.0 0.0 1.0 1.0 8.0 0.0
2410.0029699599563 0.0 1.0 0.0 0.0 1.0 1.0 8.0 0.0
2411.0083029826865 0.0 1.0 0.0 0.0 1.0 1.0 8.0 0.0
2412.013792835335 0.0 1.0 0.0 0.0 1.0 1.0 8.0 0.0
2413.010104182458 0.0 1.0 0.0 0.0 1.0 1.0 8.0 0.0
2414.002260913651 0.0 1.0 0.0 0.0 1.0 1.0 8.0 0.0
2415.0088527480234 0.0 1.0 0.0 0.0 1.0 1.0 8.0 0.0
2416.003970513947 0.0 1.0 0.0 0.0 1.0 1.0 8.0 0.0
2417.0079761597326 0.0 1.0 0.0 0.0 1.0 1.0 8.0 0.0
2418.013792835335 0.0 1.0 0.0 0.0 1.0 1.0 8.0 0.0
2419.009513329574 0.0 1.0 0.0 0.0 1.0 1.0 8.0 0.0
2420.0094674860566 0.0 1.0 0.0 0.0 1.0 1.0 8.0 0.0
2421.0071211631453 0.0 1.0 0.0 0.0 1.0 1.0 8.0 0.0
2422.00520677442 0.0 1.0 0.0 0.0 1.0 1.0 8.0 0.0
2423.013792835335 0.0 1.0 0.0 0.0 1.0 1.0 8.0 0.0
2424.013792835335 0.0 1.0 0.0 0.0 1.0 1.0 8.0 0.0
2425.002230008874 0.0 1.0 0.0 0.0 1.0 1.0 8.0 0.0
2426.013792835335 0.0 1.0 0.0 0.0 1.0 1.0 8.0 0.0
2427.013792835335 0.0 1.0 0.0 0.0 1.0 1.0 8.0 0.0
2428.0013669273376 0.0 1.0 0.0 0.0 1.0 1.0 8.0 0.0
2429.013792835335 0.0 1.0 0.0 0.0 1.0 1.0 8.0 0.0
2430.0089994988 0.0 1.0 0.0 0.0 1.0 1.0 8.0 0.0
2431.013792835335 0.0 1.0 0.0 0.0 1.0 1.0 8.0 0.0
2432.0061186285216 0.0 1.0 0.0 0.0 1.0 1.0 8.0 0.0
2433.0027889605503 0.0 1.0 0.0 0.0 1.0 1.0 8.0 0.0
2434.013792835335 0.0 1.0 0.0 0.0 1.0 1.0 8.0 0.0
2435.0006316758318 0.0 1.0 0.0 0.0 1.0 1.0 8.0 0.0
2436.0057493479394 0.0 1.0 0.0 0.0 1.0 1.0 8.0 0.0
2437.013792835335 0.0 1.0 0.0 0.0 1.0 1.0 8.0 0.0
2438.0072683849644 0.0 1.0 0.0 0.0 1.0 1.0 8.0 0.0
2439.000884481315 0.0 1.0 0.0 0.0 1.0 1.0 8.0 0.0
2440.0033323896764 0.0 1.0 0.0 0.0 1.0 1.0 8.0 0.0
2441.013792835335 0.0 1.0 0.0 0.0 1.0 1.0 8.0 0.0
2442.002632522442 0.0 1.0 0.0 0.0 1.0 1.0 8.0 0.0
2443.001314340908 0.0 1.0 0.0 0.0 1.0 1.0 8.0 0.0
2444.011335160203 0.0 1.0 0.0 0.0 1.0 1.0 8.0 0.0
2445.0020537646983 0.0 1.0 0.0 0.0 1.0 1.0 8.0 0.0
2446.013792835335 0.0 1.0 0.0 0.0 1.0 1.0 8.0 0.0
2447.007075521229 0.0 1.0 0.0 0.0 1.0 1.0 8.0 0.0
2448.013792835335 0.0 1.0 0.0 0.0 1.0 1.0 8.0 0.0
2449.0106306614443 0.0 1.0 0.0 0.0 1.0 1.0 8.0 0.0
2450.011005926343 0.0 1.0 0.0 0.0 1.0 1.0 8.0 0.0
2451.0084704143283 0.0 1.0 0.0 0.0 1.0 1.0 8.0 0.0
2452.0002521141837 0.0 1.0 0.0 0.0 1.0 1.0 8.0 0.0
2453.0063995920223 0.0 1.0 0.0 0.0 1.0 1.0 8.0 0.0
2454.0048318538534 0.0 1.0 0.0 0.0 1.0 1.0 8.0 0.0
2455.013792835335 0.0 1.0 0.0 0.0 1.0 1.0 8.0 0.0
2456.00498182503 0.0 1.0 0.0 0.0 1.0 1.0 8.0 0.0
2457.00219294409 0.0 1.0 0.0 0.0 1.0 1.0 8.0 0.0
2458.0003311220607 0.0 1.0 0.0 0.0 1.0 1.0 8.0 0.0
2459.0006257739906 0.0 1.0 0.0 0.0 1.0 1.0 8.0 0.0
2460.004520911525 0.0 1.0 0.0 0.0 1.0 1.0 8.0 0.0
2461.013792835335 0.0 1.0 0.0 0.0 1.0 1.0 8.0 0.0
2462.002710394433 0.0 1.0 0.0 0.0 1.0 1.0 8.0 0.0
2463.013792835335 0.0 1.0 0.0 0.0 1.0 1.0 8.0 0.0
2464.0047524634447 0.0 1.0 0.0 0.0 1.0 1.0 8.0 0.0
2465.013792835335 0.0 1.0 0.0 0.0 1.0 1.0 8.0 0.0
2466.013792835335 0.0 1.0 0.0 0.0 1.0 1.0 8.0 0.0
2467.0054216823755 0.0 1.0 0.0 0.0 1.0 1.0 8.0 0.0
2468.0054917430157 0.0 1.0 0.0 0.0 1.0 1.0 8.0 0.0
2469.0023054503026 0.0 1.0 0.0 0.0 1.0 1.0 8.0 0.0
2470.013792835335 0.0 1.0 0.0 0.0 1.0 1.0 8.0 0.0
2471.0046329068537 0.0 1.0 0.0 0.0 1.0 1.0 8.0 0.0
2472.009361438907 0.0 1.0 0.0 0.0 1.0 1.0 8.0 0.0
2473.0006584918824 0.0 1.0 0.0 0.0 1.0 1.0 8.0 0.0
2474.006104146797 0.0 1.0 0.0 0.0 1.0 1.0 8.0 0.0
2475.0072468093413 0.0 1.0 0.0 0.0 1.0 1.0 8.0 0.0
2476.0007977795053 0.0 1.0 0.0 0.0 1.0 1.0 8.0 0.0
2477.0011589958963 0.0 1.0 0.0 0.0 1.0 1.0 8.0 0.0
2478.0017278381165 0.0 1.0 0.0 0.0 1.0 1.0 8.0 0.0
2479.005310284658 0.0 1.0 0.0 0.0 1.0 1.0 8.0 0.0
2480.0012958392317 0.0 1.0 0.0 0.0 1.0 1.0 8.0 0.0
2481.013792835335 0.0 1.0 0.0 0.0 1.0 1.0 8.0 0.0
2482.010960503542 0.0 1.0 0.0 0.0 1.0 1.0 8.0 0.0
2483.001064853916 0.0 1.0 0.0 0.0 1.0 1.0 8.0 0.0
2484.0014332014152 0.0 1.0 0.0 0.0 1.0 1.0 8.0 0.0
2485.011102972927 0.0 1.0 0.0 0.0 1.0 1.0 8.0 0.0
2486.005271797107 0.0 1.0 0.0 0.0 1.0 1.0 8.0 0.0
2487.0050071681617 0.0 1.0 0.0 0.0 1.0 1.0 7.975 0.0
2488.001467910172 0.0 1.0 0.0 0.0 1.0 1.0 7.2375 0.0
2489.013792835335 0.0 1.0 0.0 0.0 1.0 1.0 6.1375 0.0
2490.0005351340374 0.0 1.0 0.0 0.0 1.0 1.0 6.0 0.0
2491.002457859337 0.0 1.0 0.0 0.0 1.0 1.0 6.0 0.0
2492.0062755138206 0.0 1.0 0.0 0.0 1.0 1.0 6.0 0.0
2493.013792835335 0.0 1.0 0.0 0.0 1.0 1.0 6.0 0.0
2494.013792835335 0.0 1.0 0.0 0.0 1.0 1.0 6.0 0.0
2495.000785538409 0.0 1.0 0.0 0.0 1.0 1.0 6.0 0.0
2496.003646125669 0.0 1.0 0.0 0.0 1.0 1.0 6.0 0.0
2497.000246168924 0.0 1.0 0.0 0.0 1.0 1.0 6.0 0.0
2498.013792835335 0.0 1.0 0.0 0.0 1.0 1.0 6.0 0.0
2499.000588335881 0.0 1.0 0.0 0.0 1.0 1.0 6.0 0.0
2500.003229609137 0.0 0.525 0.0 0.475 0.0 1.0 6.0 0.4925925925925926
2501.013792835335 0.425 0.0 0.0 0.575 0.0 1.0 6.3875 0.48271604938271606
2502.0025769116623 1.0 0.0 0.0 0.0 0.0 1.0 7.4125 0.0
2503.013792835335 1.0 0.0 0.0 0.0 0.0 1.0 8.3375 0.0
2504.013792835335 1.0 0.0 0.0 0.0 0.0 1.0 9.0 0.0
2505.007938704975 1.0 0.0 0.0 0.0 0.0 1.0 9.0 0.0
2506.013792835335 1.0 0.0 0.0 0.0 0.0 1.0 9.0 0.0
2507.004124271127 1.0 0.0 0.0 0.0 0.0 1.0 9.0 0.0
2508.004259086512 1.0 0.0 0.0 0.0 0.0 1.0 9.0 0.0
2509.0118616419563 1.0 0.0 0.0 0.0 0.0 1.0 9.0 0.0
2510.013792835335 1.0 0.0 0.0 0.0 0.0 1.0 9.0 0.0
2511.013792835335 1.0 0.0 0.0 0.0 0.0 1.0 9.0 0.0
2512.013792835335 1.0 0.0 0.0 0.0 0.0 1.0 9.0 0.0
2513.013792835335 1.0 0.0 0.0 0.0 0.0 1.0 9.0 0.0
2514.005942755031 1.0 0.0 0.0 0.0 0.0 1.0 9.0 0.0
2515.013792835335 1.0 0.0 0.0 0.0 0.0 1.0 9.0 0.0
2516.0030479894335 1.0 0.0 0.0 0.0 0.0 1.0 9.0 0.0
2517.001388028636 0.7875 0.0 0.21250000000000002 0.0 0.0 1.0 9.0 0.33055555555555555
2518.0026954071454 0.024999999999999994 0.0 0.975 0.0 0.0 1.0 9.1875 0.04814814814814815
2519.0093509500057 0.0 0.0 1.0 0.0 0.0 1.0 10.1 0.0
2520.0011110754144 0.0 0.0 1.0 0.0 0.0 1.0 10.95 0.0
2521.005625291219 0.0 0.0 1.0 0.0 0.0 1.0 11.0 0.0
2522.000419017963 0.0 0.0 1.0 0.0 0.0 1.0 11.0 0.0
2523.013792835335 0.0 0.0 1.0 0.0 0.0 1.0 11.0 0.0
2524.0096772952197 0.0 0.0 1.0 0.0 0.0 1.0 11.0 0.0
2525.013792835335 0.0 0.0 1.0 0.0 0.0 1.0 11.0 0.0
2526.013792835335 0.0 0.0 1.0 0.0 0.0 1.0 11.0 0.0
2527.013792835335 0.0 0.0 1.0 0.0 0.0 1.0 11.0 0.0
2528.006737582777 0.0 0.0 1.0 0.0 0.0 1.0 11.0 0.0
2529.012081952712 0.0 0.0 1.0 0.0 0.0 1.0 11.0 0.0
2530.0085147440846 0.0 0.0 1.0 0.0 0.0 1.0 11.0 0.0
2531.0021734822726 0.0 0.0 1.0 0.0 0.0 1.0 11.0 0.0
2532.013792835335 0.0 0.0 1.0 0.0 0.0 1.0 11.0 0.0
2533.0118265053293 0.0 0.0 1.0 0.0 0.0 1.0 11.0 0.0
2534.0045884876813 0.0 0.0 1.0 0.0 0.0 1.0 11.0 0.0
2535.013792835335 0.0 0.0 1.0 0.0 0.0 1.0 11.0 0.0
2536.013792835335 0.0 0.0 1.0 0.0 0.0 1.0 11.0 0.0
2537.0029527285697 0.0 0.0 1.0 0.0 0.0 1.0 11.0 0.0
2538.013792835335 0.0 0.0 1.0 0.0 0.0 1.0 11.0 0.0
2539.0022614501627 0.0 0.0 1.0 0.0 0.0 1.0 11.0 0.0
2540.0018122690785 0.0 0.0 1.0 0.0 0.0 1.0 11.0 0.0
2541.0021020360305 0.0 0.0 1.0 0.0 0.0 1.0 11.0 0.0
2542.0101749414944 0.0 0.0 1.0 0.0 0.0 1.0 11.0 0.0
2543.0068669416473 0.0 0.0 1.0 0.0 0.0 1.0 11.0 0.0
2544.013792835335 0.0 0.0 1.0 0.0 0.0 1.0 11.0 0.0
2545.0059245352504 0.0 0.0 1.0 0.0 0.0 1.0 11.0 0.0
2546.0045917015873 0.0 0.0 1.0 0.0 0.0 1.0 11.0 0.0
2547.013787309574 0.0 0.0 1.0 0.0 0.0 1.0 11.0 0.0
2548.0078042630967 0.0 0.0 1.0 0.0 0.0 1.0 11.0 0.0
2549.0106269308835 0.0 0.0 1.0 0.0 0.0 1.0 11.0 0.0
2550.013792835335 0.0 0.0 1.0 0.0 0.0 1.0 11.0 0.0
2551.0015517906813 0.0 0.0 1.0 0.0 0.0 1.0 11.0 0.0
2552.002685353975 0.0 0.0 1.0 0.0 0.0 1.0 11.0 0.0
2553.0066576653967 0.0 0.0 1.0 0.0 0.0 1.0 11.0 0.0
2554.00913339205 0.0 0.0 1.0 0.0 0.0 1.0 11.0 0.0
2555.013792835335 0.0 0.0 1.0 0.0 0.0 1.0 11.0 0.0
2556.000150144921 0.0 0.0 1.0 0.0 0.0 1.0 11.0 0.0
2557.0039175365982 0.0 0.0 1.0 0.0 0.0 1.0 11.0 0.0
2558.013792835335 0.0 0.0 1.0 0.0 0.0 1.0 11.0 0.0
2559.0026838605622 0.0 0.0 1.0 0.0 0.0 1.0 11.0 0.0
2560.010373231475 0.0 0.0 1.0 0.0 0.0 1.0 11.0 0.0
2561.013792835335 0.0 0.0 1.0 0.0 0.0 1.0 11.0 0.0
2562.002665196348 0.0 0.0 1.0 0.0 0.0 1.0 11.0 0.0
2563.003272507666 0.0 0.0 1.0 0.0 0.0 1.0 11.0 0.0
2564.003756538028 0.0 0.0 1.0 0.0 0.0 1.0 11.0 0.0
2565.001102994509 0.0 0.0 1.0 0.0 0.0 1.0 11.0 0.0
2566.0072545121247 0.0 0.0 1.0 0.0 0.0 1.0 11.0 0.0
2567.013792835335 0.0 0.0 1.0 0.0 0.0 1.0 11.0 0.0
2568.0019862268796 0.0 0.0 1.0 0.0 0.0 1.0 11.0 0.0
2569.013792835335 0.0 0.0 1.0 0.0 0.0 1.0 11.0 0.0
2570.013792835335 0.0 0.0 1.0 0.0 0.0 1.0 11.0 0.0
2571.0087991915866 0.0 0.0 1.0 0.0 0.0 1.0 11.0 0.0
2572.013792835335 0.0 0.0 1.0 0.0 0.0 1.0 11.0 0.0
2573.013792835335 0.0 0.0 1.0 0.0 0.0 1.0 11.0 0.0
2574.0001792258963 0.0 0.0 1.0 0.0 0.0 1.0 11.0 0.0
2575.0050430662104 0.0 0.0 1.0 0.0 0.0 1.0 11.0 0.0
2576.013792835335 0.0 0.0 1.0 0.0 0.0 1.0 11.0 0.0
2577.009616021486 0.0 0.0 1.0 0.0 0.0 1.0 11.0 0.0
2578.006765570554 0.0 0.0 1.0 0.0 0.0 1.0 11.0 0.0
2579.008984524539 0.0 0.0 1.0 0.0 0.0 1.0 11.0 0.0
2580.013792835335 0.0 0.0 1.0 0.0 0.0 1.0 11.0 0.0
2581.000723615984 0.0 0.0 1.0 0.0 0.0 1.0 11.0 0.0
2582.013792835335 0.0 0.0 1.0 0.0 0.0 1.0 11.0 0.0
2583.004225909794 0.0 0.0 1.0 0.0 0.0 1.0 11.0 0.0
2584.000624313762 0.0 0.0 1.0 0.0 0.0 1.0 11.0 0.0
2585.0077502625904 0.0 0.0 1.0 0.0 0.0 1.0 11.0 0.0
2586.013792835335 0.0 0.0 1.0 0.0 0.0 1.0 11.0 0.0
2587.010908334629 0.0 0.0 1.0 0.0 0.0 1.0 11.0 0.0
2588.013792835335 0.0 0.0 1.0 0.0 0.0 1.0 11.0 0.0
2589.0080134339873 0.0 0.0 1.0 0.0 0.0 1.0 11.0 0.0
2590.0083769254156 0.0 0.0 1.0 0.0 0.0 1.0 11.0 0.0
2591.0126290745475 0.0 0.0 1.0 0.0 0.0 1.0 11.0 0.0
2592.0105743943645 0.0 0.0 1.0 0.0 0.0 1.0 11.0 0.0
2593.0003184768616 0.0 0.0 1.0 0.0 0.0 1.0 11.0 0.0
2594.013792835335 0.0 0.0 1.0 0.0 0.0 1.0 11.0 0.0
2595.013792835335 0.0 0.0 1.0 0.0 0.0 1.0 11.0 0.0
2596.002584492907 0.0 0.0 1.0 0.0 0.0 1.0 11.0 0.0
2597.013792835335 0.0 0.0 1.0 0.0 0.0 1.0 11.0 0.0
2598.013792835335 0.0 0.0 1.0 0.0 0.0 1.0 11.0 0.0
2599.0045047617477 0.0 0.0 1.0 0.0 0.0 1.0 11.0 0.0
2600.0074825186953 0.0 0.0 1.0 0.0 0.0 1.0 11.0 0.0
2601.013792835335 0.0 0.0 1.0 0.0 0.0 1.0 11.0 0.0
2602.0125709398653 0.0 0.0 1.0 0.0 0.0 1.0 11.0 0.0
2603.0019737883504 0.0 0.0 1.0 0.0 0.0 1.0 11.0 0.0
2604.013792835335 0.0 0.0 1.0 0.0 0.0 1.0 11.0 0.0
2605.013792835335 0.0 0.0 1.0 0.0 0.0 1.0 11.0 0.0
2606.013792835335 0.0 0.0 1.0 0.0 0.0 1.0 11.0 0.0
2607.013792835335 0.0 0.0 1.0 0.0 0.0 1.0 11.0 0.0
2608.013792835335 0.0 0.0 1.0 0.0 0.0 1.0 11.0 0.0
2609.0035940942125 0.0 0.0 1.0 0.0 0.0 1.0 11.0 0.0
2610.000461113191 0.0 0.0 1.0 0.0 0.0 1.0 11.0 0.0
2611.013792835335 0.0 0.0 1.0 0.0 0.0 1.0 11.0 0.0
2612.0053390124203 0.0 0.0 1.0 0.0 0.0 1.0 11.0 0.0
2613.0103519305007 0.0 0.0 1.0 0.0 0.0 1.0 11.0 0.0
2614.0019959628235 0.0 0.0 1.0 0.0 0.0 1.0 11.0 0.0
2615.013792835335 0.0 0.0 1.0 0.0 0.0 1.0 11.0 0.0
2616.0092407139123 0.0 0.0 1.0 0.0 0.0 1.0 11.0 0.0
2617.013792835335 0.0 0.0 1.0 0.0 0.0 1.0 11.0 0.0
2618.00554191971 0.0 0.0 1.0 0.0 0.0 1.0 11.0 0.0
2619.013792835335 0.0 0.0 1.0 0.0 0.0 1.0 11.0 0.0
2620.0018225271706 0.0 0.0 1.0 0.0 0.0 1.0 11.0 0.0
2621.013792835335 0.0 0.0 1.0 0.0 0.0 1.0 11.0 0.0
2622.0021774902652 0.0 0.0 1.0 0.0 0.0 1.0 11.0 0.0
2623.013792835335 0.0 0.0 0.4125 0.5875 0.0 0.0 11.0 0.4787037037037037
2624.005544967216 0.0 0.0 0.0 1.0 0.0 0.0 11.55 0.0
2625.0094015209243 0.0 0.0 0.0 1.0 0.0 0.0 12.5 0.0
2626.0056838677115 0.0 0.0 0.0 1.0 0.0 0.0 13.0 0.0
2627.0003336825444 0.0 0.0 0.0 1.0 0.0 0.0 13.0 0.0
2628.003665228678 0.0 0.0 0.0 1.0 0.0 0.0 13.0 0.0
2629.001901821152 0.0 0.0 0.0 1.0 0.0 0.0 13.0 0.0
2630.0023457945467 0.0 0.0 0.0 1.0 0.0 0.0 13.0 0.0
2631.003533616096 0.0 0.0 0.0 1.0 0.0 0.0 13.0 0.0
2632.0096640747347 0.0 0.0 0.0 1.0 0.0 0.0 13.0 0.0
2633.0136378256607 0.0 0.0 0.0 1.0 0.0 0.0 13.0 0.0
2634.008584274229 0.0 0.0 0.0 1.0 0.0 0.0 13.0 0.0
2635.013792835335 0.0 0.0 0.0 1.0 0.0 0.0 13.0 0.0
2636.0078888678404 0.0 0.0 0.0 1.0 0.0 0.0 13.0 0.0
2637.013792835335 0.0 0.0 0.0 1.0 0.0 0.0 13.0 0.0
2638.0025999570003 0.0 0.0 0.0 1.0 0.0 0.0 13.0 0.0
2639.011292990893 0.0 0.0 0.0 1.0 0.0 0.0 13.0 0.0
2640.012171917457 0.0 0.0 0.0 1.0 0.0 0.0 13.0 0.0
2641.011089134704 0.0 0.0 0.0 1.0 0.0 0.0 13.0 0.0
2642.013792835335 0.0 0.0 0.0 1.0 0.0 0.0 13.0 0.0
2643.0076594569814 0.0 0.0 0.0 1.0 0.0 0.0 13.0 0.0
2644.013792835335 0.0 0.0 0.0 1.0 0.0 0.0 13.0 0.0
2645.013792835335 0.0 0.0 0.0 1.0 0.0 0.0 13.0 0.0
2646.01110650895 0.0 0.0 0.0 1.0 0.0 0.0 13.0 0.0
2647.0024756195335 0.0 0.0 0.0 1.0 0.0 0.0 13.0 0.0
2648.009880182864 0.0 0.0 0.0 1.0 0.0 0.0 13.0 0.0
2649.013792835335 0.0 0.0 0.0 1.0 0.0 0.0 13.0 0.0
2650.013792835335 0.0 0.0 0.0 1.0 0.0 0.0 13.0 0.0
2651.013792835335 0.0 0.0 0.0 1.0 0.0 0.0 13.0 0.0
2652.013792835335 0.0 0.0 0.0 1.0 0.0 0.0 13.0 0.0
2653.013792835335 0.0 0.0 0.0 1.0 0.0 0.0 13.0 0.0
2654.0025969731923 0.0 0.0 0.0 1.0 0.0 0.0 13.0 0.0
2655.013792835335 0.0 0.0 0.0 1.0 0.0 0.0 13.0 0.0
2656.013792835335 0.0 0.0 0.0 1.0 0.0 0.0 13.0 0.0
2657.0004892963634 0.0 0.0 0.0 1.0 0.0 0.0 13.0 0.0
2658.013695364134 0.0 0.0 0.0 1.0 0.0 0.0 13.0 0.0
2659.013792835335 0.0 0.0 0.0 1.0 0.0 0.0 13.0 0.0
2660.013792835335 0.0 0.0 0.0 1.0 0.0 0.0 13.0 0.0
2661.0024823411636 0.0 0.0 0.0 1.0 0.0 0.0 13.0 0.0
2662.013114227345 0.0 0.0 0.0 1.0 0.0 0.0 13.0 0.0
2663.013792835335 0.0 0.0 0.0 1.0 0.0 0.0 13.0 0.0
2664.013792835335 0.0 0.0 0.0 1.0 0.0 0.0 13.0 0.0
2665.001940808528 0.0 0.0 0.0 1.0 0.0 0.0 13.0 0.0
2666.013792835335 0.0 0.0 0.0 1.0 0.0 0.0 13.0 0.0
2667.0020336866114 0.0 0.0 0.0 1.0 0.0 0.0 13.0 0.0
2668.0002323308217 0.0 0.0 0.0 1.0 0.0 0.0 13.0 0.0
2669.013792835335 0.0 0.0 0.0 1.0 0.0 0.0 13.0 0.0
2670.0022798892087 0.0 0.0 0.0 1.0 0.0 0.0 13.0 0.0
2671.0126878624974 0.0 0.0 0.0 1.0 0.0 0.0 13.0 0.0
2672.013792835335 0.0 0.0 0.0 1.0 0.0 0.0 13.0 0.0
2673.0039952491647 0.0 0.0 0.0 1.0 0.0 0.0 13.0 0.0
2674.0064298975217 0.0 0.0 0.0 1.0 0.0 0.0 13.0 0.0
2675.013792835335 0.0 0.0 0.0 1.0 0.0 0.0 13.0 0.0
2676.013792835335 0.0 0.0 0.0 1.0 0.0 0.0 13.0 0.0
2677.0135295698087 0.0 0.0 0.0 1.0 0.0 0.0 13.0 0.0
2678.001716711184 0.0 0.0 0.0 1.0 0.0 0.0 13.0 0.0
2679.0002845051636 0.0 0.0 0.0 1.0 0.0 0.0 13.0 0.0
2680.013792835335 0.0 0.0 0.0 1.0 0.0 0.0 13.0 0.0
2681.0073274949295 0.0 0.0 0.0 1.0 0.0 0.0 13.0 0.0
2682.013792835335 0.0 0.0 0.0 1.0 0.0 0.0 13.0 0.0
2683.0095955404336 0.0 0.0 0.0 1.0 0.0 0.0 13.0 0.0
2684.0051635352324 0.0 0.0 0.0 1.0 0.0 0.0 13.0 0.0
2685.0049119660093 0.0 0.0 0.0 1.0 0.0 0.0 13.0 0.0
2686.013792835335 0.0 0.0 0.0 1.0 0.0 0.0 13.0 0.0
2687.013792835335 0.0 0.0 0.0 1.0 0.0 0.0 13.0 0.0
2688.0083319436394 0.0 0.0 0.0 1.0 0.0 0.0 13.0 0.0
2689.013792835335 0.0 0.0 0.0 1.0 0.0 0.0 13.0 0.0
2690.0098878513195 0.0 0.0 0.0 1.0 0.0 0.0 13.0 0.0
2691.013792835335 0.0 0.0 0.0 1.0 0.0 0.0 13.0 0.0
2692.013792835335 0.0 0.0 0.0 1.0 0.0 0.0 13.0 0.0
2693.013792835335 0.0 0.0 0.0 1.0 0.0 0.0 13.0 0.0
2694.0077518269304 0.0 0.0 0.0 1.0 0.0 0.0 13.0 0.0
2695.002456820915 0.0 0.0 0.0 1.0 0.0 0.0 13.0 0.0
2696.0070734658498 0.0 0.0 0.0 1.0 0.0 0.0 13.0 0.0
2697.0035662961077 0.0 0.0 0.0 1.0 0.0 0.0 13.0 0.0
2698.00965325585 0.0 0.0 0.0 1.0 0.0 0.0 13.0 0.0
2699.0014806497625 0.0 0.0 0.0 1.0 0.0 0.0 13.0 0.0
2700.013792835335 0.0 0.0 0.0 1.0 0.0 0.0 13.0 0.0
2701.003983450608 0.0 0.0 0.0 1.0 0.0 0.0 13.0 0.0
2702.00419228975 0.0 0.0 0.0 1.0 0.0 0.0 13.0 0.0
2703.013792835335 0.0 0.0 0.0 1.0 0.0 0.0 13.0 0.0
2704.0067909437694 0.0 0.0 0.0 1.0 0.0 0.0 13.0 0.0
2705.0040059753696 0.0 0.0 0.0 1.0 0.0 0.0 13.0 0.0
2706.013792835335 0.0 0.0 0.0 1.0 0.0 0.0 13.0 0.0
2707.00713884247 0.0 0.0 0.0 1.0 0.0 0.0 13.0 0.0
2708.013792835335 0.0 0.0 0.0 1.0 0.0 0.0 13.0 0.0
2709.013792835335 0.0 0.0 0.0 1.0 0.0 0.0 13.0 0.0
2710.00206029546 0.0 0.0 0.0 1.0 0.0 0.0 13.0 0.0
2711.0004074131725 0.0 0.0 0.0 1.0 0.0 0.0 13.0 0.0
2712.013792835335 0.0 0.0 0.0 1.0 0.0 0.0 13.0 0.0
2713.013792835335 0.0 0.0 0.0 1.0 0.0 0.0 13.0 0.0
2714.004170695303 0.0 0.0 0.0 1.0 0.0 0.0 13.0 0.0
2715.013792835335 0.0 0.0 0.0 1.0 0.0 0.0 13.0 0.0
2716.013792835335 0.0 0.0 0.0 1.0 0.0 0.0 13.0 0.0
2717.013792835335 0.0 0.0 0.0 1.0 0.0 0.0 13.0 0.0
2718.0029474077996 0.0 0.0 0.0 1.0 0.0 0.0 13.0 0.0
2719.013792835335 0.0 0.0 0.0 1.0 0.0 0.0 13.0 0.0
2720.002024492009 0.0 0.0 0.0 1.0 0.0 0.0 13.0 0.0
2721.003636203047 0.0 0.0 0.0 1.0 0.0 0.0 13.0 0.0
2722.013792835335 0.0 0.0 0.0 1.0 0.0 0.0 13.0 0.0
2723.013792835335 0.0 0.0 0.0 1.0 0.0 0.0 13.0 0.0
2724.013792835335 0.0 0.0 0.0 1.0 0.0 0.0 13.0 0.0
2725.0014503252305 0.0 0.0 0.0 1.0 0.0 0.0 13.0 0.0
2726.013792835335 0.0 0.0 0.0 1.0 0.0 0.0 13.0 0.0
2727.005717792175 0.0 0.0 0.0 1.0 0.0 0.0 13.0 0.0
2728.013792835335 0.0 0.0 0.0 1.0 0.0 0.0 13.0 0.0
2729.013792835335 0.0 0.0 0.0 1.0 0.0 0.0 13.0 0.0
2730.013792835335 0.0 0.0 0.0 1.0 0.0 0.0 13.0 0.0
2731.0034502577164 0.0 0.0 0.0 1.0 0.0 0.0 13.0 0.0
2732.0007498362193 0.0 0.0 0.0 1.0 0.0 0.0 13.0 0.0
2733.007486695142 0.0 0.0 0.0 1.0 0.0 0.0 13.0 0.0
2734.013792835335 0.0 0.0 0.0 1.0 0.0 0.0 13.0 0.0
2735.0020207527796 0.0 0.0 0.0 1.0 0.0 0.0 13.0 0.0
2736.0019385957894 0.0 0.0 0.0 1.0 0.0 0.0 13.0 0.0
2737.001832212237 0.0 0.0 0.0 1.0 0.0 0.0 13.0 0.0
2738.009060366702 0.0 0.0 0.0 1.0 0.0 0.0 13.0 0.0
2739.006372823864 0.0 0.0 0.0 1.0 0.0 0.0 13.0 0.0
2740.012474602501 0.0 0.0 0.0 1.0 0.0 0.0 13.0 0.0
2741.013792835335 0.0 0.0 0.0 1.0 0.0 0.0 13.0 0.0
2742.013792835335 0.0 0.0 0.0 1.0 0.0 0.0 13.0 0.0
2743.013792835335 0.0 0.0 0.0 1.0 0.0 0.0 13.0 0.0
2744.0022876803105 0.0 0.0 0.0 1.0 0.0 0.0 13.0 0.0
2745.013792835335 0.0 0.0 0.0 1.0 0.0 0.0 13.0 0.0
2746.0019652333817 0.0 0.0 0.0 1.0 0.0 0.0 13.0 0.0
2747.013792835335 0.0 0.0 0.0 1.0 0.0 0.0 13.0 0.0
2748.012153124952 0.0 0.0 0.0 1.0 0.0 0.0 13.0 0.0
2749.006114101665 0.0 0.0 0.0 1.0 0.0 0.0 13.0 0.0
2750.0065029652 0.0 0.0 0.0 1.0 0.0 0.0 13.0 0.0
2751.0109390378525 0.0 0.0 0.0 1.0 0.0 0.0 13.0 0.0
2752.002651049585 0.0 0.0 0.0 1.0 0.0 0.0 13.0 0.0
2753.013792835335 0.0 0.0 0.0 1.0 0.0 0.0 13.0 0.0
2754.009699223985 0.0 0.0 0.0 1.0 0.0 0.0 13.0 0.0
2755.0023870825116 0.0 0.0 0.0 1.0 0.0 0.0 13.0 0.0
2756.0024263233695 0.0 0.0 0.0 1.0 0.0 0.0 13.0 0.0
2757.013792835335 0.0 0.0 0.0 1.0 0.0 0.0 13.0 0.0
2758.011017264246 0.0 0.0 0.0 1.0 0.0 0.0 13.0 0.0
2759.013792835335 0.0 0.0 0.0 1.0 0.0 0.0 13.0 0.0
2760.0067251916003 0.0 0.0 0.0 1.0 0.0 0.0 13.0 0.0
2761.009347960117 0.0 0.0 0.0 1.0 0.0 0.0 13.0 0.0
2762.013792835335 0.0 0.0 0.0 1.0 0.0 0.0 13.0 0.0
2763.0046661721985 0.0 0.0 0.0 1.0 0.0 0.0 13.0 0.0
2764.0075973160106 0.0 0.0 0.0 1.0 0.0 0.0 13.0 0.0
2765.011322927777 0.0 0.0 0.0 1.0 0.0 0.0 13.0 0.0
2766.013792835335 0.0 0.0 0.0 1.0 0.0 0.0 13.0 0.0
2767.013792835335 0.0 0.0 0.0 1.0 0.0 0.0 13.0 0.0
2768.0017313483195 0.0 0.0 0.0 1.0 0.0 0.0 13.0 0.0
2769.0039144260395 0.0 0.0 0.0 1.0 0.0 0.0 13.0 0.0
2770.013792835335 0.0 0.0 0.0 1.0 0.0 0.0 13.0 0.0
2771.013792835335 0.0 0.0 0.0 1.0 0.0 0.0 13.0 0.0
2772.013792835335 0.0 0.0 0.0 1.0 0.0 0.0 13.0 0.0
2773.00001693522 0.0 0.0 0.0 1.0 0.0 0.0 13.0 0.0
2774.0007955423325 0.0 0.0 0.0 1.0 0.0 0.0 13.0 0.0
2775.0011221706422 0.0 0.0 0.0 1.0 0.0 0.0 13.0 0.0
2776.00185255969 0.0 0.0 0.0 1.0 0.0 0.0 13.0 0.0
2777.008775939482 0.0 0.0 0.0 1.0 0.0 0.0 13.0 0.0
2778.013792835335 0.0 0.0 0.0 1.0 0.0 0.0 13.0 0.0
2779.0044142054508 0.0 0.0 0.0 1.0 0.0 0.0 13.0 0.0
2780.013792835335 0.0 0.0 0.0 1.0 0.0 0.0 13.0 0.0
2781.0049418064787 0.0 0.0 0.0 1.0 0.0 0.0 13.0 0.0
2782.0023129140895 0.0 0.0 0.0 1.0 0.0 0.0 13.0 0.0
2783.003178068246 0.0 0.0 0.0 1.0 0.0 0.0 13.0 0.0
2784.013792835335 0.0 0.0 0.0 1.0 0.0 0.0 13.0 0.0
2785.007011312643 0.0 0.0 0.0 1.0 0.0 0.0 13.0 0.0
2786.011392026107 0.0 0.0 0.0 1.0 0.0 0.0 13.0 0.0
2787.0051299573483 0.0 0.0 0.0 1.0 0.0 0.0 13.0 0.0
2788.013792835335 0.0 0.0 0.0 1.0 0.0 0.0 13.0 0.0
2789.000930223226 0.0 0.0 0.0 1.0 0.0 0.0 13.0 0.0
2790.013792835335 0.0 0.0 0.0 1.0 0.0 0.0 13.0 0.0
2791.013792835335 0.0 0.0 0.0 1.0 0.0 0.0 13.0 0.0
2792.001599092261 0.0 0.0 0.0 1.0 0.0 0.0 13.0 0.0
2793.0062468259275 0.0 0.0 0.0 1.0 0.0 0.0 13.0 0.0
2794.012775019123 0.0 0.0 0.0 1.0 0.0 0.0 13.0 0.0
2795.013792835335 0.0 0.0 0.0 1.0 0.0 0.0 13.0 0.0
2796.013792835335 0.0 0.0 0.0 1.0 0.0 0.0 13.0 0.0
2797.0002809385346 0.0 0.0 0.0 1.0 0.0 0.0 13.0 0.0
2798.013792835335 0.0 0.0 0.0 1.0 0.0 0.0 13.0 0.0
2799.005043093391 0.0 0.0 0.0 1.0 0.0 0.0 13.0 0.0
2800.0017474211436 0.0 0.0 0.0 1.0 0.0 0.0 13.0 0.0
2801.007119131011 0.0 0.0 0.0 1.0 0.0 0.0 13.0 0.0
2802.012086901382 0.0 0.0 0.0 1.0 0.0 0.0 13.0 0.0
2803.0076210085404 0.0 0.0 0.0 1.0 0.0 0.0 13.0 0.0
2804.004416841337 0.0 0.0 0.0 1.0 0.0 0.0 13.0 0.0
2805.011725584534 0.0 0.0 0.0 1.0 0.0 0.0 13.0 0.0
2806.0041243867736 0.0 0.0 0.0 1.0 0.0 0.0 13.0 0.0
2807.013792835335 0.0 0.0 0.0 1.0 0.0 0.0 13.0 0.0
2808.0033994086207 0.0 0.0 0.0 1.0 0.0 0.0 13.0 0.0
2809.0119994036986 0.0 0.0 0.0 1.0 0.0 0.0 13.0 0.0
2810.013792835335 0.0 0.0 0.0 1.0 0.0 0.0 13.0 0.0
2811.013792835335 0.0 0.0 0.0 1.0 0.0 0.0 13.0 0.0
2812.0075316367447 0.0 0.0 0.0 1.0 0.0 0.0 13.0 0.0
2813.013792835335 0.0 0.0 0.0 1.0 0.0 0.0 13.0 0.0
2814.013792835335 0.0 0.0 0.0 1.0 0.0 0.0 13.0 0.0
2815.002243153776 0.0 0.0 0.0 1.0 0.0 0.0 13.0 0.0
2816.0127015993294 0.0 0.0 0.0 1.0 0.0 0.0 13.0 0.0
2817.002464414309 0.0 0.0 0.0 1.0 0.0 0.0 13.0 0.0
2818.013792835335 0.0 0.0 0.0 1.0 0.0 0.0 13.0 0.0
2819.013792835335 0.0 0.0 0.0 1.0 0.0 0.0 13.0 0.0
2820.0034697181095 0.0 0.0 0.0 1.0 0.0 0.0 13.0 0.0
2821.013792835335 0.0 0.0 0.0 1.0 0.0 0.0 13.0 0.0
2822.013792835335 0.0 0.0 0.0 1.0 0.0 0.0 13.0 0.0
2823.013792835335 0.0 0.0 0.0 1.0 0.0 0.0 13.0 0.0
2824.003056187171 0.0 0.0 0.0 1.0 0.0 0.0 13.0 0.0
2825.0023181155607 0.0 0.0 0.0 1.0 0.0 0.0 13.0 0.0
2826.0115129938026 0.0 0.0 0.0 1.0 0.0 0.0 13.0 0.0
2827.013792835335 0.0 0.0 0.0 1.0 0.0 0.0 13.0 0.0
2828.000304427248 0.0 0.0 0.0 1.0 0.0 0.0 13.0 0.0
2829.0062504750267 0.0 0.0 0.0 1.0 0.0 0.0 13.0 0.0
2830.001967975829 0.0 0.0 0.0 1.0 0.0 0.0 13.0 0.0
2831.0011477459902 0.0 0.0 0.0 1.0 0.0 0.0 13.0 0.0
2832.013792835335 0.0 0.0 0.0 1.0 0.0 0.0 13.0 0.0
2833.0115605010733 0.0 0.0 0.0 1.0 0.0 0.0 13.0 0.0
2834.0072953876524 0.0 0.0 0.0 1.0 0.0 0.0 13.0 0.0
2835.013792835335 0.0 0.0 0.0 1.0 0.0 0.0 13.0 0.0
2836.013792835335 0.0 0.0 0.0 1.0 0.0 0.0 13.0 0.0
2837.013792835335 0.0 0.0 0.0 1.0 0.0 0.0 13.0 0.0
2838.013792835335 0.0 0.0 0.0 1.0 0.0 0.0 13.0 0.0
2839.0054593070686 0.0 0.0 0.0 1.0 0.0 0.0 13.0 0.0
2840.0073910541505 0.0 0.0 0.0 1.0 0.0 0.0 13.0 0.0
2841.002292130392 0.0 0.0 0.0 1.0 0.0 0.0 13.0 0.0
2842.013792835335 0.0 0.0 0.0 1.0 0.0 0.0 13.0 0.0
2843.0111881438156 0.0 0.0 0.0 1.0 0.0 0.0 13.0 0.0
2844.013169639743 0.0 0.0 0.0 1.0 0.0 0.0 13.0 0.0
2845.013792835335 0.0 0.0 0.0 1.0 0.0 0.0 13.0 0.0
2846.00502290425 0.0 0.0 0.0 1.0 0.0 0.0 13.0 0.0
2847.013792835335 0.0 0.0 0.0 1.0 0.0 0.0 13.0 0.0
2848.003873566105 0.0 0.0 0.0 1.0 0.0 0.0 13.0 0.0
2849.0087363880584 0.0 0.0 0.0 1.0 0.0 0.0 13.0 0.0
2850.013792835335 0.0 0.0 0.0 1.0 0.0 0.0 13.0 0.0
2851.0003037794527 0.0 0.0 0.0 1.0 0.0 0.0 13.0 0.0
2852.004715531563 0.0 0.0 0.0 1.0 0.0 0.0 13.0 0.0
2853.007610766922 0.0 0.0 0.0 1.0 0.0 0.0 13.0 0.0
2854.013792835335 0.0 0.0 0.0 1.0 0.0 0.0 13.0 0.0
2855.013792835335 0.0 0.0 0.0 1.0 0.0 0.0 13.0 0.0
2856.0089916699653 0.0 0.0 0.0 1.0 0.0 0.0 13.0 0.0
2857.013792835335 0.0 0.0 0.0 1.0 0.0 0.0 13.0 0.0
2858.002674393216 0.0 0.0 0.0 1.0 0.0 0.0 13.0 0.0
2859.0000912317346 0.0 0.0 0.0 1.0 0.0 0.0 13.0 0.0
2860.000461120951 0.0 0.0 0.0 1.0 0.0 0.0 13.0 0.0
2861.0033239410554 0.0 0.0 0.0 1.0 0.0 0.0 13.0 0.0
2862.013792835335 0.0 0.0 0.0 1.0 0.0 0.0 13.0 0.0
2863.0128210073244 0.0 0.0 0.0 1.0 0.0 0.0 13.0 0.0
2864.013792835335 0.0 0.0 0.0 1.0 0.0 0.0 13.0 0.0
2865.0025473934 0.0 0.0 0.0 1.0 0.0 0.0 13.0 0.0
2866.0032677687295 0.0 0.0 0.0 1.0 0.0 0.0 13.0 0.0
2867.000324692352 0.0 0.0 0.0 1.0 0.0 0.0 13.0 0.0
2868.0023229759645 0.0 0.0 0.0 1.0 0.0 0.0 13.0 0.0
2869.013792835335 0.0 0.0 0.0 1.0 0.0 0.0 13.0 0.0
2870.001622731922 0.0 0.0 0.0 1.0 0.0 0.0 13.0 0.0
2871.012759542234 0.0 0.0 0.0 1.0 0.0 0.0 13.0 0.0
2872.0108983779255 0.0 0.0 0.0 1.0 0.0 0.0 13.0 0.0
2873.011590676552 0.0 0.0 0.0 1.0 0.0 0.0 13.0 0.0
2874.010398513533 0.0 0.0 0.0 1.0 0.0 0.0 13.0 0.0
2875.0027690875795 0.0 0.0 0.0 1.0 0.0 0.0 13.0 0.0
2876.000833142462 0.0 0.0 0.0 1.0 0.0 0.0 13.0 0.0
2877.0026616522637 0.0 0.0 0.0 1.0 0.0 0.0 13.0 0.0
2878.0077187069182 0.0 0.0 0.0 1.0 0.0 0.0 13.0 0.0
2879.013792835335 0.0 0.0 0.0 1.0 0.0 0.0 13.0 0.0
2880.0132763661063 0.0 0.0 0.0 1.0 0.0 0.0 13.0 0.0
2881.007505383833 0.0 0.0 0.0 1.0 0.0 0.0 13.0 0.0
2882.0029859914343 0.0 0.0 0.0 1.0 0.0 0.0 13.0 0.0
2883.013792835335 0.0 0.0 0.0 1.0 0.0 0.0 13.0 0.0
2884.013792835335 0.0 0.0 0.0 1.0 0.0 0.0 13.0 0.0
2885.0069318671526 0.0 0.0 0.0 1.0 0.0 0.0 13.0 0.0
2886.000975683022 0.0 0.0 0.0 1.0 0.0 0.0 13.0 0.0
2887.006321934289 0.0 0.0 0.0 1.0 0.0 0.0 13.0 0.0
2888.0136475513314 0.0 0.0 0.0 1.0 0.0 0.0 13.0 0.0
2889.004665180523 0.0 0.0 0.0 1.0 0.0 0.0 13.0 0.0
2890.013792835335 0.0 0.0 0.0 1.0 0.0 0.0 13.0 0.0
2891.009951480235 0.0 0.0 0.0 1.0 0.0 0.0 13.0 0.0
2892.0047682935337 0.0 0.0 0.0 1.0 0.0 0.0 13.0 0.0
2893.013792835335 0.0 0.0 0.0 1.0 0.0 0.0 13.0 0.0
2894.0046001093533 0.0 0.0 0.0 1.0 0.0 0.0 13.0 0.0
2895.0017793337684 0.0 0.0 0.0 1.0 0.0 0.0 13.0 0.0
2896.0097182578133 0.0 0.0 0.0 1.0 0.0 0.0 13.0 0.0
2897.0034250827603 0.0 0.0 0.0 1.0 0.0 0.0 13.0 0.0
2898.0068409745713 0.0 0.0 0.0 1.0 0.0 0.0 13.0 0.0
2899.0068733244475 0.0 0.0 0.0 1.0 0.0 0.0 13.0 0.0
2900.0132205620994 0.0 0.0 0.0 1.0 0.0 0.0 13.0 0.0
2901.001833510525 0.0 0.0 0.0 1.0 0.0 0.0 13.0 0.0
2902.013792835335 0.0 0.0 0.0 1.0 0.0 0.0 13.0 0.0
2903.006518842296 0.0 0.0 0.0 1.0 0.0 0.0 13.0 0.0
2904.00127055225 0.0 0.0 0.0 1.0 0.0 0.0 13.0 0.0
2905.0021326738247 0.0 0.0 0.0 1.0 0.0 0.0 13.0 0.0
2906.013792835335 0.0 0.0 0.0 1.0 0.0 0.0 13.0 0.0
2907.00436582045 0.0 0.0 0.0 1.0 0.0 0.0 13.0 0.0
2908.0087308107168 0.0 0.0 0.0 1.0 0.0 0.0 13.0 0.0
2909.002199113092 0.0 0.0 0.0 1.0 0.0 0.0 13.0 0.0
2910.0001902395825 0.0 0.0 0.0 1.0 0.0 0.0 13.0 0.0
2911.013792835335 0.0 0.0 0.0 1.0 0.0 0.0 13.0 0.0
2912.004122463102 0.0 0.0 0.0 1.0 0.0 0.0 13.0 0.0
2913.004984262112 0.0 0.0 0.0 1.0 0.0 0.0 13.0 0.0
2914.0055494067237 0.0 0.0 0.0 1.0 0.0 0.0 13.0 0.0
2915.013792835335 0.0 0.0 0.0 1.0 0.0 0.0 13.0 0.0
2916.003231275676 0.0 0.0 0.0 1.0 0.0 0.0 13.0 0.0
2917.0046821264864 0.0 0.0 0.0 1.0 0.0 0.0 13.0 0.0
2918.013792835335 0.0 0.0 0.0 1.0 0.0 0.0 13.0 0.0
2919.0005382996806 0.0 0.0 0.0 1.0 0.0 0.0 13.0 0.0
2920.0083190138844 0.0 0.0 0.0 1.0 0.0 0.0 13.0 0.0
2921.006422419497 0.0 0.0 0.0 1.0 0.0 0.0 13.0 0.0
2922.011811026078 0.0 0.0 0.0 1.0 0.0 0.0 13.0 0.0
2923.0018259093563 0.0 0.0 0.0 1.0 0.0 0.0 13.0 0.0
2924.0024242438244 0.0 0.0 0.0 1.0 0.0 0.0 13.0 0.0
2925.001416375128 0.0 0.0 0.0 1.0 0.0 0.0 13.0 0.0
2926.013792835335 0.0 0.0 0.0 1.0 0.0 0.0 13.0 0.0
2927.0027100466664 0.0 0.0 0.0 1.0 0.0 0.0 13.0 0.0
2928.013792835335 0.0 0.0 0.0 1.0 0.0 0.0 13.0 0.0
2929.013792835335 0.0 0.0 0.0 1.0 0.0 0.0 13.0 0.0
2930.013792835335 0.0 0.0 0.0 1.0 0.0 0.0 13.0 0.0
2931.001045989149 0.0 0.0 0.0 1.0 0.0 0.0 13.0 0.0
2932.013792835335 0.0 0.0 0.0 1.0 0.0 0.0 13.0 0.0
2933.002795990089 0.0 0.0 0.0 1.0 0.0 0.0 13.0 0.0
2934.0036189884813 0.0 0.0 0.0 1.0 0.0 0.0 13.0 0.0
2935.0001014256572 0.0 0.0 0.0 1.0 0.0 0.0 13.0 0.0
2936.009747457593 0.0 0.0 0.0 1.0 0.0 0.0 13.0 0.0
2937.013792835335 0.0 0.0 0.0 1.0 0.0 0.0 13.0 0.0
2938.0104372102533 0.0 0.0 0.0 1.0 0.0 0.0 13.0 0.0
2939.0052092077754 0.0 0.0 0.0 1.0 0.0 0.0 13.0 0.0
2940.006637984974 0.0 0.0 0.0 1.0 0.0 0.0 13.0 0.0
2941.0044719882976 0.0 0.0 0.0 1.0 0.0 0.0 13.0 0.0
2942.0058245712985 0.0 0.0 0.0 1.0 0.0 0.0 13.0 0.0
2943.0120424178626 0.0 0.0 0.0 1.0 0.0 0.0 13.0 0.0
2944.00690582157 0.0 0.0 0.0 1.0 0.0 0.0 13.0 0.0
2945.0113678591356 0.0 0.0 0.0 1.0 0.0 0.0 13.0 0.0
2946.0078665085944 0.0 0.0 0.0 1.0 0.0 0.0 13.0 0.0
2947.013792835335 0.0 0.0 0.0 1.0 0.0 0.0 13.0 0.0
2948.013792835335 0.0 0.0 0.0 1.0 0.0 0.0 13.0 0.0
2949.012195230391 0.0 0.0 0.0 1.0 0.0 0.0 13.0 0.0
2950.0082466995273 0.0 0.0 0.0 1.0 0.0 0.0 13.0 0.0
2951.0000990134963 0.0 0.0 0.0 1.0 0.0 0.0 13.0 0.0
2952.0078117496632 0.0 0.0 0.0 1.0 0.0 0.0 13.0 0.0
2953.013792835335 0.0 0.0 0.0 1.0 0.0 0.0 13.0 0.0
2954.0098416915826 0.0 0.0 0.0 1.0 0.0 0.0 13.0 0.0
2955.002696216487 0.0 0.0 0.0 1.0 0.0 0.0 13.0 0.0
2956.013792835335 0.0 0.0 0.0 1.0 0.0 0.0 13.0 0.0
2957.0097823759643 0.0 0.0 0.0 1.0 0.0 0.0 13.0 0.0
2958.008612175822 0.0 0.0 0.0 1.0 0.0 0.0 13.0 0.0
2959.003389255229 0.0 0.0 0.0 1.0 0.0 0.0 13.0 0.0
2960.013792835335 0.0 0.0 0.0 1.0 0.0 0.0 13.0 0.0
2961.013792835335 0.0 0.0 0.0 1.0 0.0 0.0 13.0 0.0
2962.0033246299454 0.0 0.0 0.0 1.0 0.0 0.0 13.0 0.0
2963.0131714484855 0.0 0.0 0.0 1.0 0.0 0.0 13.0 0.0
2964.013792835335 0.0 0.0 0.0 1.0 0.0 0.0 13.0 0.0
2965.013792835335 0.0 0.0 0.0 1.0 0.0 0.0 13.0 0.0
2966.0040508179036 0.0 0.0 0.0 1.0 0.0 0.0 13.0 0.0
2967.0001329914394 0.0 0.0 0.0 1.0 0.0 0.0 13.0 0.0
2968.0091874201607 0.0 0.0 0.0 1.0 0.0 0.0 13.0 0.0
2969.013792835335 0.0 0.0 0.0 1.0 0.0 0.0 13.0 0.0
2970.013792835335 0.0 0.0 0.0 1.0 0.0 0.0 13.0 0.0
2971.006846949313 0.0 0.0 0.0 1.0 0.0 0.0 13.0 0.0
2972.013792835335 0.0 0.0 0.0 1.0 0.0 0.0 13.0 0.0
2973.0076942946007 0.0 0.0 0.0 1.0 0.0 0.0 13.0 0.0
2974.013792835335 0.0 0.0 0.0 1.0 0.0 0.0 13.0 0.0
2975.0130762735625 0.0 0.0 0.0 1.0 0.0 0.0 13.0 0.0
2976.004441787859 0.0 0.0 0.0 1.0 0.0 0.0 13.0 0.0
2977.0019776276995 0.0 0.0 0.0 1.0 0.0 0.0 13.0 0.0
2978.0072665830676 0.0 0.0 0.0 1.0 0.0 0.0 13.0 0.0
2979.0017146127707 0.0 0.0 0.0 1.0 0.0 0.0 13.0 0.0
2980.0021712717594 0.0 0.0 0.0 1.0 0.0 0.0 13.0 0.0
2981.013792835335 0.0 0.0 0.0 1.0 0.0 0.0 13.0 0.0
2982.0085422204847 0.0 0.0 0.0 1.0 0.0 0.0 13.0 0.0
2983.000355516496 0.0 0.0 0.0 1.0 0.0 0.0 13.0 0.0
2984.0022443003813 0.0 0.0 0.0 1.0 0.0 0.0 13.0 0.0
2985.009216460951 0.0 0.0 0.0 1.0 0.0 0.0 13.0 0.0
2986.013792835335 0.0 0.0 0.0 1.0 0.0 0.0 13.0 0.0
2987.013792835335 0.0 0.0 0.0 1.0 0.0 0.0 13.0 0.0
2988.013792835335 0.0 0.0 0.0 1.0 0.0 0.0 13.0 0.0
2989.013792835335 0.0 0.0 0.0 1.0 0.0 0.0 13.0 0.0
2990.013792835335 0.0 0.0 0.0 1.0 0.0 0.0 13.0 0.0
2991.013792835335 0.0 0.0 0.0 1.0 0.0 0.0 13.0 0.0
2992.0085526547396 0.0 0.0 0.0 1.0 0.0 0.0 13.0 0.0
2993.007438403231 0.0 0.0 0.0 1.0 0.0 0.0 13.0 0.0
2994.00012871229 0.0 0.0 0.0 1.0 0.0 0.0 13.0 0.0
2995.001148387 0.0 0.0 0.0 1.0 0.0 0.0 13.0 0.0
2996.0021003650018 0.0 0.0 0.0 1.0 0.0 0.0 13.0 0.0
2997.0055698975243 0.0 0.0 0.0 1.0 0.0 0.0 13.0 0.0
2998.013792835335 0.0 0.0 0.0 1.0 0.0 0.0 13.0 0.0
2999.002843434924 0.0 0.0 0.0 1.0 0.0 0.0 13.0 0.0
3000.013792835335 0.0 0.0 0.0 1.0 0.0 0.0 13.0 0.0
3001.013792835335 0.0 0.0 0.0 1.0 0.0 0.0 13.0 0.0
3002.0084914287045 0.0 0.0 0.0 1.0 0.0 0.0 13.0 0.0
3003.001907362199 0.0 0.0 0.0 1.0 0.0 0.0 13.0 0.0
3004.013792835335 0.0 0.0 0.0 1.0 0.0 0.0 13.0 0.0
3005.013792835335 0.0 0.0 0.0 1.0 0.0 0.0 13.0 0.0
3006.001030513759 0.0 0.0 0.0 1.0 0.0 0.0 13.0 0.0
3007.003554781601 0.0 0.0 0.0 1.0 0.0 0.0 13.0 0.0
3008.0059900089036 0.0 0.0 0.0 1.0 0.0 0.0 13.0 0.0
3009.005754685693 0.0 0.0 0.0 1.0 0.0 0.0 13.0 0.0
3010.013792835335 0.0 0.0 0.0 1.0 0.0 0.0 13.0 0.0
3011.002473933475 0.0 0.0 0.0 1.0 0.0 0.0 13.0 0.0
3012.003206389886 0.0 0.0 0.0 1.0 0.0 0.0 13.0 0.0
3013.0005938983377 0.0 0.0 0.0 1.0 0.0 0.0 13.0 0.0
3014.013792835335 0.0 0.0 0.0 1.0 0.0 0.0 13.0 0.0
3015.012827463911 0.0 0.0 0.0 1.0 0.0 0.0 13.0 0.0
3016.011761675976 0.0 0.0 0.0 1.0 0.0 0.0 13.0 0.0
3017.013792835335 0.0 0.0 0.0 1.0 0.0 0.0 13.0 0.0
3018.0025135554692 0.0 0.0 0.0 1.0 0.0 0.0 13.0 0.0
3019.0135488373344 0.0 0.0 0.0 1.0 0.0 0.0 13.0 0.0
3020.013792835335 0.0 0.0 0.0 1.0 0.0 0.0 13.0 0.0
3021.0052791565013 0.0 0.0 0.0 1.0 0.0 0.0 13.0 0.0
3022.002492584034 0.0 0.0 0.0 1.0 0.0 0.0 13.0 0.0
3023.0013721390173 0.0 0.0 0.0 1.0 0.0 0.0 13.0 0.0
3024.0073031841494 0.0 0.0 0.0 1.0 0.0 0.0 13.0 0.0
3025.0064441412214 0.0 0.0 0.0 1.0 0.0 0.0 13.0 0.0
3026.0027001602994 0.0 0.0 0.0 1.0 0.0 0.0 13.0 0.0
3027.002331943364 0.0 0.0 0.0 1.0 0.0 0.0 13.0 0.0
3028.0030309543667 0.0 0.0 0.0 1.0 0.0 0.0 13.0 0.0
3029.012268501855 0.0 0.0 0.0 1.0 0.0 0.0 13.0 0.0
3030.013792835335 0.0 0.0 0.0 1.0 0.0 0.0 13.0 0.0
3031.013792835335 0.0 0.0 0.0 1.0 0.0 0.0 13.0 0.0
3032.013792835335 0.0 0.0 0.0 1.0 0.0 0.0 13.0 0.0
3033.008808540716 0.0 0.0 0.0 1.0 0.0 0.0 13.0 0.0
3034.013792835335 0.0 0.0 0.0 1.0 0.0 0.0 13.0 0.0
3035.0064019828683 0.0 0.0 0.0 1.0 0.0 0.0 13.0 0.0
3036.007103940267 0.0 0.0 0.0 1.0 0.0 0.0 13.0 0.0
3037.003343272847 0.0 0.0 0.0 1.0 0.0 0.0 13.0 0.0
3038.0014917529024 0.0 0.0 0.0 1.0 0.0 0.0 13.0 0.0
3039.0026296661977 0.0 0.0 0.0 1.0 0.0 0.0 13.0 0.0
3040.013792835335 0.0 0.0 0.0 1.0 0.0 0.0 13.0 0.0
3041.013792835335 0.0 0.0 0.0 1.0 0.0 0.0 13.0 0.0
3042.0016153844977 0.0 0.0 0.0 1.0 0.0 0.0 13.0 0.0
3043.003370870963 0.0 0.0 0.0 1.0 0.0 0.0 13.0 0.0
3044.0053524267646 0.0 0.0 0.0 1.0 0.0 0.0 13.0 0.0
3045.013792835335 0.0 0.0 0.0 1.0 0.0 0.0 13.0 0.0
3046.012316125138 0.0 0.0 0.0 1.0 0.0 0.0 13.0 0.0
3047.013792835335 0.0 0.0 0.0 1.0 0.0 0.0 13.0 0.0
3048.013792835335 0.0 0.0 0.0 1.0 0.0 0.0 13.0 0.0
3049.0012011118356 0.0 0.0 0.0 1.0 0.0 0.0 13.0 0.0
3050.013792835335 0.0 0.0 0.0 1.0 0.0 0.0 13.0 0.0
3051.013792835335 0.0 0.0 0.0 1.0 0.0 0.0 13.0 0.0
3052.000607965711 0.0 0.0 0.0 1.0 0.0 0.0 13.0 0.0
3053.00876282986 0.0 0.0 0.0 1.0 0.0 0.0 13.0 0.0
3054.0093812826894 0.0 0.0 0.0 1.0 0.0 0.0 13.0 0.0
3055.013792835335 0.0 0.0 0.0 1.0 0.0 0.0 13.0 0.0
3056.00646663186 0.0 0.0 0.0 1.0 0.0 0.0 13.0 0.0
3057.0076861616226 0.0 0.0 0.0 1.0 0.0 0.0 13.0 0.0
3058.006606406538 0.0 0.0 0.0 1.0 0.0 0.0 13.0 0.0
3059.0108809401945 0.0 0.0 0.0 1.0 0.0 0.0 13.0 0.0
3060.0071855356946 0.0 0.0 0.0 1.0 0.0 0.0 13.0 0.0
3061.000074701835 0.0 0.0 0.0 1.0 0.0 0.0 13.0 0.0
3062.0127050032997 0.0 0.0 0.0 1.0 0.0 0.0 13.0 0.0
3063.0005303707344 0.0 0.0 0.0 1.0 0.0 0.0 13.0 0.0
3064.0038052333457 0.0 0.0 0.0 1.0 0.0 0.0 13.0 0.0
3065.013792835335 0.0 0.0 0.0 1.0 0.0 0.0 13.0 0.0
3066.0027678186248 0.0 0.0 0.0 1.0 0.0 0.0 13.0 0.0
3067.0060331361788 0.0 0.0 0.0 1.0 0.0 0.0 13.0 0.0
3068.0043585177177 0.0 0.0 0.0 1.0 0.0 0.0 13.0 0.0
3069.0104156656585 0.0 0.0 0.0 1.0 0.0 0.0 13.0 0.0
3070.013792835335 0.0 0.0 0.0 1.0 0.0 0.0 13.0 0.0
3071.0008673867674 0.0 0.0 0.0 1.0 0.0 0.0 13.0 0.0
3072.003938053734 0.0 0.0 0.0 1.0 0.0 0.0 13.0 0.0
3073.013792835335 0.0 0.0 0.0 1.0 0.0 0.0 13.0 0.0
3074.013792835335 0.0 0.0 0.0 1.0 0.0 0.0 13.0 0.0
3075.0047739065412 0.0 0.0 0.0 1.0 0.0 0.0 13.0 0.0
3076.0062500427275 0.0 0.0 0.0 1.0 0.0 0.0 13.0 0.0
3077.0033889764436 0.0 0.0 0.0 1.0 0.0 0.0 13.0 0.0
3078.000542353282 0.0 0.0 0.0 1.0 0.0 0.0 13.0 0.0
3079.0058809030274 0.0 0.0 0.0 1.0 0.0 0.0 13.0 0.0
3080.0089845803195 0.0 0.0 0.0 1.0 0.0 0.0 13.0 0.0
3081.013792835335 0.0 0.0 0.0 1.0 0.0 0.0 13.0 0.0
3082.0036068041522 0.0 0.0 0.0 1.0 0.0 0.0 13.0 0.0
3083.013792835335 0.0 0.0 0.0 1.0 0.0 0.0 13.0 0.0
3084.013792835335 0.0 0.0 0.0 1.0 0.0 0.0 13.0 0.0
3085.0006911662786 0.0 0.0 0.0 1.0 0.0 0.0 13.0 0.0
3086.013792835335 0.0 0.0 0.0 1.0 0.0 0.0 13.0 0.0
3087.0043960081766 0.0 0.0 0.0 1.0 0.0 0.0 13.0 0.0
3088.013792835335 0.0 0.0 0.0 1.0 0.0 0.0 13.0 0.0
3089.001930430237 0.0 0.0 0.0 1.0 0.0 0.0 13.0 0.0
3090.001695007747 0.0 0.0 0.0 1.0 0.0 0.0 13.0 0.0
3091.013792835335 0.0 0.0 0.0 1.0 0.0 0.0 13.0 0.0
3092.013792835335 0.0 0.0 0.0 1.0 0.0 0.0 13.0 0.0
3093.005377776418 0.0 0.0 0.0 1.0 0.0 0.0 13.0 0.0
3094.011292709439 0.0 0.0 0.0 1.0 0.0 0.0 13.0 0.0
3095.013792835335 0.0 0.0 0.0 1.0 0.0 0.0 13.0 0.0
3096.0068614031306 0.0 0.0 0.0 1.0 0.0 0.0 13.0 0.0
3097.00230345612 0.0 0.0 0.0 1.0 0.0 0.0 13.0 0.0
3098.01067842487 0.0 0.0 0.0 1.0 0.0 0.0 13.0 0.0
3099.0017334138133 0.0 0.0 0.0 1.0 0.0 0.0 13.0 0.0
3100.013792835335 0.0 0.0 0.0 1.0 0.0 0.0 13.0 0.0
3101.0113713073506 0.0 0.0 0.0 1.0 0.0 0.0 13.0 0.0
3102.013792835335 0.0 0.0 0.0 1.0 0.0 0.0 13.0 0.0
3103.013658899158 0.0 0.0 0.0 1.0 0.0 0.0 13.0 0.0
3104.013792835335 0.0 0.0 0.0 1.0 0.0 0.0 13.0 0.0
3105.011064556876 0.0 0.0 0.0 1.0 0.0 0.0 13.0 0.0
3106.0012238321797 0.0 0.0 0.0 1.0 0.0 0.0 13.0 0.0
3107.006629416795 0.0 0.0 0.0 1.0 0.0 0.0 13.0 0.0
3108.0133328245624 0.0 0.0 0.0 1.0 0.0 0.0 13.0 0.0
3109.006687808937 0.0 0.0 0.0 1.0 0.0 0.0 13.0 0.0
3110.013792835335 0.0 0.0 0.0 1.0 0.0 0.0 13.0 0.0
3111.013792835335 0.0 0.0 0.0 1.0 0.0 0.0 13.0 0.0
3112.013792835335 0.0 0.0 0.0 1.0 0.0 0.0 13.0 0.0
3113.0027579636485 0.0 0.0 0.0 1.0 0.0 0.0 13.0 0.0
3114.013792835335 0.0 0.0 0.0 1.0 0.0 0.0 13.0 0.0
3115.0003217647572 0.0 0.0 0.0 1.0 0.0 0.0 13.0 0.0
3116.0010251027543 0.0 0.0 0.0 1.0 0.0 0.0 13.0 0.0
3117.013792835335 0.0 0.0 0.0 1.0 0.0 0.0 13.0 0.0
3118.0090930484557 0.0 0.0 0.0 1.0 0.0 0.0 13.0 0.0
3119.0015551089664 0.0 0.0 0.0 1.0 0.0 0.0 13.0 0.0
3120.013792835335 0.0 0.0 0.0 1.0 0.0 0.0 13.0 0.0
3121.013792835335 0.0 0.0 0.0 1.0 0.0 0.0 13.0 0.0
3122.0056914587544 0.0 0.0 0.0 1.0 0.0 0.0 13.0 0.0
3123.0012656273284 0.0 0.0 0.0 1.0 0.0 0.0 13.0 0.0
3124.013057766697 0.0 0.0 0.0 1.0 0.0 0.0 13.0 0.0
3125.0002474004423 0.0 0.0 0.0 1.0 0.0 0.0 13.0 0.0
3126.004925001778 0.0 0.0 0.0 1.0 0.0 0.0 13.0 0.0
3127.0029626428172 0.0 0.0 0.0 1.0 0.0 0.0 13.0 0.0
3128.0058524195592 0.0 0.0 0.0 1.0 0.0 0.0 13.0 0.0
3129.0063269202783 0.0 0.0 0.0 1.0 0.0 0.0 13.0 0.0
3130.0035396818826 0.0 0.0 0.0 1.0 0.0 0.0 13.0 0.0
3131.0087776550417 0.0 0.0 0.0 1.0 0.0 0.0 13.0 0.0
3132.0100942785007 0.0 0.0 0.0 1.0 0.0 0.0 13.0 0.0
3133.003512954693 0.0 0.0 0.0 1.0 0.0 0.0 13.0 0.0
3134.000658997994 0.0 0.0 0.0 1.0 0.0 0.0 13.0 0.0
3135.013792835335 0.0 0.0 0.0 1.0 0.0 0.0 13.0 0.0
3136.013792835335 0.0 0.0 0.0 1.0 0.0 0.0 13.0 0.0
3137.013792835335 0.0 0.0 0.0 1.0 0.0 0.0 13.0 0.0
3138.0096832549407 0.0 0.0 0.0 1.0 0.0 0.0 13.0 0.0
3139.011237928716 0.0 0.0 0.0 1.0 0.0 0.0 13.0 0.0
3140.00047998921 0.0 0.0 0.0 1.0 0.0 0.0 13.0 0.0
3141.00537173942 0.0 0.0 0.0 1.0 0.0 0.0 13.0 0.0
3142.013792835335 0.0 0.0 0.0 1.0 0.0 0.0 13.0 0.0
3143.013792835335 0.0 0.0 0.0 1.0 0.0 0.0 13.0 0.0
3144.0086103798785 0.0 0.0 0.0 1.0 0.0 0.0 13.0 0.0
3145.0046343101208 0.0 0.0 0.0 1.0 0.0 0.0 13.0 0.0
3146.013792835335 0.0 0.0 0.0 1.0 0.0 0.0 13.0 0.0
3147.013792835335 0.0 0.0 0.0 1.0 0.0 0.0 13.0 0.0
3148.013792835335 0.0 0.0 0.0 1.0 0.0 0.0 13.0 0.0
3149.013792835335 0.0 0.0 0.0 1.0 0.0 0.0 13.0 0.0
3150.004340940169 0.0 0.0 0.0 1.0 0.0 0.0 13.0 0.0
3151.0037018352864 0.0 0.0 0.0 1.0 0.0 0.0 13.0 0.0
3152.013792835335 0.0 0.0 0.0 1.0 0.0 0.0 13.0 0.0
3153.0044851658367 0.0 0.0 0.0 1.0 0.0 0.0 13.0 0.0
3154.0017117343596 0.0 0.0 0.0 1.0 0.0 0.0 13.0 0.0
3155.0028028582283 0.0 0.0 0.0 1.0 0.0 0.0 13.0 0.0
3156.013792835335 0.0 0.0 0.0 1.0 0.0 0.0 13.0 0.0
3157.0013105409034 0.0 0.0 0.0 1.0 0.0 0.0 13.0 0.0
3158.0037702114214 0.0 0.0 0.0 1.0 0.0 0.0 13.0 0.0
3159.0101711102266 0.0 0.0 0.0 1.0 0.0 0.0 13.0 0.0
3160.013792835335 0.0 0.0 0.0 1.0 0.0 0.0 13.0 0.0
3161.013792835335 0.0 0.0 0.0 1.0 0.0 0.0 13.0 0.0
3162.013792835335 0.0 0.0 0.0 1.0 0.0 0.0 13.0 0.0
3163.013792835335 0.0 0.0 0.0 1.0 0.0 0.0 13.0 0.0
3164.012209693496 0.0 0.0 0.0 1.0 0.0 0.0 13.0 0.0
3165.013792835335 0.0 0.0 0.0 1.0 0.0 0.0 13.0 0.0
3166.0029765593167 0.0 0.0 0.0 1.0 0.0 0.0 13.0 0.0
3167.012070527823 0.0 0.0 0.0 1.0 0.0 0.0 13.0 0.0
3168.013792835335 0.0 0.0 0.0 1.0 0.0 0.0 13.0 0.0
3169.013792835335 0.0 0.0 0.0 1.0 0.0 0.0 13.0 0.0
3170.013792835335 0.0 0.0 0.0 1.0 0.0 0.0 13.0 0.0
3171.013792835335 0.0 0.0 0.0 1.0 0.0 0.0 13.0 0.0
3172.0030705813297 0.0 0.0 0.0 1.0 0.0 0.0 13.0 0.0
3173.0000915295723 0.0 0.0 0.0 1.0 0.0 0.0 13.0 0.0
3174.008231714047 0.0 0.0 0.0 1.0 0.0 0.0 13.0 0.0
3175.004947445726 0.0 0.0 0.0 1.0 0.0 0.0 13.0 0.0
3176.007042623281 0.0 0.0 0.0 1.0 0.0 0.0 13.0 0.0
3177.013792835335 0.0 0.0 0.0 1.0 0.0 0.0 13.0 0.0
3178.013792835335 0.0 0.0 0.0 1.0 0.0 0.0 13.0 0.0
3179.0024449316847 0.0 0.0 0.0 1.0 0.0 0.0 13.0 0.0
3180.010159478866 0.0 0.0 0.0 1.0 0.0 0.0 13.0 0.0
3181.0043895529207 0.0 0.0 0.0 1.0 0.0 0.0 13.0 0.0
3182.0003433874704 0.0 0.0 0.0 1.0 0.0 0.0 13.0 0.0
3183.0126937297578 0.0 0.0 0.0 1.0 0.0 0.0 13.0 0.0
3184.013792835335 0.0 0.0 0.0 1.0 0.0 0.0 13.0 0.0
3185.000615719516 0.0 0.0 0.0 1.0 0.0 0.0 13.0 0.0
3186.013792835335 0.0 0.0 0.0 1.0 0.0 0.0 13.0 0.0
3187.0025039187717 0.0 0.0 0.0 1.0 0.0 0.0 13.0 0.0
3188.0038298966783 0.0 0.0 0.0 1.0 0.0 0.0 13.0 0.0
3189.0017645371136 0.0 0.0 0.0 1.0 0.0 0.0 13.0 0.0
3190.003293516099 0.0 0.0 0.0 1.0 0.0 0.0 13.0 0.0
3191.013792835335 0.0 0.0 0.0 1.0 0.0 0.0 13.0 0.0
3192.013792835335 0.0 0.0 0.0 1.0 0.0 0.0 13.0 0.0
3193.013792835335 0.0 0.0 0.0 1.0 0.0 0.0 13.0 0.0
3194.0107501633183 0.0 0.0 0.0 1.0 0.0 0.0 13.0 0.0
3195.0020842787208 0.0 0.0 0.0 1.0 0.0 0.0 13.0 0.0
3196.0045812079393 0.0 0.0 0.0 1.0 0.0 0.0 13.0 0.0
3197.003995153905 0.0 0.0 0.0 1.0 0.0 0.0 13.0 0.0
3198.000573850664 0.0 0.0 0.0 1.0 0.0 0.0 13.0 0.0
3199.013792835335 0.0 0.0 0.0 1.0 0.0 0.0 13.0 0.0
3200.013792835335 0.0 0.0 0.0 1.0 0.0 0.0 13.0 0.0
3201.008832954329 0.0 0.0 0.0 1.0 0.0 0.0 13.0 0.0
3202.0014148775467 0.0 0.0 0.0 1.0 0.0 0.0 13.0 0.0
3203.0069770591876 0.0 0.0 0.0 1.0 0.0 0.0 13.0 0.0
3204.0062398788455 0.0 0.0 0.0 1.0 0.0 0.0 13.0 0.0
3205.013792835335 0.0 0.0 0.0 1.0 0.0 0.0 13.0 0.0
3206.0111243674673 0.0 0.0 0.0 1.0 0.0 0.0 13.0 0.0
3207.0053786779613 0.0 0.0 0.0 1.0 0.0 0.0 13.0 0.0
3208.013792835335 0.0 0.0 0.0 1.0 0.0 0.0 13.0 0.0
3209.013792835335 0.0 0.0 0.0 1.0 0.0 0.0 13.0 0.0
3210.013792835335 0.0 0.0 0.0 1.0 0.0 0.0 13.0 0.0
3211.0090571420756 0.0 0.0 0.0 1.0 0.0 0.0 13.0 0.0
3212.013320321183 0.0 0.0 0.0 1.0 0.0 0.0 13.0 0.0
3213.003875199616 0.0 0.0 0.0 1.0 0.0 0.0 13.0 0.0
3214.013792835335 0.0 0.0 0.0 1.0 0.0 0.0 13.0 0.0
3215.003067654145 0.0 0.0 0.0 1.0 0.0 0.0 13.0 0.0
3216.0078442618415 0.0 0.0 0.0 1.0 0.0 0.0 13.0 0.0
3217.004493645588 0.0 0.0 0.0 1.0 0.0 0.0 13.0 0.0
3218.006757959274 0.0 0.0 0.0 1.0 0.0 0.0 13.0 0.0
3219.013792835335 0.0 0.0 0.0 1.0 0.0 0.0 13.0 0.0
3220.007866389405 0.0 0.0 0.0 1.0 0.0 0.0 13.0 0.0
3221.013792835335 0.0 0.0 0.0 1.0 0.0 0.0 13.0 0.0
3222.0011354852736 0.0 0.0 0.0 1.0 0.0 0.0 13.0 0.0
3223.005453084136 0.0 0.0 0.0 1.0 0.0 0.0 13.0 0.0
3224.002748375013 0.0 0.0 0.0 1.0 0.0 0.0 13.0 0.0
3225.003022210902 0.0 0.0 0.0 1.0 0.0 0.0 13.0 0.0
3226.013792835335 0.0 0.0 0.0 1.0 0.0 0.0 13.0 0.0
3227.0012187603884 0.0 0.0 0.0 1.0 0.0 0.0 13.0 0.0
3228.000636254227 0.0 0.0 0.0 1.0 0.0 0.0 13.0 0.0
3229.013792835335 0.0 0.0 0.0 1.0 0.0 0.0 13.0 0.0
3230.000010941749 0.0 0.0 0.0 1.0 0.0 0.0 13.0 0.0
3231.0074808614236 0.0 0.0 0.0 1.0 0.0 0.0 13.0 0.0
3232.013792835335 0.0 0.0 0.0 1.0 0.0 0.0 13.0 0.0
3233.013792835335 0.0 0.0 0.0 1.0 0.0 0.0 13.0 0.0
3234.013792835335 0.0 0.0 0.0 1.0 0.0 0.0 13.0 0.0
3235.006952960624 0.0 0.0 0.0 1.0 0.0 0.0 13.0 0.0
3236.0073824144047 0.0 0.0 0.0 1.0 0.0 0.0 13.0 0.0
3237.0097055202464 0.0 0.0 0.0 1.0 0.0 0.0 13.0 0.0
3238.013792835335 0.0 0.0 0.0 1.0 0.0 0.0 13.0 0.0
3239.013792835335 0.0 0.0 0.0 1.0 0.0 0.0 13.0 0.0
3240.0015840579254 0.0 0.0 0.0 1.0 0.0 0.0 13.0 0.0
3241.013792835335 0.0 0.0 0.0 1.0 0.0 0.0 13.0 0.0
3242.0052545865387 0.0 0.0 0.0 1.0 0.0 0.0 13.0 0.0
3243.0054183941093 0.0 0.0 0.0 1.0 0.0 0.0 13.0 0.0
3244.0113142490113 0.0 0.0 0.0 1.0 0.0 0.0 13.0 0.0
3245.01332771639 0.0 0.0 0.0 1.0 0.0 0.0 13.0 0.0
3246.013792835335 0.0 0.0 0.0 1.0 0.0 0.0 13.0 0.0
3247.0018933077245 0.0 0.0 0.0 1.0 0.0 0.0 13.0 0.0
3248.005890145791 0.0 0.0 0.0 1.0 0.0 0.0 13.0 0.0
3249.0061652043178 0.0 0.0 0.0 1.0 0.0 0.0 13.0 0.0
3250.013792835335 0.0 0.0 0.0 1.0 0.0 0.0 13.0 0.0
3251.000041090488 0.0 0.0 0.0 1.0 0.0 0.0 13.0 0.0
3252.013792835335 0.0 0.0 0.0 1.0 0.0 0.0 13.0 0.0
3253.0122530752064 0.0 0.0 0.0 1.0 0.0 0.0 13.0 0.0
3254.013792835335 0.0 0.0 0.0 1.0 0.0 0.0 13.0 0.0
3255.0012204297227 0.0 0.0 0.0 1.0 0.0 0.0 13.0 0.0
3256.013792835335 0.0 0.0 0.0 1.0 0.0 0.0 13.0 0.0
3257.013792835335 0.0 0.0 0.0 1.0 0.0 0.0 13.0 0.0
3258.004044135815 0.0 0.0 0.0 1.0 0.0 0.0 13.0 0.0
3259.013792835335 0.0 0.0 0.0 1.0 0.0 0.0 13.0 0.0
3260.013792835335 0.0 0.0 0.0 1.0 0.0 0.0 13.0 0.0
3261.001039530635 0.0 0.0 0.0 1.0 0.0 0.0 13.0 0.0
3262.013792835335 0.0 0.0 0.0 1.0 0.0 0.0 13.0 0.0
3263.013792835335 0.0 0.0 0.0 1.0 0.0 0.0 13.0 0.0
3264.013792835335 0.0 0.0 0.0 1.0 0.0 0.0 13.0 0.0
3265.013792835335 0.0 0.0 0.0 1.0 0.0 0.0 13.0 0.0
3266.011756680112 0.0 0.0 0.0 1.0 0.0 0.0 13.0 0.0
3267.003652977173 0.0 0.0 0.0 1.0 0.0 0.0 13.0 0.0
3268.0074845756326 0.0 0.0 0.0 1.0 0.0 0.0 13.0 0.0
3269.0034919615223 0.0 0.0 0.0 1.0 0.0 0.0 13.0 0.0
3270.00801740092 0.0 0.0 0.0 1.0 0.0 0.0 13.0 0.0
3271.013792835335 0.0 0.0 0.0 1.0 0.0 0.0 13.0 0.0
3272.013792835335 0.0 0.0 0.0 1.0 0.0 0.0 13.0 0.0
3273.001622130746 0.0 0.0 0.0 1.0 0.0 0.0 13.0 0.0
3274.0020307345812 0.0 0.0 0.0 1.0 0.0 0.0 13.0 0.0
3275.0136048112336 0.0 0.0 0.0 1.0 0.0 0.0 13.0 0.0
3276.013792835335 0.0 0.0 0.0 1.0 0.0 0.0 13.0 0.0
3277.009813907025 0.0 0.0 0.0 1.0 0.0 0.0 13.0 0.0
3278.013792835335 0.0 0.0 0.0 1.0 0.0 0.0 13.0 0.0
3279.013792835335 0.0 0.0 0.0 1.0 0.0 0.0 13.0 0.0
3280.0093630139404 0.0 0.0 0.0 1.0 0.0 0.0 13.0 0.0
3281.012001242645 0.0 0.0 0.0 1.0 0.0 0.0 13.0 0.0
3282.013792835335 0.0 0.0 0.0 1.0 0.0 0.0 13.0 0.0
3283.002006492792 0.0 0.0 0.0 1.0 0.0 0.0 13.0 0.0
3284.013792835335 0.0 0.0 0.0 1.0 0.0 0.0 13.0 0.0
3285.013792835335 0.0 0.0 0.0 1.0 0.0 0.0 13.0 0.0
3286.013792835335 0.0 0.0 0.0 1.0 0.0 0.0 13.0 0.0
3287.005436974815 0.0 0.0 0.0 1.0 0.0 0.0 13.0 0.0
3288.013792835335 0.0 0.0 0.0 1.0 0.0 0.0 13.0 0.0
3289.0115233042006 0.0 0.0 0.0 1.0 0.0 0.0 13.0 0.0
3290.006107622887 0.0 0.0 0.0 1.0 0.0 0.0 13.0 0.0
3291.0078896426608 0.0 0.0 0.0 1.0 0.0 0.0 13.0 0.0
3292.013792835335 0.0 0.0 0.0 1.0 0.0 0.0 13.0 0.0
3293.013792835335 0.0 0.0 0.0 1.0 0.0 0.0 13.0 0.0
3294.0060630094804 0.0 0.0 0.0 1.0 0.0 0.0 13.0 0.0
3295.0026200546536 0.0 0.0 0.0 1.0 0.0 0.0 13.0 0.0
3296.013792835335 0.0 0.0 0.0 1.0 0.0 0.0 13.0 0.0
3297.013792835335 0.0 0.0 0.0 1.0 0.0 0.0 13.0 0.0
3298.013792835335 0.0 0.0 0.0 1.0 0.0 0.0 13.0 0.0
3299.013792835335 0.0 0.0 0.0 1.0 0.0 0.0 13.0 0.0
3300.0013953413545 0.0 0.0 0.0 1.0 0.0 0.0 13.0 0.0
3301.008493163653 0.0 0.0 0.0 1.0 0.0 0.0 13.0 0.0
3302.013792835335 0.0 0.0 0.0 1.0 0.0 0.0 13.0 0.0
3303.0117630365335 0.0 0.0 0.0 1.0 0.0 0.0 13.0 0.0
3304.013792835335 0.0 0.0 0.0 1.0 0.0 0.0 13.0 0.0
3305.0013024574673 0.0 0.0 0.0 1.0 0.0 0.0 13.0 0.0
3306.013792835335 0.0 0.0 0.0 1.0 0.0 0.0 13.0 0.0
3307.001098664679 0.0 0.0 0.0 1.0 0.0 0.0 13.0 0.0
3308.013792835335 0.0 0.0 0.0 1.0 0.0 0.0 13.0 0.0
3309.013792835335 0.0 0.0 0.0 1.0 0.0 0.0 13.0 0.0
3310.01152565353 0.0 0.0 0.0 1.0 0.0 0.0 13.0 0.0
3311.013792835335 0.0 0.0 0.0 1.0 0.0 0.0 13.0 0.0
3312.013792835335 0.0 0.0 0.0 1.0 0.0 0.0 13.0 0.0
3313.0128779455017 0.0 0.0 0.0 1.0 0.0 0.0 13.0 0.0
3314.013792835335 0.0 0.0 0.0 1.0 0.0 0.0 13.0 0.0
3315.0071054414925 0.0 0.0 0.0 1.0 0.0 0.0 13.0 0.0
3316.001777393954 0.0 0.0 0.0 1.0 0.0 0.0 13.0 0.0
3317.013792835335 0.0 0.0 0.0 1.0 0.0 0.0 13.0 0.0
3318.0044623558438 0.0 0.0 0.0 1.0 0.0 0.0 13.0 0.0
3319.0010026023665 0.0 0.0 0.0 1.0 0.0 0.0 13.0 0.0
3320.013792835335 0.0 0.0 0.0 1.0 0.0 0.0 13.0 0.0
3321.013792835335 0.0 0.0 0.0 1.0 0.0 0.0 13.0 0.0
3322.013792835335 0.0 0.0 0.0 1.0 0.0 0.0 13.0 0.0
3323.001329748115 0.0 0.0 0.0 1.0 0.0 0.0 13.0 0.0
3324.011165931695 0.0 0.0 0.0 1.0 0.0 0.0 13.0 0.0
3325.012766840036 0.0 0.0 0.0 1.0 0.0 0.0 13.0 0.0
3326.00181919299 0.0 0.0 0.0 1.0 0.0 0.0 13.0 0.0
3327.013792835335 0.0 0.0 0.0 1.0 0.0 0.0 13.0 0.0
3328.0098769587544 0.0 0.0 0.0 1.0 0.0 0.0 13.0 0.0
3329.013792835335 0.0 0.0 0.0 1.0 0.0 0.0 13.0 0.0
3330.013792835335 0.0 0.0 0.0 1.0 0.0 0.0 13.0 0.0
3331.013792835335 0.0 0.0 0.0 1.0 0.0 0.0 13.0 0.0
3332.003901387978 0.0 0.0 0.0 1.0 0.0 0.0 13.0 0.0
3333.007522805138 0.0 0.0 0.0 1.0 0.0 0.0 13.0 0.0
3334.0047259204293 0.0 0.0 0.0 1.0 0.0 0.0 13.0 0.0
3335.006476871011 0.0 0.0 0.0 1.0 0.0 0.0 13.0 0.0
3336.001149283972 0.0 0.0 0.0 1.0 0.0 0.0 13.0 0.0
3337.0047808473373 0.0 0.0 0.0 1.0 0.0 0.0 13.0 0.0
3338.007096633316 0.0 0.0 0.0 1.0 0.0 0.0 13.0 0.0
3339.008407513264 0.0 0.0 0.0 1.0 0.0 0.0 13.0 0.0
3340.0098984823153 0.0 0.0 0.0 1.0 0.0 0.0 13.0 0.0
3341.013792835335 0.0 0.0 0.0 1.0 0.0 0.0 13.0 0.0
3342.00841428577 0.0 0.0 0.0 1.0 0.0 0.0 13.0 0.0
3343.0015579485043 0.0 0.0 0.0 1.0 0.0 0.0 13.0 0.0
3344.013792835335 0.0 0.0 0.0 1.0 0.0 0.0 13.0 0.0
3345.013792835335 0.0 0.0 0.0 1.0 0.0 0.0 13.0 0.0
3346.013792835335 0.0 0.0 0.0 1.0 0.0 0.0 13.0 0.0
3347.0090457962892 0.0 0.0 0.0 1.0 0.0 0.0 13.0 0.0
3348.013792835335 0.0 0.0 0.0 1.0 0.0 0.0 13.0 0.0
3349.0041419495274 0.0 0.0 0.0 1.0 0.0 0.0 13.0 0.0
3350.013792835335 0.0 0.0 0.0 1.0 0.0 0.0 13.0 0.0
3351.005595264681 0.0 0.0 0.0 1.0 0.0 0.0 13.0 0.0
3352.013792835335 0.0 0.0 0.0 1.0 0.0 0.0 13.0 0.0
3353.012012326455 0.0 0.0 0.0 1.0 0.0 0.0 13.0 0.0
3354.002368399358 0.0 0.0 0.0 1.0 0.0 0.0 13.0 0.0
3355.003145405264 0.0 0.0 0.0 1.0 0.0 0.0 13.0 0.0
3356.0011389832875 0.0 0.0 0.0 1.0 0.0 0.0 13.0 0.0
3357.0089051681343 0.0 0.0 0.0 1.0 0.0 0.0 13.0 0.0
3358.009410301451 0.0 0.0 0.0 1.0 0.0 0.0 13.0 0.0
3359.0119876173662 0.0 0.0 0.0 1.0 0.0 0.0 13.0 0.0
3360.0065252985173 0.0 0.0 0.0 1.0 0.0 0.0 13.0 0.0
3361.013792835335 0.0 0.0 0.0 1.0 0.0 0.0 13.0 0.0
3362.004600119785 0.0 0.0 0.0 1.0 0.0 0.0 13.0 0.0
3363.013792835335 0.0 0.0 0.0 1.0 0.0 0.0 13.0 0.0
3364.013792835335 0.0 0.0 0.0 1.0 0.0 0.0 13.0 0.0
3365.00612045392 0.0 0.0 0.0 1.0 0.0 0.0 13.0 0.0
3366.013792835335 0.0 0.0 0.0 1.0 0.0 0.0 13.0 0.0
3367.013792835335 0.0 0.0 0.0 1.0 0.0 0.0 13.0 0.0
3368.0100973617964 0.0 0.0 0.0 1.0 0.0 0.0 13.0 0.0
3369.011781593714 0.0 0.0 0.0 1.0 0.0 0.0 13.0 0.0
3370.0021516885777 0.0 0.0 0.0 1.0 0.0 0.0 13.0 0.0
3371.0032065418113 0.0 0.0 0.0 1.0 0.0 0.0 13.0 0.0
3372.0002783245777 0.0 0.0 0.0 1.0 0.0 0.0 13.0 0.0
3373.0088507182663 0.0 0.0 0.0 1.0 0.0 0.0 13.0 0.0
3374.0051172312114 0.0 0.0 0.0 1.0 0.0 0.0 13.0 0.0
3375.0120022926158 0.0 0.0 0.0 1.0 0.0 0.0 13.0 0.0
3376.0044689012448 0.0 0.0 0.0 1.0 0.0 0.0 13.0 0.0
3377.0011538165363 0.0 0.0 0.0 1.0 0.0 0.0 13.0 0.0
3378.0039658571177 0.0 0.0 0.0 1.0 0.0 0.0 13.0 0.0
3379.0077525049796 0.0 0.0 0.0 1.0 0.0 0.0 13.0 0.0
3380.013792835335 0.0 0.0 0.0 1.0 0.0 0.0 13.0 0.0
3381.002073785777 0.0 0.0 0.0 1.0 0.0 0.0 13.0 0.0
3382.013792835335 0.0 0.0 0.0 1.0 0.0 0.0 13.0 0.0
3383.013792835335 0.0 0.0 0.0 1.0 0.0 0.0 13.0 0.0
3384.013792835335 0.0 0.0 0.0 1.0 0.0 0.0 13.0 0.0
3385.002503804543 0.0 0.0 0.0 1.0 0.0 0.0 13.0 0.0
3386.0101698381727 0.0 0.0 0.0 1.0 0.0 0.0 13.0 0.0
3387.010088761753 0.0 0.0 0.0 1.0 0.0 0.0 13.0 0.0
3388.013792835335 0.0 0.0 0.0 1.0 0.0 0.0 13.0 0.0
3389.0069534557992 0.0 0.0 0.0 1.0 0.0 0.0 13.0 0.0
3390.0003497600565 0.0 0.0 0.0 1.0 0.0 0.0 13.0 0.0
3391.0126797401012 0.0 0.0 0.0 1.0 0.0 0.0 13.0 0.0
3392.013792835335 0.0 0.0 0.0 1.0 0.0 0.0 13.0 0.0
3393.0052884239403 0.0 0.0 0.0 1.0 0.0 0.0 13.0 0.0
3394.013792835335 0.0 0.0 0.0 1.0 0.0 0.0 13.0 0.0
3395.013792835335 0.0 0.0 0.0 1.0 0.0 0.0 13.0 0.0
3396.013792835335 0.0 0.0 0.0 1.0 0.0 0.0 13.0 0.0
3397.013792835335 0.0 0.0 0.0 1.0 0.0 0.0 13.0 0.0
3398.009741658169 0.0 0.0 0.0 1.0 0.0 0.0 13.0 0.0
3399.004067907022 0.0 0.0 0.0 1.0 0.0 0.0 13.0 0.0
3400.013792835335 0.0 0.0 0.0 1.0 0.0 0.0 13.0 0.0
3401.013792835335 0.0 0.0 0.0 1.0 0.0 0.0 13.0 0.0
3402.0049746845502 0.0 0.0 0.0 1.0 0.0 0.0 13.0 0.0
3403.0105010846646 0.0 0.0 0.0 1.0 0.0 0.0 13.0 0.0
3404.0024696163305 0.0 0.0 0.0 1.0 0.0 0.0 13.0 0.0
3405.013792835335 0.0 0.0 0.0 1.0 0.0 0.0 13.0 0.0
3406.013792835335 0.0 0.0 0.0 1.0 0.0 0.0 13.0 0.0
3407.010642267544 0.0 0.0 0.0 1.0 0.0 0.0 13.0 0.0
3408.0028198223226 0.0 0.0 0.0 1.0 0.0 0.0 13.0 0.0
3409.0043573059975 0.0 0.0 0.0 1.0 0.0 0.0 13.0 0.0
3410.000801160514 0.0 0.0 0.0 1.0 0.0 0.0 13.0 0.0
3411.0051914695728 0.0 0.0 0.0 1.0 0.0 0.0 13.0 0.0
3412.0011807863634 0.0 0.0 0.0 1.0 0.0 0.0 13.0 0.0
3413.013792835335 0.0 0.0 0.0 1.0 0.0 0.0 13.0 0.0
3414.0012027808884 0.0 0.0 0.0 1.0 0.0 0.0 13.0 0.0
3415.01320966815 0.0 0.0 0.0 1.0 0.0 0.0 13.0 0.0
3416.013792835335 0.0 0.0 0.0 1.0 0.0 0.0 13.0 0.0
3417.013792835335 0.0 0.0 0.0 1.0 0.0 0.0 13.0 0.0
3418.0046777520233 0.0 0.0 0.0 1.0 0.0 0.0 13.0 0.0
3419.013792835335 0.0 0.0 0.0 1.0 0.0 0.0 13.0 0.0
3420.006328250039 0.0 0.0 0.0 1.0 0.0 0.0 13.0 0.0
3421.013792835335 0.0 0.0 0.0 1.0 0.0 0.0 13.0 0.0
3422.0104815210825 0.0 0.0 0.0 1.0 0.0 0.0 13.0 0.0
3423.0066436183884 0.0 0.0 0.0 1.0 0.0 0.0 13.0 0.0
3424.013792835335 0.0 0.0 0.0 1.0 0.0 0.0 13.0 0.0
3425.0067745092933 0.0 0.0 0.0 1.0 0.0 0.0 13.0 0.0
3426.013792835335 0.0 0.0 0.0 1.0 0.0 0.0 13.0 0.0
3427.013792835335 0.0 0.0 0.0 1.0 0.0 0.0 13.0 0.0
3428.013792835335 0.0 0.0 0.0 1.0 0.0 0.0 13.0 0.0
3429.0049191495004 0.0 0.0 0.0 1.0 0.0 0.0 13.0 0.0
3430.009227870998 0.0 0.0 0.0 1.0 0.0 0.0 13.0 0.0
3431.013792835335 0.0 0.0 0.0 1.0 0.0 0.0 13.0 0.0
3432.00912288281 0.0 0.0 0.0 1.0 0.0 0.0 13.0 0.0
3433.0031784859384 0.0 0.0 0.0 1.0 0.0 0.0 13.0 0.0
3434.0022756233902 0.0 0.0 0.0 1.0 0.0 0.0 13.0 0.0
3435.004446671377 0.0 0.0 0.0 1.0 0.0 0.0 13.0 0.0
3436.0000822726593 0.0 0.0 0.0 1.0 0.0 0.0 13.0 0.0
3437.011363120041 0.0 0.0 0.0 1.0 0.0 0.0 13.0 0.0
3438.00769359576 0.0 0.0 0.0 1.0 0.0 0.0 13.0 0.0
3439.0014705968324 0.0 0.0 0.0 1.0 0.0 0.0 13.0 0.0
3440.005844754017 0.0 0.0 0.0 1.0 0.0 0.0 13.0 0.0
3441.013792835335 0.0 0.0 0.0 1.0 0.0 0.0 13.0 0.0
3442.013792835335 0.0 0.0 0.0 1.0 0.0 0.0 13.0 0.0
3443.013792835335 0.0 0.0 0.0 1.0 0.0 0.0 13.0 0.0
3444.010019221533 0.0 0.0 0.0 1.0 0.0 0.0 13.0 0.0
3445.0057003375205 0.0 0.0 0.0 1.0 0.0 0.0 13.0 0.0
3446.0079912091137 0.0 0.0 0.0 1.0 0.0 0.0 13.0 0.0
3447.0034260135085 0.0 0.0 0.0 1.0 0.0 0.0 13.0 0.0
3448.013792835335 0.0 0.0 0.0 1.0 0.0 0.0 13.0 0.0
3449.012022180638 0.0 0.0 0.0 1.0 0.0 0.0 13.0 0.0
3450.006197393239 0.0 0.0 0.0 1.0 0.0 0.0 13.0 0.0
3451.013792835335 0.0 0.0 0.0 1.0 0.0 0.0 13.0 0.0
3452.013792835335 0.0 0.0 0.0 1.0 0.0 0.0 13.0 0.0
3453.001137475504 0.0 0.0 0.0 1.0 0.0 0.0 13.0 0.0
3454.013792835335 0.0 0.0 0.0 1.0 0.0 0.0 13.0 0.0
3455.013792835335 0.0 0.0 0.0 1.0 0.0 0.0 13.0 0.0
3456.0056475104793 0.0 0.0 0.0 1.0 0.0 0.0 13.0 0.0
3457.0000886876933 0.0 0.0 0.0 1.0 0.0 0.0 13.0 0.0
3458.0037592792623 0.0 0.0 0.0 1.0 0.0 0.0 13.0 0.0
3459.0003607534886 0.0 0.0 0.0 1.0 0.0 0.0 13.0 0.0
3460.013792835335 0.0 0.0 0.0 1.0 0.0 0.0 13.0 0.0
3461.013792835335 0.0 0.0 0.0 1.0 0.0 0.0 13.0 0.0
3462.0063520607123 0.0 0.0 0.0 1.0 0.0 0.0 13.0 0.0
3463.013792835335 0.0 0.0 0.0 1.0 0.0 0.0 13.0 0.0
3464.0019550030283 0.0 0.0 0.0 1.0 0.0 0.0 13.0 0.0
3465.0014026454483 0.0 0.0 0.0 1.0 0.0 0.0 13.0 0.0
3466.013792835335 0.0 0.0 0.0 1.0 0.0 0.0 13.0 0.0
3467.0020901198563 0.0 0.0 0.0 1.0 0.0 0.0 13.0 0.0
3468.0029843159364 0.0 0.0 0.0 1.0 0.0 0.0 13.0 0.0
3469.013792835335 0.0 0.0 0.0 1.0 0.0 0.0 13.0 0.0
3470.0002837097873 0.0 0.0 0.0 1.0 0.0 0.0 13.0 0.0
3471.0123304089057 0.0 0.0 0.0 1.0 0.0 0.0 13.0 0.0
3472.013792835335 0.0 0.0 0.0 1.0 0.0 0.0 13.0 0.0
3473.011876085555 0.0 0.0 0.0 1.0 0.0 0.0 13.0 0.0
3474.0030396938787 0.0 0.0 0.0 1.0 0.0 0.0 13.0 0.0
3475.0107349195064 0.0 0.0 0.0 1.0 0.0 0.0 13.0 0.0
3476.013792835335 0.0 0.0 0.0 1.0 0.0 0.0 13.0 0.0
3477.013792835335 0.0 0.0 0.0 1.0 0.0 0.0 13.0 0.0
3478.013792835335 0.0 0.0 0.0 1.0 0.0 0.0 13.0 0.0
3479.013792835335 0.0 0.0 0.0 1.0 0.0 0.0 13.0 0.0
3480.00245505803 0.0 0.0 0.0 1.0 0.0 0.0 13.0 0.0
3481.0122035400946 0.0 0.0 0.0 1.0 0.0 0.0 13.0 0.0
3482.013792835335 0.0 0.0 0.0 1.0 0.0 0.0 13.0 0.0
3483.007399817559 0.0 0.0 0.0 1.0 0.0 0.0 13.0 0.0
3484.0016554543477 0.0 0.0 0.0 1.0 0.0 0.0 13.0 0.0
3485.0043440821823 0.0 0.0 0.0 1.0 0.0 0.0 13.0 0.0
3486.0077371372454 0.0 0.0 0.0 1.0 0.0 0.0 13.0 0.0
3487.005374050631 0.0 0.0 0.0 1.0 0.0 0.0 13.0 0.0
3488.0002973664864 0.0 0.0 0.0 1.0 0.0 0.0 13.0 0.0
3489.0065156096834 0.0 0.0 0.0 1.0 0.0 0.0 13.0 0.0
3490.0056169860422 0.0 0.0 0.0 1.0 0.0 0.0 13.0 0.0
3491.000859062386 0.0 0.0 0.0 1.0 0.0 0.0 13.0 0.0
3492.013792835335 0.0 0.0 0.0 1.0 0.0 0.0 13.0 0.0
3493.0032991897438 0.0 0.0 0.0 1.0 0.0 0.0 13.0 0.0
3494.0044168661125 0.0 0.0 0.0 1.0 0.0 0.0 13.0 0.0
3495.013792835335 0.0 0.0 0.0 1.0 0.0 0.0 13.0 0.0
3496.013792835335 0.0 0.0 0.0 1.0 0.0 0.0 13.0 0.0
3497.007124941099 0.0 0.0 0.0 1.0 0.0 0.0 13.0 0.0
3498.0115547904957 0.0 0.0 0.0 1.0 0.0 0.0 13.0 0.0
3499.0017368620797 0.0 0.0 0.0 1.0 0.0 0.0 13.0 0.0
3500.0032303073112 0.0 0.0 0.0 1.0 0.0 0.0 13.0 0.0
3501.013738805544 0.04999999999999998 0.0 0.0 0.95 0.0 1.0 12.275 0.09382716049382717
3502.001972308046 0.9625 0.0 0.0 0.03749999999999999 0.0 1.0 11.6625 0.0712962962962963
3503.013792835335 1.0 0.0 0.0 0.0 0.0 1.0 11.975 0.0
3504.0030144292277 1.0 0.0 0.0 0.0 0.0 1.0 12.975 0.0
3505.008421001392 1.0 0.0 0.0 0.0 0.0 1.0 13.0 0.0
3506.013792835335 1.0 0.0 0.0 0.0 0.0 1.0 13.0 0.0
3507.013792835335 1.0 0.0 0.0 0.0 0.0 1.0 13.0 0.0
3508.013792835335 1.0 0.0 0.0 0.0 0.0 1.0 13.0 0.0
3509.013792835335 1.0 0.0 0.0 0.0 0.0 1.0 13.0 0.0
3510.013792835335 1.0 0.0 0.0 0.0 0.0 1.0 13.0 0.0
3511.013792835335 1.0 0.0 0.0 0.0 0.0 1.0 13.0 0.0
3512.013792835335 1.0 0.0 0.0 0.0 0.0 1.0 13.0 0.0
3513.005333448168 1.0 0.0 0.0 0.0 0.0 1.0 13.0 0.0
3514.012596728526 1.0 0.0 0.0 0.0 0.0 1.0 13.0 0.0
3515.0027700871983 1.0 0.0 0.0 0.0 0.0 1.0 13.0 0.0
3516.013792835335 1.0 0.0 0.0 0.0 0.0 1.0 13.0 0.0
3517.000573756534 1.0 0.0 0.0 0.0 0.0 1.0 13.0 0.0
3518.009071423059 1.0 0.0 0.0 0.0 0.0 1.0 13.0 0.0
3519.0106877272733 1.0 0.0 0.0 0.0 0.0 1.0 13.0 0.0
3520.013792835335 1.0 0.0 0.0 0.0 0.0 1.0 13.0 0.0
3521.0016861199897 1.0 0.0 0.0 0.0 0.0 1.0 13.0 0.0
3522.0107319658014 1.0 0.0 0.0 0.0 0.0 1.0 13.0 0.0
3523.013792835335 1.0 0.0 0.0 0.0 0.0 1.0 13.0 0.0
3524.013792835335 1.0 0.0 0.0 0.0 0.0 1.0 13.0 0.0
3525.013792835335 1.0 0.0 0.0 0.0 0.0 1.0 13.0 0.0
3526.0106204975004 1.0 0.0 0.0 0.0 0.0 1.0 13.0 0.0
3527.0038436510185 1.0 0.0 0.0 0.0 0.0 1.0 13.0 0.0
3528.007298811912 1.0 0.0 0.0 0.0 0.0 1.0 13.0 0.0
3529.013792835335 1.0 0.0 0.0 0.0 0.0 1.0 13.0 0.0
3530.0124453199514 1.0 0.0 0.0 0.0 0.0 1.0 13.0 0.0
3531.0006839197576 1.0 0.0 0.0 0.0 0.0 1.0 13.0 0.0
3532.0004886771076 1.0 0.0 0.0 0.0 0.0 1.0 13.0 0.0
3533.013792835335 1.0 0.0 0.0 0.0 0.0 1.0 13.0 0.0
3534.000710845128 1.0 0.0 0.0 0.0 0.0 1.0 13.0 0.0
3535.002447335391 1.0 0.0 0.0 0.0 0.0 1.0 13.0 0.0
3536.013792835335 1.0 0.0 0.0 0.0 0.0 1.0 13.0 0.0
3537.013792835335 1.0 0.0 0.0 0.0 0.0 1.0 13.0 0.0
3538.013792835335 1.0 0.0 0.0 0.0 0.0 1.0 13.0 0.0
3539.000086227654 1.0 0.0 0.0 0.0 0.0 1.0 13.0 0.0
3540.003468278107 1.0 0.0 0.0 0.0 0.0 1.0 13.0 0.0
3541.013792835335 1.0 0.0 0.0 0.0 0.0 1.0 13.0 0.0
3542.004936016504 1.0 0.0 0.0 0.0 0.0 1.0 13.0 0.0
3543.0005556217757 1.0 0.0 0.0 0.0 0.0 1.0 13.0 0.0
3544.0104248225357 1.0 0.0 0.0 0.0 0.0 1.0 13.0 0.0
3545.0057856912254 1.0 0.0 0.0 0.0 0.0 1.0 13.0 0.0
3546.007343580655 1.0 0.0 0.0 0.0 0.0 1.0 13.0 0.0
3547.0047764257542 1.0 0.0 0.0 0.0 0.0 1.0 13.0 0.0
3548.007408872506 1.0 0.0 0.0 0.0 0.0 1.0 13.0 0.0
3549.0055742978625 1.0 0.0 0.0 0.0 0.0 1.0 13.0 0.0
3550.013792835335 1.0 0.0 0.0 0.0 0.0 1.0 13.0 0.0
3551.013792835335 1.0 0.0 0.0 0.0 0.0 1.0 13.0 0.0
3552.0051488372146 1.0 0.0 0.0 0.0 0.0 1.0 13.0 0.0
3553.004562947438 1.0 0.0 0.0 0.0 0.0 1.0 13.0 0.0
3554.004635450911 1.0 0.0 0.0 0.0 0.0 1.0 13.0 0.0
3555.0021990551827 1.0 0.0 0.0 0.0 0.0 1.0 13.0 0.0
3556.000731758159 1.0 0.0 0.0 0.0 0.0 1.0 13.0 0.0
3557.005257232371 1.0 0.0 0.0 0.0 0.0 1.0 13.0 0.0
3558.013792835335 1.0 0.0 0.0 0.0 0.0 1.0 13.0 0.0
3559.013792835335 1.0 0.0 0.0 0.0 0.0 1.0 13.0 0.0
3560.012551859448 1.0 0.0 0.0 0.0 0.0 1.0 13.0 0.0
3561.005269506136 1.0 0.0 0.0 0.0 0.0 1.0 13.0 0.0
3562.009231237147 1.0 0.0 0.0 0.0 0.0 1.0 13.0 0.0
3563.0015522499866 1.0 0.0 0.0 0.0 0.0 1.0 13.0 0.0
3564.0055213399255 1.0 0.0 0.0 0.0 0.0 1.0 13.0 0.0
3565.000973493693 1.0 0.0 0.0 0.0 0.0 1.0 13.0 0.0
3566.006054969779 1.0 0.0 0.0 0.0 0.0 1.0 13.0 0.0
3567.0035262182614 1.0 0.0 0.0 0.0 0.0 1.0 13.0 0.0
3568.013792835335 1.0 0.0 0.0 0.0 0.0 1.0 13.0 0.0
3569.013792835335 1.0 0.0 0.0 0.0 0.0 1.0 13.0 0.0
3570.0114395036003 1.0 0.0 0.0 0.0 0.0 1.0 13.0 0.0
3571.0092383992496 1.0 0.0 0.0 0.0 0.0 1.0 13.0 0.0
3572.003393018271 1.0 0.0 0.0 0.0 0.0 1.0 13.0 0.0
3573.003094793459 1.0 0.0 0.0 0.0 0.0 1.0 13.0 0.0
3574.0073384143398 1.0 0.0 0.0 0.0 0.0 1.0 13.0 0.0
3575.0047276341465 1.0 0.0 0.0 0.0 0.0 1.0 13.0 0.0
3576.013792835335 1.0 0.0 0.0 0.0 0.0 1.0 13.0 0.0
3577.013792835335 1.0 0.0 0.0 0.0 0.0 1.0 13.0 0.0
3578.006742140465 1.0 0.0 0.0 0.0 0.0 1.0 13.0 0.0
3579.0094658200783 1.0 0.0 0.0 0.0 0.0 1.0 13.0 0.0
3580.013792835335 1.0 0.0 0.0 0.0 0.0 1.0 13.0 0.0
3581.0042645001354 1.0 0.0 0.0 0.0 0.0 1.0 13.0 0.0
3582.013792835335 1.0 0.0 0.0 0.0 0.0 1.0 13.0 0.0
3583.013792835335 1.0 0.0 0.0 0.0 0.0 1.0 13.0 0.0
3584.013792835335 1.0 0.0 0.0 0.0 0.0 1.0 13.0 0.0
3585.013792835335 1.0 0.0 0.0 0.0 0.0 1.0 13.0 0.0
3586.0003139319115 1.0 0.0 0.0 0.0 0.0 1.0 13.0 0.0
3587.0040052604345 1.0 0.0 0.0 0.0 0.0 1.0 13.0 0.0
3588.0054144530072 1.0 0.0 0.0 0.0 0.0 1.0 13.0 0.0
3589.001033256644 1.0 0.0 0.0 0.0 0.0 1.0 13.0 0.0
3590.001518210139 1.0 0.0 0.0 0.0 0.0 1.0 13.0 0.0
3591.0043793172304 1.0 0.0 0.0 0.0 0.0 1.0 13.0 0.0
3592.0104102616497 1.0 0.0 0.0 0.0 0.0 1.0 13.0 0.0
3593.0014236597017 1.0 0.0 0.0 0.0 0.0 1.0 13.0 0.0
3594.0014817063184 1.0 0.0 0.0 0.0 0.0 1.0 13.0 0.0
3595.0095804407206 1.0 0.0 0.0 0.0 0.0 1.0 13.0 0.0
3596.004065795877 1.0 0.0 0.0 0.0 0.0 1.0 13.0 0.0
3597.0020150004502 1.0 0.0 0.0 0.0 0.0 1.0 13.0 0.0
3598.006365777937 1.0 0.0 0.0 0.0 0.0 1.0 13.0 0.0
3599.012830337576 1.0 0.0 0.0 0.0 0.0 1.0 13.0 0.0
3600.004967799815 1.0 0.0 0.0 0.0 0.0 1.0 13.0 0.0
3601.006970535516 0.9875 0.0 0.012500000000000006 0.0 0.0 1.0 12.6 0.024382716049382715
3602.013792835335 0.22499999999999998 0.0 0.775 0.0 0.0 1.0 12.0125 0.34444444444444444
3603.0074144001983 0.1875 0.0 0.8125 0.0 0.0 1.0 12.0125 0.30092592592592593
3604.013792835335 0.11249999999999999 0.0 0.8875 0.0 0.0 1.0 12.3 0.19722222222222222
3605.001806670166 0.0 0.0 1.0 0.0 0.0 1.0 12.775 0.0
3606.0025384033925 0.0 0.0 1.0 0.0 0.0 1.0 13.0 0.0
3607.013792835335 0.0 0.0 1.0 0.0 0.0 1.0 13.0 0.0
3608.004208206619 0.0 0.0 1.0 0.0 0.0 1.0 13.0 0.0
3609.013792835335 0.0 0.0 1.0 0.0 0.0 1.0 13.0 0.0
3610.013792835335 0.0 0.0 1.0 0.0 0.0 1.0 13.0 0.0
3611.0076788900337 0.0 0.0 1.0 0.0 0.0 1.0 13.0 0.0
3612.0045156595384 0.0 0.0 1.0 0.0 0.0 1.0 13.0 0.0
3613.005943277881 0.0 0.0 1.0 0.0 0.0 1.0 13.0 0.0
3614.013792835335 0.0 0.0 1.0 0.0 0.0 1.0 13.0 0.0
3615.00101626322 0.0 0.0 1.0 0.0 0.0 1.0 13.0 0.0
3616.0013794477927 0.0 0.0 1.0 0.0 0.0 1.0 13.0 0.0
3617.013792835335 0.0 0.0 1.0 0.0 0.0 1.0 13.0 0.0
3618.013792835335 0.0 0.0 1.0 0.0 0.0 1.0 13.0 0.0
3619.013792835335 0.0 0.0 1.0 0.0 0.0 1.0 13.0 0.0
3620.008985983408 0.0 0.0 1.0 0.0 0.0 1.0 13.0 0.0
3621.009854110985 0.0 0.0 1.0 0.0 0.0 1.0 13.0 0.0
3622.002855973331 0.0 0.0 1.0 0.0 0.0 1.0 13.0 0.0
3623.0111430690235 0.0 0.0 1.0 0.0 0.0 1.0 13.0 0.0
3624.001561094497 0.0 0.0 1.0 0.0 0.0 1.0 13.0 0.0
3625.001647589838 0.0 0.0 1.0 0.0 0.0 1.0 13.0 0.0
3626.0085179981834 0.0 0.0 1.0 0.0 0.0 1.0 13.0 0.0
3627.0078385129164 0.0 0.0 1.0 0.0 0.0 1.0 13.0 0.0
3628.013792835335 0.0 0.0 1.0 0.0 0.0 1.0 13.0 0.0
3629.0113253126165 0.0 0.0 1.0 0.0 0.0 1.0 13.0 0.0
3630.013792835335 0.0 0.0 1.0 0.0 0.0 1.0 13.0 0.0
3631.013792835335 0.0 0.0 1.0 0.0 0.0 1.0 13.0 0.0
3632.0091400984406 0.0 0.0 1.0 0.0 0.0 1.0 13.0 0.0
3633.013792835335 0.0 0.0 1.0 0.0 0.0 1.0 13.0 0.0
3634.013792835335 0.0 0.0 1.0 0.0 0.0 1.0 13.0 0.0
3635.004761639901 0.0 0.0 1.0 0.0 0.0 1.0 13.0 0.0
3636.013792835335 0.0 0.0 1.0 0.0 0.0 1.0 13.0 0.0
3637.0037344502357 0.0 0.0 1.0 0.0 0.0 1.0 13.0 0.0
3638.013792835335 0.0 0.0 1.0 0.0 0.0 1.0 13.0 0.0
3639.004558035223 0.0 0.0 1.0 0.0 0.0 1.0 13.0 0.0
3640.0036819551 0.0 0.0 1.0 0.0 0.0 1.0 13.0 0.0
3641.013792835335 0.0 0.0 1.0 0.0 0.0 1.0 13.0 0.0
3642.0000967920373 0.0 0.0 1.0 0.0 0.0 1.0 13.0 0.0
3643.0072948065363 0.0 0.0 1.0 0.0 0.0 1.0 13.0 0.0
3644.013792835335 0.0 0.0 1.0 0.0 0.0 1.0 13.0 0.0
3645.0038119869687 0.0 0.0 1.0 0.0 0.0 1.0 13.0 0.0
3646.011445642338 0.0 0.0 1.0 0.0 0.0 1.0 13.0 0.0
3647.0112758630685 0.0 0.0 1.0 0.0 0.0 1.0 13.0 0.0
3648.004969036804 0.0 0.0 1.0 0.0 0.0 1.0 13.0 0.0
3649.013792835335 0.0 0.0 1.0 0.0 0.0 1.0 13.0 0.0
3650.011389404292 0.0 0.0 1.0 0.0 0.0 1.0 13.0 0.0
3651.013792835335 0.0 0.0 1.0 0.0 0.0 1.0 13.0 0.0
3652.0054749352453 0.0 0.0 1.0 0.0 0.0 1.0 13.0 0.0
3653.0072200438995 0.0 0.0 1.0 0.0 0.0 1.0 13.0 0.0
3654.001192046764 0.0 0.0 1.0 0.0 0.0 1.0 13.0 0.0
3655.0055541342144 0.0 0.0 1.0 0.0 0.0 1.0 13.0 0.0
3656.0001941168343 0.0 0.0 1.0 0.0 0.0 1.0 13.0 0.0
3657.0104404703056 0.0 0.0 1.0 0.0 0.0 1.0 13.0 0.0
3658.003625456241 0.0 0.0 1.0 0.0 0.0 1.0 13.0 0.0
3659.013792835335 0.0 0.0 1.0 0.0 0.0 1.0 13.0 0.0
3660.007270506815 0.0 0.0 1.0 0.0 0.0 1.0 13.0 0.0
3661.013792835335 0.0 0.0 1.0 0.0 0.0 1.0 13.0 0.0
3662.002631846345 0.0 0.0 1.0 0.0 0.0 1.0 13.0 0.0
3663.0020067364844 0.0 0.0 1.0 0.0 0.0 1.0 13.0 0.0
3664.013792835335 0.0 0.0 1.0 0.0 0.0 1.0 13.0 0.0
3665.0047082862125 0.0 0.0 1.0 0.0 0.0 1.0 13.0 0.0
3666.0046124505075 0.0 0.0 1.0 0.0 0.0 1.0 13.0 0.0
3667.013792835335 0.0 0.0 1.0 0.0 0.0 1.0 13.0 0.0
3668.005334354585 0.0 0.0 1.0 0.0 0.0 1.0 13.0 0.0
3669.0124857327114 0.0 0.0 1.0 0.0 0.0 1.0 13.0 0.0
3670.003192670182 0.0 0.0 1.0 0.0 0.0 1.0 13.0 0.0
3671.013792835335 0.0 0.0 1.0 0.0 0.0 1.0 13.0 0.0
3672.0010399180505 0.0 0.0 1.0 0.0 0.0 1.0 13.0 0.0
3673.013792835335 0.0 0.0 1.0 0.0 0.0 1.0 13.0 0.0
3674.008989639037 0.0 0.0 1.0 0.0 0.0 1.0 13.0 0.0
3675.013792835335 0.0 0.0 1.0 0.0 0.0 1.0 13.0 0.0
3676.013792835335 0.0 0.0 1.0 0.0 0.0 1.0 13.0 0.0
3677.013792835335 0.0 0.0 1.0 0.0 0.0 1.0 13.0 0.0
3678.013792835335 0.0 0.0 1.0 0.0 0.0 1.0 13.0 0.0
3679.013792835335 0.0 0.0 1.0 0.0 0.0 1.0 13.0 0.0
3680.013792835335 0.0 0.0 1.0 0.0 0.0 1.0 13.0 0.0
3681.013792835335 0.0 0.0 1.0 0.0 0.0 1.0 13.0 0.0
3682.013792835335 0.0 0.0 1.0 0.0 0.0 1.0 13.0 0.0
3683.0064996705946 0.0 0.0 1.0 0.0 0.0 1.0 13.0 0.0
3684.013792835335 0.0 0.0 1.0 0.0 0.0 1.0 13.0 0.0
3685.013792835335 0.0 0.0 1.0 0.0 0.0 1.0 13.0 0.0
3686.013792835335 0.0 0.0 1.0 0.0 0.0 1.0 13.0 0.0
3687.007492371192 0.0 0.0 1.0 0.0 0.0 1.0 13.0 0.0
3688.013792835335 0.0 0.0 1.0 0.0 0.0 1.0 13.0 0.0
3689.0068702375816 0.0 0.0 1.0 0.0 0.0 1.0 13.0 0.0
3690.013792835335 0.0 0.0 1.0 0.0 0.0 1.0 13.0 0.0
3691.013792835335 0.0 0.0 1.0 0.0 0.0 1.0 13.0 0.0
3692.013792835335 0.0 0.0 1.0 0.0 0.0 1.0 13.0 0.0
3693.006244108794 0.0 0.0 0.9375 0.0625 0.0 0.0 13.0 0.11574074074074074
3694.013792835335 0.0 0.0 0.0625 0.9375 0.0 0.0 13.075 0.11574074074074074
3695.0096355708656 0.0 0.0 0.0 1.0 0.0 0.0 13.95 0.0
3696.013792835335 0.0 0.0 0.0 1.0 0.0 0.0 14.9 0.0
3697.011405909292 0.0 0.0 0.0 1.0 0.0 0.0 15.0 0.0
3698.008709766561 0.0 0.0 0.0 1.0 0.0 0.0 15.0 0.0
3699.013792835335 0.0 0.0 0.0 1.0 0.0 0.0 15.0 0.0
3700.0009253841868 0.0 0.0 0.0 1.0 0.0 0.0 14.7625 0.0
3701.0010279473577 0.0 0.0 0.0 1.0 0.0 0.0 13.6875 0.0
3702.003959915076 0.0 0.0 0.0 1.0 0.0 0.0 12.6125 0.0
3703.00286514129 0.0 0.0 0.0 1.0 0.0 0.0 12.0 0.0
3704.0101538745903 0.0 0.0 0.0 1.0 0.0 0.0 12.0 0.0
3705.0101981814764 0.0 0.0 0.0 1.0 0.0 0.0 12.0 0.0
3706.013792835335 0.0 0.0 0.0 1.0 0.0 0.0 12.0 0.0
3707.0093746961024 0.0 0.0 0.0 1.0 0.0 0.0 12.0 0.0
3708.0015221655785 0.0 0.0 0.0 1.0 0.0 0.0 12.0 0.0
3709.00326732384 0.0 0.0 0.0 1.0 0.0 0.0 12.0 0.0
3710.0116657593658 0.0 0.0 0.0 1.0 0.0 0.0 12.0 0.0
3711.0077251697003 0.0 0.0 0.0 1.0 0.0 0.0 12.0 0.0
3712.008419164239 0.0 0.0 0.0 1.0 0.0 0.0 12.0 0.0
3713.0023610533062 0.0 0.0 0.0 1.0 0.0 0.0 12.0 0.0
3714.001848820035 0.0 0.0 0.0 1.0 0.0 0.0 12.0 0.0
3715.0021950398673 0.0 0.0 0.0 1.0 0.0 0.0 12.0 0.0
3716.0048512633493 0.0 0.0 0.0 1.0 0.0 0.0 12.0 0.0
3717.013792835335 0.0 0.0 0.0 1.0 0.0 0.0 11.9375 0.0
3718.013786543582 0.0 0.0 0.0 1.0 0.0 0.0 10.9 0.0
3719.007257107434 0.0 0.0 0.0 1.0 0.0 0.0 10.0375 0.0
3720.0059362282473 0.0 0.0 0.0 1.0 0.0 0.0 10.0 0.0
3721.002382163437 0.0 0.0 0.0 1.0 0.0 0.0 10.0 0.0
3722.006858824202 0.0 0.0 0.0 1.0 0.0 0.0 10.0 0.0
3723.0052408652623 0.0 0.0 0.0 1.0 0.0 0.0 10.0 0.0
3724.013792835335 0.0 0.0 0.0 1.0 0.0 0.0 10.0 0.0
3725.013792835335 0.0 0.0 0.0 1.0 0.0 0.0 10.0 0.0
3726.0087725170283 0.0 0.0 0.0 1.0 0.0 0.0 10.0 0.0
3727.013792835335 0.0 0.0 0.0 1.0 0.0 0.0 10.0 0.0
3728.0062281175356 0.0 0.0 0.0 1.0 0.0 0.0 10.0 0.0
3729.005306110477 0.0 0.0 0.0 1.0 0.0 0.0 10.0 0.0
3730.0080200429707 0.0 0.0 0.0 1.0 0.0 0.0 10.0 0.0
3731.013792835335 0.0 0.0 0.0 1.0 0.0 0.0 10.0 0.0
3732.00215270257 0.0 0.0 0.0 1.0 0.0 0.0 10.0 0.0
3733.0062075751534 0.0 0.0 0.0 1.0 0.0 0.0 10.0 0.0
3734.013792835335 0.0 0.0 0.0 1.0 0.0 0.0 10.0 0.0
3735.013792835335 0.0 0.0 0.0 1.0 0.0 0.0 10.0 0.0
3736.0041409581895 0.0 0.0 0.0 1.0 0.0 0.0 10.0 0.0
3737.013792835335 0.0 0.0 0.0 1.0 0.0 0.0 10.0 0.0
3738.013792835335 0.0 0.0 0.0 1.0 0.0 0.0 10.0 0.0
3739.013792835335 0.0 0.0 0.0 1.0 0.0 0.0 10.0 0.0
3740.0069916781513 0.0 0.0 0.0 1.0 0.0 0.0 10.0 0.0
3741.013792835335 0.0 0.0 0.0 1.0 0.0 0.0 10.0 0.0
3742.0051269466144 0.0 0.0 0.0 1.0 0.0 0.0 10.0 0.0
3743.013792835335 0.0 0.0 0.0 1.0 0.0 0.0 10.0 0.0
3744.0062465416013 0.0 0.0 0.0 1.0 0.0 0.0 10.0 0.0
3745.0082020382506 0.0 0.0 0.0 1.0 0.0 0.0 10.0 0.0
3746.0102371252697 0.0 0.0 0.0 1.0 0.0 0.0 10.0 0.0
3747.013792835335 0.0 0.0 0.0 1.0 0.0 0.0 10.0 0.0
3748.001009890179 0.0 0.0 0.0 1.0 0.0 0.0 10.0 0.0
3749.013792835335 0.0 0.0 0.0 1.0 0.0 0.0 10.0 0.0
3750.013792835335 0.0 0.0 0.0 1.0 0.0 0.0 10.0 0.0
3751.0118027896524 0.0 0.0 0.0 1.0 0.0 0.0 10.0 0.0
3752.013792835335 0.0 0.0 0.0 1.0 0.0 0.0 10.0 0.0
3753.013792835335 0.0 0.0 0.0 1.0 0.0 0.0 10.0 0.0
3754.0021541964816 0.0 0.0 0.0 1.0 0.0 0.0 10.0 0.0
3755.013792835335 0.0 0.0 0.0 1.0 0.0 0.0 10.0 0.0
3756.013792835335 0.0 0.0 0.0 1.0 0.0 0.0 10.0 0.0
3757.013792835335 0.0 0.0 0.0 1.0 0.0 0.0 10.0 0.0
3758.000519112195 0.0 0.0 0.0 1.0 0.0 0.0 10.0 0.0
3759.0126142352965 0.0 0.0 0.0 1.0 0.0 0.0 10.0 0.0
3760.010654043081 0.0 0.0 0.0 1.0 0.0 0.0 10.0 0.0
3761.012959377626 0.0 0.0 0.0 1.0 0.0 0.0 10.0 0.0
3762.007732391508 0.0 0.0 0.0 1.0 0.0 0.0 10.0 0.0
3763.008291842198 0.0 0.0 0.0 1.0 0.0 0.0 10.0 0.0
3764.013792835335 0.0 0.0 0.0 1.0 0.0 0.0 10.0 0.0
3765.013792835335 0.0 0.0 0.0 1.0 0.0 0.0 10.0 0.0
3766.0075508570258 0.0 0.0 0.0 1.0 0.0 0.0 10.0 0.0
3767.013792835335 0.0 0.0 0.0 1.0 0.0 0.0 10.0 0.0
3768.002407807952 0.0 0.0 0.0 1.0 0.0 0.0 10.0 0.0
3769.0067290466404 0.0 0.0 0.0 1.0 0.0 0.0 10.0 0.0
3770.010512745404 0.0 0.0 0.0 1.0 0.0 0.0 10.0 0.0
3771.0018159426277 0.0 0.0 0.0 1.0 0.0 0.0 10.0 0.0
3772.013792835335 0.0 0.0 0.0 1.0 0.0 0.0 10.0 0.0
3773.000830615949 0.0 0.0 0.0 1.0 0.0 0.0 10.0 0.0
3774.0042042376144 0.0 0.0 0.0 1.0 0.0 0.0 10.0 0.0
3775.013792835335 0.0 0.0 0.0 1.0 0.0 0.0 10.0 0.0
3776.0003595136454 0.0 0.0 0.0 1.0 0.0 0.0 10.0 0.0
3777.000656909649 0.0 0.0 0.0 1.0 0.0 0.0 10.0 0.0
3778.013792835335 0.0 0.0 0.0 1.0 0.0 0.0 10.0 0.0
3779.013792835335 0.0 0.0 0.0 1.0 0.0 0.0 10.0 0.0
3780.001003349957 0.0 0.0 0.0 1.0 0.0 0.0 10.0 0.0
3781.0025113096303 0.0 0.0 0.0 1.0 0.0 0.0 10.0 0.0
3782.011247715317 0.0 0.0 0.0 1.0 0.0 0.0 10.0 0.0
3783.013792835335 0.0 0.0 0.0 1.0 0.0 0.0 10.0 0.0
3784.013792835335 0.0 0.0 0.0 1.0 0.0 0.0 10.0 0.0
3785.000639401637 0.0 0.0 0.0 1.0 0.0 0.0 10.0 0.0
3786.013792835335 0.0 0.0 0.0 1.0 0.0 0.0 10.0 0.0
3787.0081733278566 0.0 0.0 0.0 1.0 0.0 0.0 10.0 0.0
3788.0083396565988 0.0 0.0 0.0 1.0 0.0 0.0 10.0 0.0
3789.013792835335 0.0 0.0 0.0 1.0 0.0 0.0 10.0 0.0
3790.013792835335 0.0 0.0 0.0 1.0 0.0 0.0 10.0 0.0
3791.013792835335 0.0 0.0 0.0 1.0 0.0 0.0 10.0 0.0
3792.013792835335 0.0 0.0 0.0 1.0 0.0 0.0 10.0 0.0
3793.003110812455 0.0 0.0 0.0 1.0 0.0 0.0 10.0 0.0
3794.009306133076 0.0 0.0 0.0 1.0 0.0 0.0 10.0 0.0
3795.010418584696 0.0 0.0 0.0 1.0 0.0 0.0 10.0 0.0
3796.008427328993 0.0 0.0 0.0 1.0 0.0 0.0 10.0 0.0
3797.0024993004395 0.0 0.0 0.0 1.0 0.0 0.0 10.0 0.0
3798.013792835335 0.0 0.0 0.0 1.0 0.0 0.0 10.0 0.0
3799.013792835335 0.0 0.0 0.0 1.0 0.0 0.0 10.0 0.0
3800.004663123779 0.0 0.0 0.0 1.0 0.0 0.0 10.0 0.0
3801.013792835335 0.0 0.0 0.0 1.0 0.0 0.0 10.0 0.0
3802.001273346807 0.0 0.0 0.0 1.0 0.0 0.0 10.0 0.0
3803.00122470245 0.0 0.0 0.0 1.0 0.0 0.0 10.0 0.0
3804.0077809511818 0.0 0.0 0.0 1.0 0.0 0.0 10.0 0.0
3805.0040324259826 0.0 0.0 0.0 1.0 0.0 0.0 10.0 0.0
3806.001888879065 0.0 0.0 0.0 1.0 0.0 0.0 10.0 0.0
3807.013792835335 0.0 0.0 0.0 1.0 0.0 0.0 10.0 0.0
3808.013792835335 0.0 0.0 0.0 1.0 0.0 0.0 10.0 0.0
3809.0048015101956 0.0 0.0 0.0 1.0 0.0 0.0 10.0 0.0
3810.0073724767853 0.0 0.0 0.0 1.0 0.0 0.0 10.0 0.0
3811.0045836615373 0.0 0.0 0.0 1.0 0.0 0.0 10.0 0.0
3812.0080796276593 0.0 0.0 0.0 1.0 0.0 0.0 10.0 0.0
3813.013792835335 0.0 0.0 0.0 1.0 0.0 0.0 10.0 0.0
3814.013792835335 0.0 0.0 0.0 1.0 0.0 0.0 10.0 0.0
3815.013792835335 0.0 0.0 0.0 1.0 0.0 0.0 10.0 0.0
3816.013792835335 0.0 0.0 0.0 1.0 0.0 0.0 10.0 0.0
3817.000424366358 0.0 0.0 0.0 1.0 0.0 0.0 10.0 0.0
3818.013792835335 0.0 0.0 0.0 1.0 0.0 0.0 10.0 0.0
3819.013792835335 0.0 0.0 0.0 1.0 0.0 0.0 10.0 0.0
3820.013792835335 0.0 0.0 0.0 1.0 0.0 0.0 10.0 0.0
3821.0013354660323 0.0 0.0 0.0 1.0 0.0 0.0 10.0 0.0
3822.011371178149 0.0 0.0 0.0 1.0 0.0 0.0 10.0 0.0
3823.01213128402 0.0 0.0 0.0 1.0 0.0 0.0 9.675 0.0
3824.00421016532 0.0 0.0 0.0 1.0 0.0 0.0 8.6375 0.0
3825.013792835335 0.0 0.0 0.0 1.0 0.0 0.0 8.0125 0.0
3826.0109551911182 0.0 0.0 0.0 1.0 0.0 0.0 8.0 0.0
3827.013792835335 0.0 0.0 0.0 1.0 0.0 0.0 8.0 0.0
3828.0055241759 0.0 0.0 0.0 1.0 0.0 0.0 8.0 0.0
3829.00677164541 0.0 0.0 0.0 1.0 0.0 0.0 8.0 0.0
3830.0115670476575 0.0 0.0 0.0 1.0 0.0 0.0 8.0 0.0
3831.013792835335 0.0 0.0 0.0 1.0 0.0 0.0 8.0 0.0
3832.013792835335 0.0 0.0 0.0 1.0 0.0 0.0 8.0 0.0
3833.0023187006163 0.0 0.0 0.0 1.0 0.0 0.0 8.0 0.0
3834.00437405282 0.0 0.0 0.0 1.0 0.0 0.0 8.0 0.0
3835.013792835335 0.0 0.0 0.0 1.0 0.0 0.0 8.0 0.0
3836.001324256721 0.0 0.0 0.0 1.0 0.0 0.0 8.0 0.0
3837.009037008122 0.0 0.0 0.0 1.0 0.0 0.0 8.0 0.0
3838.0137733041825 0.0 0.0 0.0 1.0 0.0 0.0 8.0 0.0
3839.002916649251 0.0 0.0 0.0 1.0 0.0 0.0 8.0 0.0
3840.013792835335 0.0 0.0 0.0 1.0 0.0 0.0 8.0 0.0
3841.013792835335 0.0 0.0 0.0 1.0 0.0 0.0 8.0 0.0
3842.013792835335 0.0 0.0 0.0 1.0 0.0 0.0 8.0 0.0
3843.0036177550055 0.0 0.0 0.0 1.0 0.0 0.0 8.0 0.0
3844.0093353408556 0.0 0.0 0.0 1.0 0.0 0.0 8.0 0.0
3845.0113616656804 0.0 0.0 0.0 1.0 0.0 0.0 8.0 0.0
3846.003591879812 0.0 0.0 0.0 1.0 0.0 0.0 8.0 0.0
3847.0021952238303 0.0 0.0 0.0 1.0 0.0 0.0 8.0 0.0
3848.013792835335 0.0 0.0 0.0 1.0 0.0 0.0 8.0 0.0
3849.013792835335 0.0 0.0 0.0 1.0 0.0 0.0 8.0 0.0
3850.00119367094 0.0 0.0 0.0 1.0 0.0 0.0 8.0 0.0
3851.0026203354473 0.0 0.0 0.0 1.0 0.0 0.0 8.0 0.0
3852.013792835335 0.0 0.0 0.0 1.0 0.0 0.0 8.0 0.0
3853.000487263884 0.0 0.0 0.0 1.0 0.0 0.0 8.0 0.0
3854.0099014948546 0.0 0.0 0.0 1.0 0.0 0.0 8.0 0.0
3855.013792835335 0.0 0.0 0.0 1.0 0.0 0.0 8.0 0.0
3856.013064573312 0.0 0.0 0.0 1.0 0.0 0.0 8.0 0.0
3857.0013026324286 0.0 0.0 0.0 1.0 0.0 0.0 8.0 0.0
3858.013792835335 0.0 0.0 0.0 1.0 0.0 0.0 8.0 0.0
3859.000422932441 0.0 0.0 0.0 1.0 0.0 0.0 8.0 0.0
3860.013792835335 0.0 0.0 0.0 1.0 0.0 0.0 8.0 0.0
3861.011384046149 0.0 0.0 0.0 1.0 0.0 0.0 8.0 0.0
3862.013792835335 0.0 0.0 0.0 1.0 0.0 0.0 8.0 0.0
3863.009283071297 0.0 0.0 0.0 1.0 0.0 0.0 8.0 0.0
3864.012895782252 0.0 0.0 0.0 1.0 0.0 0.0 8.0 0.0
3865.0076656515985 0.0 0.0 0.0 1.0 0.0 0.0 8.0 0.0
3866.0087376397923 0.0 0.0 0.0 1.0 0.0 0.0 8.0 0.0
3867.013792835335 0.0 0.0 0.0 1.0 0.0 0.0 8.0 0.0
3868.013792835335 0.0 0.0 0.0 1.0 0.0 0.0 8.0 0.0
3869.013792835335 0.0 0.0 0.0 1.0 0.0 0.0 8.0 0.0
3870.00843948116 0.0 0.0 0.0 1.0 0.0 0.0 8.0 0.0
3871.007701406882 0.0 0.0 0.0 1.0 0.0 0.0 8.0 0.0
3872.0117409155087 0.0 0.0 0.0 1.0 0.0 0.0 8.0 0.0
3873.013792835335 0.0 0.0 0.0 1.0 0.0 0.0 8.0 0.0
3874.006406137034 0.0 0.0 0.0 1.0 0.0 0.0 8.0 0.0
3875.013792835335 0.0 0.0 0.0 1.0 0.0 0.0 8.0 0.0
3876.013792835335 0.0 0.0 0.0 1.0 0.0 0.0 8.0 0.0
3877.013792835335 0.0 0.0 0.0 1.0 0.0 0.0 8.0 0.0
3878.0024166185344 0.0 0.0 0.0 1.0 0.0 0.0 8.0 0.0
3879.013792835335 0.0 0.0 0.0 1.0 0.0 0.0 8.0 0.0
3880.0107956066213 0.0 0.0 0.0 1.0 0.0 0.0 8.0 0.0
3881.013792835335 0.0 0.0 0.0 1.0 0.0 0.0 8.0 0.0
3882.0117695659656 0.0 0.0 0.0 1.0 0.0 0.0 8.0 0.0
3883.0096742459536 0.0 0.0 0.0 1.0 0.0 0.0 8.0 0.0
3884.013792835335 0.0 0.0 0.0 1.0 0.0 0.0 8.0 0.0
3885.011482426948 0.0 0.0 0.0 1.0 0.0 0.0 8.0 0.0
3886.013792835335 0.0 0.0 0.0 1.0 0.0 0.0 8.0 0.0
3887.001057461351 0.0 0.0 0.0 1.0 0.0 0.0 8.0 0.0
3888.007917478798 0.0 0.0 0.0 1.0 0.0 0.0 8.0 0.0
3889.002438711446 0.0 0.0 0.0 1.0 0.0 0.0 8.0 0.0
3890.013792835335 0.0 0.0 0.0 1.0 0.0 0.0 8.0 0.0
3891.013792835335 0.0 0.0 0.0 1.0 0.0 0.0 8.0 0.0
3892.0077802575547 0.0 0.0 0.0 1.0 0.0 0.0 8.0 0.0
3893.003329113255 0.0 0.0 0.0 1.0 0.0 0.0 8.0 0.0
3894.009146458959 0.0 0.0 0.0 1.0 0.0 0.0 8.0 0.0
3895.0010937200377 0.0 0.0 0.0 1.0 0.0 0.0 8.0 0.0
3896.013792835335 0.0 0.0 0.0 1.0 0.0 0.0 8.0 0.0
3897.007139203811 0.0 0.0 0.0 1.0 0.0 0.0 8.0 0.0
3898.004152955921 0.0 0.0 0.0 1.0 0.0 0.0 8.0 0.0
3899.013792835335 0.0 0.0 0.0 1.0 0.0 0.0 8.0 0.0
3900.004634394201 0.0 0.0 0.0 1.0 0.0 0.0 8.0 0.0
3901.0137247844764 0.0 0.0 0.0 1.0 0.0 0.0 8.0 0.0
3902.007912212075 0.0 0.0 0.0 1.0 0.0 0.0 8.0 0.0
3903.013792835335 0.0 0.0 0.0 1.0 0.0 0.0 8.0 0.0
3904.0026788815085 0.0 0.0 0.0 1.0 0.0 0.0 8.0 0.0
3905.0096089282583 0.0 0.0 0.0 1.0 0.0 0.0 8.0 0.0
3906.0056056889866 0.0 0.0 0.0 1.0 0.0 0.0 8.0 0.0
3907.013792835335 0.0 0.0 0.0 1.0 0.0 0.0 8.0 0.0
3908.0023983692818 0.0 0.0 0.0 1.0 0.0 0.0 8.0 0.0
3909.0129960949407 0.0 0.0 0.0 1.0 0.0 0.0 8.0 0.0
3910.002332587923 0.0 0.0 0.0 1.0 0.0 0.0 8.0 0.0
3911.0111002446283 0.0 0.0 0.0 1.0 0.0 0.0 8.0 0.0
3912.0008234121838 0.0 0.0 0.0 1.0 0.0 0.0 8.0 0.0
3913.013792835335 0.0 0.0 0.0 1.0 0.0 0.0 8.0 0.0
3914.013792835335 0.0 0.0 0.0 1.0 0.0 0.0 8.0 0.0
3915.013792835335 0.0 0.0 0.0 1.0 0.0 0.0 8.0 0.0
3916.0079948429197 0.0 0.0 0.0 1.0 0.0 0.0 8.0 0.0
3917.013792835335 0.0 0.0 0.0 1.0 0.0 0.0 8.0 0.0
3918.013792835335 0.0 0.0 0.0 1.0 0.0 0.0 8.0 0.0
3919.000893883731 0.0 0.0 0.0 1.0 0.0 0.0 8.0 0.0
3920.013792835335 0.0 0.0 0.0 1.0 0.0 0.0 8.0 0.0
3921.013792835335 0.0 0.0 0.0 1.0 0.0 0.0 8.0 0.0
3922.001265648317 0.0 0.0 0.0 1.0 0.0 0.0 8.0 0.0
3923.0022544049316 0.0 0.0 0.0 1.0 0.0 0.0 8.0 0.0
3924.0085192727493 0.0 0.0 0.0 1.0 0.0 0.0 8.0 0.0
3925.013792835335 0.0 0.0 0.0 1.0 0.0 0.0 8.0 0.0
3926.0011596456407 0.0 0.0 0.0 1.0 0.0 0.0 8.0 0.0
3927.000562059658 0.0 0.0 0.0 1.0 0.0 0.0 8.0 0.0
3928.013792835335 0.0 0.0 0.0 1.0 0.0 0.0 8.0 0.0
3929.006929264752 0.0 0.0 0.0 1.0 0.0 0.0 8.0 0.0
3930.01282632497 0.0 0.0 0.0 1.0 0.0 0.0 8.0 0.0
3931.0018731259893 0.0 0.0 0.0 1.0 0.0 0.0 8.0 0.0
3932.013792835335 0.0 0.0 0.0 1.0 0.0 0.0 8.0 0.0
3933.013792835335 0.0 0.0 0.0 1.0 0.0 0.0 8.0 0.0
3934.013792835335 0.0 0.0 0.0 1.0 0.0 0.0 8.0 0.0
3935.013792835335 0.0 0.0 0.0 1.0 0.0 0.0 8.0 0.0
3936.013792835335 0.0 0.0 0.0 1.0 0.0 0.0 8.0 0.0
3937.0087677520282 0.0 0.0 0.0 1.0 0.0 0.0 8.0 0.0
3938.0007107077204 0.0 0.0 0.0 1.0 0.0 0.0 8.0 0.0
3939.013792835335 0.0 0.0 0.0 1.0 0.0 0.0 8.0 0.0
3940.013792835335 0.0 0.0 0.0 1.0 0.0 0.0 8.0 0.0
3941.0083074914214 0.0 0.0 0.0 1.0 0.0 0.0 8.0 0.0
3942.0102737999455 0.0 0.0 0.0 1.0 0.0 0.0 8.0 0.0
3943.013792835335 0.0 0.0 0.0 1.0 0.0 0.0 8.0 0.0
3944.005174616656 0.0 0.0 0.0 1.0 0.0 0.0 8.0 0.0
3945.0034872024867 0.0 0.0 0.0 1.0 0.0 0.0 8.0 0.0
3946.0071387011067 0.0 0.0 0.0 1.0 0.0 0.0 8.0 0.0
3947.0021622232125 0.0 0.0 0.0 1.0 0.0 0.0 8.0 0.0
3948.010209796465 0.0 0.0 0.0 1.0 0.0 0.0 8.0 0.0
3949.013792835335 0.0 0.0 0.0 1.0 0.0 0.0 8.0 0.0
3950.00866388643 0.0 0.0 0.0 1.0 0.0 0.0 8.0 0.0
3951.0022488699897 0.0 0.0 0.0 1.0 0.0 0.0 8.0 0.0
3952.000723562802 0.0 0.0 0.0 1.0 0.0 0.0 8.0 0.0
3953.013792835335 0.0 0.0 0.0 1.0 0.0 0.0 8.0 0.0
3954.013792835335 0.0 0.0 0.0 1.0 0.0 0.0 8.0 0.0
3955.004369093513 0.0 0.0 0.0 1.0 0.0 0.0 8.0 0.0
3956.0005962736677 0.0 0.0 0.0 1.0 0.0 0.0 8.0 0.0
3957.0058117059343 0.0 0.0 0.0 1.0 0.0 0.0 8.0 0.0
3958.012547542676 0.0 0.0 0.0 1.0 0.0 0.0 8.0 0.0
3959.0106159647844 0.0 0.0 0.0 1.0 0.0 0.0 8.0 0.0
3960.0029586192004 0.0 0.0 0.0 1.0 0.0 0.0 8.0 0.0
3961.000332413957 0.0 0.0 0.0 1.0 0.0 0.0 8.0 0.0
3962.002132415178 0.0 0.0 0.0 1.0 0.0 0.0 8.0 0.0
3963.013792835335 0.0 0.0 0.0 1.0 0.0 0.0 8.0 0.0
3964.013792835335 0.0 0.0 0.0 1.0 0.0 0.0 8.0 0.0
3965.000304979316 0.0 0.0 0.0 1.0 0.0 0.0 8.0 0.0
3966.013792835335 0.0 0.0 0.0 1.0 0.0 0.0 8.0 0.0
3967.0021840168674 0.0 0.0 0.0 1.0 0.0 0.0 8.0 0.0
3968.013792835335 0.0 0.0 0.0 1.0 0.0 0.0 8.0 0.0
3969.013792835335 0.0 0.0 0.0 1.0 0.0 0.0 8.0 0.0
3970.0052044644567 0.0 0.0 0.0 1.0 0.0 0.0 8.0 0.0
3971.013792835335 0.0 0.0 0.0 1.0 0.0 0.0 8.0 0.0
3972.0053815547744 0.0 0.0 0.0 1.0 0.0 0.0 8.0 0.0
3973.0071071174234 0.0 0.0 0.0 1.0 0.0 0.0 8.0 0.0
3974.0008795175368 0.0 0.0 0.0 1.0 0.0 0.0 8.0 0.0
3975.008510281967 0.0 0.0 0.0 1.0 0.0 0.0 8.0 0.0
3976.013792835335 0.0 0.0 0.0 1.0 0.0 0.0 8.0 0.0
3977.0004662734073 0.0 0.0 0.0 1.0 0.0 0.0 8.0 0.0
3978.013792835335 0.0 0.0 0.0 1.0 0.0 0.0 8.0 0.0
3979.013792835335 0.0 0.0 0.0 1.0 0.0 0.0 8.0 0.0
3980.013792835335 0.0 0.0 0.0 1.0 0.0 0.0 8.0 0.0
3981.0054555673855 0.0 0.0 0.0 1.0 0.0 0.0 8.0 0.0
3982.013792835335 0.0 0.0 0.0 1.0 0.0 0.0 8.0 0.0
3983.013792835335 0.0 0.0 0.0 1.0 0.0 0.0 8.0 0.0
3984.013792835335 0.0 0.0 0.0 1.0 0.0 0.0 8.0 0.0
3985.013792835335 0.0 0.0 0.0 1.0 0.0 0.0 8.0 0.0
3986.006881841732 0.0 0.0 0.0 1.0 0.0 0.0 8.0 0.0
3987.0027573037587 0.0 0.0 0.0 1.0 0.0 0.0 8.0 0.0
3988.013792835335 0.0 0.0 0.0 1.0 0.0 0.0 8.0 0.0
3989.013792835335 0.0 0.0 0.0 1.0 0.0 0.0 8.0 0.0
3990.0043365377865 0.0 0.0 0.0 1.0 0.0 0.0 8.0 0.0
3991.0000633942714 0.0 0.0 0.0 1.0 0.0 0.0 8.0 0.0
3992.013792835335 0.0 0.0 0.0 1.0 0.0 0.0 8.0 0.0
3993.0084804178473 0.0 0.0 0.0 1.0 0.0 0.0 8.0 0.0
3994.013792835335 0.0 0.0 0.0 1.0 0.0 0.0 8.0 0.0
3995.013792835335 0.0 0.0 0.0 1.0 0.0 0.0 8.0 0.0
3996.013792835335 0.0 0.0 0.0 1.0 0.0 0.0 8.0 0.0
3997.0030118223226 0.0 0.0 0.0 1.0 0.0 0.0 8.0 0.0
3998.013792835335 0.0 0.0 0.0 1.0 0.0 0.0 8.0 0.0
3999.013792835335 0.0 0.0 0.0 1.0 0.0 0.0 8.0 0.0
4000.006661647032 0.0 0.0 0.0 1.0 0.0 0.0 8.0 0.0
4001.013792835335 0.0 0.0 0.0 1.0 0.0 0.0 8.0 0.0
4002.007976015086 0.0 0.0 0.0 1.0 0.0 0.0 8.0 0.0
4003.0012090407213 0.0 0.0 0.0 1.0 0.0 0.0 8.0 0.0
4004.003006515881 0.0 0.0 0.0 1.0 0.0 0.0 8.0 0.0
4005.001898223847 0.0 0.0 0.0 1.0 0.0 0.0 8.0 0.0
4006.0046418535826 0.0 0.0 0.0 1.0 0.0 0.0 8.0 0.0
4007.013792835335 0.0 0.0 0.0 1.0 0.0 0.0 8.0 0.0
4008.013792835335 0.0 0.0 0.0 1.0 0.0 0.0 8.0 0.0
4009.0092984502553 0.0 0.0 0.0 1.0 0.0 0.0 8.0 0.0
4010.0045400673057 0.0 0.0 0.0 1.0 0.0 0.0 8.0 0.0
4011.013792835335 0.0 0.0 0.0 1.0 0.0 0.0 8.0 0.0
4012.006224836616 0.0 0.0 0.0 1.0 0.0 0.0 8.0 0.0
4013.013792835335 0.0 0.0 0.0 1.0 0.0 0.0 8.0 0.0
4014.012895137809 0.0 0.0 0.0 1.0 0.0 0.0 8.0 0.0
4015.005922932174 0.0 0.0 0.0 1.0 0.0 0.0 8.0 0.0
4016.0002370190136 0.0 0.0 0.0 1.0 0.0 0.0 8.0 0.0
4017.0007880909134 0.0 0.0 0.0 1.0 0.0 0.0 8.0 0.0
4018.007708885015 0.0 0.0 0.0 1.0 0.0 0.0 8.0 0.0
4019.013792835335 0.0 0.0 0.0 1.0 0.0 0.0 8.0 0.0
4020.0108197160394 0.0 0.0 0.0 1.0 0.0 0.0 8.0 0.0
4021.000030997192 0.0 0.0 0.0 1.0 0.0 0.0 8.0 0.0
4022.006678149361 0.0 0.0 0.0 1.0 0.0 0.0 8.0 0.0
4023.013792835335 0.0 0.0 0.0 1.0 0.0 0.0 8.0 0.0
4024.013792835335 0.0 0.0 0.0 1.0 0.0 0.0 8.0 0.0
4025.013792835335 0.0 0.0 0.0 1.0 0.0 0.0 8.0 0.0
4026.013792835335 0.0 0.0 0.0 1.0 0.0 0.0 8.0 0.0
4027.010420800323 0.0 0.0 0.0 1.0 0.0 0.0 8.0 0.0
4028.0083720706557 0.0 0.0 0.0 1.0 0.0 0.0 8.0 0.0
4029.001144814779 0.0 0.0 0.0 1.0 0.0 0.0 8.0 0.0
4030.013792835335 0.0 0.0 0.0 1.0 0.0 0.0 8.0 0.0
4031.013792835335 0.0 0.0 0.0 1.0 0.0 0.0 8.0 0.0
4032.001301471939 0.0 0.0 0.0 1.0 0.0 0.0 8.0 0.0
4033.004226672523 0.0 0.0 0.0 1.0 0.0 0.0 8.0 0.0
4034.0129141977827 0.0 0.0 0.0 1.0 0.0 0.0 8.0 0.0
4035.013792835335 0.0 0.0 0.0 1.0 0.0 0.0 8.0 0.0
4036.001174318168 0.0 0.0 0.0 1.0 0.0 0.0 8.0 0.0
4037.0065114751696 0.0 0.0 0.0 1.0 0.0 0.0 8.0 0.0
4038.0063908626666 0.0 0.0 0.0 1.0 0.0 0.0 8.0 0.0
4039.0099985858756 0.0 0.0 0.0 1.0 0.0 0.0 8.0 0.0
4040.0022988844453 0.0 0.0 0.0 1.0 0.0 0.0 8.0 0.0
4041.00674449212 0.0 0.0 0.0 1.0 0.0 0.0 8.0 0.0
4042.0035810548156 0.0 0.0 0.0 1.0 0.0 0.0 8.0 0.0
4043.004821499626 0.0 0.0 0.0 1.0 0.0 0.0 8.0 0.0
4044.013792835335 0.0 0.0 0.0 1.0 0.0 0.0 8.0 0.0
4045.000717274336 0.0 0.0 0.0 1.0 0.0 0.0 8.0 0.0
4046.013792835335 0.0 0.0 0.0 1.0 0.0 0.0 8.0 0.0
4047.0019699119043 0.0 0.0 0.0 1.0 0.0 0.0 8.0 0.0
4048.013792835335 0.0 0.0 0.0 1.0 0.0 0.0 8.0 0.0
4049.013792835335 0.0 0.0 0.0 1.0 0.0 0.0 8.0 0.0
4050.013792835335 0.0 0.0 0.0 1.0 0.0 0.0 8.0 0.0
4051.0103356495433 0.0 0.0 0.0 1.0 0.0 0.0 8.0 0.0
4052.010363951095 0.0 0.0 0.0 1.0 0.0 0.0 8.0 0.0
4053.013792835335 0.0 0.0 0.0 1.0 0.0 0.0 8.0 0.0
4054.010989197565 0.0 0.0 0.0 1.0 0.0 0.0 8.0 0.0
4055.0076515974047 0.0 0.0 0.0 1.0 0.0 0.0 8.0 0.0
4056.0045727959264 0.0 0.0 0.0 1.0 0.0 0.0 8.0 0.0
4057.0077630076744 0.0 0.0 0.0 1.0 0.0 0.0 8.0 0.0
4058.0020454698006 0.0 0.0 0.0 1.0 0.0 0.0 8.0 0.0
4059.0013929879947 0.0 0.0 0.0 1.0 0.0 0.0 8.0 0.0
4060.013792835335 0.0 0.0 0.0 1.0 0.0 0.0 8.0 0.0
4061.003741266388 0.0 0.0 0.0 1.0 0.0 0.0 8.0 0.0
4062.013792835335 0.0 0.0 0.0 1.0 0.0 0.0 8.0 0.0
4063.0096719059816 0.0 0.0 0.0 1.0 0.0 0.0 8.0 0.0
4064.011882074577 0.0 0.0 0.0 1.0 0.0 0.0 8.0 0.0
4065.0028884940098 0.0 0.0 0.0 1.0 0.0 0.0 8.0 0.0
4066.000478011943 0.0 0.0 0.0 1.0 0.0 0.0 8.0 0.0
4067.013792835335 0.0 0.0 0.0 1.0 0.0 0.0 8.0 0.0
4068.0012970008215 0.0 0.0 0.0 1.0 0.0 0.0 8.0 0.0
4069.013792835335 0.0 0.0 0.0 1.0 0.0 0.0 8.0 0.0
4070.0024335603916 0.0 0.0 0.0 1.0 0.0 0.0 8.0 0.0
4071.013792835335 0.0 0.0 0.0 1.0 0.0 0.0 8.0 0.0
4072.0072883575735 0.0 0.0 0.0 1.0 0.0 0.0 8.0 0.0
4073.013792835335 0.0 0.0 0.0 1.0 0.0 0.0 8.0 0.0
4074.0113902742733 0.0 0.0 0.0 1.0 0.0 0.0 8.0 0.0
4075.005868447683 0.0 0.0 0.0 1.0 0.0 0.0 8.0 0.0
4076.0054125013107 0.0 0.0 0.0 1.0 0.0 0.0 8.0 0.0
4077.0074109957386 0.0 0.0 0.0 1.0 0.0 0.0 8.0 0.0
4078.0000805652494 0.0 0.0 0.0 1.0 0.0 0.0 8.0 0.0
4079.0099256442613 0.0 0.0 0.0 1.0 0.0 0.0 8.0 0.0
4080.0062006438693 0.0 0.0 0.0 1.0 0.0 0.0 8.0 0.0
4081.013792835335 0.0 0.0 0.0 1.0 0.0 0.0 8.0 0.0
4082.013792835335 0.0 0.0 0.0 1.0 0.0 0.0 8.0 0.0
4083.0003694991256 0.0 0.0 0.0 1.0 0.0 0.0 8.0 0.0
4084.0018354784024 0.0 0.0 0.0 1.0 0.0 0.0 8.0 0.0
4085.013792835335 0.0 0.0 0.0 1.0 0.0 0.0 8.0 0.0
4086.000061787833 0.0 0.0 0.0 1.0 0.0 0.0 8.0 0.0
4087.013792835335 0.0 0.0 0.0 1.0 0.0 0.0 8.0 0.0
4088.013792835335 0.0 0.0 0.0 1.0 0.0 0.0 8.0 0.0
4089.001923767317 0.0 0.0 0.0 1.0 0.0 0.0 8.0 0.0
4090.0060588600763 0.0 0.0 0.0 1.0 0.0 0.0 8.0 0.0
4091.011509997472 0.0 0.0 0.0 1.0 0.0 0.0 8.0 0.0
4092.013792835335 0.0 0.0 0.0 1.0 0.0 0.0 8.0 0.0
4093.0015769214856 0.0 0.0 0.0 1.0 0.0 0.0 8.0 0.0
4094.009227186453 0.0 0.0 0.0 1.0 0.0 0.0 8.0 0.0
4095.013792835335 0.0 0.0 0.0 1.0 0.0 0.0 8.0 0.0
4096.001555560739 0.0 0.0 0.0 1.0 0.0 0.0 8.0 0.0
4097.007593083409 0.0 0.0 0.0 1.0 0.0 0.0 8.0 0.0
4098.004555778695 0.0 0.0 0.0 1.0 0.0 0.0 8.0 0.0
4099.013792835335 0.0 0.0 0.0 1.0 0.0 0.0 8.0 0.0
4100.013792835335 0.0 0.0 0.0 1.0 0.0 0.0 8.0 0.0
4101.013792835335 0.0 0.0 0.0 1.0 0.0 0.0 8.0 0.0
4102.0039653139675 0.0 0.0 0.0 1.0 0.0 0.0 8.0 0.0
4103.013792835335 0.0 0.0 0.0 1.0 0.0 0.0 8.0 0.0
4104.013792835335 0.0 0.0 0.0 1.0 0.0 0.0 8.0 0.0
4105.005813563176 0.0 0.0 0.0 1.0 0.0 0.0 8.0 0.0
4106.004756507567 0.0 0.0 0.0 1.0 0.0 0.0 8.0 0.0
4107.013792835335 0.0 0.0 0.0 1.0 0.0 0.0 8.0 0.0
4108.00383064864 0.0 0.0 0.0 1.0 0.0 0.0 8.0 0.0
4109.011857745563 0.0 0.0 0.0 1.0 0.0 0.0 8.0 0.0
4110.013792835335 0.0 0.0 0.0 1.0 0.0 0.0 8.0 0.0
4111.003842854082 0.0 0.0 0.0 1.0 0.0 0.0 8.0 0.0
4112.013792835335 0.0 0.0 0.0 1.0 0.0 0.0 8.0 0.0
4113.002559177343 0.0 0.0 0.0 1.0 0.0 0.0 8.0 0.0
4114.013792835335 0.0 0.0 0.0 1.0 0.0 0.0 8.0 0.0
4115.013792835335 0.0 0.0 0.0 1.0 0.0 0.0 8.0 0.0
4116.008863840605 0.0 0.0 0.0 1.0 0.0 0.0 8.0 0.0
4117.008978658916 0.0 0.0 0.0 1.0 0.0 0.0 8.0 0.0
4118.007516344161 0.0 0.0 0.0 1.0 0.0 0.0 8.0 0.0
4119.013792835335 0.0 0.0 0.0 1.0 0.0 0.0 8.0 0.0
4120.013792835335 0.0 0.0 0.0 1.0 0.0 0.0 8.0 0.0
4121.012814331667 0.0 0.0 0.0 1.0 0.0 0.0 8.0 0.0
4122.0009316840815 0.0 0.0 0.0 1.0 0.0 0.0 8.0 0.0
4123.01209308033 0.0 0.0 0.0 1.0 0.0 0.0 8.0 0.0
4124.013792835335 0.0 0.0 0.0 1.0 0.0 0.0 8.0 0.0
4125.013792835335 0.0 0.0 0.0 1.0 0.0 0.0 8.0 0.0
4126.013792835335 0.0 0.0 0.0 1.0 0.0 0.0 8.0 0.0
4127.01076784576 0.0 0.0 0.0 1.0 0.0 0.0 8.0 0.0
4128.011859939487 0.0 0.0 0.0 1.0 0.0 0.0 8.0 0.0
4129.005015741827 0.0 0.0 0.0 1.0 0.0 0.0 8.0 0.0
4130.013792835335 0.0 0.0 0.0 1.0 0.0 0.0 8.0 0.0
4131.013792835335 0.0 0.0 0.0 1.0 0.0 0.0 8.0 0.0
4132.013191711429 0.0 0.0 0.0 1.0 0.0 0.0 8.0 0.0
4133.000876284119 0.0 0.0 0.0 1.0 0.0 0.0 8.0 0.0
4134.013792835335 0.0 0.0 0.0 1.0 0.0 0.0 8.0 0.0
4135.000657258625 0.0 0.0 0.0 1.0 0.0 0.0 8.0 0.0
4136.013792835335 0.0 0.0 0.0 1.0 0.0 0.0 8.0 0.0
4137.013792835335 0.0 0.0 0.0 1.0 0.0 0.0 8.0 0.0
4138.013792835335 0.0 0.0 0.0 1.0 0.0 0.0 8.0 0.0
4139.001967358815 0.0 0.0 0.0 1.0 0.0 0.0 8.0 0.0
4140.012016188427 0.0 0.0 0.0 1.0 0.0 0.0 8.0 0.0
4141.006086740339 0.0 0.0 0.0 1.0 0.0 0.0 8.0 0.0
4142.003776228001 0.0 0.0 0.0 1.0 0.0 0.0 8.0 0.0
4143.013792835335 0.0 0.0 0.0 1.0 0.0 0.0 8.0 0.0
4144.013792835335 0.0 0.0 0.0 1.0 0.0 0.0 8.0 0.0
4145.013792835335 0.0 0.0 0.0 1.0 0.0 0.0 8.0 0.0
4146.003712173633 0.0 0.0 0.0 1.0 0.0 0.0 8.0 0.0
4147.005309614693 0.0 0.0 0.0 1.0 0.0 0.0 8.0 0.0
4148.0090013843965 0.0 0.0 0.0 1.0 0.0 0.0 8.0 0.0
4149.002633808932 0.0 0.0 0.0 1.0 0.0 0.0 8.0 0.0
4150.004859656341 0.0 0.0 0.0 1.0 0.0 0.0 8.0 0.0
4151.003570692468 0.0 0.0 0.0 1.0 0.0 0.0 8.0 0.0
4152.013792835335 0.0 0.0 0.0 1.0 0.0 0.0 8.0 0.0
4153.013792835335 0.0 0.0 0.0 1.0 0.0 0.0 8.0 0.0
4154.013792835335 0.0 0.0 0.0 1.0 0.0 0.0 8.0 0.0
4155.013792835335 0.0 0.0 0.0 1.0 0.0 0.0 8.0 0.0
4156.013792835335 0.0 0.0 0.0 1.0 0.0 0.0 8.0 0.0
4157.005542303783 0.0 0.0 0.0 1.0 0.0 0.0 8.0 0.0
4158.004948305829 0.0 0.0 0.0 1.0 0.0 0.0 8.0 0.0
4159.007880499057 0.0 0.0 0.0 1.0 0.0 0.0 8.0 0.0
4160.0028818515275 0.0 0.0 0.0 1.0 0.0 0.0 8.0 0.0
4161.007644398066 0.0 0.0 0.0 1.0 0.0 0.0 8.0 0.0
4162.013792835335 0.0 0.0 0.0 1.0 0.0 0.0 8.0 0.0
4163.00867281356 0.0 0.0 0.0 1.0 0.0 0.0 8.0 0.0
4164.013792835335 0.0 0.0 0.0 1.0 0.0 0.0 8.0 0.0
4165.013792835335 0.0 0.0 0.0 1.0 0.0 0.0 8.0 0.0
4166.006232140682 0.0 0.0 0.0 1.0 0.0 0.0 8.0 0.0
4167.007847474848 0.0 0.0 0.0 1.0 0.0 0.0 8.0 0.0
4168.013792835335 0.0 0.0 0.0 1.0 0.0 0.0 8.0 0.0
4169.013792835335 0.0 0.0 0.0 1.0 0.0 0.0 8.0 0.0
4170.0058476180375 0.0 0.0 0.0 1.0 0.0 0.0 8.0 0.0
4171.006189441556 0.0 0.0 0.0 1.0 0.0 0.0 8.0 0.0
4172.013792835335 0.0 0.0 0.0 1.0 0.0 0.0 8.0 0.0
4173.00261063143 0.0 0.0 0.0 1.0 0.0 0.0 8.0 0.0
4174.013792835335 0.0 0.0 0.0 1.0 0.0 0.0 8.0 0.0
4175.011790904458 0.0 0.0 0.0 1.0 0.0 0.0 8.0 0.0
4176.00053437169 0.0 0.0 0.0 1.0 0.0 0.0 8.0 0.0
4177.002282686571 0.0 0.0 0.0 1.0 0.0 0.0 8.0 0.0
4178.013792835335 0.0 0.0 0.0 1.0 0.0 0.0 8.0 0.0
4179.013792835335 0.0 0.0 0.0 1.0 0.0 0.0 8.0 0.0
4180.001597461912 0.0 0.0 0.0 1.0 0.0 0.0 8.0 0.0
4181.003022945489 0.0 0.0 0.0 1.0 0.0 0.0 8.0 0.0
4182.005703110141 0.0 0.0 0.0 1.0 0.0 0.0 8.0 0.0
4183.009380800141 0.0 0.0 0.0 1.0 0.0 0.0 8.0 0.0
4184.013792835335 0.0 0.0 0.0 1.0 0.0 0.0 8.0 0.0
4185.000228449557 0.0 0.0 0.0 1.0 0.0 0.0 8.0 0.0
4186.013792835335 0.0 0.0 0.0 1.0 0.0 0.0 8.0 0.0
4187.0107039186405 0.0 0.0 0.0 1.0 0.0 0.0 8.0 0.0
4188.013792835335 0.0 0.0 0.0 1.0 0.0 0.0 8.0 0.0
4189.002389149572 0.0 0.0 0.0 1.0 0.0 0.0 8.0 0.0
4190.009180495457 0.0 0.0 0.0 1.0 0.0 0.0 8.0 0.0
4191.013792835335 0.0 0.0 0.0 1.0 0.0 0.0 8.0 0.0
4192.003850584716 0.0 0.0 0.0 1.0 0.0 0.0 8.0 0.0
4193.006870771899 0.0 0.0 0.0 1.0 0.0 0.0 8.0 0.0
4194.003742982016 0.0 0.0 0.0 1.0 0.0 0.0 8.0 0.0
4195.002110331909 0.0 0.0 0.0 1.0 0.0 0.0 8.0 0.0
4196.0131904563605 0.0 0.0 0.0 1.0 0.0 0.0 8.0 0.0
4197.013792835335 0.0 0.0 0.0 1.0 0.0 0.0 8.0 0.0
4198.002295717977 0.0 0.0 0.0 1.0 0.0 0.0 8.0 0.0
4199.013792835335 0.0 0.0 0.0 1.0 0.0 0.0 8.0 0.0
4200.0001408652715 0.0 0.0 0.0 1.0 0.0 0.0 8.0 0.0
4201.000339812886 0.0 0.0 0.0 1.0 0.0 0.0 8.0 0.0
4202.000111187164 0.0 0.0 0.0 1.0 0.0 0.0 8.0 0.0
4203.013338322934 0.0 0.0 0.0 1.0 0.0 0.0 8.0 0.0
4204.0007666209 0.0 0.0 0.0 1.0 0.0 0.0 8.0 0.0
4205.0073613690665 0.0 0.0 0.0 1.0 0.0 0.0 8.0 0.0
4206.013792835335 0.0 0.0 0.0 1.0 0.0 0.0 8.0 0.0
4207.013792835335 0.0 0.0 0.0 1.0 0.0 0.0 8.0 0.0
4208.009864878468 0.0 0.0 0.0 1.0 0.0 0.0 8.0 0.0
4209.010020365514 0.0 0.0 0.0 1.0 0.0 0.0 8.0 0.0
4210.013792835335 0.0 0.0 0.0 1.0 0.0 0.0 8.0 0.0
4211.001366201358 0.0 0.0 0.0 1.0 0.0 0.0 8.0 0.0
4212.012455928587 0.0 0.0 0.0 1.0 0.0 0.0 8.0 0.0
4213.013792835335 0.0 0.0 0.0 1.0 0.0 0.0 8.0 0.0
4214.001820151713 0.0 0.0 0.0 1.0 0.0 0.0 8.0 0.0
4215.013792835335 0.0 0.0 0.0 1.0 0.0 0.0 8.0 0.0
4216.002423991484 0.0 0.0 0.0 1.0 0.0 0.0 8.0 0.0
4217.013792835335 0.0 0.0 0.0 1.0 0.0 0.0 8.0 0.0
4218.013403215695 0.0 0.0 0.0 1.0 0.0 0.0 8.0 0.0
4219.013792835335 0.0 0.0 0.0 1.0 0.0 0.0 8.0 0.0
4220.001388726178 0.0 0.0 0.0 1.0 0.0 0.0 8.0 0.0
4221.00581376073 0.0 0.0 0.0 1.0 0.0 0.0 8.0 0.0
4222.013792835335 0.0 0.0 0.0 1.0 0.0 0.0 8.0 0.0
4223.013792835335 0.0 0.0 0.0 1.0 0.0 0.0 8.0 0.0
4224.007493300264 0.0 0.0 0.0 1.0 0.0 0.0 8.0 0.0
4225.007982999597 0.0 0.0 0.0 1.0 0.0 0.0 8.0 0.0
4226.003109889173 0.0 0.0 0.0 1.0 0.0 0.0 8.0 0.0
4227.007157432684 0.0 0.0 0.0 1.0 0.0 0.0 8.0 0.0
4228.002996930339 0.0 0.0 0.0 1.0 0.0 0.0 8.0 0.0
4229.006654202697 0.0 0.0 0.0 1.0 0.0 0.0 8.0 0.0
4230.01343494247 0.0 0.0 0.0 1.0 0.0 0.0 8.0 0.0
4231.001948862482 0.0 0.0 0.0 1.0 0.0 0.0 8.0 0.0
4232.009899314762 0.0 0.0 0.0 1.0 0.0 0.0 8.0 0.0
4233.001339545112 0.0 0.0 0.0 1.0 0.0 0.0 8.0 0.0
4234.004376019076 0.0 0.0 0.0 1.0 0.0 0.0 8.0 0.0
4235.013792835335 0.0 0.0 0.0 1.0 0.0 0.0 8.0 0.0
4236.011102958252 0.0 0.0 0.0 1.0 0.0 0.0 8.0 0.0
4237.002247420831 0.0 0.0 0.0 1.0 0.0 0.0 8.0 0.0
4238.011490910484 0.0 0.0 0.0 1.0 0.0 0.0 8.0 0.0
4239.006274667019 0.0 0.0 0.0 1.0 0.0 0.0 8.0 0.0
4240.009540520694 0.0 0.0 0.0 1.0 0.0 0.0 8.0 0.0
4241.013792835335 0.0 0.0 0.0 1.0 0.0 0.0 8.0 0.0
4242.007766445297 0.0 0.0 0.0 1.0 0.0 0.0 8.0 0.0
4243.001134991058 0.0 0.0 0.0 1.0 0.0 0.0 8.0 0.0
4244.013792835335 0.0 0.0 0.0 1.0 0.0 0.0 8.0 0.0
4245.003909718516 0.0 0.0 0.0 1.0 0.0 0.0 8.0 0.0
4246.000942812089 0.0 0.0 0.0 1.0 0.0 0.0 8.0 0.0
4247.000423055303 0.0 0.0 0.0 1.0 0.0 0.0 8.0 0.0
4248.000778766238 0.0 0.0 0.0 1.0 0.0 0.0 8.0 0.0
4249.013792835335 0.0 0.0 0.0 1.0 0.0 0.0 8.0 0.0
4250.005771397722 0.0 0.0 0.0 1.0 0.0 0.0 8.0 0.0
4251.013792835335 0.0 0.0 0.0 1.0 0.0 0.0 8.0 0.0
4252.0136865111845 0.0 0.0 0.0 1.0 0.0 0.0 8.0 0.0
4253.013792835335 0.0 0.0 0.0 1.0 0.0 0.0 8.0 0.0
4254.013792835335 0.0 0.0 0.0 1.0 0.0 0.0 8.0 0.0
4255.007921585638 0.0 0.0 0.0 1.0 0.0 0.0 8.0 0.0
4256.013792835335 0.0 0.0 0.0 1.0 0.0 0.0 8.0 0.0
4257.013792835335 0.0 0.0 0.0 1.0 0.0 0.0 8.0 0.0
4258.013792835335 0.0 0.0 0.0 1.0 0.0 0.0 8.0 0.0
4259.007954027867 0.0 0.0 0.0 1.0 0.0 0.0 8.0 0.0
4260.013792835335 0.0 0.0 0.0 1.0 0.0 0.0 8.0 0.0
4261.004790841036 0.0 0.0 0.0 1.0 0.0 0.0 8.0 0.0
4262.013792835335 0.0 0.0 0.0 1.0 0.0 0.0 8.0 0.0
4263.013792835335 0.0 0.0 0.0 1.0 0.0 0.0 8.0 0.0
4264.001081394393 0.0 0.0 0.0 1.0 0.0 0.0 8.0 0.0
4265.013792835335 0.0 0.0 0.0 1.0 0.0 0.0 8.0 0.0
4266.013792835335 0.0 0.0 0.0 1.0 0.0 0.0 8.0 0.0
4267.013792835335 0.0 0.0 0.0 1.0 0.0 0.0 8.0 0.0
4268.010941724115 0.0 0.0 0.0 1.0 0.0 0.0 8.0 0.0
4269.002087206602 0.0 0.0 0.0 1.0 0.0 0.0 8.0 0.0
4270.013792835335 0.0 0.0 0.0 1.0 0.0 0.0 8.0 0.0
4271.002472749271 0.0 0.0 0.0 1.0 0.0 0.0 8.0 0.0
4272.000752862787 0.0 0.0 0.0 1.0 0.0 0.0 8.0 0.0
4273.013792835335 0.0 0.0 0.0 1.0 0.0 0.0 8.0 0.0
4274.008091108904 0.0 0.0 0.0 1.0 0.0 0.0 8.0 0.0
4275.000517551923 0.0 0.0 0.0 1.0 0.0 0.0 8.0 0.0
4276.00390549549 0.0 0.0 0.0 1.0 0.0 0.0 8.0 0.0
4277.013066912562 0.0 0.0 0.0 1.0 0.0 0.0 8.0 0.0
4278.013792835335 0.0 0.0 0.0 1.0 0.0 0.0 8.0 0.0
4279.0048367938225 0.0 0.0 0.0 1.0 0.0 0.0 8.0 0.0
4280.000978786779 0.0 0.0 0.0 1.0 0.0 0.0 8.0 0.0
4281.005058085676 0.0 0.0 0.0 1.0 0.0 0.0 8.0 0.0
4282.0018065474005 0.0 0.0 0.0 1.0 0.0 0.0 8.0 0.0
4283.008893032935 0.0 0.0 0.0 1.0 0.0 0.0 8.0 0.0
4284.013792835335 0.0 0.0 0.0 1.0 0.0 0.0 8.0 0.0
4285.000515214869 0.0 0.0 0.0 1.0 0.0 0.0 8.0 0.0
4286.013792835335 0.0 0.0 0.0 1.0 0.0 0.0 8.0 0.0
4287.010687955351 0.0 0.0 0.0 1.0 0.0 0.0 8.0 0.0
4288.000920024008 0.0 0.0 0.0 1.0 0.0 0.0 8.0 0.0
4289.004460725928 0.0 0.0 0.0 1.0 0.0 0.0 8.0 0.0
4290.013792835335 0.0 0.0 0.0 1.0 0.0 0.0 8.0 0.0
4291.009402182882 0.0 0.0 0.0 1.0 0.0 0.0 8.0 0.0
4292.007523619425 0.0 0.0 0.0 1.0 0.0 0.0 8.0 0.0
4293.002543756558 0.0 0.0 0.0 1.0 0.0 0.0 8.0 0.0
4294.013792835335 0.0 0.0 0.0 1.0 0.0 0.0 8.0 0.0
4295.002794937029 0.0 0.0 0.0 1.0 0.0 0.0 8.0 0.0
4296.002228803946 0.0 0.0 0.0 1.0 0.0 0.0 8.0 0.0
4297.006432677017 0.0 0.0 0.0 1.0 0.0 0.0 8.0 0.0
4298.013792835335 0.0 0.0 0.0 1.0 0.0 0.0 8.0 0.0
4299.013792835335 0.0 0.0 0.0 1.0 0.0 0.0 8.0 0.0
4300.004842831022 0.0 0.0 0.0 1.0 0.0 0.0 8.0 0.0
4301.013792835335 0.0 0.0 0.0 1.0 0.0 0.0 8.0 0.0
4302.004880883361 0.0 0.0 0.0 1.0 0.0 0.0 8.0 0.0
4303.004361457252 0.0 0.0 0.0 1.0 0.0 0.0 8.0 0.0
4304.009658905413 0.0 0.0 0.0 1.0 0.0 0.0 8.0 0.0
4305.011041292952 0.0 0.0 0.0 1.0 0.0 0.0 8.0 0.0
4306.006701326494 0.0 0.0 0.0 1.0 0.0 0.0 8.0 0.0
4307.013792835335 0.0 0.0 0.0 1.0 0.0 0.0 8.0 0.0
4308.013792835335 0.0 0.0 0.0 1.0 0.0 0.0 8.0 0.0
4309.013792835335 0.0 0.0 0.0 1.0 0.0 0.0 8.0 0.0
4310.013792835335 0.0 0.0 0.0 1.0 0.0 0.0 8.0 0.0
4311.011244034682 0.0 0.0 0.0 1.0 0.0 0.0 8.0 0.0
4312.001807550468 0.0 0.0 0.0 1.0 0.0 0.0 8.0 0.0
4313.0043563912095 0.0 0.0 0.0 1.0 0.0 0.0 8.0 0.0
4314.013792835335 0.0 0.0 0.0 1.0 0.0 0.0 8.0 0.0
4315.0001213260675 0.0 0.0 0.0 1.0 0.0 0.0 8.0 0.0
4316.000040975831 0.0 0.0 0.0 1.0 0.0 0.0 8.0 0.0
4317.001490299846 0.0 0.0 0.0 1.0 0.0 0.0 8.0 0.0
4318.006695502586 0.0 0.0 0.0 1.0 0.0 0.0 8.0 0.0
4319.013792835335 0.0 0.0 0.0 1.0 0.0 0.0 8.0 0.0
4320.006999024179 0.0 0.0 0.0 1.0 0.0 0.0 8.0 0.0
4321.011653844679 0.0 0.0 0.0 1.0 0.0 0.0 8.0 0.0
4322.012990983405 0.0 0.0 0.0 1.0 0.0 0.0 8.0 0.0
4323.013437447004 0.0 0.0 0.0 1.0 0.0 0.0 8.0 0.0
4324.008192628288 0.0 0.0 0.0 1.0 0.0 0.0 8.0 0.0
4325.005008401586 0.0 0.0 0.0 1.0 0.0 0.0 8.0 0.0
4326.000676600617 0.0 0.0 0.0 1.0 0.0 0.0 8.0 0.0
4327.013792835335 0.0 0.0 0.0 1.0 0.0 0.0 8.0 0.0
4328.013792835335 0.0 0.0 0.0 1.0 0.0 0.0 8.0 0.0
4329.013792835335 0.0 0.0 0.0 1.0 0.0 0.0 8.0 0.0
4330.0020352128795 0.0 0.0 0.0 1.0 0.0 0.0 8.0 0.0
4331.001815529843 0.0 0.0 0.0 1.0 0.0 0.0 8.0 0.0
4332.013792835335 0.0 0.0 0.0 1.0 0.0 0.0 8.0 0.0
4333.010366223119 0.0 0.0 0.0 1.0 0.0 0.0 8.0 0.0
4334.006570946856 0.0 0.0 0.0 1.0 0.0 0.0 8.0 0.0
4335.006978299269 0.0 0.0 0.0 1.0 0.0 0.0 8.0 0.0
4336.011470665883 0.0 0.0 0.0 1.0 0.0 0.0 8.0 0.0
4337.013792835335 0.0 0.0 0.0 1.0 0.0 0.0 8.0 0.0
4338.001446208883 0.0 0.0 0.0 1.0 0.0 0.0 8.0 0.0
4339.009181841814 0.0 0.0 0.0 1.0 0.0 0.0 8.0 0.0
4340.001395583568 0.0 0.0 0.0 1.0 0.0 0.0 8.0 0.0
4341.001640445181 0.0 0.0 0.0 1.0 0.0 0.0 8.0 0.0
4342.005716446177 0.0 0.0 0.0 1.0 0.0 0.0 8.0 0.0
4343.007481538622 0.0 0.0 0.0 1.0 0.0 0.0 8.0 0.0
4344.003984075638 0.0 0.0 0.0 1.0 0.0 0.0 8.0 0.0
4345.013792835335 0.0 0.0 0.0 1.0 0.0 0.0 8.0 0.0
4346.013792835335 0.0 0.0 0.0 1.0 0.0 0.0 8.0 0.0
4347.013792835335 0.0 0.0 0.0 1.0 0.0 0.0 8.0 0.0
4348.013792835335 0.0 0.0 0.0 1.0 0.0 0.0 8.0 0.0
4349.013792835335 0.0 0.0 0.0 1.0 0.0 0.0 8.0 0.0
4350.013792835335 0.0 0.0 0.0 1.0 0.0 0.0 8.0 0.0
4351.0115983105325 0.0 0.0 0.0 1.0 0.0 0.0 8.0 0.0
4352.000945092679 0.0 0.0 0.0 1.0 0.0 0.0 8.0 0.0
4353.013792835335 0.0 0.0 0.0 1.0 0.0 0.0 8.0 0.0
4354.013792835335 0.0 0.0 0.0 1.0 0.0 0.0 8.0 0.0
4355.012715493131 0.0 0.0 0.0 1.0 0.0 0.0 8.0 0.0
4356.001740397259 0.0 0.0 0.0 1.0 0.0 0.0 8.0 0.0
4357.003209571993 0.0 0.0 0.0 1.0 0.0 0.0 8.0 0.0
4358.013792835335 0.0 0.0 0.0 1.0 0.0 0.0 8.0 0.0
4359.003619726752 0.0 0.0 0.0 1.0 0.0 0.0 8.0 0.0
4360.002813126106 0.0 0.0 0.0 1.0 0.0 0.0 8.0 0.0
4361.013792835335 0.0 0.0 0.0 1.0 0.0 0.0 8.0 0.0
4362.013792835335 0.0 0.0 0.0 1.0 0.0 0.0 8.0 0.0
4363.005652425422 0.0 0.0 0.0 1.0 0.0 0.0 8.0 0.0
4364.013792835335 0.0 0.0 0.0 1.0 0.0 0.0 8.0 0.0
4365.013792835335 0.0 0.0 0.0 1.0 0.0 0.0 8.0 0.0
4366.011780908865 0.0 0.0 0.0 1.0 0.0 0.0 8.0 0.0
4367.013792835335 0.0 0.0 0.0 1.0 0.0 0.0 8.0 0.0
4368.013792835335 0.0 0.0 0.0 1.0 0.0 0.0 8.0 0.0
4369.000543927833 0.0 0.0 0.0 1.0 0.0 0.0 8.0 0.0
4370.0020459975985 0.0 0.0 0.0 1.0 0.0 0.0 8.0 0.0
4371.013792835335 0.0 0.0 0.0 1.0 0.0 0.0 8.0 0.0
4372.013792835335 0.0 0.0 0.0 1.0 0.0 0.0 8.0 0.0
4373.005658571105 0.0 0.0 0.0 1.0 0.0 0.0 8.0 0.0
4374.013792835335 0.0 0.0 0.0 1.0 0.0 0.0 8.0 0.0
4375.013792835335 0.0 0.0 0.0 1.0 0.0 0.0 8.0 0.0
4376.000500498706 0.0 0.0 0.0 1.0 0.0 0.0 8.0 0.0
4377.013792835335 0.0 0.0 0.0 1.0 0.0 0.0 8.0 0.0
4378.013792835335 0.0 0.0 0.0 1.0 0.0 0.0 8.0 0.0
4379.013792835335 0.0 0.0 0.0 1.0 0.0 0.0 8.0 0.0
4380.013792835335 0.0 0.0 0.0 1.0 0.0 0.0 8.0 0.0
4381.007147825933 0.0 0.0 0.0 1.0 0.0 0.0 8.0 0.0
4382.013792835335 0.0 0.0 0.0 1.0 0.0 0.0 8.0 0.0
4383.002726939571 0.0 0.0 0.0 1.0 0.0 0.0 8.0 0.0
4384.007127206923 0.0 0.0 0.0 1.0 0.0 0.0 8.0 0.0
4385.008900404717 0.0 0.0 0.0 1.0 0.0 0.0 8.0 0.0
4386.013792835335 0.0 0.0 0.0 1.0 0.0 0.0 8.0 0.0
4387.00460419626 0.0 0.0 0.0 1.0 0.0 0.0 8.0 0.0
4388.000642151845 0.0 0.0 0.0 1.0 0.0 0.0 8.0 0.0
4389.013792835335 0.0 0.0 0.0 1.0 0.0 0.0 8.0 0.0
4390.009351077626 0.0 0.0 0.0 1.0 0.0 0.0 8.0 0.0
4391.013792835335 0.0 0.0 0.0 1.0 0.0 0.0 8.0 0.0
4392.011423367216 0.0 0.0 0.0 1.0 0.0 0.0 8.0 0.0
4393.001249547028 0.0 0.0 0.0 1.0 0.0 0.0 8.0 0.0
4394.013792835335 0.0 0.0 0.0 1.0 0.0 0.0 8.0 0.0
4395.000186931611 0.0 0.0 0.0 1.0 0.0 0.0 8.0 0.0
4396.001566768738 0.0 0.0 0.0 1.0 0.0 0.0 8.0 0.0
4397.003150577543 0.0 0.0 0.0 1.0 0.0 0.0 8.0 0.0
4398.013792835335 0.0 0.0 0.0 1.0 0.0 0.0 8.0 0.0
4399.0067446291 0.0 0.0 0.0 1.0 0.0 0.0 8.0 0.0
4400.008652854703 0.0 0.0 0.0 1.0 0.0 0.0 8.0 0.0
4401.013792835335 0.0 0.0 0.0 1.0 0.0 0.0 8.0 0.0
4402.012221214286 0.0 0.0 0.0 1.0 0.0 0.0 8.0 0.0
4403.00237361916 0.0 0.0 0.0 1.0 0.0 0.0 8.0 0.0
4404.000537818709 0.0 0.0 0.0 1.0 0.0 0.0 8.0 0.0
4405.013792835335 0.0 0.0 0.0 1.0 0.0 0.0 8.0 0.0
4406.004692497648 0.0 0.0 0.0 1.0 0.0 0.0 8.0 0.0
4407.001911498848 0.0 0.0 0.0 1.0 0.0 0.0 8.0 0.0
4408.00993540469 0.0 0.0 0.0 1.0 0.0 0.0 8.0 0.0
4409.004480930599 0.0 0.0 0.0 1.0 0.0 0.0 8.0 0.0
4410.013297695113 0.0 0.0 0.0 1.0 0.0 0.0 8.0 0.0
4411.011883592556 0.0 0.0 0.0 1.0 0.0 0.0 8.0 0.0
4412.006362889499 0.0 0.0 0.0 1.0 0.0 0.0 8.0 0.0
4413.004903805874 0.0 0.0 0.0 1.0 0.0 0.0 8.0 0.0
4414.013792835335 0.0 0.0 0.0 1.0 0.0 0.0 8.0 0.0
4415.009071876949 0.0 0.0 0.0 1.0 0.0 0.0 8.0 0.0
4416.002359053106 0.0 0.0 0.0 1.0 0.0 0.0 8.0 0.0
4417.001611473859 0.0 0.0 0.0 1.0 0.0 0.0 8.0 0.0
4418.000836676932 0.0 0.0 0.0 1.0 0.0 0.0 8.0 0.0
4419.003044331888 0.0 0.0 0.0 1.0 0.0 0.0 8.0 0.0
4420.003678757493 0.0 0.0 0.0 1.0 0.0 0.0 8.0 0.0
4421.012698043289 0.0 0.0 0.0 1.0 0.0 0.0 8.0 0.0
4422.000309038127 0.0 0.0 0.0 1.0 0.0 0.0 8.0 0.0
4423.0038270165705 0.0 0.0 0.0 1.0 0.0 0.0 8.0 0.0
4424.001053640065 0.0 0.0 0.0 1.0 0.0 0.0 8.0 0.0
4425.013792835335 0.0 0.0 0.0 1.0 0.0 0.0 8.0 0.0
4426.013792835335 0.0 0.0 0.0 1.0 0.0 0.0 8.0 0.0
4427.013792835335 0.0 0.0 0.0 1.0 0.0 0.0 8.0 0.0
4428.002504407674 0.0 0.0 0.0 1.0 0.0 0.0 8.0 0.0
4429.013792835335 0.0 0.0 0.0 1.0 0.0 0.0 8.0 0.0
4430.000485322618 0.0 0.0 0.0 1.0 0.0 0.0 8.0 0.0
4431.013792835335 0.0 0.0 0.0 1.0 0.0 0.0 8.0 0.0
4432.009375171577 0.0 0.0 0.0 1.0 0.0 0.0 8.0 0.0
4433.009481524955 0.0 0.0 0.0 1.0 0.0 0.0 8.0 0.0
4434.00815351227 0.0 0.0 0.0 1.0 0.0 0.0 8.0 0.0
4435.013656768504 0.0 0.0 0.0 1.0 0.0 0.0 8.0 0.0
4436.002252653852 0.0 0.0 0.0 1.0 0.0 0.0 8.0 0.0
4437.000855859433 0.0 0.0 0.0 1.0 0.0 0.0 8.0 0.0
4438.013792835335 0.0 0.0 0.0 1.0 0.0 0.0 8.0 0.0
4439.0098508433175 0.0 0.0 0.0 1.0 0.0 0.0 8.0 0.0
4440.011191075997 0.0 0.0 0.0 1.0 0.0 0.0 8.0 0.0
4441.002509855468 0.0 0.0 0.0 1.0 0.0 0.0 8.0 0.0
4442.013792835335 0.0 0.0 0.0 1.0 0.0 0.0 8.0 0.0
4443.013792835335 0.0 0.0 0.0 1.0 0.0 0.0 8.0 0.0
4444.010505265509 0.0 0.0 0.0 1.0 0.0 0.0 8.0 0.0
4445.011718200286 0.0 0.0 0.0 1.0 0.0 0.0 8.0 0.0
4446.000122151842 0.0 0.0 0.0 1.0 0.0 0.0 8.0 0.0
4447.0022335362155 0.0 0.0 0.0 1.0 0.0 0.0 8.0 0.0
4448.001745266684 0.0 0.0 0.0 1.0 0.0 0.0 8.0 0.0
4449.002148709034 0.0 0.0 0.0 1.0 0.0 0.0 8.0 0.0
4450.013792835335 0.0 0.0 0.0 1.0 0.0 0.0 8.0 0.0
4451.013792835335 0.0 0.0 0.0 1.0 0.0 0.0 8.0 0.0
4452.0065255230875 0.0 0.0 0.0 1.0 0.0 0.0 8.0 0.0
4453.01366666551 0.0 0.0 0.0 1.0 0.0 0.0 8.0 0.0
4454.0006283748535 0.0 0.0 0.0 1.0 0.0 0.0 8.0 0.0
4455.002754073701 0.0 0.0 0.0 1.0 0.0 0.0 8.0 0.0
4456.008134060414 0.0 0.0 0.0 1.0 0.0 0.0 8.0 0.0
4457.0015239475015 0.0 0.0 0.0 1.0 0.0 0.0 8.0 0.0
4458.013792835335 0.0 0.0 0.0 1.0 0.0 0.0 8.0 0.0
4459.013496139102 0.0 0.0 0.0 1.0 0.0 0.0 8.0 0.0
4460.005699031176 0.0 0.0 0.0 1.0 0.0 0.0 8.0 0.0
4461.01184692861 0.0 0.0 0.0 1.0 0.0 0.0 8.0 0.0
4462.013792835335 0.0 0.0 0.0 1.0 0.0 0.0 8.0 0.0
4463.013792835335 0.0 0.0 0.0 1.0 0.0 0.0 8.0 0.0
4464.011591682594 0.0 0.0 0.0 1.0 0.0 0.0 8.0 0.0
4465.012953187585 0.0 0.0 0.0 1.0 0.0 0.0 8.0 0.0
4466.013792835335 0.0 0.0 0.0 1.0 0.0 0.0 8.0 0.0
4467.013792835335 0.0 0.0 0.0 1.0 0.0 0.0 8.0 0.0
4468.013792835335 0.0 0.0 0.0 1.0 0.0 0.0 8.0 0.0
4469.011554160834 0.0 0.0 0.0 1.0 0.0 0.0 8.0 0.0
4470.013792835335 0.0 0.0 0.0 1.0 0.0 0.0 8.0 0.0
4471.010334659288 0.0 0.0 0.0 1.0 0.0 0.0 8.0 0.0
4472.005791189399 0.0 0.0 0.0 1.0 0.0 0.0 8.0 0.0
4473.013792835335 0.0 0.0 0.0 1.0 0.0 0.0 8.0 0.0
4474.000619623365 0.0 0.0 0.0 1.0 0.0 0.0 8.0 0.0
4475.0022953316875 0.0 0.0 0.0 1.0 0.0 0.0 8.0 0.0
4476.013792835335 0.0 0.0 0.0 1.0 0.0 0.0 8.0 0.0
4477.002436738013 0.0 0.0 0.0 1.0 0.0 0.0 8.0 0.0
4478.012787783181 0.0 0.0 0.0 1.0 0.0 0.0 8.0 0.0
4479.008022030528 0.0 0.0 0.0 1.0 0.0 0.0 8.0 0.0
4480.01155308629 0.0 0.0 0.0 1.0 0.0 0.0 8.0 0.0
4481.009578234447 0.0 0.0 0.0 1.0 0.0 0.0 8.0 0.0
4482.010281877009 0.0 0.0 0.0 1.0 0.0 0.0 8.0 0.0
4483.013792835335 0.0 0.0 0.0 1.0 0.0 0.0 8.0 0.0
4484.008218733636 0.0 0.0 0.0 1.0 0.0 0.0 8.0 0.0
4485.0034090794215 0.0 0.0 0.0 1.0 0.0 0.0 8.0 0.0
4486.009259567464 0.0 0.0 0.0 1.0 0.0 0.0 8.0 0.0
4487.004671959872 0.0 0.0 0.0 1.0 0.0 0.0 8.0 0.0
4488.013792835335 0.0 0.0 0.0 1.0 0.0 0.0 8.0 0.0
4489.013792835335 0.0 0.0 0.0 1.0 0.0 0.0 8.0 0.0
4490.006026561759 0.0 0.0 0.0 1.0 0.0 0.0 8.0 0.0
4491.013792835335 0.0 0.0 0.0 1.0 0.0 0.0 8.0 0.0
4492.000567256846 0.0 0.0 0.0 1.0 0.0 0.0 8.0 0.0
4493.002153147218 0.0 0.0 0.0 1.0 0.0 0.0 8.0 0.0
4494.003467599718 0.0 0.0 0.0 1.0 0.0 0.0 8.0 0.0
4495.013792835335 0.0 0.0 0.0 1.0 0.0 0.0 8.0 0.0
4496.002729652016 0.0 0.0 0.0 1.0 0.0 0.0 8.0 0.0
4497.003372245576 0.0 0.0 0.0 1.0 0.0 0.0 8.0 0.0
4498.002411710854 0.0 0.0 0.0 1.0 0.0 0.0 8.0 0.0
4499.006598000693 0.0 0.0 0.0 1.0 0.0 0.0 8.0 0.0
4500.00060576797 0.0 0.0 0.0 1.0 0.0 0.0 8.0 0.0
4501.013001563932 0.0 0.0 0.0 1.0 0.0 0.0 8.0 0.0
4502.0043087982085 0.0 0.0 0.0 1.0 0.0 0.0 8.0 0.0
4503.003480904457 0.0 0.0 0.0 1.0 0.0 0.0 8.0 0.0
4504.0022477590255 0.0 0.0 0.0 1.0 0.0 0.0 8.0 0.0
4505.013792835335 0.0 0.0 0.0 1.0 0.0 0.0 8.0 0.0
4506.00373208963 0.0 0.0 0.0 1.0 0.0 0.0 8.0 0.0
4507.000963853615 0.0 0.0 0.0 1.0 0.0 0.0 8.0 0.0
4508.002182197566 0.0 0.0 0.0 1.0 0.0 0.0 8.0 0.0
4509.013792835335 0.0 0.0 0.0 1.0 0.0 0.0 8.0 0.0
4510.013792835335 0.0 0.0 0.0 1.0 0.0 0.0 8.0 0.0
4511.0106524431 0.0 0.0 0.0 1.0 0.0 0.0 8.0 0.0
4512.013792835335 0.0 0.0 0.0 1.0 0.0 0.0 8.0 0.0
4513.0038574549535 0.0 0.0 0.0 1.0 0.0 0.0 8.0 0.0
4514.013792835335 0.0 0.0 0.0 1.0 0.0 0.0 8.0 0.0
4515.000859786784 0.0 0.0 0.0 1.0 0.0 0.0 8.0 0.0
4516.008737963012 0.0 0.0 0.0 1.0 0.0 0.0 8.0 0.0
4517.013792835335 0.0 0.0 0.0 1.0 0.0 0.0 8.0 0.0
4518.011051776153 0.0 0.0 0.0 1.0 0.0 0.0 8.0 0.0
4519.013792835335 0.0 0.0 0.0 1.0 0.0 0.0 8.0 0.0
4520.013792835335 0.0 0.0 0.0 1.0 0.0 0.0 8.0 0.0
4521.00288474023 0.0 0.0 0.0 1.0 0.0 0.0 8.0 0.0
4522.002054929895 0.0 0.0 0.0 1.0 0.0 0.0 8.0 0.0
4523.002298824526 0.0 0.0 0.0 1.0 0.0 0.0 8.0 0.0
4524.013792835335 0.0 0.0 0.0 1.0 0.0 0.0 8.0 0.0
4525.013792835335 0.0 0.0 0.0 1.0 0.0 0.0 8.0 0.0
4526.013792835335 0.0 0.0 0.0 1.0 0.0 0.0 8.0 0.0
4527.013792835335 0.0 0.0 0.0 1.0 0.0 0.0 8.0 0.0
4528.009700666825 0.0 0.0 0.0 1.0 0.0 0.0 8.0 0.0
4529.000302637291 0.0 0.0 0.0 1.0 0.0 0.0 8.0 0.0
4530.013792835335 0.0 0.0 0.0 1.0 0.0 0.0 8.0 0.0
4531.009173008513 0.0 0.0 0.0 1.0 0.0 0.0 8.0 0.0
4532.000342819686 0.0 0.0 0.0 1.0 0.0 0.0 8.0 0.0
4533.008112895267 0.0 0.0 0.0 1.0 0.0 0.0 8.0 0.0
4534.013792835335 0.0 0.0 0.0 1.0 0.0 0.0 8.0 0.0
4535.008818674365 0.0 0.0 0.0 1.0 0.0 0.0 8.0 0.0
4536.013792835335 0.0 0.0 0.0 1.0 0.0 0.0 8.0 0.0
4537.000465082991 0.0 0.0 0.0 1.0 0.0 0.0 8.0 0.0
4538.013792835335 0.0 0.0 0.0 1.0 0.0 0.0 8.0 0.0
4539.0071040203675 0.0 0.0 0.0 1.0 0.0 0.0 8.0 0.0
4540.013792835335 0.0 0.0 0.0 1.0 0.0 0.0 8.0 0.0
4541.013792835335 0.0 0.0 0.0 1.0 0.0 0.0 8.0 0.0
4542.013792835335 0.0 0.0 0.0 1.0 0.0 0.0 8.0 0.0
4543.005728330505 0.0 0.0 0.0 1.0 0.0 0.0 8.0 0.0
4544.010777813388 0.0 0.0 0.0 1.0 0.0 0.0 8.0 0.0
4545.001030035629 0.0 0.0 0.0 1.0 0.0 0.0 8.0 0.0
4546.0021578447995 0.0 0.0 0.0 1.0 0.0 0.0 8.0 0.0
4547.004944848885 0.0 0.0 0.0 1.0 0.0 0.0 8.0 0.0
4548.005688111666 0.0 0.0 0.0 1.0 0.0 0.0 8.0 0.0
4549.013792835335 0.0 0.0 0.0 1.0 0.0 0.0 8.0 0.0
4550.005133155318 0.0 0.0 0.0 1.0 0.0 0.0 8.0 0.0
4551.000916780716 0.0 0.0 0.0 1.0 0.0 0.0 8.0 0.0
4552.013714554029 0.0 0.0 0.0 1.0 0.0 0.0 8.0 0.0
4553.004812433999 0.0 0.0 0.0 1.0 0.0 0.0 8.0 0.0
4554.013792835335 0.0 0.0 0.0 1.0 0.0 0.0 8.0 0.0
4555.007902006826 0.0 0.0 0.0 1.0 0.0 0.0 8.0 0.0
4556.011446833173 0.0 0.0 0.0 1.0 0.0 0.0 8.0 0.0
4557.007627693296 0.0 0.0 0.0 1.0 0.0 0.0 8.0 0.0
4558.013792835335 0.0 0.0 0.0 1.0 0.0 0.0 8.0 0.0
4559.007555869719 0.0 0.0 0.0 1.0 0.0 0.0 8.0 0.0
4560.001636885864 0.0 0.0 0.0 1.0 0.0 0.0 8.0 0.0
4561.01053718248 0.0 0.0 0.0 1.0 0.0 0.0 8.0 0.0
4562.013792835335 0.0 0.0 0.0 1.0 0.0 0.0 8.0 0.0
4563.009115231013 0.0 0.0 0.0 1.0 0.0 0.0 8.0 0.0
4564.0117734942205 0.0 0.0 0.0 1.0 0.0 0.0 8.0 0.0
4565.008726814693 0.0 0.0 0.0 1.0 0.0 0.0 8.0 0.0
4566.013792835335 0.0 0.0 0.0 1.0 0.0 0.0 8.0 0.0
4567.011237888599 0.0 0.0 0.0 1.0 0.0 0.0 8.0 0.0
4568.013792835335 0.0 0.0 0.0 1.0 0.0 0.0 8.0 0.0
4569.013116622449 0.0 0.0 0.0 1.0 0.0 0.0 8.0 0.0
4570.001471288984 0.0 0.0 0.0 1.0 0.0 0.0 8.0 0.0
4571.013792835335 0.0 0.0 0.0 1.0 0.0 0.0 8.0 0.0
4572.008122660297 0.0 0.0 0.0 1.0 0.0 0.0 8.0 0.0
4573.005353577365 0.0 0.0 0.0 1.0 0.0 0.0 8.0 0.0
4574.013792835335 0.0 0.0 0.0 1.0 0.0 0.0 8.0 0.0
4575.0052763561125 0.0 0.0 0.0 1.0 0.0 0.0 8.0 0.0
4576.001337865346 0.0 0.0 0.0 1.0 0.0 0.0 8.0 0.0
4577.004213759276 0.0 0.0 0.0 1.0 0.0 0.0 8.0 0.0
4578.005283978004 0.0 0.0 0.0 1.0 0.0 0.0 8.0 0.0
4579.0007125390275 0.0 0.0 0.0 1.0 0.0 0.0 8.0 0.0
4580.010510359008 0.0 0.0 0.0 1.0 0.0 0.0 8.0 0.0
4581.013792835335 0.0 0.0 0.0 1.0 0.0 0.0 8.0 0.0
4582.012156764399 0.0 0.0 0.0 1.0 0.0 0.0 8.0 0.0
4583.013792835335 0.0 0.0 0.0 1.0 0.0 0.0 8.0 0.0
4584.007988150114 0.0 0.0 0.0 1.0 0.0 0.0 8.0 0.0
4585.013792835335 0.0 0.0 0.0 1.0 0.0 0.0 8.0 0.0
4586.013792835335 0.0 0.0 0.0 1.0 0.0 0.0 8.0 0.0
4587.008923383895 0.0 0.0 0.0 1.0 0.0 0.0 8.0 0.0
4588.013792835335 0.0 0.0 0.0 1.0 0.0 0.0 8.0 0.0
4589.004240104879 0.0 0.0 0.0 1.0 0.0 0.0 8.0 0.0
4590.003778031083 0.0 0.0 0.0 1.0 0.0 0.0 8.0 0.0
4591.013792835335 0.0 0.0 0.0 1.0 0.0 0.0 8.0 0.0
4592.005680286422 0.0 0.0 0.0 1.0 0.0 0.0 8.0 0.0
4593.0015307797485 0.0 0.0 0.0 1.0 0.0 0.0 8.0 0.0
4594.004384838254 0.0 0.0 0.0 1.0 0.0 0.0 8.0 0.0
4595.000298590465 0.0 0.0 0.0 1.0 0.0 0.0 8.0 0.0
4596.004651780802 0.0 0.0 0.0 1.0 0.0 0.0 8.0 0.0
4597.0104096278565 0.0 0.0 0.0 1.0 0.0 0.0 8.0 0.0
4598.000758188299 0.0 0.0 0.0 1.0 0.0 0.0 8.0 0.0
4599.0087293103325 0.0 0.0 0.0 1.0 0.0 0.0 8.0 0.0
4600.013792835335 0.0 0.0 0.0 1.0 0.0 0.0 8.0 0.0
#####################################################################
# End of data export. Simulation finished at: 2026-05-19T13:18+0000 #
#####################################################################
