#####################################################################
# Alchemist log file - simulation started at: 2026-05-19T12:37+0000 #
#####################################################################
#
# seed = 88.0, connection_range_percentage = 0.1, variability = 10.0, history_length = 6000, drones = 40
#
# The columns have the following meaning: 
# time wandering[mean] defending[mean] solving[mean] wait[mean] attacked[max] alarm[max] historySize[mean] disagreementRate 
0.0 NaN NaN NaN NaN 0.0 0.0 NaN 0.0
0.0 0.0 0.0 0.0 1.0 0.0 0.0 2.0 0.0
1.0064783170415446 0.0 0.0 0.0 1.0 0.0 0.0 2.425 0.0
2.002796585890505 0.0 0.0 0.0 1.0 0.0 0.0 3.0 0.0
3.0092214150514174 0.0 0.0 0.0 1.0 0.0 0.0 3.0 0.0
4.002881143644023 0.0 0.0 0.0 1.0 0.0 0.0 3.0 0.0
5.034155208205065 0.0 0.0 0.0 1.0 0.0 0.0 3.0 0.0
6.035786795581781 0.0 0.0 0.0 1.0 0.0 0.0 3.0 0.0
7.017731138454236 0.0 0.0 0.0 1.0 0.0 0.0 3.0 0.0
8.004860336452007 0.0 0.0 0.0 1.0 0.0 0.0 3.0 0.0
9.003914854512487 0.0 0.0 0.0 1.0 0.0 0.0 3.0 0.0
10.021221485364052 0.0 0.0 0.0 1.0 0.0 0.0 3.0 0.0
11.020920260291708 0.0 0.0 0.0 1.0 0.0 0.0 3.0 0.0
12.035291042706016 0.0 0.0 0.0 1.0 0.0 0.0 3.0 0.0
13.013049650096791 0.0 0.0 0.0 1.0 0.0 0.0 3.0 0.0
14.010122590952815 0.0 0.0 0.0 1.0 0.0 0.0 3.0 0.0
15.035786795581782 0.0 0.0 0.0 1.0 0.0 0.0 3.0 0.0
16.018919486932138 0.0 0.0 0.0 1.0 0.0 0.0 3.0 0.0
17.027968651099528 0.0 0.0 0.0 1.0 0.0 0.0 3.0 0.0
18.03578679558178 0.0 0.0 0.0 1.0 0.0 0.0 3.0 0.0
19.01689333564841 0.0 0.0 0.0 1.0 0.0 0.0 3.0 0.0
20.011954023334276 0.0 0.0 0.0 1.0 0.0 0.0 3.0 0.0
21.007885372504344 0.0 0.0 0.0 1.0 0.0 0.0 3.0 0.0
22.03578679558178 0.0 0.0 0.0 1.0 0.0 0.0 3.0 0.0
23.00826962024012 0.0 0.0 0.0 1.0 0.0 0.0 3.0 0.0
24.03578679558178 0.0 0.0 0.0 1.0 0.0 0.0 3.0 0.0
25.03578679558178 0.0 0.0 0.0 1.0 0.0 0.0 3.0 0.0
26.03578679558178 0.0 0.0 0.0 1.0 0.0 0.0 3.0 0.0
27.01446996479913 0.0 0.0 0.0 1.0 0.0 0.0 3.0 0.0
28.005253411073838 0.0 0.0 0.0 1.0 0.0 0.0 3.0 0.0
29.03578679558178 0.0 0.0 0.0 1.0 0.0 0.0 3.0 0.0
30.03578679558178 0.0 0.0 0.0 1.0 0.0 0.0 3.0 0.0
31.018031243393292 0.0 0.0 0.0 1.0 0.0 0.0 3.0 0.0
32.035786795581785 0.0 0.0 0.0 1.0 0.0 0.0 3.0 0.0
33.02266626050347 0.0 0.0 0.0 1.0 0.0 0.0 3.0 0.0
34.01182566511655 0.0 0.0 0.0 1.0 0.0 0.0 3.0 0.0
35.003222634104695 0.0 0.0 0.0 1.0 0.0 0.0 3.0 0.0
36.016859491954136 0.0 0.0 0.0 1.0 0.0 0.0 3.0 0.0
37.00747624806481 0.0 0.0 0.0 1.0 0.0 0.0 3.0 0.0
38.035786795581785 0.0 0.0 0.0 1.0 0.0 0.0 3.0 0.0
39.00182268001169 0.0 0.0 0.0 1.0 0.0 0.0 3.0 0.0
40.035228959636044 0.0 0.0 0.0 1.0 0.0 0.0 3.0 0.0
41.01454731471329 0.0 0.0 0.0 1.0 0.0 0.0 3.0 0.0
42.035786795581785 0.0 0.0 0.0 1.0 0.0 0.0 3.0 0.0
43.032329556504315 0.0 0.0 0.0 1.0 0.0 0.0 3.0 0.0
44.02625521314397 0.0 0.0 0.0 1.0 0.0 0.0 3.0 0.0
45.0050446562517 0.0 0.0 0.0 1.0 0.0 0.0 3.0 0.0
46.035786795581785 0.0 0.0 0.0 1.0 0.0 0.0 3.0 0.0
47.006026958829835 0.0 0.0 0.0 1.0 0.0 0.0 3.0 0.0
48.02113461973054 0.0 0.0 0.0 1.0 0.0 0.0 3.0 0.0
49.01368361196071 0.0 0.0 0.0 1.0 0.0 0.0 3.0 0.0
50.00588121761155 0.0 0.0 0.0 1.0 0.0 0.0 3.0 0.0
51.019991697121334 0.0 0.0 0.0 1.0 0.0 0.0 3.0 0.0
52.00172735549489 0.0 0.0 0.0 1.0 0.0 0.0 3.0 0.0
53.035786795581785 0.0 0.0 0.0 1.0 0.0 0.0 3.0 0.0
54.00157874441863 0.0 0.0 0.0 1.0 0.0 0.0 3.0 0.0
55.01786312292408 0.0 0.0 0.0 1.0 0.0 0.0 3.0 0.0
56.00500731077999 0.0 0.0 0.0 1.0 0.0 0.0 3.0 0.0
57.01557100645344 0.0 0.0 0.0 1.0 0.0 0.0 3.0 0.0
58.02340861459125 0.0 0.0 0.0 1.0 0.0 0.0 3.0 0.0
59.00872437248474 0.0 0.0 0.0 1.0 0.0 0.0 3.0 0.0
60.02849711524585 0.0 0.0 0.0 1.0 0.0 0.0 3.0 0.0
61.035786795581785 0.0 0.0 0.0 1.0 0.0 0.0 3.0 0.0
62.035786795581785 0.0 0.0 0.0 1.0 0.0 0.0 3.0 0.0
63.035786795581785 0.0 0.0 0.0 1.0 0.0 0.0 3.0 0.0
64.03286109455142 0.0 0.0 0.0 1.0 0.0 0.0 3.0 0.0
65.00570507038861 0.0 0.0 0.0 1.0 0.0 0.0 3.0 0.0
66.03395417081923 0.0 0.0 0.0 1.0 0.0 0.0 3.0 0.0
67.03578679558179 0.0 0.0 0.0 1.0 0.0 0.0 3.0 0.0
68.00798705405758 0.0 0.0 0.0 1.0 0.0 0.0 3.0 0.0
69.02521643197935 0.0 0.0 0.0 1.0 0.0 0.0 3.0 0.0
70.03526297397808 0.0 0.0 0.0 1.0 0.0 0.0 3.0 0.0
71.00442051780283 0.0 0.0 0.0 1.0 0.0 0.0 3.0 0.0
72.03578679558179 0.0 0.0 0.0 1.0 0.0 0.0 3.0 0.0
73.03578679558179 0.0 0.0 0.0 1.0 0.0 0.0 3.0 0.0
74.03578679558179 0.0 0.0 0.0 1.0 0.0 0.0 3.0 0.0
75.03578679558179 0.0 0.0 0.0 1.0 0.0 0.0 3.0 0.0
76.0085778476618 0.0 0.0 0.0 1.0 0.0 0.0 3.0 0.0
77.02508390146345 0.0 0.0 0.0 1.0 0.0 0.0 3.0 0.0
78.01707865276562 0.0 0.0 0.0 1.0 0.0 0.0 3.0 0.0
79.03578679558179 0.0 0.0 0.0 1.0 0.0 0.0 3.0 0.0
80.0077568526753 0.0 0.0 0.0 1.0 0.0 0.0 3.0 0.0
81.03578679558179 0.0 0.0 0.0 1.0 0.0 0.0 3.0 0.0
82.0113830967951 0.0 0.0 0.0 1.0 0.0 0.0 3.0 0.0
83.00184529714252 0.0 0.0 0.0 1.0 0.0 0.0 3.0 0.0
84.01404645275282 0.0 0.0 0.0 1.0 0.0 0.0 3.0 0.0
85.03578679558179 0.0 0.0 0.0 1.0 0.0 0.0 3.0 0.0
86.0039443083061 0.0 0.0 0.0 1.0 0.0 0.0 3.0 0.0
87.03288140600817 0.0 0.0 0.0 1.0 0.0 0.0 3.0 0.0
88.03578679558179 0.0 0.0 0.0 1.0 0.0 0.0 3.0 0.0
89.03578679558179 0.0 0.0 0.0 1.0 0.0 0.0 3.0 0.0
90.03578679558179 0.0 0.0 0.0 1.0 0.0 0.0 3.0 0.0
91.00992380421293 0.0 0.0 0.0 1.0 0.0 0.0 3.0 0.0
92.013131162941 0.0 0.0 0.0 1.0 0.0 0.0 3.0 0.0
93.03578679558179 0.0 0.0 0.0 1.0 0.0 0.0 3.0 0.0
94.00283502618585 0.0 0.0 0.0 1.0 0.0 0.0 3.0 0.0
95.02383116635322 0.0 0.0 0.0 1.0 0.0 0.0 3.0 0.0
96.0039607708922 0.0 0.0 0.0 1.0 0.0 0.0 3.0 0.0
97.02227390852866 0.0 0.0 0.0 1.0 0.0 0.0 3.0 0.0
98.0054641470535 0.0 0.0 0.0 1.0 0.0 0.0 3.0 0.0
99.03578679558179 0.0 0.0 0.0 1.0 0.0 0.0 3.0 0.0
100.03578679558179 0.0 0.0 0.0 1.0 0.0 0.0 3.0 0.0
101.03578679558179 0.0 0.0 0.0 1.0 0.0 0.0 3.0 0.0
102.01600417990164 0.0 0.0 0.0 1.0 0.0 0.0 3.0 0.0
103.00196141578753 0.0 0.0 0.0 1.0 0.0 0.0 3.0 0.0
104.00866018078075 0.0 0.0 0.0 1.0 0.0 0.0 3.0 0.0
105.01050002466127 0.0 0.0 0.0 1.0 0.0 0.0 3.0 0.0
106.0065881186479 0.0 0.0 0.0 1.0 0.0 0.0 3.0 0.0
107.02957511067302 0.0 0.0 0.0 1.0 0.0 0.0 3.0 0.0
108.00674145527536 0.0 0.0 0.0 1.0 0.0 0.0 3.0 0.0
109.03578679558179 0.0 0.0 0.0 1.0 0.0 0.0 3.0 0.0
110.01446127257006 0.0 0.0 0.0 1.0 0.0 0.0 3.0 0.0
111.00409654202075 0.0 0.0 0.0 1.0 0.0 0.0 3.0 0.0
112.01623538960824 0.0 0.0 0.0 1.0 0.0 0.0 3.0 0.0
113.01805654895699 0.0 0.0 0.0 1.0 0.0 0.0 3.0 0.0
114.03578679558179 0.0 0.0 0.0 1.0 0.0 0.0 3.0 0.0
115.03407579895509 0.0 0.0 0.0 1.0 0.0 0.0 3.0 0.0
116.01578751885397 0.0 0.0 0.0 1.0 0.0 0.0 3.0 0.0
117.03578679558179 0.0 0.0 0.0 1.0 0.0 0.0 3.0 0.0
118.03578679558179 0.0 0.0 0.0 1.0 0.0 0.0 3.0 0.0
119.02774229348516 0.0 0.0 0.0 1.0 0.0 0.0 3.0 0.0
120.03578679558179 0.0 0.0 0.0 1.0 0.0 0.0 3.0 0.0
121.02185774067668 0.0 0.0 0.0 1.0 0.0 0.0 3.0 0.0
122.00943431795069 0.0 0.0 0.0 1.0 0.0 0.0 3.0 0.0
123.03578679558179 0.0 0.0 0.0 1.0 0.0 0.0 3.0 0.0
124.03578679558179 0.0 0.0 0.0 1.0 0.0 0.0 3.0 0.0
125.03578679558179 0.0 0.0 0.0 1.0 0.0 0.0 3.0 0.0
126.00827155796861 0.0 0.0 0.0 1.0 0.0 0.0 3.0 0.0
127.00293612849615 0.0 0.0 0.0 1.0 0.0 0.0 3.0 0.0
128.0341007325038 0.0 0.0 0.0 1.0 0.0 0.0 3.0 0.0
129.00406263814224 0.0 0.0 0.0 1.0 0.0 0.0 3.0 0.0
130.009000436774 0.0 0.0 0.0 1.0 0.0 0.0 3.0 0.0
131.01843244139386 0.0 0.0 0.0 1.0 0.0 0.0 3.0 0.0
132.02040790480663 0.0 0.0 0.0 1.0 0.0 0.0 3.0 0.0
133.02328624307225 0.0 0.0 0.0 1.0 0.0 0.0 3.0 0.0
134.0159942233288 0.0 0.0 0.0 1.0 0.0 0.0 3.0 0.0
135.0220231857716 0.0 0.0 0.0 1.0 0.0 0.0 3.0 0.0
136.00035081893617 0.0 0.0 0.0 1.0 0.0 0.0 3.0 0.0
137.00607220647103 0.0 0.0 0.0 1.0 0.0 0.0 3.0 0.0
138.0256020524749 0.0 0.0 0.0 1.0 0.0 0.0 3.0 0.0
139.02925558399858 0.0 0.0 0.0 1.0 0.0 0.0 3.0 0.0
140.03578679558177 0.0 0.0 0.0 1.0 0.0 0.0 3.0 0.0
141.01797318679962 0.0 0.0 0.0 1.0 0.0 0.0 3.0 0.0
142.00779834761244 0.0 0.0 0.0 1.0 0.0 0.0 3.0 0.0
143.03578679558177 0.0 0.0 0.0 1.0 0.0 0.0 3.0 0.0
144.01034155952323 0.0 0.0 0.0 1.0 0.0 0.0 3.0 0.0
145.01013697282445 0.0 0.0 0.0 1.0 0.0 0.0 3.0 0.0
146.03578679558177 0.0 0.0 0.0 1.0 0.0 0.0 3.0 0.0
147.03578679558177 0.0 0.0 0.0 1.0 0.0 0.0 3.0 0.0
148.00113220385174 0.0 0.0 0.0 1.0 0.0 0.0 3.0 0.0
149.01164829041485 0.0 0.0 0.0 1.0 0.0 0.0 3.0 0.0
150.01303684373002 0.0 0.0 0.0 1.0 0.0 0.0 3.0 0.0
151.00250688134764 0.0 0.0 0.0 1.0 0.0 0.0 3.0 0.0
152.03578679558177 0.0 0.0 0.0 1.0 0.0 0.0 3.0 0.0
153.0079369811006 0.0 0.0 0.0 1.0 0.0 0.0 3.0 0.0
154.02676898225178 0.0 0.0 0.0 1.0 0.0 0.0 3.0 0.0
155.03578679558177 0.0 0.0 0.0 1.0 0.0 0.0 3.0 0.0
156.0269510053269 0.0 0.0 0.0 1.0 0.0 0.0 3.0 0.0
157.00954761529937 0.0 0.0 0.0 1.0 0.0 0.0 3.0 0.0
158.00382247934243 0.0 0.0 0.0 1.0 0.0 0.0 3.0 0.0
159.00298546623986 0.0 0.0 0.0 1.0 0.0 0.0 3.0 0.0
160.00117433007952 0.0 0.0 0.0 1.0 0.0 0.0 3.0 0.0
161.01165525218505 0.0 0.0 0.0 1.0 0.0 0.0 3.0 0.0
162.00871242025013 0.0 0.0 0.0 1.0 0.0 0.0 3.0 0.0
163.00040160951062 0.0 0.0 0.0 1.0 0.0 0.0 3.0 0.0
164.00279019579045 0.0 0.0 0.0 1.0 0.0 0.0 3.0 0.0
165.00585816418996 0.0 0.0 0.0 1.0 0.0 0.0 3.0 0.0
166.00281136696518 0.0 0.0 0.0 1.0 0.0 0.0 3.0 0.0
167.01247365647225 0.0 0.0 0.0 1.0 0.0 0.0 3.0 0.0
168.03578679558177 0.0 0.0 0.0 1.0 0.0 0.0 3.0 0.0
169.00520088027997 0.0 0.0 0.0 1.0 0.0 0.0 3.0 0.0
170.03578679558177 0.0 0.0 0.0 1.0 0.0 0.0 3.0 0.0
171.02055318497983 0.0 0.0 0.0 1.0 0.0 0.0 3.0 0.0
172.02140780417798 0.0 0.0 0.0 1.0 0.0 0.0 3.0 0.0
173.00765181660717 0.0 0.0 0.0 1.0 0.0 0.0 3.0 0.0
174.03560936980196 0.0 0.0 0.0 1.0 0.0 0.0 3.0 0.0
175.03578679558177 0.0 0.0 0.0 1.0 0.0 0.0 3.0 0.0
176.02674131469675 0.0 0.0 0.0 1.0 0.0 0.0 3.0 0.0
177.00930019663033 0.0 0.0 0.0 1.0 0.0 0.0 3.0 0.0
178.03578679558177 0.0 0.0 0.0 1.0 0.0 0.0 3.0 0.0
179.03578679558177 0.0 0.0 0.0 1.0 0.0 0.0 3.0 0.0
180.03578679558177 0.0 0.0 0.0 1.0 0.0 0.0 3.0 0.0
181.03578679558177 0.0 0.0 0.0 1.0 0.0 0.0 3.0 0.0
182.03450463196756 0.0 0.0 0.0 1.0 0.0 0.0 3.0 0.0
183.03578679558177 0.0 0.0 0.0 1.0 0.0 0.0 3.0 0.0
184.02085596998683 0.0 0.0 0.0 1.0 0.0 0.0 3.0 0.0
185.03578679558177 0.0 0.0 0.0 1.0 0.0 0.0 3.0 0.0
186.00084321725626 0.0 0.0 0.0 1.0 0.0 0.0 3.0 0.0
187.0223264748414 0.0 0.0 0.0 1.0 0.0 0.0 3.0 0.0
188.01596095498357 0.0 0.0 0.0 1.0 0.0 0.0 3.0 0.0
189.0063563477737 0.0 0.0 0.0 1.0 0.0 0.0 3.0 0.0
190.00274382974658 0.0 0.0 0.0 1.0 0.0 0.0 3.0 0.0
191.02495518957176 0.0 0.0 0.0 1.0 0.0 0.0 3.0 0.0
192.0017562536004 0.0 0.0 0.0 1.0 0.0 0.0 3.0 0.0
193.00096946522874 0.0 0.0 0.0 1.0 0.0 0.0 3.0 0.0
194.00633742175293 0.0 0.0 0.0 1.0 0.0 0.0 3.0 0.0
195.02686618701367 0.0 0.0 0.0 1.0 0.0 0.0 3.0 0.0
196.03578679558177 0.0 0.0 0.0 1.0 0.0 0.0 3.0 0.0
197.01975267301256 0.0 0.0 0.0 1.0 0.0 0.0 3.0 0.0
198.03578679558177 0.0 0.0 0.0 1.0 0.0 0.0 3.0 0.0
199.00730181377466 0.0 0.0 0.0 1.0 0.0 0.0 3.0 0.0
200.03578679558177 0.0 0.0 0.0 1.0 0.0 0.0 3.0 0.0
201.01309537931138 0.0 0.0 0.0 1.0 0.0 0.0 3.0 0.0
202.03578679558177 0.0 0.0 0.0 1.0 0.0 0.0 3.0 0.0
203.03005722015004 0.0 0.0 0.0 1.0 0.0 0.0 3.0 0.0
204.00119074746826 0.0 0.0 0.0 1.0 0.0 0.0 3.0 0.0
205.01809944911668 0.0 0.0 0.0 1.0 0.0 0.0 3.0 0.0
206.00515366271225 0.0 0.0 0.0 1.0 0.0 0.0 3.0 0.0
207.03578679558177 0.0 0.0 0.0 1.0 0.0 0.0 3.0 0.0
208.00813970389288 0.0 0.0 0.0 1.0 0.0 0.0 3.0 0.0
209.03578679558177 0.0 0.0 0.0 1.0 0.0 0.0 3.0 0.0
210.03578679558177 0.0 0.0 0.0 1.0 0.0 0.0 3.0 0.0
211.01092794343987 0.0 0.0 0.0 1.0 0.0 0.0 3.0 0.0
212.03578679558177 0.0 0.0 0.0 1.0 0.0 0.0 3.0 0.0
213.0059221815641 0.0 0.0 0.0 1.0 0.0 0.0 3.0 0.0
214.0015279875688 0.0 0.0 0.0 1.0 0.0 0.0 3.0 0.0
215.00635554049322 0.0 0.0 0.0 1.0 0.0 0.0 3.0 0.0
216.01905008716724 0.0 0.0 0.0 1.0 0.0 0.0 3.0 0.0
217.00602614670208 0.0 0.0 0.0 1.0 0.0 0.0 3.0 0.0
218.00069177908256 0.0 0.0 0.0 1.0 0.0 0.0 3.0 0.0
219.00981963936465 0.0 0.0 0.0 1.0 0.0 0.0 3.0 0.0
220.03578679558177 0.0 0.0 0.0 1.0 0.0 0.0 3.0 0.0
221.03095872907232 0.0 0.0 0.0 1.0 0.0 0.0 3.0 0.0
222.03578679558177 0.0 0.0 0.0 1.0 0.0 0.0 3.0 0.0
223.02794372838375 0.0 0.0 0.0 1.0 0.0 0.0 3.0 0.0
224.03578679558177 0.0 0.0 0.0 1.0 0.0 0.0 3.0 0.0
225.0027887885514 0.0 0.0 0.0 1.0 0.0 0.0 3.0 0.0
226.00543161247836 0.0 0.0 0.0 1.0 0.0 0.0 3.0 0.0
227.03578679558177 0.0 0.0 0.0 1.0 0.0 0.0 3.0 0.0
228.00314180869916 0.0 0.0 0.0 1.0 0.0 0.0 3.0 0.0
229.0040132678201 0.0 0.0 0.0 1.0 0.0 0.0 3.0 0.0
230.03578679558177 0.0 0.0 0.0 1.0 0.0 0.0 3.0 0.0
231.03578679558177 0.0 0.0 0.0 1.0 0.0 0.0 3.0 0.0
232.03578679558177 0.0 0.0 0.0 1.0 0.0 0.0 3.0 0.0
233.03578679558177 0.0 0.0 0.0 1.0 0.0 0.0 3.0 0.0
234.03578679558177 0.0 0.0 0.0 1.0 0.0 0.0 3.0 0.0
235.01417862271146 0.0 0.0 0.0 1.0 0.0 0.0 3.0 0.0
236.01099841544544 0.0 0.0 0.0 1.0 0.0 0.0 3.0 0.0
237.03578679558177 0.0 0.0 0.0 1.0 0.0 0.0 3.0 0.0
238.00039138427482 0.0 0.0 0.0 1.0 0.0 0.0 3.0 0.0
239.03545365002415 0.0 0.0 0.0 1.0 0.0 0.0 3.0 0.0
240.01250927268075 0.0 0.0 0.0 1.0 0.0 0.0 3.0 0.0
241.0016106568058 0.0 0.0 0.0 1.0 0.0 0.0 3.0 0.0
242.0193199303952 0.0 0.0 0.0 1.0 0.0 0.0 3.0 0.0
243.03578679558177 0.0 0.0 0.0 1.0 0.0 0.0 3.0 0.0
244.01818609355055 0.0 0.0 0.0 1.0 0.0 0.0 3.0 0.0
245.03578679558177 0.0 0.0 0.0 1.0 0.0 0.0 3.0 0.0
246.03578679558177 0.0 0.0 0.0 1.0 0.0 0.0 3.0 0.0
247.03331856567445 0.0 0.0 0.0 1.0 0.0 0.0 3.0 0.0
248.0154452519806 0.0 0.0 0.0 1.0 0.0 0.0 3.0 0.0
249.0243917253861 0.0 0.0 0.0 1.0 0.0 0.0 3.0 0.0
250.01364885987607 0.0 0.0 0.0 1.0 0.0 0.0 3.0 0.0
251.00898448111374 0.0 0.0 0.0 1.0 0.0 0.0 3.0 0.0
252.0041915433458 0.0 0.0 0.0 1.0 0.0 0.0 3.0 0.0
253.01894070472974 0.0 0.0 0.0 1.0 0.0 0.0 3.0 0.0
254.0198362669044 0.0 0.0 0.0 1.0 0.0 0.0 3.0 0.0
255.03578679558177 0.0 0.0 0.0 1.0 0.0 0.0 3.0 0.0
256.03578679558177 0.0 0.0 0.0 1.0 0.0 0.0 3.0 0.0
257.0325554043608 0.0 0.0 0.0 1.0 0.0 0.0 3.0 0.0
258.03578679558177 0.0 0.0 0.0 1.0 0.0 0.0 3.0 0.0
259.0285368209312 0.0 0.0 0.0 1.0 0.0 0.0 3.0 0.0
260.0228699057909 0.0 0.0 0.0 1.0 0.0 0.0 3.0 0.0
261.00801841122046 0.0 0.0 0.0 1.0 0.0 0.0 3.0 0.0
262.03578679558177 0.0 0.0 0.0 1.0 0.0 0.0 3.0 0.0
263.0157482766699 0.0 0.0 0.0 1.0 0.0 0.0 3.0 0.0
264.00859654775854 0.0 0.0 0.0 1.0 0.0 0.0 3.0 0.0
265.0066440416437 0.0 0.0 0.0 1.0 0.0 0.0 3.0 0.0
266.0011325265424 0.0 0.0 0.0 1.0 0.0 0.0 3.0 0.0
267.0354125436876 0.0 0.0 0.0 1.0 0.0 0.0 3.0 0.0
268.0208882325037 0.0 0.0 0.0 1.0 0.0 0.0 3.0 0.0
269.0256633439058 0.0 0.0 0.0 1.0 0.0 0.0 3.0 0.0
270.03578679558177 0.0 0.0 0.0 1.0 0.0 0.0 3.0 0.0
271.00342088427624 0.0 0.0 0.0 1.0 0.0 0.0 3.0 0.0
272.00682678419105 0.0 0.0 0.0 1.0 0.0 0.0 3.0 0.0
273.016188446514 0.0 0.0 0.0 1.0 0.0 0.0 3.0 0.0
274.0005876410296 0.0 0.0 0.0 1.0 0.0 0.0 3.0 0.0
275.02127615587057 0.0 0.0 0.0 1.0 0.0 0.0 3.0 0.0
276.03578679558177 0.0 0.0 0.0 1.0 0.0 0.0 3.0 0.0
277.0008500049712 0.0 0.0 0.0 1.0 0.0 0.0 3.0 0.0
278.00209904057346 0.0 0.0 0.0 1.0 0.0 0.0 3.0 0.0
279.00278032012676 0.0 0.0 0.0 1.0 0.0 0.0 3.0 0.0
280.03578679558177 0.0 0.0 0.0 1.0 0.0 0.0 3.0 0.0
281.03578679558177 0.0 0.0 0.0 1.0 0.0 0.0 3.0 0.0
282.03074257503334 0.0 0.0 0.0 1.0 0.0 0.0 3.0 0.0
283.03204017343234 0.0 0.0 0.0 1.0 0.0 0.0 3.0 0.0
284.0113341929815 0.0 0.0 0.0 1.0 0.0 0.0 3.0 0.0
285.03578679558177 0.0 0.0 0.0 1.0 0.0 0.0 3.0 0.0
286.00631186605693 0.0 0.0 0.0 1.0 0.0 0.0 3.0 0.0
287.0236027338404 0.0 0.0 0.0 1.0 0.0 0.0 3.0 0.0
288.00284947400394 0.0 0.0 0.0 1.0 0.0 0.0 3.0 0.0
289.03578679558177 0.0 0.0 0.0 1.0 0.0 0.0 3.0 0.0
290.0251828325192 0.0 0.0 0.0 1.0 0.0 0.0 3.0 0.0
291.00127900216904 0.0 0.0 0.0 1.0 0.0 0.0 3.0 0.0
292.0106148179336 0.0 0.0 0.0 1.0 0.0 0.0 3.0 0.0
293.03578679558177 0.0 0.0 0.0 1.0 0.0 0.0 3.0 0.0
294.03578679558177 0.0 0.0 0.0 1.0 0.0 0.0 3.0 0.0
295.0082541482495 0.0 0.0 0.0 1.0 0.0 0.0 3.0 0.0
296.0094328797383 0.0 0.0 0.0 1.0 0.0 0.0 3.0 0.0
297.0130319893033 0.0 0.0 0.0 1.0 0.0 0.0 3.0 0.0
298.03578679558177 0.0 0.0 0.0 1.0 0.0 0.0 3.0 0.0
299.03578679558177 0.0 0.0 0.0 1.0 0.0 0.0 3.0 0.0
300.03578679558177 0.0 0.0 0.0 1.0 0.0 0.0 3.0 0.0
301.0066475460984 0.0 0.0 0.0 1.0 0.0 0.0 3.0 0.0
302.00364975773454 0.0 0.0 0.0 1.0 0.0 0.0 3.0 0.0
303.0001776354752 0.0 0.0 0.0 1.0 0.0 0.0 3.0 0.0
304.00866839451396 0.0 0.0 0.0 1.0 0.0 0.0 3.0 0.0
305.00825457369785 0.0 0.0 0.0 1.0 0.0 0.0 3.0 0.0
306.01005419424007 0.0 0.0 0.0 1.0 0.0 0.0 3.0 0.0
307.01081669702745 0.0 0.0 0.0 1.0 0.0 0.0 3.0 0.0
308.0234483224546 0.0 0.0 0.0 1.0 0.0 0.0 3.0 0.0
309.01910504231216 0.0 0.0 0.0 1.0 0.0 0.0 3.0 0.0
310.0190462285051 0.0 0.0 0.0 1.0 0.0 0.0 3.0 0.0
311.00363533967294 0.0 0.0 0.0 1.0 0.0 0.0 3.0 0.0
312.0113915321592 0.0 0.0 0.0 1.0 0.0 0.0 3.0 0.0
313.0166823748384 0.0 0.0 0.0 1.0 0.0 0.0 3.0 0.0
314.03578679558177 0.0 0.0 0.0 1.0 0.0 0.0 3.0 0.0
315.01158889688867 0.0 0.0 0.0 1.0 0.0 0.0 3.0 0.0
316.0317606510618 0.0 0.0 0.0 1.0 0.0 0.0 3.0 0.0
317.03578679558177 0.0 0.0 0.0 1.0 0.0 0.0 3.0 0.0
318.0164642224679 0.0 0.0 0.0 1.0 0.0 0.0 3.0 0.0
319.017723910079 0.0 0.0 0.0 1.0 0.0 0.0 3.0 0.0
320.03578679558177 0.0 0.0 0.0 1.0 0.0 0.0 3.0 0.0
321.00952030186045 0.0 0.0 0.0 1.0 0.0 0.0 3.0 0.0
322.00288068321595 0.0 0.0 0.0 1.0 0.0 0.0 3.0 0.0
323.03578679558177 0.0 0.0 0.0 1.0 0.0 0.0 3.0 0.0
324.0232802159783 0.0 0.0 0.0 1.0 0.0 0.0 3.0 0.0
325.02385345586436 0.0 0.0 0.0 1.0 0.0 0.0 3.0 0.0
326.03578679558177 0.0 0.0 0.0 1.0 0.0 0.0 3.0 0.0
327.0110776425101 0.0 0.0 0.0 1.0 0.0 0.0 3.0 0.0
328.0315535025405 0.0 0.0 0.0 1.0 0.0 0.0 3.0 0.0
329.0116538864684 0.0 0.0 0.0 1.0 0.0 0.0 3.0 0.0
330.0161637773759 0.0 0.0 0.0 1.0 0.0 0.0 3.0 0.0
331.0249784393772 0.0 0.0 0.0 1.0 0.0 0.0 3.0 0.0
332.0045203472517 0.0 0.0 0.0 1.0 0.0 0.0 3.0 0.0
333.00356774760763 0.0 0.0 0.0 1.0 0.0 0.0 3.0 0.0
334.03578679558177 0.0 0.0 0.0 1.0 0.0 0.0 3.0 0.0
335.03122968416693 0.0 0.0 0.0 1.0 0.0 0.0 3.0 0.0
336.019725696432 0.0 0.0 0.0 1.0 0.0 0.0 3.0 0.0
337.0293031696408 0.0 0.0 0.0 1.0 0.0 0.0 3.0 0.0
338.0263390465687 0.0 0.0 0.0 1.0 0.0 0.0 3.0 0.0
339.0017072241666 0.0 0.0 0.0 1.0 0.0 0.0 3.0 0.0
340.0321826484332 0.0 0.0 0.0 1.0 0.0 0.0 3.0 0.0
341.0345701802136 0.0 0.0 0.0 1.0 0.0 0.0 3.0 0.0
342.03578679558177 0.0 0.0 0.0 1.0 0.0 0.0 3.0 0.0
343.03578679558177 0.0 0.0 0.0 1.0 0.0 0.0 3.0 0.0
344.01995468454373 0.0 0.0 0.0 1.0 0.0 0.0 3.0 0.0
345.02605230557276 0.0 0.0 0.0 1.0 0.0 0.0 3.0 0.0
346.0009827869542 0.0 0.0 0.0 1.0 0.0 0.0 3.0 0.0
347.0217801649326 0.0 0.0 0.0 1.0 0.0 0.0 3.0 0.0
348.01309605914554 0.0 0.0 0.0 1.0 0.0 0.0 3.0 0.0
349.03578679558177 0.0 0.0 0.0 1.0 0.0 0.0 3.0 0.0
350.00832124468286 0.0 0.0 0.0 1.0 0.0 0.0 3.0 0.0
351.0099177793176 0.0 0.0 0.0 1.0 0.0 0.0 3.0 0.0
352.0018751968922 0.0 0.0 0.0 1.0 0.0 0.0 3.0 0.0
353.00026859049143 0.0 0.0 0.0 1.0 0.0 0.0 3.0 0.0
354.0057392445545 0.0 0.0 0.0 1.0 0.0 0.0 3.0 0.0
355.0125283085021 0.0 0.0 0.0 1.0 0.0 0.0 3.0 0.0
356.0233164759071 0.0 0.0 0.0 1.0 0.0 0.0 3.0 0.0
357.0088216853873 0.0 0.0 0.0 1.0 0.0 0.0 3.0 0.0
358.03578679558177 0.0 0.0 0.0 1.0 0.0 0.0 3.0 0.0
359.03578679558177 0.0 0.0 0.0 1.0 0.0 0.0 3.0 0.0
360.0012990929144 0.0 0.0 0.0 1.0 0.0 0.0 3.0 0.0
361.03578679558177 0.0 0.0 0.0 1.0 0.0 0.0 3.0 0.0
362.00794128254506 0.0 0.0 0.0 1.0 0.0 0.0 3.0 0.0
363.03578679558177 0.0 0.0 0.0 1.0 0.0 0.0 3.0 0.0
364.0261431752387 0.0 0.0 0.0 1.0 0.0 0.0 3.0 0.0
365.00555422768025 0.0 0.0 0.0 1.0 0.0 0.0 3.0 0.0
366.03578679558177 0.0 0.0 0.0 1.0 0.0 0.0 3.0 0.0
367.0103394961801 0.0 0.0 0.0 1.0 0.0 0.0 3.0 0.0
368.0341403265633 0.0 0.0 0.0 1.0 0.0 0.0 3.0 0.0
369.0180970636467 0.0 0.0 0.0 1.0 0.0 0.0 3.0 0.0
370.01597872509484 0.0 0.0 0.0 1.0 0.0 0.0 3.0 0.0
371.0181073887662 0.0 0.0 0.0 1.0 0.0 0.0 3.0 0.0
372.01911450605127 0.0 0.0 0.0 1.0 0.0 0.0 3.0 0.0
373.00528731400476 0.0 0.0 0.0 1.0 0.0 0.0 3.0 0.0
374.02867404744393 0.0 0.0 0.0 1.0 0.0 0.0 3.0 0.0
375.0129479502399 0.0 0.0 0.0 1.0 0.0 0.0 3.0 0.0
376.01076839166404 0.0 0.0 0.0 1.0 0.0 0.0 3.0 0.0
377.0021326645965 0.0 0.0 0.0 1.0 0.0 0.0 3.0 0.0
378.03578679558177 0.0 0.0 0.0 1.0 0.0 0.0 3.0 0.0
379.03514350866516 0.0 0.0 0.0 1.0 0.0 0.0 3.0 0.0
380.0202514808737 0.0 0.0 0.0 1.0 0.0 0.0 3.0 0.0
381.01710556397256 0.0 0.0 0.0 1.0 0.0 0.0 3.0 0.0
382.02706469824017 0.0 0.0 0.0 1.0 0.0 0.0 3.0 0.0
383.01414854062153 0.0 0.0 0.0 1.0 0.0 0.0 3.0 0.0
384.00918378342107 0.0 0.0 0.0 1.0 0.0 0.0 3.0 0.0
385.00136114434156 0.0 0.0 0.0 1.0 0.0 0.0 3.0 0.0
386.0078751176753 0.0 0.0 0.0 1.0 0.0 0.0 3.0 0.0
387.03578679558177 0.0 0.0 0.0 1.0 0.0 0.0 3.0 0.0
388.0039541432484 0.0 0.0 0.0 1.0 0.0 0.0 3.0 0.0
389.03578679558177 0.0 0.0 0.0 1.0 0.0 0.0 3.0 0.0
390.03578679558177 0.0 0.0 0.0 1.0 0.0 0.0 3.0 0.0
391.0233176392995 0.0 0.0 0.0 1.0 0.0 0.0 3.0 0.0
392.02044660236066 0.0 0.0 0.0 1.0 0.0 0.0 3.0 0.0
393.01960774328194 0.0 0.0 0.0 1.0 0.0 0.0 3.0 0.0
394.00503409366274 0.0 0.0 0.0 1.0 0.0 0.0 3.0 0.0
395.0073700224361 0.0 0.0 0.0 1.0 0.0 0.0 3.0 0.0
396.03578679558177 0.0 0.0 0.0 1.0 0.0 0.0 3.0 0.0
397.03578679558177 0.0 0.0 0.0 1.0 0.0 0.0 3.0 0.0
398.01337046412704 0.0 0.0 0.0 1.0 0.0 0.0 3.0 0.0
399.03578679558177 0.0 0.0 0.0 1.0 0.0 0.0 3.0 0.0
400.00211400264755 0.0 0.0 0.0 1.0 0.0 0.0 3.0 0.0
401.0005007568757 0.0 0.0 0.0 1.0 0.0 0.0 3.0 0.0
402.0229359232865 0.0 0.0 0.0 1.0 0.0 0.0 3.0 0.0
403.00125105835036 0.0 0.0 0.0 1.0 0.0 0.0 3.0 0.0
404.0229540304734 0.0 0.0 0.0 1.0 0.0 0.0 3.0 0.0
405.00596433305947 0.0 0.0 0.0 1.0 0.0 0.0 3.0 0.0
406.0134339828776 0.0 0.0 0.0 1.0 0.0 0.0 3.0 0.0
407.03401921299394 0.0 0.0 0.0 1.0 0.0 0.0 3.0 0.0
408.0247892092452 0.0 0.0 0.0 1.0 0.0 0.0 3.0 0.0
409.0197708856456 0.0 0.0 0.0 1.0 0.0 0.0 3.0 0.0
410.0128402753336 0.0 0.0 0.0 1.0 0.0 0.0 3.0 0.0
411.03578679558177 0.0 0.0 0.0 1.0 0.0 0.0 3.0 0.0
412.03578679558177 0.0 0.0 0.0 1.0 0.0 0.0 3.0 0.0
413.03578679558177 0.0 0.0 0.0 1.0 0.0 0.0 3.0 0.0
414.0126077791666 0.0 0.0 0.0 1.0 0.0 0.0 3.0 0.0
415.03578679558177 0.0 0.0 0.0 1.0 0.0 0.0 3.0 0.0
416.0178270256617 0.0 0.0 0.0 1.0 0.0 0.0 3.0 0.0
417.03578679558177 0.0 0.0 0.0 1.0 0.0 0.0 3.0 0.0
418.03578679558177 0.0 0.0 0.0 1.0 0.0 0.0 3.0 0.0
419.03578679558177 0.0 0.0 0.0 1.0 0.0 0.0 3.0 0.0
420.0302783128292 0.0 0.0 0.0 1.0 0.0 0.0 3.0 0.0
421.02364139837965 0.0 0.0 0.0 1.0 0.0 0.0 3.0 0.0
422.0011356938409 0.0 0.0 0.0 1.0 0.0 0.0 3.0 0.0
423.0120950591608 0.0 0.0 0.0 1.0 0.0 0.0 3.0 0.0
424.01931902963645 0.0 0.0 0.0 1.0 0.0 0.0 3.0 0.0
425.0160729028787 0.0 0.0 0.0 1.0 0.0 0.0 3.0 0.0
426.021638102175 0.0 0.0 0.0 1.0 0.0 0.0 3.0 0.0
427.03578679558177 0.0 0.0 0.0 1.0 0.0 0.0 3.0 0.0
428.0037057395945 0.0 0.0 0.0 1.0 0.0 0.0 3.0 0.0
429.03578679558177 0.0 0.0 0.0 1.0 0.0 0.0 3.0 0.0
430.02130166948115 0.0 0.0 0.0 1.0 0.0 0.0 3.0 0.0
431.0176158763902 0.0 0.0 0.0 1.0 0.0 0.0 3.0 0.0
432.0196886247233 0.0 0.0 0.0 1.0 0.0 0.0 3.0 0.0
433.01528078555657 0.0 0.0 0.0 1.0 0.0 0.0 3.0 0.0
434.00393703956064 0.0 0.0 0.0 1.0 0.0 0.0 3.0 0.0
435.0305068420116 0.0 0.0 0.0 1.0 0.0 0.0 3.0 0.0
436.03479081294023 0.0 0.0 0.0 1.0 0.0 0.0 3.0 0.0
437.00786553011943 0.0 0.0 0.0 1.0 0.0 0.0 3.0 0.0
438.0230425369218 0.0 0.0 0.0 1.0 0.0 0.0 3.0 0.0
439.020482374222 0.0 0.0 0.0 1.0 0.0 0.0 3.0 0.0
440.0075253785578 0.0 0.0 0.0 1.0 0.0 0.0 3.0 0.0
441.03578679558177 0.0 0.0 0.0 1.0 0.0 0.0 3.0 0.0
442.03578679558177 0.0 0.0 0.0 1.0 0.0 0.0 3.0 0.0
443.0142825762028 0.0 0.0 0.0 1.0 0.0 0.0 3.0 0.0
444.03578679558177 0.0 0.0 0.0 1.0 0.0 0.0 3.0 0.0
445.01216572342344 0.0 0.0 0.0 1.0 0.0 0.0 3.0 0.0
446.0283210844545 0.0 0.0 0.0 1.0 0.0 0.0 3.0 0.0
447.0066892126946 0.0 0.0 0.0 1.0 0.0 0.0 3.0 0.0
448.03578679558177 0.0 0.0 0.0 1.0 0.0 0.0 3.0 0.0
449.0282166078636 0.0 0.0 0.0 1.0 0.0 0.0 3.0 0.0
450.03578679558177 0.0 0.0 0.0 1.0 0.0 0.0 3.0 0.0
451.03578679558177 0.0 0.0 0.0 1.0 0.0 0.0 3.0 0.0
452.03578679558177 0.0 0.0 0.0 1.0 0.0 0.0 3.0 0.0
453.01167697067416 0.0 0.0 0.0 1.0 0.0 0.0 3.0 0.0
454.03578679558177 0.0 0.0 0.0 1.0 0.0 0.0 3.0 0.0
455.03578679558177 0.0 0.0 0.0 1.0 0.0 0.0 3.0 0.0
456.03578679558177 0.0 0.0 0.0 1.0 0.0 0.0 3.0 0.0
457.03578679558177 0.0 0.0 0.0 1.0 0.0 0.0 3.0 0.0
458.03360915542066 0.0 0.0 0.0 1.0 0.0 0.0 3.0 0.0
459.00007106740935 0.0 0.0 0.0 1.0 0.0 0.0 3.0 0.0
460.00715609719714 0.0 0.0 0.0 1.0 0.0 0.0 3.0 0.0
461.0254571607606 0.0 0.0 0.0 1.0 0.0 0.0 3.0 0.0
462.01150332250864 0.0 0.0 0.0 1.0 0.0 0.0 3.0 0.0
463.001588466676 0.0 0.0 0.0 1.0 0.0 0.0 3.0 0.0
464.03578679558177 0.0 0.0 0.0 1.0 0.0 0.0 3.0 0.0
465.02015944047514 0.0 0.0 0.0 1.0 0.0 0.0 3.0 0.0
466.005565303964 0.0 0.0 0.0 1.0 0.0 0.0 3.0 0.0
467.01099736760506 0.0 0.0 0.0 1.0 0.0 0.0 3.0 0.0
468.00796678015143 0.0 0.0 0.0 1.0 0.0 0.0 3.0 0.0
469.03578679558177 0.0 0.0 0.0 1.0 0.0 0.0 3.0 0.0
470.0139969376218 0.0 0.0 0.0 1.0 0.0 0.0 3.0 0.0
471.00636315872066 0.0 0.0 0.0 1.0 0.0 0.0 3.0 0.0
472.03578679558177 0.0 0.0 0.0 1.0 0.0 0.0 3.0 0.0
473.02638229674625 0.0 0.0 0.0 1.0 0.0 0.0 3.0 0.0
474.0350381393932 0.0 0.0 0.0 1.0 0.0 0.0 3.0 0.0
475.0000031128828 0.0 0.0 0.0 1.0 0.0 0.0 3.0 0.0
476.0091894901459 0.0 0.0 0.0 1.0 0.0 0.0 3.0 0.0
477.0051705291708 0.0 0.0 0.0 1.0 0.0 0.0 3.0 0.0
478.03238820143093 0.0 0.0 0.0 1.0 0.0 0.0 3.0 0.0
479.0319115507116 0.0 0.0 0.0 1.0 0.0 0.0 3.0 0.0
480.03578679558177 0.0 0.0 0.0 1.0 0.0 0.0 3.0 0.0
481.0079967979161 0.0 0.0 0.0 1.0 0.0 0.0 3.0 0.0
482.00555781637155 0.0 0.0 0.0 1.0 0.0 0.0 3.0 0.0
483.00132324200837 0.0 0.0 0.0 1.0 0.0 0.0 3.0 0.0
484.0086281469563 0.0 0.0 0.0 1.0 0.0 0.0 3.0 0.0
485.0310617845713 0.0 0.0 0.0 1.0 0.0 0.0 3.0 0.0
486.0203724938217 0.0 0.0 0.0 1.0 0.0 0.0 3.0 0.0
487.03578679558177 0.0 0.0 0.0 1.0 0.0 0.0 3.0 0.0
488.03578679558177 0.0 0.0 0.0 1.0 0.0 0.0 3.0 0.0
489.0224004760712 0.0 0.0 0.0 1.0 0.0 0.0 3.0 0.0
490.03578679558177 0.0 0.0 0.0 1.0 0.0 0.0 3.0 0.0
491.00753438018677 0.0 0.0 0.0 1.0 0.0 0.0 3.0 0.0
492.02284615700296 0.0 0.0 0.0 1.0 0.0 0.0 3.0 0.0
493.03578679558177 0.0 0.0 0.0 1.0 0.0 0.0 3.0 0.0
494.0198523606988 0.0 0.0 0.0 1.0 0.0 0.0 3.0 0.0
495.03280989481283 0.0 0.0 0.0 1.0 0.0 0.0 3.0 0.0
496.0085445686709 0.0 0.0 0.0 1.0 0.0 0.0 3.0 0.0
497.01224941620416 0.0 0.0 0.0 1.0 0.0 0.0 3.0 0.0
498.02984796014607 0.0 0.0 0.0 1.0 0.0 0.0 3.0 0.0
499.03578679558177 0.0 0.0 0.0 1.0 0.0 0.0 3.0 0.0
500.00166754887704 0.0 0.0 0.0 1.0 0.0 0.0 3.0 0.0
501.00094107213596 0.0 0.0 0.0 1.0 0.0 0.0 3.0 0.0
502.03578679558177 0.0 0.0 0.0 1.0 0.0 0.0 3.0 0.0
503.00458687793605 0.0 0.0 0.0 1.0 0.0 0.0 3.0 0.0
504.03578679558177 0.0 0.0 0.0 1.0 0.0 0.0 3.0 0.0
505.00166129768525 0.0 0.0 0.0 1.0 0.0 0.0 3.0 0.0
506.0000724757333 0.0 0.0 0.0 1.0 0.0 0.0 3.0 0.0
507.03578679558177 0.0 0.0 0.0 1.0 0.0 0.0 3.0 0.0
508.006260761579 0.0 0.0 0.0 1.0 0.0 0.0 3.0 0.0
509.0011051314488 0.0 0.0 0.0 1.0 0.0 0.0 3.0 0.0
510.00165215413324 0.0 0.0 0.0 1.0 0.0 0.0 3.0 0.0
511.00987417191806 0.0 0.0 0.0 1.0 0.0 0.0 3.0 0.0
512.000371476934 0.0 0.0 0.0 1.0 0.0 0.0 3.0 0.0
513.0038705659592 0.0 0.0 0.0 1.0 0.0 0.0 3.0 0.0
514.0003323923914 0.0 0.0 0.0 1.0 0.0 0.0 3.0 0.0
515.0357867955818 0.0 0.0 0.0 1.0 0.0 0.0 3.0 0.0
516.0037320713179 0.0 0.0 0.0 1.0 0.0 0.0 3.0 0.0
517.0109538810902 0.0 0.0 0.0 1.0 0.0 0.0 3.0 0.0
518.0105693248034 0.0 0.0 0.0 1.0 0.0 0.0 3.0 0.0
519.0060594640506 0.0 0.0 0.0 1.0 0.0 0.0 3.0 0.0
520.0182620926852 0.0 0.0 0.0 1.0 0.0 0.0 3.0 0.0
521.0319318981443 0.0 0.0 0.0 1.0 0.0 0.0 3.0 0.0
522.0131878767036 0.0 0.0 0.0 1.0 0.0 0.0 3.0 0.0
523.0047139706032 0.0 0.0 0.0 1.0 0.0 0.0 3.0 0.0
524.0019671565335 0.0 0.0 0.0 1.0 0.0 0.0 3.0 0.0
525.0222644729968 0.0 0.0 0.0 1.0 0.0 0.0 3.0 0.0
526.0061799024753 0.0 0.0 0.0 1.0 0.0 0.0 3.0 0.0
527.0357867955818 0.0 0.0 0.0 1.0 0.0 0.0 3.0 0.0
528.0192506470207 0.0 0.0 0.0 1.0 0.0 0.0 3.0 0.0
529.0311146071457 0.0 0.0 0.0 1.0 0.0 0.0 3.0 0.0
530.0017883340195 0.0 0.0 0.0 1.0 0.0 0.0 3.0 0.0
531.0357867955818 0.0 0.0 0.0 1.0 0.0 0.0 3.0 0.0
532.00960735703 0.0 0.0 0.0 1.0 0.0 0.0 3.0 0.0
533.0010058645101 0.0 0.0 0.0 1.0 0.0 0.0 3.0 0.0
534.004618522925 0.0 0.0 0.0 1.0 0.0 0.0 3.0 0.0
535.0246390138037 0.0 0.0 0.0 1.0 0.0 0.0 3.0 0.0
536.0269683025404 0.0 0.0 0.0 1.0 0.0 0.0 3.0 0.0
537.0072409922378 0.0 0.0 0.0 1.0 0.0 0.0 3.0 0.0
538.0099743196985 0.0 0.0 0.0 1.0 0.0 0.0 3.0 0.0
539.0357867955818 0.0 0.0 0.0 1.0 0.0 0.0 3.0 0.0
540.0240348099662 0.0 0.0 0.0 1.0 0.0 0.0 3.0 0.0
541.0047746847623 0.0 0.0 0.0 1.0 0.0 0.0 3.0 0.0
542.0074232781742 0.0 0.0 0.0 1.0 0.0 0.0 3.0 0.0
543.0056413095117 0.0 0.0 0.0 1.0 0.0 0.0 3.0 0.0
544.0184960289108 0.0 0.0 0.0 1.0 0.0 0.0 3.0 0.0
545.0124227069132 0.0 0.0 0.0 1.0 0.0 0.0 3.0 0.0
546.0124932446595 0.0 0.0 0.0 1.0 0.0 0.0 3.0 0.0
547.0048962132446 0.0 0.0 0.0 1.0 0.0 0.0 3.0 0.0
548.0357867955818 0.0 0.0 0.0 1.0 0.0 0.0 3.0 0.0
549.0202218526507 0.0 0.0 0.0 1.0 0.0 0.0 3.0 0.0
550.0354881582048 0.0 0.0 0.0 1.0 0.0 0.0 3.0 0.0
551.0151008438236 0.0 0.0 0.0 1.0 0.0 0.0 3.0 0.0
552.0030737542558 0.0 0.0 0.0 1.0 0.0 0.0 3.0 0.0
553.027121152945 0.0 0.0 0.0 1.0 0.0 0.0 3.0 0.0
554.0027277090946 0.0 0.0 0.0 1.0 0.0 0.0 3.0 0.0
555.0357867955818 0.0 0.0 0.0 1.0 0.0 0.0 3.0 0.0
556.0017975345662 0.0 0.0 0.0 1.0 0.0 0.0 3.0 0.0
557.0357867955818 0.0 0.0 0.0 1.0 0.0 0.0 3.0 0.0
558.0130803041831 0.0 0.0 0.0 1.0 0.0 0.0 3.0 0.0
559.0039077837112 0.0 0.0 0.0 1.0 0.0 0.0 3.0 0.0
560.0145415562133 0.0 0.0 0.0 1.0 0.0 0.0 3.0 0.0
561.0109301671167 0.0 0.0 0.0 1.0 0.0 0.0 3.0 0.0
562.0198346564257 0.0 0.0 0.0 1.0 0.0 0.0 3.0 0.0
563.0026115701719 0.0 0.0 0.0 1.0 0.0 0.0 3.0 0.0
564.0027275374132 0.0 0.0 0.0 1.0 0.0 0.0 3.0 0.0
565.0084596206252 0.0 0.0 0.0 1.0 0.0 0.0 3.0 0.0
566.0082038980526 0.0 0.0 0.0 1.0 0.0 0.0 3.0 0.0
567.0357867955818 0.0 0.0 0.0 1.0 0.0 0.0 3.0 0.0
568.0086431027839 0.0 0.0 0.0 1.0 0.0 0.0 3.0 0.0
569.0357867955818 0.0 0.0 0.0 1.0 0.0 0.0 3.0 0.0
570.0210406049424 0.0 0.0 0.0 1.0 0.0 0.0 3.0 0.0
571.0040811978515 0.0 0.0 0.0 1.0 0.0 0.0 3.0 0.0
572.0106115893822 0.0 0.0 0.0 1.0 0.0 0.0 3.0 0.0
573.0313286042955 0.0 0.0 0.0 1.0 0.0 0.0 3.0 0.0
574.0136121713466 0.0 0.0 0.0 1.0 0.0 0.0 3.0 0.0
575.0161087636588 0.0 0.0 0.0 1.0 0.0 0.0 3.0 0.0
576.0141466040845 0.0 0.0 0.0 1.0 0.0 0.0 3.0 0.0
577.0033485187233 0.0 0.0 0.0 1.0 0.0 0.0 3.0 0.0
578.0209933865882 0.0 0.0 0.0 1.0 0.0 0.0 3.0 0.0
579.0357867955818 0.0 0.0 0.0 1.0 0.0 0.0 3.0 0.0
580.0040429441194 0.0 0.0 0.0 1.0 0.0 0.0 3.0 0.0
581.0093410755887 0.0 0.0 0.0 1.0 0.0 0.0 3.0 0.0
582.0353059204145 0.0 0.0 0.0 1.0 0.0 0.0 3.0 0.0
583.0134447842978 0.0 0.0 0.0 1.0 0.0 0.0 3.0 0.0
584.0034018771421 0.0 0.0 0.0 1.0 0.0 0.0 3.0 0.0
585.0127357848957 0.0 0.0 0.0 1.0 0.0 0.0 3.0 0.0
586.0102486985834 0.0 0.0 0.0 1.0 0.0 0.0 3.0 0.0
587.0357867955818 0.0 0.0 0.0 1.0 0.0 0.0 3.0 0.0
588.0022653700963 0.0 0.0 0.0 1.0 0.0 0.0 3.0 0.0
589.0273741406588 0.0 0.0 0.0 1.0 0.0 0.0 3.0 0.0
590.0239193695203 0.0 0.0 0.0 1.0 0.0 0.0 3.0 0.0
591.0357867955818 0.0 0.0 0.0 1.0 0.0 0.0 3.0 0.0
592.033716593725 0.0 0.0 0.0 1.0 0.0 0.0 3.0 0.0
593.0154170317913 0.0 0.0 0.0 1.0 0.0 0.0 3.0 0.0
594.0357867955818 0.0 0.0 0.0 1.0 0.0 0.0 3.0 0.0
595.0333037828768 0.0 0.0 0.0 1.0 0.0 0.0 3.0 0.0
596.0044038226029 0.0 0.0 0.0 1.0 0.0 0.0 3.0 0.0
597.0307714568946 0.0 0.0 0.0 1.0 0.0 0.0 3.0 0.0
598.0357867955818 0.0 0.0 0.0 1.0 0.0 0.0 3.0 0.0
599.0357867955818 0.0 0.0 0.0 1.0 0.0 0.0 3.0 0.0
600.0262941176334 0.0 0.0 0.0 1.0 0.0 0.0 3.0 0.0
601.00233079087 0.0 0.0 0.0 1.0 0.0 0.0 3.0 0.0
602.0083788407048 0.0 0.0 0.0 1.0 0.0 0.0 3.0 0.0
603.0207263557678 0.0 0.0 0.0 1.0 0.0 0.0 3.0 0.0
604.0242582978642 0.0 0.0 0.0 1.0 0.0 0.0 3.0 0.0
605.0357867955818 0.0 0.0 0.0 1.0 0.0 0.0 3.0 0.0
606.0298306167526 0.0 0.0 0.0 1.0 0.0 0.0 3.0 0.0
607.0058475095299 0.0 0.0 0.0 1.0 0.0 0.0 3.0 0.0
608.0006074128788 0.0 0.0 0.0 1.0 0.0 0.0 3.0 0.0
609.0014645298721 0.0 0.0 0.0 1.0 0.0 0.0 3.0 0.0
610.0357867955818 0.0 0.0 0.0 1.0 0.0 0.0 3.0 0.0
611.0218981596992 0.0 0.0 0.0 1.0 0.0 0.0 3.0 0.0
612.0324469016896 0.0 0.0 0.0 1.0 0.0 0.0 3.0 0.0
613.0091531933979 0.0 0.0 0.0 1.0 0.0 0.0 3.0 0.0
614.0073934471575 0.0 0.0 0.0 1.0 0.0 0.0 3.0 0.0
615.0007068680318 0.0 0.0 0.0 1.0 0.0 0.0 3.0 0.0
616.0005819848508 0.0 0.0 0.0 1.0 0.0 0.0 3.0 0.0
617.0331229757865 0.0 0.0 0.0 1.0 0.0 0.0 3.0 0.0
618.0349842983127 0.0 0.0 0.0 1.0 0.0 0.0 3.0 0.0
619.0026872654994 0.0 0.0 0.0 1.0 0.0 0.0 3.0 0.0
620.0357867955818 0.0 0.0 0.0 1.0 0.0 0.0 3.0 0.0
621.0147116554766 0.0 0.0 0.0 1.0 0.0 0.0 3.0 0.0
622.0325593283937 0.0 0.0 0.0 1.0 0.0 0.0 3.0 0.0
623.0325953125779 0.0 0.0 0.0 1.0 0.0 0.0 3.0 0.0
624.0305908470542 0.0 0.0 0.0 1.0 0.0 0.0 3.0 0.0
625.0332043910491 0.0 0.0 0.0 1.0 0.0 0.0 3.0 0.0
626.0215700452728 0.0 0.0 0.0 1.0 0.0 0.0 3.0 0.0
627.0229048309031 0.0 0.0 0.0 1.0 0.0 0.0 3.0 0.0
628.0115462987045 0.0 0.0 0.0 1.0 0.0 0.0 3.0 0.0
629.0015319987816 0.0 0.0 0.0 1.0 0.0 0.0 3.0 0.0
630.0357867955818 0.0 0.0 0.0 1.0 0.0 0.0 3.0 0.0
631.0131891206175 0.0 0.0 0.0 1.0 0.0 0.0 3.0 0.0
632.0357867955818 0.0 0.0 0.0 1.0 0.0 0.0 3.0 0.0
633.0239146453271 0.0 0.0 0.0 1.0 0.0 0.0 3.0 0.0
634.0163366489843 0.0 0.0 0.0 1.0 0.0 0.0 3.0 0.0
635.0071922684484 0.0 0.0 0.0 1.0 0.0 0.0 3.0 0.0
636.0230026757749 0.0 0.0 0.0 1.0 0.0 0.0 3.0 0.0
637.0035040091909 0.0 0.0 0.0 1.0 0.0 0.0 3.0 0.0
638.0183890054003 0.0 0.0 0.0 1.0 0.0 0.0 3.0 0.0
639.0333776379653 0.0 0.0 0.0 1.0 0.0 0.0 3.0 0.0
640.0357867955818 0.0 0.0 0.0 1.0 0.0 0.0 3.0 0.0
641.0357867955818 0.0 0.0 0.0 1.0 0.0 0.0 3.0 0.0
642.0357867955818 0.0 0.0 0.0 1.0 0.0 0.0 3.0 0.0
643.0061290716098 0.0 0.0 0.0 1.0 0.0 0.0 3.0 0.0
644.0357867955818 0.0 0.0 0.0 1.0 0.0 0.0 3.0 0.0
645.0174764031733 0.0 0.0 0.0 1.0 0.0 0.0 3.0 0.0
646.0357867955818 0.0 0.0 0.0 1.0 0.0 0.0 3.0 0.0
647.0281685363246 0.0 0.0 0.0 1.0 0.0 0.0 3.0 0.0
648.0132629530654 0.0 0.0 0.0 1.0 0.0 0.0 3.0 0.0
649.0032587811718 0.0 0.0 0.0 1.0 0.0 0.0 3.0 0.0
650.0357867955818 0.0 0.0 0.0 1.0 0.0 0.0 3.0 0.0
651.0357867955818 0.0 0.0 0.0 1.0 0.0 0.0 3.0 0.0
652.0044977095718 0.0 0.0 0.0 1.0 0.0 0.0 3.0 0.0
653.030630804425 0.0 0.0 0.0 1.0 0.0 0.0 3.0 0.0
654.0357867955818 0.0 0.0 0.0 1.0 0.0 0.0 3.0 0.0
655.0357867955818 0.0 0.0 0.0 1.0 0.0 0.0 3.0 0.0
656.0006591257919 0.0 0.0 0.0 1.0 0.0 0.0 3.0 0.0
657.0255185865437 0.0 0.0 0.0 1.0 0.0 0.0 3.0 0.0
658.0051884325597 0.0 0.0 0.0 1.0 0.0 0.0 3.0 0.0
659.0164099185754 0.0 0.0 0.0 1.0 0.0 0.0 3.0 0.0
660.0211170509994 0.0 0.0 0.0 1.0 0.0 0.0 3.0 0.0
661.0357867955818 0.0 0.0 0.0 1.0 0.0 0.0 3.0 0.0
662.0325450740703 0.0 0.0 0.0 1.0 0.0 0.0 3.0 0.0
663.0116647695266 0.0 0.0 0.0 1.0 0.0 0.0 3.0 0.0
664.0162404178295 0.0 0.0 0.0 1.0 0.0 0.0 3.0 0.0
665.0357867955818 0.0 0.0 0.0 1.0 0.0 0.0 3.0 0.0
666.002729465512 0.0 0.0 0.0 1.0 0.0 0.0 3.0 0.0
667.0357867955818 0.0 0.0 0.0 1.0 0.0 0.0 3.0 0.0
668.0357867955818 0.0 0.0 0.0 1.0 0.0 0.0 3.0 0.0
669.0357867955818 0.0 0.0 0.0 1.0 0.0 0.0 3.0 0.0
670.0357867955818 0.0 0.0 0.0 1.0 0.0 0.0 3.0 0.0
671.0357867955818 0.0 0.0 0.0 1.0 0.0 0.0 3.0 0.0
672.0357867955818 0.0 0.0 0.0 1.0 0.0 0.0 3.0 0.0
673.0072203867011 0.0 0.0 0.0 1.0 0.0 0.0 3.0 0.0
674.002807139821 0.0 0.0 0.0 1.0 0.0 0.0 3.0 0.0
675.0245867571036 0.0 0.0 0.0 1.0 0.0 0.0 3.0 0.0
676.0357867955818 0.0 0.0 0.0 1.0 0.0 0.0 3.0 0.0
677.0357867955818 0.0 0.0 0.0 1.0 0.0 0.0 3.0 0.0
678.0357867955818 0.0 0.0 0.0 1.0 0.0 0.0 3.0 0.0
679.0022200472663 0.0 0.0 0.0 1.0 0.0 0.0 3.0 0.0
680.0104525219709 0.0 0.0 0.0 1.0 0.0 0.0 3.0 0.0
681.0171426410567 0.0 0.0 0.0 1.0 0.0 0.0 3.0 0.0
682.0231280685272 0.0 0.0 0.0 1.0 0.0 0.0 3.0 0.0
683.0109522741482 0.0 0.0 0.0 1.0 0.0 0.0 3.0 0.0
684.0357867955818 0.0 0.0 0.0 1.0 0.0 0.0 3.0 0.0
685.0357867955818 0.0 0.0 0.0 1.0 0.0 0.0 3.0 0.0
686.0289695182693 0.0 0.0 0.0 1.0 0.0 0.0 3.0 0.0
687.0105521645816 0.0 0.0 0.0 1.0 0.0 0.0 3.0 0.0
688.002878572719 0.0 0.0 0.0 1.0 0.0 0.0 3.0 0.0
689.032670281722 0.0 0.0 0.0 1.0 0.0 0.0 3.0 0.0
690.0300922445771 0.0 0.0 0.0 1.0 0.0 0.0 3.0 0.0
691.0121306862638 0.0 0.0 0.0 1.0 0.0 0.0 3.0 0.0
692.0262338376494 0.0 0.0 0.0 1.0 0.0 0.0 3.0 0.0
693.0102627446278 0.0 0.0 0.0 1.0 0.0 0.0 3.0 0.0
694.003255343962 0.0 0.0 0.0 1.0 0.0 0.0 3.0 0.0
695.0212535462871 0.0 0.0 0.0 1.0 0.0 0.0 3.0 0.0
696.0266793664946 0.0 0.0 0.0 1.0 0.0 0.0 3.0 0.0
697.0138629148538 0.0 0.0 0.0 1.0 0.0 0.0 3.0 0.0
698.0357867955818 0.0 0.0 0.0 1.0 0.0 0.0 3.0 0.0
699.0281286007942 0.0 0.0 0.0 1.0 0.0 0.0 3.0 0.0
700.0049721838759 0.0 0.0 0.0 1.0 0.0 0.0 3.0 0.0
701.0251804198718 0.0 0.0 0.0 1.0 0.0 0.0 3.0 0.0
702.0116064588708 0.0 0.0 0.0 1.0 0.0 0.0 3.0 0.0
703.0009677156581 0.0 0.0 0.0 1.0 0.0 0.0 3.0 0.0
704.0036834863639 0.0 0.0 0.0 1.0 0.0 0.0 3.0 0.0
705.0214551361073 0.0 0.0 0.0 1.0 0.0 0.0 3.0 0.0
706.0099875381267 0.0 0.0 0.0 1.0 0.0 0.0 3.0 0.0
707.0203317328567 0.0 0.0 0.0 1.0 0.0 0.0 3.0 0.0
708.0009911330177 0.0 0.0 0.0 1.0 0.0 0.0 3.0 0.0
709.0099799711329 0.0 0.0 0.0 1.0 0.0 0.0 3.0 0.0
710.0096718378965 0.0 0.0 0.0 1.0 0.0 0.0 3.0 0.0
711.0357867955818 0.0 0.0 0.0 1.0 0.0 0.0 3.0 0.0
712.0048353100234 0.0 0.0 0.0 1.0 0.0 0.0 3.0 0.0
713.0187118070804 0.0 0.0 0.0 1.0 0.0 0.0 3.0 0.0
714.0248774768404 0.0 0.0 0.0 1.0 0.0 0.0 3.0 0.0
715.0065712197536 0.0 0.0 0.0 1.0 0.0 0.0 3.0 0.0
716.0134973933062 0.0 0.0 0.0 1.0 0.0 0.0 3.0 0.0
717.0357867955818 0.0 0.0 0.0 1.0 0.0 0.0 3.0 0.0
718.0053627643471 0.0 0.0 0.0 1.0 0.0 0.0 3.0 0.0
719.0222740517238 0.0 0.0 0.0 1.0 0.0 0.0 3.0 0.0
720.0159770279334 0.0 0.0 0.0 1.0 0.0 0.0 3.0 0.0
721.0357867955818 0.0 0.0 0.0 1.0 0.0 0.0 3.0 0.0
722.0227293548526 0.0 0.0 0.0 1.0 0.0 0.0 3.0 0.0
723.0275295872134 0.0 0.0 0.0 1.0 0.0 0.0 3.0 0.0
724.0357867955818 0.0 0.0 0.0 1.0 0.0 0.0 3.0 0.0
725.0125866990281 0.0 0.0 0.0 1.0 0.0 0.0 3.0 0.0
726.0347965203252 0.0 0.0 0.0 1.0 0.0 0.0 3.0 0.0
727.0357867955818 0.0 0.0 0.0 1.0 0.0 0.0 3.0 0.0
728.0349153709828 0.0 0.0 0.0 1.0 0.0 0.0 3.0 0.0
729.0244528826628 0.0 0.0 0.0 1.0 0.0 0.0 3.0 0.0
730.0088280590262 0.0 0.0 0.0 1.0 0.0 0.0 3.0 0.0
731.0165680719259 0.0 0.0 0.0 1.0 0.0 0.0 3.0 0.0
732.007541771758 0.0 0.0 0.0 1.0 0.0 0.0 3.0 0.0
733.013092239848 0.0 0.0 0.0 1.0 0.0 0.0 3.0 0.0
734.0162190771255 0.0 0.0 0.0 1.0 0.0 0.0 3.0 0.0
735.0242577600055 0.0 0.0 0.0 1.0 0.0 0.0 3.0 0.0
736.0234634671073 0.0 0.0 0.0 1.0 0.0 0.0 3.0 0.0
737.0357867955818 0.0 0.0 0.0 1.0 0.0 0.0 3.0 0.0
738.0357867955818 0.0 0.0 0.0 1.0 0.0 0.0 3.0 0.0
739.0357867955818 0.0 0.0 0.0 1.0 0.0 0.0 3.0 0.0
740.0357867955818 0.0 0.0 0.0 1.0 0.0 0.0 3.0 0.0
741.004934119381 0.0 0.0 0.0 1.0 0.0 0.0 3.0 0.0
742.0357867955818 0.0 0.0 0.0 1.0 0.0 0.0 3.0 0.0
743.0357867955818 0.0 0.0 0.0 1.0 0.0 0.0 3.0 0.0
744.0117344129986 0.0 0.0 0.0 1.0 0.0 0.0 3.0 0.0
745.025588807449 0.0 0.0 0.0 1.0 0.0 0.0 3.0 0.0
746.0069208792067 0.0 0.0 0.0 1.0 0.0 0.0 3.0 0.0
747.0280283085146 0.0 0.0 0.0 1.0 0.0 0.0 3.0 0.0
748.0310573019143 0.0 0.0 0.0 1.0 0.0 0.0 3.0 0.0
749.0357867955818 0.0 0.0 0.0 1.0 0.0 0.0 3.0 0.0
750.0066971214954 0.0 0.0 0.0 1.0 0.0 0.0 3.0 0.0
751.022701516081 0.0 0.0 0.0 1.0 0.0 0.0 3.0 0.0
752.0357867955818 0.0 0.0 0.0 1.0 0.0 0.0 3.0 0.0
753.0205332164181 0.0 0.0 0.0 1.0 0.0 0.0 3.0 0.0
754.0357867955818 0.0 0.0 0.0 1.0 0.0 0.0 3.0 0.0
755.0357867955818 0.0 0.0 0.0 1.0 0.0 0.0 3.0 0.0
756.004677813153 0.0 0.0 0.0 1.0 0.0 0.0 3.0 0.0
757.0198329126943 0.0 0.0 0.0 1.0 0.0 0.0 3.0 0.0
758.0140420398179 0.0 0.0 0.0 1.0 0.0 0.0 3.0 0.0
759.0128045658341 0.0 0.0 0.0 1.0 0.0 0.0 3.0 0.0
760.01460930514 0.0 0.0 0.0 1.0 0.0 0.0 3.0 0.0
761.0264714764007 0.0 0.0 0.0 1.0 0.0 0.0 3.0 0.0
762.0122173337156 0.0 0.0 0.0 1.0 0.0 0.0 3.0 0.0
763.0277603714975 0.0 0.0 0.0 1.0 0.0 0.0 3.0 0.0
764.0138887492678 0.0 0.0 0.0 1.0 0.0 0.0 3.0 0.0
765.0357867955818 0.0 0.0 0.0 1.0 0.0 0.0 3.0 0.0
766.0286066217265 0.0 0.0 0.0 1.0 0.0 0.0 3.0 0.0
767.0357867955818 0.0 0.0 0.0 1.0 0.0 0.0 3.0 0.0
768.0133639770195 0.0 0.0 0.0 1.0 0.0 0.0 3.0 0.0
769.0357867955818 0.0 0.0 0.0 1.0 0.0 0.0 3.0 0.0
770.0092597115462 0.0 0.0 0.0 1.0 0.0 0.0 3.0 0.0
771.016230088969 0.0 0.0 0.0 1.0 0.0 0.0 3.0 0.0
772.0357867955818 0.0 0.0 0.0 1.0 0.0 0.0 3.0 0.0
773.0357867955818 0.0 0.0 0.0 1.0 0.0 0.0 3.0 0.0
774.0018228794778 0.0 0.0 0.0 1.0 0.0 0.0 3.0 0.0
775.0314399228157 0.0 0.0 0.0 1.0 0.0 0.0 3.0 0.0
776.0093961095379 0.0 0.0 0.0 1.0 0.0 0.0 3.0 0.0
777.0357867955818 0.0 0.0 0.0 1.0 0.0 0.0 3.0 0.0
778.0295237195767 0.0 0.0 0.0 1.0 0.0 0.0 3.0 0.0
779.0154847993003 0.0 0.0 0.0 1.0 0.0 0.0 3.0 0.0
780.0086410884679 0.0 0.0 0.0 1.0 0.0 0.0 3.0 0.0
781.0113344323913 0.0 0.0 0.0 1.0 0.0 0.0 3.0 0.0
782.0123512108881 0.0 0.0 0.0 1.0 0.0 0.0 3.0 0.0
783.0357867955818 0.0 0.0 0.0 1.0 0.0 0.0 3.0 0.0
784.0032434889617 0.0 0.0 0.0 1.0 0.0 0.0 3.0 0.0
785.0180765744775 0.0 0.0 0.0 1.0 0.0 0.0 3.0 0.0
786.0041141184374 0.0 0.0 0.0 1.0 0.0 0.0 3.0 0.0
787.0186234016073 0.0 0.0 0.0 1.0 0.0 0.0 3.0 0.0
788.0357867955818 0.0 0.0 0.0 1.0 0.0 0.0 3.0 0.0
789.0357867955818 0.0 0.0 0.0 1.0 0.0 0.0 3.0 0.0
790.0247228478956 0.0 0.0 0.0 1.0 0.0 0.0 3.0 0.0
791.0025776547535 0.0 0.0 0.0 1.0 0.0 0.0 3.0 0.0
792.0025328554165 0.0 0.0 0.0 1.0 0.0 0.0 3.0 0.0
793.0357867955818 0.0 0.0 0.0 1.0 0.0 0.0 3.0 0.0
794.0070815493314 0.0 0.0 0.0 1.0 0.0 0.0 3.0 0.0
795.0141489451013 0.0 0.0 0.0 1.0 0.0 0.0 3.0 0.0
796.0137904532755 0.0 0.0 0.0 1.0 0.0 0.0 3.0 0.0
797.0078623306141 0.0 0.0 0.0 1.0 0.0 0.0 3.0 0.0
798.035390650608 0.0 0.0 0.0 1.0 0.0 0.0 3.0 0.0
799.0084244330991 0.0 0.0 0.0 1.0 0.0 0.0 3.0 0.0
800.0024136849992 0.0 0.0 0.0 1.0 0.0 0.0 3.0 0.0
801.0062296217102 0.0 0.0 0.0 1.0 0.0 0.0 3.0 0.0
802.023077258633 0.0 0.0 0.0 1.0 0.0 0.0 3.0 0.0
803.0023064483519 0.0 0.0 0.0 1.0 0.0 0.0 3.0 0.0
804.0222081773123 0.0 0.0 0.0 1.0 0.0 0.0 3.0 0.0
805.0357867955818 0.0 0.0 0.0 1.0 0.0 0.0 3.0 0.0
806.0065670230541 0.0 0.0 0.0 1.0 0.0 0.0 3.0 0.0
807.0137505943457 0.0 0.0 0.0 1.0 0.0 0.0 3.0 0.0
808.0206211440097 0.0 0.0 0.0 1.0 0.0 0.0 3.0 0.0
809.0132044167865 0.0 0.0 0.0 1.0 0.0 0.0 3.0 0.0
810.0082701596923 0.0 0.0 0.0 1.0 0.0 0.0 3.0 0.0
811.0357867955818 0.0 0.0 0.0 1.0 0.0 0.0 3.0 0.0
812.0357867955818 0.0 0.0 0.0 1.0 0.0 0.0 3.0 0.0
813.0266620803659 0.0 0.0 0.0 1.0 0.0 0.0 3.0 0.0
814.0219099974673 0.0 0.0 0.0 1.0 0.0 0.0 3.0 0.0
815.0023400876589 0.0 0.0 0.0 1.0 0.0 0.0 3.0 0.0
816.0015336845925 0.0 0.0 0.0 1.0 0.0 0.0 3.0 0.0
817.0298643714918 0.0 0.0 0.0 1.0 0.0 0.0 3.0 0.0
818.0104060001969 0.0 0.0 0.0 1.0 0.0 0.0 3.0 0.0
819.0020763655406 0.0 0.0 0.0 1.0 0.0 0.0 3.0 0.0
820.0012694883658 0.0 0.0 0.0 1.0 0.0 0.0 3.0 0.0
821.0357867955818 0.0 0.0 0.0 1.0 0.0 0.0 3.0 0.0
822.0357867955818 0.0 0.0 0.0 1.0 0.0 0.0 3.0 0.0
823.0357867955818 0.0 0.0 0.0 1.0 0.0 0.0 3.0 0.0
824.0234711383042 0.0 0.0 0.0 1.0 0.0 0.0 3.0 0.0
825.0188081898557 0.0 0.0 0.0 1.0 0.0 0.0 3.0 0.0
826.0001574075135 0.0 0.0 0.0 1.0 0.0 0.0 3.0 0.0
827.0357867955818 0.0 0.0 0.0 1.0 0.0 0.0 3.0 0.0
828.0328932901338 0.0 0.0 0.0 1.0 0.0 0.0 3.0 0.0
829.0357867955818 0.0 0.0 0.0 1.0 0.0 0.0 3.0 0.0
830.0168461509993 0.0 0.0 0.0 1.0 0.0 0.0 3.0 0.0
831.0089013938219 0.0 0.0 0.0 1.0 0.0 0.0 3.0 0.0
832.012093699438 0.0 0.0 0.0 1.0 0.0 0.0 3.0 0.0
833.0199708592894 0.0 0.0 0.0 1.0 0.0 0.0 3.0 0.0
834.0218356539585 0.0 0.0 0.0 1.0 0.0 0.0 3.0 0.0
835.0080667279801 0.0 0.0 0.0 1.0 0.0 0.0 3.0 0.0
836.0241726993921 0.0 0.0 0.0 1.0 0.0 0.0 3.0 0.0
837.0347638156528 0.0 0.0 0.0 1.0 0.0 0.0 3.0 0.0
838.0357867955818 0.0 0.0 0.0 1.0 0.0 0.0 3.0 0.0
839.0016114044442 0.0 0.0 0.0 1.0 0.0 0.0 3.0 0.0
840.0009875827408 0.0 0.0 0.0 1.0 0.0 0.0 3.0 0.0
841.0142913464003 0.0 0.0 0.0 1.0 0.0 0.0 3.0 0.0
842.0074944164245 0.0 0.0 0.0 1.0 0.0 0.0 3.0 0.0
843.0069014879755 0.0 0.0 0.0 1.0 0.0 0.0 3.0 0.0
844.0182434279401 0.0 0.0 0.0 1.0 0.0 0.0 3.0 0.0
845.028669154294 0.0 0.0 0.0 1.0 0.0 0.0 3.0 0.0
846.0006602094256 0.0 0.0 0.0 1.0 0.0 0.0 3.0 0.0
847.0019325629105 0.0 0.0 0.0 1.0 0.0 0.0 3.0 0.0
848.0199856944874 0.0 0.0 0.0 1.0 0.0 0.0 3.0 0.0
849.0074065077298 0.0 0.0 0.0 1.0 0.0 0.0 3.0 0.0
850.0357867955818 0.0 0.0 0.0 1.0 0.0 0.0 3.0 0.0
851.004967053214 0.0 0.0 0.0 1.0 0.0 0.0 3.0 0.0
852.0357867955818 0.0 0.0 0.0 1.0 0.0 0.0 3.0 0.0
853.0083817439285 0.0 0.0 0.0 1.0 0.0 0.0 3.0 0.0
854.0357867955818 0.0 0.0 0.0 1.0 0.0 0.0 3.0 0.0
855.0331332643544 0.0 0.0 0.0 1.0 0.0 0.0 3.0 0.0
856.0357867955818 0.0 0.0 0.0 1.0 0.0 0.0 3.0 0.0
857.005516342699 0.0 0.0 0.0 1.0 0.0 0.0 3.0 0.0
858.0357867955818 0.0 0.0 0.0 1.0 0.0 0.0 3.0 0.0
859.0357867955818 0.0 0.0 0.0 1.0 0.0 0.0 3.0 0.0
860.0352496849149 0.0 0.0 0.0 1.0 0.0 0.0 3.0 0.0
861.0357867955818 0.0 0.0 0.0 1.0 0.0 0.0 3.0 0.0
862.0357867955818 0.0 0.0 0.0 1.0 0.0 0.0 3.0 0.0
863.0332753988209 0.0 0.0 0.0 1.0 0.0 0.0 3.0 0.0
864.0334198107387 0.0 0.0 0.0 1.0 0.0 0.0 3.0 0.0
865.0357867955818 0.0 0.0 0.0 1.0 0.0 0.0 3.0 0.0
866.0088593818822 0.0 0.0 0.0 1.0 0.0 0.0 3.0 0.0
867.0081498640674 0.0 0.0 0.0 1.0 0.0 0.0 3.0 0.0
868.0008167528445 0.0 0.0 0.0 1.0 0.0 0.0 3.0 0.0
869.0082265655601 0.0 0.0 0.0 1.0 0.0 0.0 3.0 0.0
870.0357867955818 0.0 0.0 0.0 1.0 0.0 0.0 3.0 0.0
871.0087120232071 0.0 0.0 0.0 1.0 0.0 0.0 3.0 0.0
872.002824332776 0.0 0.0 0.0 1.0 0.0 0.0 3.0 0.0
873.0008156905819 0.0 0.0 0.0 1.0 0.0 0.0 3.0 0.0
874.0059794525569 0.0 0.0 0.0 1.0 0.0 0.0 3.0 0.0
875.0357867955818 0.0 0.0 0.0 1.0 0.0 0.0 3.0 0.0
876.0113811183477 0.0 0.0 0.0 1.0 0.0 0.0 3.0 0.0
877.030939184442 0.0 0.0 0.0 1.0 0.0 0.0 3.0 0.0
878.0165158445976 0.0 0.0 0.0 1.0 0.0 0.0 3.0 0.0
879.0090565375624 0.0 0.0 0.0 1.0 0.0 0.0 3.0 0.0
880.0306378916326 0.0 0.0 0.0 1.0 0.0 0.0 3.0 0.0
881.0123164137402 0.0 0.0 0.0 1.0 0.0 0.0 3.0 0.0
882.0259822060805 0.0 0.0 0.0 1.0 0.0 0.0 3.0 0.0
883.0357867955818 0.0 0.0 0.0 1.0 0.0 0.0 3.0 0.0
884.0051916340628 0.0 0.0 0.0 1.0 0.0 0.0 3.0 0.0
885.0298990637585 0.0 0.0 0.0 1.0 0.0 0.0 3.0 0.0
886.0075033037085 0.0 0.0 0.0 1.0 0.0 0.0 3.0 0.0
887.0311372650942 0.0 0.0 0.0 1.0 0.0 0.0 3.0 0.0
888.0357867955818 0.0 0.0 0.0 1.0 0.0 0.0 3.0 0.0
889.0074755902812 0.0 0.0 0.0 1.0 0.0 0.0 3.0 0.0
890.0357867955818 0.0 0.0 0.0 1.0 0.0 0.0 3.0 0.0
891.0125164340459 0.0 0.0 0.0 1.0 0.0 0.0 3.0 0.0
892.0048519072723 0.0 0.0 0.0 1.0 0.0 0.0 3.0 0.0
893.0196000963194 0.0 0.0 0.0 1.0 0.0 0.0 3.0 0.0
894.0199912965301 0.0 0.0 0.0 1.0 0.0 0.0 3.0 0.0
895.0357867955818 0.0 0.0 0.0 1.0 0.0 0.0 3.0 0.0
896.0065876785692 0.0 0.0 0.0 1.0 0.0 0.0 3.0 0.0
897.0087091772126 0.0 0.0 0.0 1.0 0.0 0.0 3.0 0.0
898.0088215405107 0.0 0.0 0.0 1.0 0.0 0.0 3.0 0.0
899.0357867955818 0.0 0.0 0.0 1.0 0.0 0.0 3.0 0.0
900.0233252731815 0.0 0.0 0.0 1.0 0.0 0.0 3.0 0.0
901.0217880635439 0.0 0.0 0.0 1.0 0.0 0.0 3.0 0.0
902.0045336653598 0.0 0.0 0.0 1.0 0.0 0.0 3.0 0.0
903.0025637736481 0.0 0.0 0.0 1.0 0.0 0.0 3.0 0.0
904.0253309491977 0.0 0.0 0.0 1.0 0.0 0.0 3.0 0.0
905.0003266020921 0.0 0.0 0.0 1.0 0.0 0.0 3.0 0.0
906.0177296520399 0.0 0.0 0.0 1.0 0.0 0.0 3.0 0.0
907.0322785194614 0.0 0.0 0.0 1.0 0.0 0.0 3.0 0.0
908.0069327067737 0.0 0.0 0.0 1.0 0.0 0.0 3.0 0.0
909.0161835053752 0.0 0.0 0.0 1.0 0.0 0.0 3.0 0.0
910.0295642134587 0.0 0.0 0.0 1.0 0.0 0.0 3.0 0.0
911.014522316341 0.0 0.0 0.0 1.0 0.0 0.0 3.0 0.0
912.0039827114016 0.0 0.0 0.0 1.0 0.0 0.0 3.0 0.0
913.0357867955818 0.0 0.0 0.0 1.0 0.0 0.0 3.0 0.0
914.0357867955818 0.0 0.0 0.0 1.0 0.0 0.0 3.0 0.0
915.0099257295656 0.0 0.0 0.0 1.0 0.0 0.0 3.0 0.0
916.0357867955818 0.0 0.0 0.0 1.0 0.0 0.0 3.0 0.0
917.0357867955818 0.0 0.0 0.0 1.0 0.0 0.0 3.0 0.0
918.0061265298742 0.0 0.0 0.0 1.0 0.0 0.0 3.0 0.0
919.0195151284281 0.0 0.0 0.0 1.0 0.0 0.0 3.0 0.0
920.0104533955717 0.0 0.0 0.0 1.0 0.0 0.0 3.0 0.0
921.0056242796337 0.0 0.0 0.0 1.0 0.0 0.0 3.0 0.0
922.0191520698013 0.0 0.0 0.0 1.0 0.0 0.0 3.0 0.0
923.0096863610918 0.0 0.0 0.0 1.0 0.0 0.0 3.0 0.0
924.0021571969318 0.0 0.0 0.0 1.0 0.0 0.0 3.0 0.0
925.0357867955818 0.0 0.0 0.0 1.0 0.0 0.0 3.0 0.0
926.0357867955818 0.0 0.0 0.0 1.0 0.0 0.0 3.0 0.0
927.0049230165249 0.0 0.0 0.0 1.0 0.0 0.0 3.0 0.0
928.0011161705332 0.0 0.0 0.0 1.0 0.0 0.0 3.0 0.0
929.0357867955818 0.0 0.0 0.0 1.0 0.0 0.0 3.0 0.0
930.0357867955818 0.0 0.0 0.0 1.0 0.0 0.0 3.0 0.0
931.0357867955818 0.0 0.0 0.0 1.0 0.0 0.0 3.0 0.0
932.0171687843273 0.0 0.0 0.0 1.0 0.0 0.0 3.0 0.0
933.0096823758894 0.0 0.0 0.0 1.0 0.0 0.0 3.0 0.0
934.0037986644851 0.0 0.0 0.0 1.0 0.0 0.0 3.0 0.0
935.0248012933442 0.0 0.0 0.0 1.0 0.0 0.0 3.0 0.0
936.0357867955818 0.0 0.0 0.0 1.0 0.0 0.0 3.0 0.0
937.0141376564497 0.0 0.0 0.0 1.0 0.0 0.0 3.0 0.0
938.0130637040828 0.0 0.0 0.0 1.0 0.0 0.0 3.0 0.0
939.0017647569623 0.0 0.0 0.0 1.0 0.0 0.0 3.0 0.0
940.0115408093236 0.0 0.0 0.0 1.0 0.0 0.0 3.0 0.0
941.0357867955818 0.0 0.0 0.0 1.0 0.0 0.0 3.0 0.0
942.0087053620197 0.0 0.0 0.0 1.0 0.0 0.0 3.0 0.0
943.0192539216985 0.0 0.0 0.0 1.0 0.0 0.0 3.0 0.0
944.013549838544 0.0 0.0 0.0 1.0 0.0 0.0 3.0 0.0
945.0357867955818 0.0 0.0 0.0 1.0 0.0 0.0 3.0 0.0
946.0101444082784 0.0 0.0 0.0 1.0 0.0 0.0 3.0 0.0
947.002921751714 0.0 0.0 0.0 1.0 0.0 0.0 3.0 0.0
948.0151456457736 0.0 0.0 0.0 1.0 0.0 0.0 3.0 0.0
949.0357867955818 0.0 0.0 0.0 1.0 0.0 0.0 3.0 0.0
950.0176940671194 0.0 0.0 0.0 1.0 0.0 0.0 3.0 0.0
951.0357867955818 0.0 0.0 0.0 1.0 0.0 0.0 3.0 0.0
952.029072249615 0.0 0.0 0.0 1.0 0.0 0.0 3.0 0.0
953.0193911227711 0.0 0.0 0.0 1.0 0.0 0.0 3.0 0.0
954.0152429874287 0.0 0.0 0.0 1.0 0.0 0.0 3.0 0.0
955.0108578910509 0.0 0.0 0.0 1.0 0.0 0.0 3.0 0.0
956.0357867955818 0.0 0.0 0.0 1.0 0.0 0.0 3.0 0.0
957.0357867955818 0.0 0.0 0.0 1.0 0.0 0.0 3.0 0.0
958.0093323114478 0.0 0.0 0.0 1.0 0.0 0.0 3.0 0.0
959.0066386080493 0.0 0.0 0.0 1.0 0.0 0.0 3.0 0.0
960.0357867955818 0.0 0.0 0.0 1.0 0.0 0.0 3.0 0.0
961.0108895707211 0.0 0.0 0.0 1.0 0.0 0.0 3.0 0.0
962.0357867955818 0.0 0.0 0.0 1.0 0.0 0.0 3.0 0.0
963.0062312875855 0.0 0.0 0.0 1.0 0.0 0.0 3.0 0.0
964.0132798745822 0.0 0.0 0.0 1.0 0.0 0.0 3.0 0.0
965.0122469981246 0.0 0.0 0.0 1.0 0.0 0.0 3.0 0.0
966.0220360036919 0.0 0.0 0.0 1.0 0.0 0.0 3.0 0.0
967.0201849801787 0.0 0.0 0.0 1.0 0.0 0.0 3.0 0.0
968.0264876739694 0.0 0.0 0.0 1.0 0.0 0.0 3.0 0.0
969.0187833937138 0.0 0.0 0.0 1.0 0.0 0.0 3.0 0.0
970.0357867955818 0.0 0.0 0.0 1.0 0.0 0.0 3.0 0.0
971.0125336811791 0.0 0.0 0.0 1.0 0.0 0.0 3.0 0.0
972.0357867955818 0.0 0.0 0.0 1.0 0.0 0.0 3.0 0.0
973.0191331939017 0.0 0.0 0.0 1.0 0.0 0.0 3.0 0.0
974.0357867955818 0.0 0.0 0.0 1.0 0.0 0.0 3.0 0.0
975.0163445090177 0.0 0.0 0.0 1.0 0.0 0.0 3.0 0.0
976.0357867955818 0.0 0.0 0.0 1.0 0.0 0.0 3.0 0.0
977.0023850931099 0.0 0.0 0.0 1.0 0.0 0.0 3.0 0.0
978.0357867955818 0.0 0.0 0.0 1.0 0.0 0.0 3.0 0.0
979.0145402956737 0.0 0.0 0.0 1.0 0.0 0.0 3.0 0.0
980.0233216246243 0.0 0.0 0.0 1.0 0.0 0.0 3.0 0.0
981.0091734332548 0.0 0.0 0.0 1.0 0.0 0.0 3.0 0.0
982.0357867955818 0.0 0.0 0.0 1.0 0.0 0.0 3.0 0.0
983.0202324042295 0.0 0.0 0.0 1.0 0.0 0.0 3.0 0.0
984.0242875396615 0.0 0.0 0.0 1.0 0.0 0.0 3.0 0.0
985.0039247083669 0.0 0.0 0.0 1.0 0.0 0.0 3.0 0.0
986.0271951663789 0.0 0.0 0.0 1.0 0.0 0.0 3.0 0.0
987.0357867955818 0.0 0.0 0.0 1.0 0.0 0.0 3.0 0.0
988.0213034150105 0.0 0.0 0.0 1.0 0.0 0.0 3.0 0.0
989.0011763546868 0.0 0.0 0.0 1.0 0.0 0.0 3.0 0.0
990.0203047741187 0.0 0.0 0.0 1.0 0.0 0.0 3.0 0.0
991.0271595858662 0.0 0.0 0.0 1.0 0.0 0.0 3.0 0.0
992.0357867955818 0.0 0.0 0.0 1.0 0.0 0.0 3.0 0.0
993.0203090333533 0.0 0.0 0.0 1.0 0.0 0.0 3.0 0.0
994.00780109096 0.0 0.0 0.0 1.0 0.0 0.0 3.0 0.0
995.0357867955818 0.0 0.0 0.0 1.0 0.0 0.0 3.0 0.0
996.0357867955818 0.0 0.0 0.0 1.0 0.0 0.0 3.0 0.0
997.0044393284986 0.0 0.0 0.0 1.0 0.0 0.0 3.0 0.0
998.0295387482704 0.0 0.0 0.0 1.0 0.0 0.0 3.0 0.0
999.0339976674063 0.0 0.0 0.0 1.0 0.0 0.0 3.0 0.0
1000.0093505207445 0.0 0.0 0.0 1.0 0.0 0.0 3.0 0.0
1001.0357867955818 0.0 0.0 0.0 1.0 0.0 0.0 3.0 0.0
1002.005959385538 0.0 0.0 0.0 1.0 0.0 0.0 3.0 0.0
1003.0357867955818 0.0 0.0 0.0 1.0 0.0 0.0 3.0 0.0
1004.0357867955818 0.0 0.0 0.0 1.0 0.0 0.0 3.0 0.0
1005.0357867955818 0.0 0.0 0.0 1.0 0.0 0.0 3.0 0.0
1006.0232571691357 0.0 0.0 0.0 1.0 0.0 0.0 3.0 0.0
1007.0002898155932 0.0 0.0 0.0 1.0 0.0 0.0 3.0 0.0
1008.0357867955818 0.0 0.0 0.0 1.0 0.0 0.0 3.0 0.0
1009.0116627678609 0.0 0.0 0.0 1.0 0.0 0.0 3.0 0.0
1010.0202522109913 0.0 0.0 0.0 1.0 0.0 0.0 3.0 0.0
1011.0234258415213 0.0 0.0 0.0 1.0 0.0 0.0 3.0 0.0
1012.029027086957 0.0 0.0 0.0 1.0 0.0 0.0 3.0 0.0
1013.0078075409145 0.0 0.0 0.0 1.0 0.0 0.0 3.0 0.0
1014.0076783053872 0.0 0.0 0.0 1.0 0.0 0.0 3.0 0.0
1015.0088320247844 0.0 0.0 0.0 1.0 0.0 0.0 3.0 0.0
1016.0016966538097 0.0 0.0 0.0 1.0 0.0 0.0 3.0 0.0
1017.0209723387422 0.0 0.0 0.0 1.0 0.0 0.0 3.0 0.0
1018.013748206212 0.0 0.0 0.0 1.0 0.0 0.0 3.0 0.0
1019.0037199759438 0.0 0.0 0.0 1.0 0.0 0.0 3.0 0.0
1020.0158818312956 0.0 0.0 0.0 1.0 0.0 0.0 3.0 0.0
1021.0147185746061 0.0 0.0 0.0 1.0 0.0 0.0 3.0 0.0
1022.0236377743914 0.0 0.0 0.0 1.0 0.0 0.0 3.0 0.0
1023.0357867955818 0.0 0.0 0.0 1.0 0.0 0.0 3.0 0.0
1024.0357867955818 0.0 0.0 0.0 1.0 0.0 0.0 3.0 0.0
1025.0357867955818 0.0 0.0 0.0 1.0 0.0 0.0 3.0 0.0
1026.0357867955818 0.0 0.0 0.0 1.0 0.0 0.0 3.0 0.0
1027.0204954462736 0.0 0.0 0.0 1.0 0.0 0.0 3.0 0.0
1028.0070730355355 0.0 0.0 0.0 1.0 0.0 0.0 3.0 0.0
1029.0256405302994 0.0 0.0 0.0 1.0 0.0 0.0 3.0 0.0
1030.005014647462 0.0 0.0 0.0 1.0 0.0 0.0 3.0 0.0
1031.0061819034427 0.0 0.0 0.0 1.0 0.0 0.0 3.0 0.0
1032.0123394451807 0.0 0.0 0.0 1.0 0.0 0.0 3.0 0.0
1033.014697470029 0.0 0.0 0.0 1.0 0.0 0.0 3.0 0.0
1034.0357867955818 0.0 0.0 0.0 1.0 0.0 0.0 3.0 0.0
1035.0144731889638 0.0 0.0 0.0 1.0 0.0 0.0 3.0 0.0
1036.0305808715345 0.0 0.0 0.0 1.0 0.0 0.0 3.0 0.0
1037.0144643777799 0.0 0.0 0.0 1.0 0.0 0.0 3.0 0.0
1038.019085032619 0.0 0.0 0.0 1.0 0.0 0.0 3.0 0.0
1039.00021757349 0.0 0.0 0.0 1.0 0.0 0.0 3.0 0.0
1040.006744987383 0.0 0.0 0.0 1.0 0.0 0.0 3.0 0.0
1041.007430359196 0.0 0.0 0.0 1.0 0.0 0.0 3.0 0.0
1042.0108244710764 0.0 0.0 0.0 1.0 0.0 0.0 3.0 0.0
1043.0168125816604 0.0 0.0 0.0 1.0 0.0 0.0 3.0 0.0
1044.0120038358632 0.0 0.0 0.0 1.0 0.0 0.0 3.0 0.0
1045.0005082809298 0.0 0.0 0.0 1.0 0.0 0.0 3.0 0.0
1046.0213732703264 0.0 0.0 0.0 1.0 0.0 0.0 3.0 0.0
1047.0307760814044 0.0 0.0 0.0 1.0 0.0 0.0 3.0 0.0
1048.0004803782792 0.0 0.0 0.0 1.0 0.0 0.0 3.0 0.0
1049.0066700464672 0.0 0.0 0.0 1.0 0.0 0.0 3.0 0.0
1050.0046274136428 0.0 0.0 0.0 1.0 0.0 0.0 3.0 0.0
1051.025004351463 0.0 0.0 0.0 1.0 0.0 0.0 3.0 0.0
1052.0087887611064 0.0 0.0 0.0 1.0 0.0 0.0 3.0 0.0
1053.0347768963202 0.0 0.0 0.0 1.0 0.0 0.0 3.0 0.0
1054.0357867955818 0.0 0.0 0.0 1.0 0.0 0.0 3.0 0.0
1055.0199100413474 0.0 0.0 0.0 1.0 0.0 0.0 3.0 0.0
1056.0357867955818 0.0 0.0 0.0 1.0 0.0 0.0 3.0 0.0
1057.0142583779214 0.0 0.0 0.0 1.0 0.0 0.0 3.0 0.0
1058.0025273619408 0.0 0.0 0.0 1.0 0.0 0.0 3.0 0.0
1059.0061618122877 0.0 0.0 0.0 1.0 0.0 0.0 3.0 0.0
1060.0128396914222 0.0 0.0 0.0 1.0 0.0 0.0 3.0 0.0
1061.0075776383628 0.0 0.0 0.0 1.0 0.0 0.0 3.0 0.0
1062.0026744152333 0.0 0.0 0.0 1.0 0.0 0.0 3.0 0.0
1063.0016867740655 0.0 0.0 0.0 1.0 0.0 0.0 3.0 0.0
1064.0155424895875 0.0 0.0 0.0 1.0 0.0 0.0 3.0 0.0
1065.0357867955818 0.0 0.0 0.0 1.0 0.0 0.0 3.0 0.0
1066.0076215370436 0.0 0.0 0.0 1.0 0.0 0.0 3.0 0.0
1067.0078245101897 0.0 0.0 0.0 1.0 0.0 0.0 3.0 0.0
1068.0357867955818 0.0 0.0 0.0 1.0 0.0 0.0 3.0 0.0
1069.0010756847703 0.0 0.0 0.0 1.0 0.0 0.0 3.0 0.0
1070.0032094007129 0.0 0.0 0.0 1.0 0.0 0.0 3.0 0.0
1071.0148538506287 0.0 0.0 0.0 1.0 0.0 0.0 3.0 0.0
1072.0138621469328 0.0 0.0 0.0 1.0 0.0 0.0 3.0 0.0
1073.025124736538 0.0 0.0 0.0 1.0 0.0 0.0 3.0 0.0
1074.0357867955818 0.0 0.0 0.0 1.0 0.0 0.0 3.0 0.0
1075.0338112418501 0.0 0.0 0.0 1.0 0.0 0.0 3.0 0.0
1076.0133027274044 0.0 0.0 0.0 1.0 0.0 0.0 3.0 0.0
1077.0088306215544 0.0 0.0 0.0 1.0 0.0 0.0 3.0 0.0
1078.0079633368582 0.0 0.0 0.0 1.0 0.0 0.0 3.0 0.0
1079.012697659567 0.0 0.0 0.0 1.0 0.0 0.0 3.0 0.0
1080.0051341517017 0.0 0.0 0.0 1.0 0.0 0.0 3.0 0.0
1081.0357867955818 0.0 0.0 0.0 1.0 0.0 0.0 3.0 0.0
1082.034728833833 0.0 0.0 0.0 1.0 0.0 0.0 3.0 0.0
1083.0064555579509 0.0 0.0 0.0 1.0 0.0 0.0 3.0 0.0
1084.0017967751373 0.0 0.0 0.0 1.0 0.0 0.0 3.0 0.0
1085.0357867955818 0.0 0.0 0.0 1.0 0.0 0.0 3.0 0.0
1086.0229295893175 0.0 0.0 0.0 1.0 0.0 0.0 3.0 0.0
1087.0324731670091 0.0 0.0 0.0 1.0 0.0 0.0 3.0 0.0
1088.0229113913708 0.0 0.0 0.0 1.0 0.0 0.0 3.0 0.0
1089.0228862582492 0.0 0.0 0.0 1.0 0.0 0.0 3.0 0.0
1090.005973505128 0.0 0.0 0.0 1.0 0.0 0.0 3.0 0.0
1091.0245503038586 0.0 0.0 0.0 1.0 0.0 0.0 3.0 0.0
1092.0024040008002 0.0 0.0 0.0 1.0 0.0 0.0 3.0 0.0
1093.006329878291 0.0 0.0 0.0 1.0 0.0 0.0 3.0 0.0
1094.0035336767878 0.0 0.0 0.0 1.0 0.0 0.0 3.0 0.0
1095.0050145722346 0.0 0.0 0.0 1.0 0.0 0.0 3.0 0.0
1096.0287133660993 0.0 0.0 0.0 1.0 0.0 0.0 3.0 0.0
1097.0357867955818 0.0 0.0 0.0 1.0 0.0 0.0 3.0 0.0
1098.019815709292 0.0 0.0 0.0 1.0 0.0 0.0 3.0 0.0
1099.0022529867554 0.0 0.0 0.0 1.0 0.0 0.0 3.0 0.0
1100.0 0.0 0.0 0.0 1.0 0.0 1.0 3.0 0.0
1101.020034792258 0.875 0.0 0.0 0.125 0.0 1.0 3.0 0.21341463414634146
1102.0219614858345 1.0 0.0 0.0 0.0 0.0 1.0 3.8 0.0
1103.0188624931086 1.0 0.0 0.0 0.0 0.0 1.0 4.8 0.0
1104.0357867955818 1.0 0.0 0.0 0.0 0.0 1.0 5.0 0.0
1105.0193181005504 1.0 0.0 0.0 0.0 0.0 1.0 5.0 0.0
1106.0291283103043 1.0 0.0 0.0 0.0 0.0 1.0 5.0 0.0
1107.01189954889 1.0 0.0 0.0 0.0 0.0 1.0 5.0 0.0
1108.0232605846456 1.0 0.0 0.0 0.0 0.0 1.0 5.0 0.0
1109.0193605008062 1.0 0.0 0.0 0.0 0.0 1.0 5.0 0.0
1110.0357867955818 1.0 0.0 0.0 0.0 0.0 1.0 5.0 0.0
1111.0357867955818 1.0 0.0 0.0 0.0 0.0 1.0 5.0 0.0
1112.0357867955818 1.0 0.0 0.0 0.0 0.0 1.0 5.0 0.0
1113.0357867955818 1.0 0.0 0.0 0.0 0.0 1.0 5.0 0.0
1114.0262753722066 1.0 0.0 0.0 0.0 0.0 1.0 5.0 0.0
1115.0239575042858 1.0 0.0 0.0 0.0 0.0 1.0 5.0 0.0
1116.008581843216 1.0 0.0 0.0 0.0 0.0 1.0 5.0 0.0
1117.0357867955818 1.0 0.0 0.0 0.0 0.0 1.0 5.0 0.0
1118.001587126157 1.0 0.0 0.0 0.0 0.0 1.0 5.0 0.0
1119.0135670508096 1.0 0.0 0.0 0.0 0.0 1.0 5.0 0.0
1120.0350140622159 1.0 0.0 0.0 0.0 0.0 1.0 5.0 0.0
1121.0154949707485 1.0 0.0 0.0 0.0 0.0 1.0 5.0 0.0
1122.0357867955818 1.0 0.0 0.0 0.0 0.0 1.0 5.0 0.0
1123.0117197336951 1.0 0.0 0.0 0.0 0.0 1.0 5.0 0.0
1124.0083854669801 1.0 0.0 0.0 0.0 0.0 1.0 5.0 0.0
1125.0011777250515 1.0 0.0 0.0 0.0 0.0 1.0 5.0 0.0
1126.000883157786 1.0 0.0 0.0 0.0 0.0 1.0 5.0 0.0
1127.0357867955818 1.0 0.0 0.0 0.0 0.0 1.0 5.0 0.0
1128.01549801593 1.0 0.0 0.0 0.0 0.0 1.0 5.0 0.0
1129.0276627109222 1.0 0.0 0.0 0.0 0.0 1.0 5.0 0.0
1130.0357867955818 1.0 0.0 0.0 0.0 0.0 1.0 5.0 0.0
1131.0071234324653 1.0 0.0 0.0 0.0 0.0 1.0 5.0 0.0
1132.034399155254 1.0 0.0 0.0 0.0 0.0 1.0 5.0 0.0
1133.0118228157994 1.0 0.0 0.0 0.0 0.0 1.0 5.0 0.0
1134.0357867955818 1.0 0.0 0.0 0.0 0.0 1.0 5.0 0.0
1135.0112931953513 1.0 0.0 0.0 0.0 0.0 1.0 5.0 0.0
1136.0062401746552 1.0 0.0 0.0 0.0 0.0 1.0 5.0 0.0
1137.0357867955818 1.0 0.0 0.0 0.0 0.0 1.0 5.0 0.0
1138.0092454064065 1.0 0.0 0.0 0.0 0.0 1.0 5.0 0.0
1139.0115294327195 1.0 0.0 0.0 0.0 0.0 1.0 5.0 0.0
1140.0161269570822 1.0 0.0 0.0 0.0 0.0 1.0 5.0 0.0
1141.0113365442162 1.0 0.0 0.0 0.0 0.0 1.0 5.0 0.0
1142.009461179496 1.0 0.0 0.0 0.0 0.0 1.0 5.0 0.0
1143.0181173406102 1.0 0.0 0.0 0.0 0.0 1.0 5.0 0.0
1144.007522072894 1.0 0.0 0.0 0.0 0.0 1.0 5.0 0.0
1145.0070921327667 1.0 0.0 0.0 0.0 0.0 1.0 5.0 0.0
1146.0357867955818 1.0 0.0 0.0 0.0 0.0 1.0 5.0 0.0
1147.005936073442 1.0 0.0 0.0 0.0 0.0 1.0 5.0 0.0
1148.01574797767 1.0 0.0 0.0 0.0 0.0 1.0 5.0 0.0
1149.0115746664471 1.0 0.0 0.0 0.0 0.0 1.0 5.0 0.0
1150.0357867955818 1.0 0.0 0.0 0.0 0.0 1.0 5.0 0.0
1151.0047362500543 1.0 0.0 0.0 0.0 0.0 1.0 5.0 0.0
1152.0357867955818 1.0 0.0 0.0 0.0 0.0 1.0 5.0 0.0
1153.0145339619926 1.0 0.0 0.0 0.0 0.0 1.0 5.0 0.0
1154.0357867955818 1.0 0.0 0.0 0.0 0.0 1.0 5.0 0.0
1155.008628494156 1.0 0.0 0.0 0.0 0.0 1.0 5.0 0.0
1156.005858038746 1.0 0.0 0.0 0.0 0.0 1.0 5.0 0.0
1157.0357867955818 1.0 0.0 0.0 0.0 0.0 1.0 5.0 0.0
1158.0357867955818 1.0 0.0 0.0 0.0 0.0 1.0 5.0 0.0
1159.0116300603916 1.0 0.0 0.0 0.0 0.0 1.0 5.0 0.0
1160.01656840143 1.0 0.0 0.0 0.0 0.0 1.0 5.0 0.0
1161.0267480463165 1.0 0.0 0.0 0.0 0.0 1.0 5.0 0.0
1162.008275962001 1.0 0.0 0.0 0.0 0.0 1.0 5.0 0.0
1163.007496684718 1.0 0.0 0.0 0.0 0.0 1.0 5.0 0.0
1164.0197740456013 1.0 0.0 0.0 0.0 0.0 1.0 5.0 0.0
1165.0063451829435 1.0 0.0 0.0 0.0 0.0 1.0 5.0 0.0
1166.0206071278162 1.0 0.0 0.0 0.0 0.0 1.0 5.0 0.0
1167.0357867955818 1.0 0.0 0.0 0.0 0.0 1.0 5.0 0.0
1168.0357867955818 1.0 0.0 0.0 0.0 0.0 1.0 5.0 0.0
1169.0033635595557 1.0 0.0 0.0 0.0 0.0 1.0 5.0 0.0
1170.0009087561104 1.0 0.0 0.0 0.0 0.0 1.0 5.0 0.0
1171.0357867955818 1.0 0.0 0.0 0.0 0.0 1.0 5.0 0.0
1172.0150235558265 1.0 0.0 0.0 0.0 0.0 1.0 5.0 0.0
1173.0096690666085 1.0 0.0 0.0 0.0 0.0 1.0 5.0 0.0
1174.0357867955818 1.0 0.0 0.0 0.0 0.0 1.0 5.0 0.0
1175.011624857598 1.0 0.0 0.0 0.0 0.0 1.0 5.0 0.0
1176.0132641260166 1.0 0.0 0.0 0.0 0.0 1.0 5.0 0.0
1177.0357867955818 1.0 0.0 0.0 0.0 0.0 1.0 5.0 0.0
1178.0166423185926 1.0 0.0 0.0 0.0 0.0 1.0 5.0 0.0
1179.0281623173232 1.0 0.0 0.0 0.0 0.0 1.0 5.0 0.0
1180.0098660681242 1.0 0.0 0.0 0.0 0.0 1.0 5.0 0.0
1181.0203956269468 1.0 0.0 0.0 0.0 0.0 1.0 5.0 0.0
1182.0357867955818 1.0 0.0 0.0 0.0 0.0 1.0 5.0 0.0
1183.0264037494949 1.0 0.0 0.0 0.0 0.0 1.0 5.0 0.0
1184.0003863381608 1.0 0.0 0.0 0.0 0.0 1.0 5.0 0.0
1185.0021058903421 1.0 0.0 0.0 0.0 0.0 1.0 5.0 0.0
1186.0090626724516 1.0 0.0 0.0 0.0 0.0 1.0 5.0 0.0
1187.0006157229916 1.0 0.0 0.0 0.0 0.0 1.0 5.0 0.0
1188.0091646309115 1.0 0.0 0.0 0.0 0.0 1.0 5.0 0.0
1189.0357867955818 1.0 0.0 0.0 0.0 0.0 1.0 5.0 0.0
1190.0051597596619 1.0 0.0 0.0 0.0 0.0 1.0 5.0 0.0
1191.0070484683313 1.0 0.0 0.0 0.0 0.0 1.0 5.0 0.0
1192.0061552067216 1.0 0.0 0.0 0.0 0.0 1.0 5.0 0.0
1193.0357867955818 1.0 0.0 0.0 0.0 0.0 1.0 5.0 0.0
1194.0357867955818 1.0 0.0 0.0 0.0 0.0 1.0 5.0 0.0
1195.013709013168 1.0 0.0 0.0 0.0 0.0 1.0 5.0 0.0
1196.0112679322085 1.0 0.0 0.0 0.0 0.0 1.0 5.0 0.0
1197.0158170793736 1.0 0.0 0.0 0.0 0.0 1.0 5.0 0.0
1198.018475944859 1.0 0.0 0.0 0.0 0.0 1.0 5.0 0.0
1199.0084511144148 1.0 0.0 0.0 0.0 0.0 1.0 5.0 0.0
1200.0 1.0 0.0 0.0 0.0 0.0 1.0 5.0 0.0
1201.0 1.0 0.0 0.0 0.0 0.0 1.0 5.0 0.0
1202.0 1.0 0.0 0.0 0.0 0.0 1.0 5.0 0.0
1203.0 1.0 0.0 0.0 0.0 0.0 1.0 5.0 0.0
1204.0 1.0 0.0 0.0 0.0 0.0 1.0 5.0 0.0
1205.0 1.0 0.0 0.0 0.0 0.0 1.0 5.0 0.0
1206.0 1.0 0.0 0.0 0.0 0.0 1.0 5.0 0.0
1207.0 1.0 0.0 0.0 0.0 0.0 1.0 5.0 0.0
1208.0 1.0 0.0 0.0 0.0 0.0 1.0 5.0 0.0
1209.0 1.0 0.0 0.0 0.0 0.0 1.0 5.0 0.0
1210.0 1.0 0.0 0.0 0.0 0.0 1.0 5.0 0.0
1211.0 1.0 0.0 0.0 0.0 0.0 1.0 5.0 0.0
1212.0 1.0 0.0 0.0 0.0 0.0 1.0 5.0 0.0
1213.0 1.0 0.0 0.0 0.0 0.0 1.0 5.0 0.0
1214.0 1.0 0.0 0.0 0.0 0.0 1.0 5.0 0.0
1215.0 0.375 0.0 0.625 0.0 0.0 1.0 5.0 0.4573170731707317
1216.0 0.0 0.0 1.0 0.0 0.0 1.0 5.525 0.0
1217.0 0.0 0.0 1.0 0.0 0.0 1.0 6.625 0.0
1218.0 0.0 0.0 1.0 0.0 0.0 1.0 7.0 0.0
1219.0 0.0 0.0 1.0 0.0 0.0 1.0 7.0 0.0
1220.0 0.0 0.0 1.0 0.0 0.0 1.0 7.0 0.0
1221.0 0.0 0.0 1.0 0.0 0.0 1.0 7.0 0.0
1222.0 0.0 0.0 1.0 0.0 0.0 1.0 7.0 0.0
1223.0 0.0 0.0 1.0 0.0 0.0 1.0 7.0 0.0
1224.0 0.0 0.0 1.0 0.0 0.0 1.0 7.0 0.0
1225.0 0.0 0.0 1.0 0.0 0.0 1.0 7.0 0.0
1226.0 0.0 0.0 1.0 0.0 0.0 1.0 7.0 0.0
1227.0 0.0 0.0 1.0 0.0 0.0 1.0 7.0 0.0
1228.0 0.0 0.0 1.0 0.0 0.0 1.0 7.0 0.0
1229.0 0.0 0.0 1.0 0.0 0.0 1.0 7.0 0.0
1230.0 0.0 0.0 1.0 0.0 0.0 1.0 7.0 0.0
1231.0 0.0 0.0 1.0 0.0 0.0 1.0 7.0 0.0
1232.0 0.0 0.0 1.0 0.0 0.0 1.0 7.0 0.0
1233.0 0.0 0.0 1.0 0.0 0.0 1.0 7.0 0.0
1234.0 0.0 0.0 1.0 0.0 0.0 1.0 7.0 0.0
1235.0 0.0 0.0 1.0 0.0 0.0 1.0 7.0 0.0
1236.0 0.0 0.0 1.0 0.0 0.0 1.0 7.0 0.0
1237.0 0.0 0.0 1.0 0.0 0.0 1.0 7.0 0.0
1238.0 0.0 0.0 1.0 0.0 0.0 1.0 7.0 0.0
1239.0 0.0 0.0 1.0 0.0 0.0 1.0 7.0 0.0
1240.0 0.0 0.0 1.0 0.0 0.0 1.0 7.0 0.0
1241.0 0.0 0.0 1.0 0.0 0.0 1.0 7.0 0.0
1242.0 0.0 0.0 1.0 0.0 0.0 1.0 7.0 0.0
1243.0 0.0 0.0 1.0 0.0 0.0 1.0 7.0 0.0
1244.0 0.0 0.0 1.0 0.0 0.0 1.0 7.0 0.0
1245.0 0.0 0.0 1.0 0.0 0.0 1.0 7.0 0.0
1246.0 0.0 0.0 1.0 0.0 0.0 1.0 7.0 0.0
1247.0 0.0 0.0 1.0 0.0 0.0 1.0 7.0 0.0
1248.0 0.0 0.0 1.0 0.0 0.0 1.0 7.0 0.0
1249.0 0.0 0.0 1.0 0.0 0.0 1.0 7.0 0.0
1250.0 0.0 0.0 1.0 0.0 0.0 1.0 7.0 0.0
1251.0 0.0 0.0 1.0 0.0 0.0 1.0 7.0 0.0
1252.0 0.0 0.0 1.0 0.0 0.0 1.0 7.0 0.0
1253.0 0.0 0.0 1.0 0.0 0.0 1.0 7.0 0.0
1254.0 0.0 0.0 1.0 0.0 0.0 1.0 7.0 0.0
1255.0 0.0 0.0 1.0 0.0 0.0 1.0 7.0 0.0
1256.0 0.0 0.0 1.0 0.0 0.0 1.0 7.0 0.0
1257.0 0.0 0.0 1.0 0.0 0.0 1.0 7.0 0.0
1258.0 0.0 0.0 1.0 0.0 0.0 1.0 7.0 0.0
1259.0 0.0 0.0 1.0 0.0 0.0 1.0 7.0 0.0
1260.0 0.0 0.0 1.0 0.0 0.0 1.0 7.0 0.0
1261.0 0.0 0.0 1.0 0.0 0.0 1.0 7.0 0.0
1262.0 0.0 0.0 1.0 0.0 0.0 1.0 7.0 0.0
1263.0 0.0 0.0 1.0 0.0 0.0 1.0 7.0 0.0
1264.0 0.0 0.0 1.0 0.0 0.0 1.0 7.0 0.0
1265.0 0.0 0.0 1.0 0.0 0.0 1.0 7.0 0.0
1266.0 0.0 0.0 1.0 0.0 0.0 1.0 7.0 0.0
1267.0 0.0 0.0 1.0 0.0 0.0 1.0 7.0 0.0
1268.0 0.0 0.0 1.0 0.0 0.0 1.0 7.0 0.0
1269.0 0.0 0.0 1.0 0.0 0.0 1.0 7.0 0.0
1270.0 0.0 0.0 1.0 0.0 0.0 1.0 7.0 0.0
1271.0 0.0 0.0 1.0 0.0 0.0 1.0 7.0 0.0
1272.0 0.0 0.0 1.0 0.0 0.0 1.0 7.0 0.0
1273.0 0.0 0.0 1.0 0.0 0.0 1.0 7.0 0.0
1274.0 0.0 0.0 1.0 0.0 0.0 1.0 7.0 0.0
1275.0 0.0 0.0 1.0 0.0 0.0 1.0 7.0 0.0
1276.0 0.0 0.0 1.0 0.0 0.0 1.0 7.0 0.0
1277.0 0.0 0.0 1.0 0.0 0.0 1.0 7.0 0.0
1278.0 0.0 0.0 1.0 0.0 0.0 1.0 7.0 0.0
1279.0 0.0 0.0 1.0 0.0 0.0 1.0 7.0 0.0
1280.0 0.0 0.0 1.0 0.0 0.0 1.0 7.0 0.0
1281.0 0.0 0.0 1.0 0.0 0.0 1.0 7.0 0.0
1282.0 0.0 0.0 1.0 0.0 0.0 1.0 7.0 0.0
1283.0 0.0 0.0 1.0 0.0 0.0 1.0 7.0 0.0
1284.0 0.0 0.0 1.0 0.0 0.0 1.0 7.0 0.0
1285.0 0.0 0.0 1.0 0.0 0.0 1.0 7.0 0.0
1286.0 0.0 0.0 1.0 0.0 0.0 1.0 7.0 0.0
1287.0 0.0 0.0 1.0 0.0 0.0 1.0 7.0 0.0
1288.0 0.0 0.0 1.0 0.0 0.0 1.0 7.0 0.0
1289.0 0.0 0.0 1.0 0.0 0.0 1.0 7.0 0.0
1290.0 0.0 0.0 1.0 0.0 0.0 1.0 7.0 0.0
1291.0 0.0 0.0 1.0 0.0 0.0 1.0 7.0 0.0
1292.0 0.0 0.0 1.0 0.0 0.0 1.0 7.0 0.0
1293.0 0.0 0.0 1.0 0.0 0.0 1.0 7.0 0.0
1294.0 0.0 0.0 1.0 0.0 0.0 1.0 7.0 0.0
1295.0 0.0 0.0 1.0 0.0 0.0 1.0 7.0 0.0
1296.0 0.0 0.0 1.0 0.0 0.0 1.0 7.0 0.0
1297.0 0.0 0.0 1.0 0.0 0.0 1.0 7.0 0.0
1298.0 0.0 0.0 0.024999999999999994 0.975 0.0 0.0 7.05 0.0475609756097561
1299.0223672767872 0.0 0.0 0.0 1.0 0.0 0.0 7.95 0.0
1300.0151622427761 0.0 0.0 0.0 1.0 0.0 0.0 8.925 0.0
1301.0357867955818 0.0 0.0 0.0 1.0 0.0 0.0 9.0 0.0
1302.0357867955818 0.0 0.0 0.0 1.0 0.0 0.0 9.0 0.0
1303.018406622378 0.0 0.0 0.0 1.0 0.0 0.0 9.0 0.0
1304.014971465965 0.0 0.0 0.0 1.0 0.0 0.0 9.0 0.0
1305.0081069311098 0.0 0.0 0.0 1.0 0.0 0.0 9.0 0.0
1306.0357867955818 0.0 0.0 0.0 1.0 0.0 0.0 9.0 0.0
1307.0238297618137 0.0 0.0 0.0 1.0 0.0 0.0 9.0 0.0
1308.0151793122095 0.0 0.0 0.0 1.0 0.0 0.0 9.0 0.0
1309.0332528053925 0.0 0.0 0.0 1.0 0.0 0.0 9.0 0.0
1310.008054828181 0.0 0.0 0.0 1.0 0.0 0.0 9.0 0.0
1311.0137744357644 0.0 0.0 0.0 1.0 0.0 0.0 9.0 0.0
1312.0069381779942 0.0 0.0 0.0 1.0 0.0 0.0 9.0 0.0
1313.0319831041174 0.0 0.0 0.0 1.0 0.0 0.0 9.0 0.0
1314.0340597316977 0.0 0.0 0.0 1.0 0.0 0.0 9.0 0.0
1315.009497578503 0.0 0.0 0.0 1.0 0.0 0.0 9.0 0.0
1316.0068128341268 0.0 0.0 0.0 1.0 0.0 0.0 9.0 0.0
1317.0357867955818 0.0 0.0 0.0 1.0 0.0 0.0 9.0 0.0
1318.002729274651 0.0 0.0 0.0 1.0 0.0 0.0 9.0 0.0
1319.0268229143512 0.0 0.0 0.0 1.0 0.0 0.0 9.0 0.0
1320.015795492887 0.0 0.0 0.0 1.0 0.0 0.0 9.0 0.0
1321.007795254089 0.0 0.0 0.0 1.0 0.0 0.0 9.0 0.0
1322.0009275916182 0.0 0.0 0.0 1.0 0.0 0.0 9.0 0.0
1323.00132845424 0.0 0.0 0.0 1.0 0.0 0.0 9.0 0.0
1324.0079539507028 0.0 0.0 0.0 1.0 0.0 0.0 9.0 0.0
1325.0357867955818 0.0 0.0 0.0 1.0 0.0 0.0 9.0 0.0
1326.0287456956862 0.0 0.0 0.0 1.0 0.0 0.0 9.0 0.0
1327.0243897830328 0.0 0.0 0.0 1.0 0.0 0.0 9.0 0.0
1328.0357867955818 0.0 0.0 0.0 1.0 0.0 0.0 9.0 0.0
1329.0289680975532 0.0 0.0 0.0 1.0 0.0 0.0 9.0 0.0
1330.0357867955818 0.0 0.0 0.0 1.0 0.0 0.0 9.0 0.0
1331.0192427554257 0.0 0.0 0.0 1.0 0.0 0.0 9.0 0.0
1332.0357867955818 0.0 0.0 0.0 1.0 0.0 0.0 9.0 0.0
1333.0357867955818 0.0 0.0 0.0 1.0 0.0 0.0 9.0 0.0
1334.0357867955818 0.0 0.0 0.0 1.0 0.0 0.0 9.0 0.0
1335.0357867955818 0.0 0.0 0.0 1.0 0.0 0.0 9.0 0.0
1336.0038697902457 0.0 0.0 0.0 1.0 0.0 0.0 9.0 0.0
1337.0235588287412 0.0 0.0 0.0 1.0 0.0 0.0 9.0 0.0
1338.0357867955818 0.0 0.0 0.0 1.0 0.0 0.0 9.0 0.0
1339.0013956945002 0.0 0.0 0.0 1.0 0.0 0.0 9.0 0.0
1340.0177127659 0.0 0.0 0.0 1.0 0.0 0.0 9.0 0.0
1341.035457204344 0.0 0.0 0.0 1.0 0.0 0.0 9.0 0.0
1342.0018025665372 0.0 0.0 0.0 1.0 0.0 0.0 9.0 0.0
1343.0223832975473 0.0 0.0 0.0 1.0 0.0 0.0 9.0 0.0
1344.0357867955818 0.0 0.0 0.0 1.0 0.0 0.0 9.0 0.0
1345.0357867955818 0.0 0.0 0.0 1.0 0.0 0.0 9.0 0.0
1346.0357867955818 0.0 0.0 0.0 1.0 0.0 0.0 9.0 0.0
1347.0357867955818 0.0 0.0 0.0 1.0 0.0 0.0 9.0 0.0
1348.0030322029359 0.0 0.0 0.0 1.0 0.0 0.0 9.0 0.0
1349.0038875243297 0.0 0.0 0.0 1.0 0.0 0.0 9.0 0.0
1350.0357867955818 0.0 0.0 0.0 1.0 0.0 0.0 9.0 0.0
1351.0357867955818 0.0 0.0 0.0 1.0 0.0 0.0 9.0 0.0
1352.0337551354003 0.0 0.0 0.0 1.0 0.0 0.0 9.0 0.0
1353.0208739437342 0.0 0.0 0.0 1.0 0.0 0.0 9.0 0.0
1354.0023461601374 0.0 0.0 0.0 1.0 0.0 0.0 9.0 0.0
1355.0125304910416 0.0 0.0 0.0 1.0 0.0 0.0 9.0 0.0
1356.0010461689405 0.0 0.0 0.0 1.0 0.0 0.0 9.0 0.0
1357.003078113106 0.0 0.0 0.0 1.0 0.0 0.0 9.0 0.0
1358.0357867955818 0.0 0.0 0.0 1.0 0.0 0.0 9.0 0.0
1359.0177494815234 0.0 0.0 0.0 1.0 0.0 0.0 9.0 0.0
1360.0064242259386 0.0 0.0 0.0 1.0 0.0 0.0 9.0 0.0
1361.008232827076 0.0 0.0 0.0 1.0 0.0 0.0 9.0 0.0
1362.0357867955818 0.0 0.0 0.0 1.0 0.0 0.0 9.0 0.0
1363.0357867955818 0.0 0.0 0.0 1.0 0.0 0.0 9.0 0.0
1364.0296674533204 0.0 0.0 0.0 1.0 0.0 0.0 9.0 0.0
1365.0012105200124 0.0 0.0 0.0 1.0 0.0 0.0 9.0 0.0
1366.0182699772067 0.0 0.0 0.0 1.0 0.0 0.0 9.0 0.0
1367.005093020368 0.0 0.0 0.0 1.0 0.0 0.0 9.0 0.0
1368.0221699427964 0.0 0.0 0.0 1.0 0.0 0.0 9.0 0.0
1369.012594081983 0.0 0.0 0.0 1.0 0.0 0.0 9.0 0.0
1370.0052425672393 0.0 0.0 0.0 1.0 0.0 0.0 9.0 0.0
1371.0141071126577 0.0 0.0 0.0 1.0 0.0 0.0 9.0 0.0
1372.0357867955818 0.0 0.0 0.0 1.0 0.0 0.0 9.0 0.0
1373.0197959185343 0.0 0.0 0.0 1.0 0.0 0.0 9.0 0.0
1374.0357867955818 0.0 0.0 0.0 1.0 0.0 0.0 9.0 0.0
1375.0153448715325 0.0 0.0 0.0 1.0 0.0 0.0 9.0 0.0
1376.0324422056028 0.0 0.0 0.0 1.0 0.0 0.0 9.0 0.0
1377.0042127745687 0.0 0.0 0.0 1.0 0.0 0.0 9.0 0.0
1378.0357867955818 0.0 0.0 0.0 1.0 0.0 0.0 9.0 0.0
1379.0357867955818 0.0 0.0 0.0 1.0 0.0 0.0 9.0 0.0
1380.0015569676211 0.0 0.0 0.0 1.0 0.0 0.0 9.0 0.0
1381.0357867955818 0.0 0.0 0.0 1.0 0.0 0.0 9.0 0.0
1382.0215041815325 0.0 0.0 0.0 1.0 0.0 0.0 9.0 0.0
1383.0114463610157 0.0 0.0 0.0 1.0 0.0 0.0 9.0 0.0
1384.0004439910756 0.0 0.0 0.0 1.0 0.0 0.0 9.0 0.0
1385.011044505226 0.0 0.0 0.0 1.0 0.0 0.0 9.0 0.0
1386.0357867955818 0.0 0.0 0.0 1.0 0.0 0.0 9.0 0.0
1387.0357867955818 0.0 0.0 0.0 1.0 0.0 0.0 9.0 0.0
1388.034792989401 0.0 0.0 0.0 1.0 0.0 0.0 9.0 0.0
1389.004306921811 0.0 0.0 0.0 1.0 0.0 0.0 9.0 0.0
1390.0000395225804 0.0 0.0 0.0 1.0 0.0 0.0 9.0 0.0
1391.0004662889269 0.0 0.0 0.0 1.0 0.0 0.0 9.0 0.0
1392.0042026085655 0.0 0.0 0.0 1.0 0.0 0.0 9.0 0.0
1393.0048174971414 0.0 0.0 0.0 1.0 0.0 0.0 9.0 0.0
1394.0164370631323 0.0 0.0 0.0 1.0 0.0 0.0 9.0 0.0
1395.032411710358 0.0 0.0 0.0 1.0 0.0 0.0 9.0 0.0
1396.0296821545624 0.0 0.0 0.0 1.0 0.0 0.0 9.0 0.0
1397.0107870539148 0.0 0.0 0.0 1.0 0.0 0.0 9.0 0.0
1398.0126123484918 0.0 0.0 0.0 1.0 0.0 0.0 9.0 0.0
1399.006516477964 0.0 0.0 0.0 1.0 0.0 0.0 9.0 0.0
1400.0120325831908 0.0 0.0 0.0 1.0 0.0 0.0 9.0 0.0
1401.0156760908512 0.0 0.0 0.0 1.0 0.0 0.0 9.0 0.0
1402.0081277644404 0.0 0.0 0.0 1.0 0.0 0.0 9.0 0.0
1403.0119940914533 0.0 0.0 0.0 1.0 0.0 0.0 9.0 0.0
1404.0357867955818 0.0 0.0 0.0 1.0 0.0 0.0 9.0 0.0
1405.0260927870168 0.0 0.0 0.0 1.0 0.0 0.0 9.0 0.0
1406.0120233220198 0.0 0.0 0.0 1.0 0.0 0.0 9.0 0.0
1407.0357867955818 0.0 0.0 0.0 1.0 0.0 0.0 9.0 0.0
1408.0025088007058 0.0 0.0 0.0 1.0 0.0 0.0 9.0 0.0
1409.0357867955818 0.0 0.0 0.0 1.0 0.0 0.0 9.0 0.0
1410.0357867955818 0.0 0.0 0.0 1.0 0.0 0.0 9.0 0.0
1411.0357867955818 0.0 0.0 0.0 1.0 0.0 0.0 9.0 0.0
1412.0357867955818 0.0 0.0 0.0 1.0 0.0 0.0 9.0 0.0
1413.02046853138 0.0 0.0 0.0 1.0 0.0 0.0 9.0 0.0
1414.0096971079072 0.0 0.0 0.0 1.0 0.0 0.0 9.0 0.0
1415.0176425999712 0.0 0.0 0.0 1.0 0.0 0.0 9.0 0.0
1416.0357867955818 0.0 0.0 0.0 1.0 0.0 0.0 9.0 0.0
1417.0357867955818 0.0 0.0 0.0 1.0 0.0 0.0 9.0 0.0
1418.0232005243645 0.0 0.0 0.0 1.0 0.0 0.0 9.0 0.0
1419.0357867955818 0.0 0.0 0.0 1.0 0.0 0.0 9.0 0.0
1420.0357867955818 0.0 0.0 0.0 1.0 0.0 0.0 9.0 0.0
1421.0330750939788 0.0 0.0 0.0 1.0 0.0 0.0 9.0 0.0
1422.0233938712406 0.0 0.0 0.0 1.0 0.0 0.0 9.0 0.0
1423.0357867955818 0.0 0.0 0.0 1.0 0.0 0.0 9.0 0.0
1424.0064769839923 0.0 0.0 0.0 1.0 0.0 0.0 9.0 0.0
1425.0357867955818 0.0 0.0 0.0 1.0 0.0 0.0 9.0 0.0
1426.0357867955818 0.0 0.0 0.0 1.0 0.0 0.0 9.0 0.0
1427.0357867955818 0.0 0.0 0.0 1.0 0.0 0.0 9.0 0.0
1428.0260368780646 0.0 0.0 0.0 1.0 0.0 0.0 9.0 0.0
1429.0286495882501 0.0 0.0 0.0 1.0 0.0 0.0 9.0 0.0
1430.0112487519407 0.0 0.0 0.0 1.0 0.0 0.0 9.0 0.0
1431.0025483609015 0.0 0.0 0.0 1.0 0.0 0.0 9.0 0.0
1432.0357867955818 0.0 0.0 0.0 1.0 0.0 0.0 9.0 0.0
1433.0357867955818 0.0 0.0 0.0 1.0 0.0 0.0 9.0 0.0
1434.0357867955818 0.0 0.0 0.0 1.0 0.0 0.0 9.0 0.0
1435.0357867955818 0.0 0.0 0.0 1.0 0.0 0.0 9.0 0.0
1436.0357867955818 0.0 0.0 0.0 1.0 0.0 0.0 9.0 0.0
1437.0071511721694 0.0 0.0 0.0 1.0 0.0 0.0 9.0 0.0
1438.0051827181624 0.0 0.0 0.0 1.0 0.0 0.0 9.0 0.0
1439.0060028696432 0.0 0.0 0.0 1.0 0.0 0.0 9.0 0.0
1440.025115592929 0.0 0.0 0.0 1.0 0.0 0.0 9.0 0.0
1441.0357867955818 0.0 0.0 0.0 1.0 0.0 0.0 9.0 0.0
1442.000785896475 0.0 0.0 0.0 1.0 0.0 0.0 9.0 0.0
1443.0055795306691 0.0 0.0 0.0 1.0 0.0 0.0 9.0 0.0
1444.0240600953277 0.0 0.0 0.0 1.0 0.0 0.0 9.0 0.0
1445.0027901863984 0.0 0.0 0.0 1.0 0.0 0.0 9.0 0.0
1446.0357867955818 0.0 0.0 0.0 1.0 0.0 0.0 9.0 0.0
1447.0357867955818 0.0 0.0 0.0 1.0 0.0 0.0 9.0 0.0
1448.0172910079798 0.0 0.0 0.0 1.0 0.0 0.0 9.0 0.0
1449.0264600688201 0.0 0.0 0.0 1.0 0.0 0.0 9.0 0.0
1450.0357867955818 0.0 0.0 0.0 1.0 0.0 0.0 9.0 0.0
1451.0357867955818 0.0 0.0 0.0 1.0 0.0 0.0 9.0 0.0
1452.0357867955818 0.0 0.0 0.0 1.0 0.0 0.0 9.0 0.0
1453.0357867955818 0.0 0.0 0.0 1.0 0.0 0.0 9.0 0.0
1454.0243754942103 0.0 0.0 0.0 1.0 0.0 0.0 9.0 0.0
1455.0014527059013 0.0 0.0 0.0 1.0 0.0 0.0 9.0 0.0
1456.0047765343606 0.0 0.0 0.0 1.0 0.0 0.0 9.0 0.0
1457.0131065390478 0.0 0.0 0.0 1.0 0.0 0.0 9.0 0.0
1458.0030715567068 0.0 0.0 0.0 1.0 0.0 0.0 9.0 0.0
1459.0182727710485 0.0 0.0 0.0 1.0 0.0 0.0 9.0 0.0
1460.0062082365 0.0 0.0 0.0 1.0 0.0 0.0 9.0 0.0
1461.0079561544328 0.0 0.0 0.0 1.0 0.0 0.0 9.0 0.0
1462.0017695456884 0.0 0.0 0.0 1.0 0.0 0.0 9.0 0.0
1463.0357867955818 0.0 0.0 0.0 1.0 0.0 0.0 9.0 0.0
1464.0303455244702 0.0 0.0 0.0 1.0 0.0 0.0 9.0 0.0
1465.0176276450788 0.0 0.0 0.0 1.0 0.0 0.0 9.0 0.0
1466.0357867955818 0.0 0.0 0.0 1.0 0.0 0.0 9.0 0.0
1467.0029250807243 0.0 0.0 0.0 1.0 0.0 0.0 9.0 0.0
1468.020609261843 0.0 0.0 0.0 1.0 0.0 0.0 9.0 0.0
1469.0239275362119 0.0 0.0 0.0 1.0 0.0 0.0 9.0 0.0
1470.0357867955818 0.0 0.0 0.0 1.0 0.0 0.0 9.0 0.0
1471.0101930778424 0.0 0.0 0.0 1.0 0.0 0.0 9.0 0.0
1472.0357867955818 0.0 0.0 0.0 1.0 0.0 0.0 9.0 0.0
1473.017751447051 0.0 0.0 0.0 1.0 0.0 0.0 9.0 0.0
1474.0142568981994 0.0 0.0 0.0 1.0 0.0 0.0 9.0 0.0
1475.0357867955818 0.0 0.0 0.0 1.0 0.0 0.0 9.0 0.0
1476.006583128021 0.0 0.0 0.0 1.0 0.0 0.0 9.0 0.0
1477.0357867955818 0.0 0.0 0.0 1.0 0.0 0.0 9.0 0.0
1478.019252276275 0.0 0.0 0.0 1.0 0.0 0.0 9.0 0.0
1479.0357867955818 0.0 0.0 0.0 1.0 0.0 0.0 9.0 0.0
1480.0005464219898 0.0 0.0 0.0 1.0 0.0 0.0 9.0 0.0
1481.0073761329693 0.0 0.0 0.0 1.0 0.0 0.0 9.0 0.0
1482.035331898865 0.0 0.0 0.0 1.0 0.0 0.0 9.0 0.0
1483.019340082641 0.0 0.0 0.0 1.0 0.0 0.0 9.0 0.0
1484.0038708036273 0.0 0.0 0.0 1.0 0.0 0.0 9.0 0.0
1485.0217326178881 0.0 0.0 0.0 1.0 0.0 0.0 9.0 0.0
1486.009808113124 0.0 0.0 0.0 1.0 0.0 0.0 9.0 0.0
1487.0197409571124 0.0 0.0 0.0 1.0 0.0 0.0 9.0 0.0
1488.0214957375565 0.0 0.0 0.0 1.0 0.0 0.0 9.0 0.0
1489.032033972396 0.0 0.0 0.0 1.0 0.0 0.0 9.0 0.0
1490.0045227646044 0.0 0.0 0.0 1.0 0.0 0.0 9.0 0.0
1491.0155362218832 0.0 0.0 0.0 1.0 0.0 0.0 9.0 0.0
1492.0065972775215 0.0 0.0 0.0 1.0 0.0 0.0 9.0 0.0
1493.0357867955818 0.0 0.0 0.0 1.0 0.0 0.0 9.0 0.0
1494.0357867955818 0.0 0.0 0.0 1.0 0.0 0.0 9.0 0.0
1495.0220190039283 0.0 0.0 0.0 1.0 0.0 0.0 9.0 0.0
1496.0357867955818 0.0 0.0 0.0 1.0 0.0 0.0 9.0 0.0
1497.0086062374332 0.0 0.0 0.0 1.0 0.0 0.0 9.0 0.0
1498.0186911934977 0.0 0.0 0.0 1.0 0.0 0.0 9.0 0.0
1499.0357867955818 0.0 0.0 0.0 1.0 0.0 0.0 9.0 0.0
1500.0357867955818 0.0 0.0 0.0 1.0 0.0 0.0 9.0 0.0
1501.0047902755027 0.0 0.0 0.0 1.0 0.0 0.0 9.0 0.0
1502.0058680123154 0.0 0.0 0.0 1.0 0.0 0.0 9.0 0.0
1503.015437391303 0.0 0.0 0.0 1.0 0.0 0.0 9.0 0.0
1504.0357867955818 0.0 0.0 0.0 1.0 0.0 0.0 9.0 0.0
1505.003761053131 0.0 0.0 0.0 1.0 0.0 0.0 9.0 0.0
1506.0010189395896 0.0 0.0 0.0 1.0 0.0 0.0 9.0 0.0
1507.0078925163828 0.0 0.0 0.0 1.0 0.0 0.0 9.0 0.0
1508.0306242650001 0.0 0.0 0.0 1.0 0.0 0.0 9.0 0.0
1509.0357867955818 0.0 0.0 0.0 1.0 0.0 0.0 9.0 0.0
1510.0003167959153 0.0 0.0 0.0 1.0 0.0 0.0 9.0 0.0
1511.0357867955818 0.0 0.0 0.0 1.0 0.0 0.0 9.0 0.0
1512.007129424816 0.0 0.0 0.0 1.0 0.0 0.0 9.0 0.0
1513.0324718258228 0.0 0.0 0.0 1.0 0.0 0.0 9.0 0.0
1514.0299427770994 0.0 0.0 0.0 1.0 0.0 0.0 9.0 0.0
1515.008919268271 0.0 0.0 0.0 1.0 0.0 0.0 9.0 0.0
1516.0007347564133 0.0 0.0 0.0 1.0 0.0 0.0 9.0 0.0
1517.0357867955818 0.0 0.0 0.0 1.0 0.0 0.0 9.0 0.0
1518.005156385605 0.0 0.0 0.0 1.0 0.0 0.0 9.0 0.0
1519.0357867955818 0.0 0.0 0.0 1.0 0.0 0.0 9.0 0.0
1520.0004391326931 0.0 0.0 0.0 1.0 0.0 0.0 9.0 0.0
1521.0357867955818 0.0 0.0 0.0 1.0 0.0 0.0 9.0 0.0
1522.015928707383 0.0 0.0 0.0 1.0 0.0 0.0 9.0 0.0
1523.0167133863408 0.0 0.0 0.0 1.0 0.0 0.0 9.0 0.0
1524.033889316796 0.0 0.0 0.0 1.0 0.0 0.0 9.0 0.0
1525.0079394740958 0.0 0.0 0.0 1.0 0.0 0.0 9.0 0.0
1526.0060625810934 0.0 0.0 0.0 1.0 0.0 0.0 9.0 0.0
1527.0006700970887 0.0 0.0 0.0 1.0 0.0 0.0 9.0 0.0
1528.0053605803266 0.0 0.0 0.0 1.0 0.0 0.0 9.0 0.0
1529.0357867955818 0.0 0.0 0.0 1.0 0.0 0.0 9.0 0.0
1530.0357867955818 0.0 0.0 0.0 1.0 0.0 0.0 9.0 0.0
1531.0183259916082 0.0 0.0 0.0 1.0 0.0 0.0 9.0 0.0
1532.0357867955818 0.0 0.0 0.0 1.0 0.0 0.0 9.0 0.0
1533.0133688465114 0.0 0.0 0.0 1.0 0.0 0.0 9.0 0.0
1534.0086224619063 0.0 0.0 0.0 1.0 0.0 0.0 9.0 0.0
1535.0065138763896 0.0 0.0 0.0 1.0 0.0 0.0 9.0 0.0
1536.0076410421761 0.0 0.0 0.0 1.0 0.0 0.0 9.0 0.0
1537.0053162175607 0.0 0.0 0.0 1.0 0.0 0.0 9.0 0.0
1538.00032302247 0.0 0.0 0.0 1.0 0.0 0.0 9.0 0.0
1539.0136882355112 0.0 0.0 0.0 1.0 0.0 0.0 9.0 0.0
1540.0357867955818 0.0 0.0 0.0 1.0 0.0 0.0 9.0 0.0
1541.0357867955818 0.0 0.0 0.0 1.0 0.0 0.0 9.0 0.0
1542.0099978761816 0.0 0.0 0.0 1.0 0.0 0.0 9.0 0.0
1543.030747271841 0.0 0.0 0.0 1.0 0.0 0.0 9.0 0.0
1544.0060752974177 0.0 0.0 0.0 1.0 0.0 0.0 9.0 0.0
1545.0200415980644 0.0 0.0 0.0 1.0 0.0 0.0 9.0 0.0
1546.0357867955818 0.0 0.0 0.0 1.0 0.0 0.0 9.0 0.0
1547.0357867955818 0.0 0.0 0.0 1.0 0.0 0.0 9.0 0.0
1548.0304153288337 0.0 0.0 0.0 1.0 0.0 0.0 9.0 0.0
1549.0357867955818 0.0 0.0 0.0 1.0 0.0 0.0 9.0 0.0
1550.0077673290427 0.0 0.0 0.0 1.0 0.0 0.0 9.0 0.0
1551.0149893227078 0.0 0.0 0.0 1.0 0.0 0.0 9.0 0.0
1552.0024762160049 0.0 0.0 0.0 1.0 0.0 0.0 9.0 0.0
1553.0065281082743 0.0 0.0 0.0 1.0 0.0 0.0 9.0 0.0
1554.0010998405164 0.0 0.0 0.0 1.0 0.0 0.0 9.0 0.0
1555.0013640624961 0.0 0.0 0.0 1.0 0.0 0.0 9.0 0.0
1556.0024354547015 0.0 0.0 0.0 1.0 0.0 0.0 9.0 0.0
1557.0211847095939 0.0 0.0 0.0 1.0 0.0 0.0 9.0 0.0
1558.0051016931911 0.0 0.0 0.0 1.0 0.0 0.0 9.0 0.0
1559.0357867955818 0.0 0.0 0.0 1.0 0.0 0.0 9.0 0.0
1560.0250625944707 0.0 0.0 0.0 1.0 0.0 0.0 9.0 0.0
1561.0331867948046 0.0 0.0 0.0 1.0 0.0 0.0 9.0 0.0
1562.0220147960813 0.0 0.0 0.0 1.0 0.0 0.0 9.0 0.0
1563.0309786618568 0.0 0.0 0.0 1.0 0.0 0.0 9.0 0.0
1564.0111186978877 0.0 0.0 0.0 1.0 0.0 0.0 9.0 0.0
1565.0178794504757 0.0 0.0 0.0 1.0 0.0 0.0 9.0 0.0
1566.0112322525695 0.0 0.0 0.0 1.0 0.0 0.0 9.0 0.0
1567.02621308117 0.0 0.0 0.0 1.0 0.0 0.0 9.0 0.0
1568.0227748866953 0.0 0.0 0.0 1.0 0.0 0.0 9.0 0.0
1569.0216663158044 0.0 0.0 0.0 1.0 0.0 0.0 9.0 0.0
1570.0110563616415 0.0 0.0 0.0 1.0 0.0 0.0 9.0 0.0
1571.0012004487714 0.0 0.0 0.0 1.0 0.0 0.0 9.0 0.0
1572.0097451731654 0.0 0.0 0.0 1.0 0.0 0.0 9.0 0.0
1573.0357867955818 0.0 0.0 0.0 1.0 0.0 0.0 9.0 0.0
1574.0357867955818 0.0 0.0 0.0 1.0 0.0 0.0 9.0 0.0
1575.0305420816067 0.0 0.0 0.0 1.0 0.0 0.0 9.0 0.0
1576.0251239617742 0.0 0.0 0.0 1.0 0.0 0.0 9.0 0.0
1577.0174314898477 0.0 0.0 0.0 1.0 0.0 0.0 9.0 0.0
1578.0044345204356 0.0 0.0 0.0 1.0 0.0 0.0 9.0 0.0
1579.0048521397634 0.0 0.0 0.0 1.0 0.0 0.0 9.0 0.0
1580.0199985121212 0.0 0.0 0.0 1.0 0.0 0.0 9.0 0.0
1581.0027698773001 0.0 0.0 0.0 1.0 0.0 0.0 9.0 0.0
1582.0270888774742 0.0 0.0 0.0 1.0 0.0 0.0 9.0 0.0
1583.0293958110256 0.0 0.0 0.0 1.0 0.0 0.0 9.0 0.0
1584.0048329221977 0.0 0.0 0.0 1.0 0.0 0.0 9.0 0.0
1585.0108782449558 0.0 0.0 0.0 1.0 0.0 0.0 9.0 0.0
1586.0357867955818 0.0 0.0 0.0 1.0 0.0 0.0 9.0 0.0
1587.0179193408123 0.0 0.0 0.0 1.0 0.0 0.0 9.0 0.0
1588.0022713043911 0.0 0.0 0.0 1.0 0.0 0.0 9.0 0.0
1589.005346278859 0.0 0.0 0.0 1.0 0.0 0.0 9.0 0.0
1590.0357867955818 0.0 0.0 0.0 1.0 0.0 0.0 9.0 0.0
1591.006017868084 0.0 0.0 0.0 1.0 0.0 0.0 9.0 0.0
1592.0357867955818 0.0 0.0 0.0 1.0 0.0 0.0 9.0 0.0
1593.009494802282 0.0 0.0 0.0 1.0 0.0 0.0 9.0 0.0
1594.0154905186976 0.0 0.0 0.0 1.0 0.0 0.0 9.0 0.0
1595.0357867955818 0.0 0.0 0.0 1.0 0.0 0.0 9.0 0.0
1596.022730382425 0.0 0.0 0.0 1.0 0.0 0.0 9.0 0.0
1597.0274971547026 0.0 0.0 0.0 1.0 0.0 0.0 9.0 0.0
1598.0096053452141 0.0 0.0 0.0 1.0 0.0 0.0 9.0 0.0
1599.0111236831979 0.0 0.0 0.0 1.0 0.0 0.0 9.0 0.0
1600.031168154873 0.0 0.0 0.0 1.0 0.0 0.0 9.0 0.0
1601.0118821795345 0.0 0.0 0.0 1.0 0.0 0.0 9.0 0.0
1602.0229227562295 0.0 0.0 0.0 1.0 0.0 0.0 9.0 0.0
1603.0028906347727 0.0 0.0 0.0 1.0 0.0 0.0 9.0 0.0
1604.0357867955818 0.0 0.0 0.0 1.0 0.0 0.0 9.0 0.0
1605.0096895851145 0.0 0.0 0.0 1.0 0.0 0.0 9.0 0.0
1606.0357867955818 0.0 0.0 0.0 1.0 0.0 0.0 9.0 0.0
1607.001739707279 0.0 0.0 0.0 1.0 0.0 0.0 9.0 0.0
1608.0320645659835 0.0 0.0 0.0 1.0 0.0 0.0 9.0 0.0
1609.0173041771957 0.0 0.0 0.0 1.0 0.0 0.0 9.0 0.0
1610.0310418690128 0.0 0.0 0.0 1.0 0.0 0.0 9.0 0.0
1611.0171593081723 0.0 0.0 0.0 1.0 0.0 0.0 9.0 0.0
1612.0198268741815 0.0 0.0 0.0 1.0 0.0 0.0 9.0 0.0
1613.0035580545896 0.0 0.0 0.0 1.0 0.0 0.0 9.0 0.0
1614.0357867955818 0.0 0.0 0.0 1.0 0.0 0.0 9.0 0.0
1615.0079552040709 0.0 0.0 0.0 1.0 0.0 0.0 9.0 0.0
1616.0183720199666 0.0 0.0 0.0 1.0 0.0 0.0 9.0 0.0
1617.0022142726125 0.0 0.0 0.0 1.0 0.0 0.0 9.0 0.0
1618.0357867955818 0.0 0.0 0.0 1.0 0.0 0.0 9.0 0.0
1619.0357867955818 0.0 0.0 0.0 1.0 0.0 0.0 9.0 0.0
1620.0024797645838 0.0 0.0 0.0 1.0 0.0 0.0 9.0 0.0
1621.0140424683427 0.0 0.0 0.0 1.0 0.0 0.0 9.0 0.0
1622.0312994680464 0.0 0.0 0.0 1.0 0.0 0.0 9.0 0.0
1623.0337340611088 0.0 0.0 0.0 1.0 0.0 0.0 9.0 0.0
1624.0053021648368 0.0 0.0 0.0 1.0 0.0 0.0 9.0 0.0
1625.000834670545 0.0 0.0 0.0 1.0 0.0 0.0 9.0 0.0
1626.0027720537805 0.0 0.0 0.0 1.0 0.0 0.0 9.0 0.0
1627.0103074171843 0.0 0.0 0.0 1.0 0.0 0.0 9.0 0.0
1628.010632202981 0.0 0.0 0.0 1.0 0.0 0.0 9.0 0.0
1629.0357867955818 0.0 0.0 0.0 1.0 0.0 0.0 9.0 0.0
1630.033912932493 0.0 0.0 0.0 1.0 0.0 0.0 9.0 0.0
1631.0004310875706 0.0 0.0 0.0 1.0 0.0 0.0 9.0 0.0
1632.0153500093977 0.0 0.0 0.0 1.0 0.0 0.0 9.0 0.0
1633.0240321430729 0.0 0.0 0.0 1.0 0.0 0.0 9.0 0.0
1634.029408595911 0.0 0.0 0.0 1.0 0.0 0.0 9.0 0.0
1635.007255786852 0.0 0.0 0.0 1.0 0.0 0.0 9.0 0.0
1636.0061546723518 0.0 0.0 0.0 1.0 0.0 0.0 9.0 0.0
1637.000224947692 0.0 0.0 0.0 1.0 0.0 0.0 9.0 0.0
1638.0336831148904 0.0 0.0 0.0 1.0 0.0 0.0 9.0 0.0
1639.0357867955818 0.0 0.0 0.0 1.0 0.0 0.0 9.0 0.0
1640.0048490404538 0.0 0.0 0.0 1.0 0.0 0.0 9.0 0.0
1641.0026009830613 0.0 0.0 0.0 1.0 0.0 0.0 9.0 0.0
1642.0353291248814 0.0 0.0 0.0 1.0 0.0 0.0 9.0 0.0
1643.0006562789042 0.0 0.0 0.0 1.0 0.0 0.0 9.0 0.0
1644.017114557895 0.0 0.0 0.0 1.0 0.0 0.0 9.0 0.0
1645.0357867955818 0.0 0.0 0.0 1.0 0.0 0.0 9.0 0.0
1646.0211013682017 0.0 0.0 0.0 1.0 0.0 0.0 9.0 0.0
1647.0357867955818 0.0 0.0 0.0 1.0 0.0 0.0 9.0 0.0
1648.0357867955818 0.0 0.0 0.0 1.0 0.0 0.0 9.0 0.0
1649.0069591453296 0.0 0.0 0.0 1.0 0.0 0.0 9.0 0.0
1650.0357867955818 0.0 0.0 0.0 1.0 0.0 0.0 9.0 0.0
1651.0283115563807 0.0 0.0 0.0 1.0 0.0 0.0 9.0 0.0
1652.0309563458707 0.0 0.0 0.0 1.0 0.0 0.0 9.0 0.0
1653.005771304066 0.0 0.0 0.0 1.0 0.0 0.0 9.0 0.0
1654.0062792541357 0.0 0.0 0.0 1.0 0.0 0.0 9.0 0.0
1655.0040432976234 0.0 0.0 0.0 1.0 0.0 0.0 9.0 0.0
1656.0263257658928 0.0 0.0 0.0 1.0 0.0 0.0 9.0 0.0
1657.0000042130773 0.0 0.0 0.0 1.0 0.0 0.0 9.0 0.0
1658.0168275387562 0.0 0.0 0.0 1.0 0.0 0.0 9.0 0.0
1659.0259315540625 0.0 0.0 0.0 1.0 0.0 0.0 9.0 0.0
1660.0140956105017 0.0 0.0 0.0 1.0 0.0 0.0 9.0 0.0
1661.0004765523695 0.0 0.0 0.0 1.0 0.0 0.0 9.0 0.0
1662.0005017700714 0.0 0.0 0.0 1.0 0.0 0.0 9.0 0.0
1663.0357867955818 0.0 0.0 0.0 1.0 0.0 0.0 9.0 0.0
1664.00906256745 0.0 0.0 0.0 1.0 0.0 0.0 9.0 0.0
1665.017719863612 0.0 0.0 0.0 1.0 0.0 0.0 9.0 0.0
1666.0357867955818 0.0 0.0 0.0 1.0 0.0 0.0 9.0 0.0
1667.0056322060796 0.0 0.0 0.0 1.0 0.0 0.0 9.0 0.0
1668.006766680104 0.0 0.0 0.0 1.0 0.0 0.0 9.0 0.0
1669.00669041551 0.0 0.0 0.0 1.0 0.0 0.0 9.0 0.0
1670.0357867955818 0.0 0.0 0.0 1.0 0.0 0.0 9.0 0.0
1671.0110676275367 0.0 0.0 0.0 1.0 0.0 0.0 9.0 0.0
1672.0004600266857 0.0 0.0 0.0 1.0 0.0 0.0 9.0 0.0
1673.0204541264748 0.0 0.0 0.0 1.0 0.0 0.0 9.0 0.0
1674.017611847825 0.0 0.0 0.0 1.0 0.0 0.0 9.0 0.0
1675.0275692314676 0.0 0.0 0.0 1.0 0.0 0.0 9.0 0.0
1676.0357867955818 0.0 0.0 0.0 1.0 0.0 0.0 9.0 0.0
1677.0357867955818 0.0 0.0 0.0 1.0 0.0 0.0 9.0 0.0
1678.0357867955818 0.0 0.0 0.0 1.0 0.0 0.0 9.0 0.0
1679.003081763532 0.0 0.0 0.0 1.0 0.0 0.0 9.0 0.0
1680.008080882004 0.0 0.0 0.0 1.0 0.0 0.0 9.0 0.0
1681.0054267774294 0.0 0.0 0.0 1.0 0.0 0.0 9.0 0.0
1682.0289439420512 0.0 0.0 0.0 1.0 0.0 0.0 9.0 0.0
1683.0357867955818 0.0 0.0 0.0 1.0 0.0 0.0 9.0 0.0
1684.0357867955818 0.0 0.0 0.0 1.0 0.0 0.0 9.0 0.0
1685.020413422492 0.0 0.0 0.0 1.0 0.0 0.0 9.0 0.0
1686.0133513764308 0.0 0.0 0.0 1.0 0.0 0.0 9.0 0.0
1687.0357867955818 0.0 0.0 0.0 1.0 0.0 0.0 9.0 0.0
1688.0161773369312 0.0 0.0 0.0 1.0 0.0 0.0 9.0 0.0
1689.0357867955818 0.0 0.0 0.0 1.0 0.0 0.0 9.0 0.0
1690.002804144231 0.0 0.0 0.0 1.0 0.0 0.0 9.0 0.0
1691.0263863690045 0.0 0.0 0.0 1.0 0.0 0.0 9.0 0.0
1692.0357867955818 0.0 0.0 0.0 1.0 0.0 0.0 9.0 0.0
1693.0087279469549 0.0 0.0 0.0 1.0 0.0 0.0 9.0 0.0
1694.016840846722 0.0 0.0 0.0 1.0 0.0 0.0 9.0 0.0
1695.0183460054486 0.0 0.0 0.0 1.0 0.0 0.0 9.0 0.0
1696.0104196473987 0.0 0.0 0.0 1.0 0.0 0.0 9.0 0.0
1697.0263478680242 0.0 0.0 0.0 1.0 0.0 0.0 9.0 0.0
1698.0022019913026 0.0 0.0 0.0 1.0 0.0 0.0 9.0 0.0
1699.0139055824052 0.0 0.0 0.0 1.0 0.0 0.0 9.0 0.0
1700.0243442598469 0.0 0.0 0.0 1.0 0.0 0.0 9.0 0.0
1701.0195419547242 0.0 0.0 0.0 1.0 0.0 0.0 9.0 0.0
1702.02195976425 0.0 0.0 0.0 1.0 0.0 0.0 9.0 0.0
1703.004672964017 0.0 0.0 0.0 1.0 0.0 0.0 9.0 0.0
1704.0244125098234 0.0 0.0 0.0 1.0 0.0 0.0 9.0 0.0
1705.0090728267471 0.0 0.0 0.0 1.0 0.0 0.0 9.0 0.0
1706.0299147774565 0.0 0.0 0.0 1.0 0.0 0.0 9.0 0.0
1707.0357867955818 0.0 0.0 0.0 1.0 0.0 0.0 9.0 0.0
1708.0035504812176 0.0 0.0 0.0 1.0 0.0 0.0 9.0 0.0
1709.0357867955818 0.0 0.0 0.0 1.0 0.0 0.0 9.0 0.0
1710.003255047149 0.0 0.0 0.0 1.0 0.0 0.0 9.0 0.0
1711.0357867955818 0.0 0.0 0.0 1.0 0.0 0.0 9.0 0.0
1712.0087672320162 0.0 0.0 0.0 1.0 0.0 0.0 9.0 0.0
1713.0023270772524 0.0 0.0 0.0 1.0 0.0 0.0 9.0 0.0
1714.0048369989106 0.0 0.0 0.0 1.0 0.0 0.0 9.0 0.0
1715.0055262740543 0.0 0.0 0.0 1.0 0.0 0.0 9.0 0.0
1716.0357867955818 0.0 0.0 0.0 1.0 0.0 0.0 9.0 0.0
1717.0038628105267 0.0 0.0 0.0 1.0 0.0 0.0 9.0 0.0
1718.0357867955818 0.0 0.0 0.0 1.0 0.0 0.0 9.0 0.0
1719.0357867955818 0.0 0.0 0.0 1.0 0.0 0.0 9.0 0.0
1720.0008223333384 0.0 0.0 0.0 1.0 0.0 0.0 9.0 0.0
1721.0357867955818 0.0 0.0 0.0 1.0 0.0 0.0 9.0 0.0
1722.0203165800597 0.0 0.0 0.0 1.0 0.0 0.0 9.0 0.0
1723.0264022959925 0.0 0.0 0.0 1.0 0.0 0.0 9.0 0.0
1724.0224835422914 0.0 0.0 0.0 1.0 0.0 0.0 9.0 0.0
1725.0067253975076 0.0 0.0 0.0 1.0 0.0 0.0 9.0 0.0
1726.0068847774457 0.0 0.0 0.0 1.0 0.0 0.0 9.0 0.0
1727.0357867955818 0.0 0.0 0.0 1.0 0.0 0.0 9.0 0.0
1728.0223030229538 0.0 0.0 0.0 1.0 0.0 0.0 9.0 0.0
1729.0174142755939 0.0 0.0 0.0 1.0 0.0 0.0 9.0 0.0
1730.0259925219932 0.0 0.0 0.0 1.0 0.0 0.0 9.0 0.0
1731.035452364297 0.0 0.0 0.0 1.0 0.0 0.0 9.0 0.0
1732.035281590474 0.0 0.0 0.0 1.0 0.0 0.0 9.0 0.0
1733.0066873009105 0.0 0.0 0.0 1.0 0.0 0.0 9.0 0.0
1734.0040426037779 0.0 0.0 0.0 1.0 0.0 0.0 9.0 0.0
1735.0317579183065 0.0 0.0 0.0 1.0 0.0 0.0 9.0 0.0
1736.0357867955818 0.0 0.0 0.0 1.0 0.0 0.0 9.0 0.0
1737.0345232852094 0.0 0.0 0.0 1.0 0.0 0.0 9.0 0.0
1738.0110137221698 0.0 0.0 0.0 1.0 0.0 0.0 9.0 0.0
1739.035474662642 0.0 0.0 0.0 1.0 0.0 0.0 9.0 0.0
1740.0179967765011 0.0 0.0 0.0 1.0 0.0 0.0 9.0 0.0
1741.010985894009 0.0 0.0 0.0 1.0 0.0 0.0 9.0 0.0
1742.028872117379 0.0 0.0 0.0 1.0 0.0 0.0 9.0 0.0
1743.0029946011332 0.0 0.0 0.0 1.0 0.0 0.0 9.0 0.0
1744.01586160742 0.0 0.0 0.0 1.0 0.0 0.0 9.0 0.0
1745.0249704520604 0.0 0.0 0.0 1.0 0.0 0.0 9.0 0.0
1746.0357867955818 0.0 0.0 0.0 1.0 0.0 0.0 9.0 0.0
1747.0133677709127 0.0 0.0 0.0 1.0 0.0 0.0 9.0 0.0
1748.0103771692065 0.0 0.0 0.0 1.0 0.0 0.0 9.0 0.0
1749.0003052087413 0.0 0.0 0.0 1.0 0.0 0.0 9.0 0.0
1750.0008677648927 0.0 0.0 0.0 1.0 0.0 0.0 9.0 0.0
1751.012156120495 0.0 0.0 0.0 1.0 0.0 0.0 9.0 0.0
1752.0043513293265 0.0 0.0 0.0 1.0 0.0 0.0 9.0 0.0
1753.0010235717643 0.0 0.0 0.0 1.0 0.0 0.0 9.0 0.0
1754.0069808173644 0.0 0.0 0.0 1.0 0.0 0.0 9.0 0.0
1755.0357867955818 0.0 0.0 0.0 1.0 0.0 0.0 9.0 0.0
1756.002362808947 0.0 0.0 0.0 1.0 0.0 0.0 9.0 0.0
1757.0042999266363 0.0 0.0 0.0 1.0 0.0 0.0 9.0 0.0
1758.0022032849117 0.0 0.0 0.0 1.0 0.0 0.0 9.0 0.0
1759.0199718941283 0.0 0.0 0.0 1.0 0.0 0.0 9.0 0.0
1760.0357867955818 0.0 0.0 0.0 1.0 0.0 0.0 9.0 0.0
1761.0339783096952 0.0 0.0 0.0 1.0 0.0 0.0 9.0 0.0
1762.0088235877301 0.0 0.0 0.0 1.0 0.0 0.0 9.0 0.0
1763.0309785140341 0.0 0.0 0.0 1.0 0.0 0.0 9.0 0.0
1764.0317066157543 0.0 0.0 0.0 1.0 0.0 0.0 9.0 0.0
1765.0235468144122 0.0 0.0 0.0 1.0 0.0 0.0 9.0 0.0
1766.0012894577528 0.0 0.0 0.0 1.0 0.0 0.0 9.0 0.0
1767.0033502112913 0.0 0.0 0.0 1.0 0.0 0.0 9.0 0.0
1768.0104632263158 0.0 0.0 0.0 1.0 0.0 0.0 9.0 0.0
1769.009348329433 0.0 0.0 0.0 1.0 0.0 0.0 9.0 0.0
1770.0140504777653 0.0 0.0 0.0 1.0 0.0 0.0 9.0 0.0
1771.0031186932315 0.0 0.0 0.0 1.0 0.0 0.0 9.0 0.0
1772.0357867955818 0.0 0.0 0.0 1.0 0.0 0.0 9.0 0.0
1773.0210571699774 0.0 0.0 0.0 1.0 0.0 0.0 9.0 0.0
1774.0307603035976 0.0 0.0 0.0 1.0 0.0 0.0 9.0 0.0
1775.0208715138526 0.0 0.0 0.0 1.0 0.0 0.0 9.0 0.0
1776.0174392116357 0.0 0.0 0.0 1.0 0.0 0.0 9.0 0.0
1777.0158013300816 0.0 0.0 0.0 1.0 0.0 0.0 9.0 0.0
1778.024688792968 0.0 0.0 0.0 1.0 0.0 0.0 9.0 0.0
1779.0201478241586 0.0 0.0 0.0 1.0 0.0 0.0 9.0 0.0
1780.006567667453 0.0 0.0 0.0 1.0 0.0 0.0 9.0 0.0
1781.0357867955818 0.0 0.0 0.0 1.0 0.0 0.0 9.0 0.0
1782.0286958693187 0.0 0.0 0.0 1.0 0.0 0.0 9.0 0.0
1783.004685729295 0.0 0.0 0.0 1.0 0.0 0.0 9.0 0.0
1784.0001073098683 0.0 0.0 0.0 1.0 0.0 0.0 9.0 0.0
1785.0082707840825 0.0 0.0 0.0 1.0 0.0 0.0 9.0 0.0
1786.0357867955818 0.0 0.0 0.0 1.0 0.0 0.0 9.0 0.0
1787.0357867955818 0.0 0.0 0.0 1.0 0.0 0.0 9.0 0.0
1788.0065244688822 0.0 0.0 0.0 1.0 0.0 0.0 9.0 0.0
1789.0037027167707 0.0 0.0 0.0 1.0 0.0 0.0 9.0 0.0
1790.0002869712607 0.0 0.0 0.0 1.0 0.0 0.0 9.0 0.0
1791.0357867955818 0.0 0.0 0.0 1.0 0.0 0.0 9.0 0.0
1792.001587257975 0.0 0.0 0.0 1.0 0.0 0.0 9.0 0.0
1793.0120169375396 0.0 0.0 0.0 1.0 0.0 0.0 9.0 0.0
1794.0160672579514 0.0 0.0 0.0 1.0 0.0 0.0 9.0 0.0
1795.0045058041082 0.0 0.0 0.0 1.0 0.0 0.0 9.0 0.0
1796.0241808731791 0.0 0.0 0.0 1.0 0.0 0.0 9.0 0.0
1797.0033204336044 0.0 0.0 0.0 1.0 0.0 0.0 9.0 0.0
1798.015089592922 0.0 0.0 0.0 1.0 0.0 0.0 9.0 0.0
1799.0071642032774 0.0 0.0 0.0 1.0 0.0 0.0 9.0 0.0
1800.0010090695973 0.0 0.0 0.0 1.0 0.0 0.0 9.0 0.0
1801.0009699853936 0.0 0.0 0.0 1.0 0.0 0.0 9.0 0.0
1802.0357867955818 0.0 0.0 0.0 1.0 0.0 0.0 9.0 0.0
1803.009119144412 0.0 0.0 0.0 1.0 0.0 0.0 9.0 0.0
1804.0069882607777 0.0 0.0 0.0 1.0 0.0 0.0 9.0 0.0
1805.0357867955818 0.0 0.0 0.0 1.0 0.0 0.0 9.0 0.0
1806.0049117898723 0.0 0.0 0.0 1.0 0.0 0.0 9.0 0.0
1807.0204352765334 0.0 0.0 0.0 1.0 0.0 0.0 9.0 0.0
1808.014385306211 0.0 0.0 0.0 1.0 0.0 0.0 9.0 0.0
1809.0132036235084 0.0 0.0 0.0 1.0 0.0 0.0 9.0 0.0
1810.01040684379 0.0 0.0 0.0 1.0 0.0 0.0 9.0 0.0
1811.0237000778332 0.0 0.0 0.0 1.0 0.0 0.0 9.0 0.0
1812.0227714615787 0.0 0.0 0.0 1.0 0.0 0.0 9.0 0.0
1813.0116789658946 0.0 0.0 0.0 1.0 0.0 0.0 9.0 0.0
1814.0070499785372 0.0 0.0 0.0 1.0 0.0 0.0 9.0 0.0
1815.016953336644 0.0 0.0 0.0 1.0 0.0 0.0 9.0 0.0
1816.0342775466434 0.0 0.0 0.0 1.0 0.0 0.0 9.0 0.0
1817.017005648967 0.0 0.0 0.0 1.0 0.0 0.0 9.0 0.0
1818.0249971393869 0.0 0.0 0.0 1.0 0.0 0.0 9.0 0.0
1819.011122352374 0.0 0.0 0.0 1.0 0.0 0.0 9.0 0.0
1820.0159941866978 0.0 0.0 0.0 1.0 0.0 0.0 9.0 0.0
1821.0357867955818 0.0 0.0 0.0 1.0 0.0 0.0 9.0 0.0
1822.0281379704102 0.0 0.0 0.0 1.0 0.0 0.0 9.0 0.0
1823.022698857088 0.0 0.0 0.0 1.0 0.0 0.0 9.0 0.0
1824.0357867955818 0.0 0.0 0.0 1.0 0.0 0.0 9.0 0.0
1825.0292957096765 0.0 0.0 0.0 1.0 0.0 0.0 9.0 0.0
1826.0003938213272 0.0 0.0 0.0 1.0 0.0 0.0 9.0 0.0
1827.0208493771875 0.0 0.0 0.0 1.0 0.0 0.0 9.0 0.0
1828.0224302776244 0.0 0.0 0.0 1.0 0.0 0.0 9.0 0.0
1829.0016778999723 0.0 0.0 0.0 1.0 0.0 0.0 9.0 0.0
1830.0357867955818 0.0 0.0 0.0 1.0 0.0 0.0 9.0 0.0
1831.020067737481 0.0 0.0 0.0 1.0 0.0 0.0 9.0 0.0
1832.0301067938294 0.0 0.0 0.0 1.0 0.0 0.0 9.0 0.0
1833.0004008673154 0.0 0.0 0.0 1.0 0.0 0.0 9.0 0.0
1834.009465544781 0.0 0.0 0.0 1.0 0.0 0.0 9.0 0.0
1835.0230607004773 0.0 0.0 0.0 1.0 0.0 0.0 9.0 0.0
1836.001177896192 0.0 0.0 0.0 1.0 0.0 0.0 9.0 0.0
1837.0027078428286 0.0 0.0 0.0 1.0 0.0 0.0 9.0 0.0
1838.0030863272614 0.0 0.0 0.0 1.0 0.0 0.0 9.0 0.0
1839.0357867955818 0.0 0.0 0.0 1.0 0.0 0.0 9.0 0.0
1840.028378274128 0.0 0.0 0.0 1.0 0.0 0.0 9.0 0.0
1841.011410995631 0.0 0.0 0.0 1.0 0.0 0.0 9.0 0.0
1842.0008382904275 0.0 0.0 0.0 1.0 0.0 0.0 9.0 0.0
1843.0357867955818 0.0 0.0 0.0 1.0 0.0 0.0 9.0 0.0
1844.0241423843195 0.0 0.0 0.0 1.0 0.0 0.0 9.0 0.0
1845.0065849435102 0.0 0.0 0.0 1.0 0.0 0.0 9.0 0.0
1846.0014330284557 0.0 0.0 0.0 1.0 0.0 0.0 9.0 0.0
1847.0140597268544 0.0 0.0 0.0 1.0 0.0 0.0 9.0 0.0
1848.0033303474302 0.0 0.0 0.0 1.0 0.0 0.0 9.0 0.0
1849.0357867955818 0.0 0.0 0.0 1.0 0.0 0.0 9.0 0.0
1850.0168098511417 0.0 0.0 0.0 1.0 0.0 0.0 9.0 0.0
1851.0142061360502 0.0 0.0 0.0 1.0 0.0 0.0 9.0 0.0
1852.0005250901118 0.0 0.0 0.0 1.0 0.0 0.0 9.0 0.0
1853.031649634009 0.0 0.0 0.0 1.0 0.0 0.0 9.0 0.0
1854.0338137735744 0.0 0.0 0.0 1.0 0.0 0.0 9.0 0.0
1855.0164361358266 0.0 0.0 0.0 1.0 0.0 0.0 9.0 0.0
1856.0011805970962 0.0 0.0 0.0 1.0 0.0 0.0 9.0 0.0
1857.0278100774835 0.0 0.0 0.0 1.0 0.0 0.0 9.0 0.0
1858.002730683106 0.0 0.0 0.0 1.0 0.0 0.0 9.0 0.0
1859.0357867955818 0.0 0.0 0.0 1.0 0.0 0.0 9.0 0.0
1860.0357867955818 0.0 0.0 0.0 1.0 0.0 0.0 9.0 0.0
1861.02702314791 0.0 0.0 0.0 1.0 0.0 0.0 9.0 0.0
1862.0042762611743 0.0 0.0 0.0 1.0 0.0 0.0 9.0 0.0
1863.0357867955818 0.0 0.0 0.0 1.0 0.0 0.0 9.0 0.0
1864.0098615921977 0.0 0.0 0.0 1.0 0.0 0.0 9.0 0.0
1865.0163845839602 0.0 0.0 0.0 1.0 0.0 0.0 9.0 0.0
1866.0357867955818 0.0 0.0 0.0 1.0 0.0 0.0 9.0 0.0
1867.019363096125 0.0 0.0 0.0 1.0 0.0 0.0 9.0 0.0
1868.0078056720365 0.0 0.0 0.0 1.0 0.0 0.0 9.0 0.0
1869.0268196897619 0.0 0.0 0.0 1.0 0.0 0.0 9.0 0.0
1870.0357867955818 0.0 0.0 0.0 1.0 0.0 0.0 9.0 0.0
1871.0232562227025 0.0 0.0 0.0 1.0 0.0 0.0 9.0 0.0
1872.0025917922692 0.0 0.0 0.0 1.0 0.0 0.0 9.0 0.0
1873.0357867955818 0.0 0.0 0.0 1.0 0.0 0.0 9.0 0.0
1874.0357867955818 0.0 0.0 0.0 1.0 0.0 0.0 9.0 0.0
1875.002027797979 0.0 0.0 0.0 1.0 0.0 0.0 9.0 0.0
1876.0055175858129 0.0 0.0 0.0 1.0 0.0 0.0 9.0 0.0
1877.0182846152834 0.0 0.0 0.0 1.0 0.0 0.0 9.0 0.0
1878.014902778984 0.0 0.0 0.0 1.0 0.0 0.0 9.0 0.0
1879.0004669235236 0.0 0.0 0.0 1.0 0.0 0.0 9.0 0.0
1880.006563287096 0.0 0.0 0.0 1.0 0.0 0.0 9.0 0.0
1881.0329670665958 0.0 0.0 0.0 1.0 0.0 0.0 9.0 0.0
1882.0216593085847 0.0 0.0 0.0 1.0 0.0 0.0 9.0 0.0
1883.011570862836 0.0 0.0 0.0 1.0 0.0 0.0 9.0 0.0
1884.0357867955818 0.0 0.0 0.0 1.0 0.0 0.0 9.0 0.0
1885.0030983303352 0.0 0.0 0.0 1.0 0.0 0.0 9.0 0.0
1886.0257491059422 0.0 0.0 0.0 1.0 0.0 0.0 9.0 0.0
1887.0117263218556 0.0 0.0 0.0 1.0 0.0 0.0 9.0 0.0
1888.0214062565979 0.0 0.0 0.0 1.0 0.0 0.0 9.0 0.0
1889.0357867955818 0.0 0.0 0.0 1.0 0.0 0.0 9.0 0.0
1890.002957598314 0.0 0.0 0.0 1.0 0.0 0.0 9.0 0.0
1891.0023658350442 0.0 0.0 0.0 1.0 0.0 0.0 9.0 0.0
1892.0155344871332 0.0 0.0 0.0 1.0 0.0 0.0 9.0 0.0
1893.0357867955818 0.0 0.0 0.0 1.0 0.0 0.0 9.0 0.0
1894.015134534489 0.0 0.0 0.0 1.0 0.0 0.0 9.0 0.0
1895.0183182928567 0.0 0.0 0.0 1.0 0.0 0.0 9.0 0.0
1896.0042197255384 0.0 0.0 0.0 1.0 0.0 0.0 9.0 0.0
1897.0357867955818 0.0 0.0 0.0 1.0 0.0 0.0 9.0 0.0
1898.0357867955818 0.0 0.0 0.0 1.0 0.0 0.0 9.0 0.0
1899.0074773091164 0.0 0.0 0.0 1.0 0.0 0.0 9.0 0.0
1900.0357867955818 0.0 0.0 0.0 1.0 0.0 0.0 9.0 0.0
1901.0047344528978 0.0 0.0 0.0 1.0 0.0 0.0 9.0 0.0
1902.0357867955818 0.0 0.0 0.0 1.0 0.0 0.0 9.0 0.0
1903.0194262628042 0.0 0.0 0.0 1.0 0.0 0.0 9.0 0.0
1904.0129494814025 0.0 0.0 0.0 1.0 0.0 0.0 9.0 0.0
1905.0102158403133 0.0 0.0 0.0 1.0 0.0 0.0 9.0 0.0
1906.0166795624134 0.0 0.0 0.0 1.0 0.0 0.0 9.0 0.0
1907.0081272993934 0.0 0.0 0.0 1.0 0.0 0.0 9.0 0.0
1908.0163007045448 0.0 0.0 0.0 1.0 0.0 0.0 9.0 0.0
1909.0032547013443 0.0 0.0 0.0 1.0 0.0 0.0 9.0 0.0
1910.0357867955818 0.0 0.0 0.0 1.0 0.0 0.0 9.0 0.0
1911.002092304461 0.0 0.0 0.0 1.0 0.0 0.0 9.0 0.0
1912.0190520133092 0.0 0.0 0.0 1.0 0.0 0.0 9.0 0.0
1913.0132979471425 0.0 0.0 0.0 1.0 0.0 0.0 9.0 0.0
1914.0012492890935 0.0 0.0 0.0 1.0 0.0 0.0 9.0 0.0
1915.031662097958 0.0 0.0 0.0 1.0 0.0 0.0 9.0 0.0
1916.0332816234925 0.0 0.0 0.0 1.0 0.0 0.0 9.0 0.0
1917.0036204679664 0.0 0.0 0.0 1.0 0.0 0.0 9.0 0.0
1918.0357867955818 0.0 0.0 0.0 1.0 0.0 0.0 9.0 0.0
1919.0357867955818 0.0 0.0 0.0 1.0 0.0 0.0 9.0 0.0
1920.004287936828 0.0 0.0 0.0 1.0 0.0 0.0 9.0 0.0
1921.027708107686 0.0 0.0 0.0 1.0 0.0 0.0 9.0 0.0
1922.0186098002223 0.0 0.0 0.0 1.0 0.0 0.0 9.0 0.0
1923.0357867955818 0.0 0.0 0.0 1.0 0.0 0.0 9.0 0.0
1924.0357867955818 0.0 0.0 0.0 1.0 0.0 0.0 9.0 0.0
1925.0014771276503 0.0 0.0 0.0 1.0 0.0 0.0 9.0 0.0
1926.0194323751123 0.0 0.0 0.0 1.0 0.0 0.0 9.0 0.0
1927.0241510311607 0.0 0.0 0.0 1.0 0.0 0.0 9.0 0.0
1928.0013182510518 0.0 0.0 0.0 1.0 0.0 0.0 9.0 0.0
1929.0326458318689 0.0 0.0 0.0 1.0 0.0 0.0 9.0 0.0
1930.013360844863 0.0 0.0 0.0 1.0 0.0 0.0 9.0 0.0
1931.0357867955818 0.0 0.0 0.0 1.0 0.0 0.0 9.0 0.0
1932.016204900743 0.0 0.0 0.0 1.0 0.0 0.0 9.0 0.0
1933.0352635298211 0.0 0.0 0.0 1.0 0.0 0.0 9.0 0.0
1934.0357867955818 0.0 0.0 0.0 1.0 0.0 0.0 9.0 0.0
1935.0357867955818 0.0 0.0 0.0 1.0 0.0 0.0 9.0 0.0
1936.0357867955818 0.0 0.0 0.0 1.0 0.0 0.0 9.0 0.0
1937.0087174970918 0.0 0.0 0.0 1.0 0.0 0.0 9.0 0.0
1938.0357867955818 0.0 0.0 0.0 1.0 0.0 0.0 9.0 0.0
1939.0031824771938 0.0 0.0 0.0 1.0 0.0 0.0 9.0 0.0
1940.0008574934554 0.0 0.0 0.0 1.0 0.0 0.0 9.0 0.0
1941.0357867955818 0.0 0.0 0.0 1.0 0.0 0.0 9.0 0.0
1942.0357867955818 0.0 0.0 0.0 1.0 0.0 0.0 9.0 0.0
1943.0357867955818 0.0 0.0 0.0 1.0 0.0 0.0 9.0 0.0
1944.0111759313465 0.0 0.0 0.0 1.0 0.0 0.0 9.0 0.0
1945.0031286880858 0.0 0.0 0.0 1.0 0.0 0.0 9.0 0.0
1946.002105800019 0.0 0.0 0.0 1.0 0.0 0.0 9.0 0.0
1947.0158290887564 0.0 0.0 0.0 1.0 0.0 0.0 9.0 0.0
1948.0357867955818 0.0 0.0 0.0 1.0 0.0 0.0 9.0 0.0
1949.0017382859003 0.0 0.0 0.0 1.0 0.0 0.0 9.0 0.0
1950.0233071714156 0.0 0.0 0.0 1.0 0.0 0.0 9.0 0.0
1951.006004960654 0.0 0.0 0.0 1.0 0.0 0.0 9.0 0.0
1952.0135741585461 0.0 0.0 0.0 1.0 0.0 0.0 9.0 0.0
1953.0357867955818 0.0 0.0 0.0 1.0 0.0 0.0 9.0 0.0
1954.0156289843285 0.0 0.0 0.0 1.0 0.0 0.0 9.0 0.0
1955.0357867955818 0.0 0.0 0.0 1.0 0.0 0.0 9.0 0.0
1956.004828291086 0.0 0.0 0.0 1.0 0.0 0.0 9.0 0.0
1957.0141094673008 0.0 0.0 0.0 1.0 0.0 0.0 9.0 0.0
1958.0357867955818 0.0 0.0 0.0 1.0 0.0 0.0 9.0 0.0
1959.0268626275315 0.0 0.0 0.0 1.0 0.0 0.0 9.0 0.0
1960.029354589492 0.0 0.0 0.0 1.0 0.0 0.0 9.0 0.0
1961.0150366398602 0.0 0.0 0.0 1.0 0.0 0.0 9.0 0.0
1962.0184345649234 0.0 0.0 0.0 1.0 0.0 0.0 9.0 0.0
1963.0357867955818 0.0 0.0 0.0 1.0 0.0 0.0 9.0 0.0
1964.0127252066295 0.0 0.0 0.0 1.0 0.0 0.0 9.0 0.0
1965.015546369162 0.0 0.0 0.0 1.0 0.0 0.0 9.0 0.0
1966.0229605788102 0.0 0.0 0.0 1.0 0.0 0.0 9.0 0.0
1967.0216690727586 0.0 0.0 0.0 1.0 0.0 0.0 9.0 0.0
1968.0302155698682 0.0 0.0 0.0 1.0 0.0 0.0 9.0 0.0
1969.013993449093 0.0 0.0 0.0 1.0 0.0 0.0 9.0 0.0
1970.0005078570955 0.0 0.0 0.0 1.0 0.0 0.0 9.0 0.0
1971.0081971291509 0.0 0.0 0.0 1.0 0.0 0.0 9.0 0.0
1972.0117105095428 0.0 0.0 0.0 1.0 0.0 0.0 9.0 0.0
1973.0101736781824 0.0 0.0 0.0 1.0 0.0 0.0 9.0 0.0
1974.0016087206654 0.0 0.0 0.0 1.0 0.0 0.0 9.0 0.0
1975.0067021842608 0.0 0.0 0.0 1.0 0.0 0.0 9.0 0.0
1976.0241019416546 0.0 0.0 0.0 1.0 0.0 0.0 9.0 0.0
1977.0138010088024 0.0 0.0 0.0 1.0 0.0 0.0 9.0 0.0
1978.0128006762473 0.0 0.0 0.0 1.0 0.0 0.0 9.0 0.0
1979.0242187718131 0.0 0.0 0.0 1.0 0.0 0.0 9.0 0.0
1980.0110031785568 0.0 0.0 0.0 1.0 0.0 0.0 9.0 0.0
1981.0183734159446 0.0 0.0 0.0 1.0 0.0 0.0 9.0 0.0
1982.0032930672658 0.0 0.0 0.0 1.0 0.0 0.0 9.0 0.0
1983.0092714332518 0.0 0.0 0.0 1.0 0.0 0.0 9.0 0.0
1984.0057921371738 0.0 0.0 0.0 1.0 0.0 0.0 9.0 0.0
1985.0357867955818 0.0 0.0 0.0 1.0 0.0 0.0 9.0 0.0
1986.0095657074266 0.0 0.0 0.0 1.0 0.0 0.0 9.0 0.0
1987.0086724017406 0.0 0.0 0.0 1.0 0.0 0.0 9.0 0.0
1988.0074266452984 0.0 0.0 0.0 1.0 0.0 0.0 9.0 0.0
1989.0002459402124 0.0 0.0 0.0 1.0 0.0 0.0 9.0 0.0
1990.0156510857967 0.0 0.0 0.0 1.0 0.0 0.0 9.0 0.0
1991.024306294486 0.0 0.0 0.0 1.0 0.0 0.0 9.0 0.0
1992.0357867955818 0.0 0.0 0.0 1.0 0.0 0.0 9.0 0.0
1993.0357867955818 0.0 0.0 0.0 1.0 0.0 0.0 9.0 0.0
1994.0357867955818 0.0 0.0 0.0 1.0 0.0 0.0 9.0 0.0
1995.0357867955818 0.0 0.0 0.0 1.0 0.0 0.0 9.0 0.0
1996.0303845983137 0.0 0.0 0.0 1.0 0.0 0.0 9.0 0.0
1997.0357867955818 0.0 0.0 0.0 1.0 0.0 0.0 9.0 0.0
1998.0068135414979 0.0 0.0 0.0 1.0 0.0 0.0 9.0 0.0
1999.0317799977333 0.0 0.0 0.0 1.0 0.0 0.0 9.0 0.0
2000.0357867955818 0.0 0.0 0.0 1.0 0.0 0.0 9.0 0.0
2001.0322822573378 0.0 0.0 0.0 1.0 0.0 0.0 9.0 0.0
2002.0357867955818 0.0 0.0 0.0 1.0 0.0 0.0 9.0 0.0
2003.0357867955818 0.0 0.0 0.0 1.0 0.0 0.0 9.0 0.0
2004.0357867955818 0.0 0.0 0.0 1.0 0.0 0.0 9.0 0.0
2005.0278092646486 0.0 0.0 0.0 1.0 0.0 0.0 9.0 0.0
2006.0357867955818 0.0 0.0 0.0 1.0 0.0 0.0 9.0 0.0
2007.0357867955818 0.0 0.0 0.0 1.0 0.0 0.0 9.0 0.0
2008.0202272610338 0.0 0.0 0.0 1.0 0.0 0.0 9.0 0.0
2009.0234406604634 0.0 0.0 0.0 1.0 0.0 0.0 9.0 0.0
2010.0077145828127 0.0 0.0 0.0 1.0 0.0 0.0 9.0 0.0
2011.0074446704682 0.0 0.0 0.0 1.0 0.0 0.0 9.0 0.0
2012.016809783293 0.0 0.0 0.0 1.0 0.0 0.0 9.0 0.0
2013.0030110406149 0.0 0.0 0.0 1.0 0.0 0.0 9.0 0.0
2014.0175852154116 0.0 0.0 0.0 1.0 0.0 0.0 9.0 0.0
2015.0077533676028 0.0 0.0 0.0 1.0 0.0 0.0 9.0 0.0
2016.0357867955818 0.0 0.0 0.0 1.0 0.0 0.0 9.0 0.0
2017.0357867955818 0.0 0.0 0.0 1.0 0.0 0.0 9.0 0.0
2018.0062905422046 0.0 0.0 0.0 1.0 0.0 0.0 9.0 0.0
2019.020770772367 0.0 0.0 0.0 1.0 0.0 0.0 9.0 0.0
2020.0349929356944 0.0 0.0 0.0 1.0 0.0 0.0 9.0 0.0
2021.0215451104891 0.0 0.0 0.0 1.0 0.0 0.0 9.0 0.0
2022.0169915239987 0.0 0.0 0.0 1.0 0.0 0.0 9.0 0.0
2023.0196591444148 0.0 0.0 0.0 1.0 0.0 0.0 9.0 0.0
2024.0138404931897 0.0 0.0 0.0 1.0 0.0 0.0 9.0 0.0
2025.0280449482673 0.0 0.0 0.0 1.0 0.0 0.0 9.0 0.0
2026.0004681022426 0.0 0.0 0.0 1.0 0.0 0.0 9.0 0.0
2027.0347015078528 0.0 0.0 0.0 1.0 0.0 0.0 9.0 0.0
2028.0292434149965 0.0 0.0 0.0 1.0 0.0 0.0 9.0 0.0
2029.0357867955818 0.0 0.0 0.0 1.0 0.0 0.0 9.0 0.0
2030.0190098520122 0.0 0.0 0.0 1.0 0.0 0.0 9.0 0.0
2031.005080458302 0.0 0.0 0.0 1.0 0.0 0.0 9.0 0.0
2032.0161838798394 0.0 0.0 0.0 1.0 0.0 0.0 9.0 0.0
2033.0357867955818 0.0 0.0 0.0 1.0 0.0 0.0 9.0 0.0
2034.0143030044985 0.0 0.0 0.0 1.0 0.0 0.0 9.0 0.0
2035.0006080283028 0.0 0.0 0.0 1.0 0.0 0.0 9.0 0.0
2036.0210681296364 0.0 0.0 0.0 1.0 0.0 0.0 9.0 0.0
2037.0357867955818 0.0 0.0 0.0 1.0 0.0 0.0 9.0 0.0
2038.0357867955818 0.0 0.0 0.0 1.0 0.0 0.0 9.0 0.0
2039.0357867955818 0.0 0.0 0.0 1.0 0.0 0.0 9.0 0.0
2040.0271845058273 0.0 0.0 0.0 1.0 0.0 0.0 9.0 0.0
2041.0090420589258 0.0 0.0 0.0 1.0 0.0 0.0 9.0 0.0
2042.014639192047 0.0 0.0 0.0 1.0 0.0 0.0 9.0 0.0
2043.0357867955818 0.0 0.0 0.0 1.0 0.0 0.0 9.0 0.0
2044.0357867955818 0.0 0.0 0.0 1.0 0.0 0.0 9.0 0.0
2045.0268437671239 0.0 0.0 0.0 1.0 0.0 0.0 9.0 0.0
2046.0029435630438 0.0 0.0 0.0 1.0 0.0 0.0 9.0 0.0
2047.021530892806 0.0 0.0 0.0 1.0 0.0 0.0 9.0 0.0
2048.008606867459 0.0 0.0 0.0 1.0 0.0 0.0 9.0 0.0
2049.0357867955818 0.0 0.0 0.0 1.0 0.0 0.0 9.0 0.0
2050.0357867955818 0.0 0.0 0.0 1.0 0.0 0.0 9.0 0.0
2051.0357867955818 0.0 0.0 0.0 1.0 0.0 0.0 9.0 0.0
2052.0357867955818 0.0 0.0 0.0 1.0 0.0 0.0 9.0 0.0
2053.0357867955818 0.0 0.0 0.0 1.0 0.0 0.0 9.0 0.0
2054.0032905233616 0.0 0.0 0.0 1.0 0.0 0.0 9.0 0.0
2055.01023771129 0.0 0.0 0.0 1.0 0.0 0.0 9.0 0.0
2056.0040995091326 0.0 0.0 0.0 1.0 0.0 0.0 9.0 0.0
2057.024397310943 0.0 0.0 0.0 1.0 0.0 0.0 9.0 0.0
2058.0357867955818 0.0 0.0 0.0 1.0 0.0 0.0 9.0 0.0
2059.0013275083297 0.0 0.0 0.0 1.0 0.0 0.0 9.0 0.0
2060.0154865613295 0.0 0.0 0.0 1.0 0.0 0.0 9.0 0.0
2061.0357867955818 0.0 0.0 0.0 1.0 0.0 0.0 9.0 0.0
2062.034149952803 0.0 0.0 0.0 1.0 0.0 0.0 9.0 0.0
2063.032332673461 0.0 0.0 0.0 1.0 0.0 0.0 9.0 0.0
2064.01188922474 0.0 0.0 0.0 1.0 0.0 0.0 9.0 0.0
2065.004804471572 0.0 0.0 0.0 1.0 0.0 0.0 9.0 0.0
2066.0357867955818 0.0 0.0 0.0 1.0 0.0 0.0 9.0 0.0
2067.013109168481 0.0 0.0 0.0 1.0 0.0 0.0 9.0 0.0
2068.0241651007705 0.0 0.0 0.0 1.0 0.0 0.0 9.0 0.0
2069.023272933561 0.0 0.0 0.0 1.0 0.0 0.0 9.0 0.0
2070.0357867955818 0.0 0.0 0.0 1.0 0.0 0.0 9.0 0.0
2071.0357867955818 0.0 0.0 0.0 1.0 0.0 0.0 9.0 0.0
2072.0205198745202 0.0 0.0 0.0 1.0 0.0 0.0 9.0 0.0
2073.008911006512 0.0 0.0 0.0 1.0 0.0 0.0 9.0 0.0
2074.0343936634513 0.0 0.0 0.0 1.0 0.0 0.0 9.0 0.0
2075.0090322329697 0.0 0.0 0.0 1.0 0.0 0.0 9.0 0.0
2076.0357867955818 0.0 0.0 0.0 1.0 0.0 0.0 9.0 0.0
2077.0357867955818 0.0 0.0 0.0 1.0 0.0 0.0 9.0 0.0
2078.011397044722 0.0 0.0 0.0 1.0 0.0 0.0 9.0 0.0
2079.0215366339535 0.0 0.0 0.0 1.0 0.0 0.0 9.0 0.0
2080.0062460576105 0.0 0.0 0.0 1.0 0.0 0.0 9.0 0.0
2081.0211312553547 0.0 0.0 0.0 1.0 0.0 0.0 9.0 0.0
2082.0002836645285 0.0 0.0 0.0 1.0 0.0 0.0 9.0 0.0
2083.005105026819 0.0 0.0 0.0 1.0 0.0 0.0 9.0 0.0
2084.0357867955818 0.0 0.0 0.0 1.0 0.0 0.0 9.0 0.0
2085.025821413135 0.0 0.0 0.0 1.0 0.0 0.0 9.0 0.0
2086.0357867955818 0.0 0.0 0.0 1.0 0.0 0.0 9.0 0.0
2087.004814129081 0.0 0.0 0.0 1.0 0.0 0.0 9.0 0.0
2088.0357867955818 0.0 0.0 0.0 1.0 0.0 0.0 9.0 0.0
2089.0357867955818 0.0 0.0 0.0 1.0 0.0 0.0 9.0 0.0
2090.022658613169 0.0 0.0 0.0 1.0 0.0 0.0 9.0 0.0
2091.0042851599246 0.0 0.0 0.0 1.0 0.0 0.0 9.0 0.0
2092.0114689098054 0.0 0.0 0.0 1.0 0.0 0.0 9.0 0.0
2093.0357867955818 0.0 0.0 0.0 1.0 0.0 0.0 9.0 0.0
2094.0054571892797 0.0 0.0 0.0 1.0 0.0 0.0 9.0 0.0
2095.0031180161222 0.0 0.0 0.0 1.0 0.0 0.0 9.0 0.0
2096.0147523674946 0.0 0.0 0.0 1.0 0.0 0.0 9.0 0.0
2097.0357867955818 0.0 0.0 0.0 1.0 0.0 0.0 9.0 0.0
2098.0357867955818 0.0 0.0 0.0 1.0 0.0 0.0 9.0 0.0
2099.0024300632886 0.0 0.0 0.0 1.0 0.0 0.0 9.0 0.0
2100.0357867955818 0.0 0.0 0.0 1.0 0.0 0.0 9.0 0.0
2101.011825120239 0.0 0.0 0.0 1.0 0.0 0.0 9.0 0.0
2102.0060282076415 0.0 0.0 0.0 1.0 0.0 0.0 9.0 0.0
2103.0357867955818 0.0 0.0 0.0 1.0 0.0 0.0 9.0 0.0
2104.000693238932 0.0 0.0 0.0 1.0 0.0 0.0 9.0 0.0
2105.0153453901353 0.0 0.0 0.0 1.0 0.0 0.0 9.0 0.0
2106.0357867955818 0.0 0.0 0.0 1.0 0.0 0.0 9.0 0.0
2107.0155935574194 0.0 0.0 0.0 1.0 0.0 0.0 9.0 0.0
2108.003524675646 0.0 0.0 0.0 1.0 0.0 0.0 9.0 0.0
2109.0218744547856 0.0 0.0 0.0 1.0 0.0 0.0 9.0 0.0
2110.03250070831 0.0 0.0 0.0 1.0 0.0 0.0 9.0 0.0
2111.0357867955818 0.0 0.0 0.0 1.0 0.0 0.0 9.0 0.0
2112.0357867955818 0.0 0.0 0.0 1.0 0.0 0.0 9.0 0.0
2113.008121016599 0.0 0.0 0.0 1.0 0.0 0.0 9.0 0.0
2114.003323017623 0.0 0.0 0.0 1.0 0.0 0.0 9.0 0.0
2115.019672513928 0.0 0.0 0.0 1.0 0.0 0.0 9.0 0.0
2116.011369836189 0.0 0.0 0.0 1.0 0.0 0.0 9.0 0.0
2117.0357867955818 0.0 0.0 0.0 1.0 0.0 0.0 9.0 0.0
2118.0005737340157 0.0 0.0 0.0 1.0 0.0 0.0 9.0 0.0
2119.0357867955818 0.0 0.0 0.0 1.0 0.0 0.0 9.0 0.0
2120.028764773101 0.0 0.0 0.0 1.0 0.0 0.0 9.0 0.0
2121.000390489093 0.0 0.0 0.0 1.0 0.0 0.0 9.0 0.0
2122.0223026419776 0.0 0.0 0.0 1.0 0.0 0.0 9.0 0.0
2123.0357867955818 0.0 0.0 0.0 1.0 0.0 0.0 9.0 0.0
2124.018765890791 0.0 0.0 0.0 1.0 0.0 0.0 9.0 0.0
2125.009677628888 0.0 0.0 0.0 1.0 0.0 0.0 9.0 0.0
2126.0357867955818 0.0 0.0 0.0 1.0 0.0 0.0 9.0 0.0
2127.001284025282 0.0 0.0 0.0 1.0 0.0 0.0 9.0 0.0
2128.0037872457597 0.0 0.0 0.0 1.0 0.0 0.0 9.0 0.0
2129.0076643418774 0.0 0.0 0.0 1.0 0.0 0.0 9.0 0.0
2130.01298418774 0.0 0.0 0.0 1.0 0.0 0.0 9.0 0.0
2131.0357867955818 0.0 0.0 0.0 1.0 0.0 0.0 9.0 0.0
2132.007795643558 0.0 0.0 0.0 1.0 0.0 0.0 9.0 0.0
2133.0357867955818 0.0 0.0 0.0 1.0 0.0 0.0 9.0 0.0
2134.0285737228664 0.0 0.0 0.0 1.0 0.0 0.0 9.0 0.0
2135.0357867955818 0.0 0.0 0.0 1.0 0.0 0.0 9.0 0.0
2136.0357867955818 0.0 0.0 0.0 1.0 0.0 0.0 9.0 0.0
2137.0357867955818 0.0 0.0 0.0 1.0 0.0 0.0 9.0 0.0
2138.000956579581 0.0 0.0 0.0 1.0 0.0 0.0 9.0 0.0
2139.00474253831 0.0 0.0 0.0 1.0 0.0 0.0 9.0 0.0
2140.014234672459 0.0 0.0 0.0 1.0 0.0 0.0 9.0 0.0
2141.0357867955818 0.0 0.0 0.0 1.0 0.0 0.0 9.0 0.0
2142.0357867955818 0.0 0.0 0.0 1.0 0.0 0.0 9.0 0.0
2143.020880987555 0.0 0.0 0.0 1.0 0.0 0.0 9.0 0.0
2144.0175352113033 0.0 0.0 0.0 1.0 0.0 0.0 9.0 0.0
2145.0231372058956 0.0 0.0 0.0 1.0 0.0 0.0 9.0 0.0
2146.011563593796 0.0 0.0 0.0 1.0 0.0 0.0 9.0 0.0
2147.0185420155153 0.0 0.0 0.0 1.0 0.0 0.0 9.0 0.0
2148.0148397096455 0.0 0.0 0.0 1.0 0.0 0.0 9.0 0.0
2149.0048924432926 0.0 0.0 0.0 1.0 0.0 0.0 9.0 0.0
2150.0244943185608 0.0 0.0 0.0 1.0 0.0 0.0 9.0 0.0
2151.035678775751 0.0 0.0 0.0 1.0 0.0 0.0 9.0 0.0
2152.0293230891607 0.0 0.0 0.0 1.0 0.0 0.0 9.0 0.0
2153.0238263332335 0.0 0.0 0.0 1.0 0.0 0.0 9.0 0.0
2154.0052125477673 0.0 0.0 0.0 1.0 0.0 0.0 9.0 0.0
2155.0357867955818 0.0 0.0 0.0 1.0 0.0 0.0 9.0 0.0
2156.029243189867 0.0 0.0 0.0 1.0 0.0 0.0 9.0 0.0
2157.016297308632 0.0 0.0 0.0 1.0 0.0 0.0 9.0 0.0
2158.019596001732 0.0 0.0 0.0 1.0 0.0 0.0 9.0 0.0
2159.0005133982327 0.0 0.0 0.0 1.0 0.0 0.0 9.0 0.0
2160.019102575801 0.0 0.0 0.0 1.0 0.0 0.0 9.0 0.0
2161.0021841496527 0.0 0.0 0.0 1.0 0.0 0.0 9.0 0.0
2162.0029753003355 0.0 0.0 0.0 1.0 0.0 0.0 9.0 0.0
2163.002813068458 0.0 0.0 0.0 1.0 0.0 0.0 9.0 0.0
2164.015457744138 0.0 0.0 0.0 1.0 0.0 0.0 9.0 0.0
2165.0079486692557 0.0 0.0 0.0 1.0 0.0 0.0 9.0 0.0
2166.0264432432077 0.0 0.0 0.0 1.0 0.0 0.0 9.0 0.0
2167.0050473357355 0.0 0.0 0.0 1.0 0.0 0.0 9.0 0.0
2168.012532318213 0.0 0.0 0.0 1.0 0.0 0.0 9.0 0.0
2169.0357867955818 0.0 0.0 0.0 1.0 0.0 0.0 9.0 0.0
2170.005511736419 0.0 0.0 0.0 1.0 0.0 0.0 9.0 0.0
2171.027653805927 0.0 0.0 0.0 1.0 0.0 0.0 9.0 0.0
2172.0035235324794 0.0 0.0 0.0 1.0 0.0 0.0 9.0 0.0
2173.022889442647 0.0 0.0 0.0 1.0 0.0 0.0 9.0 0.0
2174.007635251273 0.0 0.0 0.0 1.0 0.0 0.0 9.0 0.0
2175.033322873687 0.0 0.0 0.0 1.0 0.0 0.0 9.0 0.0
2176.013597773617 0.0 0.0 0.0 1.0 0.0 0.0 9.0 0.0
2177.0188232514042 0.0 0.0 0.0 1.0 0.0 0.0 9.0 0.0
2178.0165903049115 0.0 0.0 0.0 1.0 0.0 0.0 9.0 0.0
2179.018466505252 0.0 0.0 0.0 1.0 0.0 0.0 9.0 0.0
2180.006248539257 0.0 0.0 0.0 1.0 0.0 0.0 9.0 0.0
2181.031963927811 0.0 0.0 0.0 1.0 0.0 0.0 9.0 0.0
2182.013108958021 0.0 0.0 0.0 1.0 0.0 0.0 9.0 0.0
2183.002684153236 0.0 0.0 0.0 1.0 0.0 0.0 9.0 0.0
2184.0213659777132 0.0 0.0 0.0 1.0 0.0 0.0 9.0 0.0
2185.0321383756177 0.0 0.0 0.0 1.0 0.0 0.0 9.0 0.0
2186.0357867955818 0.0 0.0 0.0 1.0 0.0 0.0 9.0 0.0
2187.020474220197 0.0 0.0 0.0 1.0 0.0 0.0 9.0 0.0
2188.0000575296613 0.0 0.0 0.0 1.0 0.0 0.0 9.0 0.0
2189.003796868394 0.0 0.0 0.0 1.0 0.0 0.0 9.0 0.0
2190.026836981367 0.0 0.0 0.0 1.0 0.0 0.0 9.0 0.0
2191.009329895164 0.0 0.0 0.0 1.0 0.0 0.0 9.0 0.0
2192.007541085466 0.0 0.0 0.0 1.0 0.0 0.0 9.0 0.0
2193.0357867955818 0.0 0.0 0.0 1.0 0.0 0.0 9.0 0.0
2194.011430438888 0.0 0.0 0.0 1.0 0.0 0.0 9.0 0.0
2195.0015415416174 0.0 0.0 0.0 1.0 0.0 0.0 9.0 0.0
2196.0357867955818 0.0 0.0 0.0 1.0 0.0 0.0 9.0 0.0
2197.0024665618744 0.0 0.0 0.0 1.0 0.0 0.0 9.0 0.0
2198.008805817701 0.0 0.0 0.0 1.0 0.0 0.0 9.0 0.0
2199.0098581137713 0.0 0.0 0.0 1.0 0.0 0.0 9.0 0.0
2200.014643649476 0.0 0.0 0.0 1.0 0.0 0.0 9.0 0.0
2201.007502078469 0.0 0.0 0.0 1.0 0.0 0.0 9.0 0.0
2202.0112723490597 0.0 0.0 0.0 1.0 0.0 0.0 9.0 0.0
2203.013211505083 0.0 0.0 0.0 1.0 0.0 0.0 9.0 0.0
2204.000682289742 0.0 0.0 0.0 1.0 0.0 0.0 9.0 0.0
2205.0025313304786 0.0 0.0 0.0 1.0 0.0 0.0 9.0 0.0
2206.0357867955818 0.0 0.0 0.0 1.0 0.0 0.0 9.0 0.0
2207.000176037993 0.0 0.0 0.0 1.0 0.0 0.0 9.0 0.0
2208.0357867955818 0.0 0.0 0.0 1.0 0.0 0.0 9.0 0.0
2209.0114753321022 0.0 0.0 0.0 1.0 0.0 0.0 9.0 0.0
2210.011284519066 0.0 0.0 0.0 1.0 0.0 0.0 9.0 0.0
2211.025863803409 0.0 0.0 0.0 1.0 0.0 0.0 9.0 0.0
2212.0001537028347 0.0 0.0 0.0 1.0 0.0 0.0 9.0 0.0
2213.0025128831885 0.0 0.0 0.0 1.0 0.0 0.0 9.0 0.0
2214.0357867955818 0.0 0.0 0.0 1.0 0.0 0.0 9.0 0.0
2215.0357867955818 0.0 0.0 0.0 1.0 0.0 0.0 9.0 0.0
2216.0022927874143 0.0 0.0 0.0 1.0 0.0 0.0 9.0 0.0
2217.0357867955818 0.0 0.0 0.0 1.0 0.0 0.0 9.0 0.0
2218.0357867955818 0.0 0.0 0.0 1.0 0.0 0.0 9.0 0.0
2219.024451217643 0.0 0.0 0.0 1.0 0.0 0.0 9.0 0.0
2220.0051693052606 0.0 0.0 0.0 1.0 0.0 0.0 9.0 0.0
2221.0204530843143 0.0 0.0 0.0 1.0 0.0 0.0 9.0 0.0
2222.000524413124 0.0 0.0 0.0 1.0 0.0 0.0 9.0 0.0
2223.0044451969993 0.0 0.0 0.0 1.0 0.0 0.0 9.0 0.0
2224.014554353129 0.0 0.0 0.0 1.0 0.0 0.0 9.0 0.0
2225.0357867955818 0.0 0.0 0.0 1.0 0.0 0.0 9.0 0.0
2226.0184701456355 0.0 0.0 0.0 1.0 0.0 0.0 9.0 0.0
2227.0041220768107 0.0 0.0 0.0 1.0 0.0 0.0 9.0 0.0
2228.002718534192 0.0 0.0 0.0 1.0 0.0 0.0 9.0 0.0
2229.0024474959787 0.0 0.0 0.0 1.0 0.0 0.0 9.0 0.0
2230.0357867955818 0.0 0.0 0.0 1.0 0.0 0.0 9.0 0.0
2231.0299849530957 0.0 0.0 0.0 1.0 0.0 0.0 9.0 0.0
2232.0357867955818 0.0 0.0 0.0 1.0 0.0 0.0 9.0 0.0
2233.004323203404 0.0 0.0 0.0 1.0 0.0 0.0 9.0 0.0
2234.0222124902534 0.0 0.0 0.0 1.0 0.0 0.0 9.0 0.0
2235.0175188408066 0.0 0.0 0.0 1.0 0.0 0.0 9.0 0.0
2236.0044977798166 0.0 0.0 0.0 1.0 0.0 0.0 9.0 0.0
2237.035435531352 0.0 0.0 0.0 1.0 0.0 0.0 9.0 0.0
2238.004395354679 0.0 0.0 0.0 1.0 0.0 0.0 9.0 0.0
2239.028757180629 0.0 0.0 0.0 1.0 0.0 0.0 9.0 0.0
2240.0357867955818 0.0 0.0 0.0 1.0 0.0 0.0 9.0 0.0
2241.0357867955818 0.0 0.0 0.0 1.0 0.0 0.0 9.0 0.0
2242.0037827674237 0.0 0.0 0.0 1.0 0.0 0.0 9.0 0.0
2243.0357867955818 0.0 0.0 0.0 1.0 0.0 0.0 9.0 0.0
2244.0357867955818 0.0 0.0 0.0 1.0 0.0 0.0 9.0 0.0
2245.005355163598 0.0 0.0 0.0 1.0 0.0 0.0 9.0 0.0
2246.0357867955818 0.0 0.0 0.0 1.0 0.0 0.0 9.0 0.0
2247.005513539703 0.0 0.0 0.0 1.0 0.0 0.0 9.0 0.0
2248.0015204192737 0.0 0.0 0.0 1.0 0.0 0.0 9.0 0.0
2249.0357867955818 0.0 0.0 0.0 1.0 0.0 0.0 9.0 0.0
2250.001917730521 0.0 0.0 0.0 1.0 0.0 0.0 9.0 0.0
2251.024613096328 0.0 0.0 0.0 1.0 0.0 0.0 9.0 0.0
2252.0357867955818 0.0 0.0 0.0 1.0 0.0 0.0 9.0 0.0
2253.0064717126925 0.0 0.0 0.0 1.0 0.0 0.0 9.0 0.0
2254.025080329553 0.0 0.0 0.0 1.0 0.0 0.0 9.0 0.0
2255.001545324955 0.0 0.0 0.0 1.0 0.0 0.0 9.0 0.0
2256.018308759853 0.0 0.0 0.0 1.0 0.0 0.0 9.0 0.0
2257.0115022093887 0.0 0.0 0.0 1.0 0.0 0.0 9.0 0.0
2258.017891879772 0.0 0.0 0.0 1.0 0.0 0.0 9.0 0.0
2259.0017325211834 0.0 0.0 0.0 1.0 0.0 0.0 9.0 0.0
2260.000111822265 0.0 0.0 0.0 1.0 0.0 0.0 9.0 0.0
2261.0175557100597 0.0 0.0 0.0 1.0 0.0 0.0 9.0 0.0
2262.011461753277 0.0 0.0 0.0 1.0 0.0 0.0 9.0 0.0
2263.0127890266144 0.0 0.0 0.0 1.0 0.0 0.0 9.0 0.0
2264.0070771592045 0.0 0.0 0.0 1.0 0.0 0.0 9.0 0.0
2265.0037292270026 0.0 0.0 0.0 1.0 0.0 0.0 9.0 0.0
2266.002525466175 0.0 0.0 0.0 1.0 0.0 0.0 9.0 0.0
2267.0100825712175 0.0 0.0 0.0 1.0 0.0 0.0 9.0 0.0
2268.004234597271 0.0 0.0 0.0 1.0 0.0 0.0 9.0 0.0
2269.003886890249 0.0 0.0 0.0 1.0 0.0 0.0 9.0 0.0
2270.0283620806636 0.0 0.0 0.0 1.0 0.0 0.0 9.0 0.0
2271.010355820434 0.0 0.0 0.0 1.0 0.0 0.0 9.0 0.0
2272.005446186199 0.0 0.0 0.0 1.0 0.0 0.0 9.0 0.0
2273.0357867955818 0.0 0.0 0.0 1.0 0.0 0.0 9.0 0.0
2274.0160564126268 0.0 0.0 0.0 1.0 0.0 0.0 9.0 0.0
2275.003591726093 0.0 0.0 0.0 1.0 0.0 0.0 9.0 0.0
2276.0167145123596 0.0 0.0 0.0 1.0 0.0 0.0 9.0 0.0
2277.004582460981 0.0 0.0 0.0 1.0 0.0 0.0 9.0 0.0
2278.0357867955818 0.0 0.0 0.0 1.0 0.0 0.0 9.0 0.0
2279.0357867955818 0.0 0.0 0.0 1.0 0.0 0.0 9.0 0.0
2280.0357867955818 0.0 0.0 0.0 1.0 0.0 0.0 9.0 0.0
2281.0357867955818 0.0 0.0 0.0 1.0 0.0 0.0 9.0 0.0
2282.0357867955818 0.0 0.0 0.0 1.0 0.0 0.0 9.0 0.0
2283.0264040895145 0.0 0.0 0.0 1.0 0.0 0.0 9.0 0.0
2284.0110962692484 0.0 0.0 0.0 1.0 0.0 0.0 9.0 0.0
2285.005113148728 0.0 0.0 0.0 1.0 0.0 0.0 9.0 0.0
2286.0357867955818 0.0 0.0 0.0 1.0 0.0 0.0 9.0 0.0
2287.0038879099257 0.0 0.0 0.0 1.0 0.0 0.0 9.0 0.0
2288.0357867955818 0.0 0.0 0.0 1.0 0.0 0.0 9.0 0.0
2289.025015387083 0.0 0.0 0.0 1.0 0.0 0.0 9.0 0.0
2290.0038077172267 0.0 0.0 0.0 1.0 0.0 0.0 9.0 0.0
2291.0357867955818 0.0 0.0 0.0 1.0 0.0 0.0 9.0 0.0
2292.0357867955818 0.0 0.0 0.0 1.0 0.0 0.0 9.0 0.0
2293.0341663919776 0.0 0.0 0.0 1.0 0.0 0.0 9.0 0.0
2294.0173492600934 0.0 0.0 0.0 1.0 0.0 0.0 9.0 0.0
2295.00792723193 0.0 0.0 0.0 1.0 0.0 0.0 9.0 0.0
2296.0155179967464 0.0 0.0 0.0 1.0 0.0 0.0 9.0 0.0
2297.026745865754 0.0 0.0 0.0 1.0 0.0 0.0 9.0 0.0
2298.0357867955818 0.0 0.0 0.0 1.0 0.0 0.0 9.0 0.0
2299.010983418868 0.0 0.0 0.0 1.0 0.0 0.0 9.0 0.0
2300.0116209990156 0.0 0.0 0.0 1.0 0.0 0.0 9.0 0.0
2301.0173267233135 0.425 0.0 0.0 0.575 0.0 1.0 9.0 0.4768292682926829
2302.0357867955818 1.0 0.0 0.0 0.0 0.0 1.0 9.375 0.0
2303.0186534993095 1.0 0.0 0.0 0.0 0.0 1.0 10.45 0.0
2304.007129676129 1.0 0.0 0.0 0.0 0.0 1.0 10.975 0.0
2305.0357867955818 1.0 0.0 0.0 0.0 0.0 1.0 11.0 0.0
2306.015621325706 1.0 0.0 0.0 0.0 0.0 1.0 11.0 0.0
2307.014230792887 1.0 0.0 0.0 0.0 0.0 1.0 11.0 0.0
2308.0018524541642 1.0 0.0 0.0 0.0 0.0 1.0 11.0 0.0
2309.004378109602 1.0 0.0 0.0 0.0 0.0 1.0 11.0 0.0
2310.000454786875 1.0 0.0 0.0 0.0 0.0 1.0 11.0 0.0
2311.0042882678586 1.0 0.0 0.0 0.0 0.0 1.0 11.0 0.0
2312.01064763437 1.0 0.0 0.0 0.0 0.0 1.0 11.0 0.0
2313.023836635368 1.0 0.0 0.0 0.0 0.0 1.0 11.0 0.0
2314.035142100053 1.0 0.0 0.0 0.0 0.0 1.0 11.0 0.0
2315.0304920345525 1.0 0.0 0.0 0.0 0.0 1.0 11.0 0.0
2316.000102291778 1.0 0.0 0.0 0.0 0.0 1.0 11.0 0.0
2317.0130312383953 1.0 0.0 0.0 0.0 0.0 1.0 11.0 0.0
2318.007482994941 1.0 0.0 0.0 0.0 0.0 1.0 11.0 0.0
2319.031382333671 1.0 0.0 0.0 0.0 0.0 1.0 11.0 0.0
2320.0357867955818 1.0 0.0 0.0 0.0 0.0 1.0 11.0 0.0
2321.005979205258 1.0 0.0 0.0 0.0 0.0 1.0 11.0 0.0
2322.0357867955818 1.0 0.0 0.0 0.0 0.0 1.0 11.0 0.0
2323.012951251232 1.0 0.0 0.0 0.0 0.0 1.0 11.0 0.0
2324.0357867955818 1.0 0.0 0.0 0.0 0.0 1.0 11.0 0.0
2325.0357867955818 1.0 0.0 0.0 0.0 0.0 1.0 11.0 0.0
2326.014919927732 1.0 0.0 0.0 0.0 0.0 1.0 11.0 0.0
2327.0357867955818 1.0 0.0 0.0 0.0 0.0 1.0 11.0 0.0
2328.0357867955818 1.0 0.0 0.0 0.0 0.0 1.0 11.0 0.0
2329.0083428626863 1.0 0.0 0.0 0.0 0.0 1.0 11.0 0.0
2330.0248515102408 1.0 0.0 0.0 0.0 0.0 1.0 11.0 0.0
2331.0357867955818 1.0 0.0 0.0 0.0 0.0 1.0 11.0 0.0
2332.006877687067 1.0 0.0 0.0 0.0 0.0 1.0 11.0 0.0
2333.0357867955818 1.0 0.0 0.0 0.0 0.0 1.0 11.0 0.0
2334.0075672448816 1.0 0.0 0.0 0.0 0.0 1.0 11.0 0.0
2335.001406154489 1.0 0.0 0.0 0.0 0.0 1.0 11.0 0.0
2336.0303197747417 1.0 0.0 0.0 0.0 0.0 1.0 11.0 0.0
2337.018138801045 1.0 0.0 0.0 0.0 0.0 1.0 11.0 0.0
2338.0357867955818 1.0 0.0 0.0 0.0 0.0 1.0 11.0 0.0
2339.0269178476415 1.0 0.0 0.0 0.0 0.0 1.0 11.0 0.0
2340.0066707775563 1.0 0.0 0.0 0.0 0.0 1.0 11.0 0.0
2341.0187680307927 1.0 0.0 0.0 0.0 0.0 1.0 11.0 0.0
2342.0357867955818 1.0 0.0 0.0 0.0 0.0 1.0 11.0 0.0
2343.025480263015 1.0 0.0 0.0 0.0 0.0 1.0 11.0 0.0
2344.0357867955818 1.0 0.0 0.0 0.0 0.0 1.0 11.0 0.0
2345.0019595324634 1.0 0.0 0.0 0.0 0.0 1.0 11.0 0.0
2346.0151016354866 1.0 0.0 0.0 0.0 0.0 1.0 11.0 0.0
2347.019670513849 1.0 0.0 0.0 0.0 0.0 1.0 11.0 0.0
2348.0008530343025 1.0 0.0 0.0 0.0 0.0 1.0 11.0 0.0
2349.0357867955818 1.0 0.0 0.0 0.0 0.0 1.0 11.0 0.0
2350.010434051649 1.0 0.0 0.0 0.0 0.0 1.0 11.0 0.0
2351.0106139659283 1.0 0.0 0.0 0.0 0.0 1.0 11.0 0.0
2352.0357867955818 1.0 0.0 0.0 0.0 0.0 1.0 11.0 0.0
2353.0056034886193 1.0 0.0 0.0 0.0 0.0 1.0 11.0 0.0
2354.029170343896 1.0 0.0 0.0 0.0 0.0 1.0 11.0 0.0
2355.003417794164 1.0 0.0 0.0 0.0 0.0 1.0 11.0 0.0
2356.022806550636 1.0 0.0 0.0 0.0 0.0 1.0 11.0 0.0
2357.005335485007 1.0 0.0 0.0 0.0 0.0 1.0 11.0 0.0
2358.0357867955818 1.0 0.0 0.0 0.0 0.0 1.0 11.0 0.0
2359.0100871613054 1.0 0.0 0.0 0.0 0.0 1.0 11.0 0.0
2360.0026984728247 1.0 0.0 0.0 0.0 0.0 1.0 11.0 0.0
2361.009104538139 1.0 0.0 0.0 0.0 0.0 1.0 11.0 0.0
2362.0139557450716 1.0 0.0 0.0 0.0 0.0 1.0 11.0 0.0
2363.007981833777 1.0 0.0 0.0 0.0 0.0 1.0 11.0 0.0
2364.0206724787336 1.0 0.0 0.0 0.0 0.0 1.0 11.0 0.0
2365.0012200666265 1.0 0.0 0.0 0.0 0.0 1.0 11.0 0.0
2366.0357867955818 1.0 0.0 0.0 0.0 0.0 1.0 11.0 0.0
2367.0357867955818 1.0 0.0 0.0 0.0 0.0 1.0 11.0 0.0
2368.0083939030524 1.0 0.0 0.0 0.0 0.0 1.0 11.0 0.0
2369.004494078013 1.0 0.0 0.0 0.0 0.0 1.0 11.0 0.0
2370.0226182329266 1.0 0.0 0.0 0.0 0.0 1.0 11.0 0.0
2371.007044362794 1.0 0.0 0.0 0.0 0.0 1.0 11.0 0.0
2372.03224652269 1.0 0.0 0.0 0.0 0.0 1.0 11.0 0.0
2373.000347367893 1.0 0.0 0.0 0.0 0.0 1.0 11.0 0.0
2374.0174251556027 1.0 0.0 0.0 0.0 0.0 1.0 11.0 0.0
2375.0036562161235 1.0 0.0 0.0 0.0 0.0 1.0 11.0 0.0
2376.030140037723 1.0 0.0 0.0 0.0 0.0 1.0 11.0 0.0
2377.0181696017735 1.0 0.0 0.0 0.0 0.0 1.0 11.0 0.0
2378.025676357032 1.0 0.0 0.0 0.0 0.0 1.0 11.0 0.0
2379.0357867955818 1.0 0.0 0.0 0.0 0.0 1.0 11.0 0.0
2380.0357867955818 1.0 0.0 0.0 0.0 0.0 1.0 11.0 0.0
2381.0233749252316 1.0 0.0 0.0 0.0 0.0 1.0 11.0 0.0
2382.0290726719545 1.0 0.0 0.0 0.0 0.0 1.0 11.0 0.0
2383.002354577307 1.0 0.0 0.0 0.0 0.0 1.0 11.0 0.0
2384.007008478115 1.0 0.0 0.0 0.0 0.0 1.0 11.0 0.0
2385.0023835517127 1.0 0.0 0.0 0.0 0.0 1.0 11.0 0.0
2386.012318490531 1.0 0.0 0.0 0.0 0.0 1.0 11.0 0.0
2387.010977847138 1.0 0.0 0.0 0.0 0.0 1.0 11.0 0.0
2388.024496883648 1.0 0.0 0.0 0.0 0.0 1.0 11.0 0.0
2389.0278816842083 1.0 0.0 0.0 0.0 0.0 1.0 11.0 0.0
2390.0357867955818 1.0 0.0 0.0 0.0 0.0 1.0 11.0 0.0
2391.0152327043766 1.0 0.0 0.0 0.0 0.0 1.0 11.0 0.0
2392.009031067364 1.0 0.0 0.0 0.0 0.0 1.0 11.0 0.0
2393.0105336920315 1.0 0.0 0.0 0.0 0.0 1.0 11.0 0.0
2394.0357867955818 1.0 0.0 0.0 0.0 0.0 1.0 11.0 0.0
2395.0081589505166 1.0 0.0 0.0 0.0 0.0 1.0 11.0 0.0
2396.0079660260844 1.0 0.0 0.0 0.0 0.0 1.0 11.0 0.0
2397.0140208864655 1.0 0.0 0.0 0.0 0.0 1.0 11.0 0.0
2398.025918496011 1.0 0.0 0.0 0.0 0.0 1.0 11.0 0.0
2399.022374496385 1.0 0.0 0.0 0.0 0.0 1.0 11.0 0.0
2400.0 1.0 0.0 0.0 0.0 1.0 1.0 11.0 0.0
2401.0056049732093 0.625 0.375 0.0 0.0 1.0 1.0 11.0 0.4573170731707317
2402.0141313337167 0.07500000000000001 0.925 0.0 0.0 1.0 1.0 11.275 0.1353658536585366
2403.020541223385 0.0 1.0 0.0 0.0 1.0 1.0 12.325 0.0
2404.0005277335927 0.0 1.0 0.0 0.0 1.0 1.0 12.95 0.0
2405.0247071891313 0.0 1.0 0.0 0.0 1.0 1.0 13.0 0.0
2406.000117763062 0.0 1.0 0.0 0.0 1.0 1.0 13.0 0.0
2407.0270438918974 0.0 1.0 0.0 0.0 1.0 1.0 13.0 0.0
2408.0305876608836 0.0 1.0 0.0 0.0 1.0 1.0 13.0 0.0
2409.0357867955818 0.0 1.0 0.0 0.0 1.0 1.0 13.0 0.0
2410.0357867955818 0.0 1.0 0.0 0.0 1.0 1.0 13.0 0.0
2411.00172339777 0.0 1.0 0.0 0.0 1.0 1.0 13.0 0.0
2412.016372130104 0.0 1.0 0.0 0.0 1.0 1.0 13.0 0.0
2413.01215216776 0.0 1.0 0.0 0.0 1.0 1.0 13.0 0.0
2414.0357867955818 0.0 1.0 0.0 0.0 1.0 1.0 13.0 0.0
2415.0219861383666 0.0 1.0 0.0 0.0 1.0 1.0 13.0 0.0
2416.001785661797 0.0 1.0 0.0 0.0 1.0 1.0 13.0 0.0
2417.0357867955818 0.0 1.0 0.0 0.0 1.0 1.0 13.0 0.0
2418.0357867955818 0.0 1.0 0.0 0.0 1.0 1.0 13.0 0.0
2419.017757745972 0.0 1.0 0.0 0.0 1.0 1.0 13.0 0.0
2420.0357867955818 0.0 1.0 0.0 0.0 1.0 1.0 13.0 0.0
2421.0357867955818 0.0 1.0 0.0 0.0 1.0 1.0 13.0 0.0
2422.004855169636 0.0 1.0 0.0 0.0 1.0 1.0 13.0 0.0
2423.0103830593957 0.0 1.0 0.0 0.0 1.0 1.0 13.0 0.0
2424.0272949777545 0.0 1.0 0.0 0.0 1.0 1.0 13.0 0.0
2425.006592582652 0.0 1.0 0.0 0.0 1.0 1.0 13.0 0.0
2426.0357867955818 0.0 1.0 0.0 0.0 1.0 1.0 13.0 0.0
2427.004405636988 0.0 1.0 0.0 0.0 1.0 1.0 13.0 0.0
2428.0094163038307 0.0 1.0 0.0 0.0 1.0 1.0 13.0 0.0
2429.0050644902303 0.0 1.0 0.0 0.0 1.0 1.0 13.0 0.0
2430.0357867955818 0.0 1.0 0.0 0.0 1.0 1.0 13.0 0.0
2431.002123387738 0.0 1.0 0.0 0.0 1.0 1.0 13.0 0.0
2432.000059388562 0.0 1.0 0.0 0.0 1.0 1.0 13.0 0.0
2433.011051275955 0.0 1.0 0.0 0.0 1.0 1.0 13.0 0.0
2434.03052169376 0.0 1.0 0.0 0.0 1.0 1.0 13.0 0.0
2435.019411812656 0.0 1.0 0.0 0.0 1.0 1.0 13.0 0.0
2436.0169212201067 0.0 1.0 0.0 0.0 1.0 1.0 13.0 0.0
2437.0357867955818 0.0 1.0 0.0 0.0 1.0 1.0 13.0 0.0
2438.0357867955818 0.0 1.0 0.0 0.0 1.0 1.0 13.0 0.0
2439.0007414520164 0.0 1.0 0.0 0.0 1.0 1.0 13.0 0.0
2440.0048186886684 0.0 1.0 0.0 0.0 1.0 1.0 13.0 0.0
2441.010801989094 0.0 1.0 0.0 0.0 1.0 1.0 13.0 0.0
2442.0183922227716 0.0 1.0 0.0 0.0 1.0 1.0 13.0 0.0
2443.0213897257313 0.0 1.0 0.0 0.0 1.0 1.0 13.0 0.0
2444.0357867955818 0.0 1.0 0.0 0.0 1.0 1.0 13.0 0.0
2445.012966754093 0.0 1.0 0.0 0.0 1.0 1.0 13.0 0.0
2446.0357867955818 0.0 1.0 0.0 0.0 1.0 1.0 13.0 0.0
2447.0030156738667 0.0 1.0 0.0 0.0 1.0 1.0 13.0 0.0
2448.0019138546077 0.0 1.0 0.0 0.0 1.0 1.0 13.0 0.0
2449.0357867955818 0.0 1.0 0.0 0.0 1.0 1.0 13.0 0.0
2450.031135677657 0.0 1.0 0.0 0.0 1.0 1.0 13.0 0.0
2451.0204763962674 0.0 1.0 0.0 0.0 1.0 1.0 13.0 0.0
2452.0357867955818 0.0 1.0 0.0 0.0 1.0 1.0 13.0 0.0
2453.0357867955818 0.0 1.0 0.0 0.0 1.0 1.0 13.0 0.0
2454.005279787556 0.0 1.0 0.0 0.0 1.0 1.0 13.0 0.0
2455.0120850411 0.0 1.0 0.0 0.0 1.0 1.0 13.0 0.0
2456.000979220128 0.0 1.0 0.0 0.0 1.0 1.0 13.0 0.0
2457.003584061525 0.0 1.0 0.0 0.0 1.0 1.0 13.0 0.0
2458.00666521306 0.0 1.0 0.0 0.0 1.0 1.0 13.0 0.0
2459.015491100775 0.0 1.0 0.0 0.0 1.0 1.0 13.0 0.0
2460.0337244599955 0.0 1.0 0.0 0.0 1.0 1.0 13.0 0.0
2461.0357867955818 0.0 1.0 0.0 0.0 1.0 1.0 13.0 0.0
2462.025914766831 0.0 1.0 0.0 0.0 1.0 1.0 13.0 0.0
2463.023300648181 0.0 1.0 0.0 0.0 1.0 1.0 13.0 0.0
2464.0151832828906 0.0 1.0 0.0 0.0 1.0 1.0 13.0 0.0
2465.0064055410257 0.0 1.0 0.0 0.0 1.0 1.0 13.0 0.0
2466.0354736186364 0.0 1.0 0.0 0.0 1.0 1.0 13.0 0.0
2467.019523881428 0.0 1.0 0.0 0.0 1.0 1.0 13.0 0.0
2468.0250759748164 0.0 1.0 0.0 0.0 1.0 1.0 13.0 0.0
2469.0010032424234 0.0 1.0 0.0 0.0 1.0 1.0 13.0 0.0
2470.004167607098 0.0 1.0 0.0 0.0 1.0 1.0 13.0 0.0
2471.0150228305665 0.0 1.0 0.0 0.0 1.0 1.0 13.0 0.0
2472.000070304368 0.0 1.0 0.0 0.0 1.0 1.0 13.0 0.0
2473.005555420454 0.0 1.0 0.0 0.0 1.0 1.0 13.0 0.0
2474.0211009463587 0.0 1.0 0.0 0.0 1.0 1.0 13.0 0.0
2475.0357867955818 0.0 1.0 0.0 0.0 1.0 1.0 13.0 0.0
2476.0164366611657 0.0 1.0 0.0 0.0 1.0 1.0 13.0 0.0
2477.0233316016684 0.0 1.0 0.0 0.0 1.0 1.0 13.0 0.0
2478.0059075723325 0.0 1.0 0.0 0.0 1.0 1.0 13.0 0.0
2479.002701353754 0.0 1.0 0.0 0.0 1.0 1.0 13.0 0.0
2480.013442000489 0.0 1.0 0.0 0.0 1.0 1.0 13.0 0.0
2481.0346970979754 0.0 0.975 0.0 0.024999999999999994 0.0 1.0 13.0 0.0475609756097561
2482.016508862522 0.049999999999999996 0.1 0.0 0.85 0.0 1.0 13.05 0.25853658536585367
2483.005694611167 0.95 0.0 0.0 0.04999999999999999 0.0 1.0 13.875 0.09268292682926829
2484.0112017109996 1.0 0.0 0.0 0.0 0.0 1.0 14.95 0.0
2485.013310423472 1.0 0.0 0.0 0.0 0.0 1.0 15.925 0.0
2486.0010561883614 1.0 0.0 0.0 0.0 0.0 1.0 16.0 0.0
2487.0060191701727 1.0 0.0 0.0 0.0 0.0 1.0 16.0 0.0
2488.0001493123627 1.0 0.0 0.0 0.0 0.0 1.0 16.0 0.0
2489.0357867955818 1.0 0.0 0.0 0.0 0.0 1.0 16.0 0.0
2490.008799745236 1.0 0.0 0.0 0.0 0.0 1.0 16.0 0.0
2491.0357867955818 1.0 0.0 0.0 0.0 0.0 1.0 16.0 0.0
2492.0126239615 1.0 0.0 0.0 0.0 0.0 1.0 16.0 0.0
2493.0357867955818 1.0 0.0 0.0 0.0 0.0 1.0 16.0 0.0
2494.0027488194037 1.0 0.0 0.0 0.0 0.0 1.0 16.0 0.0
2495.0357867955818 1.0 0.0 0.0 0.0 0.0 1.0 16.0 0.0
2496.0357867955818 1.0 0.0 0.0 0.0 0.0 1.0 16.0 0.0
2497.0096029765705 1.0 0.0 0.0 0.0 0.0 1.0 16.0 0.0
2498.0357867955818 1.0 0.0 0.0 0.0 0.0 1.0 16.0 0.0
2499.0269492137295 1.0 0.0 0.0 0.0 0.0 1.0 16.0 0.0
2500.0157723836087 1.0 0.0 0.0 0.0 0.0 1.0 16.0 0.0
2501.016828593779 1.0 0.0 0.0 0.0 0.0 1.0 16.0 0.0
2502.014331348997 1.0 0.0 0.0 0.0 0.0 1.0 16.0 0.0
2503.025354323628 1.0 0.0 0.0 0.0 0.0 1.0 16.0 0.0
2504.0247266954075 1.0 0.0 0.0 0.0 0.0 1.0 16.0 0.0
2505.014402800293 1.0 0.0 0.0 0.0 0.0 1.0 16.0 0.0
2506.0009453284233 1.0 0.0 0.0 0.0 0.0 1.0 16.0 0.0
2507.0289157743077 1.0 0.0 0.0 0.0 0.0 1.0 16.0 0.0
2508.0038016243802 1.0 0.0 0.0 0.0 0.0 1.0 16.0 0.0
2509.0062150846006 1.0 0.0 0.0 0.0 0.0 1.0 16.0 0.0
2510.025093873383 1.0 0.0 0.0 0.0 0.0 1.0 16.0 0.0
2511.0357867955818 1.0 0.0 0.0 0.0 0.0 1.0 16.0 0.0
2512.0213727493847 1.0 0.0 0.0 0.0 0.0 1.0 16.0 0.0
2513.020313489543 1.0 0.0 0.0 0.0 0.0 1.0 16.0 0.0
2514.0012901409827 1.0 0.0 0.0 0.0 0.0 1.0 16.0 0.0
2515.0206442337458 1.0 0.0 0.0 0.0 0.0 1.0 16.0 0.0
2516.010263744829 1.0 0.0 0.0 0.0 0.0 1.0 16.0 0.0
2517.0172822422137 1.0 0.0 0.0 0.0 0.0 1.0 16.0 0.0
2518.0164218205073 1.0 0.0 0.0 0.0 0.0 1.0 16.0 0.0
2519.013602371509 1.0 0.0 0.0 0.0 0.0 1.0 16.0 0.0
2520.0357867955818 1.0 0.0 0.0 0.0 0.0 1.0 16.0 0.0
2521.0054134481384 1.0 0.0 0.0 0.0 0.0 1.0 16.0 0.0
2522.0357867955818 1.0 0.0 0.0 0.0 0.0 1.0 16.0 0.0
2523.010456108932 1.0 0.0 0.0 0.0 0.0 1.0 16.0 0.0
2524.011024344758 1.0 0.0 0.0 0.0 0.0 1.0 16.0 0.0
2525.013156962567 1.0 0.0 0.0 0.0 0.0 1.0 16.0 0.0
2526.026106892369 1.0 0.0 0.0 0.0 0.0 1.0 16.0 0.0
2527.0101519590007 1.0 0.0 0.0 0.0 0.0 1.0 16.0 0.0
2528.034092490154 1.0 0.0 0.0 0.0 0.0 1.0 16.0 0.0
2529.0241330793324 1.0 0.0 0.0 0.0 0.0 1.0 16.0 0.0
2530.0357867955818 1.0 0.0 0.0 0.0 0.0 1.0 16.0 0.0
2531.0357867955818 1.0 0.0 0.0 0.0 0.0 1.0 16.0 0.0
2532.009625433737 1.0 0.0 0.0 0.0 0.0 1.0 16.0 0.0
2533.0332493422998 1.0 0.0 0.0 0.0 0.0 1.0 16.0 0.0
2534.010549150784 1.0 0.0 0.0 0.0 0.0 1.0 16.0 0.0
2535.0176242089656 1.0 0.0 0.0 0.0 0.0 1.0 16.0 0.0
2536.0291295016564 1.0 0.0 0.0 0.0 0.0 1.0 16.0 0.0
2537.0040531257514 1.0 0.0 0.0 0.0 0.0 1.0 16.0 0.0
2538.012590079816 1.0 0.0 0.0 0.0 0.0 1.0 16.0 0.0
2539.0021194398505 1.0 0.0 0.0 0.0 0.0 1.0 16.0 0.0
2540.0098132936037 1.0 0.0 0.0 0.0 0.0 1.0 16.0 0.0
2541.0097182029426 0.95 0.0 0.04999999999999999 0.0 0.0 1.0 16.0 0.09268292682926829
2542.0357867955818 0.45 0.0 0.55 0.0 0.0 1.0 16.025 0.48292682926829267
2543.0023604068006 0.024999999999999994 0.0 0.975 0.0 0.0 1.0 16.575 0.0475609756097561
2544.026320885771 0.0 0.0 1.0 0.0 0.0 1.0 17.525 0.0
2545.0334854962025 0.0 0.0 1.0 0.0 0.0 1.0 18.0 0.0
2546.014475631835 0.0 0.0 1.0 0.0 0.0 1.0 18.0 0.0
2547.0357867955818 0.0 0.0 1.0 0.0 0.0 1.0 18.0 0.0
2548.0357867955818 0.0 0.0 1.0 0.0 0.0 1.0 18.0 0.0
2549.0357867955818 0.0 0.0 1.0 0.0 0.0 1.0 18.0 0.0
2550.0272282394053 0.0 0.0 1.0 0.0 0.0 1.0 18.0 0.0
2551.0165692028554 0.0 0.0 1.0 0.0 0.0 1.0 18.0 0.0
2552.0027284473304 0.0 0.0 1.0 0.0 0.0 1.0 18.0 0.0
2553.0206131978916 0.0 0.0 1.0 0.0 0.0 1.0 18.0 0.0
2554.0357867955818 0.0 0.0 1.0 0.0 0.0 1.0 18.0 0.0
2555.01543364634 0.0 0.0 1.0 0.0 0.0 1.0 18.0 0.0
2556.0114133735296 0.0 0.0 1.0 0.0 0.0 1.0 18.0 0.0
2557.0168230521413 0.0 0.0 1.0 0.0 0.0 1.0 18.0 0.0
2558.0357867955818 0.0 0.0 1.0 0.0 0.0 1.0 18.0 0.0
2559.004959059704 0.0 0.0 1.0 0.0 0.0 1.0 18.0 0.0
2560.020307199167 0.0 0.0 1.0 0.0 0.0 1.0 18.0 0.0
2561.011956815899 0.0 0.0 1.0 0.0 0.0 1.0 18.0 0.0
2562.0357867955818 0.0 0.0 1.0 0.0 0.0 1.0 18.0 0.0
2563.0357867955818 0.0 0.0 1.0 0.0 0.0 1.0 18.0 0.0
2564.0240842692206 0.0 0.0 1.0 0.0 0.0 1.0 18.0 0.0
2565.0357867955818 0.0 0.0 1.0 0.0 0.0 1.0 18.0 0.0
2566.0052853917173 0.0 0.0 1.0 0.0 0.0 1.0 18.0 0.0
2567.0086282548145 0.0 0.0 1.0 0.0 0.0 1.0 18.0 0.0
2568.0357867955818 0.0 0.0 1.0 0.0 0.0 1.0 18.0 0.0
2569.0054917975144 0.0 0.0 1.0 0.0 0.0 1.0 18.0 0.0
2570.0069125384834 0.0 0.0 1.0 0.0 0.0 1.0 18.0 0.0
2571.0357867955818 0.0 0.0 1.0 0.0 0.0 1.0 18.0 0.0
2572.0357867955818 0.0 0.0 1.0 0.0 0.0 1.0 18.0 0.0
2573.0357867955818 0.0 0.0 1.0 0.0 0.0 1.0 18.0 0.0
2574.0018352943002 0.0 0.0 1.0 0.0 0.0 1.0 18.0 0.0
2575.009657022678 0.0 0.0 1.0 0.0 0.0 1.0 18.0 0.0
2576.0108947019553 0.0 0.0 1.0 0.0 0.0 1.0 18.0 0.0
2577.0044328759454 0.0 0.0 1.0 0.0 0.0 1.0 18.0 0.0
2578.013110025028 0.0 0.0 1.0 0.0 0.0 1.0 18.0 0.0
2579.003424718537 0.0 0.0 1.0 0.0 0.0 1.0 18.0 0.0
2580.0217177062605 0.0 0.0 1.0 0.0 0.0 1.0 18.0 0.0
2581.0130229716874 0.0 0.0 1.0 0.0 0.0 1.0 18.0 0.0
2582.008686178126 0.0 0.0 1.0 0.0 0.0 1.0 18.0 0.0
2583.0357867955818 0.0 0.0 1.0 0.0 0.0 1.0 18.0 0.0
2584.017467597632 0.0 0.0 1.0 0.0 0.0 1.0 18.0 0.0
2585.0009655264594 0.0 0.0 1.0 0.0 0.0 1.0 18.0 0.0
2586.006855373121 0.0 0.0 1.0 0.0 0.0 1.0 18.0 0.0
2587.016924030076 0.0 0.0 1.0 0.0 0.0 1.0 18.0 0.0
2588.006436732927 0.0 0.0 1.0 0.0 0.0 1.0 18.0 0.0
2589.008974063327 0.0 0.0 1.0 0.0 0.0 1.0 18.0 0.0
2590.0357867955818 0.0 0.0 1.0 0.0 0.0 1.0 18.0 0.0
2591.0357867955818 0.0 0.0 1.0 0.0 0.0 1.0 18.0 0.0
2592.0357867955818 0.0 0.0 1.0 0.0 0.0 1.0 18.0 0.0
2593.028734165652 0.0 0.0 1.0 0.0 0.0 1.0 18.0 0.0
2594.0205291265884 0.0 0.0 1.0 0.0 0.0 1.0 18.0 0.0
2595.011355364284 0.0 0.0 1.0 0.0 0.0 1.0 18.0 0.0
2596.0227854286723 0.0 0.0 1.0 0.0 0.0 1.0 18.0 0.0
2597.0079406743675 0.0 0.0 1.0 0.0 0.0 1.0 18.0 0.0
2598.0258145338244 0.0 0.0 1.0 0.0 0.0 1.0 18.0 0.0
2599.0008604860072 0.0 0.0 1.0 0.0 0.0 1.0 18.0 0.0
2600.0310559696413 0.0 0.0 1.0 0.0 0.0 1.0 18.0 0.0
2601.0214252790074 0.0 0.0 1.0 0.0 0.0 1.0 18.0 0.0
2602.0262922518523 0.0 0.0 1.0 0.0 0.0 1.0 18.0 0.0
2603.0357867955818 0.0 0.0 1.0 0.0 0.0 1.0 18.0 0.0
2604.011316527892 0.0 0.0 1.0 0.0 0.0 1.0 18.0 0.0
2605.0209222830063 0.0 0.0 1.0 0.0 0.0 1.0 18.0 0.0
2606.0357867955818 0.0 0.0 1.0 0.0 0.0 1.0 18.0 0.0
2607.020220388741 0.0 0.0 1.0 0.0 0.0 1.0 18.0 0.0
2608.005696294668 0.0 0.0 1.0 0.0 0.0 1.0 18.0 0.0
2609.0357867955818 0.0 0.0 1.0 0.0 0.0 1.0 18.0 0.0
2610.008878915481 0.0 0.0 1.0 0.0 0.0 1.0 18.0 0.0
2611.028069830654 0.0 0.0 1.0 0.0 0.0 1.0 18.0 0.0
2612.029507432949 0.0 0.0 1.0 0.0 0.0 1.0 18.0 0.0
2613.0104246776655 0.0 0.0 1.0 0.0 0.0 1.0 18.0 0.0
2614.0168269539845 0.0 0.0 1.0 0.0 0.0 1.0 18.0 0.0
2615.0256658520966 0.0 0.0 1.0 0.0 0.0 1.0 18.0 0.0
2616.0006324547358 0.0 0.0 1.0 0.0 0.0 1.0 18.0 0.0
2617.0123591458528 0.0 0.0 1.0 0.0 0.0 1.0 18.0 0.0
2618.0357867955818 0.0 0.0 1.0 0.0 0.0 1.0 18.0 0.0
2619.005564266833 0.0 0.0 1.0 0.0 0.0 1.0 18.0 0.0
2620.005208785984 0.0 0.0 1.0 0.0 0.0 1.0 18.0 0.0
2621.0077038427034 0.0 0.0 1.0 0.0 0.0 1.0 18.0 0.0
2622.028253221027 0.0 0.0 1.0 0.0 0.0 1.0 18.0 0.0
2623.0357867955818 0.0 0.0 1.0 0.0 0.0 1.0 18.0 0.0
2624.008240978758 0.0 0.0 1.0 0.0 0.0 1.0 18.0 0.0
2625.0357867955818 0.0 0.0 1.0 0.0 0.0 1.0 18.0 0.0
2626.0357867955818 0.0 0.0 1.0 0.0 0.0 1.0 18.0 0.0
2627.008564749742 0.0 0.0 1.0 0.0 0.0 1.0 18.0 0.0
2628.0061960785074 0.0 0.0 1.0 0.0 0.0 1.0 18.0 0.0
2629.0357867955818 0.0 0.0 1.0 0.0 0.0 1.0 18.0 0.0
2630.0238247325688 0.0 0.0 0.475 0.525 0.0 0.0 18.0 0.4865853658536585
2631.0061480160857 0.0 0.0 0.0 1.0 0.0 0.0 18.425 0.0
2632.001547438136 0.0 0.0 0.0 1.0 0.0 0.0 19.35 0.0
2633.010069914767 0.0 0.0 0.0 1.0 0.0 0.0 20.0 0.0
2634.0068726420964 0.0 0.0 0.0 1.0 0.0 0.0 20.0 0.0
2635.0357867955818 0.0 0.0 0.0 1.0 0.0 0.0 20.0 0.0
2636.009574641483 0.0 0.0 0.0 1.0 0.0 0.0 20.0 0.0
2637.0140488831216 0.0 0.0 0.0 1.0 0.0 0.0 20.0 0.0
2638.0084763799073 0.0 0.0 0.0 1.0 0.0 0.0 20.0 0.0
2639.019015445252 0.0 0.0 0.0 1.0 0.0 0.0 20.0 0.0
2640.0357867955818 0.0 0.0 0.0 1.0 0.0 0.0 20.0 0.0
2641.0357867955818 0.0 0.0 0.0 1.0 0.0 0.0 20.0 0.0
2642.0357867955818 0.0 0.0 0.0 1.0 0.0 0.0 20.0 0.0
2643.0229634969974 0.0 0.0 0.0 1.0 0.0 0.0 20.0 0.0
2644.0093039027925 0.0 0.0 0.0 1.0 0.0 0.0 20.0 0.0
2645.0357867955818 0.0 0.0 0.0 1.0 0.0 0.0 20.0 0.0
2646.028145790417 0.0 0.0 0.0 1.0 0.0 0.0 20.0 0.0
2647.004652295828 0.0 0.0 0.0 1.0 0.0 0.0 20.0 0.0
2648.0357867955818 0.0 0.0 0.0 1.0 0.0 0.0 20.0 0.0
2649.0150303543796 0.0 0.0 0.0 1.0 0.0 0.0 20.0 0.0
2650.026477043121 0.0 0.0 0.0 1.0 0.0 0.0 20.0 0.0
2651.0357867955818 0.0 0.0 0.0 1.0 0.0 0.0 20.0 0.0
2652.030253565169 0.0 0.0 0.0 1.0 0.0 0.0 20.0 0.0
2653.0063875609576 0.0 0.0 0.0 1.0 0.0 0.0 20.0 0.0
2654.0083916980248 0.0 0.0 0.0 1.0 0.0 0.0 20.0 0.0
2655.0357867955818 0.0 0.0 0.0 1.0 0.0 0.0 20.0 0.0
2656.0357867955818 0.0 0.0 0.0 1.0 0.0 0.0 20.0 0.0
2657.0357867955818 0.0 0.0 0.0 1.0 0.0 0.0 20.0 0.0
2658.0218770771316 0.0 0.0 0.0 1.0 0.0 0.0 20.0 0.0
2659.0119586745404 0.0 0.0 0.0 1.0 0.0 0.0 20.0 0.0
2660.013839040444 0.0 0.0 0.0 1.0 0.0 0.0 20.0 0.0
2661.002185705756 0.0 0.0 0.0 1.0 0.0 0.0 20.0 0.0
2662.0227003540726 0.0 0.0 0.0 1.0 0.0 0.0 20.0 0.0
2663.0357867955818 0.0 0.0 0.0 1.0 0.0 0.0 20.0 0.0
2664.001418814637 0.0 0.0 0.0 1.0 0.0 0.0 20.0 0.0
2665.0147603464015 0.0 0.0 0.0 1.0 0.0 0.0 20.0 0.0
2666.0357867955818 0.0 0.0 0.0 1.0 0.0 0.0 20.0 0.0
2667.014604965716 0.0 0.0 0.0 1.0 0.0 0.0 20.0 0.0
2668.016128789645 0.0 0.0 0.0 1.0 0.0 0.0 20.0 0.0
2669.0037021497014 0.0 0.0 0.0 1.0 0.0 0.0 20.0 0.0
2670.0058471743355 0.0 0.0 0.0 1.0 0.0 0.0 20.0 0.0
2671.0125438872215 0.0 0.0 0.0 1.0 0.0 0.0 20.0 0.0
2672.0118795859726 0.0 0.0 0.0 1.0 0.0 0.0 20.0 0.0
2673.0118392125655 0.0 0.0 0.0 1.0 0.0 0.0 20.0 0.0
2674.0357867955818 0.0 0.0 0.0 1.0 0.0 0.0 20.0 0.0
2675.033727958615 0.0 0.0 0.0 1.0 0.0 0.0 20.0 0.0
2676.0022031291624 0.0 0.0 0.0 1.0 0.0 0.0 20.0 0.0
2677.0035372258753 0.0 0.0 0.0 1.0 0.0 0.0 20.0 0.0
2678.0094913930006 0.0 0.0 0.0 1.0 0.0 0.0 20.0 0.0
2679.0092041353905 0.0 0.0 0.0 1.0 0.0 0.0 20.0 0.0
2680.010597175026 0.0 0.0 0.0 1.0 0.0 0.0 20.0 0.0
2681.032887244443 0.0 0.0 0.0 1.0 0.0 0.0 20.0 0.0
2682.004039101819 0.0 0.0 0.0 1.0 0.0 0.0 20.0 0.0
2683.012296152019 0.0 0.0 0.0 1.0 0.0 0.0 20.0 0.0
2684.0195895207157 0.0 0.0 0.0 1.0 0.0 0.0 20.0 0.0
2685.0087315496394 0.0 0.0 0.0 1.0 0.0 0.0 20.0 0.0
2686.0357867955818 0.0 0.0 0.0 1.0 0.0 0.0 20.0 0.0
2687.0089753734733 0.0 0.0 0.0 1.0 0.0 0.0 20.0 0.0
2688.0357867955818 0.0 0.0 0.0 1.0 0.0 0.0 20.0 0.0
2689.0029610880233 0.0 0.0 0.0 1.0 0.0 0.0 20.0 0.0
2690.0007653296784 0.0 0.0 0.0 1.0 0.0 0.0 20.0 0.0
2691.0357867955818 0.0 0.0 0.0 1.0 0.0 0.0 20.0 0.0
2692.0280971118686 0.0 0.0 0.0 1.0 0.0 0.0 20.0 0.0
2693.0106074103755 0.0 0.0 0.0 1.0 0.0 0.0 20.0 0.0
2694.0357867955818 0.0 0.0 0.0 1.0 0.0 0.0 20.0 0.0
2695.0357867955818 0.0 0.0 0.0 1.0 0.0 0.0 20.0 0.0
2696.0357867955818 0.0 0.0 0.0 1.0 0.0 0.0 20.0 0.0
2697.0357867955818 0.0 0.0 0.0 1.0 0.0 0.0 20.0 0.0
2698.007942396077 0.0 0.0 0.0 1.0 0.0 0.0 20.0 0.0
2699.024796507243 0.0 0.0 0.0 1.0 0.0 0.0 20.0 0.0
2700.0013821296498 0.0 0.0 0.0 1.0 0.0 0.0 20.0 0.0
2701.0011902642386 0.0 0.0 0.0 1.0 0.0 0.0 20.0 0.0
2702.0232840874105 0.0 0.0 0.0 1.0 0.0 0.0 20.0 0.0
2703.005582184074 0.0 0.0 0.0 1.0 0.0 0.0 20.0 0.0
2704.0357867955818 0.0 0.0 0.0 1.0 0.0 0.0 20.0 0.0
2705.019074072096 0.0 0.0 0.0 1.0 0.0 0.0 20.0 0.0
2706.0132163054823 0.0 0.0 0.0 1.0 0.0 0.0 20.0 0.0
2707.027420382649 0.0 0.0 0.0 1.0 0.0 0.0 20.0 0.0
2708.006360669789 0.0 0.0 0.0 1.0 0.0 0.0 20.0 0.0
2709.007080224877 0.0 0.0 0.0 1.0 0.0 0.0 20.0 0.0
2710.030778913979 0.0 0.0 0.0 1.0 0.0 0.0 20.0 0.0
2711.023910634733 0.0 0.0 0.0 1.0 0.0 0.0 20.0 0.0
2712.0024020970695 0.0 0.0 0.0 1.0 0.0 0.0 20.0 0.0
2713.0181752943445 0.0 0.0 0.0 1.0 0.0 0.0 20.0 0.0
2714.0085497980685 0.0 0.0 0.0 1.0 0.0 0.0 20.0 0.0
2715.0357867955818 0.0 0.0 0.0 1.0 0.0 0.0 20.0 0.0
2716.0153550349937 0.0 0.0 0.0 1.0 0.0 0.0 20.0 0.0
2717.0091127850756 0.0 0.0 0.0 1.0 0.0 0.0 20.0 0.0
2718.031929979082 0.0 0.0 0.0 1.0 0.0 0.0 20.0 0.0
2719.0201010916235 0.0 0.0 0.0 1.0 0.0 0.0 20.0 0.0
2720.0357867955818 0.0 0.0 0.0 1.0 0.0 0.0 20.0 0.0
2721.0357867955818 0.0 0.0 0.0 1.0 0.0 0.0 20.0 0.0
2722.0083082056103 0.0 0.0 0.0 1.0 0.0 0.0 20.0 0.0
2723.006452531269 0.0 0.0 0.0 1.0 0.0 0.0 20.0 0.0
2724.0020770743477 0.0 0.0 0.0 1.0 0.0 0.0 20.0 0.0
2725.009630647301 0.0 0.0 0.0 1.0 0.0 0.0 20.0 0.0
2726.019493393679 0.0 0.0 0.0 1.0 0.0 0.0 20.0 0.0
2727.005827697639 0.0 0.0 0.0 1.0 0.0 0.0 20.0 0.0
2728.0214836546816 0.0 0.0 0.0 1.0 0.0 0.0 20.0 0.0
2729.0274953806374 0.0 0.0 0.0 1.0 0.0 0.0 20.0 0.0
2730.002829627035 0.0 0.0 0.0 1.0 0.0 0.0 20.0 0.0
2731.0029552124693 0.0 0.0 0.0 1.0 0.0 0.0 20.0 0.0
2732.0063231727536 0.0 0.0 0.0 1.0 0.0 0.0 20.0 0.0
2733.0126376734693 0.0 0.0 0.0 1.0 0.0 0.0 20.0 0.0
2734.0357867955818 0.0 0.0 0.0 1.0 0.0 0.0 20.0 0.0
2735.0340783794213 0.0 0.0 0.0 1.0 0.0 0.0 20.0 0.0
2736.0357867955818 0.0 0.0 0.0 1.0 0.0 0.0 20.0 0.0
2737.0128483749018 0.0 0.0 0.0 1.0 0.0 0.0 20.0 0.0
2738.0357867955818 0.0 0.0 0.0 1.0 0.0 0.0 20.0 0.0
2739.024881424167 0.0 0.0 0.0 1.0 0.0 0.0 20.0 0.0
2740.010429193555 0.0 0.0 0.0 1.0 0.0 0.0 20.0 0.0
2741.0357867955818 0.0 0.0 0.0 1.0 0.0 0.0 20.0 0.0
2742.0024507953785 0.0 0.0 0.0 1.0 0.0 0.0 20.0 0.0
2743.0200087800326 0.0 0.0 0.0 1.0 0.0 0.0 20.0 0.0
2744.023030519335 0.0 0.0 0.0 1.0 0.0 0.0 20.0 0.0
2745.0357867955818 0.0 0.0 0.0 1.0 0.0 0.0 20.0 0.0
2746.0210559250922 0.0 0.0 0.0 1.0 0.0 0.0 20.0 0.0
2747.0357867955818 0.0 0.0 0.0 1.0 0.0 0.0 20.0 0.0
2748.0357867955818 0.0 0.0 0.0 1.0 0.0 0.0 20.0 0.0
2749.0017182449014 0.0 0.0 0.0 1.0 0.0 0.0 20.0 0.0
2750.016717740587 0.0 0.0 0.0 1.0 0.0 0.0 20.0 0.0
2751.0339892413735 0.0 0.0 0.0 1.0 0.0 0.0 20.0 0.0
2752.025414227965 0.0 0.0 0.0 1.0 0.0 0.0 20.0 0.0
2753.0145944844385 0.0 0.0 0.0 1.0 0.0 0.0 20.0 0.0
2754.033946386897 0.0 0.0 0.0 1.0 0.0 0.0 20.0 0.0
2755.0103892237266 0.0 0.0 0.0 1.0 0.0 0.0 20.0 0.0
2756.008819465974 0.0 0.0 0.0 1.0 0.0 0.0 20.0 0.0
2757.0357867955818 0.0 0.0 0.0 1.0 0.0 0.0 20.0 0.0
2758.0357867955818 0.0 0.0 0.0 1.0 0.0 0.0 20.0 0.0
2759.0357867955818 0.0 0.0 0.0 1.0 0.0 0.0 20.0 0.0
2760.0246978206437 0.0 0.0 0.0 1.0 0.0 0.0 20.0 0.0
2761.0054437905164 0.0 0.0 0.0 1.0 0.0 0.0 20.0 0.0
2762.0357867955818 0.0 0.0 0.0 1.0 0.0 0.0 20.0 0.0
2763.0275000903735 0.0 0.0 0.0 1.0 0.0 0.0 20.0 0.0
2764.024638233796 0.0 0.0 0.0 1.0 0.0 0.0 20.0 0.0
2765.0357867955818 0.0 0.0 0.0 1.0 0.0 0.0 20.0 0.0
2766.0058645016284 0.0 0.0 0.0 1.0 0.0 0.0 20.0 0.0
2767.0357867955818 0.0 0.0 0.0 1.0 0.0 0.0 20.0 0.0
2768.029003167188 0.0 0.0 0.0 1.0 0.0 0.0 20.0 0.0
2769.0357867955818 0.0 0.0 0.0 1.0 0.0 0.0 20.0 0.0
2770.023019950757 0.0 0.0 0.0 1.0 0.0 0.0 20.0 0.0
2771.0217447615887 0.0 0.0 0.0 1.0 0.0 0.0 20.0 0.0
2772.000609805213 0.0 0.0 0.0 1.0 0.0 0.0 20.0 0.0
2773.0052690820794 0.0 0.0 0.0 1.0 0.0 0.0 20.0 0.0
2774.0210910307155 0.0 0.0 0.0 1.0 0.0 0.0 20.0 0.0
2775.0357867955818 0.0 0.0 0.0 1.0 0.0 0.0 20.0 0.0
2776.0041087430814 0.0 0.0 0.0 1.0 0.0 0.0 20.0 0.0
2777.008831341308 0.0 0.0 0.0 1.0 0.0 0.0 20.0 0.0
2778.0357867955818 0.0 0.0 0.0 1.0 0.0 0.0 20.0 0.0
2779.0357867955818 0.0 0.0 0.0 1.0 0.0 0.0 20.0 0.0
2780.0357867955818 0.0 0.0 0.0 1.0 0.0 0.0 20.0 0.0
2781.019459379784 0.0 0.0 0.0 1.0 0.0 0.0 20.0 0.0
2782.008857588662 0.0 0.0 0.0 1.0 0.0 0.0 20.0 0.0
2783.0101677035464 0.0 0.0 0.0 1.0 0.0 0.0 20.0 0.0
2784.030583444553 0.0 0.0 0.0 1.0 0.0 0.0 20.0 0.0
2785.01883320971 0.0 0.0 0.0 1.0 0.0 0.0 20.0 0.0
2786.0357867955818 0.0 0.0 0.0 1.0 0.0 0.0 20.0 0.0
2787.032089444832 0.0 0.0 0.0 1.0 0.0 0.0 20.0 0.0
2788.0357867955818 0.0 0.0 0.0 1.0 0.0 0.0 20.0 0.0
2789.0357867955818 0.0 0.0 0.0 1.0 0.0 0.0 20.0 0.0
2790.0182679380428 0.0 0.0 0.0 1.0 0.0 0.0 20.0 0.0
2791.0033748362252 0.0 0.0 0.0 1.0 0.0 0.0 20.0 0.0
2792.0357867955818 0.0 0.0 0.0 1.0 0.0 0.0 20.0 0.0
2793.010310875753 0.0 0.0 0.0 1.0 0.0 0.0 20.0 0.0
2794.00410512535 0.0 0.0 0.0 1.0 0.0 0.0 20.0 0.0
2795.034497078669 0.0 0.0 0.0 1.0 0.0 0.0 20.0 0.0
2796.002596198539 0.0 0.0 0.0 1.0 0.0 0.0 20.0 0.0
2797.000897124018 0.0 0.0 0.0 1.0 0.0 0.0 20.0 0.0
2798.011649466452 0.0 0.0 0.0 1.0 0.0 0.0 20.0 0.0
2799.0357867955818 0.0 0.0 0.0 1.0 0.0 0.0 20.0 0.0
2800.0357867955818 0.0 0.0 0.0 1.0 0.0 0.0 20.0 0.0
2801.0357867955818 0.0 0.0 0.0 1.0 0.0 0.0 20.0 0.0
2802.027278672895 0.0 0.0 0.0 1.0 0.0 0.0 20.0 0.0
2803.008825152286 0.0 0.0 0.0 1.0 0.0 0.0 20.0 0.0
2804.028800426486 0.0 0.0 0.0 1.0 0.0 0.0 20.0 0.0
2805.0357867955818 0.0 0.0 0.0 1.0 0.0 0.0 20.0 0.0
2806.0299829385513 0.0 0.0 0.0 1.0 0.0 0.0 20.0 0.0
2807.0016207912163 0.0 0.0 0.0 1.0 0.0 0.0 20.0 0.0
2808.031395405542 0.0 0.0 0.0 1.0 0.0 0.0 20.0 0.0
2809.0234021445526 0.0 0.0 0.0 1.0 0.0 0.0 20.0 0.0
2810.0005142532386 0.0 0.0 0.0 1.0 0.0 0.0 20.0 0.0
2811.0074848454797 0.0 0.0 0.0 1.0 0.0 0.0 20.0 0.0
2812.0173659838333 0.0 0.0 0.0 1.0 0.0 0.0 20.0 0.0
2813.0253623070284 0.0 0.0 0.0 1.0 0.0 0.0 20.0 0.0
2814.0013115814986 0.0 0.0 0.0 1.0 0.0 0.0 20.0 0.0
2815.0042114167677 0.0 0.0 0.0 1.0 0.0 0.0 20.0 0.0
2816.0171034244077 0.0 0.0 0.0 1.0 0.0 0.0 20.0 0.0
2817.007074518734 0.0 0.0 0.0 1.0 0.0 0.0 20.0 0.0
2818.023352676905 0.0 0.0 0.0 1.0 0.0 0.0 20.0 0.0
2819.0120841312514 0.0 0.0 0.0 1.0 0.0 0.0 20.0 0.0
2820.0357867955818 0.0 0.0 0.0 1.0 0.0 0.0 20.0 0.0
2821.019757139118 0.0 0.0 0.0 1.0 0.0 0.0 20.0 0.0
2822.005450502971 0.0 0.0 0.0 1.0 0.0 0.0 20.0 0.0
2823.012850038094 0.0 0.0 0.0 1.0 0.0 0.0 20.0 0.0
2824.0357867955818 0.0 0.0 0.0 1.0 0.0 0.0 20.0 0.0
2825.0357867955818 0.0 0.0 0.0 1.0 0.0 0.0 20.0 0.0
2826.0228698506457 0.0 0.0 0.0 1.0 0.0 0.0 20.0 0.0
2827.0147602157463 0.0 0.0 0.0 1.0 0.0 0.0 20.0 0.0
2828.015230146126 0.0 0.0 0.0 1.0 0.0 0.0 20.0 0.0
2829.0015680818556 0.0 0.0 0.0 1.0 0.0 0.0 20.0 0.0
2830.033449809907 0.0 0.0 0.0 1.0 0.0 0.0 20.0 0.0
2831.0117723859976 0.0 0.0 0.0 1.0 0.0 0.0 20.0 0.0
2832.0127775274177 0.0 0.0 0.0 1.0 0.0 0.0 20.0 0.0
2833.0357867955818 0.0 0.0 0.0 1.0 0.0 0.0 20.0 0.0
2834.0357867955818 0.0 0.0 0.0 1.0 0.0 0.0 20.0 0.0
2835.0197742265855 0.0 0.0 0.0 1.0 0.0 0.0 20.0 0.0
2836.0286329399482 0.0 0.0 0.0 1.0 0.0 0.0 20.0 0.0
2837.0357867955818 0.0 0.0 0.0 1.0 0.0 0.0 20.0 0.0
2838.017233235504 0.0 0.0 0.0 1.0 0.0 0.0 20.0 0.0
2839.0068567575267 0.0 0.0 0.0 1.0 0.0 0.0 20.0 0.0
2840.0357867955818 0.0 0.0 0.0 1.0 0.0 0.0 20.0 0.0
2841.007847637648 0.0 0.0 0.0 1.0 0.0 0.0 20.0 0.0
2842.0300411687067 0.0 0.0 0.0 1.0 0.0 0.0 20.0 0.0
2843.007774411106 0.0 0.0 0.0 1.0 0.0 0.0 20.0 0.0
2844.006985715506 0.0 0.0 0.0 1.0 0.0 0.0 20.0 0.0
2845.0051260870905 0.0 0.0 0.0 1.0 0.0 0.0 20.0 0.0
2846.005539623454 0.0 0.0 0.0 1.0 0.0 0.0 20.0 0.0
2847.0357867955818 0.0 0.0 0.0 1.0 0.0 0.0 20.0 0.0
2848.0303048446945 0.0 0.0 0.0 1.0 0.0 0.0 20.0 0.0
2849.010125374768 0.0 0.0 0.0 1.0 0.0 0.0 20.0 0.0
2850.0351014398734 0.0 0.0 0.0 1.0 0.0 0.0 20.0 0.0
2851.0314453611004 0.0 0.0 0.0 1.0 0.0 0.0 20.0 0.0
2852.0032216557797 0.0 0.0 0.0 1.0 0.0 0.0 20.0 0.0
2853.018405302539 0.0 0.0 0.0 1.0 0.0 0.0 20.0 0.0
2854.0300466513663 0.0 0.0 0.0 1.0 0.0 0.0 20.0 0.0
2855.030996760412 0.0 0.0 0.0 1.0 0.0 0.0 20.0 0.0
2856.028499109539 0.0 0.0 0.0 1.0 0.0 0.0 20.0 0.0
2857.0012973757234 0.0 0.0 0.0 1.0 0.0 0.0 20.0 0.0
2858.011881961818 0.0 0.0 0.0 1.0 0.0 0.0 20.0 0.0
2859.0310899971964 0.0 0.0 0.0 1.0 0.0 0.0 20.0 0.0
2860.0034720037224 0.0 0.0 0.0 1.0 0.0 0.0 20.0 0.0
2861.0283766674393 0.0 0.0 0.0 1.0 0.0 0.0 20.0 0.0
2862.0012740450425 0.0 0.0 0.0 1.0 0.0 0.0 20.0 0.0
2863.0357867955818 0.0 0.0 0.0 1.0 0.0 0.0 20.0 0.0
2864.0085773182464 0.0 0.0 0.0 1.0 0.0 0.0 20.0 0.0
2865.011527550319 0.0 0.0 0.0 1.0 0.0 0.0 20.0 0.0
2866.00509874156 0.0 0.0 0.0 1.0 0.0 0.0 20.0 0.0
2867.0200858583444 0.0 0.0 0.0 1.0 0.0 0.0 20.0 0.0
2868.010832958961 0.0 0.0 0.0 1.0 0.0 0.0 20.0 0.0
2869.0274654110735 0.0 0.0 0.0 1.0 0.0 0.0 20.0 0.0
2870.031281102914 0.0 0.0 0.0 1.0 0.0 0.0 20.0 0.0
2871.0043424274845 0.0 0.0 0.0 1.0 0.0 0.0 20.0 0.0
2872.0030425369023 0.0 0.0 0.0 1.0 0.0 0.0 20.0 0.0
2873.000527637388 0.0 0.0 0.0 1.0 0.0 0.0 20.0 0.0
2874.003827759356 0.0 0.0 0.0 1.0 0.0 0.0 20.0 0.0
2875.011446156161 0.0 0.0 0.0 1.0 0.0 0.0 20.0 0.0
2876.0357867955818 0.0 0.0 0.0 1.0 0.0 0.0 20.0 0.0
2877.017163279574 0.0 0.0 0.0 1.0 0.0 0.0 20.0 0.0
2878.016273529591 0.0 0.0 0.0 1.0 0.0 0.0 20.0 0.0
2879.0118218815246 0.0 0.0 0.0 1.0 0.0 0.0 20.0 0.0
2880.023421803077 0.0 0.0 0.0 1.0 0.0 0.0 20.0 0.0
2881.000439236812 0.0 0.0 0.0 1.0 0.0 0.0 20.0 0.0
2882.0357867955818 0.0 0.0 0.0 1.0 0.0 0.0 20.0 0.0
2883.0357867955818 0.0 0.0 0.0 1.0 0.0 0.0 20.0 0.0
2884.0357867955818 0.0 0.0 0.0 1.0 0.0 0.0 20.0 0.0
2885.0112158095467 0.0 0.0 0.0 1.0 0.0 0.0 20.0 0.0
2886.012179891033 0.0 0.0 0.0 1.0 0.0 0.0 20.0 0.0
2887.0353023405705 0.0 0.0 0.0 1.0 0.0 0.0 20.0 0.0
2888.0103162702576 0.0 0.0 0.0 1.0 0.0 0.0 20.0 0.0
2889.0272884643955 0.0 0.0 0.0 1.0 0.0 0.0 20.0 0.0
2890.0191626356864 0.0 0.0 0.0 1.0 0.0 0.0 20.0 0.0
2891.0036512381366 0.0 0.0 0.0 1.0 0.0 0.0 20.0 0.0
2892.0357867955818 0.0 0.0 0.0 1.0 0.0 0.0 20.0 0.0
2893.0357867955818 0.0 0.0 0.0 1.0 0.0 0.0 20.0 0.0
2894.0013908320457 0.0 0.0 0.0 1.0 0.0 0.0 20.0 0.0
2895.0357867955818 0.0 0.0 0.0 1.0 0.0 0.0 20.0 0.0
2896.0357867955818 0.0 0.0 0.0 1.0 0.0 0.0 20.0 0.0
2897.0357867955818 0.0 0.0 0.0 1.0 0.0 0.0 20.0 0.0
2898.0357867955818 0.0 0.0 0.0 1.0 0.0 0.0 20.0 0.0
2899.0357867955818 0.0 0.0 0.0 1.0 0.0 0.0 20.0 0.0
2900.0357867955818 0.0 0.0 0.0 1.0 0.0 0.0 20.0 0.0
2901.0136850258828 0.0 0.0 0.0 1.0 0.0 0.0 20.0 0.0
2902.0056599773734 0.0 0.0 0.0 1.0 0.0 0.0 20.0 0.0
2903.0206313974345 0.0 0.0 0.0 1.0 0.0 0.0 20.0 0.0
2904.0231117398494 0.0 0.0 0.0 1.0 0.0 0.0 20.0 0.0
2905.029718742903 0.0 0.0 0.0 1.0 0.0 0.0 20.0 0.0
2906.0357867955818 0.0 0.0 0.0 1.0 0.0 0.0 20.0 0.0
2907.0357867955818 0.0 0.0 0.0 1.0 0.0 0.0 20.0 0.0
2908.005166578651 0.0 0.0 0.0 1.0 0.0 0.0 20.0 0.0
2909.016160369676 0.0 0.0 0.0 1.0 0.0 0.0 20.0 0.0
2910.007040993271 0.0 0.0 0.0 1.0 0.0 0.0 20.0 0.0
2911.027796629598 0.0 0.0 0.0 1.0 0.0 0.0 20.0 0.0
2912.0357867955818 0.0 0.0 0.0 1.0 0.0 0.0 20.0 0.0
2913.023016884427 0.0 0.0 0.0 1.0 0.0 0.0 20.0 0.0
2914.020800780723 0.0 0.0 0.0 1.0 0.0 0.0 20.0 0.0
2915.0357867955818 0.0 0.0 0.0 1.0 0.0 0.0 20.0 0.0
2916.0126829800815 0.0 0.0 0.0 1.0 0.0 0.0 20.0 0.0
2917.0027278150487 0.0 0.0 0.0 1.0 0.0 0.0 20.0 0.0
2918.0256898116845 0.0 0.0 0.0 1.0 0.0 0.0 20.0 0.0
2919.035516288349 0.0 0.0 0.0 1.0 0.0 0.0 20.0 0.0
2920.0076556532335 0.0 0.0 0.0 1.0 0.0 0.0 20.0 0.0
2921.0276994188152 0.0 0.0 0.0 1.0 0.0 0.0 20.0 0.0
2922.0357867955818 0.0 0.0 0.0 1.0 0.0 0.0 20.0 0.0
2923.0357867955818 0.0 0.0 0.0 1.0 0.0 0.0 20.0 0.0
2924.0139166956674 0.0 0.0 0.0 1.0 0.0 0.0 20.0 0.0
2925.0357867955818 0.0 0.0 0.0 1.0 0.0 0.0 20.0 0.0
2926.006930782005 0.0 0.0 0.0 1.0 0.0 0.0 20.0 0.0
2927.0288077629407 0.0 0.0 0.0 1.0 0.0 0.0 20.0 0.0
2928.0357867955818 0.0 0.0 0.0 1.0 0.0 0.0 20.0 0.0
2929.0357867955818 0.0 0.0 0.0 1.0 0.0 0.0 20.0 0.0
2930.0249665767246 0.0 0.0 0.0 1.0 0.0 0.0 20.0 0.0
2931.005374018309 0.0 0.0 0.0 1.0 0.0 0.0 20.0 0.0
2932.035164778302 0.0 0.0 0.0 1.0 0.0 0.0 20.0 0.0
2933.0224051658693 0.0 0.0 0.0 1.0 0.0 0.0 20.0 0.0
2934.012756616652 0.0 0.0 0.0 1.0 0.0 0.0 20.0 0.0
2935.0357867955818 0.0 0.0 0.0 1.0 0.0 0.0 20.0 0.0
2936.004470614489 0.0 0.0 0.0 1.0 0.0 0.0 20.0 0.0
2937.0028696823524 0.0 0.0 0.0 1.0 0.0 0.0 20.0 0.0
2938.014046795614 0.0 0.0 0.0 1.0 0.0 0.0 20.0 0.0
2939.023201318476 0.0 0.0 0.0 1.0 0.0 0.0 20.0 0.0
2940.0083090514286 0.0 0.0 0.0 1.0 0.0 0.0 20.0 0.0
2941.019882343978 0.0 0.0 0.0 1.0 0.0 0.0 20.0 0.0
2942.023684754046 0.0 0.0 0.0 1.0 0.0 0.0 20.0 0.0
2943.002646831244 0.0 0.0 0.0 1.0 0.0 0.0 20.0 0.0
2944.0357867955818 0.0 0.0 0.0 1.0 0.0 0.0 20.0 0.0
2945.0030424982974 0.0 0.0 0.0 1.0 0.0 0.0 20.0 0.0
2946.0033623358936 0.0 0.0 0.0 1.0 0.0 0.0 20.0 0.0
2947.021693536463 0.0 0.0 0.0 1.0 0.0 0.0 20.0 0.0
2948.0001152671857 0.0 0.0 0.0 1.0 0.0 0.0 20.0 0.0
2949.0357867955818 0.0 0.0 0.0 1.0 0.0 0.0 20.0 0.0
2950.003955424457 0.0 0.0 0.0 1.0 0.0 0.0 20.0 0.0
2951.013778163342 0.0 0.0 0.0 1.0 0.0 0.0 20.0 0.0
2952.0357867955818 0.0 0.0 0.0 1.0 0.0 0.0 20.0 0.0
2953.026395227346 0.0 0.0 0.0 1.0 0.0 0.0 20.0 0.0
2954.0345160037436 0.0 0.0 0.0 1.0 0.0 0.0 20.0 0.0
2955.018717785192 0.0 0.0 0.0 1.0 0.0 0.0 20.0 0.0
2956.0357867955818 0.0 0.0 0.0 1.0 0.0 0.0 20.0 0.0
2957.0180706230626 0.0 0.0 0.0 1.0 0.0 0.0 20.0 0.0
2958.0163589736044 0.0 0.0 0.0 1.0 0.0 0.0 20.0 0.0
2959.0008089463986 0.0 0.0 0.0 1.0 0.0 0.0 20.0 0.0
2960.0355942825054 0.0 0.0 0.0 1.0 0.0 0.0 20.0 0.0
2961.0357867955818 0.0 0.0 0.0 1.0 0.0 0.0 20.0 0.0
2962.0055599719562 0.0 0.0 0.0 1.0 0.0 0.0 20.0 0.0
2963.0357867955818 0.0 0.0 0.0 1.0 0.0 0.0 20.0 0.0
2964.013722306144 0.0 0.0 0.0 1.0 0.0 0.0 20.0 0.0
2965.0357867955818 0.0 0.0 0.0 1.0 0.0 0.0 20.0 0.0
2966.013287935034 0.0 0.0 0.0 1.0 0.0 0.0 20.0 0.0
2967.0357867955818 0.0 0.0 0.0 1.0 0.0 0.0 20.0 0.0
2968.008885721603 0.0 0.0 0.0 1.0 0.0 0.0 20.0 0.0
2969.0357867955818 0.0 0.0 0.0 1.0 0.0 0.0 20.0 0.0
2970.0137598376746 0.0 0.0 0.0 1.0 0.0 0.0 20.0 0.0
2971.0293554247337 0.0 0.0 0.0 1.0 0.0 0.0 20.0 0.0
2972.0068928386636 0.0 0.0 0.0 1.0 0.0 0.0 20.0 0.0
2973.0332370209067 0.0 0.0 0.0 1.0 0.0 0.0 20.0 0.0
2974.0357867955818 0.0 0.0 0.0 1.0 0.0 0.0 20.0 0.0
2975.0357867955818 0.0 0.0 0.0 1.0 0.0 0.0 20.0 0.0
2976.0257615577248 0.0 0.0 0.0 1.0 0.0 0.0 20.0 0.0
2977.021596172756 0.0 0.0 0.0 1.0 0.0 0.0 20.0 0.0
2978.0154738276938 0.0 0.0 0.0 1.0 0.0 0.0 20.0 0.0
2979.0000881050687 0.0 0.0 0.0 1.0 0.0 0.0 20.0 0.0
2980.0357867955818 0.0 0.0 0.0 1.0 0.0 0.0 20.0 0.0
2981.0240710075213 0.0 0.0 0.0 1.0 0.0 0.0 20.0 0.0
2982.00117645122 0.0 0.0 0.0 1.0 0.0 0.0 20.0 0.0
2983.0357867955818 0.0 0.0 0.0 1.0 0.0 0.0 20.0 0.0
2984.004015956402 0.0 0.0 0.0 1.0 0.0 0.0 20.0 0.0
2985.0210328159883 0.0 0.0 0.0 1.0 0.0 0.0 20.0 0.0
2986.0100539417704 0.0 0.0 0.0 1.0 0.0 0.0 20.0 0.0
2987.0347407232243 0.0 0.0 0.0 1.0 0.0 0.0 20.0 0.0
2988.0357867955818 0.0 0.0 0.0 1.0 0.0 0.0 20.0 0.0
2989.017573064148 0.0 0.0 0.0 1.0 0.0 0.0 20.0 0.0
2990.0073349716376 0.0 0.0 0.0 1.0 0.0 0.0 20.0 0.0
2991.0357867955818 0.0 0.0 0.0 1.0 0.0 0.0 20.0 0.0
2992.009631530604 0.0 0.0 0.0 1.0 0.0 0.0 20.0 0.0
2993.002865348596 0.0 0.0 0.0 1.0 0.0 0.0 20.0 0.0
2994.035128583359 0.0 0.0 0.0 1.0 0.0 0.0 20.0 0.0
2995.003656721249 0.0 0.0 0.0 1.0 0.0 0.0 20.0 0.0
2996.000681183187 0.0 0.0 0.0 1.0 0.0 0.0 20.0 0.0
2997.0357867955818 0.0 0.0 0.0 1.0 0.0 0.0 20.0 0.0
2998.009034864033 0.0 0.0 0.0 1.0 0.0 0.0 20.0 0.0
2999.0199059088686 0.0 0.0 0.0 1.0 0.0 0.0 20.0 0.0
3000.0279581109394 0.0 0.0 0.0 1.0 0.0 0.0 20.0 0.0
3001.0082176060073 0.0 0.0 0.0 1.0 0.0 0.0 20.0 0.0
3002.0357867955818 0.0 0.0 0.0 1.0 0.0 0.0 20.0 0.0
3003.0188615279053 0.0 0.0 0.0 1.0 0.0 0.0 20.0 0.0
3004.0045772671087 0.0 0.0 0.0 1.0 0.0 0.0 20.0 0.0
3005.004985363387 0.0 0.0 0.0 1.0 0.0 0.0 20.0 0.0
3006.0357867955818 0.0 0.0 0.0 1.0 0.0 0.0 20.0 0.0
3007.0325494492154 0.0 0.0 0.0 1.0 0.0 0.0 20.0 0.0
3008.0329407344598 0.0 0.0 0.0 1.0 0.0 0.0 20.0 0.0
3009.018910846748 0.0 0.0 0.0 1.0 0.0 0.0 20.0 0.0
3010.013564828666 0.0 0.0 0.0 1.0 0.0 0.0 20.0 0.0
3011.0357867955818 0.0 0.0 0.0 1.0 0.0 0.0 20.0 0.0
3012.0357867955818 0.0 0.0 0.0 1.0 0.0 0.0 20.0 0.0
3013.0357867955818 0.0 0.0 0.0 1.0 0.0 0.0 20.0 0.0
3014.009408011171 0.0 0.0 0.0 1.0 0.0 0.0 20.0 0.0
3015.0357867955818 0.0 0.0 0.0 1.0 0.0 0.0 20.0 0.0
3016.0335252686473 0.0 0.0 0.0 1.0 0.0 0.0 20.0 0.0
3017.0357867955818 0.0 0.0 0.0 1.0 0.0 0.0 20.0 0.0
3018.0357867955818 0.0 0.0 0.0 1.0 0.0 0.0 20.0 0.0
3019.0357867955818 0.0 0.0 0.0 1.0 0.0 0.0 20.0 0.0
3020.0357867955818 0.0 0.0 0.0 1.0 0.0 0.0 20.0 0.0
3021.0356582907893 0.0 0.0 0.0 1.0 0.0 0.0 20.0 0.0
3022.0357867955818 0.0 0.0 0.0 1.0 0.0 0.0 20.0 0.0
3023.021738781649 0.0 0.0 0.0 1.0 0.0 0.0 20.0 0.0
3024.0080864629927 0.0 0.0 0.0 1.0 0.0 0.0 20.0 0.0
3025.008829309951 0.0 0.0 0.0 1.0 0.0 0.0 20.0 0.0
3026.0106344414116 0.0 0.0 0.0 1.0 0.0 0.0 20.0 0.0
3027.0037481419317 0.0 0.0 0.0 1.0 0.0 0.0 20.0 0.0
3028.018913109553 0.0 0.0 0.0 1.0 0.0 0.0 20.0 0.0
3029.026635875017 0.0 0.0 0.0 1.0 0.0 0.0 20.0 0.0
3030.0357867955818 0.0 0.0 0.0 1.0 0.0 0.0 20.0 0.0
3031.012567514794 0.0 0.0 0.0 1.0 0.0 0.0 20.0 0.0
3032.0092189066927 0.0 0.0 0.0 1.0 0.0 0.0 20.0 0.0
3033.010044162503 0.0 0.0 0.0 1.0 0.0 0.0 20.0 0.0
3034.0357867955818 0.0 0.0 0.0 1.0 0.0 0.0 20.0 0.0
3035.035237970201 0.0 0.0 0.0 1.0 0.0 0.0 20.0 0.0
3036.009936420689 0.0 0.0 0.0 1.0 0.0 0.0 20.0 0.0
3037.030007378218 0.0 0.0 0.0 1.0 0.0 0.0 20.0 0.0
3038.0107026112432 0.0 0.0 0.0 1.0 0.0 0.0 20.0 0.0
3039.0357867955818 0.0 0.0 0.0 1.0 0.0 0.0 20.0 0.0
3040.017383324468 0.0 0.0 0.0 1.0 0.0 0.0 20.0 0.0
3041.019675748636 0.0 0.0 0.0 1.0 0.0 0.0 20.0 0.0
3042.0029133306793 0.0 0.0 0.0 1.0 0.0 0.0 20.0 0.0
3043.0357867955818 0.0 0.0 0.0 1.0 0.0 0.0 20.0 0.0
3044.0357867955818 0.0 0.0 0.0 1.0 0.0 0.0 20.0 0.0
3045.0357867955818 0.0 0.0 0.0 1.0 0.0 0.0 20.0 0.0
3046.003176585176 0.0 0.0 0.0 1.0 0.0 0.0 20.0 0.0
3047.021963096664 0.0 0.0 0.0 1.0 0.0 0.0 20.0 0.0
3048.011867388364 0.0 0.0 0.0 1.0 0.0 0.0 20.0 0.0
3049.0229862226106 0.0 0.0 0.0 1.0 0.0 0.0 20.0 0.0
3050.0357867955818 0.0 0.0 0.0 1.0 0.0 0.0 20.0 0.0
3051.021633306051 0.0 0.0 0.0 1.0 0.0 0.0 20.0 0.0
3052.0131191502132 0.0 0.0 0.0 1.0 0.0 0.0 20.0 0.0
3053.0357867955818 0.0 0.0 0.0 1.0 0.0 0.0 20.0 0.0
3054.004437575121 0.0 0.0 0.0 1.0 0.0 0.0 20.0 0.0
3055.0112209962535 0.0 0.0 0.0 1.0 0.0 0.0 20.0 0.0
3056.004161081658 0.0 0.0 0.0 1.0 0.0 0.0 20.0 0.0
3057.004788556395 0.0 0.0 0.0 1.0 0.0 0.0 20.0 0.0
3058.003145547354 0.0 0.0 0.0 1.0 0.0 0.0 20.0 0.0
3059.01002766729 0.0 0.0 0.0 1.0 0.0 0.0 20.0 0.0
3060.024444218202 0.0 0.0 0.0 1.0 0.0 0.0 20.0 0.0
3061.0069900511135 0.0 0.0 0.0 1.0 0.0 0.0 20.0 0.0
3062.0056298626514 0.0 0.0 0.0 1.0 0.0 0.0 20.0 0.0
3063.0357867955818 0.0 0.0 0.0 1.0 0.0 0.0 20.0 0.0
3064.0343755956765 0.0 0.0 0.0 1.0 0.0 0.0 20.0 0.0
3065.0057692530286 0.0 0.0 0.0 1.0 0.0 0.0 20.0 0.0
3066.0357867955818 0.0 0.0 0.0 1.0 0.0 0.0 20.0 0.0
3067.0357867955818 0.0 0.0 0.0 1.0 0.0 0.0 20.0 0.0
3068.0025933070115 0.0 0.0 0.0 1.0 0.0 0.0 20.0 0.0
3069.0105013352295 0.0 0.0 0.0 1.0 0.0 0.0 20.0 0.0
3070.000873453896 0.0 0.0 0.0 1.0 0.0 0.0 20.0 0.0
3071.0331253153613 0.0 0.0 0.0 1.0 0.0 0.0 20.0 0.0
3072.0221429510775 0.0 0.0 0.0 1.0 0.0 0.0 20.0 0.0
3073.0357867955818 0.0 0.0 0.0 1.0 0.0 0.0 20.0 0.0
3074.0357867955818 0.0 0.0 0.0 1.0 0.0 0.0 20.0 0.0
3075.0357867955818 0.0 0.0 0.0 1.0 0.0 0.0 20.0 0.0
3076.0357867955818 0.0 0.0 0.0 1.0 0.0 0.0 20.0 0.0
3077.0357867955818 0.0 0.0 0.0 1.0 0.0 0.0 20.0 0.0
3078.0357867955818 0.0 0.0 0.0 1.0 0.0 0.0 20.0 0.0
3079.0158584656715 0.0 0.0 0.0 1.0 0.0 0.0 20.0 0.0
3080.0357867955818 0.0 0.0 0.0 1.0 0.0 0.0 20.0 0.0
3081.0265213292 0.0 0.0 0.0 1.0 0.0 0.0 20.0 0.0
3082.00031077422 0.0 0.0 0.0 1.0 0.0 0.0 20.0 0.0
3083.006550694208 0.0 0.0 0.0 1.0 0.0 0.0 20.0 0.0
3084.0281712708897 0.0 0.0 0.0 1.0 0.0 0.0 20.0 0.0
3085.0184059804355 0.0 0.0 0.0 1.0 0.0 0.0 20.0 0.0
3086.0357867955818 0.0 0.0 0.0 1.0 0.0 0.0 20.0 0.0
3087.0357867955818 0.0 0.0 0.0 1.0 0.0 0.0 20.0 0.0
3088.0357867955818 0.0 0.0 0.0 1.0 0.0 0.0 20.0 0.0
3089.0322949729475 0.0 0.0 0.0 1.0 0.0 0.0 20.0 0.0
3090.0334089187504 0.0 0.0 0.0 1.0 0.0 0.0 20.0 0.0
3091.023611709825 0.0 0.0 0.0 1.0 0.0 0.0 20.0 0.0
3092.0357867955818 0.0 0.0 0.0 1.0 0.0 0.0 20.0 0.0
3093.0129090963633 0.0 0.0 0.0 1.0 0.0 0.0 20.0 0.0
3094.0357867955818 0.0 0.0 0.0 1.0 0.0 0.0 20.0 0.0
3095.0061062011073 0.0 0.0 0.0 1.0 0.0 0.0 20.0 0.0
3096.0107222601355 0.0 0.0 0.0 1.0 0.0 0.0 20.0 0.0
3097.020394630508 0.0 0.0 0.0 1.0 0.0 0.0 20.0 0.0
3098.0016044291724 0.0 0.0 0.0 1.0 0.0 0.0 20.0 0.0
3099.0357867955818 0.0 0.0 0.0 1.0 0.0 0.0 20.0 0.0
3100.0107883381793 0.0 0.0 0.0 1.0 0.0 0.0 20.0 0.0
3101.028953852868 0.0 0.0 0.0 1.0 0.0 0.0 20.0 0.0
3102.025401088014 0.0 0.0 0.0 1.0 0.0 0.0 20.0 0.0
3103.012857426162 0.0 0.0 0.0 1.0 0.0 0.0 20.0 0.0
3104.004861359152 0.0 0.0 0.0 1.0 0.0 0.0 20.0 0.0
3105.0357867955818 0.0 0.0 0.0 1.0 0.0 0.0 20.0 0.0
3106.0357867955818 0.0 0.0 0.0 1.0 0.0 0.0 20.0 0.0
3107.0342791259545 0.0 0.0 0.0 1.0 0.0 0.0 20.0 0.0
3108.012149951809 0.0 0.0 0.0 1.0 0.0 0.0 20.0 0.0
3109.0163142494584 0.0 0.0 0.0 1.0 0.0 0.0 20.0 0.0
3110.0357867955818 0.0 0.0 0.0 1.0 0.0 0.0 20.0 0.0
3111.0357867955818 0.0 0.0 0.0 1.0 0.0 0.0 20.0 0.0
3112.0357867955818 0.0 0.0 0.0 1.0 0.0 0.0 20.0 0.0
3113.0357867955818 0.0 0.0 0.0 1.0 0.0 0.0 20.0 0.0
3114.016246329677 0.0 0.0 0.0 1.0 0.0 0.0 20.0 0.0
3115.023945467609 0.0 0.0 0.0 1.0 0.0 0.0 20.0 0.0
3116.026715172259 0.0 0.0 0.0 1.0 0.0 0.0 20.0 0.0
3117.003796657735 0.0 0.0 0.0 1.0 0.0 0.0 20.0 0.0
3118.0327261079333 0.0 0.0 0.0 1.0 0.0 0.0 20.0 0.0
3119.0063447337247 0.0 0.0 0.0 1.0 0.0 0.0 20.0 0.0
3120.028808906952 0.0 0.0 0.0 1.0 0.0 0.0 20.0 0.0
3121.011860511636 0.0 0.0 0.0 1.0 0.0 0.0 20.0 0.0
3122.0012597527193 0.0 0.0 0.0 1.0 0.0 0.0 20.0 0.0
3123.0357867955818 0.0 0.0 0.0 1.0 0.0 0.0 20.0 0.0
3124.0357867955818 0.0 0.0 0.0 1.0 0.0 0.0 20.0 0.0
3125.0031124433244 0.0 0.0 0.0 1.0 0.0 0.0 20.0 0.0
3126.028689738232 0.0 0.0 0.0 1.0 0.0 0.0 20.0 0.0
3127.00439225857 0.0 0.0 0.0 1.0 0.0 0.0 20.0 0.0
3128.023397871058 0.0 0.0 0.0 1.0 0.0 0.0 20.0 0.0
3129.0014179501136 0.0 0.0 0.0 1.0 0.0 0.0 20.0 0.0
3130.0176212987194 0.0 0.0 0.0 1.0 0.0 0.0 20.0 0.0
3131.0004392324395 0.0 0.0 0.0 1.0 0.0 0.0 20.0 0.0
3132.0357867955818 0.0 0.0 0.0 1.0 0.0 0.0 20.0 0.0
3133.027711940613 0.0 0.0 0.0 1.0 0.0 0.0 20.0 0.0
3134.0357867955818 0.0 0.0 0.0 1.0 0.0 0.0 20.0 0.0
3135.011002696882 0.0 0.0 0.0 1.0 0.0 0.0 20.0 0.0
3136.013002514797 0.0 0.0 0.0 1.0 0.0 0.0 20.0 0.0
3137.0011332169247 0.0 0.0 0.0 1.0 0.0 0.0 20.0 0.0
3138.0357867955818 0.0 0.0 0.0 1.0 0.0 0.0 20.0 0.0
3139.006155715753 0.0 0.0 0.0 1.0 0.0 0.0 20.0 0.0
3140.0357867955818 0.0 0.0 0.0 1.0 0.0 0.0 20.0 0.0
3141.0163724258014 0.0 0.0 0.0 1.0 0.0 0.0 20.0 0.0
3142.0200022098416 0.0 0.0 0.0 1.0 0.0 0.0 20.0 0.0
3143.0147744062406 0.0 0.0 0.0 1.0 0.0 0.0 20.0 0.0
3144.0174854141032 0.0 0.0 0.0 1.0 0.0 0.0 20.0 0.0
3145.014841803308 0.0 0.0 0.0 1.0 0.0 0.0 20.0 0.0
3146.012178085108 0.0 0.0 0.0 1.0 0.0 0.0 20.0 0.0
3147.0146419302523 0.0 0.0 0.0 1.0 0.0 0.0 20.0 0.0
3148.003382995054 0.0 0.0 0.0 1.0 0.0 0.0 20.0 0.0
3149.0011836164126 0.0 0.0 0.0 1.0 0.0 0.0 20.0 0.0
3150.030033198394 0.0 0.0 0.0 1.0 0.0 0.0 20.0 0.0
3151.0302340920693 0.0 0.0 0.0 1.0 0.0 0.0 20.0 0.0
3152.0033642594854 0.0 0.0 0.0 1.0 0.0 0.0 20.0 0.0
3153.0026670020043 0.0 0.0 0.0 1.0 0.0 0.0 20.0 0.0
3154.006900655726 0.0 0.0 0.0 1.0 0.0 0.0 20.0 0.0
3155.004679868271 0.0 0.0 0.0 1.0 0.0 0.0 20.0 0.0
3156.005333047381 0.0 0.0 0.0 1.0 0.0 0.0 20.0 0.0
3157.0208032155756 0.0 0.0 0.0 1.0 0.0 0.0 20.0 0.0
3158.0167406921796 0.0 0.0 0.0 1.0 0.0 0.0 20.0 0.0
3159.004257522314 0.0 0.0 0.0 1.0 0.0 0.0 20.0 0.0
3160.0357867955818 0.0 0.0 0.0 1.0 0.0 0.0 20.0 0.0
3161.0070991933567 0.0 0.0 0.0 1.0 0.0 0.0 20.0 0.0
3162.018637412846 0.0 0.0 0.0 1.0 0.0 0.0 20.0 0.0
3163.0357867955818 0.0 0.0 0.0 1.0 0.0 0.0 20.0 0.0
3164.032159885446 0.0 0.0 0.0 1.0 0.0 0.0 20.0 0.0
3165.0253413284813 0.0 0.0 0.0 1.0 0.0 0.0 20.0 0.0
3166.0357867955818 0.0 0.0 0.0 1.0 0.0 0.0 20.0 0.0
3167.0357867955818 0.0 0.0 0.0 1.0 0.0 0.0 20.0 0.0
3168.0077921909105 0.0 0.0 0.0 1.0 0.0 0.0 20.0 0.0
3169.0068955629104 0.0 0.0 0.0 1.0 0.0 0.0 20.0 0.0
3170.0357867955818 0.0 0.0 0.0 1.0 0.0 0.0 20.0 0.0
3171.0237949358398 0.0 0.0 0.0 1.0 0.0 0.0 20.0 0.0
3172.0357867955818 0.0 0.0 0.0 1.0 0.0 0.0 20.0 0.0
3173.0188890088384 0.0 0.0 0.0 1.0 0.0 0.0 20.0 0.0
3174.0357867955818 0.0 0.0 0.0 1.0 0.0 0.0 20.0 0.0
3175.0241599574006 0.0 0.0 0.0 1.0 0.0 0.0 20.0 0.0
3176.034125735801 0.0 0.0 0.0 1.0 0.0 0.0 20.0 0.0
3177.0041254953403 0.0 0.0 0.0 1.0 0.0 0.0 20.0 0.0
3178.028123687631 0.0 0.0 0.0 1.0 0.0 0.0 20.0 0.0
3179.005454377975 0.0 0.0 0.0 1.0 0.0 0.0 20.0 0.0
3180.0301984299463 0.0 0.0 0.0 1.0 0.0 0.0 20.0 0.0
3181.0357867955818 0.0 0.0 0.0 1.0 0.0 0.0 20.0 0.0
3182.0357867955818 0.0 0.0 0.0 1.0 0.0 0.0 20.0 0.0
3183.006795831559 0.0 0.0 0.0 1.0 0.0 0.0 20.0 0.0
3184.0357867955818 0.0 0.0 0.0 1.0 0.0 0.0 20.0 0.0
3185.0357867955818 0.0 0.0 0.0 1.0 0.0 0.0 20.0 0.0
3186.0357867955818 0.0 0.0 0.0 1.0 0.0 0.0 20.0 0.0
3187.021488052438 0.0 0.0 0.0 1.0 0.0 0.0 20.0 0.0
3188.0357867955818 0.0 0.0 0.0 1.0 0.0 0.0 20.0 0.0
3189.0102674860113 0.0 0.0 0.0 1.0 0.0 0.0 20.0 0.0
3190.0324104543065 0.0 0.0 0.0 1.0 0.0 0.0 20.0 0.0
3191.0165408228454 0.0 0.0 0.0 1.0 0.0 0.0 20.0 0.0
3192.0357867955818 0.0 0.0 0.0 1.0 0.0 0.0 20.0 0.0
3193.006210504361 0.0 0.0 0.0 1.0 0.0 0.0 20.0 0.0
3194.010823032482 0.0 0.0 0.0 1.0 0.0 0.0 20.0 0.0
3195.0357867955818 0.0 0.0 0.0 1.0 0.0 0.0 20.0 0.0
3196.0154063638283 0.0 0.0 0.0 1.0 0.0 0.0 20.0 0.0
3197.004014748224 0.0 0.0 0.0 1.0 0.0 0.0 20.0 0.0
3198.017862280319 0.0 0.0 0.0 1.0 0.0 0.0 20.0 0.0
3199.0249815243646 0.0 0.0 0.0 1.0 0.0 0.0 20.0 0.0
3200.0022689362704 0.0 0.0 0.0 1.0 0.0 0.0 20.0 0.0
3201.014394577369 0.0 0.0 0.0 1.0 0.0 0.0 20.0 0.0
3202.0127383523823 0.0 0.0 0.0 1.0 0.0 0.0 20.0 0.0
3203.0108321808925 0.0 0.0 0.0 1.0 0.0 0.0 20.0 0.0
3204.0340497021793 0.0 0.0 0.0 1.0 0.0 0.0 20.0 0.0
3205.0279560369727 0.0 0.0 0.0 1.0 0.0 0.0 20.0 0.0
3206.0357867955818 0.0 0.0 0.0 1.0 0.0 0.0 20.0 0.0
3207.003075950688 0.0 0.0 0.0 1.0 0.0 0.0 20.0 0.0
3208.0056093764933 0.0 0.0 0.0 1.0 0.0 0.0 20.0 0.0
3209.011376879018 0.0 0.0 0.0 1.0 0.0 0.0 20.0 0.0
3210.0021686106543 0.0 0.0 0.0 1.0 0.0 0.0 20.0 0.0
3211.007494793717 0.0 0.0 0.0 1.0 0.0 0.0 20.0 0.0
3212.009582288841 0.0 0.0 0.0 1.0 0.0 0.0 20.0 0.0
3213.0357867955818 0.0 0.0 0.0 1.0 0.0 0.0 20.0 0.0
3214.0013282517803 0.0 0.0 0.0 1.0 0.0 0.0 20.0 0.0
3215.009371218663 0.0 0.0 0.0 1.0 0.0 0.0 20.0 0.0
3216.0162695450317 0.0 0.0 0.0 1.0 0.0 0.0 20.0 0.0
3217.0009987620733 0.0 0.0 0.0 1.0 0.0 0.0 20.0 0.0
3218.005452253267 0.0 0.0 0.0 1.0 0.0 0.0 20.0 0.0
3219.0001233970606 0.0 0.0 0.0 1.0 0.0 0.0 20.0 0.0
3220.0357867955818 0.0 0.0 0.0 1.0 0.0 0.0 20.0 0.0
3221.0187708204803 0.0 0.0 0.0 1.0 0.0 0.0 20.0 0.0
3222.0132816979285 0.0 0.0 0.0 1.0 0.0 0.0 20.0 0.0
3223.0145024707053 0.0 0.0 0.0 1.0 0.0 0.0 20.0 0.0
3224.0357867955818 0.0 0.0 0.0 1.0 0.0 0.0 20.0 0.0
3225.02788070302 0.0 0.0 0.0 1.0 0.0 0.0 20.0 0.0
3226.0020173468774 0.0 0.0 0.0 1.0 0.0 0.0 20.0 0.0
3227.0320654093816 0.0 0.0 0.0 1.0 0.0 0.0 20.0 0.0
3228.0357867955818 0.0 0.0 0.0 1.0 0.0 0.0 20.0 0.0
3229.0357867955818 0.0 0.0 0.0 1.0 0.0 0.0 20.0 0.0
3230.0125810266995 0.0 0.0 0.0 1.0 0.0 0.0 20.0 0.0
3231.0357867955818 0.0 0.0 0.0 1.0 0.0 0.0 20.0 0.0
3232.0357867955818 0.0 0.0 0.0 1.0 0.0 0.0 20.0 0.0
3233.004165046885 0.0 0.0 0.0 1.0 0.0 0.0 20.0 0.0
3234.0357867955818 0.0 0.0 0.0 1.0 0.0 0.0 20.0 0.0
3235.0357867955818 0.0 0.0 0.0 1.0 0.0 0.0 20.0 0.0
3236.021286022012 0.0 0.0 0.0 1.0 0.0 0.0 20.0 0.0
3237.0138257602166 0.0 0.0 0.0 1.0 0.0 0.0 20.0 0.0
3238.0012093292407 0.0 0.0 0.0 1.0 0.0 0.0 20.0 0.0
3239.008910095474 0.0 0.0 0.0 1.0 0.0 0.0 20.0 0.0
3240.023938269581 0.0 0.0 0.0 1.0 0.0 0.0 20.0 0.0
3241.0045742554735 0.0 0.0 0.0 1.0 0.0 0.0 20.0 0.0
3242.033198630998 0.0 0.0 0.0 1.0 0.0 0.0 20.0 0.0
3243.006491556374 0.0 0.0 0.0 1.0 0.0 0.0 20.0 0.0
3244.0211916217154 0.0 0.0 0.0 1.0 0.0 0.0 20.0 0.0
3245.0102261070383 0.0 0.0 0.0 1.0 0.0 0.0 20.0 0.0
3246.0357867955818 0.0 0.0 0.0 1.0 0.0 0.0 20.0 0.0
3247.0123955877966 0.0 0.0 0.0 1.0 0.0 0.0 20.0 0.0
3248.0357867955818 0.0 0.0 0.0 1.0 0.0 0.0 20.0 0.0
3249.0357867955818 0.0 0.0 0.0 1.0 0.0 0.0 20.0 0.0
3250.0072030764686 0.0 0.0 0.0 1.0 0.0 0.0 20.0 0.0
3251.0357867955818 0.0 0.0 0.0 1.0 0.0 0.0 20.0 0.0
3252.0357867955818 0.0 0.0 0.0 1.0 0.0 0.0 20.0 0.0
3253.021544998423 0.0 0.0 0.0 1.0 0.0 0.0 20.0 0.0
3254.023175433155 0.0 0.0 0.0 1.0 0.0 0.0 20.0 0.0
3255.014112695631 0.0 0.0 0.0 1.0 0.0 0.0 20.0 0.0
3256.0175165002106 0.0 0.0 0.0 1.0 0.0 0.0 20.0 0.0
3257.0357867955818 0.0 0.0 0.0 1.0 0.0 0.0 20.0 0.0
3258.0357867955818 0.0 0.0 0.0 1.0 0.0 0.0 20.0 0.0
3259.0086690575786 0.0 0.0 0.0 1.0 0.0 0.0 20.0 0.0
3260.0278698538987 0.0 0.0 0.0 1.0 0.0 0.0 20.0 0.0
3261.0177037510143 0.0 0.0 0.0 1.0 0.0 0.0 20.0 0.0
3262.0015768441217 0.0 0.0 0.0 1.0 0.0 0.0 20.0 0.0
3263.0227316677647 0.0 0.0 0.0 1.0 0.0 0.0 20.0 0.0
3264.013028769361 0.0 0.0 0.0 1.0 0.0 0.0 20.0 0.0
3265.0150338908593 0.0 0.0 0.0 1.0 0.0 0.0 20.0 0.0
3266.0188648931153 0.0 0.0 0.0 1.0 0.0 0.0 20.0 0.0
3267.0341069137635 0.0 0.0 0.0 1.0 0.0 0.0 20.0 0.0
3268.011054183064 0.0 0.0 0.0 1.0 0.0 0.0 20.0 0.0
3269.0357867955818 0.0 0.0 0.0 1.0 0.0 0.0 20.0 0.0
3270.034302243005 0.0 0.0 0.0 1.0 0.0 0.0 20.0 0.0
3271.008803164432 0.0 0.0 0.0 1.0 0.0 0.0 20.0 0.0
3272.0246725414536 0.0 0.0 0.0 1.0 0.0 0.0 20.0 0.0
3273.0102374204425 0.0 0.0 0.0 1.0 0.0 0.0 20.0 0.0
3274.0357867955818 0.0 0.0 0.0 1.0 0.0 0.0 20.0 0.0
3275.0309696211584 0.0 0.0 0.0 1.0 0.0 0.0 20.0 0.0
3276.011134492744 0.0 0.0 0.0 1.0 0.0 0.0 20.0 0.0
3277.020985072844 0.0 0.0 0.0 1.0 0.0 0.0 20.0 0.0
3278.024515531129 0.0 0.0 0.0 1.0 0.0 0.0 20.0 0.0
3279.00620926626 0.0 0.0 0.0 1.0 0.0 0.0 20.0 0.0
3280.022115043322 0.0 0.0 0.0 1.0 0.0 0.0 20.0 0.0
3281.012716969474 0.0 0.0 0.0 1.0 0.0 0.0 20.0 0.0
3282.0069547701455 0.0 0.0 0.0 1.0 0.0 0.0 20.0 0.0
3283.0125638149902 0.0 0.0 0.0 1.0 0.0 0.0 20.0 0.0
3284.019744913374 0.0 0.0 0.0 1.0 0.0 0.0 20.0 0.0
3285.010082426295 0.0 0.0 0.0 1.0 0.0 0.0 20.0 0.0
3286.0357867955818 0.0 0.0 0.0 1.0 0.0 0.0 20.0 0.0
3287.0008511814435 0.0 0.0 0.0 1.0 0.0 0.0 20.0 0.0
3288.0088355173107 0.0 0.0 0.0 1.0 0.0 0.0 20.0 0.0
3289.0135017248317 0.0 0.0 0.0 1.0 0.0 0.0 20.0 0.0
3290.000615656622 0.0 0.0 0.0 1.0 0.0 0.0 20.0 0.0
3291.0357867955818 0.0 0.0 0.0 1.0 0.0 0.0 20.0 0.0
3292.027543062473 0.0 0.0 0.0 1.0 0.0 0.0 20.0 0.0
3293.0073552799704 0.0 0.0 0.0 1.0 0.0 0.0 20.0 0.0
3294.0044225884185 0.0 0.0 0.0 1.0 0.0 0.0 20.0 0.0
3295.009368373126 0.0 0.0 0.0 1.0 0.0 0.0 20.0 0.0
3296.017418783883 0.0 0.0 0.0 1.0 0.0 0.0 20.0 0.0
3297.0055238141117 0.0 0.0 0.0 1.0 0.0 0.0 20.0 0.0
3298.003842496285 0.0 0.0 0.0 1.0 0.0 0.0 20.0 0.0
3299.0081825956427 0.0 0.0 0.0 1.0 0.0 0.0 20.0 0.0
3300.014122256277 0.0 0.0 0.0 1.0 0.0 0.0 20.0 0.0
3301.0198962725594 0.0 0.0 0.0 1.0 0.0 0.0 20.0 0.0
3302.0026758596773 0.0 0.0 0.0 1.0 0.0 0.0 20.0 0.0
3303.0357867955818 0.0 0.0 0.0 1.0 0.0 0.0 20.0 0.0
3304.0357867955818 0.0 0.0 0.0 1.0 0.0 0.0 20.0 0.0
3305.0189295462314 0.0 0.0 0.0 1.0 0.0 0.0 20.0 0.0
3306.0357867955818 0.0 0.0 0.0 1.0 0.0 0.0 20.0 0.0
3307.0077630525716 0.0 0.0 0.0 1.0 0.0 0.0 20.0 0.0
3308.000247146113 0.0 0.0 0.0 1.0 0.0 0.0 20.0 0.0
3309.0161326723537 0.0 0.0 0.0 1.0 0.0 0.0 20.0 0.0
3310.023634817171 0.0 0.0 0.0 1.0 0.0 0.0 20.0 0.0
3311.016421850216 0.0 0.0 0.0 1.0 0.0 0.0 20.0 0.0
3312.001513552686 0.0 0.0 0.0 1.0 0.0 0.0 20.0 0.0
3313.004314250292 0.0 0.0 0.0 1.0 0.0 0.0 20.0 0.0
3314.006385642306 0.0 0.0 0.0 1.0 0.0 0.0 20.0 0.0
3315.026325437086 0.0 0.0 0.0 1.0 0.0 0.0 20.0 0.0
3316.0024397575658 0.0 0.0 0.0 1.0 0.0 0.0 20.0 0.0
3317.0004653294645 0.0 0.0 0.0 1.0 0.0 0.0 20.0 0.0
3318.007745544211 0.0 0.0 0.0 1.0 0.0 0.0 20.0 0.0
3319.0198696838247 0.0 0.0 0.0 1.0 0.0 0.0 20.0 0.0
3320.020608355654 0.0 0.0 0.0 1.0 0.0 0.0 20.0 0.0
3321.014585313373 0.0 0.0 0.0 1.0 0.0 0.0 20.0 0.0
3322.013168485628 0.0 0.0 0.0 1.0 0.0 0.0 20.0 0.0
3323.009421357123 0.0 0.0 0.0 1.0 0.0 0.0 20.0 0.0
3324.0309524841277 0.0 0.0 0.0 1.0 0.0 0.0 20.0 0.0
3325.0355387970026 0.0 0.0 0.0 1.0 0.0 0.0 20.0 0.0
3326.016259345744 0.0 0.0 0.0 1.0 0.0 0.0 20.0 0.0
3327.007390309813 0.0 0.0 0.0 1.0 0.0 0.0 20.0 0.0
3328.0109699366594 0.0 0.0 0.0 1.0 0.0 0.0 20.0 0.0
3329.0276893345654 0.0 0.0 0.0 1.0 0.0 0.0 20.0 0.0
3330.0357867955818 0.0 0.0 0.0 1.0 0.0 0.0 20.0 0.0
3331.0170782308173 0.0 0.0 0.0 1.0 0.0 0.0 20.0 0.0
3332.0291016346723 0.0 0.0 0.0 1.0 0.0 0.0 20.0 0.0
3333.0357867955818 0.0 0.0 0.0 1.0 0.0 0.0 20.0 0.0
3334.0357867955818 0.0 0.0 0.0 1.0 0.0 0.0 20.0 0.0
3335.0316694317103 0.0 0.0 0.0 1.0 0.0 0.0 20.0 0.0
3336.0086509901535 0.0 0.0 0.0 1.0 0.0 0.0 20.0 0.0
3337.012834598508 0.0 0.0 0.0 1.0 0.0 0.0 20.0 0.0
3338.010847285151 0.0 0.0 0.0 1.0 0.0 0.0 20.0 0.0
3339.013936941188 0.0 0.0 0.0 1.0 0.0 0.0 20.0 0.0
3340.0357867955818 0.0 0.0 0.0 1.0 0.0 0.0 20.0 0.0
3341.0357867955818 0.0 0.0 0.0 1.0 0.0 0.0 20.0 0.0
3342.030904583551 0.0 0.0 0.0 1.0 0.0 0.0 20.0 0.0
3343.022830901121 0.0 0.0 0.0 1.0 0.0 0.0 20.0 0.0
3344.0100348117003 0.0 0.0 0.0 1.0 0.0 0.0 20.0 0.0
3345.034910633038 0.0 0.0 0.0 1.0 0.0 0.0 20.0 0.0
3346.0126057758175 0.0 0.0 0.0 1.0 0.0 0.0 20.0 0.0
3347.0058399047653 0.0 0.0 0.0 1.0 0.0 0.0 20.0 0.0
3348.0151153774195 0.0 0.0 0.0 1.0 0.0 0.0 20.0 0.0
3349.03244773412 0.0 0.0 0.0 1.0 0.0 0.0 20.0 0.0
3350.0357867955818 0.0 0.0 0.0 1.0 0.0 0.0 20.0 0.0
3351.0066415403608 0.0 0.0 0.0 1.0 0.0 0.0 20.0 0.0
3352.0207169401924 0.0 0.0 0.0 1.0 0.0 0.0 20.0 0.0
3353.0015876749417 0.0 0.0 0.0 1.0 0.0 0.0 20.0 0.0
3354.0037323231186 0.0 0.0 0.0 1.0 0.0 0.0 20.0 0.0
3355.0062617905064 0.0 0.0 0.0 1.0 0.0 0.0 20.0 0.0
3356.0066250822338 0.0 0.0 0.0 1.0 0.0 0.0 20.0 0.0
3357.0147622105287 0.0 0.0 0.0 1.0 0.0 0.0 20.0 0.0
3358.0080794270207 0.0 0.0 0.0 1.0 0.0 0.0 20.0 0.0
3359.000942117998 0.0 0.0 0.0 1.0 0.0 0.0 20.0 0.0
3360.01056896951 0.0 0.0 0.0 1.0 0.0 0.0 20.0 0.0
3361.024827287577 0.0 0.0 0.0 1.0 0.0 0.0 20.0 0.0
3362.0293782706995 0.0 0.0 0.0 1.0 0.0 0.0 20.0 0.0
3363.0097719153446 0.0 0.0 0.0 1.0 0.0 0.0 20.0 0.0
3364.0357867955818 0.0 0.0 0.0 1.0 0.0 0.0 20.0 0.0
3365.0357867955818 0.0 0.0 0.0 1.0 0.0 0.0 20.0 0.0
3366.032889667476 0.0 0.0 0.0 1.0 0.0 0.0 20.0 0.0
3367.0357867955818 0.0 0.0 0.0 1.0 0.0 0.0 20.0 0.0
3368.0357867955818 0.0 0.0 0.0 1.0 0.0 0.0 20.0 0.0
3369.0357867955818 0.0 0.0 0.0 1.0 0.0 0.0 20.0 0.0
3370.0174978224845 0.0 0.0 0.0 1.0 0.0 0.0 20.0 0.0
3371.0357867955818 0.0 0.0 0.0 1.0 0.0 0.0 20.0 0.0
3372.032722491535 0.0 0.0 0.0 1.0 0.0 0.0 20.0 0.0
3373.008706252915 0.0 0.0 0.0 1.0 0.0 0.0 20.0 0.0
3374.0135137784955 0.0 0.0 0.0 1.0 0.0 0.0 20.0 0.0
3375.022437317789 0.0 0.0 0.0 1.0 0.0 0.0 20.0 0.0
3376.0357867955818 0.0 0.0 0.0 1.0 0.0 0.0 20.0 0.0
3377.0357867955818 0.0 0.0 0.0 1.0 0.0 0.0 20.0 0.0
3378.0315638706415 0.0 0.0 0.0 1.0 0.0 0.0 20.0 0.0
3379.00234490696 0.0 0.0 0.0 1.0 0.0 0.0 20.0 0.0
3380.0357867955818 0.0 0.0 0.0 1.0 0.0 0.0 20.0 0.0
3381.0091083423417 0.0 0.0 0.0 1.0 0.0 0.0 20.0 0.0
3382.0357867955818 0.0 0.0 0.0 1.0 0.0 0.0 20.0 0.0
3383.0251725401613 0.0 0.0 0.0 1.0 0.0 0.0 20.0 0.0
3384.0185518618496 0.0 0.0 0.0 1.0 0.0 0.0 20.0 0.0
3385.0357867955818 0.0 0.0 0.0 1.0 0.0 0.0 20.0 0.0
3386.0069082643026 0.0 0.0 0.0 1.0 0.0 0.0 20.0 0.0
3387.0043148111076 0.0 0.0 0.0 1.0 0.0 0.0 20.0 0.0
3388.001540837044 0.0 0.0 0.0 1.0 0.0 0.0 20.0 0.0
3389.002666263926 0.0 0.0 0.0 1.0 0.0 0.0 20.0 0.0
3390.0357867955818 0.0 0.0 0.0 1.0 0.0 0.0 20.0 0.0
3391.0357867955818 0.0 0.0 0.0 1.0 0.0 0.0 20.0 0.0
3392.0219947499572 0.0 0.0 0.0 1.0 0.0 0.0 20.0 0.0
3393.004391223475 0.0 0.0 0.0 1.0 0.0 0.0 20.0 0.0
3394.005108171651 0.0 0.0 0.0 1.0 0.0 0.0 20.0 0.0
3395.0083364800967 0.0 0.0 0.0 1.0 0.0 0.0 20.0 0.0
3396.004807665132 0.0 0.0 0.0 1.0 0.0 0.0 20.0 0.0
3397.0357867955818 0.0 0.0 0.0 1.0 0.0 0.0 20.0 0.0
3398.0357867955818 0.0 0.0 0.0 1.0 0.0 0.0 20.0 0.0
3399.022111140661 0.0 0.0 0.0 1.0 0.0 0.0 20.0 0.0
3400.010093885391 0.0 0.0 0.0 1.0 0.0 0.0 20.0 0.0
3401.0357867955818 0.0 0.0 0.0 1.0 0.0 0.0 20.0 0.0
3402.025374753838 0.0 0.0 0.0 1.0 0.0 0.0 20.0 0.0
3403.0213759179055 0.0 0.0 0.0 1.0 0.0 0.0 20.0 0.0
3404.0191902918295 0.0 0.0 0.0 1.0 0.0 0.0 20.0 0.0
3405.0094625734796 0.0 0.0 0.0 1.0 0.0 0.0 20.0 0.0
3406.0332959227103 0.0 0.0 0.0 1.0 0.0 0.0 20.0 0.0
3407.005471278457 0.0 0.0 0.0 1.0 0.0 0.0 20.0 0.0
3408.0083000095037 0.0 0.0 0.0 1.0 0.0 0.0 20.0 0.0
3409.0007339570448 0.0 0.0 0.0 1.0 0.0 0.0 20.0 0.0
3410.0357867955818 0.0 0.0 0.0 1.0 0.0 0.0 20.0 0.0
3411.0357867955818 0.0 0.0 0.0 1.0 0.0 0.0 20.0 0.0
3412.012961726726 0.0 0.0 0.0 1.0 0.0 0.0 20.0 0.0
3413.0088569125724 0.0 0.0 0.0 1.0 0.0 0.0 20.0 0.0
3414.005455668795 0.0 0.0 0.0 1.0 0.0 0.0 20.0 0.0
3415.026090634384 0.0 0.0 0.0 1.0 0.0 0.0 20.0 0.0
3416.0194495737915 0.0 0.0 0.0 1.0 0.0 0.0 20.0 0.0
3417.010301928877 0.0 0.0 0.0 1.0 0.0 0.0 20.0 0.0
3418.017408629297 0.0 0.0 0.0 1.0 0.0 0.0 20.0 0.0
3419.0122849224454 0.0 0.0 0.0 1.0 0.0 0.0 20.0 0.0
3420.0022000121608 0.0 0.0 0.0 1.0 0.0 0.0 20.0 0.0
3421.032135271423 0.0 0.0 0.0 1.0 0.0 0.0 20.0 0.0
3422.001020943103 0.0 0.0 0.0 1.0 0.0 0.0 20.0 0.0
3423.0357867955818 0.0 0.0 0.0 1.0 0.0 0.0 20.0 0.0
3424.016530541295 0.0 0.0 0.0 1.0 0.0 0.0 20.0 0.0
3425.0294733532264 0.0 0.0 0.0 1.0 0.0 0.0 20.0 0.0
3426.0357867955818 0.0 0.0 0.0 1.0 0.0 0.0 20.0 0.0
3427.0357867955818 0.0 0.0 0.0 1.0 0.0 0.0 20.0 0.0
3428.0215984946167 0.0 0.0 0.0 1.0 0.0 0.0 20.0 0.0
3429.0357867955818 0.0 0.0 0.0 1.0 0.0 0.0 20.0 0.0
3430.020831698806 0.0 0.0 0.0 1.0 0.0 0.0 20.0 0.0
3431.0357867955818 0.0 0.0 0.0 1.0 0.0 0.0 20.0 0.0
3432.0357867955818 0.0 0.0 0.0 1.0 0.0 0.0 20.0 0.0
3433.0085317093913 0.0 0.0 0.0 1.0 0.0 0.0 20.0 0.0
3434.0357867955818 0.0 0.0 0.0 1.0 0.0 0.0 20.0 0.0
3435.0219635490407 0.0 0.0 0.0 1.0 0.0 0.0 20.0 0.0
3436.01342239974 0.0 0.0 0.0 1.0 0.0 0.0 20.0 0.0
3437.0016434980694 0.0 0.0 0.0 1.0 0.0 0.0 20.0 0.0
3438.0357867955818 0.0 0.0 0.0 1.0 0.0 0.0 20.0 0.0
3439.0357867955818 0.0 0.0 0.0 1.0 0.0 0.0 20.0 0.0
3440.0357867955818 0.0 0.0 0.0 1.0 0.0 0.0 20.0 0.0
3441.0357867955818 0.0 0.0 0.0 1.0 0.0 0.0 20.0 0.0
3442.004992113811 0.0 0.0 0.0 1.0 0.0 0.0 20.0 0.0
3443.0357867955818 0.0 0.0 0.0 1.0 0.0 0.0 20.0 0.0
3444.0021832334282 0.0 0.0 0.0 1.0 0.0 0.0 20.0 0.0
3445.0357867955818 0.0 0.0 0.0 1.0 0.0 0.0 20.0 0.0
3446.002446221754 0.0 0.0 0.0 1.0 0.0 0.0 20.0 0.0
3447.024963707331 0.0 0.0 0.0 1.0 0.0 0.0 20.0 0.0
3448.0357867955818 0.0 0.0 0.0 1.0 0.0 0.0 20.0 0.0
3449.0357867955818 0.0 0.0 0.0 1.0 0.0 0.0 20.0 0.0
3450.024377164478 0.0 0.0 0.0 1.0 0.0 0.0 20.0 0.0
3451.0172946810067 0.0 0.0 0.0 1.0 0.0 0.0 20.0 0.0
3452.021720998363 0.0 0.0 0.0 1.0 0.0 0.0 20.0 0.0
3453.004630972753 0.0 0.0 0.0 1.0 0.0 0.0 20.0 0.0
3454.0357867955818 0.0 0.0 0.0 1.0 0.0 0.0 20.0 0.0
3455.0026569052766 0.0 0.0 0.0 1.0 0.0 0.0 20.0 0.0
3456.0119786829314 0.0 0.0 0.0 1.0 0.0 0.0 20.0 0.0
3457.0357867955818 0.0 0.0 0.0 1.0 0.0 0.0 20.0 0.0
3458.0357867955818 0.0 0.0 0.0 1.0 0.0 0.0 20.0 0.0
3459.0343834770124 0.0 0.0 0.0 1.0 0.0 0.0 20.0 0.0
3460.005680403189 0.0 0.0 0.0 1.0 0.0 0.0 20.0 0.0
3461.0357867955818 0.0 0.0 0.0 1.0 0.0 0.0 20.0 0.0
3462.011309172909 0.0 0.0 0.0 1.0 0.0 0.0 20.0 0.0
3463.0051123567932 0.0 0.0 0.0 1.0 0.0 0.0 20.0 0.0
3464.005222942428 0.0 0.0 0.0 1.0 0.0 0.0 20.0 0.0
3465.0051528970785 0.0 0.0 0.0 1.0 0.0 0.0 20.0 0.0
3466.0114613180717 0.0 0.0 0.0 1.0 0.0 0.0 20.0 0.0
3467.025968163702 0.0 0.0 0.0 1.0 0.0 0.0 20.0 0.0
3468.018282559066 0.0 0.0 0.0 1.0 0.0 0.0 20.0 0.0
3469.0050424730525 0.0 0.0 0.0 1.0 0.0 0.0 20.0 0.0
3470.00135852071 0.0 0.0 0.0 1.0 0.0 0.0 20.0 0.0
3471.001431977768 0.0 0.0 0.0 1.0 0.0 0.0 20.0 0.0
3472.0176480539335 0.0 0.0 0.0 1.0 0.0 0.0 20.0 0.0
3473.015823574144 0.0 0.0 0.0 1.0 0.0 0.0 20.0 0.0
3474.0041011586973 0.0 0.0 0.0 1.0 0.0 0.0 20.0 0.0
3475.0019543258836 0.0 0.0 0.0 1.0 0.0 0.0 20.0 0.0
3476.0357867955818 0.0 0.0 0.0 1.0 0.0 0.0 20.0 0.0
3477.0357867955818 0.0 0.0 0.0 1.0 0.0 0.0 20.0 0.0
3478.0202608735185 0.0 0.0 0.0 1.0 0.0 0.0 20.0 0.0
3479.022770523039 0.0 0.0 0.0 1.0 0.0 0.0 20.0 0.0
3480.029584226171 0.0 0.0 0.0 1.0 0.0 0.0 20.0 0.0
3481.010408189809 0.0 0.0 0.0 1.0 0.0 0.0 20.0 0.0
3482.023610886874 0.0 0.0 0.0 1.0 0.0 0.0 20.0 0.0
3483.0357867955818 0.0 0.0 0.0 1.0 0.0 0.0 20.0 0.0
3484.0040801470564 0.0 0.0 0.0 1.0 0.0 0.0 20.0 0.0
3485.0228334116264 0.0 0.0 0.0 1.0 0.0 0.0 20.0 0.0
3486.0087605088515 0.0 0.0 0.0 1.0 0.0 0.0 20.0 0.0
3487.0003436577604 0.0 0.0 0.0 1.0 0.0 0.0 20.0 0.0
3488.022702001679 0.0 0.0 0.0 1.0 0.0 0.0 20.0 0.0
3489.023636664184 0.0 0.0 0.0 1.0 0.0 0.0 20.0 0.0
3490.0357867955818 0.0 0.0 0.0 1.0 0.0 0.0 20.0 0.0
3491.0357867955818 0.0 0.0 0.0 1.0 0.0 0.0 20.0 0.0
3492.0357867955818 0.0 0.0 0.0 1.0 0.0 0.0 20.0 0.0
3493.0087713916287 0.0 0.0 0.0 1.0 0.0 0.0 20.0 0.0
3494.0357867955818 0.0 0.0 0.0 1.0 0.0 0.0 20.0 0.0
3495.0252492550135 0.0 0.0 0.0 1.0 0.0 0.0 20.0 0.0
3496.0357867955818 0.0 0.0 0.0 1.0 0.0 0.0 20.0 0.0
3497.0130993218136 0.0 0.0 0.0 1.0 0.0 0.0 20.0 0.0
3498.0224564770624 0.0 0.0 0.0 1.0 0.0 0.0 20.0 0.0
3499.0011603837825 0.0 0.0 0.0 1.0 0.0 0.0 20.0 0.0
3500.0123804595137 0.0 0.0 0.0 1.0 0.0 0.0 20.0 0.0
3501.016327119614 0.10000000000000002 0.0 0.0 0.9 0.0 1.0 20.0 0.17560975609756097
3502.0041991895405 0.95 0.0 0.0 0.04999999999999999 0.0 1.0 20.05 0.09268292682926829
3503.0357867955818 1.0 0.0 0.0 0.0 0.0 1.0 21.1 0.0
3504.0173220554293 1.0 0.0 0.0 0.0 0.0 1.0 21.975 0.0
3505.0357867955818 1.0 0.0 0.0 0.0 0.0 1.0 22.0 0.0
3506.003216848092 1.0 0.0 0.0 0.0 0.0 1.0 22.0 0.0
3507.0020459012735 1.0 0.0 0.0 0.0 0.0 1.0 22.0 0.0
3508.019993223692 1.0 0.0 0.0 0.0 0.0 1.0 22.0 0.0
3509.0145565035814 1.0 0.0 0.0 0.0 0.0 1.0 22.0 0.0
3510.0145851307875 1.0 0.0 0.0 0.0 0.0 1.0 22.0 0.0
3511.0357867955818 1.0 0.0 0.0 0.0 0.0 1.0 22.0 0.0
3512.015118703378 1.0 0.0 0.0 0.0 0.0 1.0 22.0 0.0
3513.0063897114896 1.0 0.0 0.0 0.0 0.0 1.0 22.0 0.0
3514.0357867955818 1.0 0.0 0.0 0.0 0.0 1.0 22.0 0.0
3515.0357867955818 1.0 0.0 0.0 0.0 0.0 1.0 22.0 0.0
3516.0266959763653 1.0 0.0 0.0 0.0 0.0 1.0 22.0 0.0
3517.0357867955818 1.0 0.0 0.0 0.0 0.0 1.0 22.0 0.0
3518.0357867955818 1.0 0.0 0.0 0.0 0.0 1.0 22.0 0.0
3519.0357867955818 1.0 0.0 0.0 0.0 0.0 1.0 22.0 0.0
3520.0051269733494 1.0 0.0 0.0 0.0 0.0 1.0 22.0 0.0
3521.0343452592624 1.0 0.0 0.0 0.0 0.0 1.0 22.0 0.0
3522.0151273452584 1.0 0.0 0.0 0.0 0.0 1.0 22.0 0.0
3523.0357867955818 1.0 0.0 0.0 0.0 0.0 1.0 22.0 0.0
3524.0357867955818 1.0 0.0 0.0 0.0 0.0 1.0 22.0 0.0
3525.025566344054 1.0 0.0 0.0 0.0 0.0 1.0 22.0 0.0
3526.0357867955818 1.0 0.0 0.0 0.0 0.0 1.0 22.0 0.0
3527.0357867955818 1.0 0.0 0.0 0.0 0.0 1.0 22.0 0.0
3528.030722255858 1.0 0.0 0.0 0.0 0.0 1.0 22.0 0.0
3529.0357867955818 1.0 0.0 0.0 0.0 0.0 1.0 22.0 0.0
3530.0128272767815 1.0 0.0 0.0 0.0 0.0 1.0 22.0 0.0
3531.004492118372 1.0 0.0 0.0 0.0 0.0 1.0 22.0 0.0
3532.0327178280386 1.0 0.0 0.0 0.0 0.0 1.0 22.0 0.0
3533.002804760407 1.0 0.0 0.0 0.0 0.0 1.0 22.0 0.0
3534.0117893141196 1.0 0.0 0.0 0.0 0.0 1.0 22.0 0.0
3535.0084137764306 1.0 0.0 0.0 0.0 0.0 1.0 22.0 0.0
3536.002522867159 1.0 0.0 0.0 0.0 0.0 1.0 22.0 0.0
3537.0357867955818 1.0 0.0 0.0 0.0 0.0 1.0 22.0 0.0
3538.031739165703 1.0 0.0 0.0 0.0 0.0 1.0 22.0 0.0
3539.0258947168254 1.0 0.0 0.0 0.0 0.0 1.0 22.0 0.0
3540.00783308402 1.0 0.0 0.0 0.0 0.0 1.0 22.0 0.0
3541.0254531317273 1.0 0.0 0.0 0.0 0.0 1.0 22.0 0.0
3542.028687664673 1.0 0.0 0.0 0.0 0.0 1.0 22.0 0.0
3543.007875147581 1.0 0.0 0.0 0.0 0.0 1.0 22.0 0.0
3544.0095193488414 1.0 0.0 0.0 0.0 0.0 1.0 22.0 0.0
3545.004837904225 1.0 0.0 0.0 0.0 0.0 1.0 22.0 0.0
3546.0357867955818 1.0 0.0 0.0 0.0 0.0 1.0 22.0 0.0
3547.0357867955818 1.0 0.0 0.0 0.0 0.0 1.0 22.0 0.0
3548.0357867955818 1.0 0.0 0.0 0.0 0.0 1.0 22.0 0.0
3549.0357867955818 1.0 0.0 0.0 0.0 0.0 1.0 22.0 0.0
3550.023148205384 1.0 0.0 0.0 0.0 0.0 1.0 22.0 0.0
3551.0357867955818 1.0 0.0 0.0 0.0 0.0 1.0 22.0 0.0
3552.0357867955818 1.0 0.0 0.0 0.0 0.0 1.0 22.0 0.0
3553.0167122731555 1.0 0.0 0.0 0.0 0.0 1.0 22.0 0.0
3554.020901218414 1.0 0.0 0.0 0.0 0.0 1.0 22.0 0.0
3555.0357867955818 1.0 0.0 0.0 0.0 0.0 1.0 22.0 0.0
3556.0260006956414 1.0 0.0 0.0 0.0 0.0 1.0 22.0 0.0
3557.0357867955818 1.0 0.0 0.0 0.0 0.0 1.0 22.0 0.0
3558.0357867955818 1.0 0.0 0.0 0.0 0.0 1.0 22.0 0.0
3559.017893662478 1.0 0.0 0.0 0.0 0.0 1.0 22.0 0.0
3560.0095848395404 1.0 0.0 0.0 0.0 0.0 1.0 22.0 0.0
3561.0357867955818 1.0 0.0 0.0 0.0 0.0 1.0 22.0 0.0
3562.014664944196 1.0 0.0 0.0 0.0 0.0 1.0 22.0 0.0
3563.014794898611 1.0 0.0 0.0 0.0 0.0 1.0 22.0 0.0
3564.009136203629 1.0 0.0 0.0 0.0 0.0 1.0 22.0 0.0
3565.021351646396 1.0 0.0 0.0 0.0 0.0 1.0 22.0 0.0
3566.017804683381 1.0 0.0 0.0 0.0 0.0 1.0 22.0 0.0
3567.0103029499874 1.0 0.0 0.0 0.0 0.0 1.0 22.0 0.0
3568.0199627539228 1.0 0.0 0.0 0.0 0.0 1.0 22.0 0.0
3569.0357867955818 1.0 0.0 0.0 0.0 0.0 1.0 22.0 0.0
3570.0357867955818 1.0 0.0 0.0 0.0 0.0 1.0 22.0 0.0
3571.0357867955818 1.0 0.0 0.0 0.0 0.0 1.0 22.0 0.0
3572.0357867955818 1.0 0.0 0.0 0.0 0.0 1.0 22.0 0.0
3573.0357867955818 1.0 0.0 0.0 0.0 0.0 1.0 22.0 0.0
3574.0357867955818 1.0 0.0 0.0 0.0 0.0 1.0 22.0 0.0
3575.0209369679574 1.0 0.0 0.0 0.0 0.0 1.0 22.0 0.0
3576.0012476350607 1.0 0.0 0.0 0.0 0.0 1.0 22.0 0.0
3577.0097960891417 1.0 0.0 0.0 0.0 0.0 1.0 22.0 0.0
3578.012057421443 1.0 0.0 0.0 0.0 0.0 1.0 22.0 0.0
3579.001364308456 1.0 0.0 0.0 0.0 0.0 1.0 22.0 0.0
3580.0357867955818 1.0 0.0 0.0 0.0 0.0 1.0 22.0 0.0
3581.010303337011 1.0 0.0 0.0 0.0 0.0 1.0 22.0 0.0
3582.0107283141374 1.0 0.0 0.0 0.0 0.0 1.0 22.0 0.0
3583.0357867955818 1.0 0.0 0.0 0.0 0.0 1.0 22.0 0.0
3584.0141817862414 1.0 0.0 0.0 0.0 0.0 1.0 22.0 0.0
3585.0357867955818 1.0 0.0 0.0 0.0 0.0 1.0 22.0 0.0
3586.009877021674 1.0 0.0 0.0 0.0 0.0 1.0 22.0 0.0
3587.0108576950806 1.0 0.0 0.0 0.0 0.0 1.0 22.0 0.0
3588.0146512477445 1.0 0.0 0.0 0.0 0.0 1.0 22.0 0.0
3589.0121203215945 1.0 0.0 0.0 0.0 0.0 1.0 22.0 0.0
3590.0263679050277 1.0 0.0 0.0 0.0 0.0 1.0 22.0 0.0
3591.0357867955818 1.0 0.0 0.0 0.0 0.0 1.0 22.0 0.0
3592.009922360386 1.0 0.0 0.0 0.0 0.0 1.0 22.0 0.0
3593.033608871739 1.0 0.0 0.0 0.0 0.0 1.0 22.0 0.0
3594.0120475421368 1.0 0.0 0.0 0.0 0.0 1.0 22.0 0.0
3595.0035931100606 1.0 0.0 0.0 0.0 0.0 1.0 22.0 0.0
3596.0020077085655 1.0 0.0 0.0 0.0 0.0 1.0 22.0 0.0
3597.0043887641573 1.0 0.0 0.0 0.0 0.0 1.0 22.0 0.0
3598.018620159904 1.0 0.0 0.0 0.0 0.0 1.0 22.0 0.0
3599.0041992998003 1.0 0.0 0.0 0.0 0.0 1.0 22.0 0.0
3600.0357867955818 1.0 0.0 0.0 0.0 0.0 1.0 22.0 0.0
3601.0357867955818 1.0 0.0 0.0 0.0 0.0 1.0 22.0 0.0
3602.0109484687987 1.0 0.0 0.0 0.0 0.0 1.0 22.0 0.0
3603.0192974152837 1.0 0.0 0.0 0.0 0.0 1.0 22.0 0.0
3604.0357867955818 1.0 0.0 0.0 0.0 0.0 1.0 22.0 0.0
3605.018259808706 1.0 0.0 0.0 0.0 0.0 1.0 22.0 0.0
3606.000506778146 1.0 0.0 0.0 0.0 0.0 1.0 22.0 0.0
3607.0357867955818 1.0 0.0 0.0 0.0 0.0 1.0 22.0 0.0
3608.019407741435 1.0 0.0 0.0 0.0 0.0 1.0 22.0 0.0
3609.0357867955818 1.0 0.0 0.0 0.0 0.0 1.0 22.0 0.0
3610.0245036322544 1.0 0.0 0.0 0.0 0.0 1.0 22.0 0.0
3611.030042668891 1.0 0.0 0.0 0.0 0.0 1.0 22.0 0.0
3612.0357867955818 1.0 0.0 0.0 0.0 0.0 1.0 22.0 0.0
3613.0357867955818 1.0 0.0 0.0 0.0 0.0 1.0 22.0 0.0
3614.0034678488314 1.0 0.0 0.0 0.0 0.0 1.0 22.0 0.0
3615.0357867955818 1.0 0.0 0.0 0.0 0.0 1.0 22.0 0.0
3616.0001820220605 1.0 0.0 0.0 0.0 0.0 1.0 22.0 0.0
3617.01475886195 1.0 0.0 0.0 0.0 0.0 1.0 22.0 0.0
3618.002630642855 1.0 0.0 0.0 0.0 0.0 1.0 22.0 0.0
3619.012300895114 1.0 0.0 0.0 0.0 0.0 1.0 22.0 0.0
3620.002085545905 1.0 0.0 0.0 0.0 0.0 1.0 22.0 0.0
3621.002634526508 1.0 0.0 0.0 0.0 0.0 1.0 22.0 0.0
3622.0352425508804 1.0 0.0 0.0 0.0 0.0 1.0 22.0 0.0
3623.0165041559226 1.0 0.0 0.0 0.0 0.0 1.0 22.0 0.0
3624.000394820929 1.0 0.0 0.0 0.0 0.0 1.0 22.0 0.0
3625.0357867955818 1.0 0.0 0.0 0.0 0.0 1.0 22.0 0.0
3626.0072107344854 1.0 0.0 0.0 0.0 0.0 1.0 22.0 0.0
3627.0355518440947 1.0 0.0 0.0 0.0 0.0 1.0 22.0 0.0
3628.0357867955818 1.0 0.0 0.0 0.0 0.0 1.0 22.0 0.0
3629.0022865589876 1.0 0.0 0.0 0.0 0.0 1.0 22.0 0.0
3630.0357867955818 1.0 0.0 0.0 0.0 0.0 1.0 22.0 0.0
3631.0040953004227 1.0 0.0 0.0 0.0 0.0 1.0 22.0 0.0
3632.0357867955818 1.0 0.0 0.0 0.0 0.0 1.0 22.0 0.0
3633.014727428081 1.0 0.0 0.0 0.0 0.0 1.0 22.0 0.0
3634.0357867955818 1.0 0.0 0.0 0.0 0.0 1.0 22.0 0.0
3635.0357867955818 1.0 0.0 0.0 0.0 0.0 1.0 22.0 0.0
3636.0125935018914 1.0 0.0 0.0 0.0 0.0 1.0 22.0 0.0
3637.0357867955818 1.0 0.0 0.0 0.0 0.0 1.0 22.0 0.0
3638.0085117110702 1.0 0.0 0.0 0.0 0.0 1.0 22.0 0.0
3639.001933079287 1.0 0.0 0.0 0.0 0.0 1.0 22.0 0.0
3640.0005025226847 1.0 0.0 0.0 0.0 0.0 1.0 22.0 0.0
3641.0332414148206 1.0 0.0 0.0 0.0 0.0 1.0 22.0 0.0
3642.0357867955818 1.0 0.0 0.0 0.0 0.0 1.0 22.0 0.0
3643.0290073425153 1.0 0.0 0.0 0.0 0.0 1.0 22.0 0.0
3644.0142020282397 1.0 0.0 0.0 0.0 0.0 1.0 22.0 0.0
3645.0357867955818 1.0 0.0 0.0 0.0 0.0 1.0 22.0 0.0
3646.025679473307 1.0 0.0 0.0 0.0 0.0 1.0 22.0 0.0
3647.0357867955818 1.0 0.0 0.0 0.0 0.0 1.0 22.0 0.0
3648.005417066364 1.0 0.0 0.0 0.0 0.0 1.0 22.0 0.0
3649.0255775695764 1.0 0.0 0.0 0.0 0.0 1.0 22.0 0.0
3650.014837303325 1.0 0.0 0.0 0.0 0.0 1.0 22.0 0.0
3651.01405192944 1.0 0.0 0.0 0.0 0.0 1.0 22.0 0.0
3652.012749310707 1.0 0.0 0.0 0.0 0.0 1.0 22.0 0.0
3653.0357867955818 1.0 0.0 0.0 0.0 0.0 1.0 22.0 0.0
3654.004383096339 1.0 0.0 0.0 0.0 0.0 1.0 22.0 0.0
3655.03318020279 1.0 0.0 0.0 0.0 0.0 1.0 22.0 0.0
3656.034335526541 1.0 0.0 0.0 0.0 0.0 1.0 22.0 0.0
3657.0016834058956 1.0 0.0 0.0 0.0 0.0 1.0 22.0 0.0
3658.009436913635 1.0 0.0 0.0 0.0 0.0 1.0 22.0 0.0
3659.0032791482117 1.0 0.0 0.0 0.0 0.0 1.0 22.0 0.0
3660.0185921428933 1.0 0.0 0.0 0.0 0.0 1.0 22.0 0.0
3661.0078866728836 1.0 0.0 0.0 0.0 0.0 1.0 22.0 0.0
3662.0120588996133 1.0 0.0 0.0 0.0 0.0 1.0 22.0 0.0
3663.0064830363335 1.0 0.0 0.0 0.0 0.0 1.0 22.0 0.0
3664.0046445623157 1.0 0.0 0.0 0.0 0.0 1.0 22.0 0.0
3665.0357867955818 1.0 0.0 0.0 0.0 0.0 1.0 22.0 0.0
3666.001224264636 1.0 0.0 0.0 0.0 0.0 1.0 22.0 0.0
3667.0357867955818 1.0 0.0 0.0 0.0 0.0 1.0 22.0 0.0
3668.0357867955818 1.0 0.0 0.0 0.0 0.0 1.0 22.0 0.0
3669.0357867955818 1.0 0.0 0.0 0.0 0.0 1.0 22.0 0.0
3670.011594034789 1.0 0.0 0.0 0.0 0.0 1.0 22.0 0.0
3671.0021427212146 1.0 0.0 0.0 0.0 0.0 1.0 22.0 0.0
3672.0357867955818 1.0 0.0 0.0 0.0 0.0 1.0 22.0 0.0
3673.013205917483 1.0 0.0 0.0 0.0 0.0 1.0 22.0 0.0
3674.004187692734 1.0 0.0 0.0 0.0 0.0 1.0 22.0 0.0
3675.0075361077193 1.0 0.0 0.0 0.0 0.0 1.0 22.0 0.0
3676.0281725020773 1.0 0.0 0.0 0.0 0.0 1.0 22.0 0.0
3677.0269944739875 1.0 0.0 0.0 0.0 0.0 1.0 22.0 0.0
3678.02383286292 1.0 0.0 0.0 0.0 0.0 1.0 22.0 0.0
3679.034379245389 1.0 0.0 0.0 0.0 0.0 1.0 22.0 0.0
3680.006463763616 1.0 0.0 0.0 0.0 0.0 1.0 22.0 0.0
3681.008535020225 1.0 0.0 0.0 0.0 0.0 1.0 22.0 0.0
3682.0357867955818 1.0 0.0 0.0 0.0 0.0 1.0 22.0 0.0
3683.0357867955818 1.0 0.0 0.0 0.0 0.0 1.0 22.0 0.0
3684.0357867955818 1.0 0.0 0.0 0.0 0.0 1.0 22.0 0.0
3685.0059254069065 1.0 0.0 0.0 0.0 0.0 1.0 22.0 0.0
3686.013014278459 1.0 0.0 0.0 0.0 0.0 1.0 22.0 0.0
3687.0101116894675 1.0 0.0 0.0 0.0 0.0 1.0 22.0 0.0
3688.0039647454137 0.975 0.0 0.024999999999999994 0.0 0.0 1.0 22.0 0.0475609756097561
3689.0135082030233 0.5 0.0 0.5 0.0 0.0 1.0 22.0 0.4878048780487805
3690.023669506088 0.024999999999999994 0.0 0.975 0.0 0.0 1.0 22.5 0.0475609756097561
3691.0045482567098 0.0 0.0 1.0 0.0 0.0 1.0 23.525 0.0
3692.0271762699276 0.0 0.0 1.0 0.0 0.0 1.0 23.975 0.0
3693.0179077560433 0.0 0.0 1.0 0.0 0.0 1.0 24.0 0.0
3694.0357867955818 0.0 0.0 1.0 0.0 0.0 1.0 24.0 0.0
3695.0357867955818 0.0 0.0 1.0 0.0 0.0 1.0 24.0 0.0
3696.031732478951 0.0 0.0 1.0 0.0 0.0 1.0 24.0 0.0
3697.007987907308 0.0 0.0 1.0 0.0 0.0 1.0 24.0 0.0
3698.020965022502 0.0 0.0 1.0 0.0 0.0 1.0 24.0 0.0
3699.0042945108025 0.0 0.0 1.0 0.0 0.0 1.0 24.0 0.0
3700.0357867955818 0.0 0.0 1.0 0.0 0.0 1.0 24.0 0.0
3701.0357867955818 0.0 0.0 1.0 0.0 0.0 1.0 24.0 0.0
3702.0357867955818 0.0 0.0 1.0 0.0 0.0 1.0 24.0 0.0
3703.0227451816113 0.0 0.0 1.0 0.0 0.0 1.0 24.0 0.0
3704.0163934294146 0.0 0.0 1.0 0.0 0.0 1.0 24.0 0.0
3705.0357867955818 0.0 0.0 1.0 0.0 0.0 1.0 24.0 0.0
3706.0357867955818 0.0 0.0 1.0 0.0 0.0 1.0 24.0 0.0
3707.0357867955818 0.0 0.0 1.0 0.0 0.0 1.0 24.0 0.0
3708.0357867955818 0.0 0.0 1.0 0.0 0.0 1.0 24.0 0.0
3709.0357867955818 0.0 0.0 1.0 0.0 0.0 1.0 24.0 0.0
3710.033962998704 0.0 0.0 1.0 0.0 0.0 1.0 24.0 0.0
3711.0133869000524 0.0 0.0 1.0 0.0 0.0 1.0 24.0 0.0
3712.001816413035 0.0 0.0 1.0 0.0 0.0 1.0 24.0 0.0
3713.0035011178466 0.0 0.0 1.0 0.0 0.0 1.0 24.0 0.0
3714.0032519518295 0.0 0.0 1.0 0.0 0.0 1.0 24.0 0.0
3715.0261839169925 0.0 0.0 1.0 0.0 0.0 1.0 24.0 0.0
3716.017360755624 0.0 0.0 1.0 0.0 0.0 1.0 24.0 0.0
3717.0357867955818 0.0 0.0 1.0 0.0 0.0 1.0 24.0 0.0
3718.0136214931636 0.0 0.0 1.0 0.0 0.0 1.0 24.0 0.0
3719.0008510959055 0.0 0.0 1.0 0.0 0.0 1.0 24.0 0.0
3720.0191669190813 0.0 0.0 1.0 0.0 0.0 1.0 24.0 0.0
3721.00281953017 0.0 0.0 1.0 0.0 0.0 1.0 24.0 0.0
3722.0357867955818 0.0 0.0 1.0 0.0 0.0 1.0 24.0 0.0
3723.0357867955818 0.0 0.0 1.0 0.0 0.0 1.0 24.0 0.0
3724.0357867955818 0.0 0.0 1.0 0.0 0.0 1.0 24.0 0.0
3725.0030840627396 0.0 0.0 1.0 0.0 0.0 1.0 24.0 0.0
3726.0357867955818 0.0 0.0 1.0 0.0 0.0 1.0 24.0 0.0
3727.020229480741 0.0 0.0 1.0 0.0 0.0 1.0 24.0 0.0
3728.008724405744 0.0 0.0 1.0 0.0 0.0 1.0 24.0 0.0
3729.005570126788 0.0 0.0 1.0 0.0 0.0 1.0 24.0 0.0
3730.016118410881 0.0 0.0 1.0 0.0 0.0 1.0 24.0 0.0
3731.0283311157987 0.0 0.0 1.0 0.0 0.0 1.0 24.0 0.0
3732.011059779848 0.0 0.0 1.0 0.0 0.0 1.0 24.0 0.0
3733.0082036969957 0.0 0.0 1.0 0.0 0.0 1.0 24.0 0.0
3734.018185366304 0.0 0.0 1.0 0.0 0.0 1.0 24.0 0.0
3735.0357867955818 0.0 0.0 1.0 0.0 0.0 1.0 24.0 0.0
3736.0158629473462 0.0 0.0 1.0 0.0 0.0 1.0 24.0 0.0
3737.0357867955818 0.0 0.0 1.0 0.0 0.0 1.0 24.0 0.0
3738.024822963408 0.0 0.0 1.0 0.0 0.0 1.0 24.0 0.0
3739.0332395386886 0.0 0.0 1.0 0.0 0.0 1.0 24.0 0.0
3740.0014475245866 0.0 0.0 1.0 0.0 0.0 1.0 24.0 0.0
3741.0178525920287 0.0 0.0 1.0 0.0 0.0 1.0 24.0 0.0
3742.0008621567335 0.0 0.0 1.0 0.0 0.0 1.0 24.0 0.0
3743.010999893905 0.0 0.0 1.0 0.0 0.0 1.0 24.0 0.0
3744.008483209679 0.0 0.0 1.0 0.0 0.0 1.0 24.0 0.0
3745.0357867955818 0.0 0.0 1.0 0.0 0.0 1.0 24.0 0.0
3746.004209788301 0.0 0.0 1.0 0.0 0.0 1.0 24.0 0.0
3747.0083669435403 0.0 0.0 1.0 0.0 0.0 1.0 24.0 0.0
3748.0072550736854 0.0 0.0 1.0 0.0 0.0 1.0 24.0 0.0
3749.0146477498215 0.0 0.0 1.0 0.0 0.0 1.0 24.0 0.0
3750.0010206563325 0.0 0.0 1.0 0.0 0.0 1.0 24.0 0.0
3751.0039802491533 0.0 0.0 1.0 0.0 0.0 1.0 24.0 0.0
3752.011880165858 0.0 0.0 1.0 0.0 0.0 1.0 24.0 0.0
3753.0165388184564 0.0 0.0 1.0 0.0 0.0 1.0 24.0 0.0
3754.03228908375 0.0 0.0 1.0 0.0 0.0 1.0 24.0 0.0
3755.018096903171 0.0 0.0 1.0 0.0 0.0 1.0 24.0 0.0
3756.0096902713826 0.0 0.0 1.0 0.0 0.0 1.0 24.0 0.0
3757.0357867955818 0.0 0.0 1.0 0.0 0.0 1.0 24.0 0.0
3758.0232036693906 0.0 0.0 1.0 0.0 0.0 1.0 24.0 0.0
3759.016645005019 0.0 0.0 1.0 0.0 0.0 1.0 24.0 0.0
3760.014470908836 0.0 0.0 1.0 0.0 0.0 1.0 24.0 0.0
3761.017771715232 0.0 0.0 1.0 0.0 0.0 1.0 24.0 0.0
3762.006591578398 0.0 0.0 1.0 0.0 0.0 1.0 24.0 0.0
3763.004624558697 0.0 0.0 1.0 0.0 0.0 1.0 24.0 0.0
3764.001907974523 0.0 0.0 1.0 0.0 0.0 1.0 24.0 0.0
3765.0063719815107 0.0 0.0 1.0 0.0 0.0 1.0 24.0 0.0
3766.01876495624 0.0 0.0 1.0 0.0 0.0 1.0 24.0 0.0
3767.030163801957 0.0 0.0 1.0 0.0 0.0 1.0 24.0 0.0
3768.0173571046303 0.0 0.0 1.0 0.0 0.0 1.0 24.0 0.0
3769.014960970799 0.0 0.0 1.0 0.0 0.0 1.0 24.0 0.0
3770.0357867955818 0.0 0.0 1.0 0.0 0.0 1.0 24.0 0.0
3771.0357867955818 0.0 0.0 1.0 0.0 0.0 1.0 24.0 0.0
3772.0105344307553 0.0 0.0 0.975 0.02499999999999999 0.0 0.0 24.0 0.0475609756097561
3773.0261361213534 0.0 0.0 0.024999999999999994 0.975 0.0 0.0 24.0 0.0475609756097561
3774.0357867955818 0.0 0.0 0.0 1.0 0.0 0.0 24.875 0.0
3775.004088731023 0.0 0.0 0.0 1.0 0.0 0.0 25.75 0.0
3776.0013662936176 0.0 0.0 0.0 1.0 0.0 0.0 26.0 0.0
3777.0220447394204 0.0 0.0 0.0 1.0 0.0 0.0 26.0 0.0
3778.0050124355225 0.0 0.0 0.0 1.0 0.0 0.0 26.0 0.0
3779.0032781782274 0.0 0.0 0.0 1.0 0.0 0.0 26.0 0.0
3780.0357867955818 0.0 0.0 0.0 1.0 0.0 0.0 26.0 0.0
3781.0103591844245 0.0 0.0 0.0 1.0 0.0 0.0 26.0 0.0
3782.033590886346 0.0 0.0 0.0 1.0 0.0 0.0 26.0 0.0
3783.008628680803 0.0 0.0 0.0 1.0 0.0 0.0 26.0 0.0
3784.009619322937 0.0 0.0 0.0 1.0 0.0 0.0 26.0 0.0
3785.0348341818585 0.0 0.0 0.0 1.0 0.0 0.0 26.0 0.0
3786.006213139422 0.0 0.0 0.0 1.0 0.0 0.0 26.0 0.0
3787.011297231716 0.0 0.0 0.0 1.0 0.0 0.0 26.0 0.0
3788.018582623496 0.0 0.0 0.0 1.0 0.0 0.0 26.0 0.0
3789.00474262861 0.0 0.0 0.0 1.0 0.0 0.0 26.0 0.0
3790.0085789162054 0.0 0.0 0.0 1.0 0.0 0.0 26.0 0.0
3791.0045159751758 0.0 0.0 0.0 1.0 0.0 0.0 26.0 0.0
3792.0201753071724 0.0 0.0 0.0 1.0 0.0 0.0 26.0 0.0
3793.032205984186 0.0 0.0 0.0 1.0 0.0 0.0 26.0 0.0
3794.011451215561 0.0 0.0 0.0 1.0 0.0 0.0 26.0 0.0
3795.0161712934896 0.0 0.0 0.0 1.0 0.0 0.0 26.0 0.0
3796.0168834951614 0.0 0.0 0.0 1.0 0.0 0.0 26.0 0.0
3797.012937007063 0.0 0.0 0.0 1.0 0.0 0.0 26.0 0.0
3798.0357867955818 0.0 0.0 0.0 1.0 0.0 0.0 26.0 0.0
3799.0130614163068 0.0 0.0 0.0 1.0 0.0 0.0 26.0 0.0
3800.007649293748 0.0 0.0 0.0 1.0 0.0 0.0 26.0 0.0
3801.033327418244 0.0 0.0 0.0 1.0 0.0 0.0 26.0 0.0
3802.0357867955818 0.0 0.0 0.0 1.0 0.0 0.0 26.0 0.0
3803.006723848926 0.0 0.0 0.0 1.0 0.0 0.0 26.0 0.0
3804.0086504401947 0.0 0.0 0.0 1.0 0.0 0.0 26.0 0.0
3805.001108807884 0.0 0.0 0.0 1.0 0.0 0.0 26.0 0.0
3806.0317961990545 0.0 0.0 0.0 1.0 0.0 0.0 26.0 0.0
3807.005758954443 0.0 0.0 0.0 1.0 0.0 0.0 26.0 0.0
3808.0357867955818 0.0 0.0 0.0 1.0 0.0 0.0 26.0 0.0
3809.001822421198 0.0 0.0 0.0 1.0 0.0 0.0 26.0 0.0
3810.004070252866 0.0 0.0 0.0 1.0 0.0 0.0 26.0 0.0
3811.0262503292515 0.0 0.0 0.0 1.0 0.0 0.0 26.0 0.0
3812.0357867955818 0.0 0.0 0.0 1.0 0.0 0.0 26.0 0.0
3813.0212768255424 0.0 0.0 0.0 1.0 0.0 0.0 26.0 0.0
3814.02224323973 0.0 0.0 0.0 1.0 0.0 0.0 26.0 0.0
3815.005490930261 0.0 0.0 0.0 1.0 0.0 0.0 26.0 0.0
3816.0357867955818 0.0 0.0 0.0 1.0 0.0 0.0 26.0 0.0
3817.0357867955818 0.0 0.0 0.0 1.0 0.0 0.0 26.0 0.0
3818.0043904687896 0.0 0.0 0.0 1.0 0.0 0.0 26.0 0.0
3819.002817100251 0.0 0.0 0.0 1.0 0.0 0.0 26.0 0.0
3820.005518335357 0.0 0.0 0.0 1.0 0.0 0.0 26.0 0.0
3821.0095267041975 0.0 0.0 0.0 1.0 0.0 0.0 26.0 0.0
3822.015982764196 0.0 0.0 0.0 1.0 0.0 0.0 26.0 0.0
3823.0357867955818 0.0 0.0 0.0 1.0 0.0 0.0 26.0 0.0
3824.0357867955818 0.0 0.0 0.0 1.0 0.0 0.0 26.0 0.0
3825.0074098295877 0.0 0.0 0.0 1.0 0.0 0.0 26.0 0.0
3826.0357867955818 0.0 0.0 0.0 1.0 0.0 0.0 26.0 0.0
3827.0357867955818 0.0 0.0 0.0 1.0 0.0 0.0 26.0 0.0
3828.0009487405646 0.0 0.0 0.0 1.0 0.0 0.0 26.0 0.0
3829.0071218582357 0.0 0.0 0.0 1.0 0.0 0.0 26.0 0.0
3830.0357867955818 0.0 0.0 0.0 1.0 0.0 0.0 26.0 0.0
3831.035338759133 0.0 0.0 0.0 1.0 0.0 0.0 26.0 0.0
3832.007378656264 0.0 0.0 0.0 1.0 0.0 0.0 26.0 0.0
3833.009000365938 0.0 0.0 0.0 1.0 0.0 0.0 26.0 0.0
3834.034499432174 0.0 0.0 0.0 1.0 0.0 0.0 26.0 0.0
3835.013843579171 0.0 0.0 0.0 1.0 0.0 0.0 26.0 0.0
3836.0357867955818 0.0 0.0 0.0 1.0 0.0 0.0 26.0 0.0
3837.005443341531 0.0 0.0 0.0 1.0 0.0 0.0 26.0 0.0
3838.0357867955818 0.0 0.0 0.0 1.0 0.0 0.0 26.0 0.0
3839.0116657637536 0.0 0.0 0.0 1.0 0.0 0.0 26.0 0.0
3840.0357867955818 0.0 0.0 0.0 1.0 0.0 0.0 26.0 0.0
3841.027207589768 0.0 0.0 0.0 1.0 0.0 0.0 26.0 0.0
3842.0027782502875 0.0 0.0 0.0 1.0 0.0 0.0 26.0 0.0
3843.0330704642347 0.0 0.0 0.0 1.0 0.0 0.0 26.0 0.0
3844.0357867955818 0.0 0.0 0.0 1.0 0.0 0.0 26.0 0.0
3845.022425717978 0.0 0.0 0.0 1.0 0.0 0.0 26.0 0.0
3846.0357867955818 0.0 0.0 0.0 1.0 0.0 0.0 26.0 0.0
3847.035723175681 0.0 0.0 0.0 1.0 0.0 0.0 26.0 0.0
3848.0101008160077 0.0 0.0 0.0 1.0 0.0 0.0 26.0 0.0
3849.0357867955818 0.0 0.0 0.0 1.0 0.0 0.0 26.0 0.0
3850.0205576449466 0.0 0.0 0.0 1.0 0.0 0.0 26.0 0.0
3851.012064738122 0.0 0.0 0.0 1.0 0.0 0.0 26.0 0.0
3852.0321133825105 0.0 0.0 0.0 1.0 0.0 0.0 26.0 0.0
3853.0163595359927 0.0 0.0 0.0 1.0 0.0 0.0 26.0 0.0
3854.0357867955818 0.0 0.0 0.0 1.0 0.0 0.0 26.0 0.0
3855.0276062618386 0.0 0.0 0.0 1.0 0.0 0.0 26.0 0.0
3856.0357867955818 0.0 0.0 0.0 1.0 0.0 0.0 26.0 0.0
3857.00445639069 0.0 0.0 0.0 1.0 0.0 0.0 26.0 0.0
3858.0357867955818 0.0 0.0 0.0 1.0 0.0 0.0 26.0 0.0
3859.035370282382 0.0 0.0 0.0 1.0 0.0 0.0 26.0 0.0
3860.0357867955818 0.0 0.0 0.0 1.0 0.0 0.0 26.0 0.0
3861.0357867955818 0.0 0.0 0.0 1.0 0.0 0.0 26.0 0.0
3862.024494429783 0.0 0.0 0.0 1.0 0.0 0.0 26.0 0.0
3863.031892670854 0.0 0.0 0.0 1.0 0.0 0.0 26.0 0.0
3864.0080680963047 0.0 0.0 0.0 1.0 0.0 0.0 26.0 0.0
3865.0291152354316 0.0 0.0 0.0 1.0 0.0 0.0 26.0 0.0
3866.0164857295963 0.0 0.0 0.0 1.0 0.0 0.0 26.0 0.0
3867.0224175589983 0.0 0.0 0.0 1.0 0.0 0.0 26.0 0.0
3868.0197406848038 0.0 0.0 0.0 1.0 0.0 0.0 26.0 0.0
3869.010380479908 0.0 0.0 0.0 1.0 0.0 0.0 26.0 0.0
3870.0193230836358 0.0 0.0 0.0 1.0 0.0 0.0 26.0 0.0
3871.0039606603013 0.0 0.0 0.0 1.0 0.0 0.0 26.0 0.0
3872.024939067902 0.0 0.0 0.0 1.0 0.0 0.0 26.0 0.0
3873.0357867955818 0.0 0.0 0.0 1.0 0.0 0.0 26.0 0.0
3874.030284159205 0.0 0.0 0.0 1.0 0.0 0.0 26.0 0.0
3875.0214163365968 0.0 0.0 0.0 1.0 0.0 0.0 26.0 0.0
3876.018968585891 0.0 0.0 0.0 1.0 0.0 0.0 26.0 0.0
3877.0121006250997 0.0 0.0 0.0 1.0 0.0 0.0 26.0 0.0
3878.0087530655214 0.0 0.0 0.0 1.0 0.0 0.0 26.0 0.0
3879.0285428832585 0.0 0.0 0.0 1.0 0.0 0.0 26.0 0.0
3880.0031476466156 0.0 0.0 0.0 1.0 0.0 0.0 26.0 0.0
3881.0304882166024 0.0 0.0 0.0 1.0 0.0 0.0 26.0 0.0
3882.0062107992435 0.0 0.0 0.0 1.0 0.0 0.0 26.0 0.0
3883.0357867955818 0.0 0.0 0.0 1.0 0.0 0.0 26.0 0.0
3884.0357867955818 0.0 0.0 0.0 1.0 0.0 0.0 26.0 0.0
3885.006561676651 0.0 0.0 0.0 1.0 0.0 0.0 26.0 0.0
3886.020469247499 0.0 0.0 0.0 1.0 0.0 0.0 26.0 0.0
3887.0357867955818 0.0 0.0 0.0 1.0 0.0 0.0 26.0 0.0
3888.0343259325687 0.0 0.0 0.0 1.0 0.0 0.0 26.0 0.0
3889.0141813880523 0.0 0.0 0.0 1.0 0.0 0.0 26.0 0.0
3890.0357867955818 0.0 0.0 0.0 1.0 0.0 0.0 26.0 0.0
3891.0184315865586 0.0 0.0 0.0 1.0 0.0 0.0 26.0 0.0
3892.0175061616665 0.0 0.0 0.0 1.0 0.0 0.0 26.0 0.0
3893.0329875176844 0.0 0.0 0.0 1.0 0.0 0.0 26.0 0.0
3894.024332310625 0.0 0.0 0.0 1.0 0.0 0.0 26.0 0.0
3895.017559640201 0.0 0.0 0.0 1.0 0.0 0.0 26.0 0.0
3896.0114340097266 0.0 0.0 0.0 1.0 0.0 0.0 26.0 0.0
3897.0198957366783 0.0 0.0 0.0 1.0 0.0 0.0 26.0 0.0
3898.0357867955818 0.0 0.0 0.0 1.0 0.0 0.0 26.0 0.0
3899.010296854087 0.0 0.0 0.0 1.0 0.0 0.0 26.0 0.0
3900.032164661043 0.0 0.0 0.0 1.0 0.0 0.0 26.0 0.0
3901.0248384478955 0.0 0.0 0.0 1.0 0.0 0.0 26.0 0.0
3902.000390271369 0.0 0.0 0.0 1.0 0.0 0.0 26.0 0.0
3903.0357867955818 0.0 0.0 0.0 1.0 0.0 0.0 26.0 0.0
3904.017432294003 0.0 0.0 0.0 1.0 0.0 0.0 26.0 0.0
3905.0046207296155 0.0 0.0 0.0 1.0 0.0 0.0 26.0 0.0
3906.003046392874 0.0 0.0 0.0 1.0 0.0 0.0 26.0 0.0
3907.00243100244 0.0 0.0 0.0 1.0 0.0 0.0 26.0 0.0
3908.0028087891565 0.0 0.0 0.0 1.0 0.0 0.0 26.0 0.0
3909.005408684436 0.0 0.0 0.0 1.0 0.0 0.0 26.0 0.0
3910.012456448665 0.0 0.0 0.0 1.0 0.0 0.0 26.0 0.0
3911.0357867955818 0.0 0.0 0.0 1.0 0.0 0.0 26.0 0.0
3912.03202558754 0.0 0.0 0.0 1.0 0.0 0.0 26.0 0.0
3913.0051173204197 0.0 0.0 0.0 1.0 0.0 0.0 26.0 0.0
3914.0276656852993 0.0 0.0 0.0 1.0 0.0 0.0 26.0 0.0
3915.0357867955818 0.0 0.0 0.0 1.0 0.0 0.0 26.0 0.0
3916.004691195525 0.0 0.0 0.0 1.0 0.0 0.0 26.0 0.0
3917.0357867955818 0.0 0.0 0.0 1.0 0.0 0.0 26.0 0.0
3918.0219976574876 0.0 0.0 0.0 1.0 0.0 0.0 26.0 0.0
3919.0357867955818 0.0 0.0 0.0 1.0 0.0 0.0 26.0 0.0
3920.033942680743 0.0 0.0 0.0 1.0 0.0 0.0 26.0 0.0
3921.006999263565 0.0 0.0 0.0 1.0 0.0 0.0 26.0 0.0
3922.0357867955818 0.0 0.0 0.0 1.0 0.0 0.0 26.0 0.0
3923.0040867999364 0.0 0.0 0.0 1.0 0.0 0.0 26.0 0.0
3924.005101390534 0.0 0.0 0.0 1.0 0.0 0.0 26.0 0.0
3925.0357867955818 0.0 0.0 0.0 1.0 0.0 0.0 26.0 0.0
3926.002574297324 0.0 0.0 0.0 1.0 0.0 0.0 26.0 0.0
3927.010197449976 0.0 0.0 0.0 1.0 0.0 0.0 26.0 0.0
3928.007298381232 0.0 0.0 0.0 1.0 0.0 0.0 26.0 0.0
3929.0357867955818 0.0 0.0 0.0 1.0 0.0 0.0 26.0 0.0
3930.034882348967 0.0 0.0 0.0 1.0 0.0 0.0 26.0 0.0
3931.0357867955818 0.0 0.0 0.0 1.0 0.0 0.0 26.0 0.0
3932.0357867955818 0.0 0.0 0.0 1.0 0.0 0.0 26.0 0.0
3933.012399855107 0.0 0.0 0.0 1.0 0.0 0.0 26.0 0.0
3934.000143771528 0.0 0.0 0.0 1.0 0.0 0.0 26.0 0.0
3935.0060988919104 0.0 0.0 0.0 1.0 0.0 0.0 26.0 0.0
3936.0357867955818 0.0 0.0 0.0 1.0 0.0 0.0 26.0 0.0
3937.00743907258 0.0 0.0 0.0 1.0 0.0 0.0 26.0 0.0
3938.026861154295 0.0 0.0 0.0 1.0 0.0 0.0 26.0 0.0
3939.0357867955818 0.0 0.0 0.0 1.0 0.0 0.0 26.0 0.0
3940.0217423000486 0.0 0.0 0.0 1.0 0.0 0.0 26.0 0.0
3941.0080756450825 0.0 0.0 0.0 1.0 0.0 0.0 26.0 0.0
3942.010398832652 0.0 0.0 0.0 1.0 0.0 0.0 26.0 0.0
3943.035583064578 0.0 0.0 0.0 1.0 0.0 0.0 26.0 0.0
3944.0189094958955 0.0 0.0 0.0 1.0 0.0 0.0 26.0 0.0
3945.0357867955818 0.0 0.0 0.0 1.0 0.0 0.0 26.0 0.0
3946.0051574969953 0.0 0.0 0.0 1.0 0.0 0.0 26.0 0.0
3947.0357867955818 0.0 0.0 0.0 1.0 0.0 0.0 26.0 0.0
3948.0357867955818 0.0 0.0 0.0 1.0 0.0 0.0 26.0 0.0
3949.0357867955818 0.0 0.0 0.0 1.0 0.0 0.0 26.0 0.0
3950.007588595934 0.0 0.0 0.0 1.0 0.0 0.0 26.0 0.0
3951.016487146506 0.0 0.0 0.0 1.0 0.0 0.0 26.0 0.0
3952.0261400205904 0.0 0.0 0.0 1.0 0.0 0.0 26.0 0.0
3953.0357867955818 0.0 0.0 0.0 1.0 0.0 0.0 26.0 0.0
3954.0005791980284 0.0 0.0 0.0 1.0 0.0 0.0 26.0 0.0
3955.0357867955818 0.0 0.0 0.0 1.0 0.0 0.0 26.0 0.0
3956.0208164373844 0.0 0.0 0.0 1.0 0.0 0.0 26.0 0.0
3957.0357867955818 0.0 0.0 0.0 1.0 0.0 0.0 26.0 0.0
3958.0014387198908 0.0 0.0 0.0 1.0 0.0 0.0 26.0 0.0
3959.032366434605 0.0 0.0 0.0 1.0 0.0 0.0 26.0 0.0
3960.027118376323 0.0 0.0 0.0 1.0 0.0 0.0 26.0 0.0
3961.006891214452 0.0 0.0 0.0 1.0 0.0 0.0 26.0 0.0
3962.0357867955818 0.0 0.0 0.0 1.0 0.0 0.0 26.0 0.0
3963.0263714391576 0.0 0.0 0.0 1.0 0.0 0.0 26.0 0.0
3964.0072395987804 0.0 0.0 0.0 1.0 0.0 0.0 26.0 0.0
3965.0100832677936 0.0 0.0 0.0 1.0 0.0 0.0 26.0 0.0
3966.0260020501223 0.0 0.0 0.0 1.0 0.0 0.0 26.0 0.0
3967.005920272011 0.0 0.0 0.0 1.0 0.0 0.0 26.0 0.0
3968.0357867955818 0.0 0.0 0.0 1.0 0.0 0.0 26.0 0.0
3969.0357867955818 0.0 0.0 0.0 1.0 0.0 0.0 26.0 0.0
3970.0314025172192 0.0 0.0 0.0 1.0 0.0 0.0 26.0 0.0
3971.018931977839 0.0 0.0 0.0 1.0 0.0 0.0 26.0 0.0
3972.0030759799265 0.0 0.0 0.0 1.0 0.0 0.0 26.0 0.0
3973.0357867955818 0.0 0.0 0.0 1.0 0.0 0.0 26.0 0.0
3974.008258505137 0.0 0.0 0.0 1.0 0.0 0.0 26.0 0.0
3975.0357867955818 0.0 0.0 0.0 1.0 0.0 0.0 26.0 0.0
3976.0357867955818 0.0 0.0 0.0 1.0 0.0 0.0 26.0 0.0
3977.0012955028733 0.0 0.0 0.0 1.0 0.0 0.0 26.0 0.0
3978.017964858398 0.0 0.0 0.0 1.0 0.0 0.0 26.0 0.0
3979.0047587865415 0.0 0.0 0.0 1.0 0.0 0.0 26.0 0.0
3980.0172284484256 0.0 0.0 0.0 1.0 0.0 0.0 26.0 0.0
3981.0048439799716 0.0 0.0 0.0 1.0 0.0 0.0 26.0 0.0
3982.0006411080876 0.0 0.0 0.0 1.0 0.0 0.0 26.0 0.0
3983.0189345256335 0.0 0.0 0.0 1.0 0.0 0.0 26.0 0.0
3984.0357867955818 0.0 0.0 0.0 1.0 0.0 0.0 26.0 0.0
3985.0357867955818 0.0 0.0 0.0 1.0 0.0 0.0 26.0 0.0
3986.017950785201 0.0 0.0 0.0 1.0 0.0 0.0 26.0 0.0
3987.0029206517015 0.0 0.0 0.0 1.0 0.0 0.0 26.0 0.0
3988.0357867955818 0.0 0.0 0.0 1.0 0.0 0.0 26.0 0.0
3989.0357867955818 0.0 0.0 0.0 1.0 0.0 0.0 26.0 0.0
3990.035743681617 0.0 0.0 0.0 1.0 0.0 0.0 26.0 0.0
3991.0035999796964 0.0 0.0 0.0 1.0 0.0 0.0 26.0 0.0
3992.0357867955818 0.0 0.0 0.0 1.0 0.0 0.0 26.0 0.0
3993.0170298525563 0.0 0.0 0.0 1.0 0.0 0.0 26.0 0.0
3994.0357867955818 0.0 0.0 0.0 1.0 0.0 0.0 26.0 0.0
3995.000181963739 0.0 0.0 0.0 1.0 0.0 0.0 26.0 0.0
3996.0357867955818 0.0 0.0 0.0 1.0 0.0 0.0 26.0 0.0
3997.0113596204037 0.0 0.0 0.0 1.0 0.0 0.0 26.0 0.0
3998.003829201917 0.0 0.0 0.0 1.0 0.0 0.0 26.0 0.0
3999.0357867955818 0.0 0.0 0.0 1.0 0.0 0.0 26.0 0.0
4000.0357867955818 0.0 0.0 0.0 1.0 0.0 0.0 26.0 0.0
4001.010449176645 0.0 0.0 0.0 1.0 0.0 0.0 26.0 0.0
4002.0247025548556 0.0 0.0 0.0 1.0 0.0 0.0 26.0 0.0
4003.0357867955818 0.0 0.0 0.0 1.0 0.0 0.0 26.0 0.0
4004.0357867955818 0.0 0.0 0.0 1.0 0.0 0.0 26.0 0.0
4005.031368651401 0.0 0.0 0.0 1.0 0.0 0.0 26.0 0.0
4006.013335260079 0.0 0.0 0.0 1.0 0.0 0.0 26.0 0.0
4007.0357867955818 0.0 0.0 0.0 1.0 0.0 0.0 26.0 0.0
4008.0357867955818 0.0 0.0 0.0 1.0 0.0 0.0 26.0 0.0
4009.008695037285 0.0 0.0 0.0 1.0 0.0 0.0 26.0 0.0
4010.0357867955818 0.0 0.0 0.0 1.0 0.0 0.0 26.0 0.0
4011.004023828526 0.0 0.0 0.0 1.0 0.0 0.0 26.0 0.0
4012.003023522948 0.0 0.0 0.0 1.0 0.0 0.0 26.0 0.0
4013.0076675061446 0.0 0.0 0.0 1.0 0.0 0.0 26.0 0.0
4014.0028200418624 0.0 0.0 0.0 1.0 0.0 0.0 26.0 0.0
4015.00643025484 0.0 0.0 0.0 1.0 0.0 0.0 26.0 0.0
4016.0041290684735 0.0 0.0 0.0 1.0 0.0 0.0 26.0 0.0
4017.018408889554 0.0 0.0 0.0 1.0 0.0 0.0 26.0 0.0
4018.0134731440985 0.0 0.0 0.0 1.0 0.0 0.0 26.0 0.0
4019.02420816369 0.0 0.0 0.0 1.0 0.0 0.0 26.0 0.0
4020.0060624142147 0.0 0.0 0.0 1.0 0.0 0.0 26.0 0.0
4021.0231227111085 0.0 0.0 0.0 1.0 0.0 0.0 26.0 0.0
4022.0357867955818 0.0 0.0 0.0 1.0 0.0 0.0 26.0 0.0
4023.013807417925 0.0 0.0 0.0 1.0 0.0 0.0 26.0 0.0
4024.0357867955818 0.0 0.0 0.0 1.0 0.0 0.0 26.0 0.0
4025.017176487545 0.0 0.0 0.0 1.0 0.0 0.0 26.0 0.0
4026.0357867955818 0.0 0.0 0.0 1.0 0.0 0.0 26.0 0.0
4027.0252210026547 0.0 0.0 0.0 1.0 0.0 0.0 26.0 0.0
4028.0055747945344 0.0 0.0 0.0 1.0 0.0 0.0 26.0 0.0
4029.001360841333 0.0 0.0 0.0 1.0 0.0 0.0 26.0 0.0
4030.01384880213 0.0 0.0 0.0 1.0 0.0 0.0 26.0 0.0
4031.0090912678884 0.0 0.0 0.0 1.0 0.0 0.0 26.0 0.0
4032.0046060311092 0.0 0.0 0.0 1.0 0.0 0.0 26.0 0.0
4033.0357867955818 0.0 0.0 0.0 1.0 0.0 0.0 26.0 0.0
4034.0308433608384 0.0 0.0 0.0 1.0 0.0 0.0 26.0 0.0
4035.022586792227 0.0 0.0 0.0 1.0 0.0 0.0 26.0 0.0
4036.0357867955818 0.0 0.0 0.0 1.0 0.0 0.0 26.0 0.0
4037.0357867955818 0.0 0.0 0.0 1.0 0.0 0.0 26.0 0.0
4038.014325150712 0.0 0.0 0.0 1.0 0.0 0.0 26.0 0.0
4039.020680336613 0.0 0.0 0.0 1.0 0.0 0.0 26.0 0.0
4040.0357867955818 0.0 0.0 0.0 1.0 0.0 0.0 26.0 0.0
4041.0357867955818 0.0 0.0 0.0 1.0 0.0 0.0 26.0 0.0
4042.0357867955818 0.0 0.0 0.0 1.0 0.0 0.0 26.0 0.0
4043.0357867955818 0.0 0.0 0.0 1.0 0.0 0.0 26.0 0.0
4044.0191669548844 0.0 0.0 0.0 1.0 0.0 0.0 26.0 0.0
4045.0004029023626 0.0 0.0 0.0 1.0 0.0 0.0 26.0 0.0
4046.0046699960553 0.0 0.0 0.0 1.0 0.0 0.0 26.0 0.0
4047.000480885643 0.0 0.0 0.0 1.0 0.0 0.0 26.0 0.0
4048.005143012648 0.0 0.0 0.0 1.0 0.0 0.0 26.0 0.0
4049.0026249628227 0.0 0.0 0.0 1.0 0.0 0.0 26.0 0.0
4050.0357867955818 0.0 0.0 0.0 1.0 0.0 0.0 26.0 0.0
4051.0121539464913 0.0 0.0 0.0 1.0 0.0 0.0 26.0 0.0
4052.009342378208 0.0 0.0 0.0 1.0 0.0 0.0 26.0 0.0
4053.015996466216 0.0 0.0 0.0 1.0 0.0 0.0 26.0 0.0
4054.0162686738813 0.0 0.0 0.0 1.0 0.0 0.0 26.0 0.0
4055.017902491052 0.0 0.0 0.0 1.0 0.0 0.0 26.0 0.0
4056.0049661290727 0.0 0.0 0.0 1.0 0.0 0.0 26.0 0.0
4057.0357867955818 0.0 0.0 0.0 1.0 0.0 0.0 26.0 0.0
4058.0021992512366 0.0 0.0 0.0 1.0 0.0 0.0 26.0 0.0
4059.0127558339714 0.0 0.0 0.0 1.0 0.0 0.0 26.0 0.0
4060.002724172721 0.0 0.0 0.0 1.0 0.0 0.0 26.0 0.0
4061.0357867955818 0.0 0.0 0.0 1.0 0.0 0.0 26.0 0.0
4062.0205392913886 0.0 0.0 0.0 1.0 0.0 0.0 26.0 0.0
4063.0155613525785 0.0 0.0 0.0 1.0 0.0 0.0 26.0 0.0
4064.016400949067 0.0 0.0 0.0 1.0 0.0 0.0 26.0 0.0
4065.0357867955818 0.0 0.0 0.0 1.0 0.0 0.0 26.0 0.0
4066.0155933221354 0.0 0.0 0.0 1.0 0.0 0.0 26.0 0.0
4067.0046122661743 0.0 0.0 0.0 1.0 0.0 0.0 26.0 0.0
4068.002317890643 0.0 0.0 0.0 1.0 0.0 0.0 26.0 0.0
4069.0357867955818 0.0 0.0 0.0 1.0 0.0 0.0 26.0 0.0
4070.0215359449885 0.0 0.0 0.0 1.0 0.0 0.0 26.0 0.0
4071.002751832724 0.0 0.0 0.0 1.0 0.0 0.0 26.0 0.0
4072.001201892469 0.0 0.0 0.0 1.0 0.0 0.0 26.0 0.0
4073.0167970556245 0.0 0.0 0.0 1.0 0.0 0.0 26.0 0.0
4074.0173130964777 0.0 0.0 0.0 1.0 0.0 0.0 26.0 0.0
4075.0075981023283 0.0 0.0 0.0 1.0 0.0 0.0 26.0 0.0
4076.0357867955818 0.0 0.0 0.0 1.0 0.0 0.0 26.0 0.0
4077.0286777712245 0.0 0.0 0.0 1.0 0.0 0.0 26.0 0.0
4078.0017567534724 0.0 0.0 0.0 1.0 0.0 0.0 26.0 0.0
4079.018286535289 0.0 0.0 0.0 1.0 0.0 0.0 26.0 0.0
4080.008720984983 0.0 0.0 0.0 1.0 0.0 0.0 26.0 0.0
4081.0144580792044 0.0 0.0 0.0 1.0 0.0 0.0 26.0 0.0
4082.027230097079 0.0 0.0 0.0 1.0 0.0 0.0 26.0 0.0
4083.002855828945 0.0 0.0 0.0 1.0 0.0 0.0 26.0 0.0
4084.0172766580768 0.0 0.0 0.0 1.0 0.0 0.0 26.0 0.0
4085.0137304243285 0.0 0.0 0.0 1.0 0.0 0.0 26.0 0.0
4086.003373973921 0.0 0.0 0.0 1.0 0.0 0.0 26.0 0.0
4087.013040040371 0.0 0.0 0.0 1.0 0.0 0.0 26.0 0.0
4088.0357867955818 0.0 0.0 0.0 1.0 0.0 0.0 26.0 0.0
4089.0357867955818 0.0 0.0 0.0 1.0 0.0 0.0 26.0 0.0
4090.001778416591 0.0 0.0 0.0 1.0 0.0 0.0 26.0 0.0
4091.02825038555 0.0 0.0 0.0 1.0 0.0 0.0 26.0 0.0
4092.0348345913762 0.0 0.0 0.0 1.0 0.0 0.0 26.0 0.0
4093.0099458223726 0.0 0.0 0.0 1.0 0.0 0.0 26.0 0.0
4094.021800692687 0.0 0.0 0.0 1.0 0.0 0.0 26.0 0.0
4095.020101974378 0.0 0.0 0.0 1.0 0.0 0.0 26.0 0.0
4096.021434577747 0.0 0.0 0.0 1.0 0.0 0.0 26.0 0.0
4097.031883630406 0.0 0.0 0.0 1.0 0.0 0.0 26.0 0.0
4098.035786795582 0.0 0.0 0.0 1.0 0.0 0.0 26.0 0.0
4099.011642285148 0.0 0.0 0.0 1.0 0.0 0.0 26.0 0.0
4100.035786795582 0.0 0.0 0.0 1.0 0.0 0.0 26.0 0.0
4101.026314367104 0.0 0.0 0.0 1.0 0.0 0.0 26.0 0.0
4102.027743656464 0.0 0.0 0.0 1.0 0.0 0.0 26.0 0.0
4103.014548894337 0.0 0.0 0.0 1.0 0.0 0.0 26.0 0.0
4104.035786795582 0.0 0.0 0.0 1.0 0.0 0.0 26.0 0.0
4105.0279782219295 0.0 0.0 0.0 1.0 0.0 0.0 26.0 0.0
4106.005459516295 0.0 0.0 0.0 1.0 0.0 0.0 26.0 0.0
4107.035786795582 0.0 0.0 0.0 1.0 0.0 0.0 26.0 0.0
4108.035786795582 0.0 0.0 0.0 1.0 0.0 0.0 26.0 0.0
4109.029733790293 0.0 0.0 0.0 1.0 0.0 0.0 26.0 0.0
4110.01578255511 0.0 0.0 0.0 1.0 0.0 0.0 26.0 0.0
4111.00586429944 0.0 0.0 0.0 1.0 0.0 0.0 26.0 0.0
4112.035786795582 0.0 0.0 0.0 1.0 0.0 0.0 26.0 0.0
4113.035786795582 0.0 0.0 0.0 1.0 0.0 0.0 26.0 0.0
4114.020220261321 0.0 0.0 0.0 1.0 0.0 0.0 26.0 0.0
4115.028805676278 0.0 0.0 0.0 1.0 0.0 0.0 26.0 0.0
4116.035786795582 0.0 0.0 0.0 1.0 0.0 0.0 26.0 0.0
4117.008927095016 0.0 0.0 0.0 1.0 0.0 0.0 26.0 0.0
4118.0111856849635 0.0 0.0 0.0 1.0 0.0 0.0 26.0 0.0
4119.001149164418 0.0 0.0 0.0 1.0 0.0 0.0 26.0 0.0
4120.035786795582 0.0 0.0 0.0 1.0 0.0 0.0 26.0 0.0
4121.035178810909 0.0 0.0 0.0 1.0 0.0 0.0 26.0 0.0
4122.004319586185 0.0 0.0 0.0 1.0 0.0 0.0 26.0 0.0
4123.026262509829 0.0 0.0 0.0 1.0 0.0 0.0 26.0 0.0
4124.001994122901 0.0 0.0 0.0 1.0 0.0 0.0 26.0 0.0
4125.035786795582 0.0 0.0 0.0 1.0 0.0 0.0 26.0 0.0
4126.023852703326 0.0 0.0 0.0 1.0 0.0 0.0 26.0 0.0
4127.007116215488 0.0 0.0 0.0 1.0 0.0 0.0 26.0 0.0
4128.035786795582 0.0 0.0 0.0 1.0 0.0 0.0 26.0 0.0
4129.005976966078 0.0 0.0 0.0 1.0 0.0 0.0 26.0 0.0
4130.010047899482 0.0 0.0 0.0 1.0 0.0 0.0 26.0 0.0
4131.00367681079 0.0 0.0 0.0 1.0 0.0 0.0 26.0 0.0
4132.0117439057785 0.0 0.0 0.0 1.0 0.0 0.0 26.0 0.0
4133.007732263456 0.0 0.0 0.0 1.0 0.0 0.0 26.0 0.0
4134.035786795582 0.0 0.0 0.0 1.0 0.0 0.0 26.0 0.0
4135.004079878969 0.0 0.0 0.0 1.0 0.0 0.0 26.0 0.0
4136.035786795582 0.0 0.0 0.0 1.0 0.0 0.0 26.0 0.0
4137.029412041503 0.0 0.0 0.0 1.0 0.0 0.0 26.0 0.0
4138.035786795582 0.0 0.0 0.0 1.0 0.0 0.0 26.0 0.0
4139.0028585110695 0.0 0.0 0.0 1.0 0.0 0.0 26.0 0.0
4140.005697347231 0.0 0.0 0.0 1.0 0.0 0.0 26.0 0.0
4141.008154065607 0.0 0.0 0.0 1.0 0.0 0.0 26.0 0.0
4142.035786795582 0.0 0.0 0.0 1.0 0.0 0.0 26.0 0.0
4143.024857151572 0.0 0.0 0.0 1.0 0.0 0.0 26.0 0.0
4144.035786795582 0.0 0.0 0.0 1.0 0.0 0.0 26.0 0.0
4145.035786795582 0.0 0.0 0.0 1.0 0.0 0.0 26.0 0.0
4146.035786795582 0.0 0.0 0.0 1.0 0.0 0.0 26.0 0.0
4147.031975709043 0.0 0.0 0.0 1.0 0.0 0.0 26.0 0.0
4148.026513619138 0.0 0.0 0.0 1.0 0.0 0.0 26.0 0.0
4149.035786795582 0.0 0.0 0.0 1.0 0.0 0.0 26.0 0.0
4150.019918734384 0.0 0.0 0.0 1.0 0.0 0.0 26.0 0.0
4151.022635007914 0.0 0.0 0.0 1.0 0.0 0.0 26.0 0.0
4152.03094140652 0.0 0.0 0.0 1.0 0.0 0.0 26.0 0.0
4153.0081277156905 0.0 0.0 0.0 1.0 0.0 0.0 26.0 0.0
4154.035786795582 0.0 0.0 0.0 1.0 0.0 0.0 26.0 0.0
4155.010693640597 0.0 0.0 0.0 1.0 0.0 0.0 26.0 0.0
4156.016544385235 0.0 0.0 0.0 1.0 0.0 0.0 26.0 0.0
4157.021807825046 0.0 0.0 0.0 1.0 0.0 0.0 26.0 0.0
4158.0118076432855 0.0 0.0 0.0 1.0 0.0 0.0 26.0 0.0
4159.00284740448 0.0 0.0 0.0 1.0 0.0 0.0 26.0 0.0
4160.0004699867795 0.0 0.0 0.0 1.0 0.0 0.0 26.0 0.0
4161.025294580184 0.0 0.0 0.0 1.0 0.0 0.0 26.0 0.0
4162.003362130185 0.0 0.0 0.0 1.0 0.0 0.0 26.0 0.0
4163.022342068441 0.0 0.0 0.0 1.0 0.0 0.0 26.0 0.0
4164.035786795582 0.0 0.0 0.0 1.0 0.0 0.0 26.0 0.0
4165.035786795582 0.0 0.0 0.0 1.0 0.0 0.0 26.0 0.0
4166.013456742801 0.0 0.0 0.0 1.0 0.0 0.0 26.0 0.0
4167.035786795582 0.0 0.0 0.0 1.0 0.0 0.0 26.0 0.0
4168.031695938746 0.0 0.0 0.0 1.0 0.0 0.0 26.0 0.0
4169.016882149712 0.0 0.0 0.0 1.0 0.0 0.0 26.0 0.0
4170.032904201105 0.0 0.0 0.0 1.0 0.0 0.0 26.0 0.0
4171.006617474607 0.0 0.0 0.0 1.0 0.0 0.0 26.0 0.0
4172.012964529358 0.0 0.0 0.0 1.0 0.0 0.0 26.0 0.0
4173.004222178687 0.0 0.0 0.0 1.0 0.0 0.0 26.0 0.0
4174.035786795582 0.0 0.0 0.0 1.0 0.0 0.0 26.0 0.0
4175.010496707787 0.0 0.0 0.0 1.0 0.0 0.0 26.0 0.0
4176.016890529368 0.0 0.0 0.0 1.0 0.0 0.0 26.0 0.0
4177.015951169987 0.0 0.0 0.0 1.0 0.0 0.0 26.0 0.0
4178.0148644063265 0.0 0.0 0.0 1.0 0.0 0.0 26.0 0.0
4179.035786795582 0.0 0.0 0.0 1.0 0.0 0.0 26.0 0.0
4180.035786795582 0.0 0.0 0.0 1.0 0.0 0.0 26.0 0.0
4181.016051555974 0.0 0.0 0.0 1.0 0.0 0.0 26.0 0.0
4182.019456169862 0.0 0.0 0.0 1.0 0.0 0.0 26.0 0.0
4183.021132626009 0.0 0.0 0.0 1.0 0.0 0.0 26.0 0.0
4184.0066410541585 0.0 0.0 0.0 1.0 0.0 0.0 26.0 0.0
4185.016744366395 0.0 0.0 0.0 1.0 0.0 0.0 26.0 0.0
4186.035786795582 0.0 0.0 0.0 1.0 0.0 0.0 26.0 0.0
4187.013085118044 0.0 0.0 0.0 1.0 0.0 0.0 26.0 0.0
4188.026920016314 0.0 0.0 0.0 1.0 0.0 0.0 26.0 0.0
4189.010114927239 0.0 0.0 0.0 1.0 0.0 0.0 26.0 0.0
4190.017187769244 0.0 0.0 0.0 1.0 0.0 0.0 26.0 0.0
4191.000179918367 0.0 0.0 0.0 1.0 0.0 0.0 26.0 0.0
4192.002886556835 0.0 0.0 0.0 1.0 0.0 0.0 26.0 0.0
4193.002769151339 0.0 0.0 0.0 1.0 0.0 0.0 26.0 0.0
4194.008591186352 0.0 0.0 0.0 1.0 0.0 0.0 26.0 0.0
4195.008848508456 0.0 0.0 0.0 1.0 0.0 0.0 26.0 0.0
4196.033260228928 0.0 0.0 0.0 1.0 0.0 0.0 26.0 0.0
4197.012248837871 0.0 0.0 0.0 1.0 0.0 0.0 26.0 0.0
4198.035786795582 0.0 0.0 0.0 1.0 0.0 0.0 26.0 0.0
4199.021335887793 0.0 0.0 0.0 1.0 0.0 0.0 26.0 0.0
4200.0262090129345 0.0 0.0 0.0 1.0 0.0 0.0 26.0 0.0
4201.004425372717 0.0 0.0 0.0 1.0 0.0 0.0 26.0 0.0
4202.035786795582 0.0 0.0 0.0 1.0 0.0 0.0 26.0 0.0
4203.035786795582 0.0 0.0 0.0 1.0 0.0 0.0 26.0 0.0
4204.019131003965 0.0 0.0 0.0 1.0 0.0 0.0 26.0 0.0
4205.012914178432 0.0 0.0 0.0 1.0 0.0 0.0 26.0 0.0
4206.035786795582 0.0 0.0 0.0 1.0 0.0 0.0 26.0 0.0
4207.026041061498 0.0 0.0 0.0 1.0 0.0 0.0 26.0 0.0
4208.023605773988 0.0 0.0 0.0 1.0 0.0 0.0 26.0 0.0
4209.035786795582 0.0 0.0 0.0 1.0 0.0 0.0 26.0 0.0
4210.035786795582 0.0 0.0 0.0 1.0 0.0 0.0 26.0 0.0
4211.00461047289 0.0 0.0 0.0 1.0 0.0 0.0 26.0 0.0
4212.014366450145 0.0 0.0 0.0 1.0 0.0 0.0 26.0 0.0
4213.029454224645 0.0 0.0 0.0 1.0 0.0 0.0 26.0 0.0
4214.012154420674 0.0 0.0 0.0 1.0 0.0 0.0 26.0 0.0
4215.013703189656 0.0 0.0 0.0 1.0 0.0 0.0 26.0 0.0
4216.019398713906 0.0 0.0 0.0 1.0 0.0 0.0 26.0 0.0
4217.000136218302 0.0 0.0 0.0 1.0 0.0 0.0 26.0 0.0
4218.008862268801 0.0 0.0 0.0 1.0 0.0 0.0 26.0 0.0
4219.003038304119 0.0 0.0 0.0 1.0 0.0 0.0 26.0 0.0
4220.004531865137 0.0 0.0 0.0 1.0 0.0 0.0 26.0 0.0
4221.008888594097 0.0 0.0 0.0 1.0 0.0 0.0 26.0 0.0
4222.020651973383 0.0 0.0 0.0 1.0 0.0 0.0 26.0 0.0
4223.002104404384 0.0 0.0 0.0 1.0 0.0 0.0 26.0 0.0
4224.010092614851 0.0 0.0 0.0 1.0 0.0 0.0 26.0 0.0
4225.027879345547 0.0 0.0 0.0 1.0 0.0 0.0 26.0 0.0
4226.009898001609 0.0 0.0 0.0 1.0 0.0 0.0 26.0 0.0
4227.011684522926 0.0 0.0 0.0 1.0 0.0 0.0 26.0 0.0
4228.006163117948 0.0 0.0 0.0 1.0 0.0 0.0 26.0 0.0
4229.024214023962 0.0 0.0 0.0 1.0 0.0 0.0 26.0 0.0
4230.035786795582 0.0 0.0 0.0 1.0 0.0 0.0 26.0 0.0
4231.0273683478235 0.0 0.0 0.0 1.0 0.0 0.0 26.0 0.0
4232.035786795582 0.0 0.0 0.0 1.0 0.0 0.0 26.0 0.0
4233.033389364244 0.0 0.0 0.0 1.0 0.0 0.0 26.0 0.0
4234.034262568744 0.0 0.0 0.0 1.0 0.0 0.0 26.0 0.0
4235.035786795582 0.0 0.0 0.0 1.0 0.0 0.0 26.0 0.0
4236.035786795582 0.0 0.0 0.0 1.0 0.0 0.0 26.0 0.0
4237.035786795582 0.0 0.0 0.0 1.0 0.0 0.0 26.0 0.0
4238.000928263229 0.0 0.0 0.0 1.0 0.0 0.0 26.0 0.0
4239.035786795582 0.0 0.0 0.0 1.0 0.0 0.0 26.0 0.0
4240.029578757906 0.0 0.0 0.0 1.0 0.0 0.0 26.0 0.0
4241.007929403946 0.0 0.0 0.0 1.0 0.0 0.0 26.0 0.0
4242.017644649299 0.0 0.0 0.0 1.0 0.0 0.0 26.0 0.0
4243.035786795582 0.0 0.0 0.0 1.0 0.0 0.0 26.0 0.0
4244.016693491651 0.0 0.0 0.0 1.0 0.0 0.0 26.0 0.0
4245.0283790576495 0.0 0.0 0.0 1.0 0.0 0.0 26.0 0.0
4246.008510635932 0.0 0.0 0.0 1.0 0.0 0.0 26.0 0.0
4247.011408150302 0.0 0.0 0.0 1.0 0.0 0.0 26.0 0.0
4248.005800785412 0.0 0.0 0.0 1.0 0.0 0.0 26.0 0.0
4249.017895994335 0.0 0.0 0.0 1.0 0.0 0.0 26.0 0.0
4250.023654127956 0.0 0.0 0.0 1.0 0.0 0.0 26.0 0.0
4251.003285036159 0.0 0.0 0.0 1.0 0.0 0.0 26.0 0.0
4252.017669211637 0.0 0.0 0.0 1.0 0.0 0.0 26.0 0.0
4253.008511173427 0.0 0.0 0.0 1.0 0.0 0.0 26.0 0.0
4254.035786795582 0.0 0.0 0.0 1.0 0.0 0.0 26.0 0.0
4255.007437340494 0.0 0.0 0.0 1.0 0.0 0.0 26.0 0.0
4256.004210635037 0.0 0.0 0.0 1.0 0.0 0.0 26.0 0.0
4257.035786795582 0.0 0.0 0.0 1.0 0.0 0.0 26.0 0.0
4258.030288325927 0.0 0.0 0.0 1.0 0.0 0.0 26.0 0.0
4259.016840705376 0.0 0.0 0.0 1.0 0.0 0.0 26.0 0.0
4260.010818435638 0.0 0.0 0.0 1.0 0.0 0.0 26.0 0.0
4261.011672578018 0.0 0.0 0.0 1.0 0.0 0.0 26.0 0.0
4262.0001073596995 0.0 0.0 0.0 1.0 0.0 0.0 26.0 0.0
4263.005990549972 0.0 0.0 0.0 1.0 0.0 0.0 26.0 0.0
4264.002560481587 0.0 0.0 0.0 1.0 0.0 0.0 26.0 0.0
4265.015662295125 0.0 0.0 0.0 1.0 0.0 0.0 26.0 0.0
4266.0206747883585 0.0 0.0 0.0 1.0 0.0 0.0 26.0 0.0
4267.035786795582 0.0 0.0 0.0 1.0 0.0 0.0 26.0 0.0
4268.000499646428 0.0 0.0 0.0 1.0 0.0 0.0 26.0 0.0
4269.009852677649 0.0 0.0 0.0 1.0 0.0 0.0 26.0 0.0
4270.035786795582 0.0 0.0 0.0 1.0 0.0 0.0 26.0 0.0
4271.023577993689 0.0 0.0 0.0 1.0 0.0 0.0 26.0 0.0
4272.010990483154 0.0 0.0 0.0 1.0 0.0 0.0 26.0 0.0
4273.035786795582 0.0 0.0 0.0 1.0 0.0 0.0 26.0 0.0
4274.032849539021 0.0 0.0 0.0 1.0 0.0 0.0 26.0 0.0
4275.013154777866 0.0 0.0 0.0 1.0 0.0 0.0 26.0 0.0
4276.000871222461 0.0 0.0 0.0 1.0 0.0 0.0 26.0 0.0
4277.000475007005 0.0 0.0 0.0 1.0 0.0 0.0 26.0 0.0
4278.007534367505 0.0 0.0 0.0 1.0 0.0 0.0 26.0 0.0
4279.008805556266 0.0 0.0 0.0 1.0 0.0 0.0 26.0 0.0
4280.013720569668 0.0 0.0 0.0 1.0 0.0 0.0 26.0 0.0
4281.035786795582 0.0 0.0 0.0 1.0 0.0 0.0 26.0 0.0
4282.035786795582 0.0 0.0 0.0 1.0 0.0 0.0 26.0 0.0
4283.0237192667255 0.0 0.0 0.0 1.0 0.0 0.0 26.0 0.0
4284.035786795582 0.0 0.0 0.0 1.0 0.0 0.0 26.0 0.0
4285.004072665903 0.0 0.0 0.0 1.0 0.0 0.0 26.0 0.0
4286.011137387347 0.0 0.0 0.0 1.0 0.0 0.0 26.0 0.0
4287.035786795582 0.0 0.0 0.0 1.0 0.0 0.0 26.0 0.0
4288.005007370383 0.0 0.0 0.0 1.0 0.0 0.0 26.0 0.0
4289.035786795582 0.0 0.0 0.0 1.0 0.0 0.0 26.0 0.0
4290.002019152911 0.0 0.0 0.0 1.0 0.0 0.0 26.0 0.0
4291.001893617752 0.0 0.0 0.0 1.0 0.0 0.0 26.0 0.0
4292.035786795582 0.0 0.0 0.0 1.0 0.0 0.0 26.0 0.0
4293.035786795582 0.0 0.0 0.0 1.0 0.0 0.0 26.0 0.0
4294.0176710790065 0.0 0.0 0.0 1.0 0.0 0.0 26.0 0.0
4295.011963018365 0.0 0.0 0.0 1.0 0.0 0.0 26.0 0.0
4296.035786795582 0.0 0.0 0.0 1.0 0.0 0.0 26.0 0.0
4297.035786795582 0.0 0.0 0.0 1.0 0.0 0.0 26.0 0.0
4298.018825197092 0.0 0.0 0.0 1.0 0.0 0.0 26.0 0.0
4299.0138095916545 0.0 0.0 0.0 1.0 0.0 0.0 26.0 0.0
4300.035786795582 0.0 0.0 0.0 1.0 0.0 0.0 26.0 0.0
4301.035786795582 0.0 0.0 0.0 1.0 0.0 0.0 26.0 0.0
4302.012232800251 0.0 0.0 0.0 1.0 0.0 0.0 26.0 0.0
4303.033871941641 0.0 0.0 0.0 1.0 0.0 0.0 26.0 0.0
4304.030802967998 0.0 0.0 0.0 1.0 0.0 0.0 26.0 0.0
4305.000305908298 0.0 0.0 0.0 1.0 0.0 0.0 26.0 0.0
4306.022827508247 0.0 0.0 0.0 1.0 0.0 0.0 26.0 0.0
4307.0140098379825 0.0 0.0 0.0 1.0 0.0 0.0 26.0 0.0
4308.035786795582 0.0 0.0 0.0 1.0 0.0 0.0 26.0 0.0
4309.035786795582 0.0 0.0 0.0 1.0 0.0 0.0 26.0 0.0
4310.035786795582 0.0 0.0 0.0 1.0 0.0 0.0 26.0 0.0
4311.035786795582 0.0 0.0 0.0 1.0 0.0 0.0 26.0 0.0
4312.02747353444 0.0 0.0 0.0 1.0 0.0 0.0 26.0 0.0
4313.017135882036 0.0 0.0 0.0 1.0 0.0 0.0 26.0 0.0
4314.014378811383 0.0 0.0 0.0 1.0 0.0 0.0 26.0 0.0
4315.0124861356535 0.0 0.0 0.0 1.0 0.0 0.0 26.0 0.0
4316.02142626737 0.0 0.0 0.0 1.0 0.0 0.0 26.0 0.0
4317.006866946027 0.0 0.0 0.0 1.0 0.0 0.0 26.0 0.0
4318.034739042066 0.0 0.0 0.0 1.0 0.0 0.0 26.0 0.0
4319.035786795582 0.0 0.0 0.0 1.0 0.0 0.0 26.0 0.0
4320.002352811656 0.0 0.0 0.0 1.0 0.0 0.0 26.0 0.0
4321.012454294931 0.0 0.0 0.0 1.0 0.0 0.0 26.0 0.0
4322.014778141596 0.0 0.0 0.0 1.0 0.0 0.0 26.0 0.0
4323.00187080306 0.0 0.0 0.0 1.0 0.0 0.0 26.0 0.0
4324.002357279968 0.0 0.0 0.0 1.0 0.0 0.0 26.0 0.0
4325.0052640599915 0.0 0.0 0.0 1.0 0.0 0.0 26.0 0.0
4326.0224105231655 0.0 0.0 0.0 1.0 0.0 0.0 26.0 0.0
4327.002219088155 0.0 0.0 0.0 1.0 0.0 0.0 26.0 0.0
4328.015752037193 0.0 0.0 0.0 1.0 0.0 0.0 26.0 0.0
4329.020345399285 0.0 0.0 0.0 1.0 0.0 0.0 26.0 0.0
4330.035786795582 0.0 0.0 0.0 1.0 0.0 0.0 26.0 0.0
4331.035786795582 0.0 0.0 0.0 1.0 0.0 0.0 26.0 0.0
4332.001879038129 0.0 0.0 0.0 1.0 0.0 0.0 26.0 0.0
4333.01384538339 0.0 0.0 0.0 1.0 0.0 0.0 26.0 0.0
4334.0103159488235 0.0 0.0 0.0 1.0 0.0 0.0 26.0 0.0
4335.002764519045 0.0 0.0 0.0 1.0 0.0 0.0 26.0 0.0
4336.010259037559 0.0 0.0 0.0 1.0 0.0 0.0 26.0 0.0
4337.012133192088 0.0 0.0 0.0 1.0 0.0 0.0 26.0 0.0
4338.035786795582 0.0 0.0 0.0 1.0 0.0 0.0 26.0 0.0
4339.035786795582 0.0 0.0 0.0 1.0 0.0 0.0 26.0 0.0
4340.0010279750895 0.0 0.0 0.0 1.0 0.0 0.0 26.0 0.0
4341.035786795582 0.0 0.0 0.0 1.0 0.0 0.0 26.0 0.0
4342.00702210243 0.0 0.0 0.0 1.0 0.0 0.0 26.0 0.0
4343.035786795582 0.0 0.0 0.0 1.0 0.0 0.0 26.0 0.0
4344.035786795582 0.0 0.0 0.0 1.0 0.0 0.0 26.0 0.0
4345.035786795582 0.0 0.0 0.0 1.0 0.0 0.0 26.0 0.0
4346.035786795582 0.0 0.0 0.0 1.0 0.0 0.0 26.0 0.0
4347.02334314073 0.0 0.0 0.0 1.0 0.0 0.0 26.0 0.0
4348.029925367786 0.0 0.0 0.0 1.0 0.0 0.0 26.0 0.0
4349.004924132852 0.0 0.0 0.0 1.0 0.0 0.0 26.0 0.0
4350.007862738068 0.0 0.0 0.0 1.0 0.0 0.0 26.0 0.0
4351.004598637086 0.0 0.0 0.0 1.0 0.0 0.0 26.0 0.0
4352.02183982974 0.0 0.0 0.0 1.0 0.0 0.0 26.0 0.0
4353.035786795582 0.0 0.0 0.0 1.0 0.0 0.0 26.0 0.0
4354.008215501235 0.0 0.0 0.0 1.0 0.0 0.0 26.0 0.0
4355.001453917866 0.0 0.0 0.0 1.0 0.0 0.0 26.0 0.0
4356.004750131895 0.0 0.0 0.0 1.0 0.0 0.0 26.0 0.0
4357.035786795582 0.0 0.0 0.0 1.0 0.0 0.0 26.0 0.0
4358.035786795582 0.0 0.0 0.0 1.0 0.0 0.0 26.0 0.0
4359.000416588598 0.0 0.0 0.0 1.0 0.0 0.0 26.0 0.0
4360.019880979844 0.0 0.0 0.0 1.0 0.0 0.0 26.0 0.0
4361.000840004992 0.0 0.0 0.0 1.0 0.0 0.0 26.0 0.0
4362.018195774534 0.0 0.0 0.0 1.0 0.0 0.0 26.0 0.0
4363.022445569155 0.0 0.0 0.0 1.0 0.0 0.0 26.0 0.0
4364.035786795582 0.0 0.0 0.0 1.0 0.0 0.0 26.0 0.0
4365.009950795433 0.0 0.0 0.0 1.0 0.0 0.0 26.0 0.0
4366.035786795582 0.0 0.0 0.0 1.0 0.0 0.0 26.0 0.0
4367.0137926751095 0.0 0.0 0.0 1.0 0.0 0.0 26.0 0.0
4368.004414803602 0.0 0.0 0.0 1.0 0.0 0.0 26.0 0.0
4369.007815707587 0.0 0.0 0.0 1.0 0.0 0.0 26.0 0.0
4370.026956470946 0.0 0.0 0.0 1.0 0.0 0.0 26.0 0.0
4371.004130037383 0.0 0.0 0.0 1.0 0.0 0.0 26.0 0.0
4372.012648814367 0.0 0.0 0.0 1.0 0.0 0.0 26.0 0.0
4373.010335970168 0.0 0.0 0.0 1.0 0.0 0.0 26.0 0.0
4374.015925247307 0.0 0.0 0.0 1.0 0.0 0.0 26.0 0.0
4375.003889561367 0.0 0.0 0.0 1.0 0.0 0.0 26.0 0.0
4376.022467462709 0.0 0.0 0.0 1.0 0.0 0.0 26.0 0.0
4377.035786795582 0.0 0.0 0.0 1.0 0.0 0.0 26.0 0.0
4378.027660503649 0.0 0.0 0.0 1.0 0.0 0.0 26.0 0.0
4379.000607699747 0.0 0.0 0.0 1.0 0.0 0.0 26.0 0.0
4380.035786795582 0.0 0.0 0.0 1.0 0.0 0.0 26.0 0.0
4381.002540664245 0.0 0.0 0.0 1.0 0.0 0.0 26.0 0.0
4382.017905695887 0.0 0.0 0.0 1.0 0.0 0.0 26.0 0.0
4383.030781757501 0.0 0.0 0.0 1.0 0.0 0.0 26.0 0.0
4384.035786795582 0.0 0.0 0.0 1.0 0.0 0.0 26.0 0.0
4385.007452162913 0.0 0.0 0.0 1.0 0.0 0.0 26.0 0.0
4386.026982038943 0.0 0.0 0.0 1.0 0.0 0.0 26.0 0.0
4387.035786795582 0.0 0.0 0.0 1.0 0.0 0.0 26.0 0.0
4388.006509027465 0.0 0.0 0.0 1.0 0.0 0.0 26.0 0.0
4389.035786795582 0.0 0.0 0.0 1.0 0.0 0.0 26.0 0.0
4390.01378236894 0.0 0.0 0.0 1.0 0.0 0.0 26.0 0.0
4391.018758928823 0.0 0.0 0.0 1.0 0.0 0.0 26.0 0.0
4392.011075239415 0.0 0.0 0.0 1.0 0.0 0.0 26.0 0.0
4393.035786795582 0.0 0.0 0.0 1.0 0.0 0.0 26.0 0.0
4394.035786795582 0.0 0.0 0.0 1.0 0.0 0.0 26.0 0.0
4395.006685108109 0.0 0.0 0.0 1.0 0.0 0.0 26.0 0.0
4396.027522717989 0.0 0.0 0.0 1.0 0.0 0.0 26.0 0.0
4397.030741426238 0.0 0.0 0.0 1.0 0.0 0.0 26.0 0.0
4398.005708645501 0.0 0.0 0.0 1.0 0.0 0.0 26.0 0.0
4399.007711423354 0.0 0.0 0.0 1.0 0.0 0.0 26.0 0.0
4400.003034740277 0.0 0.0 0.0 1.0 0.0 0.0 26.0 0.0
4401.025731790686 0.0 0.0 0.0 1.0 0.0 0.0 26.0 0.0
4402.007604916081 0.0 0.0 0.0 1.0 0.0 0.0 26.0 0.0
4403.034915464954 0.0 0.0 0.0 1.0 0.0 0.0 26.0 0.0
4404.0079000104 0.0 0.0 0.0 1.0 0.0 0.0 26.0 0.0
4405.022441942069 0.0 0.0 0.0 1.0 0.0 0.0 26.0 0.0
4406.015833752338 0.0 0.0 0.0 1.0 0.0 0.0 26.0 0.0
4407.006843569906 0.0 0.0 0.0 1.0 0.0 0.0 26.0 0.0
4408.035786795582 0.0 0.0 0.0 1.0 0.0 0.0 26.0 0.0
4409.035786795582 0.0 0.0 0.0 1.0 0.0 0.0 26.0 0.0
4410.011147944434 0.0 0.0 0.0 1.0 0.0 0.0 26.0 0.0
4411.023669541832 0.0 0.0 0.0 1.0 0.0 0.0 26.0 0.0
4412.022335580526 0.0 0.0 0.0 1.0 0.0 0.0 26.0 0.0
4413.035786795582 0.0 0.0 0.0 1.0 0.0 0.0 26.0 0.0
4414.007210992125 0.0 0.0 0.0 1.0 0.0 0.0 26.0 0.0
4415.034738375243 0.0 0.0 0.0 1.0 0.0 0.0 26.0 0.0
4416.035786795582 0.0 0.0 0.0 1.0 0.0 0.0 26.0 0.0
4417.009801601128 0.0 0.0 0.0 1.0 0.0 0.0 26.0 0.0
4418.005679280136 0.0 0.0 0.0 1.0 0.0 0.0 26.0 0.0
4419.008431464033 0.0 0.0 0.0 1.0 0.0 0.0 26.0 0.0
4420.013523946847 0.0 0.0 0.0 1.0 0.0 0.0 26.0 0.0
4421.031323424576 0.0 0.0 0.0 1.0 0.0 0.0 26.0 0.0
4422.014017188644 0.0 0.0 0.0 1.0 0.0 0.0 26.0 0.0
4423.007039684264 0.0 0.0 0.0 1.0 0.0 0.0 26.0 0.0
4424.035786795582 0.0 0.0 0.0 1.0 0.0 0.0 26.0 0.0
4425.0185637209825 0.0 0.0 0.0 1.0 0.0 0.0 26.0 0.0
4426.021081671132 0.0 0.0 0.0 1.0 0.0 0.0 26.0 0.0
4427.0245664454915 0.0 0.0 0.0 1.0 0.0 0.0 26.0 0.0
4428.0088687402085 0.0 0.0 0.0 1.0 0.0 0.0 26.0 0.0
4429.033761707812 0.0 0.0 0.0 1.0 0.0 0.0 26.0 0.0
4430.014930444772 0.0 0.0 0.0 1.0 0.0 0.0 26.0 0.0
4431.010623322295 0.0 0.0 0.0 1.0 0.0 0.0 26.0 0.0
4432.018800939879 0.0 0.0 0.0 1.0 0.0 0.0 26.0 0.0
4433.010781445709 0.0 0.0 0.0 1.0 0.0 0.0 26.0 0.0
4434.015072845964 0.0 0.0 0.0 1.0 0.0 0.0 26.0 0.0
4435.035786795582 0.0 0.0 0.0 1.0 0.0 0.0 26.0 0.0
4436.016940959642 0.0 0.0 0.0 1.0 0.0 0.0 26.0 0.0
4437.024750046386 0.0 0.0 0.0 1.0 0.0 0.0 26.0 0.0
4438.025043942766 0.0 0.0 0.0 1.0 0.0 0.0 26.0 0.0
4439.028092526102 0.0 0.0 0.0 1.0 0.0 0.0 26.0 0.0
4440.035786795582 0.0 0.0 0.0 1.0 0.0 0.0 26.0 0.0
4441.013420228265 0.0 0.0 0.0 1.0 0.0 0.0 26.0 0.0
4442.027238098786 0.0 0.0 0.0 1.0 0.0 0.0 26.0 0.0
4443.035786795582 0.0 0.0 0.0 1.0 0.0 0.0 26.0 0.0
4444.018300550017 0.0 0.0 0.0 1.0 0.0 0.0 26.0 0.0
4445.035786795582 0.0 0.0 0.0 1.0 0.0 0.0 26.0 0.0
4446.008215462863 0.0 0.0 0.0 1.0 0.0 0.0 26.0 0.0
4447.031972922149 0.0 0.0 0.0 1.0 0.0 0.0 26.0 0.0
4448.035786795582 0.0 0.0 0.0 1.0 0.0 0.0 26.0 0.0
4449.008005630253 0.0 0.0 0.0 1.0 0.0 0.0 26.0 0.0
4450.006478467809 0.0 0.0 0.0 1.0 0.0 0.0 26.0 0.0
4451.007297455266 0.0 0.0 0.0 1.0 0.0 0.0 26.0 0.0
4452.005135463755 0.0 0.0 0.0 1.0 0.0 0.0 26.0 0.0
4453.00887211521 0.0 0.0 0.0 1.0 0.0 0.0 26.0 0.0
4454.0099601649945 0.0 0.0 0.0 1.0 0.0 0.0 26.0 0.0
4455.003773150184 0.0 0.0 0.0 1.0 0.0 0.0 26.0 0.0
4456.025397734901 0.0 0.0 0.0 1.0 0.0 0.0 26.0 0.0
4457.010761665223 0.0 0.0 0.0 1.0 0.0 0.0 26.0 0.0
4458.02653387198 0.0 0.0 0.0 1.0 0.0 0.0 26.0 0.0
4459.035786795582 0.0 0.0 0.0 1.0 0.0 0.0 26.0 0.0
4460.01476934948 0.0 0.0 0.0 1.0 0.0 0.0 26.0 0.0
4461.032416118796 0.0 0.0 0.0 1.0 0.0 0.0 26.0 0.0
4462.013758985062 0.0 0.0 0.0 1.0 0.0 0.0 26.0 0.0
4463.020823343044 0.0 0.0 0.0 1.0 0.0 0.0 26.0 0.0
4464.0184687203755 0.0 0.0 0.0 1.0 0.0 0.0 26.0 0.0
4465.013921314688 0.0 0.0 0.0 1.0 0.0 0.0 26.0 0.0
4466.035786795582 0.0 0.0 0.0 1.0 0.0 0.0 26.0 0.0
4467.00925020915 0.0 0.0 0.0 1.0 0.0 0.0 26.0 0.0
4468.003032802016 0.0 0.0 0.0 1.0 0.0 0.0 26.0 0.0
4469.004088205519 0.0 0.0 0.0 1.0 0.0 0.0 26.0 0.0
4470.035786795582 0.0 0.0 0.0 1.0 0.0 0.0 26.0 0.0
4471.035786795582 0.0 0.0 0.0 1.0 0.0 0.0 26.0 0.0
4472.009395170453 0.0 0.0 0.0 1.0 0.0 0.0 26.0 0.0
4473.029645347182 0.0 0.0 0.0 1.0 0.0 0.0 26.0 0.0
4474.035786795582 0.0 0.0 0.0 1.0 0.0 0.0 26.0 0.0
4475.013418668085 0.0 0.0 0.0 1.0 0.0 0.0 26.0 0.0
4476.016649247462 0.0 0.0 0.0 1.0 0.0 0.0 26.0 0.0
4477.007291980279 0.0 0.0 0.0 1.0 0.0 0.0 26.0 0.0
4478.019530376887 0.0 0.0 0.0 1.0 0.0 0.0 26.0 0.0
4479.0011531786795 0.0 0.0 0.0 1.0 0.0 0.0 26.0 0.0
4480.00922703034 0.0 0.0 0.0 1.0 0.0 0.0 26.0 0.0
4481.006345237935 0.0 0.0 0.0 1.0 0.0 0.0 26.0 0.0
4482.015733499313 0.0 0.0 0.0 1.0 0.0 0.0 26.0 0.0
4483.035786795582 0.0 0.0 0.0 1.0 0.0 0.0 26.0 0.0
4484.024875715069 0.0 0.0 0.0 1.0 0.0 0.0 26.0 0.0
4485.007628207166 0.0 0.0 0.0 1.0 0.0 0.0 26.0 0.0
4486.023139186057 0.0 0.0 0.0 1.0 0.0 0.0 26.0 0.0
4487.0138784771525 0.0 0.0 0.0 1.0 0.0 0.0 26.0 0.0
4488.035786795582 0.0 0.0 0.0 1.0 0.0 0.0 26.0 0.0
4489.008959691796 0.0 0.0 0.0 1.0 0.0 0.0 26.0 0.0
4490.017327199458 0.0 0.0 0.0 1.0 0.0 0.0 26.0 0.0
4491.035786795582 0.0 0.0 0.0 1.0 0.0 0.0 26.0 0.0
4492.024233552897 0.0 0.0 0.0 1.0 0.0 0.0 26.0 0.0
4493.000741084715 0.0 0.0 0.0 1.0 0.0 0.0 26.0 0.0
4494.011873512559 0.0 0.0 0.0 1.0 0.0 0.0 26.0 0.0
4495.013466135382 0.0 0.0 0.0 1.0 0.0 0.0 26.0 0.0
4496.004205119514 0.0 0.0 0.0 1.0 0.0 0.0 26.0 0.0
4497.000520531502 0.0 0.0 0.0 1.0 0.0 0.0 26.0 0.0
4498.011837079199 0.0 0.0 0.0 1.0 0.0 0.0 26.0 0.0
4499.028727308894 0.0 0.0 0.0 1.0 0.0 0.0 26.0 0.0
4500.035786795582 0.0 0.0 0.0 1.0 0.0 0.0 26.0 0.0
4501.021788271371 0.0 0.0 0.0 1.0 0.0 0.0 26.0 0.0
4502.035786795582 0.0 0.0 0.0 1.0 0.0 0.0 26.0 0.0
4503.00410180712 0.0 0.0 0.0 1.0 0.0 0.0 26.0 0.0
4504.00481246946 0.0 0.0 0.0 1.0 0.0 0.0 26.0 0.0
4505.005596290294 0.0 0.0 0.0 1.0 0.0 0.0 26.0 0.0
4506.035786795582 0.0 0.0 0.0 1.0 0.0 0.0 26.0 0.0
4507.022560959951 0.0 0.0 0.0 1.0 0.0 0.0 26.0 0.0
4508.0202798353175 0.0 0.0 0.0 1.0 0.0 0.0 26.0 0.0
4509.035786795582 0.0 0.0 0.0 1.0 0.0 0.0 26.0 0.0
4510.018207584742 0.0 0.0 0.0 1.0 0.0 0.0 26.0 0.0
4511.035786795582 0.0 0.0 0.0 1.0 0.0 0.0 26.0 0.0
4512.032733419891 0.0 0.0 0.0 1.0 0.0 0.0 26.0 0.0
4513.006239271791 0.0 0.0 0.0 1.0 0.0 0.0 26.0 0.0
4514.035786795582 0.0 0.0 0.0 1.0 0.0 0.0 26.0 0.0
4515.013293164957 0.0 0.0 0.0 1.0 0.0 0.0 26.0 0.0
4516.002241704357 0.0 0.0 0.0 1.0 0.0 0.0 26.0 0.0
4517.01169241351 0.0 0.0 0.0 1.0 0.0 0.0 26.0 0.0
4518.035786795582 0.0 0.0 0.0 1.0 0.0 0.0 26.0 0.0
4519.011300950756 0.0 0.0 0.0 1.0 0.0 0.0 26.0 0.0
4520.012129084506 0.0 0.0 0.0 1.0 0.0 0.0 26.0 0.0
4521.029409518835 0.0 0.0 0.0 1.0 0.0 0.0 26.0 0.0
4522.026780019634 0.0 0.0 0.0 1.0 0.0 0.0 26.0 0.0
4523.035786795582 0.0 0.0 0.0 1.0 0.0 0.0 26.0 0.0
4524.024064693965 0.0 0.0 0.0 1.0 0.0 0.0 26.0 0.0
4525.000350700019 0.0 0.0 0.0 1.0 0.0 0.0 26.0 0.0
4526.035786795582 0.0 0.0 0.0 1.0 0.0 0.0 26.0 0.0
4527.002256644667 0.0 0.0 0.0 1.0 0.0 0.0 26.0 0.0
4528.003465050698 0.0 0.0 0.0 1.0 0.0 0.0 26.0 0.0
4529.031004524171 0.0 0.0 0.0 1.0 0.0 0.0 26.0 0.0
4530.017293307969 0.0 0.0 0.0 1.0 0.0 0.0 26.0 0.0
4531.035786795582 0.0 0.0 0.0 1.0 0.0 0.0 26.0 0.0
4532.029469230843 0.0 0.0 0.0 1.0 0.0 0.0 26.0 0.0
4533.016506699662 0.0 0.0 0.0 1.0 0.0 0.0 26.0 0.0
4534.000973740661 0.0 0.0 0.0 1.0 0.0 0.0 26.0 0.0
4535.000836248133 0.0 0.0 0.0 1.0 0.0 0.0 26.0 0.0
4536.000161326903 0.0 0.0 0.0 1.0 0.0 0.0 26.0 0.0
4537.000637015066 0.0 0.0 0.0 1.0 0.0 0.0 26.0 0.0
4538.006515193572 0.0 0.0 0.0 1.0 0.0 0.0 26.0 0.0
4539.030546651282 0.0 0.0 0.0 1.0 0.0 0.0 26.0 0.0
4540.035786795582 0.0 0.0 0.0 1.0 0.0 0.0 26.0 0.0
4541.035786795582 0.0 0.0 0.0 1.0 0.0 0.0 26.0 0.0
4542.035786795582 0.0 0.0 0.0 1.0 0.0 0.0 26.0 0.0
4543.022364066045 0.0 0.0 0.0 1.0 0.0 0.0 26.0 0.0
4544.035098706679 0.0 0.0 0.0 1.0 0.0 0.0 26.0 0.0
4545.007298083298 0.0 0.0 0.0 1.0 0.0 0.0 26.0 0.0
4546.008574636823 0.0 0.0 0.0 1.0 0.0 0.0 26.0 0.0
4547.006866989313 0.0 0.0 0.0 1.0 0.0 0.0 26.0 0.0
4548.009238745141 0.0 0.0 0.0 1.0 0.0 0.0 26.0 0.0
4549.000264229138 0.0 0.0 0.0 1.0 0.0 0.0 26.0 0.0
4550.007973504922 0.0 0.0 0.0 1.0 0.0 0.0 26.0 0.0
4551.001827778695 0.0 0.0 0.0 1.0 0.0 0.0 26.0 0.0
4552.015036291362 0.0 0.0 0.0 1.0 0.0 0.0 26.0 0.0
4553.035588536569 0.0 0.0 0.0 1.0 0.0 0.0 26.0 0.0
4554.009450293823 0.0 0.0 0.0 1.0 0.0 0.0 26.0 0.0
4555.011594601689 0.0 0.0 0.0 1.0 0.0 0.0 26.0 0.0
4556.035786795582 0.0 0.0 0.0 1.0 0.0 0.0 26.0 0.0
4557.022130055878 0.0 0.0 0.0 1.0 0.0 0.0 26.0 0.0
4558.004659628603 0.0 0.0 0.0 1.0 0.0 0.0 26.0 0.0
4559.0245042328315 0.0 0.0 0.0 1.0 0.0 0.0 26.0 0.0
4560.0106972172625 0.0 0.0 0.0 1.0 0.0 0.0 26.0 0.0
4561.01456500148 0.0 0.0 0.0 1.0 0.0 0.0 26.0 0.0
4562.0236085218285 0.0 0.0 0.0 1.0 0.0 0.0 26.0 0.0
4563.016759692592 0.0 0.0 0.0 1.0 0.0 0.0 26.0 0.0
4564.0043696725415 0.0 0.0 0.0 1.0 0.0 0.0 26.0 0.0
4565.0024003802855 0.0 0.0 0.0 1.0 0.0 0.0 26.0 0.0
4566.021793779472 0.0 0.0 0.0 1.0 0.0 0.0 26.0 0.0
4567.035786795582 0.0 0.0 0.0 1.0 0.0 0.0 26.0 0.0
4568.0072696592615 0.0 0.0 0.0 1.0 0.0 0.0 26.0 0.0
4569.012808858508 0.0 0.0 0.0 1.0 0.0 0.0 26.0 0.0
4570.005418264561 0.0 0.0 0.0 1.0 0.0 0.0 26.0 0.0
4571.035786795582 0.0 0.0 0.0 1.0 0.0 0.0 26.0 0.0
4572.035786795582 0.0 0.0 0.0 1.0 0.0 0.0 26.0 0.0
4573.012630934493 0.0 0.0 0.0 1.0 0.0 0.0 26.0 0.0
4574.014126279218 0.0 0.0 0.0 1.0 0.0 0.0 26.0 0.0
4575.035786795582 0.0 0.0 0.0 1.0 0.0 0.0 26.0 0.0
4576.022670457655 0.0 0.0 0.0 1.0 0.0 0.0 26.0 0.0
4577.009103015715 0.0 0.0 0.0 1.0 0.0 0.0 26.0 0.0
4578.0194064709385 0.0 0.0 0.0 1.0 0.0 0.0 26.0 0.0
4579.0172874816035 0.0 0.0 0.0 1.0 0.0 0.0 26.0 0.0
4580.017765153268 0.0 0.0 0.0 1.0 0.0 0.0 26.0 0.0
4581.035786795582 0.0 0.0 0.0 1.0 0.0 0.0 26.0 0.0
4582.014543127498 0.0 0.0 0.0 1.0 0.0 0.0 26.0 0.0
4583.02060225171 0.0 0.0 0.0 1.0 0.0 0.0 26.0 0.0
4584.035786795582 0.0 0.0 0.0 1.0 0.0 0.0 26.0 0.0
4585.013156810033 0.0 0.0 0.0 1.0 0.0 0.0 26.0 0.0
4586.00242504049 0.0 0.0 0.0 1.0 0.0 0.0 26.0 0.0
4587.035786795582 0.0 0.0 0.0 1.0 0.0 0.0 26.0 0.0
4588.035786795582 0.0 0.0 0.0 1.0 0.0 0.0 26.0 0.0
4589.031083291108 0.0 0.0 0.0 1.0 0.0 0.0 26.0 0.0
4590.035786795582 0.0 0.0 0.0 1.0 0.0 0.0 26.0 0.0
4591.018194160717 0.0 0.0 0.0 1.0 0.0 0.0 26.0 0.0
4592.008428542967 0.0 0.0 0.0 1.0 0.0 0.0 26.0 0.0
4593.035786795582 0.0 0.0 0.0 1.0 0.0 0.0 26.0 0.0
4594.035786795582 0.0 0.0 0.0 1.0 0.0 0.0 26.0 0.0
4595.026990116186 0.0 0.0 0.0 1.0 0.0 0.0 26.0 0.0
4596.035786795582 0.0 0.0 0.0 1.0 0.0 0.0 26.0 0.0
4597.019180659484 0.0 0.0 0.0 1.0 0.0 0.0 26.0 0.0
4598.016896797858 0.0 0.0 0.0 1.0 0.0 0.0 26.0 0.0
4599.004249716989 0.0 0.0 0.0 1.0 0.0 0.0 26.0 0.0
4600.035786795582 0.0 0.0 0.0 1.0 0.0 0.0 26.0 0.0
#####################################################################
# End of data export. Simulation finished at: 2026-05-19T12:38+0000 #
#####################################################################
