#####################################################################
# Alchemist log file - simulation started at: 2026-05-19T12:05+0000 #
#####################################################################
#
# seed = 77.0, connection_range_percentage = 0.25, variability = 7.0, history_length = 6000, drones = 160
#
# The columns have the following meaning: 
# time wandering[mean] defending[mean] solving[mean] wait[mean] attacked[max] alarm[max] historySize[mean] disagreementRate 
0.0 NaN NaN NaN NaN 0.0 0.0 NaN 0.0
0.0 0.0 0.0 0.0 1.0 0.0 0.0 2.0 0.0
1.003190758113507 0.0 0.0 0.0 1.0 0.0 0.0 2.4 0.0
2.0004292835641397 0.0 0.0 0.0 1.0 0.0 0.0 2.9875 0.0
3.0000629161935493 0.0 0.0 0.0 1.0 0.0 0.0 3.0 0.0
4.009183424712787 0.0 0.0 0.0 1.0 0.0 0.0 3.0 0.0
5.002100151959058 0.0 0.0 0.0 1.0 0.0 0.0 3.0 0.0
6.009183424712787 0.0 0.0 0.0 1.0 0.0 0.0 3.0 0.0
7.001540017753684 0.0 0.0 0.0 1.0 0.0 0.0 3.0 0.0
8.001641021147469 0.0 0.0 0.0 1.0 0.0 0.0 3.0 0.0
9.00271602850967 0.0 0.0 0.0 1.0 0.0 0.0 3.0 0.0
10.004573898230044 0.0 0.0 0.0 1.0 0.0 0.0 3.0 0.0
11.006065721576483 0.0 0.0 0.0 1.0 0.0 0.0 3.0 0.0
12.004945604748343 0.0 0.0 0.0 1.0 0.0 0.0 3.0 0.0
13.009183424712788 0.0 0.0 0.0 1.0 0.0 0.0 3.0 0.0
14.005830375553431 0.0 0.0 0.0 1.0 0.0 0.0 3.0 0.0
15.009183424712788 0.0 0.0 0.0 1.0 0.0 0.0 3.0 0.0
16.009183424712788 0.0 0.0 0.0 1.0 0.0 0.0 3.0 0.0
17.00585975768944 0.0 0.0 0.0 1.0 0.0 0.0 3.0 0.0
18.009183424712788 0.0 0.0 0.0 1.0 0.0 0.0 3.0 0.0
19.004167433271224 0.0 0.0 0.0 1.0 0.0 0.0 3.0 0.0
20.006035133307673 0.0 0.0 0.0 1.0 0.0 0.0 3.0 0.0
21.003401154180935 0.0 0.0 0.0 1.0 0.0 0.0 3.0 0.0
22.009183424712788 0.0 0.0 0.0 1.0 0.0 0.0 3.0 0.0
23.003116803475304 0.0 0.0 0.0 1.0 0.0 0.0 3.0 0.0
24.001974465338517 0.0 0.0 0.0 1.0 0.0 0.0 3.0 0.0
25.009183424712788 0.0 0.0 0.0 1.0 0.0 0.0 3.0 0.0
26.000692098140867 0.0 0.0 0.0 1.0 0.0 0.0 3.0 0.0
27.000733023832225 0.0 0.0 0.0 1.0 0.0 0.0 3.0 0.0
28.009183424712788 0.0 0.0 0.0 1.0 0.0 0.0 3.0 0.0
29.007542827909433 0.0 0.0 0.0 1.0 0.0 0.0 3.0 0.0
30.004743122984973 0.0 0.0 0.0 1.0 0.0 0.0 3.0 0.0
31.009183424712788 0.0 0.0 0.0 1.0 0.0 0.0 3.0 0.0
32.00472589926846 0.0 0.0 0.0 1.0 0.0 0.0 3.0 0.0
33.000083893930984 0.0 0.0 0.0 1.0 0.0 0.0 3.0 0.0
34.00918342471279 0.0 0.0 0.0 1.0 0.0 0.0 3.0 0.0
35.00448218200387 0.0 0.0 0.0 1.0 0.0 0.0 3.0 0.0
36.00079877817145 0.0 0.0 0.0 1.0 0.0 0.0 3.0 0.0
37.00409582636153 0.0 0.0 0.0 1.0 0.0 0.0 3.0 0.0
38.00442167915975 0.0 0.0 0.0 1.0 0.0 0.0 3.0 0.0
39.00281330846426 0.0 0.0 0.0 1.0 0.0 0.0 3.0 0.0
40.00918342471279 0.0 0.0 0.0 1.0 0.0 0.0 3.0 0.0
41.00918342471279 0.0 0.0 0.0 1.0 0.0 0.0 3.0 0.0
42.007749503311 0.0 0.0 0.0 1.0 0.0 0.0 3.0 0.0
43.00894424240691 0.0 0.0 0.0 1.0 0.0 0.0 3.0 0.0
44.00572601380264 0.0 0.0 0.0 1.0 0.0 0.0 3.0 0.0
45.00918342471279 0.0 0.0 0.0 1.0 0.0 0.0 3.0 0.0
46.0068706893022 0.0 0.0 0.0 1.0 0.0 0.0 3.0 0.0
47.0014503594954 0.0 0.0 0.0 1.0 0.0 0.0 3.0 0.0
48.00389831671081 0.0 0.0 0.0 1.0 0.0 0.0 3.0 0.0
49.005354401411466 0.0 0.0 0.0 1.0 0.0 0.0 3.0 0.0
50.007416057439315 0.0 0.0 0.0 1.0 0.0 0.0 3.0 0.0
51.001391944794165 0.0 0.0 0.0 1.0 0.0 0.0 3.0 0.0
52.00267004603575 0.0 0.0 0.0 1.0 0.0 0.0 3.0 0.0
53.00843183444047 0.0 0.0 0.0 1.0 0.0 0.0 3.0 0.0
54.0006606453686 0.0 0.0 0.0 1.0 0.0 0.0 3.0 0.0
55.000495882176494 0.0 0.0 0.0 1.0 0.0 0.0 3.0 0.0
56.00205046357626 0.0 0.0 0.0 1.0 0.0 0.0 3.0 0.0
57.00918342471279 0.0 0.0 0.0 1.0 0.0 0.0 3.0 0.0
58.00918342471279 0.0 0.0 0.0 1.0 0.0 0.0 3.0 0.0
59.00918342471279 0.0 0.0 0.0 1.0 0.0 0.0 3.0 0.0
60.00918342471279 0.0 0.0 0.0 1.0 0.0 0.0 3.0 0.0
61.00110654924726 0.0 0.0 0.0 1.0 0.0 0.0 3.0 0.0
62.00409041848774 0.0 0.0 0.0 1.0 0.0 0.0 3.0 0.0
63.00007623521328 0.0 0.0 0.0 1.0 0.0 0.0 3.0 0.0
64.002807767766 0.0 0.0 0.0 1.0 0.0 0.0 3.0 0.0
65.00448291640448 0.0 0.0 0.0 1.0 0.0 0.0 3.0 0.0
66.0059562080231 0.0 0.0 0.0 1.0 0.0 0.0 3.0 0.0
67.00017860762819 0.0 0.0 0.0 1.0 0.0 0.0 3.0 0.0
68.00447703761347 0.0 0.0 0.0 1.0 0.0 0.0 3.0 0.0
69.00271047548429 0.0 0.0 0.0 1.0 0.0 0.0 3.0 0.0
70.0020504511078 0.0 0.0 0.0 1.0 0.0 0.0 3.0 0.0
71.00796952167957 0.0 0.0 0.0 1.0 0.0 0.0 3.0 0.0
72.0023821836551 0.0 0.0 0.0 1.0 0.0 0.0 3.0 0.0
73.00445984041424 0.0 0.0 0.0 1.0 0.0 0.0 3.0 0.0
74.00918342471279 0.0 0.0 0.0 1.0 0.0 0.0 3.0 0.0
75.00918342471279 0.0 0.0 0.0 1.0 0.0 0.0 3.0 0.0
76.00043420223632 0.0 0.0 0.0 1.0 0.0 0.0 3.0 0.0
77.00158200366744 0.0 0.0 0.0 1.0 0.0 0.0 3.0 0.0
78.00918342471279 0.0 0.0 0.0 1.0 0.0 0.0 3.0 0.0
79.00918342471279 0.0 0.0 0.0 1.0 0.0 0.0 3.0 0.0
80.005549364001 0.0 0.0 0.0 1.0 0.0 0.0 3.0 0.0
81.0062056327157 0.0 0.0 0.0 1.0 0.0 0.0 3.0 0.0
82.00130475429425 0.0 0.0 0.0 1.0 0.0 0.0 3.0 0.0
83.00204221987197 0.0 0.0 0.0 1.0 0.0 0.0 3.0 0.0
84.0015231307637 0.0 0.0 0.0 1.0 0.0 0.0 3.0 0.0
85.00026962293927 0.0 0.0 0.0 1.0 0.0 0.0 3.0 0.0
86.00398316612251 0.0 0.0 0.0 1.0 0.0 0.0 3.0 0.0
87.0006312843167 0.0 0.0 0.0 1.0 0.0 0.0 3.0 0.0
88.00918342471279 0.0 0.0 0.0 1.0 0.0 0.0 3.0 0.0
89.00918342471279 0.0 0.0 0.0 1.0 0.0 0.0 3.0 0.0
90.00918342471279 0.0 0.0 0.0 1.0 0.0 0.0 3.0 0.0
91.00918342471279 0.0 0.0 0.0 1.0 0.0 0.0 3.0 0.0
92.00160494550491 0.0 0.0 0.0 1.0 0.0 0.0 3.0 0.0
93.0012211734156 0.0 0.0 0.0 1.0 0.0 0.0 3.0 0.0
94.00022644276076 0.0 0.0 0.0 1.0 0.0 0.0 3.0 0.0
95.00918342471279 0.0 0.0 0.0 1.0 0.0 0.0 3.0 0.0
96.00410916235472 0.0 0.0 0.0 1.0 0.0 0.0 3.0 0.0
97.00191886095064 0.0 0.0 0.0 1.0 0.0 0.0 3.0 0.0
98.00251824146928 0.0 0.0 0.0 1.0 0.0 0.0 3.0 0.0
99.00415702062973 0.0 0.0 0.0 1.0 0.0 0.0 3.0 0.0
100.00020074681154 0.0 0.0 0.0 1.0 0.0 0.0 3.0 0.0
101.00918342471279 0.0 0.0 0.0 1.0 0.0 0.0 3.0 0.0
102.00918342471279 0.0 0.0 0.0 1.0 0.0 0.0 3.0 0.0
103.00918342471279 0.0 0.0 0.0 1.0 0.0 0.0 3.0 0.0
104.0023142291389 0.0 0.0 0.0 1.0 0.0 0.0 3.0 0.0
105.00748488956411 0.0 0.0 0.0 1.0 0.0 0.0 3.0 0.0
106.0025202800979 0.0 0.0 0.0 1.0 0.0 0.0 3.0 0.0
107.00389799189615 0.0 0.0 0.0 1.0 0.0 0.0 3.0 0.0
108.00211557645545 0.0 0.0 0.0 1.0 0.0 0.0 3.0 0.0
109.00333506833952 0.0 0.0 0.0 1.0 0.0 0.0 3.0 0.0
110.00838066542379 0.0 0.0 0.0 1.0 0.0 0.0 3.0 0.0
111.00918342471279 0.0 0.0 0.0 1.0 0.0 0.0 3.0 0.0
112.00356846861591 0.0 0.0 0.0 1.0 0.0 0.0 3.0 0.0
113.00607026983677 0.0 0.0 0.0 1.0 0.0 0.0 3.0 0.0
114.00757877588117 0.0 0.0 0.0 1.0 0.0 0.0 3.0 0.0
115.00676835111938 0.0 0.0 0.0 1.0 0.0 0.0 3.0 0.0
116.00883328772301 0.0 0.0 0.0 1.0 0.0 0.0 3.0 0.0
117.00561660996784 0.0 0.0 0.0 1.0 0.0 0.0 3.0 0.0
118.00918342471279 0.0 0.0 0.0 1.0 0.0 0.0 3.0 0.0
119.0053968373617 0.0 0.0 0.0 1.0 0.0 0.0 3.0 0.0
120.00421424499974 0.0 0.0 0.0 1.0 0.0 0.0 3.0 0.0
121.00918342471279 0.0 0.0 0.0 1.0 0.0 0.0 3.0 0.0
122.00100261248316 0.0 0.0 0.0 1.0 0.0 0.0 3.0 0.0
123.00663495395555 0.0 0.0 0.0 1.0 0.0 0.0 3.0 0.0
124.00200537857789 0.0 0.0 0.0 1.0 0.0 0.0 3.0 0.0
125.00482322828427 0.0 0.0 0.0 1.0 0.0 0.0 3.0 0.0
126.00085910262969 0.0 0.0 0.0 1.0 0.0 0.0 3.0 0.0
127.00258361942825 0.0 0.0 0.0 1.0 0.0 0.0 3.0 0.0
128.00918342471277 0.0 0.0 0.0 1.0 0.0 0.0 3.0 0.0
129.00918342471277 0.0 0.0 0.0 1.0 0.0 0.0 3.0 0.0
130.0066872405473 0.0 0.0 0.0 1.0 0.0 0.0 3.0 0.0
131.0022023802234 0.0 0.0 0.0 1.0 0.0 0.0 3.0 0.0
132.00226959823698 0.0 0.0 0.0 1.0 0.0 0.0 3.0 0.0
133.00863644569947 0.0 0.0 0.0 1.0 0.0 0.0 3.0 0.0
134.004370211339 0.0 0.0 0.0 1.0 0.0 0.0 3.0 0.0
135.00018326118746 0.0 0.0 0.0 1.0 0.0 0.0 3.0 0.0
136.0090637819907 0.0 0.0 0.0 1.0 0.0 0.0 3.0 0.0
137.00611014950152 0.0 0.0 0.0 1.0 0.0 0.0 3.0 0.0
138.00217201030867 0.0 0.0 0.0 1.0 0.0 0.0 3.0 0.0
139.00526655297816 0.0 0.0 0.0 1.0 0.0 0.0 3.0 0.0
140.0035508181385 0.0 0.0 0.0 1.0 0.0 0.0 3.0 0.0
141.00338352682294 0.0 0.0 0.0 1.0 0.0 0.0 3.0 0.0
142.00918342471277 0.0 0.0 0.0 1.0 0.0 0.0 3.0 0.0
143.00097886149743 0.0 0.0 0.0 1.0 0.0 0.0 3.0 0.0
144.0068507037536 0.0 0.0 0.0 1.0 0.0 0.0 3.0 0.0
145.00918342471277 0.0 0.0 0.0 1.0 0.0 0.0 3.0 0.0
146.00918342471277 0.0 0.0 0.0 1.0 0.0 0.0 3.0 0.0
147.00823556890288 0.0 0.0 0.0 1.0 0.0 0.0 3.0 0.0
148.00918342471277 0.0 0.0 0.0 1.0 0.0 0.0 3.0 0.0
149.00789372504812 0.0 0.0 0.0 1.0 0.0 0.0 3.0 0.0
150.00918342471277 0.0 0.0 0.0 1.0 0.0 0.0 3.0 0.0
151.00217536967716 0.0 0.0 0.0 1.0 0.0 0.0 3.0 0.0
152.005373088831 0.0 0.0 0.0 1.0 0.0 0.0 3.0 0.0
153.0004763828523 0.0 0.0 0.0 1.0 0.0 0.0 3.0 0.0
154.00918342471277 0.0 0.0 0.0 1.0 0.0 0.0 3.0 0.0
155.0015192856359 0.0 0.0 0.0 1.0 0.0 0.0 3.0 0.0
156.0028488676278 0.0 0.0 0.0 1.0 0.0 0.0 3.0 0.0
157.00918342471277 0.0 0.0 0.0 1.0 0.0 0.0 3.0 0.0
158.00862731827974 0.0 0.0 0.0 1.0 0.0 0.0 3.0 0.0
159.00606934290977 0.0 0.0 0.0 1.0 0.0 0.0 3.0 0.0
160.00150154440877 0.0 0.0 0.0 1.0 0.0 0.0 3.0 0.0
161.00119261523787 0.0 0.0 0.0 1.0 0.0 0.0 3.0 0.0
162.00918342471277 0.0 0.0 0.0 1.0 0.0 0.0 3.0 0.0
163.001286991096 0.0 0.0 0.0 1.0 0.0 0.0 3.0 0.0
164.0047639839314 0.0 0.0 0.0 1.0 0.0 0.0 3.0 0.0
165.00918342471277 0.0 0.0 0.0 1.0 0.0 0.0 3.0 0.0
166.0055717275079 0.0 0.0 0.0 1.0 0.0 0.0 3.0 0.0
167.00918342471277 0.0 0.0 0.0 1.0 0.0 0.0 3.0 0.0
168.00192136156477 0.0 0.0 0.0 1.0 0.0 0.0 3.0 0.0
169.0011398019005 0.0 0.0 0.0 1.0 0.0 0.0 3.0 0.0
170.00088500907216 0.0 0.0 0.0 1.0 0.0 0.0 3.0 0.0
171.00918342471277 0.0 0.0 0.0 1.0 0.0 0.0 3.0 0.0
172.00918342471277 0.0 0.0 0.0 1.0 0.0 0.0 3.0 0.0
173.0014902086659 0.0 0.0 0.0 1.0 0.0 0.0 3.0 0.0
174.00414136471812 0.0 0.0 0.0 1.0 0.0 0.0 3.0 0.0
175.00643239791546 0.0 0.0 0.0 1.0 0.0 0.0 3.0 0.0
176.0021113780444 0.0 0.0 0.0 1.0 0.0 0.0 3.0 0.0
177.00918342471277 0.0 0.0 0.0 1.0 0.0 0.0 3.0 0.0
178.000322418269 0.0 0.0 0.0 1.0 0.0 0.0 3.0 0.0
179.00918342471277 0.0 0.0 0.0 1.0 0.0 0.0 3.0 0.0
180.00918342471277 0.0 0.0 0.0 1.0 0.0 0.0 3.0 0.0
181.00918342471277 0.0 0.0 0.0 1.0 0.0 0.0 3.0 0.0
182.00918342471277 0.0 0.0 0.0 1.0 0.0 0.0 3.0 0.0
183.00226777229275 0.0 0.0 0.0 1.0 0.0 0.0 3.0 0.0
184.00778492600315 0.0 0.0 0.0 1.0 0.0 0.0 3.0 0.0
185.00918342471277 0.0 0.0 0.0 1.0 0.0 0.0 3.0 0.0
186.00918342471277 0.0 0.0 0.0 1.0 0.0 0.0 3.0 0.0
187.0006743505653 0.0 0.0 0.0 1.0 0.0 0.0 3.0 0.0
188.00299166136423 0.0 0.0 0.0 1.0 0.0 0.0 3.0 0.0
189.00059839868734 0.0 0.0 0.0 1.0 0.0 0.0 3.0 0.0
190.0020225061726 0.0 0.0 0.0 1.0 0.0 0.0 3.0 0.0
191.00092641663713 0.0 0.0 0.0 1.0 0.0 0.0 3.0 0.0
192.00918342471277 0.0 0.0 0.0 1.0 0.0 0.0 3.0 0.0
193.0055282385373 0.0 0.0 0.0 1.0 0.0 0.0 3.0 0.0
194.0011325843109 0.0 0.0 0.0 1.0 0.0 0.0 3.0 0.0
195.0056491198497 0.0 0.0 0.0 1.0 0.0 0.0 3.0 0.0
196.00092201348625 0.0 0.0 0.0 1.0 0.0 0.0 3.0 0.0
197.00918342471277 0.0 0.0 0.0 1.0 0.0 0.0 3.0 0.0
198.00145637902625 0.0 0.0 0.0 1.0 0.0 0.0 3.0 0.0
199.0022360070109 0.0 0.0 0.0 1.0 0.0 0.0 3.0 0.0
200.0082617516183 0.0 0.0 0.0 1.0 0.0 0.0 3.0 0.0
201.00255148132993 0.0 0.0 0.0 1.0 0.0 0.0 3.0 0.0
202.00492953368916 0.0 0.0 0.0 1.0 0.0 0.0 3.0 0.0
203.0073816082209 0.0 0.0 0.0 1.0 0.0 0.0 3.0 0.0
204.00918342471277 0.0 0.0 0.0 1.0 0.0 0.0 3.0 0.0
205.00090945623975 0.0 0.0 0.0 1.0 0.0 0.0 3.0 0.0
206.00918342471277 0.0 0.0 0.0 1.0 0.0 0.0 3.0 0.0
207.00918342471277 0.0 0.0 0.0 1.0 0.0 0.0 3.0 0.0
208.00069164978478 0.0 0.0 0.0 1.0 0.0 0.0 3.0 0.0
209.00918342471277 0.0 0.0 0.0 1.0 0.0 0.0 3.0 0.0
210.00918342471277 0.0 0.0 0.0 1.0 0.0 0.0 3.0 0.0
211.00547205677626 0.0 0.0 0.0 1.0 0.0 0.0 3.0 0.0
212.00263059430824 0.0 0.0 0.0 1.0 0.0 0.0 3.0 0.0
213.00223201787793 0.0 0.0 0.0 1.0 0.0 0.0 3.0 0.0
214.0063407522786 0.0 0.0 0.0 1.0 0.0 0.0 3.0 0.0
215.00533018320317 0.0 0.0 0.0 1.0 0.0 0.0 3.0 0.0
216.00453944068053 0.0 0.0 0.0 1.0 0.0 0.0 3.0 0.0
217.0027557803565 0.0 0.0 0.0 1.0 0.0 0.0 3.0 0.0
218.00514368452167 0.0 0.0 0.0 1.0 0.0 0.0 3.0 0.0
219.00818565766266 0.0 0.0 0.0 1.0 0.0 0.0 3.0 0.0
220.00098074117008 0.0 0.0 0.0 1.0 0.0 0.0 3.0 0.0
221.0007529428914 0.0 0.0 0.0 1.0 0.0 0.0 3.0 0.0
222.00798039291047 0.0 0.0 0.0 1.0 0.0 0.0 3.0 0.0
223.00443166308915 0.0 0.0 0.0 1.0 0.0 0.0 3.0 0.0
224.00323902071162 0.0 0.0 0.0 1.0 0.0 0.0 3.0 0.0
225.0001099793944 0.0 0.0 0.0 1.0 0.0 0.0 3.0 0.0
226.00826948473852 0.0 0.0 0.0 1.0 0.0 0.0 3.0 0.0
227.00566469801214 0.0 0.0 0.0 1.0 0.0 0.0 3.0 0.0
228.00001384696074 0.0 0.0 0.0 1.0 0.0 0.0 3.0 0.0
229.00359113171206 0.0 0.0 0.0 1.0 0.0 0.0 3.0 0.0
230.00710623173956 0.0 0.0 0.0 1.0 0.0 0.0 3.0 0.0
231.0023333329859 0.0 0.0 0.0 1.0 0.0 0.0 3.0 0.0
232.003490574228 0.0 0.0 0.0 1.0 0.0 0.0 3.0 0.0
233.00111049269674 0.0 0.0 0.0 1.0 0.0 0.0 3.0 0.0
234.00325830589117 0.0 0.0 0.0 1.0 0.0 0.0 3.0 0.0
235.0019549829201 0.0 0.0 0.0 1.0 0.0 0.0 3.0 0.0
236.00221156198313 0.0 0.0 0.0 1.0 0.0 0.0 3.0 0.0
237.00258563209474 0.0 0.0 0.0 1.0 0.0 0.0 3.0 0.0
238.00918342471277 0.0 0.0 0.0 1.0 0.0 0.0 3.0 0.0
239.00312994705376 0.0 0.0 0.0 1.0 0.0 0.0 3.0 0.0
240.00435440197882 0.0 0.0 0.0 1.0 0.0 0.0 3.0 0.0
241.00175962477252 0.0 0.0 0.0 1.0 0.0 0.0 3.0 0.0
242.0000280043822 0.0 0.0 0.0 1.0 0.0 0.0 3.0 0.0
243.00918342471277 0.0 0.0 0.0 1.0 0.0 0.0 3.0 0.0
244.00126175505488 0.0 0.0 0.0 1.0 0.0 0.0 3.0 0.0
245.00506811772115 0.0 0.0 0.0 1.0 0.0 0.0 3.0 0.0
246.00457483018937 0.0 0.0 0.0 1.0 0.0 0.0 3.0 0.0
247.0005803453594 0.0 0.0 0.0 1.0 0.0 0.0 3.0 0.0
248.00484229750367 0.0 0.0 0.0 1.0 0.0 0.0 3.0 0.0
249.00161275528322 0.0 0.0 0.0 1.0 0.0 0.0 3.0 0.0
250.00918342471277 0.0 0.0 0.0 1.0 0.0 0.0 3.0 0.0
251.00695827235265 0.0 0.0 0.0 1.0 0.0 0.0 3.0 0.0
252.00918342471277 0.0 0.0 0.0 1.0 0.0 0.0 3.0 0.0
253.0053575196607 0.0 0.0 0.0 1.0 0.0 0.0 3.0 0.0
254.00365649347754 0.0 0.0 0.0 1.0 0.0 0.0 3.0 0.0
255.00052105132286 0.0 0.0 0.0 1.0 0.0 0.0 3.0 0.0
256.0035702222184 0.0 0.0 0.0 1.0 0.0 0.0 3.0 0.0
257.0036608407791 0.0 0.0 0.0 1.0 0.0 0.0 3.0 0.0
258.0065849517692 0.0 0.0 0.0 1.0 0.0 0.0 3.0 0.0
259.0058607133446 0.0 0.0 0.0 1.0 0.0 0.0 3.0 0.0
260.00142441146113 0.0 0.0 0.0 1.0 0.0 0.0 3.0 0.0
261.0073426576291 0.0 0.0 0.0 1.0 0.0 0.0 3.0 0.0
262.0091834247128 0.0 0.0 0.0 1.0 0.0 0.0 3.0 0.0
263.00376849863494 0.0 0.0 0.0 1.0 0.0 0.0 3.0 0.0
264.00505194719113 0.0 0.0 0.0 1.0 0.0 0.0 3.0 0.0
265.00584586933394 0.0 0.0 0.0 1.0 0.0 0.0 3.0 0.0
266.0090255068044 0.0 0.0 0.0 1.0 0.0 0.0 3.0 0.0
267.00429917347856 0.0 0.0 0.0 1.0 0.0 0.0 3.0 0.0
268.0047376189985 0.0 0.0 0.0 1.0 0.0 0.0 3.0 0.0
269.00611820419965 0.0 0.0 0.0 1.0 0.0 0.0 3.0 0.0
270.0088181025451 0.0 0.0 0.0 1.0 0.0 0.0 3.0 0.0
271.0091834247128 0.0 0.0 0.0 1.0 0.0 0.0 3.0 0.0
272.00886242225766 0.0 0.0 0.0 1.0 0.0 0.0 3.0 0.0
273.0091834247128 0.0 0.0 0.0 1.0 0.0 0.0 3.0 0.0
274.00322496173334 0.0 0.0 0.0 1.0 0.0 0.0 3.0 0.0
275.0057575880537 0.0 0.0 0.0 1.0 0.0 0.0 3.0 0.0
276.00042873779887 0.0 0.0 0.0 1.0 0.0 0.0 3.0 0.0
277.0091834247128 0.0 0.0 0.0 1.0 0.0 0.0 3.0 0.0
278.00282611696895 0.0 0.0 0.0 1.0 0.0 0.0 3.0 0.0
279.0016696908835 0.0 0.0 0.0 1.0 0.0 0.0 3.0 0.0
280.0009955054634 0.0 0.0 0.0 1.0 0.0 0.0 3.0 0.0
281.0020414421591 0.0 0.0 0.0 1.0 0.0 0.0 3.0 0.0
282.0007221479626 0.0 0.0 0.0 1.0 0.0 0.0 3.0 0.0
283.0077044070306 0.0 0.0 0.0 1.0 0.0 0.0 3.0 0.0
284.0091834247128 0.0 0.0 0.0 1.0 0.0 0.0 3.0 0.0
285.00048054260566 0.0 0.0 0.0 1.0 0.0 0.0 3.0 0.0
286.0029368643084 0.0 0.0 0.0 1.0 0.0 0.0 3.0 0.0
287.0091834247128 0.0 0.0 0.0 1.0 0.0 0.0 3.0 0.0
288.00309426157554 0.0 0.0 0.0 1.0 0.0 0.0 3.0 0.0
289.0020833527577 0.0 0.0 0.0 1.0 0.0 0.0 3.0 0.0
290.0078283791393 0.0 0.0 0.0 1.0 0.0 0.0 3.0 0.0
291.00113975655256 0.0 0.0 0.0 1.0 0.0 0.0 3.0 0.0
292.00328402739405 0.0 0.0 0.0 1.0 0.0 0.0 3.0 0.0
293.0091834247128 0.0 0.0 0.0 1.0 0.0 0.0 3.0 0.0
294.00003263620164 0.0 0.0 0.0 1.0 0.0 0.0 3.0 0.0
295.00281352921235 0.0 0.0 0.0 1.0 0.0 0.0 3.0 0.0
296.00108381016236 0.0 0.0 0.0 1.0 0.0 0.0 3.0 0.0
297.0062979622051 0.0 0.0 0.0 1.0 0.0 0.0 3.0 0.0
298.0056429190336 0.0 0.0 0.0 1.0 0.0 0.0 3.0 0.0
299.00044652379194 0.0 0.0 0.0 1.0 0.0 0.0 3.0 0.0
300.0091834247128 0.0 0.0 0.0 1.0 0.0 0.0 3.0 0.0
301.0070398964333 0.0 0.0 0.0 1.0 0.0 0.0 3.0 0.0
302.00135520178566 0.0 0.0 0.0 1.0 0.0 0.0 3.0 0.0
303.0048593444284 0.0 0.0 0.0 1.0 0.0 0.0 3.0 0.0
304.00789954600555 0.0 0.0 0.0 1.0 0.0 0.0 3.0 0.0
305.0091834247128 0.0 0.0 0.0 1.0 0.0 0.0 3.0 0.0
306.0091834247128 0.0 0.0 0.0 1.0 0.0 0.0 3.0 0.0
307.0048466255606 0.0 0.0 0.0 1.0 0.0 0.0 3.0 0.0
308.00774710615417 0.0 0.0 0.0 1.0 0.0 0.0 3.0 0.0
309.0091834247128 0.0 0.0 0.0 1.0 0.0 0.0 3.0 0.0
310.0032492438838 0.0 0.0 0.0 1.0 0.0 0.0 3.0 0.0
311.0091834247128 0.0 0.0 0.0 1.0 0.0 0.0 3.0 0.0
312.00199588744584 0.0 0.0 0.0 1.0 0.0 0.0 3.0 0.0
313.00373828785786 0.0 0.0 0.0 1.0 0.0 0.0 3.0 0.0
314.00384760884145 0.0 0.0 0.0 1.0 0.0 0.0 3.0 0.0
315.000627232911 0.0 0.0 0.0 1.0 0.0 0.0 3.0 0.0
316.00136271008097 0.0 0.0 0.0 1.0 0.0 0.0 3.0 0.0
317.0047036758796 0.0 0.0 0.0 1.0 0.0 0.0 3.0 0.0
318.0068419454089 0.0 0.0 0.0 1.0 0.0 0.0 3.0 0.0
319.000873405922 0.0 0.0 0.0 1.0 0.0 0.0 3.0 0.0
320.0022126643448 0.0 0.0 0.0 1.0 0.0 0.0 3.0 0.0
321.0091834247128 0.0 0.0 0.0 1.0 0.0 0.0 3.0 0.0
322.00665695408424 0.0 0.0 0.0 1.0 0.0 0.0 3.0 0.0
323.00235947325086 0.0 0.0 0.0 1.0 0.0 0.0 3.0 0.0
324.00485710812956 0.0 0.0 0.0 1.0 0.0 0.0 3.0 0.0
325.0050266894402 0.0 0.0 0.0 1.0 0.0 0.0 3.0 0.0
326.0091834247128 0.0 0.0 0.0 1.0 0.0 0.0 3.0 0.0
327.0024704520867 0.0 0.0 0.0 1.0 0.0 0.0 3.0 0.0
328.00092627588594 0.0 0.0 0.0 1.0 0.0 0.0 3.0 0.0
329.0003330303073 0.0 0.0 0.0 1.0 0.0 0.0 3.0 0.0
330.00182487621464 0.0 0.0 0.0 1.0 0.0 0.0 3.0 0.0
331.00255842757645 0.0 0.0 0.0 1.0 0.0 0.0 3.0 0.0
332.0029957444548 0.0 0.0 0.0 1.0 0.0 0.0 3.0 0.0
333.0091834247128 0.0 0.0 0.0 1.0 0.0 0.0 3.0 0.0
334.00424068152296 0.0 0.0 0.0 1.0 0.0 0.0 3.0 0.0
335.0091834247128 0.0 0.0 0.0 1.0 0.0 0.0 3.0 0.0
336.0091834247128 0.0 0.0 0.0 1.0 0.0 0.0 3.0 0.0
337.00500154783566 0.0 0.0 0.0 1.0 0.0 0.0 3.0 0.0
338.00252321768386 0.0 0.0 0.0 1.0 0.0 0.0 3.0 0.0
339.0021422100377 0.0 0.0 0.0 1.0 0.0 0.0 3.0 0.0
340.0063871634055 0.0 0.0 0.0 1.0 0.0 0.0 3.0 0.0
341.00249069493185 0.0 0.0 0.0 1.0 0.0 0.0 3.0 0.0
342.00296331442144 0.0 0.0 0.0 1.0 0.0 0.0 3.0 0.0
343.00458976648406 0.0 0.0 0.0 1.0 0.0 0.0 3.0 0.0
344.0000697337655 0.0 0.0 0.0 1.0 0.0 0.0 3.0 0.0
345.0091834247128 0.0 0.0 0.0 1.0 0.0 0.0 3.0 0.0
346.0065858829914 0.0 0.0 0.0 1.0 0.0 0.0 3.0 0.0
347.0091834247128 0.0 0.0 0.0 1.0 0.0 0.0 3.0 0.0
348.0009979921436 0.0 0.0 0.0 1.0 0.0 0.0 3.0 0.0
349.00400943999387 0.0 0.0 0.0 1.0 0.0 0.0 3.0 0.0
350.00419645785513 0.0 0.0 0.0 1.0 0.0 0.0 3.0 0.0
351.0091834247128 0.0 0.0 0.0 1.0 0.0 0.0 3.0 0.0
352.0091834247128 0.0 0.0 0.0 1.0 0.0 0.0 3.0 0.0
353.00815091026413 0.0 0.0 0.0 1.0 0.0 0.0 3.0 0.0
354.0091834247128 0.0 0.0 0.0 1.0 0.0 0.0 3.0 0.0
355.0077072380337 0.0 0.0 0.0 1.0 0.0 0.0 3.0 0.0
356.0011035489703 0.0 0.0 0.0 1.0 0.0 0.0 3.0 0.0
357.0041995143709 0.0 0.0 0.0 1.0 0.0 0.0 3.0 0.0
358.0040021659322 0.0 0.0 0.0 1.0 0.0 0.0 3.0 0.0
359.0091834247128 0.0 0.0 0.0 1.0 0.0 0.0 3.0 0.0
360.00008978613835 0.0 0.0 0.0 1.0 0.0 0.0 3.0 0.0
361.0091834247128 0.0 0.0 0.0 1.0 0.0 0.0 3.0 0.0
362.0028004867122 0.0 0.0 0.0 1.0 0.0 0.0 3.0 0.0
363.00274433091204 0.0 0.0 0.0 1.0 0.0 0.0 3.0 0.0
364.000393922365 0.0 0.0 0.0 1.0 0.0 0.0 3.0 0.0
365.0082107827027 0.0 0.0 0.0 1.0 0.0 0.0 3.0 0.0
366.0079575753507 0.0 0.0 0.0 1.0 0.0 0.0 3.0 0.0
367.0091834247128 0.0 0.0 0.0 1.0 0.0 0.0 3.0 0.0
368.0091834247128 0.0 0.0 0.0 1.0 0.0 0.0 3.0 0.0
369.0075820362824 0.0 0.0 0.0 1.0 0.0 0.0 3.0 0.0
370.00217342458126 0.0 0.0 0.0 1.0 0.0 0.0 3.0 0.0
371.00634511474516 0.0 0.0 0.0 1.0 0.0 0.0 3.0 0.0
372.0091834247128 0.0 0.0 0.0 1.0 0.0 0.0 3.0 0.0
373.003498416558 0.0 0.0 0.0 1.0 0.0 0.0 3.0 0.0
374.0064243422388 0.0 0.0 0.0 1.0 0.0 0.0 3.0 0.0
375.00069961976345 0.0 0.0 0.0 1.0 0.0 0.0 3.0 0.0
376.0014878253402 0.0 0.0 0.0 1.0 0.0 0.0 3.0 0.0
377.001573759043 0.0 0.0 0.0 1.0 0.0 0.0 3.0 0.0
378.0048057662936 0.0 0.0 0.0 1.0 0.0 0.0 3.0 0.0
379.00594228351065 0.0 0.0 0.0 1.0 0.0 0.0 3.0 0.0
380.00501506917107 0.0 0.0 0.0 1.0 0.0 0.0 3.0 0.0
381.0060683779899 0.0 0.0 0.0 1.0 0.0 0.0 3.0 0.0
382.0027689496395 0.0 0.0 0.0 1.0 0.0 0.0 3.0 0.0
383.0091834247128 0.0 0.0 0.0 1.0 0.0 0.0 3.0 0.0
384.0041090422159 0.0 0.0 0.0 1.0 0.0 0.0 3.0 0.0
385.00096991551555 0.0 0.0 0.0 1.0 0.0 0.0 3.0 0.0
386.00080163217996 0.0 0.0 0.0 1.0 0.0 0.0 3.0 0.0
387.00183129670756 0.0 0.0 0.0 1.0 0.0 0.0 3.0 0.0
388.0091834247128 0.0 0.0 0.0 1.0 0.0 0.0 3.0 0.0
389.003529347823 0.0 0.0 0.0 1.0 0.0 0.0 3.0 0.0
390.0091834247128 0.0 0.0 0.0 1.0 0.0 0.0 3.0 0.0
391.00794188964574 0.0 0.0 0.0 1.0 0.0 0.0 3.0 0.0
392.0091834247128 0.0 0.0 0.0 1.0 0.0 0.0 3.0 0.0
393.00501221091565 0.0 0.0 0.0 1.0 0.0 0.0 3.0 0.0
394.00141942197314 0.0 0.0 0.0 1.0 0.0 0.0 3.0 0.0
395.0091834247128 0.0 0.0 0.0 1.0 0.0 0.0 3.0 0.0
396.0021332656003 0.0 0.0 0.0 1.0 0.0 0.0 3.0 0.0
397.0009427026099 0.0 0.0 0.0 1.0 0.0 0.0 3.0 0.0
398.0091834247128 0.0 0.0 0.0 1.0 0.0 0.0 3.0 0.0
399.0039133525592 0.0 0.0 0.0 1.0 0.0 0.0 3.0 0.0
400.00184395352534 0.0 0.0 0.0 1.0 0.0 0.0 3.0 0.0
401.00507643754725 0.0 0.0 0.0 1.0 0.0 0.0 3.0 0.0
402.00145386190263 0.0 0.0 0.0 1.0 0.0 0.0 3.0 0.0
403.0091834247128 0.0 0.0 0.0 1.0 0.0 0.0 3.0 0.0
404.0091834247128 0.0 0.0 0.0 1.0 0.0 0.0 3.0 0.0
405.0091834247128 0.0 0.0 0.0 1.0 0.0 0.0 3.0 0.0
406.0009570248091 0.0 0.0 0.0 1.0 0.0 0.0 3.0 0.0
407.0008336371005 0.0 0.0 0.0 1.0 0.0 0.0 3.0 0.0
408.0006881573536 0.0 0.0 0.0 1.0 0.0 0.0 3.0 0.0
409.00209204397987 0.0 0.0 0.0 1.0 0.0 0.0 3.0 0.0
410.00175474705287 0.0 0.0 0.0 1.0 0.0 0.0 3.0 0.0
411.00276257370103 0.0 0.0 0.0 1.0 0.0 0.0 3.0 0.0
412.0021605540274 0.0 0.0 0.0 1.0 0.0 0.0 3.0 0.0
413.00124277108193 0.0 0.0 0.0 1.0 0.0 0.0 3.0 0.0
414.0069721022824 0.0 0.0 0.0 1.0 0.0 0.0 3.0 0.0
415.0028818636628 0.0 0.0 0.0 1.0 0.0 0.0 3.0 0.0
416.0010175266196 0.0 0.0 0.0 1.0 0.0 0.0 3.0 0.0
417.0055059563889 0.0 0.0 0.0 1.0 0.0 0.0 3.0 0.0
418.00494549799316 0.0 0.0 0.0 1.0 0.0 0.0 3.0 0.0
419.0091834247128 0.0 0.0 0.0 1.0 0.0 0.0 3.0 0.0
420.0091834247128 0.0 0.0 0.0 1.0 0.0 0.0 3.0 0.0
421.0091834247128 0.0 0.0 0.0 1.0 0.0 0.0 3.0 0.0
422.0015701890981 0.0 0.0 0.0 1.0 0.0 0.0 3.0 0.0
423.0009266701877 0.0 0.0 0.0 1.0 0.0 0.0 3.0 0.0
424.00443395154196 0.0 0.0 0.0 1.0 0.0 0.0 3.0 0.0
425.0062674444203 0.0 0.0 0.0 1.0 0.0 0.0 3.0 0.0
426.0091834247128 0.0 0.0 0.0 1.0 0.0 0.0 3.0 0.0
427.00893771996726 0.0 0.0 0.0 1.0 0.0 0.0 3.0 0.0
428.00037863619957 0.0 0.0 0.0 1.0 0.0 0.0 3.0 0.0
429.0031366865019 0.0 0.0 0.0 1.0 0.0 0.0 3.0 0.0
430.00018465798377 0.0 0.0 0.0 1.0 0.0 0.0 3.0 0.0
431.00916281531636 0.0 0.0 0.0 1.0 0.0 0.0 3.0 0.0
432.0069367142695 0.0 0.0 0.0 1.0 0.0 0.0 3.0 0.0
433.0006156094451 0.0 0.0 0.0 1.0 0.0 0.0 3.0 0.0
434.0011620470246 0.0 0.0 0.0 1.0 0.0 0.0 3.0 0.0
435.00882291684917 0.0 0.0 0.0 1.0 0.0 0.0 3.0 0.0
436.0043472281389 0.0 0.0 0.0 1.0 0.0 0.0 3.0 0.0
437.0091834247128 0.0 0.0 0.0 1.0 0.0 0.0 3.0 0.0
438.0091834247128 0.0 0.0 0.0 1.0 0.0 0.0 3.0 0.0
439.0040921989926 0.0 0.0 0.0 1.0 0.0 0.0 3.0 0.0
440.00044411963245 0.0 0.0 0.0 1.0 0.0 0.0 3.0 0.0
441.0072812701112 0.0 0.0 0.0 1.0 0.0 0.0 3.0 0.0
442.0000364758523 0.0 0.0 0.0 1.0 0.0 0.0 3.0 0.0
443.0091834247128 0.0 0.0 0.0 1.0 0.0 0.0 3.0 0.0
444.0067435265518 0.0 0.0 0.0 1.0 0.0 0.0 3.0 0.0
445.0091834247128 0.0 0.0 0.0 1.0 0.0 0.0 3.0 0.0
446.00226494309425 0.0 0.0 0.0 1.0 0.0 0.0 3.0 0.0
447.0000811109967 0.0 0.0 0.0 1.0 0.0 0.0 3.0 0.0
448.0091834247128 0.0 0.0 0.0 1.0 0.0 0.0 3.0 0.0
449.00048999521147 0.0 0.0 0.0 1.0 0.0 0.0 3.0 0.0
450.0091834247128 0.0 0.0 0.0 1.0 0.0 0.0 3.0 0.0
451.0091834247128 0.0 0.0 0.0 1.0 0.0 0.0 3.0 0.0
452.0091834247128 0.0 0.0 0.0 1.0 0.0 0.0 3.0 0.0
453.0027762966688 0.0 0.0 0.0 1.0 0.0 0.0 3.0 0.0
454.0091834247128 0.0 0.0 0.0 1.0 0.0 0.0 3.0 0.0
455.0048299174387 0.0 0.0 0.0 1.0 0.0 0.0 3.0 0.0
456.00604234909474 0.0 0.0 0.0 1.0 0.0 0.0 3.0 0.0
457.0059400610285 0.0 0.0 0.0 1.0 0.0 0.0 3.0 0.0
458.00482196748965 0.0 0.0 0.0 1.0 0.0 0.0 3.0 0.0
459.0091834247128 0.0 0.0 0.0 1.0 0.0 0.0 3.0 0.0
460.0026994116793 0.0 0.0 0.0 1.0 0.0 0.0 3.0 0.0
461.0045666587793 0.0 0.0 0.0 1.0 0.0 0.0 3.0 0.0
462.0091834247128 0.0 0.0 0.0 1.0 0.0 0.0 3.0 0.0
463.0001749532857 0.0 0.0 0.0 1.0 0.0 0.0 3.0 0.0
464.00822393659377 0.0 0.0 0.0 1.0 0.0 0.0 3.0 0.0
465.0015823380692 0.0 0.0 0.0 1.0 0.0 0.0 3.0 0.0
466.0091834247128 0.0 0.0 0.0 1.0 0.0 0.0 3.0 0.0
467.0091834247128 0.0 0.0 0.0 1.0 0.0 0.0 3.0 0.0
468.0091834247128 0.0 0.0 0.0 1.0 0.0 0.0 3.0 0.0
469.0071939249151 0.0 0.0 0.0 1.0 0.0 0.0 3.0 0.0
470.0091834247128 0.0 0.0 0.0 1.0 0.0 0.0 3.0 0.0
471.0091834247128 0.0 0.0 0.0 1.0 0.0 0.0 3.0 0.0
472.00400381359685 0.0 0.0 0.0 1.0 0.0 0.0 3.0 0.0
473.0041456747148 0.0 0.0 0.0 1.0 0.0 0.0 3.0 0.0
474.0040569013612 0.0 0.0 0.0 1.0 0.0 0.0 3.0 0.0
475.00410253758116 0.0 0.0 0.0 1.0 0.0 0.0 3.0 0.0
476.0051675091218 0.0 0.0 0.0 1.0 0.0 0.0 3.0 0.0
477.0091834247128 0.0 0.0 0.0 1.0 0.0 0.0 3.0 0.0
478.00323062203347 0.0 0.0 0.0 1.0 0.0 0.0 3.0 0.0
479.0046310500612 0.0 0.0 0.0 1.0 0.0 0.0 3.0 0.0
480.00071429538247 0.0 0.0 0.0 1.0 0.0 0.0 3.0 0.0
481.00837159125444 0.0 0.0 0.0 1.0 0.0 0.0 3.0 0.0
482.0091834247128 0.0 0.0 0.0 1.0 0.0 0.0 3.0 0.0
483.00509053379267 0.0 0.0 0.0 1.0 0.0 0.0 3.0 0.0
484.0056168280011 0.0 0.0 0.0 1.0 0.0 0.0 3.0 0.0
485.0091834247128 0.0 0.0 0.0 1.0 0.0 0.0 3.0 0.0
486.00457239355075 0.0 0.0 0.0 1.0 0.0 0.0 3.0 0.0
487.0024761726076 0.0 0.0 0.0 1.0 0.0 0.0 3.0 0.0
488.0016574742435 0.0 0.0 0.0 1.0 0.0 0.0 3.0 0.0
489.0086254099018 0.0 0.0 0.0 1.0 0.0 0.0 3.0 0.0
490.0067727200294 0.0 0.0 0.0 1.0 0.0 0.0 3.0 0.0
491.0026202033771 0.0 0.0 0.0 1.0 0.0 0.0 3.0 0.0
492.0061986337959 0.0 0.0 0.0 1.0 0.0 0.0 3.0 0.0
493.0030625043023 0.0 0.0 0.0 1.0 0.0 0.0 3.0 0.0
494.0040302140674 0.0 0.0 0.0 1.0 0.0 0.0 3.0 0.0
495.0091834247128 0.0 0.0 0.0 1.0 0.0 0.0 3.0 0.0
496.0037028714916 0.0 0.0 0.0 1.0 0.0 0.0 3.0 0.0
497.0052954636405 0.0 0.0 0.0 1.0 0.0 0.0 3.0 0.0
498.0091834247128 0.0 0.0 0.0 1.0 0.0 0.0 3.0 0.0
499.0091834247128 0.0 0.0 0.0 1.0 0.0 0.0 3.0 0.0
500.0034400964142 0.0 0.0 0.0 1.0 0.0 0.0 3.0 0.0
501.00202405890263 0.0 0.0 0.0 1.0 0.0 0.0 3.0 0.0
502.00655358795643 0.0 0.0 0.0 1.0 0.0 0.0 3.0 0.0
503.0010344503614 0.0 0.0 0.0 1.0 0.0 0.0 3.0 0.0
504.00911553300386 0.0 0.0 0.0 1.0 0.0 0.0 3.0 0.0
505.0036908072033 0.0 0.0 0.0 1.0 0.0 0.0 3.0 0.0
506.00199569714647 0.0 0.0 0.0 1.0 0.0 0.0 3.0 0.0
507.0002218550378 0.0 0.0 0.0 1.0 0.0 0.0 3.0 0.0
508.0091834247128 0.0 0.0 0.0 1.0 0.0 0.0 3.0 0.0
509.0005424478574 0.0 0.0 0.0 1.0 0.0 0.0 3.0 0.0
510.0091834247128 0.0 0.0 0.0 1.0 0.0 0.0 3.0 0.0
511.00308684531495 0.0 0.0 0.0 1.0 0.0 0.0 3.0 0.0
512.0060308584776 0.0 0.0 0.0 1.0 0.0 0.0 3.0 0.0
513.0011308867478 0.0 0.0 0.0 1.0 0.0 0.0 3.0 0.0
514.0036038405235 0.0 0.0 0.0 1.0 0.0 0.0 3.0 0.0
515.0091834247128 0.0 0.0 0.0 1.0 0.0 0.0 3.0 0.0
516.0052772254581 0.0 0.0 0.0 1.0 0.0 0.0 3.0 0.0
517.0066512663713 0.0 0.0 0.0 1.0 0.0 0.0 3.0 0.0
518.0055714411311 0.0 0.0 0.0 1.0 0.0 0.0 3.0 0.0
519.0022396060273 0.0 0.0 0.0 1.0 0.0 0.0 3.0 0.0
520.0071013947588 0.0 0.0 0.0 1.0 0.0 0.0 3.0 0.0
521.0034275925566 0.0 0.0 0.0 1.0 0.0 0.0 3.0 0.0
522.0063552582129 0.0 0.0 0.0 1.0 0.0 0.0 3.0 0.0
523.0091834247128 0.0 0.0 0.0 1.0 0.0 0.0 3.0 0.0
524.0091834247128 0.0 0.0 0.0 1.0 0.0 0.0 3.0 0.0
525.0091834247128 0.0 0.0 0.0 1.0 0.0 0.0 3.0 0.0
526.0091834247128 0.0 0.0 0.0 1.0 0.0 0.0 3.0 0.0
527.0091834247128 0.0 0.0 0.0 1.0 0.0 0.0 3.0 0.0
528.0053791952837 0.0 0.0 0.0 1.0 0.0 0.0 3.0 0.0
529.000445603476 0.0 0.0 0.0 1.0 0.0 0.0 3.0 0.0
530.0091834247128 0.0 0.0 0.0 1.0 0.0 0.0 3.0 0.0
531.0091834247128 0.0 0.0 0.0 1.0 0.0 0.0 3.0 0.0
532.0091834247128 0.0 0.0 0.0 1.0 0.0 0.0 3.0 0.0
533.0010230044804 0.0 0.0 0.0 1.0 0.0 0.0 3.0 0.0
534.0049118404659 0.0 0.0 0.0 1.0 0.0 0.0 3.0 0.0
535.000797512477 0.0 0.0 0.0 1.0 0.0 0.0 3.0 0.0
536.0057537837571 0.0 0.0 0.0 1.0 0.0 0.0 3.0 0.0
537.0047126729182 0.0 0.0 0.0 1.0 0.0 0.0 3.0 0.0
538.0028614916641 0.0 0.0 0.0 1.0 0.0 0.0 3.0 0.0
539.0008380457256 0.0 0.0 0.0 1.0 0.0 0.0 3.0 0.0
540.0077809350163 0.0 0.0 0.0 1.0 0.0 0.0 3.0 0.0
541.0056532066751 0.0 0.0 0.0 1.0 0.0 0.0 3.0 0.0
542.0091834247128 0.0 0.0 0.0 1.0 0.0 0.0 3.0 0.0
543.0091834247128 0.0 0.0 0.0 1.0 0.0 0.0 3.0 0.0
544.002296098755 0.0 0.0 0.0 1.0 0.0 0.0 3.0 0.0
545.0035457688617 0.0 0.0 0.0 1.0 0.0 0.0 3.0 0.0
546.0009512974952 0.0 0.0 0.0 1.0 0.0 0.0 3.0 0.0
547.0037232767152 0.0 0.0 0.0 1.0 0.0 0.0 3.0 0.0
548.0091834247128 0.0 0.0 0.0 1.0 0.0 0.0 3.0 0.0
549.0016499450049 0.0 0.0 0.0 1.0 0.0 0.0 3.0 0.0
550.0035761537263 0.0 0.0 0.0 1.0 0.0 0.0 3.0 0.0
551.0042154904089 0.0 0.0 0.0 1.0 0.0 0.0 3.0 0.0
552.0038268891939 0.0 0.0 0.0 1.0 0.0 0.0 3.0 0.0
553.005555667112 0.0 0.0 0.0 1.0 0.0 0.0 3.0 0.0
554.0025389451633 0.0 0.0 0.0 1.0 0.0 0.0 3.0 0.0
555.0003673884629 0.0 0.0 0.0 1.0 0.0 0.0 3.0 0.0
556.0047007722234 0.0 0.0 0.0 1.0 0.0 0.0 3.0 0.0
557.0055238376682 0.0 0.0 0.0 1.0 0.0 0.0 3.0 0.0
558.0005638327018 0.0 0.0 0.0 1.0 0.0 0.0 3.0 0.0
559.007703166644 0.0 0.0 0.0 1.0 0.0 0.0 3.0 0.0
560.0091834247128 0.0 0.0 0.0 1.0 0.0 0.0 3.0 0.0
561.0020142547631 0.0 0.0 0.0 1.0 0.0 0.0 3.0 0.0
562.004883795761 0.0 0.0 0.0 1.0 0.0 0.0 3.0 0.0
563.0091834247128 0.0 0.0 0.0 1.0 0.0 0.0 3.0 0.0
564.0091834247128 0.0 0.0 0.0 1.0 0.0 0.0 3.0 0.0
565.002736777116 0.0 0.0 0.0 1.0 0.0 0.0 3.0 0.0
566.0071775907732 0.0 0.0 0.0 1.0 0.0 0.0 3.0 0.0
567.0013739904343 0.0 0.0 0.0 1.0 0.0 0.0 3.0 0.0
568.002513057757 0.0 0.0 0.0 1.0 0.0 0.0 3.0 0.0
569.0091834247128 0.0 0.0 0.0 1.0 0.0 0.0 3.0 0.0
570.0003246409896 0.0 0.0 0.0 1.0 0.0 0.0 3.0 0.0
571.0091834247128 0.0 0.0 0.0 1.0 0.0 0.0 3.0 0.0
572.0091834247128 0.0 0.0 0.0 1.0 0.0 0.0 3.0 0.0
573.0084215990449 0.0 0.0 0.0 1.0 0.0 0.0 3.0 0.0
574.0054676415629 0.0 0.0 0.0 1.0 0.0 0.0 3.0 0.0
575.0091834247128 0.0 0.0 0.0 1.0 0.0 0.0 3.0 0.0
576.0021550149071 0.0 0.0 0.0 1.0 0.0 0.0 3.0 0.0
577.0056025768348 0.0 0.0 0.0 1.0 0.0 0.0 3.0 0.0
578.0091834247128 0.0 0.0 0.0 1.0 0.0 0.0 3.0 0.0
579.0007474125862 0.0 0.0 0.0 1.0 0.0 0.0 3.0 0.0
580.0020473664144 0.0 0.0 0.0 1.0 0.0 0.0 3.0 0.0
581.0041829569273 0.0 0.0 0.0 1.0 0.0 0.0 3.0 0.0
582.0021472605064 0.0 0.0 0.0 1.0 0.0 0.0 3.0 0.0
583.00284652185 0.0 0.0 0.0 1.0 0.0 0.0 3.0 0.0
584.0091834247128 0.0 0.0 0.0 1.0 0.0 0.0 3.0 0.0
585.0011268850925 0.0 0.0 0.0 1.0 0.0 0.0 3.0 0.0
586.0080666213071 0.0 0.0 0.0 1.0 0.0 0.0 3.0 0.0
587.0091834247128 0.0 0.0 0.0 1.0 0.0 0.0 3.0 0.0
588.0091834247128 0.0 0.0 0.0 1.0 0.0 0.0 3.0 0.0
589.0044085416174 0.0 0.0 0.0 1.0 0.0 0.0 3.0 0.0
590.0011253535669 0.0 0.0 0.0 1.0 0.0 0.0 3.0 0.0
591.0068674115238 0.0 0.0 0.0 1.0 0.0 0.0 3.0 0.0
592.0091834247128 0.0 0.0 0.0 1.0 0.0 0.0 3.0 0.0
593.0036293963534 0.0 0.0 0.0 1.0 0.0 0.0 3.0 0.0
594.0091834247128 0.0 0.0 0.0 1.0 0.0 0.0 3.0 0.0
595.0091834247128 0.0 0.0 0.0 1.0 0.0 0.0 3.0 0.0
596.0091698195059 0.0 0.0 0.0 1.0 0.0 0.0 3.0 0.0
597.0073500168647 0.0 0.0 0.0 1.0 0.0 0.0 3.0 0.0
598.0091834247128 0.0 0.0 0.0 1.0 0.0 0.0 3.0 0.0
599.0005328082601 0.0 0.0 0.0 1.0 0.0 0.0 3.0 0.0
600.0060384342011 0.0 0.0 0.0 1.0 0.0 0.0 3.0 0.0
601.0091834247128 0.0 0.0 0.0 1.0 0.0 0.0 3.0 0.0
602.000146060396 0.0 0.0 0.0 1.0 0.0 0.0 3.0 0.0
603.0001697173705 0.0 0.0 0.0 1.0 0.0 0.0 3.0 0.0
604.0091834247128 0.0 0.0 0.0 1.0 0.0 0.0 3.0 0.0
605.0051887646265 0.0 0.0 0.0 1.0 0.0 0.0 3.0 0.0
606.0033068625218 0.0 0.0 0.0 1.0 0.0 0.0 3.0 0.0
607.0066675428615 0.0 0.0 0.0 1.0 0.0 0.0 3.0 0.0
608.0008351740294 0.0 0.0 0.0 1.0 0.0 0.0 3.0 0.0
609.0057032687573 0.0 0.0 0.0 1.0 0.0 0.0 3.0 0.0
610.0091834247128 0.0 0.0 0.0 1.0 0.0 0.0 3.0 0.0
611.0031911886157 0.0 0.0 0.0 1.0 0.0 0.0 3.0 0.0
612.0084886967009 0.0 0.0 0.0 1.0 0.0 0.0 3.0 0.0
613.0091834247128 0.0 0.0 0.0 1.0 0.0 0.0 3.0 0.0
614.0091834247128 0.0 0.0 0.0 1.0 0.0 0.0 3.0 0.0
615.0091834247128 0.0 0.0 0.0 1.0 0.0 0.0 3.0 0.0
616.0035523267028 0.0 0.0 0.0 1.0 0.0 0.0 3.0 0.0
617.0029100495535 0.0 0.0 0.0 1.0 0.0 0.0 3.0 0.0
618.0012734162952 0.0 0.0 0.0 1.0 0.0 0.0 3.0 0.0
619.0008195230896 0.0 0.0 0.0 1.0 0.0 0.0 3.0 0.0
620.0008623741564 0.0 0.0 0.0 1.0 0.0 0.0 3.0 0.0
621.0030160791977 0.0 0.0 0.0 1.0 0.0 0.0 3.0 0.0
622.0091834247128 0.0 0.0 0.0 1.0 0.0 0.0 3.0 0.0
623.0091834247128 0.0 0.0 0.0 1.0 0.0 0.0 3.0 0.0
624.0013541754062 0.0 0.0 0.0 1.0 0.0 0.0 3.0 0.0
625.004073814273 0.0 0.0 0.0 1.0 0.0 0.0 3.0 0.0
626.0082915729321 0.0 0.0 0.0 1.0 0.0 0.0 3.0 0.0
627.000562680639 0.0 0.0 0.0 1.0 0.0 0.0 3.0 0.0
628.0015212917115 0.0 0.0 0.0 1.0 0.0 0.0 3.0 0.0
629.0091834247128 0.0 0.0 0.0 1.0 0.0 0.0 3.0 0.0
630.0009006042314 0.0 0.0 0.0 1.0 0.0 0.0 3.0 0.0
631.0014365757837 0.0 0.0 0.0 1.0 0.0 0.0 3.0 0.0
632.0091834247128 0.0 0.0 0.0 1.0 0.0 0.0 3.0 0.0
633.0091834247128 0.0 0.0 0.0 1.0 0.0 0.0 3.0 0.0
634.0000442851302 0.0 0.0 0.0 1.0 0.0 0.0 3.0 0.0
635.0091834247128 0.0 0.0 0.0 1.0 0.0 0.0 3.0 0.0
636.0005438233889 0.0 0.0 0.0 1.0 0.0 0.0 3.0 0.0
637.0000936907591 0.0 0.0 0.0 1.0 0.0 0.0 3.0 0.0
638.0086682240369 0.0 0.0 0.0 1.0 0.0 0.0 3.0 0.0
639.0082691531865 0.0 0.0 0.0 1.0 0.0 0.0 3.0 0.0
640.0003313958082 0.0 0.0 0.0 1.0 0.0 0.0 3.0 0.0
641.0017862244101 0.0 0.0 0.0 1.0 0.0 0.0 3.0 0.0
642.0026220093523 0.0 0.0 0.0 1.0 0.0 0.0 3.0 0.0
643.0004845629326 0.0 0.0 0.0 1.0 0.0 0.0 3.0 0.0
644.0031005484826 0.0 0.0 0.0 1.0 0.0 0.0 3.0 0.0
645.0014015570027 0.0 0.0 0.0 1.0 0.0 0.0 3.0 0.0
646.007328469704 0.0 0.0 0.0 1.0 0.0 0.0 3.0 0.0
647.001502974924 0.0 0.0 0.0 1.0 0.0 0.0 3.0 0.0
648.0041615281145 0.0 0.0 0.0 1.0 0.0 0.0 3.0 0.0
649.0057613021424 0.0 0.0 0.0 1.0 0.0 0.0 3.0 0.0
650.0035790550004 0.0 0.0 0.0 1.0 0.0 0.0 3.0 0.0
651.0065418467187 0.0 0.0 0.0 1.0 0.0 0.0 3.0 0.0
652.001083346202 0.0 0.0 0.0 1.0 0.0 0.0 3.0 0.0
653.001657496562 0.0 0.0 0.0 1.0 0.0 0.0 3.0 0.0
654.0091834247128 0.0 0.0 0.0 1.0 0.0 0.0 3.0 0.0
655.0091834247128 0.0 0.0 0.0 1.0 0.0 0.0 3.0 0.0
656.0000279920569 0.0 0.0 0.0 1.0 0.0 0.0 3.0 0.0
657.000956113853 0.0 0.0 0.0 1.0 0.0 0.0 3.0 0.0
658.0022020070556 0.0 0.0 0.0 1.0 0.0 0.0 3.0 0.0
659.0054349552972 0.0 0.0 0.0 1.0 0.0 0.0 3.0 0.0
660.0070221911535 0.0 0.0 0.0 1.0 0.0 0.0 3.0 0.0
661.0091834247128 0.0 0.0 0.0 1.0 0.0 0.0 3.0 0.0
662.0091834247128 0.0 0.0 0.0 1.0 0.0 0.0 3.0 0.0
663.0027014850815 0.0 0.0 0.0 1.0 0.0 0.0 3.0 0.0
664.0091834247128 0.0 0.0 0.0 1.0 0.0 0.0 3.0 0.0
665.0091834247128 0.0 0.0 0.0 1.0 0.0 0.0 3.0 0.0
666.0021539013297 0.0 0.0 0.0 1.0 0.0 0.0 3.0 0.0
667.0041126032769 0.0 0.0 0.0 1.0 0.0 0.0 3.0 0.0
668.0002572765042 0.0 0.0 0.0 1.0 0.0 0.0 3.0 0.0
669.0000442392924 0.0 0.0 0.0 1.0 0.0 0.0 3.0 0.0
670.0080587604903 0.0 0.0 0.0 1.0 0.0 0.0 3.0 0.0
671.0052454210742 0.0 0.0 0.0 1.0 0.0 0.0 3.0 0.0
672.0091834247128 0.0 0.0 0.0 1.0 0.0 0.0 3.0 0.0
673.0023614493737 0.0 0.0 0.0 1.0 0.0 0.0 3.0 0.0
674.0013838827762 0.0 0.0 0.0 1.0 0.0 0.0 3.0 0.0
675.0004555535755 0.0 0.0 0.0 1.0 0.0 0.0 3.0 0.0
676.0091834247128 0.0 0.0 0.0 1.0 0.0 0.0 3.0 0.0
677.0091834247128 0.0 0.0 0.0 1.0 0.0 0.0 3.0 0.0
678.0091834247128 0.0 0.0 0.0 1.0 0.0 0.0 3.0 0.0
679.0091834247128 0.0 0.0 0.0 1.0 0.0 0.0 3.0 0.0
680.0088657311715 0.0 0.0 0.0 1.0 0.0 0.0 3.0 0.0
681.0091834247128 0.0 0.0 0.0 1.0 0.0 0.0 3.0 0.0
682.0091834247128 0.0 0.0 0.0 1.0 0.0 0.0 3.0 0.0
683.0091834247128 0.0 0.0 0.0 1.0 0.0 0.0 3.0 0.0
684.0087536764385 0.0 0.0 0.0 1.0 0.0 0.0 3.0 0.0
685.0052759111089 0.0 0.0 0.0 1.0 0.0 0.0 3.0 0.0
686.0010568575723 0.0 0.0 0.0 1.0 0.0 0.0 3.0 0.0
687.0038952668148 0.0 0.0 0.0 1.0 0.0 0.0 3.0 0.0
688.0091834247128 0.0 0.0 0.0 1.0 0.0 0.0 3.0 0.0
689.0067770250106 0.0 0.0 0.0 1.0 0.0 0.0 3.0 0.0
690.004299737507 0.0 0.0 0.0 1.0 0.0 0.0 3.0 0.0
691.0022222467995 0.0 0.0 0.0 1.0 0.0 0.0 3.0 0.0
692.0021364648019 0.0 0.0 0.0 1.0 0.0 0.0 3.0 0.0
693.0028021975385 0.0 0.0 0.0 1.0 0.0 0.0 3.0 0.0
694.0015131516964 0.0 0.0 0.0 1.0 0.0 0.0 3.0 0.0
695.0091834247128 0.0 0.0 0.0 1.0 0.0 0.0 3.0 0.0
696.0028660634921 0.0 0.0 0.0 1.0 0.0 0.0 3.0 0.0
697.0012403313166 0.0 0.0 0.0 1.0 0.0 0.0 3.0 0.0
698.0091834247128 0.0 0.0 0.0 1.0 0.0 0.0 3.0 0.0
699.0091834247128 0.0 0.0 0.0 1.0 0.0 0.0 3.0 0.0
700.0012485813586 0.0 0.0 0.0 1.0 0.0 0.0 3.0 0.0
701.0006119731403 0.0 0.0 0.0 1.0 0.0 0.0 3.0 0.0
702.0091834247128 0.0 0.0 0.0 1.0 0.0 0.0 3.0 0.0
703.0074545615472 0.0 0.0 0.0 1.0 0.0 0.0 3.0 0.0
704.0007697646677 0.0 0.0 0.0 1.0 0.0 0.0 3.0 0.0
705.0044359195721 0.0 0.0 0.0 1.0 0.0 0.0 3.0 0.0
706.0077991067877 0.0 0.0 0.0 1.0 0.0 0.0 3.0 0.0
707.0091834247128 0.0 0.0 0.0 1.0 0.0 0.0 3.0 0.0
708.0050276700151 0.0 0.0 0.0 1.0 0.0 0.0 3.0 0.0
709.0091834247128 0.0 0.0 0.0 1.0 0.0 0.0 3.0 0.0
710.0070447881081 0.0 0.0 0.0 1.0 0.0 0.0 3.0 0.0
711.0037030195479 0.0 0.0 0.0 1.0 0.0 0.0 3.0 0.0
712.0077763863891 0.0 0.0 0.0 1.0 0.0 0.0 3.0 0.0
713.0091834247128 0.0 0.0 0.0 1.0 0.0 0.0 3.0 0.0
714.0091834247128 0.0 0.0 0.0 1.0 0.0 0.0 3.0 0.0
715.0014609382371 0.0 0.0 0.0 1.0 0.0 0.0 3.0 0.0
716.00071163711 0.0 0.0 0.0 1.0 0.0 0.0 3.0 0.0
717.0091834247128 0.0 0.0 0.0 1.0 0.0 0.0 3.0 0.0
718.0014331017709 0.0 0.0 0.0 1.0 0.0 0.0 3.0 0.0
719.0033302617842 0.0 0.0 0.0 1.0 0.0 0.0 3.0 0.0
720.0046694278549 0.0 0.0 0.0 1.0 0.0 0.0 3.0 0.0
721.0046672330016 0.0 0.0 0.0 1.0 0.0 0.0 3.0 0.0
722.0091834247128 0.0 0.0 0.0 1.0 0.0 0.0 3.0 0.0
723.0004809508681 0.0 0.0 0.0 1.0 0.0 0.0 3.0 0.0
724.0001615725778 0.0 0.0 0.0 1.0 0.0 0.0 3.0 0.0
725.0019953290821 0.0 0.0 0.0 1.0 0.0 0.0 3.0 0.0
726.0037532961386 0.0 0.0 0.0 1.0 0.0 0.0 3.0 0.0
727.00066000161 0.0 0.0 0.0 1.0 0.0 0.0 3.0 0.0
728.0091834247128 0.0 0.0 0.0 1.0 0.0 0.0 3.0 0.0
729.0029876828701 0.0 0.0 0.0 1.0 0.0 0.0 3.0 0.0
730.0063513668355 0.0 0.0 0.0 1.0 0.0 0.0 3.0 0.0
731.0007179541049 0.0 0.0 0.0 1.0 0.0 0.0 3.0 0.0
732.005098717822 0.0 0.0 0.0 1.0 0.0 0.0 3.0 0.0
733.0011965931604 0.0 0.0 0.0 1.0 0.0 0.0 3.0 0.0
734.0091834247128 0.0 0.0 0.0 1.0 0.0 0.0 3.0 0.0
735.0039768319785 0.0 0.0 0.0 1.0 0.0 0.0 3.0 0.0
736.0088067349635 0.0 0.0 0.0 1.0 0.0 0.0 3.0 0.0
737.0091834247128 0.0 0.0 0.0 1.0 0.0 0.0 3.0 0.0
738.0046798729368 0.0 0.0 0.0 1.0 0.0 0.0 3.0 0.0
739.0079826533433 0.0 0.0 0.0 1.0 0.0 0.0 3.0 0.0
740.0091834247128 0.0 0.0 0.0 1.0 0.0 0.0 3.0 0.0
741.0032093112183 0.0 0.0 0.0 1.0 0.0 0.0 3.0 0.0
742.0026755287456 0.0 0.0 0.0 1.0 0.0 0.0 3.0 0.0
743.0060071215604 0.0 0.0 0.0 1.0 0.0 0.0 3.0 0.0
744.0046643127724 0.0 0.0 0.0 1.0 0.0 0.0 3.0 0.0
745.0007325686688 0.0 0.0 0.0 1.0 0.0 0.0 3.0 0.0
746.0091834247128 0.0 0.0 0.0 1.0 0.0 0.0 3.0 0.0
747.001070961765 0.0 0.0 0.0 1.0 0.0 0.0 3.0 0.0
748.0049348163417 0.0 0.0 0.0 1.0 0.0 0.0 3.0 0.0
749.0091834247128 0.0 0.0 0.0 1.0 0.0 0.0 3.0 0.0
750.0052880634641 0.0 0.0 0.0 1.0 0.0 0.0 3.0 0.0
751.0091834247128 0.0 0.0 0.0 1.0 0.0 0.0 3.0 0.0
752.0077926915411 0.0 0.0 0.0 1.0 0.0 0.0 3.0 0.0
753.0041223246791 0.0 0.0 0.0 1.0 0.0 0.0 3.0 0.0
754.0091834247128 0.0 0.0 0.0 1.0 0.0 0.0 3.0 0.0
755.0041920566208 0.0 0.0 0.0 1.0 0.0 0.0 3.0 0.0
756.0059504332844 0.0 0.0 0.0 1.0 0.0 0.0 3.0 0.0
757.0014752181022 0.0 0.0 0.0 1.0 0.0 0.0 3.0 0.0
758.0024735931196 0.0 0.0 0.0 1.0 0.0 0.0 3.0 0.0
759.0012611506089 0.0 0.0 0.0 1.0 0.0 0.0 3.0 0.0
760.0034634641953 0.0 0.0 0.0 1.0 0.0 0.0 3.0 0.0
761.0015005785395 0.0 0.0 0.0 1.0 0.0 0.0 3.0 0.0
762.0011986528934 0.0 0.0 0.0 1.0 0.0 0.0 3.0 0.0
763.001357167131 0.0 0.0 0.0 1.0 0.0 0.0 3.0 0.0
764.0091834247128 0.0 0.0 0.0 1.0 0.0 0.0 3.0 0.0
765.0024368384894 0.0 0.0 0.0 1.0 0.0 0.0 3.0 0.0
766.0091834247128 0.0 0.0 0.0 1.0 0.0 0.0 3.0 0.0
767.0035579591323 0.0 0.0 0.0 1.0 0.0 0.0 3.0 0.0
768.0008522480994 0.0 0.0 0.0 1.0 0.0 0.0 3.0 0.0
769.0090884440455 0.0 0.0 0.0 1.0 0.0 0.0 3.0 0.0
770.0091834247128 0.0 0.0 0.0 1.0 0.0 0.0 3.0 0.0
771.0051866211631 0.0 0.0 0.0 1.0 0.0 0.0 3.0 0.0
772.0071803559052 0.0 0.0 0.0 1.0 0.0 0.0 3.0 0.0
773.0091834247128 0.0 0.0 0.0 1.0 0.0 0.0 3.0 0.0
774.0051665149082 0.0 0.0 0.0 1.0 0.0 0.0 3.0 0.0
775.0067689142494 0.0 0.0 0.0 1.0 0.0 0.0 3.0 0.0
776.0005587917723 0.0 0.0 0.0 1.0 0.0 0.0 3.0 0.0
777.0077086342876 0.0 0.0 0.0 1.0 0.0 0.0 3.0 0.0
778.0053876301745 0.0 0.0 0.0 1.0 0.0 0.0 3.0 0.0
779.0091834247128 0.0 0.0 0.0 1.0 0.0 0.0 3.0 0.0
780.0005018572106 0.0 0.0 0.0 1.0 0.0 0.0 3.0 0.0
781.0030383419845 0.0 0.0 0.0 1.0 0.0 0.0 3.0 0.0
782.0091834247128 0.0 0.0 0.0 1.0 0.0 0.0 3.0 0.0
783.0019994039609 0.0 0.0 0.0 1.0 0.0 0.0 3.0 0.0
784.0067307007238 0.0 0.0 0.0 1.0 0.0 0.0 3.0 0.0
785.0060425219441 0.0 0.0 0.0 1.0 0.0 0.0 3.0 0.0
786.0072155804917 0.0 0.0 0.0 1.0 0.0 0.0 3.0 0.0
787.0016579777031 0.0 0.0 0.0 1.0 0.0 0.0 3.0 0.0
788.0007085992955 0.0 0.0 0.0 1.0 0.0 0.0 3.0 0.0
789.0046128714231 0.0 0.0 0.0 1.0 0.0 0.0 3.0 0.0
790.0082323096335 0.0 0.0 0.0 1.0 0.0 0.0 3.0 0.0
791.0049875355447 0.0 0.0 0.0 1.0 0.0 0.0 3.0 0.0
792.0091834247128 0.0 0.0 0.0 1.0 0.0 0.0 3.0 0.0
793.0091834247128 0.0 0.0 0.0 1.0 0.0 0.0 3.0 0.0
794.0038183151643 0.0 0.0 0.0 1.0 0.0 0.0 3.0 0.0
795.0091834247128 0.0 0.0 0.0 1.0 0.0 0.0 3.0 0.0
796.0013370850645 0.0 0.0 0.0 1.0 0.0 0.0 3.0 0.0
797.0035291314066 0.0 0.0 0.0 1.0 0.0 0.0 3.0 0.0
798.0091834247128 0.0 0.0 0.0 1.0 0.0 0.0 3.0 0.0
799.0091834247128 0.0 0.0 0.0 1.0 0.0 0.0 3.0 0.0
800.0045575702948 0.0 0.0 0.0 1.0 0.0 0.0 3.0 0.0
801.0072205938083 0.0 0.0 0.0 1.0 0.0 0.0 3.0 0.0
802.0060709898041 0.0 0.0 0.0 1.0 0.0 0.0 3.0 0.0
803.0020996872063 0.0 0.0 0.0 1.0 0.0 0.0 3.0 0.0
804.001112688406 0.0 0.0 0.0 1.0 0.0 0.0 3.0 0.0
805.0091834247128 0.0 0.0 0.0 1.0 0.0 0.0 3.0 0.0
806.0091834247128 0.0 0.0 0.0 1.0 0.0 0.0 3.0 0.0
807.004557645554 0.0 0.0 0.0 1.0 0.0 0.0 3.0 0.0
808.0029904466169 0.0 0.0 0.0 1.0 0.0 0.0 3.0 0.0
809.0091834247128 0.0 0.0 0.0 1.0 0.0 0.0 3.0 0.0
810.0010105400801 0.0 0.0 0.0 1.0 0.0 0.0 3.0 0.0
811.0091834247128 0.0 0.0 0.0 1.0 0.0 0.0 3.0 0.0
812.0064872957836 0.0 0.0 0.0 1.0 0.0 0.0 3.0 0.0
813.0091834247128 0.0 0.0 0.0 1.0 0.0 0.0 3.0 0.0
814.0091834247128 0.0 0.0 0.0 1.0 0.0 0.0 3.0 0.0
815.0033118942346 0.0 0.0 0.0 1.0 0.0 0.0 3.0 0.0
816.0005273194708 0.0 0.0 0.0 1.0 0.0 0.0 3.0 0.0
817.00173830858 0.0 0.0 0.0 1.0 0.0 0.0 3.0 0.0
818.0030139768515 0.0 0.0 0.0 1.0 0.0 0.0 3.0 0.0
819.0056135191938 0.0 0.0 0.0 1.0 0.0 0.0 3.0 0.0
820.0016200935336 0.0 0.0 0.0 1.0 0.0 0.0 3.0 0.0
821.0002240465998 0.0 0.0 0.0 1.0 0.0 0.0 3.0 0.0
822.002266180661 0.0 0.0 0.0 1.0 0.0 0.0 3.0 0.0
823.0050494003983 0.0 0.0 0.0 1.0 0.0 0.0 3.0 0.0
824.0025750438865 0.0 0.0 0.0 1.0 0.0 0.0 3.0 0.0
825.0014942856883 0.0 0.0 0.0 1.0 0.0 0.0 3.0 0.0
826.00456401323 0.0 0.0 0.0 1.0 0.0 0.0 3.0 0.0
827.0008251481037 0.0 0.0 0.0 1.0 0.0 0.0 3.0 0.0
828.0091834247128 0.0 0.0 0.0 1.0 0.0 0.0 3.0 0.0
829.0039017263605 0.0 0.0 0.0 1.0 0.0 0.0 3.0 0.0
830.0091834247128 0.0 0.0 0.0 1.0 0.0 0.0 3.0 0.0
831.0091834247128 0.0 0.0 0.0 1.0 0.0 0.0 3.0 0.0
832.003265828826 0.0 0.0 0.0 1.0 0.0 0.0 3.0 0.0
833.0012076666287 0.0 0.0 0.0 1.0 0.0 0.0 3.0 0.0
834.0016492756057 0.0 0.0 0.0 1.0 0.0 0.0 3.0 0.0
835.001316893332 0.0 0.0 0.0 1.0 0.0 0.0 3.0 0.0
836.0080691392537 0.0 0.0 0.0 1.0 0.0 0.0 3.0 0.0
837.0002948874827 0.0 0.0 0.0 1.0 0.0 0.0 3.0 0.0
838.0023361184052 0.0 0.0 0.0 1.0 0.0 0.0 3.0 0.0
839.0071467807152 0.0 0.0 0.0 1.0 0.0 0.0 3.0 0.0
840.0091834247128 0.0 0.0 0.0 1.0 0.0 0.0 3.0 0.0
841.0078388502037 0.0 0.0 0.0 1.0 0.0 0.0 3.0 0.0
842.0050748732111 0.0 0.0 0.0 1.0 0.0 0.0 3.0 0.0
843.0091834247128 0.0 0.0 0.0 1.0 0.0 0.0 3.0 0.0
844.0008585005128 0.0 0.0 0.0 1.0 0.0 0.0 3.0 0.0
845.0022018732088 0.0 0.0 0.0 1.0 0.0 0.0 3.0 0.0
846.0091834247128 0.0 0.0 0.0 1.0 0.0 0.0 3.0 0.0
847.0063413281706 0.0 0.0 0.0 1.0 0.0 0.0 3.0 0.0
848.0091834247128 0.0 0.0 0.0 1.0 0.0 0.0 3.0 0.0
849.0019117684601 0.0 0.0 0.0 1.0 0.0 0.0 3.0 0.0
850.0080005788343 0.0 0.0 0.0 1.0 0.0 0.0 3.0 0.0
851.000463237618 0.0 0.0 0.0 1.0 0.0 0.0 3.0 0.0
852.0019962236438 0.0 0.0 0.0 1.0 0.0 0.0 3.0 0.0
853.0017919740804 0.0 0.0 0.0 1.0 0.0 0.0 3.0 0.0
854.0045782749451 0.0 0.0 0.0 1.0 0.0 0.0 3.0 0.0
855.0091834247128 0.0 0.0 0.0 1.0 0.0 0.0 3.0 0.0
856.0084758799661 0.0 0.0 0.0 1.0 0.0 0.0 3.0 0.0
857.0012600221654 0.0 0.0 0.0 1.0 0.0 0.0 3.0 0.0
858.0046383662902 0.0 0.0 0.0 1.0 0.0 0.0 3.0 0.0
859.0077725157697 0.0 0.0 0.0 1.0 0.0 0.0 3.0 0.0
860.0050390443048 0.0 0.0 0.0 1.0 0.0 0.0 3.0 0.0
861.0091834247128 0.0 0.0 0.0 1.0 0.0 0.0 3.0 0.0
862.0025957307502 0.0 0.0 0.0 1.0 0.0 0.0 3.0 0.0
863.0024915752333 0.0 0.0 0.0 1.0 0.0 0.0 3.0 0.0
864.0035967100561 0.0 0.0 0.0 1.0 0.0 0.0 3.0 0.0
865.0052905505792 0.0 0.0 0.0 1.0 0.0 0.0 3.0 0.0
866.0091834247128 0.0 0.0 0.0 1.0 0.0 0.0 3.0 0.0
867.0010084286776 0.0 0.0 0.0 1.0 0.0 0.0 3.0 0.0
868.0091834247128 0.0 0.0 0.0 1.0 0.0 0.0 3.0 0.0
869.006398085669 0.0 0.0 0.0 1.0 0.0 0.0 3.0 0.0
870.0049069334235 0.0 0.0 0.0 1.0 0.0 0.0 3.0 0.0
871.0026717266098 0.0 0.0 0.0 1.0 0.0 0.0 3.0 0.0
872.0008407565294 0.0 0.0 0.0 1.0 0.0 0.0 3.0 0.0
873.0091834247128 0.0 0.0 0.0 1.0 0.0 0.0 3.0 0.0
874.0059585730337 0.0 0.0 0.0 1.0 0.0 0.0 3.0 0.0
875.0005656464594 0.0 0.0 0.0 1.0 0.0 0.0 3.0 0.0
876.0091834247128 0.0 0.0 0.0 1.0 0.0 0.0 3.0 0.0
877.0013853703406 0.0 0.0 0.0 1.0 0.0 0.0 3.0 0.0
878.0091834247128 0.0 0.0 0.0 1.0 0.0 0.0 3.0 0.0
879.0091834247128 0.0 0.0 0.0 1.0 0.0 0.0 3.0 0.0
880.0091834247128 0.0 0.0 0.0 1.0 0.0 0.0 3.0 0.0
881.0091834247128 0.0 0.0 0.0 1.0 0.0 0.0 3.0 0.0
882.0089283854417 0.0 0.0 0.0 1.0 0.0 0.0 3.0 0.0
883.0091834247128 0.0 0.0 0.0 1.0 0.0 0.0 3.0 0.0
884.0091834247128 0.0 0.0 0.0 1.0 0.0 0.0 3.0 0.0
885.0039519657055 0.0 0.0 0.0 1.0 0.0 0.0 3.0 0.0
886.0083266459167 0.0 0.0 0.0 1.0 0.0 0.0 3.0 0.0
887.0091834247128 0.0 0.0 0.0 1.0 0.0 0.0 3.0 0.0
888.0007815500009 0.0 0.0 0.0 1.0 0.0 0.0 3.0 0.0
889.0091834247128 0.0 0.0 0.0 1.0 0.0 0.0 3.0 0.0
890.0045948268311 0.0 0.0 0.0 1.0 0.0 0.0 3.0 0.0
891.0091834247128 0.0 0.0 0.0 1.0 0.0 0.0 3.0 0.0
892.0091834247128 0.0 0.0 0.0 1.0 0.0 0.0 3.0 0.0
893.0066885007394 0.0 0.0 0.0 1.0 0.0 0.0 3.0 0.0
894.0091834247128 0.0 0.0 0.0 1.0 0.0 0.0 3.0 0.0
895.0009943889087 0.0 0.0 0.0 1.0 0.0 0.0 3.0 0.0
896.0001217778213 0.0 0.0 0.0 1.0 0.0 0.0 3.0 0.0
897.0091834247128 0.0 0.0 0.0 1.0 0.0 0.0 3.0 0.0
898.0004261110996 0.0 0.0 0.0 1.0 0.0 0.0 3.0 0.0
899.0057280130659 0.0 0.0 0.0 1.0 0.0 0.0 3.0 0.0
900.0010963465305 0.0 0.0 0.0 1.0 0.0 0.0 3.0 0.0
901.0091834247128 0.0 0.0 0.0 1.0 0.0 0.0 3.0 0.0
902.0030642648973 0.0 0.0 0.0 1.0 0.0 0.0 3.0 0.0
903.0002929100332 0.0 0.0 0.0 1.0 0.0 0.0 3.0 0.0
904.0016786664055 0.0 0.0 0.0 1.0 0.0 0.0 3.0 0.0
905.0091834247128 0.0 0.0 0.0 1.0 0.0 0.0 3.0 0.0
906.0091834247128 0.0 0.0 0.0 1.0 0.0 0.0 3.0 0.0
907.0091834247128 0.0 0.0 0.0 1.0 0.0 0.0 3.0 0.0
908.0023093778984 0.0 0.0 0.0 1.0 0.0 0.0 3.0 0.0
909.0091834247128 0.0 0.0 0.0 1.0 0.0 0.0 3.0 0.0
910.007613754034 0.0 0.0 0.0 1.0 0.0 0.0 3.0 0.0
911.0008807357308 0.0 0.0 0.0 1.0 0.0 0.0 3.0 0.0
912.0040669183505 0.0 0.0 0.0 1.0 0.0 0.0 3.0 0.0
913.0091834247128 0.0 0.0 0.0 1.0 0.0 0.0 3.0 0.0
914.0091834247128 0.0 0.0 0.0 1.0 0.0 0.0 3.0 0.0
915.0009000907768 0.0 0.0 0.0 1.0 0.0 0.0 3.0 0.0
916.0091834247128 0.0 0.0 0.0 1.0 0.0 0.0 3.0 0.0
917.0091834247128 0.0 0.0 0.0 1.0 0.0 0.0 3.0 0.0
918.0011377377664 0.0 0.0 0.0 1.0 0.0 0.0 3.0 0.0
919.0048123779084 0.0 0.0 0.0 1.0 0.0 0.0 3.0 0.0
920.0091834247128 0.0 0.0 0.0 1.0 0.0 0.0 3.0 0.0
921.0033084613605 0.0 0.0 0.0 1.0 0.0 0.0 3.0 0.0
922.0008805800784 0.0 0.0 0.0 1.0 0.0 0.0 3.0 0.0
923.0091834247128 0.0 0.0 0.0 1.0 0.0 0.0 3.0 0.0
924.0091834247128 0.0 0.0 0.0 1.0 0.0 0.0 3.0 0.0
925.0091834247128 0.0 0.0 0.0 1.0 0.0 0.0 3.0 0.0
926.0091834247128 0.0 0.0 0.0 1.0 0.0 0.0 3.0 0.0
927.0091834247128 0.0 0.0 0.0 1.0 0.0 0.0 3.0 0.0
928.0091834247128 0.0 0.0 0.0 1.0 0.0 0.0 3.0 0.0
929.0091834247128 0.0 0.0 0.0 1.0 0.0 0.0 3.0 0.0
930.004202861937 0.0 0.0 0.0 1.0 0.0 0.0 3.0 0.0
931.0016547322764 0.0 0.0 0.0 1.0 0.0 0.0 3.0 0.0
932.0089470061446 0.0 0.0 0.0 1.0 0.0 0.0 3.0 0.0
933.0064107162076 0.0 0.0 0.0 1.0 0.0 0.0 3.0 0.0
934.0046670600517 0.0 0.0 0.0 1.0 0.0 0.0 3.0 0.0
935.0077563271503 0.0 0.0 0.0 1.0 0.0 0.0 3.0 0.0
936.0053168603654 0.0 0.0 0.0 1.0 0.0 0.0 3.0 0.0
937.0022068458458 0.0 0.0 0.0 1.0 0.0 0.0 3.0 0.0
938.0034666459173 0.0 0.0 0.0 1.0 0.0 0.0 3.0 0.0
939.0007348100488 0.0 0.0 0.0 1.0 0.0 0.0 3.0 0.0
940.00377590487 0.0 0.0 0.0 1.0 0.0 0.0 3.0 0.0
941.0091834247128 0.0 0.0 0.0 1.0 0.0 0.0 3.0 0.0
942.0021643795038 0.0 0.0 0.0 1.0 0.0 0.0 3.0 0.0
943.0033660573642 0.0 0.0 0.0 1.0 0.0 0.0 3.0 0.0
944.0091834247128 0.0 0.0 0.0 1.0 0.0 0.0 3.0 0.0
945.0091834247128 0.0 0.0 0.0 1.0 0.0 0.0 3.0 0.0
946.0079076376728 0.0 0.0 0.0 1.0 0.0 0.0 3.0 0.0
947.0073996759318 0.0 0.0 0.0 1.0 0.0 0.0 3.0 0.0
948.0023838906883 0.0 0.0 0.0 1.0 0.0 0.0 3.0 0.0
949.0007770054787 0.0 0.0 0.0 1.0 0.0 0.0 3.0 0.0
950.002096359278 0.0 0.0 0.0 1.0 0.0 0.0 3.0 0.0
951.0033931808621 0.0 0.0 0.0 1.0 0.0 0.0 3.0 0.0
952.0091834247128 0.0 0.0 0.0 1.0 0.0 0.0 3.0 0.0
953.0091834247128 0.0 0.0 0.0 1.0 0.0 0.0 3.0 0.0
954.0014573002865 0.0 0.0 0.0 1.0 0.0 0.0 3.0 0.0
955.0003102891199 0.0 0.0 0.0 1.0 0.0 0.0 3.0 0.0
956.0091834247128 0.0 0.0 0.0 1.0 0.0 0.0 3.0 0.0
957.0065550795103 0.0 0.0 0.0 1.0 0.0 0.0 3.0 0.0
958.0046125428761 0.0 0.0 0.0 1.0 0.0 0.0 3.0 0.0
959.0091834247128 0.0 0.0 0.0 1.0 0.0 0.0 3.0 0.0
960.000847313921 0.0 0.0 0.0 1.0 0.0 0.0 3.0 0.0
961.0091834247128 0.0 0.0 0.0 1.0 0.0 0.0 3.0 0.0
962.0091834247128 0.0 0.0 0.0 1.0 0.0 0.0 3.0 0.0
963.0004184560644 0.0 0.0 0.0 1.0 0.0 0.0 3.0 0.0
964.0035907588618 0.0 0.0 0.0 1.0 0.0 0.0 3.0 0.0
965.0001355399816 0.0 0.0 0.0 1.0 0.0 0.0 3.0 0.0
966.0027562755697 0.0 0.0 0.0 1.0 0.0 0.0 3.0 0.0
967.0049703459358 0.0 0.0 0.0 1.0 0.0 0.0 3.0 0.0
968.0015823090143 0.0 0.0 0.0 1.0 0.0 0.0 3.0 0.0
969.0013781349402 0.0 0.0 0.0 1.0 0.0 0.0 3.0 0.0
970.0071697487109 0.0 0.0 0.0 1.0 0.0 0.0 3.0 0.0
971.008618913286 0.0 0.0 0.0 1.0 0.0 0.0 3.0 0.0
972.0048165231809 0.0 0.0 0.0 1.0 0.0 0.0 3.0 0.0
973.0024455063267 0.0 0.0 0.0 1.0 0.0 0.0 3.0 0.0
974.0090128780201 0.0 0.0 0.0 1.0 0.0 0.0 3.0 0.0
975.0091834247128 0.0 0.0 0.0 1.0 0.0 0.0 3.0 0.0
976.0029405091922 0.0 0.0 0.0 1.0 0.0 0.0 3.0 0.0
977.0075917429194 0.0 0.0 0.0 1.0 0.0 0.0 3.0 0.0
978.0018218285173 0.0 0.0 0.0 1.0 0.0 0.0 3.0 0.0
979.0091834247128 0.0 0.0 0.0 1.0 0.0 0.0 3.0 0.0
980.0042718165566 0.0 0.0 0.0 1.0 0.0 0.0 3.0 0.0
981.0051291406686 0.0 0.0 0.0 1.0 0.0 0.0 3.0 0.0
982.0091834247128 0.0 0.0 0.0 1.0 0.0 0.0 3.0 0.0
983.0091834247128 0.0 0.0 0.0 1.0 0.0 0.0 3.0 0.0
984.0026642463173 0.0 0.0 0.0 1.0 0.0 0.0 3.0 0.0
985.0087911918017 0.0 0.0 0.0 1.0 0.0 0.0 3.0 0.0
986.0008761356947 0.0 0.0 0.0 1.0 0.0 0.0 3.0 0.0
987.007446514862 0.0 0.0 0.0 1.0 0.0 0.0 3.0 0.0
988.0091834247128 0.0 0.0 0.0 1.0 0.0 0.0 3.0 0.0
989.0001603659161 0.0 0.0 0.0 1.0 0.0 0.0 3.0 0.0
990.000895950877 0.0 0.0 0.0 1.0 0.0 0.0 3.0 0.0
991.0013923161918 0.0 0.0 0.0 1.0 0.0 0.0 3.0 0.0
992.0007736692231 0.0 0.0 0.0 1.0 0.0 0.0 3.0 0.0
993.0090926945031 0.0 0.0 0.0 1.0 0.0 0.0 3.0 0.0
994.0043110781357 0.0 0.0 0.0 1.0 0.0 0.0 3.0 0.0
995.0091834247128 0.0 0.0 0.0 1.0 0.0 0.0 3.0 0.0
996.0091834247128 0.0 0.0 0.0 1.0 0.0 0.0 3.0 0.0
997.0023320265831 0.0 0.0 0.0 1.0 0.0 0.0 3.0 0.0
998.0091834247128 0.0 0.0 0.0 1.0 0.0 0.0 3.0 0.0
999.0061096325234 0.0 0.0 0.0 1.0 0.0 0.0 3.0 0.0
1000.0045132399715 0.0 0.0 0.0 1.0 0.0 0.0 3.0 0.0
1001.0037137614286 0.0 0.0 0.0 1.0 0.0 0.0 3.0 0.0
1002.0054240493262 0.0 0.0 0.0 1.0 0.0 0.0 3.0 0.0
1003.0016539534276 0.0 0.0 0.0 1.0 0.0 0.0 3.0 0.0
1004.002024033612 0.0 0.0 0.0 1.0 0.0 0.0 3.0 0.0
1005.0091834247128 0.0 0.0 0.0 1.0 0.0 0.0 3.0 0.0
1006.0002811099492 0.0 0.0 0.0 1.0 0.0 0.0 3.0 0.0
1007.0001630498789 0.0 0.0 0.0 1.0 0.0 0.0 3.0 0.0
1008.0000687419413 0.0 0.0 0.0 1.0 0.0 0.0 3.0 0.0
1009.0022508329315 0.0 0.0 0.0 1.0 0.0 0.0 3.0 0.0
1010.0024760636584 0.0 0.0 0.0 1.0 0.0 0.0 3.0 0.0
1011.0091834247128 0.0 0.0 0.0 1.0 0.0 0.0 3.0 0.0
1012.0021980569148 0.0 0.0 0.0 1.0 0.0 0.0 3.0 0.0
1013.0023018917495 0.0 0.0 0.0 1.0 0.0 0.0 3.0 0.0
1014.0058327248845 0.0 0.0 0.0 1.0 0.0 0.0 3.0 0.0
1015.0044778433097 0.0 0.0 0.0 1.0 0.0 0.0 3.0 0.0
1016.0091834247128 0.0 0.0 0.0 1.0 0.0 0.0 3.0 0.0
1017.0008172525115 0.0 0.0 0.0 1.0 0.0 0.0 3.0 0.0
1018.0090350147892 0.0 0.0 0.0 1.0 0.0 0.0 3.0 0.0
1019.0003599429667 0.0 0.0 0.0 1.0 0.0 0.0 3.0 0.0
1020.0017253045647 0.0 0.0 0.0 1.0 0.0 0.0 3.0 0.0
1021.0058991407011 0.0 0.0 0.0 1.0 0.0 0.0 3.0 0.0
1022.0022362768462 0.0 0.0 0.0 1.0 0.0 0.0 3.0 0.0
1023.0080610650363 0.0 0.0 0.0 1.0 0.0 0.0 3.0 0.0
1024.0091834247128 0.0 0.0 0.0 1.0 0.0 0.0 3.0 0.0
1025.0003126135841 0.0 0.0 0.0 1.0 0.0 0.0 3.0 0.0
1026.0069842635862 0.0 0.0 0.0 1.0 0.0 0.0 3.0 0.0
1027.000135008912 0.0 0.0 0.0 1.0 0.0 0.0 3.0 0.0
1028.0070912822573 0.0 0.0 0.0 1.0 0.0 0.0 3.0 0.0
1029.0091834247128 0.0 0.0 0.0 1.0 0.0 0.0 3.0 0.0
1030.0091834247128 0.0 0.0 0.0 1.0 0.0 0.0 3.0 0.0
1031.0023048359176 0.0 0.0 0.0 1.0 0.0 0.0 3.0 0.0
1032.0021413973077 0.0 0.0 0.0 1.0 0.0 0.0 3.0 0.0
1033.0082491513133 0.0 0.0 0.0 1.0 0.0 0.0 3.0 0.0
1034.0002637078424 0.0 0.0 0.0 1.0 0.0 0.0 3.0 0.0
1035.0038120816782 0.0 0.0 0.0 1.0 0.0 0.0 3.0 0.0
1036.0034570301643 0.0 0.0 0.0 1.0 0.0 0.0 3.0 0.0
1037.0084827374515 0.0 0.0 0.0 1.0 0.0 0.0 3.0 0.0
1038.0091834247128 0.0 0.0 0.0 1.0 0.0 0.0 3.0 0.0
1039.000267703456 0.0 0.0 0.0 1.0 0.0 0.0 3.0 0.0
1040.0082609028432 0.0 0.0 0.0 1.0 0.0 0.0 3.0 0.0
1041.0063411825433 0.0 0.0 0.0 1.0 0.0 0.0 3.0 0.0
1042.0008426493412 0.0 0.0 0.0 1.0 0.0 0.0 3.0 0.0
1043.0056779738004 0.0 0.0 0.0 1.0 0.0 0.0 3.0 0.0
1044.008470625631 0.0 0.0 0.0 1.0 0.0 0.0 3.0 0.0
1045.0029596917748 0.0 0.0 0.0 1.0 0.0 0.0 3.0 0.0
1046.002696098911 0.0 0.0 0.0 1.0 0.0 0.0 3.0 0.0
1047.0003685838499 0.0 0.0 0.0 1.0 0.0 0.0 3.0 0.0
1048.0091834247128 0.0 0.0 0.0 1.0 0.0 0.0 3.0 0.0
1049.0042466945295 0.0 0.0 0.0 1.0 0.0 0.0 3.0 0.0
1050.0091834247128 0.0 0.0 0.0 1.0 0.0 0.0 3.0 0.0
1051.0078611264057 0.0 0.0 0.0 1.0 0.0 0.0 3.0 0.0
1052.00259022903 0.0 0.0 0.0 1.0 0.0 0.0 3.0 0.0
1053.00881469259 0.0 0.0 0.0 1.0 0.0 0.0 3.0 0.0
1054.0039644050496 0.0 0.0 0.0 1.0 0.0 0.0 3.0 0.0
1055.0036631913833 0.0 0.0 0.0 1.0 0.0 0.0 3.0 0.0
1056.0091834247128 0.0 0.0 0.0 1.0 0.0 0.0 3.0 0.0
1057.0061053437353 0.0 0.0 0.0 1.0 0.0 0.0 3.0 0.0
1058.0091834247128 0.0 0.0 0.0 1.0 0.0 0.0 3.0 0.0
1059.0059672770644 0.0 0.0 0.0 1.0 0.0 0.0 3.0 0.0
1060.0091834247128 0.0 0.0 0.0 1.0 0.0 0.0 3.0 0.0
1061.0090212164873 0.0 0.0 0.0 1.0 0.0 0.0 3.0 0.0
1062.0000045584663 0.0 0.0 0.0 1.0 0.0 0.0 3.0 0.0
1063.000229520775 0.0 0.0 0.0 1.0 0.0 0.0 3.0 0.0
1064.0018710873585 0.0 0.0 0.0 1.0 0.0 0.0 3.0 0.0
1065.0091834247128 0.0 0.0 0.0 1.0 0.0 0.0 3.0 0.0
1066.008445872836 0.0 0.0 0.0 1.0 0.0 0.0 3.0 0.0
1067.0073998158784 0.0 0.0 0.0 1.0 0.0 0.0 3.0 0.0
1068.003243385128 0.0 0.0 0.0 1.0 0.0 0.0 3.0 0.0
1069.008377143429 0.0 0.0 0.0 1.0 0.0 0.0 3.0 0.0
1070.0091834247128 0.0 0.0 0.0 1.0 0.0 0.0 3.0 0.0
1071.0001664857016 0.0 0.0 0.0 1.0 0.0 0.0 3.0 0.0
1072.0091834247128 0.0 0.0 0.0 1.0 0.0 0.0 3.0 0.0
1073.004884999191 0.0 0.0 0.0 1.0 0.0 0.0 3.0 0.0
1074.0079763879858 0.0 0.0 0.0 1.0 0.0 0.0 3.0 0.0
1075.0044745435623 0.0 0.0 0.0 1.0 0.0 0.0 3.0 0.0
1076.0078535177838 0.0 0.0 0.0 1.0 0.0 0.0 3.0 0.0
1077.0084171702476 0.0 0.0 0.0 1.0 0.0 0.0 3.0 0.0
1078.0029408863463 0.0 0.0 0.0 1.0 0.0 0.0 3.0 0.0
1079.001963550409 0.0 0.0 0.0 1.0 0.0 0.0 3.0 0.0
1080.0091834247128 0.0 0.0 0.0 1.0 0.0 0.0 3.0 0.0
1081.0066005615445 0.0 0.0 0.0 1.0 0.0 0.0 3.0 0.0
1082.0049067075436 0.0 0.0 0.0 1.0 0.0 0.0 3.0 0.0
1083.0091834247128 0.0 0.0 0.0 1.0 0.0 0.0 3.0 0.0
1084.0037472229249 0.0 0.0 0.0 1.0 0.0 0.0 3.0 0.0
1085.003162087598 0.0 0.0 0.0 1.0 0.0 0.0 3.0 0.0
1086.0025368001495 0.0 0.0 0.0 1.0 0.0 0.0 3.0 0.0
1087.0091834247128 0.0 0.0 0.0 1.0 0.0 0.0 3.0 0.0
1088.0003411871198 0.0 0.0 0.0 1.0 0.0 0.0 3.0 0.0
1089.0012202237285 0.0 0.0 0.0 1.0 0.0 0.0 3.0 0.0
1090.0062391430038 0.0 0.0 0.0 1.0 0.0 0.0 3.0 0.0
1091.0010347941004 0.0 0.0 0.0 1.0 0.0 0.0 3.0 0.0
1092.0091834247128 0.0 0.0 0.0 1.0 0.0 0.0 3.0 0.0
1093.0058027403238 0.0 0.0 0.0 1.0 0.0 0.0 3.0 0.0
1094.0009024153378 0.0 0.0 0.0 1.0 0.0 0.0 3.0 0.0
1095.0026236857975 0.0 0.0 0.0 1.0 0.0 0.0 3.0 0.0
1096.0028083572645 0.0 0.0 0.0 1.0 0.0 0.0 3.0 0.0
1097.0072705864502 0.0 0.0 0.0 1.0 0.0 0.0 3.0 0.0
1098.0024251806005 0.0 0.0 0.0 1.0 0.0 0.0 3.0 0.0
1099.000566220272 0.0 0.0 0.0 1.0 0.0 0.0 3.0 0.0
1100.0 0.0 0.0 0.0 1.0 0.0 1.0 3.0 0.0
1101.0035346828788 0.89375 0.0 0.0 0.10624999999999998 0.0 1.0 3.025 0.18874223602484472
1102.0007330040958 1.0 0.0 0.0 0.0 0.0 1.0 3.88125 0.0
1103.0091834247128 1.0 0.0 0.0 0.0 0.0 1.0 4.86875 0.0
1104.0033178500578 1.0 0.0 0.0 0.0 0.0 1.0 5.0 0.0
1105.005590951931 1.0 0.0 0.0 0.0 0.0 1.0 5.0 0.0
1106.00050816881 1.0 0.0 0.0 0.0 0.0 1.0 5.0 0.0
1107.0038029118261 1.0 0.0 0.0 0.0 0.0 1.0 5.0 0.0
1108.0009592797542 1.0 0.0 0.0 0.0 0.0 1.0 5.0 0.0
1109.0026531349276 1.0 0.0 0.0 0.0 0.0 1.0 5.0 0.0
1110.0056826916048 1.0 0.0 0.0 0.0 0.0 1.0 5.0 0.0
1111.0020155398604 1.0 0.0 0.0 0.0 0.0 1.0 5.0 0.0
1112.0077068237129 1.0 0.0 0.0 0.0 0.0 1.0 5.0 0.0
1113.003188639262 1.0 0.0 0.0 0.0 0.0 1.0 5.0 0.0
1114.0091834247128 1.0 0.0 0.0 0.0 0.0 1.0 5.0 0.0
1115.0091834247128 1.0 0.0 0.0 0.0 0.0 1.0 5.0 0.0
1116.0091834247128 1.0 0.0 0.0 0.0 0.0 1.0 5.0 0.0
1117.0091834247128 1.0 0.0 0.0 0.0 0.0 1.0 5.0 0.0
1118.0025025971145 1.0 0.0 0.0 0.0 0.0 1.0 5.0 0.0
1119.0007575400025 1.0 0.0 0.0 0.0 0.0 1.0 5.0 0.0
1120.0076809684736 1.0 0.0 0.0 0.0 0.0 1.0 5.0 0.0
1121.0008994983243 1.0 0.0 0.0 0.0 0.0 1.0 5.0 0.0
1122.0091834247128 1.0 0.0 0.0 0.0 0.0 1.0 5.0 0.0
1123.0091834247128 1.0 0.0 0.0 0.0 0.0 1.0 5.0 0.0
1124.0072466585725 1.0 0.0 0.0 0.0 0.0 1.0 5.0 0.0
1125.0084595862534 1.0 0.0 0.0 0.0 0.0 1.0 5.0 0.0
1126.0091834247128 1.0 0.0 0.0 0.0 0.0 1.0 5.0 0.0
1127.0009668493417 1.0 0.0 0.0 0.0 0.0 1.0 5.0 0.0
1128.0090278339298 1.0 0.0 0.0 0.0 0.0 1.0 5.0 0.0
1129.0049844414204 1.0 0.0 0.0 0.0 0.0 1.0 5.0 0.0
1130.000107295204 1.0 0.0 0.0 0.0 0.0 1.0 5.0 0.0
1131.0091834247128 1.0 0.0 0.0 0.0 0.0 1.0 5.0 0.0
1132.0006133002164 1.0 0.0 0.0 0.0 0.0 1.0 5.0 0.0
1133.0091834247128 1.0 0.0 0.0 0.0 0.0 1.0 5.0 0.0
1134.0024493760034 1.0 0.0 0.0 0.0 0.0 1.0 5.0 0.0
1135.0091834247128 1.0 0.0 0.0 0.0 0.0 1.0 5.0 0.0
1136.0064987021844 1.0 0.0 0.0 0.0 0.0 1.0 5.0 0.0
1137.0091834247128 1.0 0.0 0.0 0.0 0.0 1.0 5.0 0.0
1138.000516934024 1.0 0.0 0.0 0.0 0.0 1.0 5.0 0.0
1139.0011190644016 1.0 0.0 0.0 0.0 0.0 1.0 5.0 0.0
1140.0040078089423 1.0 0.0 0.0 0.0 0.0 1.0 5.0 0.0
1141.004639577402 1.0 0.0 0.0 0.0 0.0 1.0 5.0 0.0
1142.0082352286634 1.0 0.0 0.0 0.0 0.0 1.0 5.0 0.0
1143.0032357722828 1.0 0.0 0.0 0.0 0.0 1.0 5.0 0.0
1144.0091834247128 1.0 0.0 0.0 0.0 0.0 1.0 5.0 0.0
1145.0015917099925 1.0 0.0 0.0 0.0 0.0 1.0 5.0 0.0
1146.003833642408 1.0 0.0 0.0 0.0 0.0 1.0 5.0 0.0
1147.0005530673532 1.0 0.0 0.0 0.0 0.0 1.0 5.0 0.0
1148.0065998902317 1.0 0.0 0.0 0.0 0.0 1.0 5.0 0.0
1149.0001240956965 1.0 0.0 0.0 0.0 0.0 1.0 5.0 0.0
1150.000064029594 1.0 0.0 0.0 0.0 0.0 1.0 5.0 0.0
1151.0068155800393 1.0 0.0 0.0 0.0 0.0 1.0 5.0 0.0
1152.0053725320151 1.0 0.0 0.0 0.0 0.0 1.0 5.0 0.0
1153.007576952585 1.0 0.0 0.0 0.0 0.0 1.0 5.0 0.0
1154.002402498114 1.0 0.0 0.0 0.0 0.0 1.0 5.0 0.0
1155.0004627975106 1.0 0.0 0.0 0.0 0.0 1.0 5.0 0.0
1156.000116946515 1.0 0.0 0.0 0.0 0.0 1.0 5.0 0.0
1157.0091834247128 1.0 0.0 0.0 0.0 0.0 1.0 5.0 0.0
1158.0091834247128 1.0 0.0 0.0 0.0 0.0 1.0 5.0 0.0
1159.0091834247128 1.0 0.0 0.0 0.0 0.0 1.0 5.0 0.0
1160.006581102883 1.0 0.0 0.0 0.0 0.0 1.0 5.0 0.0
1161.0091834247128 1.0 0.0 0.0 0.0 0.0 1.0 5.0 0.0
1162.0017734202652 1.0 0.0 0.0 0.0 0.0 1.0 5.0 0.0
1163.0091834247128 1.0 0.0 0.0 0.0 0.0 1.0 5.0 0.0
1164.0091834247128 1.0 0.0 0.0 0.0 0.0 1.0 5.0 0.0
1165.0002161007833 1.0 0.0 0.0 0.0 0.0 1.0 5.0 0.0
1166.0021160908477 1.0 0.0 0.0 0.0 0.0 1.0 5.0 0.0
1167.0041001671166 1.0 0.0 0.0 0.0 0.0 1.0 5.0 0.0
1168.0085874042206 1.0 0.0 0.0 0.0 0.0 1.0 5.0 0.0
1169.0011724885223 1.0 0.0 0.0 0.0 0.0 1.0 5.0 0.0
1170.0066274318604 1.0 0.0 0.0 0.0 0.0 1.0 5.0 0.0
1171.001155972275 1.0 0.0 0.0 0.0 0.0 1.0 5.0 0.0
1172.0021591727934 1.0 0.0 0.0 0.0 0.0 1.0 5.0 0.0
1173.0067423244966 1.0 0.0 0.0 0.0 0.0 1.0 5.0 0.0
1174.006337753906 1.0 0.0 0.0 0.0 0.0 1.0 5.0 0.0
1175.00515358724 1.0 0.0 0.0 0.0 0.0 1.0 5.0 0.0
1176.00033353057 1.0 0.0 0.0 0.0 0.0 1.0 5.0 0.0
1177.0014626444447 1.0 0.0 0.0 0.0 0.0 1.0 5.0 0.0
1178.006036852673 1.0 0.0 0.0 0.0 0.0 1.0 5.0 0.0
1179.0019090332746 1.0 0.0 0.0 0.0 0.0 1.0 5.0 0.0
1180.0023734710048 1.0 0.0 0.0 0.0 0.0 1.0 5.0 0.0
1181.0018333305923 1.0 0.0 0.0 0.0 0.0 1.0 5.0 0.0
1182.0053729348215 1.0 0.0 0.0 0.0 0.0 1.0 5.0 0.0
1183.0070380847626 1.0 0.0 0.0 0.0 0.0 1.0 5.0 0.0
1184.003177005155 1.0 0.0 0.0 0.0 0.0 1.0 5.0 0.0
1185.0090530942891 1.0 0.0 0.0 0.0 0.0 1.0 5.0 0.0
1186.0005947207744 1.0 0.0 0.0 0.0 0.0 1.0 5.0 0.0
1187.001003560749 1.0 0.0 0.0 0.0 0.0 1.0 5.0 0.0
1188.0009265696322 1.0 0.0 0.0 0.0 0.0 1.0 5.0 0.0
1189.0091834247128 1.0 0.0 0.0 0.0 0.0 1.0 5.0 0.0
1190.002332859712 1.0 0.0 0.0 0.0 0.0 1.0 5.0 0.0
1191.0017230643534 1.0 0.0 0.0 0.0 0.0 1.0 5.0 0.0
1192.0091834247128 1.0 0.0 0.0 0.0 0.0 1.0 5.0 0.0
1193.0001154479612 1.0 0.0 0.0 0.0 0.0 1.0 5.0 0.0
1194.0016333108806 1.0 0.0 0.0 0.0 0.0 1.0 5.0 0.0
1195.0013866734143 1.0 0.0 0.0 0.0 0.0 1.0 5.0 0.0
1196.0068428392942 1.0 0.0 0.0 0.0 0.0 1.0 5.0 0.0
1197.0084356570749 1.0 0.0 0.0 0.0 0.0 1.0 5.0 0.0
1198.0091834247128 1.0 0.0 0.0 0.0 0.0 1.0 5.0 0.0
1199.0091834247128 1.0 0.0 0.0 0.0 0.0 1.0 5.0 0.0
1200.0 1.0 0.0 0.0 0.0 0.0 1.0 5.0 0.0
1201.0 0.31875 0.0 0.68125 0.0 0.0 1.0 5.0 0.43159937888198757
1202.0 0.0 0.0 1.0 0.0 0.0 1.0 5.55 0.0
1203.0 0.0 0.0 1.0 0.0 0.0 1.0 6.65 0.0
1204.0 0.0 0.0 1.0 0.0 0.0 1.0 6.975 0.0
1205.0 0.0 0.0 1.0 0.0 0.0 1.0 7.0 0.0
1206.0 0.0 0.0 1.0 0.0 0.0 1.0 7.0 0.0
1207.0 0.0 0.0 1.0 0.0 0.0 1.0 7.0 0.0
1208.0 0.0 0.0 1.0 0.0 0.0 1.0 7.0 0.0
1209.0 0.0 0.0 1.0 0.0 0.0 1.0 7.0 0.0
1210.0 0.0 0.0 1.0 0.0 0.0 1.0 7.0 0.0
1211.0 0.0 0.0 1.0 0.0 0.0 1.0 7.0 0.0
1212.0 0.0 0.0 1.0 0.0 0.0 1.0 7.0 0.0
1213.0 0.0 0.0 1.0 0.0 0.0 1.0 7.0 0.0
1214.0 0.0 0.0 1.0 0.0 0.0 1.0 7.0 0.0
1215.0 0.0 0.0 1.0 0.0 0.0 1.0 7.0 0.0
1216.0 0.0 0.0 1.0 0.0 0.0 1.0 7.0 0.0
1217.0 0.0 0.0 1.0 0.0 0.0 1.0 7.0 0.0
1218.0 0.0 0.0 1.0 0.0 0.0 1.0 7.0 0.0
1219.0 0.0 0.0 1.0 0.0 0.0 1.0 7.0 0.0
1220.0 0.0 0.0 1.0 0.0 0.0 1.0 7.0 0.0
1221.0 0.0 0.0 1.0 0.0 0.0 1.0 7.0 0.0
1222.0 0.0 0.0 1.0 0.0 0.0 1.0 7.0 0.0
1223.0 0.0 0.0 1.0 0.0 0.0 1.0 7.0 0.0
1224.0 0.0 0.0 1.0 0.0 0.0 1.0 7.0 0.0
1225.0 0.0 0.0 1.0 0.0 0.0 1.0 7.0 0.0
1226.0 0.0 0.0 1.0 0.0 0.0 1.0 7.0 0.0
1227.0 0.0 0.0 1.0 0.0 0.0 1.0 7.0 0.0
1228.0 0.0 0.0 1.0 0.0 0.0 1.0 7.0 0.0
1229.0 0.0 0.0 1.0 0.0 0.0 1.0 7.0 0.0
1230.0 0.0 0.0 1.0 0.0 0.0 1.0 7.0 0.0
1231.0 0.0 0.0 1.0 0.0 0.0 1.0 7.0 0.0
1232.0 0.0 0.0 1.0 0.0 0.0 1.0 7.0 0.0
1233.0 0.0 0.0 1.0 0.0 0.0 1.0 7.0 0.0
1234.0 0.0 0.0 1.0 0.0 0.0 1.0 7.0 0.0
1235.0 0.0 0.0 1.0 0.0 0.0 1.0 7.0 0.0
1236.0 0.0 0.0 1.0 0.0 0.0 1.0 7.0 0.0
1237.0 0.0 0.0 1.0 0.0 0.0 1.0 7.0 0.0
1238.0 0.0 0.0 1.0 0.0 0.0 1.0 7.0 0.0
1239.0 0.0 0.0 1.0 0.0 0.0 1.0 7.0 0.0
1240.0 0.0 0.0 1.0 0.0 0.0 1.0 7.0 0.0
1241.0 0.0 0.0 1.0 0.0 0.0 1.0 7.0 0.0
1242.0 0.0 0.0 1.0 0.0 0.0 1.0 7.0 0.0
1243.0 0.0 0.0 1.0 0.0 0.0 1.0 7.0 0.0
1244.0 0.0 0.0 1.0 0.0 0.0 1.0 7.0 0.0
1245.0 0.0 0.0 1.0 0.0 0.0 1.0 7.0 0.0
1246.0 0.0 0.0 1.0 0.0 0.0 1.0 7.0 0.0
1247.0 0.0 0.0 1.0 0.0 0.0 1.0 7.0 0.0
1248.0 0.0 0.0 1.0 0.0 0.0 1.0 7.0 0.0
1249.0 0.0 0.0 1.0 0.0 0.0 1.0 7.0 0.0
1250.0 0.0 0.0 1.0 0.0 0.0 1.0 7.0 0.0
1251.0 0.0 0.0 1.0 0.0 0.0 1.0 7.0 0.0
1252.0 0.0 0.0 1.0 0.0 0.0 1.0 7.0 0.0
1253.0 0.0 0.0 1.0 0.0 0.0 1.0 7.0 0.0
1254.0 0.0 0.0 1.0 0.0 0.0 1.0 7.0 0.0
1255.0 0.0 0.0 1.0 0.0 0.0 1.0 7.0 0.0
1256.0 0.0 0.0 1.0 0.0 0.0 1.0 7.0 0.0
1257.0 0.0 0.0 1.0 0.0 0.0 1.0 7.0 0.0
1258.0 0.0 0.0 1.0 0.0 0.0 1.0 7.0 0.0
1259.0 0.0 0.0 1.0 0.0 0.0 1.0 7.0 0.0
1260.0 0.0 0.0 1.0 0.0 0.0 1.0 7.0 0.0
1261.0 0.0 0.0 1.0 0.0 0.0 1.0 7.0 0.0
1262.0 0.0 0.0 1.0 0.0 0.0 1.0 7.0 0.0
1263.0 0.0 0.0 1.0 0.0 0.0 1.0 7.0 0.0
1264.0 0.0 0.0 1.0 0.0 0.0 1.0 7.0 0.0
1265.0 0.0 0.0 1.0 0.0 0.0 1.0 7.0 0.0
1266.0 0.0 0.0 1.0 0.0 0.0 1.0 7.0 0.0
1267.0 0.0 0.0 1.0 0.0 0.0 1.0 7.0 0.0
1268.0 0.0 0.0 1.0 0.0 0.0 1.0 7.0 0.0
1269.0 0.0 0.0 1.0 0.0 0.0 1.0 7.0 0.0
1270.0 0.0 0.0 1.0 0.0 0.0 1.0 7.0 0.0
1271.0 0.0 0.0 1.0 0.0 0.0 1.0 7.0 0.0
1272.0 0.0 0.0 1.0 0.0 0.0 1.0 7.0 0.0
1273.0 0.0 0.0 1.0 0.0 0.0 1.0 7.0 0.0
1274.0 0.0 0.0 1.0 0.0 0.0 1.0 7.0 0.0
1275.0 0.0 0.0 1.0 0.0 0.0 1.0 7.0 0.0
1276.0 0.0 0.0 1.0 0.0 0.0 1.0 7.0 0.0
1277.0 0.0 0.0 1.0 0.0 0.0 1.0 7.0 0.0
1278.0 0.0 0.0 1.0 0.0 0.0 1.0 7.0 0.0
1279.0 0.0 0.0 1.0 0.0 0.0 1.0 7.0 0.0
1280.0 0.0 0.0 1.0 0.0 0.0 1.0 7.0 0.0
1281.0 0.0 0.0 1.0 0.0 0.0 1.0 7.0 0.0
1282.0 0.0 0.0 1.0 0.0 0.0 1.0 7.0 0.0
1283.0 0.0 0.0 1.0 0.0 0.0 1.0 7.0 0.0
1284.0 0.0 0.0 1.0 0.0 0.0 1.0 7.0 0.0
1285.0 0.0 0.0 1.0 0.0 0.0 1.0 7.0 0.0
1286.0 0.0 0.0 1.0 0.0 0.0 1.0 7.0 0.0
1287.0 0.0 0.0 1.0 0.0 0.0 1.0 7.0 0.0
1288.0 0.0 0.0 1.0 0.0 0.0 1.0 7.0 0.0
1289.0 0.0 0.0 1.0 0.0 0.0 1.0 7.0 0.0
1290.0 0.0 0.0 1.0 0.0 0.0 1.0 7.0 0.0
1291.0 0.0 0.0 1.0 0.0 0.0 1.0 7.0 0.0
1292.0 0.0 0.0 1.0 0.0 0.0 1.0 7.0 0.0
1293.0 0.0 0.0 1.0 0.0 0.0 1.0 7.0 0.0
1294.0 0.0 0.0 1.0 0.0 0.0 1.0 7.0 0.0
1295.0 0.0 0.0 1.0 0.0 0.0 1.0 7.0 0.0
1296.0 0.0 0.0 1.0 0.0 0.0 1.0 7.0 0.0
1297.0 0.0 0.0 1.0 0.0 0.0 1.0 7.0 0.0
1298.0 0.0 0.0 1.0 0.0 0.0 1.0 7.0 0.0
1299.0 0.0 0.0 1.0 0.0 0.0 1.0 7.0 0.0
1300.0 0.0 0.0 1.0 0.0 0.0 1.0 7.0 0.0
1301.0 0.0 0.0 1.0 0.0 0.0 1.0 7.0 0.0
1302.0 0.0 0.0 1.0 0.0 0.0 1.0 7.0 0.0
1303.0 0.0 0.0 1.0 0.0 0.0 1.0 7.0 0.0
1304.0 0.0 0.0 1.0 0.0 0.0 1.0 7.0 0.0
1305.0 0.0 0.0 1.0 0.0 0.0 1.0 7.0 0.0
1306.0 0.0 0.0 1.0 0.0 0.0 1.0 7.0 0.0
1307.0 0.0 0.0 1.0 0.0 0.0 1.0 7.0 0.0
1308.0 0.0 0.0 1.0 0.0 0.0 1.0 7.0 0.0
1309.0 0.0 0.0 1.0 0.0 0.0 1.0 7.0 0.0
1310.0 0.0 0.0 1.0 0.0 0.0 1.0 7.0 0.0
1311.0 0.0 0.0 0.125 0.875 0.0 0.0 7.01875 0.21739130434782608
1312.007347053395 0.0 0.0 0.006250000000000013 0.99375 0.0 0.0 7.89375 0.01234472049689441
1313.0033948266464 0.0 0.0 0.0 1.0 0.0 0.0 8.8 0.0
1314.0001915814269 0.0 0.0 0.0 1.0 0.0 0.0 8.9875 0.0
1315.0006668791473 0.0 0.0 0.0 1.0 0.0 0.0 8.99375 0.0
1316.0091834247128 0.0 0.0 0.0 1.0 0.0 0.0 9.0 0.0
1317.00470980336 0.0 0.0 0.0 1.0 0.0 0.0 9.0 0.0
1318.0058308490532 0.0 0.0 0.0 1.0 0.0 0.0 9.0 0.0
1319.0023558742082 0.0 0.0 0.0 1.0 0.0 0.0 9.0 0.0
1320.0003970704302 0.0 0.0 0.0 1.0 0.0 0.0 9.0 0.0
1321.0073828945383 0.0 0.0 0.0 1.0 0.0 0.0 9.0 0.0
1322.0072831995892 0.0 0.0 0.0 1.0 0.0 0.0 9.0 0.0
1323.0091834247128 0.0 0.0 0.0 1.0 0.0 0.0 9.0 0.0
1324.006941165487 0.0 0.0 0.0 1.0 0.0 0.0 9.0 0.0
1325.0091834247128 0.0 0.0 0.0 1.0 0.0 0.0 9.0 0.0
1326.0023156576951 0.0 0.0 0.0 1.0 0.0 0.0 9.0 0.0
1327.0013837429801 0.0 0.0 0.0 1.0 0.0 0.0 9.0 0.0
1328.0091834247128 0.0 0.0 0.0 1.0 0.0 0.0 9.0 0.0
1329.0009219052886 0.0 0.0 0.0 1.0 0.0 0.0 9.0 0.0
1330.0009395901213 0.0 0.0 0.0 1.0 0.0 0.0 9.0 0.0
1331.0040270381132 0.0 0.0 0.0 1.0 0.0 0.0 9.0 0.0
1332.0006933425361 0.0 0.0 0.0 1.0 0.0 0.0 9.0 0.0
1333.0011088224553 0.0 0.0 0.0 1.0 0.0 0.0 9.0 0.0
1334.0091834247128 0.0 0.0 0.0 1.0 0.0 0.0 9.0 0.0
1335.0000438543789 0.0 0.0 0.0 1.0 0.0 0.0 9.0 0.0
1336.0091834247128 0.0 0.0 0.0 1.0 0.0 0.0 9.0 0.0
1337.0046519297844 0.0 0.0 0.0 1.0 0.0 0.0 9.0 0.0
1338.0077047311775 0.0 0.0 0.0 1.0 0.0 0.0 9.0 0.0
1339.0004548298587 0.0 0.0 0.0 1.0 0.0 0.0 9.0 0.0
1340.0007081094477 0.0 0.0 0.0 1.0 0.0 0.0 9.0 0.0
1341.0041707341068 0.0 0.0 0.0 1.0 0.0 0.0 9.0 0.0
1342.0028925816657 0.0 0.0 0.0 1.0 0.0 0.0 9.0 0.0
1343.0091834247128 0.0 0.0 0.0 1.0 0.0 0.0 9.0 0.0
1344.0091834247128 0.0 0.0 0.0 1.0 0.0 0.0 9.0 0.0
1345.0017172182413 0.0 0.0 0.0 1.0 0.0 0.0 9.0 0.0
1346.001445202548 0.0 0.0 0.0 1.0 0.0 0.0 9.0 0.0
1347.0067211696546 0.0 0.0 0.0 1.0 0.0 0.0 9.0 0.0
1348.0091834247128 0.0 0.0 0.0 1.0 0.0 0.0 9.0 0.0
1349.0083231861813 0.0 0.0 0.0 1.0 0.0 0.0 9.0 0.0
1350.0091834247128 0.0 0.0 0.0 1.0 0.0 0.0 9.0 0.0
1351.0091834247128 0.0 0.0 0.0 1.0 0.0 0.0 9.0 0.0
1352.0043144659799 0.0 0.0 0.0 1.0 0.0 0.0 9.0 0.0
1353.0002152813124 0.0 0.0 0.0 1.0 0.0 0.0 9.0 0.0
1354.0091834247128 0.0 0.0 0.0 1.0 0.0 0.0 9.0 0.0
1355.0027240438392 0.0 0.0 0.0 1.0 0.0 0.0 9.0 0.0
1356.0071506527622 0.0 0.0 0.0 1.0 0.0 0.0 9.0 0.0
1357.0091834247128 0.0 0.0 0.0 1.0 0.0 0.0 9.0 0.0
1358.006845589255 0.0 0.0 0.0 1.0 0.0 0.0 9.0 0.0
1359.0074053573614 0.0 0.0 0.0 1.0 0.0 0.0 9.0 0.0
1360.0047355941795 0.0 0.0 0.0 1.0 0.0 0.0 9.0 0.0
1361.0091834247128 0.0 0.0 0.0 1.0 0.0 0.0 9.0 0.0
1362.0014208476825 0.0 0.0 0.0 1.0 0.0 0.0 9.0 0.0
1363.0081208539893 0.0 0.0 0.0 1.0 0.0 0.0 9.0 0.0
1364.0091834247128 0.0 0.0 0.0 1.0 0.0 0.0 9.0 0.0
1365.005825691281 0.0 0.0 0.0 1.0 0.0 0.0 9.0 0.0
1366.0032534014172 0.0 0.0 0.0 1.0 0.0 0.0 9.0 0.0
1367.0030658317003 0.0 0.0 0.0 1.0 0.0 0.0 9.0 0.0
1368.001705459538 0.0 0.0 0.0 1.0 0.0 0.0 9.0 0.0
1369.0039243100712 0.0 0.0 0.0 1.0 0.0 0.0 9.0 0.0
1370.001246909293 0.0 0.0 0.0 1.0 0.0 0.0 9.0 0.0
1371.0072078478477 0.0 0.0 0.0 1.0 0.0 0.0 9.0 0.0
1372.004447105786 0.0 0.0 0.0 1.0 0.0 0.0 9.0 0.0
1373.0091834247128 0.0 0.0 0.0 1.0 0.0 0.0 9.0 0.0
1374.0039605574648 0.0 0.0 0.0 1.0 0.0 0.0 9.0 0.0
1375.0073493078253 0.0 0.0 0.0 1.0 0.0 0.0 9.0 0.0
1376.0091834247128 0.0 0.0 0.0 1.0 0.0 0.0 9.0 0.0
1377.0002711897075 0.0 0.0 0.0 1.0 0.0 0.0 9.0 0.0
1378.0002388437888 0.0 0.0 0.0 1.0 0.0 0.0 9.0 0.0
1379.0020824986157 0.0 0.0 0.0 1.0 0.0 0.0 9.0 0.0
1380.0065611789696 0.0 0.0 0.0 1.0 0.0 0.0 9.0 0.0
1381.0027929703042 0.0 0.0 0.0 1.0 0.0 0.0 9.0 0.0
1382.0016702587463 0.0 0.0 0.0 1.0 0.0 0.0 9.0 0.0
1383.0082215246873 0.0 0.0 0.0 1.0 0.0 0.0 9.0 0.0
1384.0044499339144 0.0 0.0 0.0 1.0 0.0 0.0 9.0 0.0
1385.003875561462 0.0 0.0 0.0 1.0 0.0 0.0 9.0 0.0
1386.0020118981665 0.0 0.0 0.0 1.0 0.0 0.0 9.0 0.0
1387.0032865493395 0.0 0.0 0.0 1.0 0.0 0.0 9.0 0.0
1388.0003914730776 0.0 0.0 0.0 1.0 0.0 0.0 9.0 0.0
1389.0064612238853 0.0 0.0 0.0 1.0 0.0 0.0 9.0 0.0
1390.0091834247128 0.0 0.0 0.0 1.0 0.0 0.0 9.0 0.0
1391.0002814388872 0.0 0.0 0.0 1.0 0.0 0.0 9.0 0.0
1392.0021737109632 0.0 0.0 0.0 1.0 0.0 0.0 9.0 0.0
1393.0091834247128 0.0 0.0 0.0 1.0 0.0 0.0 9.0 0.0
1394.0091834247128 0.0 0.0 0.0 1.0 0.0 0.0 9.0 0.0
1395.0054857768382 0.0 0.0 0.0 1.0 0.0 0.0 9.0 0.0
1396.0027220444572 0.0 0.0 0.0 1.0 0.0 0.0 9.0 0.0
1397.0030895995908 0.0 0.0 0.0 1.0 0.0 0.0 9.0 0.0
1398.005779193904 0.0 0.0 0.0 1.0 0.0 0.0 9.0 0.0
1399.0074124799492 0.0 0.0 0.0 1.0 0.0 0.0 9.0 0.0
1400.0033361405121 0.0 0.0 0.0 1.0 0.0 0.0 9.0 0.0
1401.001544891204 0.0 0.0 0.0 1.0 0.0 0.0 9.0 0.0
1402.0024058067133 0.0 0.0 0.0 1.0 0.0 0.0 9.0 0.0
1403.0091834247128 0.0 0.0 0.0 1.0 0.0 0.0 9.0 0.0
1404.0003844533665 0.0 0.0 0.0 1.0 0.0 0.0 9.0 0.0
1405.0064317527663 0.0 0.0 0.0 1.0 0.0 0.0 9.0 0.0
1406.003880228731 0.0 0.0 0.0 1.0 0.0 0.0 9.0 0.0
1407.0022324417255 0.0 0.0 0.0 1.0 0.0 0.0 9.0 0.0
1408.0031764496862 0.0 0.0 0.0 1.0 0.0 0.0 9.0 0.0
1409.0091834247128 0.0 0.0 0.0 1.0 0.0 0.0 9.0 0.0
1410.0016324191756 0.0 0.0 0.0 1.0 0.0 0.0 9.0 0.0
1411.001753903784 0.0 0.0 0.0 1.0 0.0 0.0 9.0 0.0
1412.0031288400896 0.0 0.0 0.0 1.0 0.0 0.0 9.0 0.0
1413.0091834247128 0.0 0.0 0.0 1.0 0.0 0.0 9.0 0.0
1414.0026495842974 0.0 0.0 0.0 1.0 0.0 0.0 9.0 0.0
1415.0091834247128 0.0 0.0 0.0 1.0 0.0 0.0 9.0 0.0
1416.0066370322825 0.0 0.0 0.0 1.0 0.0 0.0 9.0 0.0
1417.0037917652896 0.0 0.0 0.0 1.0 0.0 0.0 9.0 0.0
1418.001779317976 0.0 0.0 0.0 1.0 0.0 0.0 9.0 0.0
1419.0001695099315 0.0 0.0 0.0 1.0 0.0 0.0 9.0 0.0
1420.0014827620298 0.0 0.0 0.0 1.0 0.0 0.0 9.0 0.0
1421.0063631241737 0.0 0.0 0.0 1.0 0.0 0.0 9.0 0.0
1422.0042272481144 0.0 0.0 0.0 1.0 0.0 0.0 9.0 0.0
1423.006098440967 0.0 0.0 0.0 1.0 0.0 0.0 9.0 0.0
1424.0030616235806 0.0 0.0 0.0 1.0 0.0 0.0 9.0 0.0
1425.0062413844305 0.0 0.0 0.0 1.0 0.0 0.0 9.0 0.0
1426.0091834247128 0.0 0.0 0.0 1.0 0.0 0.0 9.0 0.0
1427.0087646351403 0.0 0.0 0.0 1.0 0.0 0.0 9.0 0.0
1428.0011552939832 0.0 0.0 0.0 1.0 0.0 0.0 9.0 0.0
1429.0018714652936 0.0 0.0 0.0 1.0 0.0 0.0 9.0 0.0
1430.0002046331194 0.0 0.0 0.0 1.0 0.0 0.0 9.0 0.0
1431.008109491024 0.0 0.0 0.0 1.0 0.0 0.0 9.0 0.0
1432.0011839386282 0.0 0.0 0.0 1.0 0.0 0.0 9.0 0.0
1433.0086800800564 0.0 0.0 0.0 1.0 0.0 0.0 9.0 0.0
1434.0001837608177 0.0 0.0 0.0 1.0 0.0 0.0 9.0 0.0
1435.000449657803 0.0 0.0 0.0 1.0 0.0 0.0 9.0 0.0
1436.0091834247128 0.0 0.0 0.0 1.0 0.0 0.0 9.0 0.0
1437.0091834247128 0.0 0.0 0.0 1.0 0.0 0.0 9.0 0.0
1438.006519027035 0.0 0.0 0.0 1.0 0.0 0.0 9.0 0.0
1439.0007324879093 0.0 0.0 0.0 1.0 0.0 0.0 9.0 0.0
1440.0091572928752 0.0 0.0 0.0 1.0 0.0 0.0 9.0 0.0
1441.000970307762 0.0 0.0 0.0 1.0 0.0 0.0 9.0 0.0
1442.0009310819166 0.0 0.0 0.0 1.0 0.0 0.0 9.0 0.0
1443.0091834247128 0.0 0.0 0.0 1.0 0.0 0.0 9.0 0.0
1444.0016972171688 0.0 0.0 0.0 1.0 0.0 0.0 9.0 0.0
1445.0091834247128 0.0 0.0 0.0 1.0 0.0 0.0 9.0 0.0
1446.000132965672 0.0 0.0 0.0 1.0 0.0 0.0 9.0 0.0
1447.0032766030115 0.0 0.0 0.0 1.0 0.0 0.0 9.0 0.0
1448.0052875849642 0.0 0.0 0.0 1.0 0.0 0.0 9.0 0.0
1449.002154721397 0.0 0.0 0.0 1.0 0.0 0.0 9.0 0.0
1450.0009774431892 0.0 0.0 0.0 1.0 0.0 0.0 9.0 0.0
1451.0071188880152 0.0 0.0 0.0 1.0 0.0 0.0 9.0 0.0
1452.003731774315 0.0 0.0 0.0 1.0 0.0 0.0 9.0 0.0
1453.0091834247128 0.0 0.0 0.0 1.0 0.0 0.0 9.0 0.0
1454.0008979762226 0.0 0.0 0.0 1.0 0.0 0.0 9.0 0.0
1455.0050813811604 0.0 0.0 0.0 1.0 0.0 0.0 9.0 0.0
1456.001116067153 0.0 0.0 0.0 1.0 0.0 0.0 9.0 0.0
1457.0036601297663 0.0 0.0 0.0 1.0 0.0 0.0 9.0 0.0
1458.0001907554217 0.0 0.0 0.0 1.0 0.0 0.0 9.0 0.0
1459.0049618417895 0.0 0.0 0.0 1.0 0.0 0.0 9.0 0.0
1460.0033471456443 0.0 0.0 0.0 1.0 0.0 0.0 9.0 0.0
1461.0091834247128 0.0 0.0 0.0 1.0 0.0 0.0 9.0 0.0
1462.0024923583478 0.0 0.0 0.0 1.0 0.0 0.0 9.0 0.0
1463.0001703416958 0.0 0.0 0.0 1.0 0.0 0.0 9.0 0.0
1464.0091834247128 0.0 0.0 0.0 1.0 0.0 0.0 9.0 0.0
1465.0091834247128 0.0 0.0 0.0 1.0 0.0 0.0 9.0 0.0
1466.0091834247128 0.0 0.0 0.0 1.0 0.0 0.0 9.0 0.0
1467.0061460283625 0.0 0.0 0.0 1.0 0.0 0.0 9.0 0.0
1468.001479217025 0.0 0.0 0.0 1.0 0.0 0.0 9.0 0.0
1469.0091834247128 0.0 0.0 0.0 1.0 0.0 0.0 9.0 0.0
1470.0017027850377 0.0 0.0 0.0 1.0 0.0 0.0 9.0 0.0
1471.0091834247128 0.0 0.0 0.0 1.0 0.0 0.0 9.0 0.0
1472.0024552871644 0.0 0.0 0.0 1.0 0.0 0.0 9.0 0.0
1473.0039026885138 0.0 0.0 0.0 1.0 0.0 0.0 9.0 0.0
1474.0091834247128 0.0 0.0 0.0 1.0 0.0 0.0 9.0 0.0
1475.0008074512748 0.0 0.0 0.0 1.0 0.0 0.0 9.0 0.0
1476.0091834247128 0.0 0.0 0.0 1.0 0.0 0.0 9.0 0.0
1477.0028032451685 0.0 0.0 0.0 1.0 0.0 0.0 9.0 0.0
1478.004006350096 0.0 0.0 0.0 1.0 0.0 0.0 9.0 0.0
1479.0091834247128 0.0 0.0 0.0 1.0 0.0 0.0 9.0 0.0
1480.0011951290587 0.0 0.0 0.0 1.0 0.0 0.0 9.0 0.0
1481.000089204433 0.0 0.0 0.0 1.0 0.0 0.0 9.0 0.0
1482.000287685119 0.0 0.0 0.0 1.0 0.0 0.0 9.0 0.0
1483.001231417846 0.0 0.0 0.0 1.0 0.0 0.0 9.0 0.0
1484.0075118170662 0.0 0.0 0.0 1.0 0.0 0.0 9.0 0.0
1485.0091834247128 0.0 0.0 0.0 1.0 0.0 0.0 9.0 0.0
1486.007949459352 0.0 0.0 0.0 1.0 0.0 0.0 9.0 0.0
1487.0020324355296 0.0 0.0 0.0 1.0 0.0 0.0 9.0 0.0
1488.0089097175633 0.0 0.0 0.0 1.0 0.0 0.0 9.0 0.0
1489.0023380721373 0.0 0.0 0.0 1.0 0.0 0.0 9.0 0.0
1490.0091834247128 0.0 0.0 0.0 1.0 0.0 0.0 9.0 0.0
1491.0007956998772 0.0 0.0 0.0 1.0 0.0 0.0 9.0 0.0
1492.0070334383108 0.0 0.0 0.0 1.0 0.0 0.0 9.0 0.0
1493.0034692153283 0.0 0.0 0.0 1.0 0.0 0.0 9.0 0.0
1494.0088684636125 0.0 0.0 0.0 1.0 0.0 0.0 9.0 0.0
1495.0091834247128 0.0 0.0 0.0 1.0 0.0 0.0 9.0 0.0
1496.0008521742982 0.0 0.0 0.0 1.0 0.0 0.0 9.0 0.0
1497.0091834247128 0.0 0.0 0.0 1.0 0.0 0.0 9.0 0.0
1498.0014934415192 0.0 0.0 0.0 1.0 0.0 0.0 9.0 0.0
1499.0016260363627 0.0 0.0 0.0 1.0 0.0 0.0 9.0 0.0
1500.0091834247128 0.0 0.0 0.0 1.0 0.0 0.0 9.0 0.0
1501.0043079847753 0.0 0.0 0.0 1.0 0.0 0.0 9.0 0.0
1502.006498070536 0.0 0.0 0.0 1.0 0.0 0.0 9.0 0.0
1503.0051180044231 0.0 0.0 0.0 1.0 0.0 0.0 9.0 0.0
1504.0091834247128 0.0 0.0 0.0 1.0 0.0 0.0 9.0 0.0
1505.0051308258464 0.0 0.0 0.0 1.0 0.0 0.0 9.0 0.0
1506.0035036273691 0.0 0.0 0.0 1.0 0.0 0.0 9.0 0.0
1507.0091834247128 0.0 0.0 0.0 1.0 0.0 0.0 9.0 0.0
1508.0034728247003 0.0 0.0 0.0 1.0 0.0 0.0 9.0 0.0
1509.0067874014574 0.0 0.0 0.0 1.0 0.0 0.0 9.0 0.0
1510.0091834247128 0.0 0.0 0.0 1.0 0.0 0.0 9.0 0.0
1511.00629847345 0.0 0.0 0.0 1.0 0.0 0.0 9.0 0.0
1512.0091834247128 0.0 0.0 0.0 1.0 0.0 0.0 9.0 0.0
1513.0070873202883 0.0 0.0 0.0 1.0 0.0 0.0 9.0 0.0
1514.0068897986978 0.0 0.0 0.0 1.0 0.0 0.0 9.0 0.0
1515.004151813972 0.0 0.0 0.0 1.0 0.0 0.0 9.0 0.0
1516.0019228722565 0.0 0.0 0.0 1.0 0.0 0.0 9.0 0.0
1517.0030322172586 0.0 0.0 0.0 1.0 0.0 0.0 9.0 0.0
1518.0091834247128 0.0 0.0 0.0 1.0 0.0 0.0 9.0 0.0
1519.0044722306038 0.0 0.0 0.0 1.0 0.0 0.0 9.0 0.0
1520.005559044985 0.0 0.0 0.0 1.0 0.0 0.0 9.0 0.0
1521.0077874376946 0.0 0.0 0.0 1.0 0.0 0.0 9.0 0.0
1522.0087056368961 0.0 0.0 0.0 1.0 0.0 0.0 9.0 0.0
1523.0033066347557 0.0 0.0 0.0 1.0 0.0 0.0 9.0 0.0
1524.0091834247128 0.0 0.0 0.0 1.0 0.0 0.0 9.0 0.0
1525.0078054898438 0.0 0.0 0.0 1.0 0.0 0.0 9.0 0.0
1526.0011934570784 0.0 0.0 0.0 1.0 0.0 0.0 9.0 0.0
1527.0091834247128 0.0 0.0 0.0 1.0 0.0 0.0 9.0 0.0
1528.0091834247128 0.0 0.0 0.0 1.0 0.0 0.0 9.0 0.0
1529.0000352447491 0.0 0.0 0.0 1.0 0.0 0.0 9.0 0.0
1530.0055445536466 0.0 0.0 0.0 1.0 0.0 0.0 9.0 0.0
1531.0013025314126 0.0 0.0 0.0 1.0 0.0 0.0 9.0 0.0
1532.0057243084307 0.0 0.0 0.0 1.0 0.0 0.0 9.0 0.0
1533.0019155596829 0.0 0.0 0.0 1.0 0.0 0.0 9.0 0.0
1534.0083843371904 0.0 0.0 0.0 1.0 0.0 0.0 9.0 0.0
1535.0091834247128 0.0 0.0 0.0 1.0 0.0 0.0 9.0 0.0
1536.0043848769546 0.0 0.0 0.0 1.0 0.0 0.0 9.0 0.0
1537.0027890305025 0.0 0.0 0.0 1.0 0.0 0.0 9.0 0.0
1538.0091834247128 0.0 0.0 0.0 1.0 0.0 0.0 9.0 0.0
1539.0051108765283 0.0 0.0 0.0 1.0 0.0 0.0 9.0 0.0
1540.0047560661128 0.0 0.0 0.0 1.0 0.0 0.0 9.0 0.0
1541.0029179069895 0.0 0.0 0.0 1.0 0.0 0.0 9.0 0.0
1542.0091834247128 0.0 0.0 0.0 1.0 0.0 0.0 9.0 0.0
1543.0091834247128 0.0 0.0 0.0 1.0 0.0 0.0 9.0 0.0
1544.0081434252438 0.0 0.0 0.0 1.0 0.0 0.0 9.0 0.0
1545.0034112590088 0.0 0.0 0.0 1.0 0.0 0.0 9.0 0.0
1546.0091834247128 0.0 0.0 0.0 1.0 0.0 0.0 9.0 0.0
1547.0018632516912 0.0 0.0 0.0 1.0 0.0 0.0 9.0 0.0
1548.0003841903163 0.0 0.0 0.0 1.0 0.0 0.0 9.0 0.0
1549.0025695542454 0.0 0.0 0.0 1.0 0.0 0.0 9.0 0.0
1550.0091834247128 0.0 0.0 0.0 1.0 0.0 0.0 9.0 0.0
1551.0053849789062 0.0 0.0 0.0 1.0 0.0 0.0 9.0 0.0
1552.0091834247128 0.0 0.0 0.0 1.0 0.0 0.0 9.0 0.0
1553.0009575608292 0.0 0.0 0.0 1.0 0.0 0.0 9.0 0.0
1554.0091834247128 0.0 0.0 0.0 1.0 0.0 0.0 9.0 0.0
1555.0034103021658 0.0 0.0 0.0 1.0 0.0 0.0 9.0 0.0
1556.006300580969 0.0 0.0 0.0 1.0 0.0 0.0 9.0 0.0
1557.004137256906 0.0 0.0 0.0 1.0 0.0 0.0 9.0 0.0
1558.0035085883562 0.0 0.0 0.0 1.0 0.0 0.0 9.0 0.0
1559.006326727715 0.0 0.0 0.0 1.0 0.0 0.0 9.0 0.0
1560.0049617131997 0.0 0.0 0.0 1.0 0.0 0.0 9.0 0.0
1561.0091834247128 0.0 0.0 0.0 1.0 0.0 0.0 9.0 0.0
1562.0091834247128 0.0 0.0 0.0 1.0 0.0 0.0 9.0 0.0
1563.008029653004 0.0 0.0 0.0 1.0 0.0 0.0 9.0 0.0
1564.0091834247128 0.0 0.0 0.0 1.0 0.0 0.0 9.0 0.0
1565.0044428527412 0.0 0.0 0.0 1.0 0.0 0.0 9.0 0.0
1566.0087801675556 0.0 0.0 0.0 1.0 0.0 0.0 9.0 0.0
1567.0064269179493 0.0 0.0 0.0 1.0 0.0 0.0 9.0 0.0
1568.0023994254277 0.0 0.0 0.0 1.0 0.0 0.0 9.0 0.0
1569.0091834247128 0.0 0.0 0.0 1.0 0.0 0.0 9.0 0.0
1570.0028788597112 0.0 0.0 0.0 1.0 0.0 0.0 9.0 0.0
1571.0025234180164 0.0 0.0 0.0 1.0 0.0 0.0 9.0 0.0
1572.0019486932722 0.0 0.0 0.0 1.0 0.0 0.0 9.0 0.0
1573.0075888904792 0.0 0.0 0.0 1.0 0.0 0.0 9.0 0.0
1574.0091834247128 0.0 0.0 0.0 1.0 0.0 0.0 9.0 0.0
1575.0018626481271 0.0 0.0 0.0 1.0 0.0 0.0 9.0 0.0
1576.0091834247128 0.0 0.0 0.0 1.0 0.0 0.0 9.0 0.0
1577.0091834247128 0.0 0.0 0.0 1.0 0.0 0.0 9.0 0.0
1578.001954402126 0.0 0.0 0.0 1.0 0.0 0.0 9.0 0.0
1579.0052861116455 0.0 0.0 0.0 1.0 0.0 0.0 9.0 0.0
1580.0045687927475 0.0 0.0 0.0 1.0 0.0 0.0 9.0 0.0
1581.0035327531461 0.0 0.0 0.0 1.0 0.0 0.0 9.0 0.0
1582.0091834247128 0.0 0.0 0.0 1.0 0.0 0.0 9.0 0.0
1583.0091834247128 0.0 0.0 0.0 1.0 0.0 0.0 9.0 0.0
1584.00348814432 0.0 0.0 0.0 1.0 0.0 0.0 9.0 0.0
1585.0015362699028 0.0 0.0 0.0 1.0 0.0 0.0 9.0 0.0
1586.0067181491463 0.0 0.0 0.0 1.0 0.0 0.0 9.0 0.0
1587.0038560496414 0.0 0.0 0.0 1.0 0.0 0.0 9.0 0.0
1588.0091834247128 0.0 0.0 0.0 1.0 0.0 0.0 9.0 0.0
1589.0000453543225 0.0 0.0 0.0 1.0 0.0 0.0 9.0 0.0
1590.0091834247128 0.0 0.0 0.0 1.0 0.0 0.0 9.0 0.0
1591.0091834247128 0.0 0.0 0.0 1.0 0.0 0.0 9.0 0.0
1592.0015446747332 0.0 0.0 0.0 1.0 0.0 0.0 9.0 0.0
1593.0004052267577 0.0 0.0 0.0 1.0 0.0 0.0 9.0 0.0
1594.0065367696557 0.0 0.0 0.0 1.0 0.0 0.0 9.0 0.0
1595.0091834247128 0.0 0.0 0.0 1.0 0.0 0.0 9.0 0.0
1596.002665706777 0.0 0.0 0.0 1.0 0.0 0.0 9.0 0.0
1597.00260319446 0.0 0.0 0.0 1.0 0.0 0.0 9.0 0.0
1598.0075877132656 0.0 0.0 0.0 1.0 0.0 0.0 9.0 0.0
1599.0024305280454 0.0 0.0 0.0 1.0 0.0 0.0 9.0 0.0
1600.0009904914962 0.0 0.0 0.0 1.0 0.0 0.0 9.0 0.0
1601.0091834247128 0.0 0.0 0.0 1.0 0.0 0.0 9.0 0.0
1602.0049525768663 0.0 0.0 0.0 1.0 0.0 0.0 9.0 0.0
1603.0084307706618 0.0 0.0 0.0 1.0 0.0 0.0 9.0 0.0
1604.0091834247128 0.0 0.0 0.0 1.0 0.0 0.0 9.0 0.0
1605.002891437173 0.0 0.0 0.0 1.0 0.0 0.0 9.0 0.0
1606.0055331432754 0.0 0.0 0.0 1.0 0.0 0.0 9.0 0.0
1607.006544365607 0.0 0.0 0.0 1.0 0.0 0.0 9.0 0.0
1608.001118039336 0.0 0.0 0.0 1.0 0.0 0.0 9.0 0.0
1609.0091834247128 0.0 0.0 0.0 1.0 0.0 0.0 9.0 0.0
1610.000266935668 0.0 0.0 0.0 1.0 0.0 0.0 9.0 0.0
1611.0031759641342 0.0 0.0 0.0 1.0 0.0 0.0 9.0 0.0
1612.0091834247128 0.0 0.0 0.0 1.0 0.0 0.0 9.0 0.0
1613.0091834247128 0.0 0.0 0.0 1.0 0.0 0.0 9.0 0.0
1614.0076253620553 0.0 0.0 0.0 1.0 0.0 0.0 9.0 0.0
1615.0000588138132 0.0 0.0 0.0 1.0 0.0 0.0 9.0 0.0
1616.0091834247128 0.0 0.0 0.0 1.0 0.0 0.0 9.0 0.0
1617.0001598607678 0.0 0.0 0.0 1.0 0.0 0.0 9.0 0.0
1618.0083387948503 0.0 0.0 0.0 1.0 0.0 0.0 9.0 0.0
1619.0044928499183 0.0 0.0 0.0 1.0 0.0 0.0 9.0 0.0
1620.0016937165285 0.0 0.0 0.0 1.0 0.0 0.0 9.0 0.0
1621.0091834247128 0.0 0.0 0.0 1.0 0.0 0.0 9.0 0.0
1622.001106777112 0.0 0.0 0.0 1.0 0.0 0.0 9.0 0.0
1623.0008644271988 0.0 0.0 0.0 1.0 0.0 0.0 9.0 0.0
1624.004070249999 0.0 0.0 0.0 1.0 0.0 0.0 9.0 0.0
1625.0075726854561 0.0 0.0 0.0 1.0 0.0 0.0 9.0 0.0
1626.0086744351252 0.0 0.0 0.0 1.0 0.0 0.0 9.0 0.0
1627.00218603485 0.0 0.0 0.0 1.0 0.0 0.0 9.0 0.0
1628.001380120391 0.0 0.0 0.0 1.0 0.0 0.0 9.0 0.0
1629.0091834247128 0.0 0.0 0.0 1.0 0.0 0.0 9.0 0.0
1630.0091834247128 0.0 0.0 0.0 1.0 0.0 0.0 9.0 0.0
1631.0015400611594 0.0 0.0 0.0 1.0 0.0 0.0 9.0 0.0
1632.0011359690225 0.0 0.0 0.0 1.0 0.0 0.0 9.0 0.0
1633.0091834247128 0.0 0.0 0.0 1.0 0.0 0.0 9.0 0.0
1634.0073984385895 0.0 0.0 0.0 1.0 0.0 0.0 9.0 0.0
1635.0039734079965 0.0 0.0 0.0 1.0 0.0 0.0 9.0 0.0
1636.002004690705 0.0 0.0 0.0 1.0 0.0 0.0 9.0 0.0
1637.0091834247128 0.0 0.0 0.0 1.0 0.0 0.0 9.0 0.0
1638.0083752330995 0.0 0.0 0.0 1.0 0.0 0.0 9.0 0.0
1639.004838091194 0.0 0.0 0.0 1.0 0.0 0.0 9.0 0.0
1640.0076966446031 0.0 0.0 0.0 1.0 0.0 0.0 9.0 0.0
1641.0012142129758 0.0 0.0 0.0 1.0 0.0 0.0 9.0 0.0
1642.0037377412448 0.0 0.0 0.0 1.0 0.0 0.0 9.0 0.0
1643.0044796085292 0.0 0.0 0.0 1.0 0.0 0.0 9.0 0.0
1644.0091834247128 0.0 0.0 0.0 1.0 0.0 0.0 9.0 0.0
1645.0034564466387 0.0 0.0 0.0 1.0 0.0 0.0 9.0 0.0
1646.0091834247128 0.0 0.0 0.0 1.0 0.0 0.0 9.0 0.0
1647.0028179848457 0.0 0.0 0.0 1.0 0.0 0.0 9.0 0.0
1648.0076327155566 0.0 0.0 0.0 1.0 0.0 0.0 9.0 0.0
1649.0091834247128 0.0 0.0 0.0 1.0 0.0 0.0 9.0 0.0
1650.0018953938686 0.0 0.0 0.0 1.0 0.0 0.0 9.0 0.0
1651.0043064664162 0.0 0.0 0.0 1.0 0.0 0.0 9.0 0.0
1652.0091834247128 0.0 0.0 0.0 1.0 0.0 0.0 9.0 0.0
1653.0060896457205 0.0 0.0 0.0 1.0 0.0 0.0 9.0 0.0
1654.0009796972697 0.0 0.0 0.0 1.0 0.0 0.0 9.0 0.0
1655.0015536009798 0.0 0.0 0.0 1.0 0.0 0.0 9.0 0.0
1656.003193365381 0.0 0.0 0.0 1.0 0.0 0.0 9.0 0.0
1657.0091834247128 0.0 0.0 0.0 1.0 0.0 0.0 9.0 0.0
1658.005705546354 0.0 0.0 0.0 1.0 0.0 0.0 9.0 0.0
1659.0091834247128 0.0 0.0 0.0 1.0 0.0 0.0 9.0 0.0
1660.0084970408686 0.0 0.0 0.0 1.0 0.0 0.0 9.0 0.0
1661.0018071790155 0.0 0.0 0.0 1.0 0.0 0.0 9.0 0.0
1662.0051001032402 0.0 0.0 0.0 1.0 0.0 0.0 9.0 0.0
1663.0091834247128 0.0 0.0 0.0 1.0 0.0 0.0 9.0 0.0
1664.0036670095976 0.0 0.0 0.0 1.0 0.0 0.0 9.0 0.0
1665.0091834247128 0.0 0.0 0.0 1.0 0.0 0.0 9.0 0.0
1666.0091834247128 0.0 0.0 0.0 1.0 0.0 0.0 9.0 0.0
1667.0086823885765 0.0 0.0 0.0 1.0 0.0 0.0 9.0 0.0
1668.000559975176 0.0 0.0 0.0 1.0 0.0 0.0 9.0 0.0
1669.0091834247128 0.0 0.0 0.0 1.0 0.0 0.0 9.0 0.0
1670.0008929281657 0.0 0.0 0.0 1.0 0.0 0.0 9.0 0.0
1671.002847894281 0.0 0.0 0.0 1.0 0.0 0.0 9.0 0.0
1672.0046182105398 0.0 0.0 0.0 1.0 0.0 0.0 9.0 0.0
1673.0037459478615 0.0 0.0 0.0 1.0 0.0 0.0 9.0 0.0
1674.003876300087 0.0 0.0 0.0 1.0 0.0 0.0 9.0 0.0
1675.0088080566766 0.0 0.0 0.0 1.0 0.0 0.0 9.0 0.0
1676.0015758880272 0.0 0.0 0.0 1.0 0.0 0.0 9.0 0.0
1677.0091834247128 0.0 0.0 0.0 1.0 0.0 0.0 9.0 0.0
1678.005902945331 0.0 0.0 0.0 1.0 0.0 0.0 9.0 0.0
1679.001505978225 0.0 0.0 0.0 1.0 0.0 0.0 9.0 0.0
1680.0052217933585 0.0 0.0 0.0 1.0 0.0 0.0 9.0 0.0
1681.0091834247128 0.0 0.0 0.0 1.0 0.0 0.0 9.0 0.0
1682.0051873853465 0.0 0.0 0.0 1.0 0.0 0.0 9.0 0.0
1683.0006668574304 0.0 0.0 0.0 1.0 0.0 0.0 9.0 0.0
1684.0031811772315 0.0 0.0 0.0 1.0 0.0 0.0 9.0 0.0
1685.0091834247128 0.0 0.0 0.0 1.0 0.0 0.0 9.0 0.0
1686.0091834247128 0.0 0.0 0.0 1.0 0.0 0.0 9.0 0.0
1687.0091834247128 0.0 0.0 0.0 1.0 0.0 0.0 9.0 0.0
1688.0091834247128 0.0 0.0 0.0 1.0 0.0 0.0 9.0 0.0
1689.0091834247128 0.0 0.0 0.0 1.0 0.0 0.0 9.0 0.0
1690.0050470281312 0.0 0.0 0.0 1.0 0.0 0.0 9.0 0.0
1691.0091834247128 0.0 0.0 0.0 1.0 0.0 0.0 9.0 0.0
1692.0066420658177 0.0 0.0 0.0 1.0 0.0 0.0 9.0 0.0
1693.0029479676707 0.0 0.0 0.0 1.0 0.0 0.0 9.0 0.0
1694.0005038924508 0.0 0.0 0.0 1.0 0.0 0.0 9.0 0.0
1695.0010547987517 0.0 0.0 0.0 1.0 0.0 0.0 9.0 0.0
1696.001146878918 0.0 0.0 0.0 1.0 0.0 0.0 9.0 0.0
1697.0007086906617 0.0 0.0 0.0 1.0 0.0 0.0 9.0 0.0
1698.0035624922984 0.0 0.0 0.0 1.0 0.0 0.0 9.0 0.0
1699.002219171325 0.0 0.0 0.0 1.0 0.0 0.0 9.0 0.0
1700.001112778693 0.0 0.0 0.0 1.0 0.0 0.0 9.0 0.0
1701.0033612535553 0.0 0.0 0.0 1.0 0.0 0.0 9.0 0.0
1702.00262281078 0.0 0.0 0.0 1.0 0.0 0.0 9.0 0.0
1703.006589712515 0.0 0.0 0.0 1.0 0.0 0.0 9.0 0.0
1704.0001974228935 0.0 0.0 0.0 1.0 0.0 0.0 9.0 0.0
1705.0091834247128 0.0 0.0 0.0 1.0 0.0 0.0 9.0 0.0
1706.0091834247128 0.0 0.0 0.0 1.0 0.0 0.0 9.0 0.0
1707.0025590626942 0.0 0.0 0.0 1.0 0.0 0.0 9.0 0.0
1708.0091834247128 0.0 0.0 0.0 1.0 0.0 0.0 9.0 0.0
1709.0082596063385 0.0 0.0 0.0 1.0 0.0 0.0 9.0 0.0
1710.0073276895318 0.0 0.0 0.0 1.0 0.0 0.0 9.0 0.0
1711.0081575154784 0.0 0.0 0.0 1.0 0.0 0.0 9.0 0.0
1712.0018731416942 0.0 0.0 0.0 1.0 0.0 0.0 9.0 0.0
1713.002246892923 0.0 0.0 0.0 1.0 0.0 0.0 9.0 0.0
1714.0091834247128 0.0 0.0 0.0 1.0 0.0 0.0 9.0 0.0
1715.006212063166 0.0 0.0 0.0 1.0 0.0 0.0 9.0 0.0
1716.0030907445084 0.0 0.0 0.0 1.0 0.0 0.0 9.0 0.0
1717.005123161037 0.0 0.0 0.0 1.0 0.0 0.0 9.0 0.0
1718.0048788074316 0.0 0.0 0.0 1.0 0.0 0.0 9.0 0.0
1719.0012585377099 0.0 0.0 0.0 1.0 0.0 0.0 9.0 0.0
1720.0026081496176 0.0 0.0 0.0 1.0 0.0 0.0 9.0 0.0
1721.0024353044994 0.0 0.0 0.0 1.0 0.0 0.0 9.0 0.0
1722.002560094719 0.0 0.0 0.0 1.0 0.0 0.0 9.0 0.0
1723.0091834247128 0.0 0.0 0.0 1.0 0.0 0.0 9.0 0.0
1724.0014716109642 0.0 0.0 0.0 1.0 0.0 0.0 9.0 0.0
1725.007653293864 0.0 0.0 0.0 1.0 0.0 0.0 9.0 0.0
1726.001901506199 0.0 0.0 0.0 1.0 0.0 0.0 9.0 0.0
1727.001871803303 0.0 0.0 0.0 1.0 0.0 0.0 9.0 0.0
1728.0091834247128 0.0 0.0 0.0 1.0 0.0 0.0 9.0 0.0
1729.0028669399592 0.0 0.0 0.0 1.0 0.0 0.0 9.0 0.0
1730.0011232947656 0.0 0.0 0.0 1.0 0.0 0.0 9.0 0.0
1731.0018203710274 0.0 0.0 0.0 1.0 0.0 0.0 9.0 0.0
1732.0056201546602 0.0 0.0 0.0 1.0 0.0 0.0 9.0 0.0
1733.0024425065483 0.0 0.0 0.0 1.0 0.0 0.0 9.0 0.0
1734.0065096689027 0.0 0.0 0.0 1.0 0.0 0.0 9.0 0.0
1735.0084881059572 0.0 0.0 0.0 1.0 0.0 0.0 9.0 0.0
1736.0091834247128 0.0 0.0 0.0 1.0 0.0 0.0 9.0 0.0
1737.000680835717 0.0 0.0 0.0 1.0 0.0 0.0 9.0 0.0
1738.00430209865 0.0 0.0 0.0 1.0 0.0 0.0 9.0 0.0
1739.0091834247128 0.0 0.0 0.0 1.0 0.0 0.0 9.0 0.0
1740.0091834247128 0.0 0.0 0.0 1.0 0.0 0.0 9.0 0.0
1741.0091834247128 0.0 0.0 0.0 1.0 0.0 0.0 9.0 0.0
1742.00053406131 0.0 0.0 0.0 1.0 0.0 0.0 9.0 0.0
1743.0061559359185 0.0 0.0 0.0 1.0 0.0 0.0 9.0 0.0
1744.0067679587355 0.0 0.0 0.0 1.0 0.0 0.0 9.0 0.0
1745.0091834247128 0.0 0.0 0.0 1.0 0.0 0.0 9.0 0.0
1746.008236949157 0.0 0.0 0.0 1.0 0.0 0.0 9.0 0.0
1747.0005937089186 0.0 0.0 0.0 1.0 0.0 0.0 9.0 0.0
1748.0081092155485 0.0 0.0 0.0 1.0 0.0 0.0 9.0 0.0
1749.0060921090358 0.0 0.0 0.0 1.0 0.0 0.0 9.0 0.0
1750.0003770583103 0.0 0.0 0.0 1.0 0.0 0.0 9.0 0.0
1751.007585325429 0.0 0.0 0.0 1.0 0.0 0.0 9.0 0.0
1752.0006532649747 0.0 0.0 0.0 1.0 0.0 0.0 9.0 0.0
1753.0048912480697 0.0 0.0 0.0 1.0 0.0 0.0 9.0 0.0
1754.0040500310695 0.0 0.0 0.0 1.0 0.0 0.0 9.0 0.0
1755.0022122426903 0.0 0.0 0.0 1.0 0.0 0.0 9.0 0.0
1756.0091834247128 0.0 0.0 0.0 1.0 0.0 0.0 9.0 0.0
1757.0091834247128 0.0 0.0 0.0 1.0 0.0 0.0 9.0 0.0
1758.0030600116352 0.0 0.0 0.0 1.0 0.0 0.0 9.0 0.0
1759.0091834247128 0.0 0.0 0.0 1.0 0.0 0.0 9.0 0.0
1760.0013259074506 0.0 0.0 0.0 1.0 0.0 0.0 9.0 0.0
1761.0029019210467 0.0 0.0 0.0 1.0 0.0 0.0 9.0 0.0
1762.0057950192509 0.0 0.0 0.0 1.0 0.0 0.0 9.0 0.0
1763.0040187346997 0.0 0.0 0.0 1.0 0.0 0.0 9.0 0.0
1764.000399164848 0.0 0.0 0.0 1.0 0.0 0.0 9.0 0.0
1765.0008378359341 0.0 0.0 0.0 1.0 0.0 0.0 9.0 0.0
1766.0005962491807 0.0 0.0 0.0 1.0 0.0 0.0 9.0 0.0
1767.006396878006 0.0 0.0 0.0 1.0 0.0 0.0 9.0 0.0
1768.0014683093216 0.0 0.0 0.0 1.0 0.0 0.0 9.0 0.0
1769.0091834247128 0.0 0.0 0.0 1.0 0.0 0.0 9.0 0.0
1770.0091834247128 0.0 0.0 0.0 1.0 0.0 0.0 9.0 0.0
1771.0091834247128 0.0 0.0 0.0 1.0 0.0 0.0 9.0 0.0
1772.0091834247128 0.0 0.0 0.0 1.0 0.0 0.0 9.0 0.0
1773.0091834247128 0.0 0.0 0.0 1.0 0.0 0.0 9.0 0.0
1774.0091394648996 0.0 0.0 0.0 1.0 0.0 0.0 9.0 0.0
1775.001314154955 0.0 0.0 0.0 1.0 0.0 0.0 9.0 0.0
1776.0091834247128 0.0 0.0 0.0 1.0 0.0 0.0 9.0 0.0
1777.0042477901225 0.0 0.0 0.0 1.0 0.0 0.0 9.0 0.0
1778.0018110970007 0.0 0.0 0.0 1.0 0.0 0.0 9.0 0.0
1779.0088434112058 0.0 0.0 0.0 1.0 0.0 0.0 9.0 0.0
1780.0091834247128 0.0 0.0 0.0 1.0 0.0 0.0 9.0 0.0
1781.0091834247128 0.0 0.0 0.0 1.0 0.0 0.0 9.0 0.0
1782.0056336937612 0.0 0.0 0.0 1.0 0.0 0.0 9.0 0.0
1783.0007220829305 0.0 0.0 0.0 1.0 0.0 0.0 9.0 0.0
1784.005531183305 0.0 0.0 0.0 1.0 0.0 0.0 9.0 0.0
1785.0030624306291 0.0 0.0 0.0 1.0 0.0 0.0 9.0 0.0
1786.0089508741855 0.0 0.0 0.0 1.0 0.0 0.0 9.0 0.0
1787.0077723827292 0.0 0.0 0.0 1.0 0.0 0.0 9.0 0.0
1788.0009520531496 0.0 0.0 0.0 1.0 0.0 0.0 9.0 0.0
1789.0091834247128 0.0 0.0 0.0 1.0 0.0 0.0 9.0 0.0
1790.0051482479698 0.0 0.0 0.0 1.0 0.0 0.0 9.0 0.0
1791.0091834247128 0.0 0.0 0.0 1.0 0.0 0.0 9.0 0.0
1792.0000280461206 0.0 0.0 0.0 1.0 0.0 0.0 9.0 0.0
1793.00192422834 0.0 0.0 0.0 1.0 0.0 0.0 9.0 0.0
1794.0089730108732 0.0 0.0 0.0 1.0 0.0 0.0 9.0 0.0
1795.00374813871 0.0 0.0 0.0 1.0 0.0 0.0 9.0 0.0
1796.0000596792613 0.0 0.0 0.0 1.0 0.0 0.0 9.0 0.0
1797.0016877781873 0.0 0.0 0.0 1.0 0.0 0.0 9.0 0.0
1798.004238894856 0.0 0.0 0.0 1.0 0.0 0.0 9.0 0.0
1799.0091834247128 0.0 0.0 0.0 1.0 0.0 0.0 9.0 0.0
1800.0017425396559 0.0 0.0 0.0 1.0 0.0 0.0 9.0 0.0
1801.0000689433173 0.0 0.0 0.0 1.0 0.0 0.0 9.0 0.0
1802.0017870103711 0.0 0.0 0.0 1.0 0.0 0.0 9.0 0.0
1803.0040453122203 0.0 0.0 0.0 1.0 0.0 0.0 9.0 0.0
1804.0091834247128 0.0 0.0 0.0 1.0 0.0 0.0 9.0 0.0
1805.0091834247128 0.0 0.0 0.0 1.0 0.0 0.0 9.0 0.0
1806.004031431052 0.0 0.0 0.0 1.0 0.0 0.0 9.0 0.0
1807.007571920799 0.0 0.0 0.0 1.0 0.0 0.0 9.0 0.0
1808.0004815810832 0.0 0.0 0.0 1.0 0.0 0.0 9.0 0.0
1809.0050278846797 0.0 0.0 0.0 1.0 0.0 0.0 9.0 0.0
1810.0039119620174 0.0 0.0 0.0 1.0 0.0 0.0 9.0 0.0
1811.0042579947144 0.0 0.0 0.0 1.0 0.0 0.0 9.0 0.0
1812.0091834247128 0.0 0.0 0.0 1.0 0.0 0.0 9.0 0.0
1813.0091834247128 0.0 0.0 0.0 1.0 0.0 0.0 9.0 0.0
1814.0007256285323 0.0 0.0 0.0 1.0 0.0 0.0 9.0 0.0
1815.002775258457 0.0 0.0 0.0 1.0 0.0 0.0 9.0 0.0
1816.003871181479 0.0 0.0 0.0 1.0 0.0 0.0 9.0 0.0
1817.0019480641154 0.0 0.0 0.0 1.0 0.0 0.0 9.0 0.0
1818.0022593190326 0.0 0.0 0.0 1.0 0.0 0.0 9.0 0.0
1819.0091834247128 0.0 0.0 0.0 1.0 0.0 0.0 9.0 0.0
1820.0048037167364 0.0 0.0 0.0 1.0 0.0 0.0 9.0 0.0
1821.0048820936681 0.0 0.0 0.0 1.0 0.0 0.0 9.0 0.0
1822.0041741265532 0.0 0.0 0.0 1.0 0.0 0.0 9.0 0.0
1823.0091834247128 0.0 0.0 0.0 1.0 0.0 0.0 9.0 0.0
1824.0002053587339 0.0 0.0 0.0 1.0 0.0 0.0 9.0 0.0
1825.0091834247128 0.0 0.0 0.0 1.0 0.0 0.0 9.0 0.0
1826.0042764985863 0.0 0.0 0.0 1.0 0.0 0.0 9.0 0.0
1827.001122525926 0.0 0.0 0.0 1.0 0.0 0.0 9.0 0.0
1828.0033519664566 0.0 0.0 0.0 1.0 0.0 0.0 9.0 0.0
1829.0076111528388 0.0 0.0 0.0 1.0 0.0 0.0 9.0 0.0
1830.0021355385577 0.0 0.0 0.0 1.0 0.0 0.0 9.0 0.0
1831.0012026206352 0.0 0.0 0.0 1.0 0.0 0.0 9.0 0.0
1832.000810711945 0.0 0.0 0.0 1.0 0.0 0.0 9.0 0.0
1833.005530801663 0.0 0.0 0.0 1.0 0.0 0.0 9.0 0.0
1834.005153412683 0.0 0.0 0.0 1.0 0.0 0.0 9.0 0.0
1835.0091834247128 0.0 0.0 0.0 1.0 0.0 0.0 9.0 0.0
1836.0007454017925 0.0 0.0 0.0 1.0 0.0 0.0 9.0 0.0
1837.0004268654184 0.0 0.0 0.0 1.0 0.0 0.0 9.0 0.0
1838.00713801273 0.0 0.0 0.0 1.0 0.0 0.0 9.0 0.0
1839.0032871683827 0.0 0.0 0.0 1.0 0.0 0.0 9.0 0.0
1840.002791663426 0.0 0.0 0.0 1.0 0.0 0.0 9.0 0.0
1841.002039880527 0.0 0.0 0.0 1.0 0.0 0.0 9.0 0.0
1842.0032502155923 0.0 0.0 0.0 1.0 0.0 0.0 9.0 0.0
1843.0091834247128 0.0 0.0 0.0 1.0 0.0 0.0 9.0 0.0
1844.000697423237 0.0 0.0 0.0 1.0 0.0 0.0 9.0 0.0
1845.0060774000683 0.0 0.0 0.0 1.0 0.0 0.0 9.0 0.0
1846.0061664737736 0.0 0.0 0.0 1.0 0.0 0.0 9.0 0.0
1847.004664976772 0.0 0.0 0.0 1.0 0.0 0.0 9.0 0.0
1848.0005780578476 0.0 0.0 0.0 1.0 0.0 0.0 9.0 0.0
1849.0029626152186 0.0 0.0 0.0 1.0 0.0 0.0 9.0 0.0
1850.0091834247128 0.0 0.0 0.0 1.0 0.0 0.0 9.0 0.0
1851.002008775976 0.0 0.0 0.0 1.0 0.0 0.0 9.0 0.0
1852.0028791041743 0.0 0.0 0.0 1.0 0.0 0.0 9.0 0.0
1853.006011969905 0.0 0.0 0.0 1.0 0.0 0.0 9.0 0.0
1854.0050245141176 0.0 0.0 0.0 1.0 0.0 0.0 9.0 0.0
1855.0064630517652 0.0 0.0 0.0 1.0 0.0 0.0 9.0 0.0
1856.0091834247128 0.0 0.0 0.0 1.0 0.0 0.0 9.0 0.0
1857.000599547222 0.0 0.0 0.0 1.0 0.0 0.0 9.0 0.0
1858.0091834247128 0.0 0.0 0.0 1.0 0.0 0.0 9.0 0.0
1859.0091834247128 0.0 0.0 0.0 1.0 0.0 0.0 9.0 0.0
1860.0002201311772 0.0 0.0 0.0 1.0 0.0 0.0 9.0 0.0
1861.0091834247128 0.0 0.0 0.0 1.0 0.0 0.0 9.0 0.0
1862.002932769573 0.0 0.0 0.0 1.0 0.0 0.0 9.0 0.0
1863.000856661913 0.0 0.0 0.0 1.0 0.0 0.0 9.0 0.0
1864.0001345994656 0.0 0.0 0.0 1.0 0.0 0.0 9.0 0.0
1865.002802687552 0.0 0.0 0.0 1.0 0.0 0.0 9.0 0.0
1866.0028481094362 0.0 0.0 0.0 1.0 0.0 0.0 9.0 0.0
1867.0091834247128 0.0 0.0 0.0 1.0 0.0 0.0 9.0 0.0
1868.0091834247128 0.0 0.0 0.0 1.0 0.0 0.0 9.0 0.0
1869.0091834247128 0.0 0.0 0.0 1.0 0.0 0.0 9.0 0.0
1870.0091834247128 0.0 0.0 0.0 1.0 0.0 0.0 9.0 0.0
1871.0034155960468 0.0 0.0 0.0 1.0 0.0 0.0 9.0 0.0
1872.0016760310568 0.0 0.0 0.0 1.0 0.0 0.0 9.0 0.0
1873.0001911235065 0.0 0.0 0.0 1.0 0.0 0.0 9.0 0.0
1874.0028036167037 0.0 0.0 0.0 1.0 0.0 0.0 9.0 0.0
1875.0036611592288 0.0 0.0 0.0 1.0 0.0 0.0 9.0 0.0
1876.0091834247128 0.0 0.0 0.0 1.0 0.0 0.0 9.0 0.0
1877.000293747073 0.0 0.0 0.0 1.0 0.0 0.0 9.0 0.0
1878.0091834247128 0.0 0.0 0.0 1.0 0.0 0.0 9.0 0.0
1879.0086762141193 0.0 0.0 0.0 1.0 0.0 0.0 9.0 0.0
1880.0091834247128 0.0 0.0 0.0 1.0 0.0 0.0 9.0 0.0
1881.0066908228905 0.0 0.0 0.0 1.0 0.0 0.0 9.0 0.0
1882.0002398388624 0.0 0.0 0.0 1.0 0.0 0.0 9.0 0.0
1883.0088180650591 0.0 0.0 0.0 1.0 0.0 0.0 9.0 0.0
1884.0016909390163 0.0 0.0 0.0 1.0 0.0 0.0 9.0 0.0
1885.002291313099 0.0 0.0 0.0 1.0 0.0 0.0 9.0 0.0
1886.0091834247128 0.0 0.0 0.0 1.0 0.0 0.0 9.0 0.0
1887.0091834247128 0.0 0.0 0.0 1.0 0.0 0.0 9.0 0.0
1888.0030390594502 0.0 0.0 0.0 1.0 0.0 0.0 9.0 0.0
1889.0017786062222 0.0 0.0 0.0 1.0 0.0 0.0 9.0 0.0
1890.0027758264432 0.0 0.0 0.0 1.0 0.0 0.0 9.0 0.0
1891.005131697339 0.0 0.0 0.0 1.0 0.0 0.0 9.0 0.0
1892.0091834247128 0.0 0.0 0.0 1.0 0.0 0.0 9.0 0.0
1893.001184908009 0.0 0.0 0.0 1.0 0.0 0.0 9.0 0.0
1894.0006956680224 0.0 0.0 0.0 1.0 0.0 0.0 9.0 0.0
1895.0091834247128 0.0 0.0 0.0 1.0 0.0 0.0 9.0 0.0
1896.0067445564955 0.0 0.0 0.0 1.0 0.0 0.0 9.0 0.0
1897.0012381676675 0.0 0.0 0.0 1.0 0.0 0.0 9.0 0.0
1898.002141588976 0.0 0.0 0.0 1.0 0.0 0.0 9.0 0.0
1899.0052325869967 0.0 0.0 0.0 1.0 0.0 0.0 9.0 0.0
1900.0091834247128 0.0 0.0 0.0 1.0 0.0 0.0 9.0 0.0
1901.0059290136514 0.0 0.0 0.0 1.0 0.0 0.0 9.0 0.0
1902.003237181959 0.0 0.0 0.0 1.0 0.0 0.0 9.0 0.0
1903.0091834247128 0.0 0.0 0.0 1.0 0.0 0.0 9.0 0.0
1904.0091834247128 0.0 0.0 0.0 1.0 0.0 0.0 9.0 0.0
1905.0091834247128 0.0 0.0 0.0 1.0 0.0 0.0 9.0 0.0
1906.0088733578802 0.0 0.0 0.0 1.0 0.0 0.0 9.0 0.0
1907.0037276667924 0.0 0.0 0.0 1.0 0.0 0.0 9.0 0.0
1908.0091834247128 0.0 0.0 0.0 1.0 0.0 0.0 9.0 0.0
1909.0091834247128 0.0 0.0 0.0 1.0 0.0 0.0 9.0 0.0
1910.0016775109566 0.0 0.0 0.0 1.0 0.0 0.0 9.0 0.0
1911.0091834247128 0.0 0.0 0.0 1.0 0.0 0.0 9.0 0.0
1912.0086220942653 0.0 0.0 0.0 1.0 0.0 0.0 9.0 0.0
1913.0091834247128 0.0 0.0 0.0 1.0 0.0 0.0 9.0 0.0
1914.0017634100689 0.0 0.0 0.0 1.0 0.0 0.0 9.0 0.0
1915.007659681108 0.0 0.0 0.0 1.0 0.0 0.0 9.0 0.0
1916.0028588613602 0.0 0.0 0.0 1.0 0.0 0.0 9.0 0.0
1917.0025129154612 0.0 0.0 0.0 1.0 0.0 0.0 9.0 0.0
1918.0091834247128 0.0 0.0 0.0 1.0 0.0 0.0 9.0 0.0
1919.00359142789 0.0 0.0 0.0 1.0 0.0 0.0 9.0 0.0
1920.0039303980977 0.0 0.0 0.0 1.0 0.0 0.0 9.0 0.0
1921.003972373024 0.0 0.0 0.0 1.0 0.0 0.0 9.0 0.0
1922.0030939955193 0.0 0.0 0.0 1.0 0.0 0.0 9.0 0.0
1923.0057190055225 0.0 0.0 0.0 1.0 0.0 0.0 9.0 0.0
1924.000201431169 0.0 0.0 0.0 1.0 0.0 0.0 9.0 0.0
1925.0004271691885 0.0 0.0 0.0 1.0 0.0 0.0 9.0 0.0
1926.0091834247128 0.0 0.0 0.0 1.0 0.0 0.0 9.0 0.0
1927.0091834247128 0.0 0.0 0.0 1.0 0.0 0.0 9.0 0.0
1928.0033507650273 0.0 0.0 0.0 1.0 0.0 0.0 9.0 0.0
1929.0091834247128 0.0 0.0 0.0 1.0 0.0 0.0 9.0 0.0
1930.0086980901654 0.0 0.0 0.0 1.0 0.0 0.0 9.0 0.0
1931.0081995052265 0.0 0.0 0.0 1.0 0.0 0.0 9.0 0.0
1932.0016025223645 0.0 0.0 0.0 1.0 0.0 0.0 9.0 0.0
1933.0006260162509 0.0 0.0 0.0 1.0 0.0 0.0 9.0 0.0
1934.0091834247128 0.0 0.0 0.0 1.0 0.0 0.0 9.0 0.0
1935.0003950748642 0.0 0.0 0.0 1.0 0.0 0.0 9.0 0.0
1936.002325055269 0.0 0.0 0.0 1.0 0.0 0.0 9.0 0.0
1937.0091834247128 0.0 0.0 0.0 1.0 0.0 0.0 9.0 0.0
1938.0057849984444 0.0 0.0 0.0 1.0 0.0 0.0 9.0 0.0
1939.0091834247128 0.0 0.0 0.0 1.0 0.0 0.0 9.0 0.0
1940.0061318053904 0.0 0.0 0.0 1.0 0.0 0.0 9.0 0.0
1941.007684012211 0.0 0.0 0.0 1.0 0.0 0.0 9.0 0.0
1942.0091834247128 0.0 0.0 0.0 1.0 0.0 0.0 9.0 0.0
1943.006785704962 0.0 0.0 0.0 1.0 0.0 0.0 9.0 0.0
1944.0091834247128 0.0 0.0 0.0 1.0 0.0 0.0 9.0 0.0
1945.0015090460674 0.0 0.0 0.0 1.0 0.0 0.0 9.0 0.0
1946.0038326573322 0.0 0.0 0.0 1.0 0.0 0.0 9.0 0.0
1947.0070649924019 0.0 0.0 0.0 1.0 0.0 0.0 9.0 0.0
1948.0014418522344 0.0 0.0 0.0 1.0 0.0 0.0 9.0 0.0
1949.0079583965462 0.0 0.0 0.0 1.0 0.0 0.0 9.0 0.0
1950.0012845681697 0.0 0.0 0.0 1.0 0.0 0.0 9.0 0.0
1951.0023867011548 0.0 0.0 0.0 1.0 0.0 0.0 9.0 0.0
1952.0005735609827 0.0 0.0 0.0 1.0 0.0 0.0 9.0 0.0
1953.0091834247128 0.0 0.0 0.0 1.0 0.0 0.0 9.0 0.0
1954.0028337616586 0.0 0.0 0.0 1.0 0.0 0.0 9.0 0.0
1955.003652724409 0.0 0.0 0.0 1.0 0.0 0.0 9.0 0.0
1956.0091834247128 0.0 0.0 0.0 1.0 0.0 0.0 9.0 0.0
1957.0017921546882 0.0 0.0 0.0 1.0 0.0 0.0 9.0 0.0
1958.001260057218 0.0 0.0 0.0 1.0 0.0 0.0 9.0 0.0
1959.0077552819237 0.0 0.0 0.0 1.0 0.0 0.0 9.0 0.0
1960.0078318817798 0.0 0.0 0.0 1.0 0.0 0.0 9.0 0.0
1961.0032616409123 0.0 0.0 0.0 1.0 0.0 0.0 9.0 0.0
1962.001219803172 0.0 0.0 0.0 1.0 0.0 0.0 9.0 0.0
1963.0008318425987 0.0 0.0 0.0 1.0 0.0 0.0 9.0 0.0
1964.0091834247128 0.0 0.0 0.0 1.0 0.0 0.0 9.0 0.0
1965.0040733804926 0.0 0.0 0.0 1.0 0.0 0.0 9.0 0.0
1966.0006469755476 0.0 0.0 0.0 1.0 0.0 0.0 9.0 0.0
1967.001350117882 0.0 0.0 0.0 1.0 0.0 0.0 9.0 0.0
1968.0004770369267 0.0 0.0 0.0 1.0 0.0 0.0 9.0 0.0
1969.0017523321878 0.0 0.0 0.0 1.0 0.0 0.0 9.0 0.0
1970.0000715525875 0.0 0.0 0.0 1.0 0.0 0.0 9.0 0.0
1971.0091834247128 0.0 0.0 0.0 1.0 0.0 0.0 9.0 0.0
1972.0063293131498 0.0 0.0 0.0 1.0 0.0 0.0 9.0 0.0
1973.0039344571853 0.0 0.0 0.0 1.0 0.0 0.0 9.0 0.0
1974.0022302611733 0.0 0.0 0.0 1.0 0.0 0.0 9.0 0.0
1975.008467063007 0.0 0.0 0.0 1.0 0.0 0.0 9.0 0.0
1976.0007888961609 0.0 0.0 0.0 1.0 0.0 0.0 9.0 0.0
1977.0067789801985 0.0 0.0 0.0 1.0 0.0 0.0 9.0 0.0
1978.0038720899274 0.0 0.0 0.0 1.0 0.0 0.0 9.0 0.0
1979.0044529084394 0.0 0.0 0.0 1.0 0.0 0.0 9.0 0.0
1980.0030560240637 0.0 0.0 0.0 1.0 0.0 0.0 9.0 0.0
1981.0025829796314 0.0 0.0 0.0 1.0 0.0 0.0 9.0 0.0
1982.0075200097417 0.0 0.0 0.0 1.0 0.0 0.0 9.0 0.0
1983.0086233799325 0.0 0.0 0.0 1.0 0.0 0.0 9.0 0.0
1984.0017996995055 0.0 0.0 0.0 1.0 0.0 0.0 9.0 0.0
1985.0034306125965 0.0 0.0 0.0 1.0 0.0 0.0 9.0 0.0
1986.0044098793076 0.0 0.0 0.0 1.0 0.0 0.0 9.0 0.0
1987.0025114046975 0.0 0.0 0.0 1.0 0.0 0.0 9.0 0.0
1988.0015810030638 0.0 0.0 0.0 1.0 0.0 0.0 9.0 0.0
1989.0056363311144 0.0 0.0 0.0 1.0 0.0 0.0 9.0 0.0
1990.0091834247128 0.0 0.0 0.0 1.0 0.0 0.0 9.0 0.0
1991.0011541017589 0.0 0.0 0.0 1.0 0.0 0.0 9.0 0.0
1992.0091834247128 0.0 0.0 0.0 1.0 0.0 0.0 9.0 0.0
1993.0071404279597 0.0 0.0 0.0 1.0 0.0 0.0 9.0 0.0
1994.004884225489 0.0 0.0 0.0 1.0 0.0 0.0 9.0 0.0
1995.0023686047982 0.0 0.0 0.0 1.0 0.0 0.0 9.0 0.0
1996.0013704352732 0.0 0.0 0.0 1.0 0.0 0.0 9.0 0.0
1997.0091834247128 0.0 0.0 0.0 1.0 0.0 0.0 9.0 0.0
1998.0038391322335 0.0 0.0 0.0 1.0 0.0 0.0 9.0 0.0
1999.003432362584 0.0 0.0 0.0 1.0 0.0 0.0 9.0 0.0
2000.0061190173174 0.0 0.0 0.0 1.0 0.0 0.0 9.0 0.0
2001.001754595145 0.0 0.0 0.0 1.0 0.0 0.0 9.0 0.0
2002.00187032552 0.0 0.0 0.0 1.0 0.0 0.0 9.0 0.0
2003.0091834247128 0.0 0.0 0.0 1.0 0.0 0.0 9.0 0.0
2004.0043618681498 0.0 0.0 0.0 1.0 0.0 0.0 9.0 0.0
2005.0013712893829 0.0 0.0 0.0 1.0 0.0 0.0 9.0 0.0
2006.0006958481051 0.0 0.0 0.0 1.0 0.0 0.0 9.0 0.0
2007.0091834247128 0.0 0.0 0.0 1.0 0.0 0.0 9.0 0.0
2008.0077581753487 0.0 0.0 0.0 1.0 0.0 0.0 9.0 0.0
2009.0042187020217 0.0 0.0 0.0 1.0 0.0 0.0 9.0 0.0
2010.0042289958685 0.0 0.0 0.0 1.0 0.0 0.0 9.0 0.0
2011.0057811773427 0.0 0.0 0.0 1.0 0.0 0.0 9.0 0.0
2012.0091834247128 0.0 0.0 0.0 1.0 0.0 0.0 9.0 0.0
2013.0036784644064 0.0 0.0 0.0 1.0 0.0 0.0 9.0 0.0
2014.00045536494 0.0 0.0 0.0 1.0 0.0 0.0 9.0 0.0
2015.0029064902794 0.0 0.0 0.0 1.0 0.0 0.0 9.0 0.0
2016.0091834247128 0.0 0.0 0.0 1.0 0.0 0.0 9.0 0.0
2017.0043814847133 0.0 0.0 0.0 1.0 0.0 0.0 9.0 0.0
2018.0035948441002 0.0 0.0 0.0 1.0 0.0 0.0 9.0 0.0
2019.0020255603786 0.0 0.0 0.0 1.0 0.0 0.0 9.0 0.0
2020.0018072759651 0.0 0.0 0.0 1.0 0.0 0.0 9.0 0.0
2021.0091834247128 0.0 0.0 0.0 1.0 0.0 0.0 9.0 0.0
2022.0039364111572 0.0 0.0 0.0 1.0 0.0 0.0 9.0 0.0
2023.0074850404642 0.0 0.0 0.0 1.0 0.0 0.0 9.0 0.0
2024.0089210590538 0.0 0.0 0.0 1.0 0.0 0.0 9.0 0.0
2025.0081553593852 0.0 0.0 0.0 1.0 0.0 0.0 9.0 0.0
2026.0091834247128 0.0 0.0 0.0 1.0 0.0 0.0 9.0 0.0
2027.0004272775382 0.0 0.0 0.0 1.0 0.0 0.0 9.0 0.0
2028.0039105345509 0.0 0.0 0.0 1.0 0.0 0.0 9.0 0.0
2029.005562382372 0.0 0.0 0.0 1.0 0.0 0.0 9.0 0.0
2030.0091834247128 0.0 0.0 0.0 1.0 0.0 0.0 9.0 0.0
2031.002932741215 0.0 0.0 0.0 1.0 0.0 0.0 9.0 0.0
2032.006029678453 0.0 0.0 0.0 1.0 0.0 0.0 9.0 0.0
2033.0081564580746 0.0 0.0 0.0 1.0 0.0 0.0 9.0 0.0
2034.0091834247128 0.0 0.0 0.0 1.0 0.0 0.0 9.0 0.0
2035.0091834247128 0.0 0.0 0.0 1.0 0.0 0.0 9.0 0.0
2036.0040151605008 0.0 0.0 0.0 1.0 0.0 0.0 9.0 0.0
2037.0064691310013 0.0 0.0 0.0 1.0 0.0 0.0 9.0 0.0
2038.0030388188238 0.0 0.0 0.0 1.0 0.0 0.0 9.0 0.0
2039.0037924475255 0.0 0.0 0.0 1.0 0.0 0.0 9.0 0.0
2040.0085651496445 0.0 0.0 0.0 1.0 0.0 0.0 9.0 0.0
2041.0070594844865 0.0 0.0 0.0 1.0 0.0 0.0 9.0 0.0
2042.0091834247128 0.0 0.0 0.0 1.0 0.0 0.0 9.0 0.0
2043.0029634038592 0.0 0.0 0.0 1.0 0.0 0.0 9.0 0.0
2044.0009211069298 0.0 0.0 0.0 1.0 0.0 0.0 9.0 0.0
2045.0053443101722 0.0 0.0 0.0 1.0 0.0 0.0 9.0 0.0
2046.0060949415401 0.0 0.0 0.0 1.0 0.0 0.0 9.0 0.0
2047.0091834247128 0.0 0.0 0.0 1.0 0.0 0.0 9.0 0.0
2048.000531253976 0.0 0.0 0.0 1.0 0.0 0.0 9.0 0.0
2049.0020559025297 0.0 0.0 0.0 1.0 0.0 0.0 9.0 0.0
2050.009183424713 0.0 0.0 0.0 1.0 0.0 0.0 9.0 0.0
2051.006431506378 0.0 0.0 0.0 1.0 0.0 0.0 9.0 0.0
2052.0028640881205 0.0 0.0 0.0 1.0 0.0 0.0 9.0 0.0
2053.0047829528585 0.0 0.0 0.0 1.0 0.0 0.0 9.0 0.0
2054.0030143113963 0.0 0.0 0.0 1.0 0.0 0.0 9.0 0.0
2055.0091208694607 0.0 0.0 0.0 1.0 0.0 0.0 9.0 0.0
2056.0033325336917 0.0 0.0 0.0 1.0 0.0 0.0 9.0 0.0
2057.0053559407443 0.0 0.0 0.0 1.0 0.0 0.0 9.0 0.0
2058.0033786665645 0.0 0.0 0.0 1.0 0.0 0.0 9.0 0.0
2059.0012523512164 0.0 0.0 0.0 1.0 0.0 0.0 9.0 0.0
2060.003934197069 0.0 0.0 0.0 1.0 0.0 0.0 9.0 0.0
2061.0029695128183 0.0 0.0 0.0 1.0 0.0 0.0 9.0 0.0
2062.004250494665 0.0 0.0 0.0 1.0 0.0 0.0 9.0 0.0
2063.009183424713 0.0 0.0 0.0 1.0 0.0 0.0 9.0 0.0
2064.002486055208 0.0 0.0 0.0 1.0 0.0 0.0 9.0 0.0
2065.0023711143353 0.0 0.0 0.0 1.0 0.0 0.0 9.0 0.0
2066.0057639326787 0.0 0.0 0.0 1.0 0.0 0.0 9.0 0.0
2067.009183424713 0.0 0.0 0.0 1.0 0.0 0.0 9.0 0.0
2068.0043857312717 0.0 0.0 0.0 1.0 0.0 0.0 9.0 0.0
2069.009183424713 0.0 0.0 0.0 1.0 0.0 0.0 9.0 0.0
2070.000167436147 0.0 0.0 0.0 1.0 0.0 0.0 9.0 0.0
2071.008688477129 0.0 0.0 0.0 1.0 0.0 0.0 9.0 0.0
2072.009183424713 0.0 0.0 0.0 1.0 0.0 0.0 9.0 0.0
2073.009183424713 0.0 0.0 0.0 1.0 0.0 0.0 9.0 0.0
2074.0008796896823 0.0 0.0 0.0 1.0 0.0 0.0 9.0 0.0
2075.0019484834697 0.0 0.0 0.0 1.0 0.0 0.0 9.0 0.0
2076.008253850562 0.0 0.0 0.0 1.0 0.0 0.0 9.0 0.0
2077.009183424713 0.0 0.0 0.0 1.0 0.0 0.0 9.0 0.0
2078.0004137054266 0.0 0.0 0.0 1.0 0.0 0.0 9.0 0.0
2079.0047059042354 0.0 0.0 0.0 1.0 0.0 0.0 9.0 0.0
2080.009183424713 0.0 0.0 0.0 1.0 0.0 0.0 9.0 0.0
2081.005961598284 0.0 0.0 0.0 1.0 0.0 0.0 9.0 0.0
2082.0028947444603 0.0 0.0 0.0 1.0 0.0 0.0 9.0 0.0
2083.008455994051 0.0 0.0 0.0 1.0 0.0 0.0 9.0 0.0
2084.0066259918476 0.0 0.0 0.0 1.0 0.0 0.0 9.0 0.0
2085.007563084011 0.0 0.0 0.0 1.0 0.0 0.0 9.0 0.0
2086.009183424713 0.0 0.0 0.0 1.0 0.0 0.0 9.0 0.0
2087.0003153267944 0.0 0.0 0.0 1.0 0.0 0.0 9.0 0.0
2088.0014185751284 0.0 0.0 0.0 1.0 0.0 0.0 9.0 0.0
2089.0001072244754 0.0 0.0 0.0 1.0 0.0 0.0 9.0 0.0
2090.009183424713 0.0 0.0 0.0 1.0 0.0 0.0 9.0 0.0
2091.001443445606 0.0 0.0 0.0 1.0 0.0 0.0 9.0 0.0
2092.0027330148996 0.0 0.0 0.0 1.0 0.0 0.0 9.0 0.0
2093.0039872319953 0.0 0.0 0.0 1.0 0.0 0.0 9.0 0.0
2094.0087804298532 0.0 0.0 0.0 1.0 0.0 0.0 9.0 0.0
2095.00375734416 0.0 0.0 0.0 1.0 0.0 0.0 9.0 0.0
2096.007251837298 0.0 0.0 0.0 1.0 0.0 0.0 9.0 0.0
2097.001096786853 0.0 0.0 0.0 1.0 0.0 0.0 9.0 0.0
2098.009183424713 0.0 0.0 0.0 1.0 0.0 0.0 9.0 0.0
2099.002589414303 0.0 0.0 0.0 1.0 0.0 0.0 9.0 0.0
2100.0014552838547 0.0 0.0 0.0 1.0 0.0 0.0 9.0 0.0
2101.009183424713 0.0 0.0 0.0 1.0 0.0 0.0 9.0 0.0
2102.0072665505277 0.0 0.0 0.0 1.0 0.0 0.0 9.0 0.0
2103.0050153919374 0.0 0.0 0.0 1.0 0.0 0.0 9.0 0.0
2104.001457512024 0.0 0.0 0.0 1.0 0.0 0.0 9.0 0.0
2105.009183424713 0.0 0.0 0.0 1.0 0.0 0.0 9.0 0.0
2106.0023975142913 0.0 0.0 0.0 1.0 0.0 0.0 9.0 0.0
2107.009183424713 0.0 0.0 0.0 1.0 0.0 0.0 9.0 0.0
2108.0023334784278 0.0 0.0 0.0 1.0 0.0 0.0 9.0 0.0
2109.0076874631545 0.0 0.0 0.0 1.0 0.0 0.0 9.0 0.0
2110.0026140252735 0.0 0.0 0.0 1.0 0.0 0.0 9.0 0.0
2111.0025493989942 0.0 0.0 0.0 1.0 0.0 0.0 9.0 0.0
2112.009183424713 0.0 0.0 0.0 1.0 0.0 0.0 9.0 0.0
2113.001302068715 0.0 0.0 0.0 1.0 0.0 0.0 9.0 0.0
2114.005080485469 0.0 0.0 0.0 1.0 0.0 0.0 9.0 0.0
2115.009183424713 0.0 0.0 0.0 1.0 0.0 0.0 9.0 0.0
2116.0050426343905 0.0 0.0 0.0 1.0 0.0 0.0 9.0 0.0
2117.0048946469287 0.0 0.0 0.0 1.0 0.0 0.0 9.0 0.0
2118.003222153596 0.0 0.0 0.0 1.0 0.0 0.0 9.0 0.0
2119.009183424713 0.0 0.0 0.0 1.0 0.0 0.0 9.0 0.0
2120.0039064502375 0.0 0.0 0.0 1.0 0.0 0.0 9.0 0.0
2121.009183424713 0.0 0.0 0.0 1.0 0.0 0.0 9.0 0.0
2122.001647432238 0.0 0.0 0.0 1.0 0.0 0.0 9.0 0.0
2123.001261985551 0.0 0.0 0.0 1.0 0.0 0.0 9.0 0.0
2124.009183424713 0.0 0.0 0.0 1.0 0.0 0.0 9.0 0.0
2125.0071972420856 0.0 0.0 0.0 1.0 0.0 0.0 9.0 0.0
2126.006403553289 0.0 0.0 0.0 1.0 0.0 0.0 9.0 0.0
2127.009183424713 0.0 0.0 0.0 1.0 0.0 0.0 9.0 0.0
2128.002344878321 0.0 0.0 0.0 1.0 0.0 0.0 9.0 0.0
2129.009183424713 0.0 0.0 0.0 1.0 0.0 0.0 9.0 0.0
2130.009183424713 0.0 0.0 0.0 1.0 0.0 0.0 9.0 0.0
2131.007520058602 0.0 0.0 0.0 1.0 0.0 0.0 9.0 0.0
2132.004666112244 0.0 0.0 0.0 1.0 0.0 0.0 9.0 0.0
2133.0021965172473 0.0 0.0 0.0 1.0 0.0 0.0 9.0 0.0
2134.0047053523963 0.0 0.0 0.0 1.0 0.0 0.0 9.0 0.0
2135.009183424713 0.0 0.0 0.0 1.0 0.0 0.0 9.0 0.0
2136.0031010659004 0.0 0.0 0.0 1.0 0.0 0.0 9.0 0.0
2137.005743285549 0.0 0.0 0.0 1.0 0.0 0.0 9.0 0.0
2138.007438129309 0.0 0.0 0.0 1.0 0.0 0.0 9.0 0.0
2139.001334508302 0.0 0.0 0.0 1.0 0.0 0.0 9.0 0.0
2140.0054613938846 0.0 0.0 0.0 1.0 0.0 0.0 9.0 0.0
2141.000979122619 0.0 0.0 0.0 1.0 0.0 0.0 9.0 0.0
2142.000550634195 0.0 0.0 0.0 1.0 0.0 0.0 9.0 0.0
2143.009183424713 0.0 0.0 0.0 1.0 0.0 0.0 9.0 0.0
2144.0013713844965 0.0 0.0 0.0 1.0 0.0 0.0 9.0 0.0
2145.0048015288726 0.0 0.0 0.0 1.0 0.0 0.0 9.0 0.0
2146.009183424713 0.0 0.0 0.0 1.0 0.0 0.0 9.0 0.0
2147.0056481995075 0.0 0.0 0.0 1.0 0.0 0.0 9.0 0.0
2148.0060894855974 0.0 0.0 0.0 1.0 0.0 0.0 9.0 0.0
2149.006550223866 0.0 0.0 0.0 1.0 0.0 0.0 9.0 0.0
2150.0013681805676 0.0 0.0 0.0 1.0 0.0 0.0 9.0 0.0
2151.0040159899527 0.0 0.0 0.0 1.0 0.0 0.0 9.0 0.0
2152.001599830272 0.0 0.0 0.0 1.0 0.0 0.0 9.0 0.0
2153.0067195062834 0.0 0.0 0.0 1.0 0.0 0.0 9.0 0.0
2154.004610613759 0.0 0.0 0.0 1.0 0.0 0.0 9.0 0.0
2155.009183424713 0.0 0.0 0.0 1.0 0.0 0.0 9.0 0.0
2156.00256448706 0.0 0.0 0.0 1.0 0.0 0.0 9.0 0.0
2157.009183424713 0.0 0.0 0.0 1.0 0.0 0.0 9.0 0.0
2158.0028903666553 0.0 0.0 0.0 1.0 0.0 0.0 9.0 0.0
2159.007095185648 0.0 0.0 0.0 1.0 0.0 0.0 9.0 0.0
2160.009183424713 0.0 0.0 0.0 1.0 0.0 0.0 9.0 0.0
2161.009183424713 0.0 0.0 0.0 1.0 0.0 0.0 9.0 0.0
2162.00041038253 0.0 0.0 0.0 1.0 0.0 0.0 9.0 0.0
2163.0070522395376 0.0 0.0 0.0 1.0 0.0 0.0 9.0 0.0
2164.009183424713 0.0 0.0 0.0 1.0 0.0 0.0 9.0 0.0
2165.0065965586887 0.0 0.0 0.0 1.0 0.0 0.0 9.0 0.0
2166.0049465339494 0.0 0.0 0.0 1.0 0.0 0.0 9.0 0.0
2167.001226514943 0.0 0.0 0.0 1.0 0.0 0.0 9.0 0.0
2168.009183424713 0.0 0.0 0.0 1.0 0.0 0.0 9.0 0.0
2169.009183424713 0.0 0.0 0.0 1.0 0.0 0.0 9.0 0.0
2170.00896651599 0.0 0.0 0.0 1.0 0.0 0.0 9.0 0.0
2171.003038578723 0.0 0.0 0.0 1.0 0.0 0.0 9.0 0.0
2172.0008714753326 0.0 0.0 0.0 1.0 0.0 0.0 9.0 0.0
2173.0038467339496 0.0 0.0 0.0 1.0 0.0 0.0 9.0 0.0
2174.0000550589293 0.0 0.0 0.0 1.0 0.0 0.0 9.0 0.0
2175.007512634468 0.0 0.0 0.0 1.0 0.0 0.0 9.0 0.0
2176.0033329814723 0.0 0.0 0.0 1.0 0.0 0.0 9.0 0.0
2177.009183424713 0.0 0.0 0.0 1.0 0.0 0.0 9.0 0.0
2178.009183424713 0.0 0.0 0.0 1.0 0.0 0.0 9.0 0.0
2179.001896417475 0.0 0.0 0.0 1.0 0.0 0.0 9.0 0.0
2180.009183424713 0.0 0.0 0.0 1.0 0.0 0.0 9.0 0.0
2181.0043765326513 0.0 0.0 0.0 1.0 0.0 0.0 9.0 0.0
2182.009183424713 0.0 0.0 0.0 1.0 0.0 0.0 9.0 0.0
2183.008788282196 0.0 0.0 0.0 1.0 0.0 0.0 9.0 0.0
2184.003359987677 0.0 0.0 0.0 1.0 0.0 0.0 9.0 0.0
2185.006043489069 0.0 0.0 0.0 1.0 0.0 0.0 9.0 0.0
2186.0044377343265 0.0 0.0 0.0 1.0 0.0 0.0 9.0 0.0
2187.002178116368 0.0 0.0 0.0 1.0 0.0 0.0 9.0 0.0
2188.0050120123205 0.0 0.0 0.0 1.0 0.0 0.0 9.0 0.0
2189.009183424713 0.0 0.0 0.0 1.0 0.0 0.0 9.0 0.0
2190.009183424713 0.0 0.0 0.0 1.0 0.0 0.0 9.0 0.0
2191.002729974594 0.0 0.0 0.0 1.0 0.0 0.0 9.0 0.0
2192.0000882375643 0.0 0.0 0.0 1.0 0.0 0.0 9.0 0.0
2193.002791146292 0.0 0.0 0.0 1.0 0.0 0.0 9.0 0.0
2194.0064338816683 0.0 0.0 0.0 1.0 0.0 0.0 9.0 0.0
2195.005642670005 0.0 0.0 0.0 1.0 0.0 0.0 9.0 0.0
2196.0031209588083 0.0 0.0 0.0 1.0 0.0 0.0 9.0 0.0
2197.009183424713 0.0 0.0 0.0 1.0 0.0 0.0 9.0 0.0
2198.009183424713 0.0 0.0 0.0 1.0 0.0 0.0 9.0 0.0
2199.0004785147107 0.0 0.0 0.0 1.0 0.0 0.0 9.0 0.0
2200.0055416388936 0.0 0.0 0.0 1.0 0.0 0.0 9.0 0.0
2201.0054969848934 0.0 0.0 0.0 1.0 0.0 0.0 9.0 0.0
2202.0002714153165 0.0 0.0 0.0 1.0 0.0 0.0 9.0 0.0
2203.0032233141933 0.0 0.0 0.0 1.0 0.0 0.0 9.0 0.0
2204.0007773522775 0.0 0.0 0.0 1.0 0.0 0.0 9.0 0.0
2205.0006041920756 0.0 0.0 0.0 1.0 0.0 0.0 9.0 0.0
2206.009183424713 0.0 0.0 0.0 1.0 0.0 0.0 9.0 0.0
2207.009183424713 0.0 0.0 0.0 1.0 0.0 0.0 9.0 0.0
2208.000657698197 0.0 0.0 0.0 1.0 0.0 0.0 9.0 0.0
2209.009183424713 0.0 0.0 0.0 1.0 0.0 0.0 9.0 0.0
2210.009183424713 0.0 0.0 0.0 1.0 0.0 0.0 9.0 0.0
2211.0087256126208 0.0 0.0 0.0 1.0 0.0 0.0 9.0 0.0
2212.0069728117305 0.0 0.0 0.0 1.0 0.0 0.0 9.0 0.0
2213.009183424713 0.0 0.0 0.0 1.0 0.0 0.0 9.0 0.0
2214.0017683908522 0.0 0.0 0.0 1.0 0.0 0.0 9.0 0.0
2215.0067726968564 0.0 0.0 0.0 1.0 0.0 0.0 9.0 0.0
2216.004705317589 0.0 0.0 0.0 1.0 0.0 0.0 9.0 0.0
2217.00159778324 0.0 0.0 0.0 1.0 0.0 0.0 9.0 0.0
2218.0044074763264 0.0 0.0 0.0 1.0 0.0 0.0 9.0 0.0
2219.009183424713 0.0 0.0 0.0 1.0 0.0 0.0 9.0 0.0
2220.000005190896 0.0 0.0 0.0 1.0 0.0 0.0 9.0 0.0
2221.0052455954537 0.0 0.0 0.0 1.0 0.0 0.0 9.0 0.0
2222.009183424713 0.0 0.0 0.0 1.0 0.0 0.0 9.0 0.0
2223.009183424713 0.0 0.0 0.0 1.0 0.0 0.0 9.0 0.0
2224.00085576613 0.0 0.0 0.0 1.0 0.0 0.0 9.0 0.0
2225.0045715746587 0.0 0.0 0.0 1.0 0.0 0.0 9.0 0.0
2226.001593251853 0.0 0.0 0.0 1.0 0.0 0.0 9.0 0.0
2227.001351802841 0.0 0.0 0.0 1.0 0.0 0.0 9.0 0.0
2228.0039613443287 0.0 0.0 0.0 1.0 0.0 0.0 9.0 0.0
2229.002156247936 0.0 0.0 0.0 1.0 0.0 0.0 9.0 0.0
2230.0017853851446 0.0 0.0 0.0 1.0 0.0 0.0 9.0 0.0
2231.0060917528 0.0 0.0 0.0 1.0 0.0 0.0 9.0 0.0
2232.009183424713 0.0 0.0 0.0 1.0 0.0 0.0 9.0 0.0
2233.003463540689 0.0 0.0 0.0 1.0 0.0 0.0 9.0 0.0
2234.007807617161 0.0 0.0 0.0 1.0 0.0 0.0 9.0 0.0
2235.002219584792 0.0 0.0 0.0 1.0 0.0 0.0 9.0 0.0
2236.009183424713 0.0 0.0 0.0 1.0 0.0 0.0 9.0 0.0
2237.0065801885953 0.0 0.0 0.0 1.0 0.0 0.0 9.0 0.0
2238.009183424713 0.0 0.0 0.0 1.0 0.0 0.0 9.0 0.0
2239.0080872694016 0.0 0.0 0.0 1.0 0.0 0.0 9.0 0.0
2240.009183424713 0.0 0.0 0.0 1.0 0.0 0.0 9.0 0.0
2241.009183424713 0.0 0.0 0.0 1.0 0.0 0.0 9.0 0.0
2242.009183424713 0.0 0.0 0.0 1.0 0.0 0.0 9.0 0.0
2243.009183424713 0.0 0.0 0.0 1.0 0.0 0.0 9.0 0.0
2244.009183424713 0.0 0.0 0.0 1.0 0.0 0.0 9.0 0.0
2245.002370929013 0.0 0.0 0.0 1.0 0.0 0.0 9.0 0.0
2246.006460124869 0.0 0.0 0.0 1.0 0.0 0.0 9.0 0.0
2247.0012419446944 0.0 0.0 0.0 1.0 0.0 0.0 9.0 0.0
2248.0037112151526 0.0 0.0 0.0 1.0 0.0 0.0 9.0 0.0
2249.005842471988 0.0 0.0 0.0 1.0 0.0 0.0 9.0 0.0
2250.001987895298 0.0 0.0 0.0 1.0 0.0 0.0 9.0 0.0
2251.009183424713 0.0 0.0 0.0 1.0 0.0 0.0 9.0 0.0
2252.00251575847 0.0 0.0 0.0 1.0 0.0 0.0 9.0 0.0
2253.009183424713 0.0 0.0 0.0 1.0 0.0 0.0 9.0 0.0
2254.007963287248 0.0 0.0 0.0 1.0 0.0 0.0 9.0 0.0
2255.003104830812 0.0 0.0 0.0 1.0 0.0 0.0 9.0 0.0
2256.007644430361 0.0 0.0 0.0 1.0 0.0 0.0 9.0 0.0
2257.009183424713 0.0 0.0 0.0 1.0 0.0 0.0 9.0 0.0
2258.0045503081647 0.0 0.0 0.0 1.0 0.0 0.0 9.0 0.0
2259.0005805479573 0.0 0.0 0.0 1.0 0.0 0.0 9.0 0.0
2260.002054697385 0.0 0.0 0.0 1.0 0.0 0.0 9.0 0.0
2261.007314996225 0.0 0.0 0.0 1.0 0.0 0.0 9.0 0.0
2262.001884328055 0.0 0.0 0.0 1.0 0.0 0.0 9.0 0.0
2263.009183424713 0.0 0.0 0.0 1.0 0.0 0.0 9.0 0.0
2264.0089621450707 0.0 0.0 0.0 1.0 0.0 0.0 9.0 0.0
2265.008112121567 0.0 0.0 0.0 1.0 0.0 0.0 9.0 0.0
2266.0010869706866 0.0 0.0 0.0 1.0 0.0 0.0 9.0 0.0
2267.0017343646928 0.0 0.0 0.0 1.0 0.0 0.0 9.0 0.0
2268.0043438733896 0.0 0.0 0.0 1.0 0.0 0.0 9.0 0.0
2269.0060141045333 0.0 0.0 0.0 1.0 0.0 0.0 9.0 0.0
2270.004815125675 0.0 0.0 0.0 1.0 0.0 0.0 9.0 0.0
2271.0054676675777 0.0 0.0 0.0 1.0 0.0 0.0 9.0 0.0
2272.009183424713 0.0 0.0 0.0 1.0 0.0 0.0 9.0 0.0
2273.006452561171 0.0 0.0 0.0 1.0 0.0 0.0 9.0 0.0
2274.0006494715185 0.0 0.0 0.0 1.0 0.0 0.0 9.0 0.0
2275.0009670463014 0.0 0.0 0.0 1.0 0.0 0.0 9.0 0.0
2276.0053024313015 0.0 0.0 0.0 1.0 0.0 0.0 9.0 0.0
2277.009183424713 0.0 0.0 0.0 1.0 0.0 0.0 9.0 0.0
2278.0038039544597 0.0 0.0 0.0 1.0 0.0 0.0 9.0 0.0
2279.0017891496173 0.0 0.0 0.0 1.0 0.0 0.0 9.0 0.0
2280.0021624627143 0.0 0.0 0.0 1.0 0.0 0.0 9.0 0.0
2281.001220198618 0.0 0.0 0.0 1.0 0.0 0.0 9.0 0.0
2282.009183424713 0.0 0.0 0.0 1.0 0.0 0.0 9.0 0.0
2283.009183424713 0.0 0.0 0.0 1.0 0.0 0.0 9.0 0.0
2284.006498325235 0.0 0.0 0.0 1.0 0.0 0.0 9.0 0.0
2285.0070587837863 0.0 0.0 0.0 1.0 0.0 0.0 9.0 0.0
2286.009183424713 0.0 0.0 0.0 1.0 0.0 0.0 9.0 0.0
2287.0032069125455 0.0 0.0 0.0 1.0 0.0 0.0 9.0 0.0
2288.009183424713 0.0 0.0 0.0 1.0 0.0 0.0 9.0 0.0
2289.009183424713 0.0 0.0 0.0 1.0 0.0 0.0 9.0 0.0
2290.009183424713 0.0 0.0 0.0 1.0 0.0 0.0 9.0 0.0
2291.006946045204 0.0 0.0 0.0 1.0 0.0 0.0 9.0 0.0
2292.0041400914583 0.0 0.0 0.0 1.0 0.0 0.0 9.0 0.0
2293.002212490627 0.0 0.0 0.0 1.0 0.0 0.0 9.0 0.0
2294.0022832473655 0.0 0.0 0.0 1.0 0.0 0.0 9.0 0.0
2295.006950256382 0.0 0.0 0.0 1.0 0.0 0.0 9.0 0.0
2296.009183424713 0.0 0.0 0.0 1.0 0.0 0.0 9.0 0.0
2297.009090602111 0.0 0.0 0.0 1.0 0.0 0.0 9.0 0.0
2298.0004095191503 0.0 0.0 0.0 1.0 0.0 0.0 9.0 0.0
2299.00184410618 0.0 0.0 0.0 1.0 0.0 0.0 9.0 0.0
2300.001546225382 0.0 0.0 0.0 1.0 0.0 0.0 9.0 0.0
2301.004357506701 0.4749999999999999 0.0 0.0 0.525 0.0 1.0 9.0 0.4956521739130435
2302.003329602166 0.98125 0.0 0.0 0.018749999999999982 0.0 1.0 9.43125 0.03656832298136646
2303.00451993085 0.99375 0.0 0.0 0.00625000000000001 0.0 1.0 10.44375 0.01234472049689441
2304.003932009192 0.99375 0.0 0.0 0.00625000000000001 0.0 1.0 10.95 0.01234472049689441
2305.009183424713 1.0 0.0 0.0 0.0 0.0 1.0 10.9875 0.0
2306.009183424713 1.0 0.0 0.0 0.0 0.0 1.0 11.0 0.0
2307.000261253618 1.0 0.0 0.0 0.0 0.0 1.0 11.0 0.0
2308.002375826792 1.0 0.0 0.0 0.0 0.0 1.0 11.0 0.0
2309.0000577536216 1.0 0.0 0.0 0.0 0.0 1.0 11.0 0.0
2310.0039304654165 1.0 0.0 0.0 0.0 0.0 1.0 11.0 0.0
2311.0010452615597 1.0 0.0 0.0 0.0 0.0 1.0 11.0 0.0
2312.0011713661834 1.0 0.0 0.0 0.0 0.0 1.0 11.0 0.0
2313.001312983478 1.0 0.0 0.0 0.0 0.0 1.0 11.0 0.0
2314.009183424713 1.0 0.0 0.0 0.0 0.0 1.0 11.0 0.0
2315.0009131085144 1.0 0.0 0.0 0.0 0.0 1.0 11.0 0.0
2316.002779578971 1.0 0.0 0.0 0.0 0.0 1.0 11.0 0.0
2317.0069544825064 1.0 0.0 0.0 0.0 0.0 1.0 11.0 0.0
2318.0066231712735 1.0 0.0 0.0 0.0 0.0 1.0 11.0 0.0
2319.0050681826474 1.0 0.0 0.0 0.0 0.0 1.0 11.0 0.0
2320.000663231633 1.0 0.0 0.0 0.0 0.0 1.0 11.0 0.0
2321.009183424713 1.0 0.0 0.0 0.0 0.0 1.0 11.0 0.0
2322.002971854117 1.0 0.0 0.0 0.0 0.0 1.0 11.0 0.0
2323.005933402092 1.0 0.0 0.0 0.0 0.0 1.0 11.0 0.0
2324.009183424713 1.0 0.0 0.0 0.0 0.0 1.0 11.0 0.0
2325.0038477576827 1.0 0.0 0.0 0.0 0.0 1.0 11.0 0.0
2326.0016200583427 1.0 0.0 0.0 0.0 0.0 1.0 11.0 0.0
2327.001714284753 1.0 0.0 0.0 0.0 0.0 1.0 11.0 0.0
2328.007913978616 1.0 0.0 0.0 0.0 0.0 1.0 11.0 0.0
2329.004332588835 1.0 0.0 0.0 0.0 0.0 1.0 11.0 0.0
2330.003849821213 1.0 0.0 0.0 0.0 0.0 1.0 11.0 0.0
2331.009183424713 1.0 0.0 0.0 0.0 0.0 1.0 11.0 0.0
2332.0075061961325 1.0 0.0 0.0 0.0 0.0 1.0 11.0 0.0
2333.0002452535223 1.0 0.0 0.0 0.0 0.0 1.0 11.0 0.0
2334.009183424713 1.0 0.0 0.0 0.0 0.0 1.0 11.0 0.0
2335.009183424713 1.0 0.0 0.0 0.0 0.0 1.0 11.0 0.0
2336.0033893998743 1.0 0.0 0.0 0.0 0.0 1.0 11.0 0.0
2337.009027214044 1.0 0.0 0.0 0.0 0.0 1.0 11.0 0.0
2338.004088224645 1.0 0.0 0.0 0.0 0.0 1.0 11.0 0.0
2339.00150914995 1.0 0.0 0.0 0.0 0.0 1.0 11.0 0.0
2340.0018072151734 1.0 0.0 0.0 0.0 0.0 1.0 11.0 0.0
2341.0051218925687 1.0 0.0 0.0 0.0 0.0 1.0 11.0 0.0
2342.002446898324 1.0 0.0 0.0 0.0 0.0 1.0 11.0 0.0
2343.009183424713 1.0 0.0 0.0 0.0 0.0 1.0 11.0 0.0
2344.009183424713 1.0 0.0 0.0 0.0 0.0 1.0 11.0 0.0
2345.0000156194023 1.0 0.0 0.0 0.0 0.0 1.0 11.0 0.0
2346.009183424713 1.0 0.0 0.0 0.0 0.0 1.0 11.0 0.0
2347.0009104348683 1.0 0.0 0.0 0.0 0.0 1.0 11.0 0.0
2348.000255827388 1.0 0.0 0.0 0.0 0.0 1.0 11.0 0.0
2349.003104983286 1.0 0.0 0.0 0.0 0.0 1.0 11.0 0.0
2350.0090939254724 1.0 0.0 0.0 0.0 0.0 1.0 11.0 0.0
2351.0040896249466 1.0 0.0 0.0 0.0 0.0 1.0 11.0 0.0
2352.0000483093463 1.0 0.0 0.0 0.0 0.0 1.0 11.0 0.0
2353.0044121864225 1.0 0.0 0.0 0.0 0.0 1.0 11.0 0.0
2354.0057705811655 1.0 0.0 0.0 0.0 0.0 1.0 11.0 0.0
2355.0014041818195 1.0 0.0 0.0 0.0 0.0 1.0 11.0 0.0
2356.0057292644606 1.0 0.0 0.0 0.0 0.0 1.0 11.0 0.0
2357.009183424713 1.0 0.0 0.0 0.0 0.0 1.0 11.0 0.0
2358.0063280679137 1.0 0.0 0.0 0.0 0.0 1.0 11.0 0.0
2359.0036510263812 1.0 0.0 0.0 0.0 0.0 1.0 11.0 0.0
2360.009183424713 1.0 0.0 0.0 0.0 0.0 1.0 11.0 0.0
2361.007291902288 1.0 0.0 0.0 0.0 0.0 1.0 11.0 0.0
2362.0064533603845 1.0 0.0 0.0 0.0 0.0 1.0 11.0 0.0
2363.002907509642 1.0 0.0 0.0 0.0 0.0 1.0 11.0 0.0
2364.007226961947 1.0 0.0 0.0 0.0 0.0 1.0 11.0 0.0
2365.0080148746633 1.0 0.0 0.0 0.0 0.0 1.0 11.0 0.0
2366.0018864379463 1.0 0.0 0.0 0.0 0.0 1.0 11.0 0.0
2367.0032383598787 1.0 0.0 0.0 0.0 0.0 1.0 11.0 0.0
2368.000625848847 1.0 0.0 0.0 0.0 0.0 1.0 11.0 0.0
2369.0087426816312 1.0 0.0 0.0 0.0 0.0 1.0 11.0 0.0
2370.009183424713 1.0 0.0 0.0 0.0 0.0 1.0 11.0 0.0
2371.009183424713 1.0 0.0 0.0 0.0 0.0 1.0 11.0 0.0
2372.009183424713 1.0 0.0 0.0 0.0 0.0 1.0 11.0 0.0
2373.0021115475033 1.0 0.0 0.0 0.0 0.0 1.0 11.0 0.0
2374.0017804003232 1.0 0.0 0.0 0.0 0.0 1.0 11.0 0.0
2375.0024372926746 1.0 0.0 0.0 0.0 0.0 1.0 11.0 0.0
2376.006118595911 1.0 0.0 0.0 0.0 0.0 1.0 11.0 0.0
2377.00809252323 1.0 0.0 0.0 0.0 0.0 1.0 11.0 0.0
2378.0083602262025 1.0 0.0 0.0 0.0 0.0 1.0 11.0 0.0
2379.000557653003 1.0 0.0 0.0 0.0 0.0 1.0 11.0 0.0
2380.008748515779 1.0 0.0 0.0 0.0 0.0 1.0 11.0 0.0
2381.0009027594992 1.0 0.0 0.0 0.0 0.0 1.0 11.0 0.0
2382.008794722546 1.0 0.0 0.0 0.0 0.0 1.0 11.0 0.0
2383.0037665848795 1.0 0.0 0.0 0.0 0.0 1.0 11.0 0.0
2384.0069177803884 1.0 0.0 0.0 0.0 0.0 1.0 11.0 0.0
2385.0053570332975 1.0 0.0 0.0 0.0 0.0 1.0 11.0 0.0
2386.009183424713 1.0 0.0 0.0 0.0 0.0 1.0 11.0 0.0
2387.0013609795974 1.0 0.0 0.0 0.0 0.0 1.0 11.0 0.0
2388.000988344788 1.0 0.0 0.0 0.0 0.0 1.0 11.0 0.0
2389.009183424713 1.0 0.0 0.0 0.0 0.0 1.0 11.0 0.0
2390.009183424713 1.0 0.0 0.0 0.0 0.0 1.0 11.0 0.0
2391.003706787285 1.0 0.0 0.0 0.0 0.0 1.0 11.0 0.0
2392.009183424713 1.0 0.0 0.0 0.0 0.0 1.0 11.0 0.0
2393.002948888869 1.0 0.0 0.0 0.0 0.0 1.0 11.0 0.0
2394.0006040440303 1.0 0.0 0.0 0.0 0.0 1.0 11.0 0.0
2395.0051203760067 1.0 0.0 0.0 0.0 0.0 1.0 11.0 0.0
2396.000546163991 1.0 0.0 0.0 0.0 0.0 1.0 11.0 0.0
2397.009183424713 1.0 0.0 0.0 0.0 0.0 1.0 11.0 0.0
2398.007088723828 1.0 0.0 0.0 0.0 0.0 1.0 11.0 0.0
2399.001547144933 1.0 0.0 0.0 0.0 0.0 1.0 11.0 0.0
2400.0 1.0 0.0 0.0 0.0 1.0 1.0 11.0 0.0
2401.005283452733 0.35 0.65 0.0 0.0 1.0 1.0 11.00625 0.45217391304347826
2402.0066667783526 0.006250000000000016 0.99375 0.0 0.0 1.0 1.0 11.55 0.01234472049689441
2403.0027492655117 0.0 1.0 0.0 0.0 1.0 1.0 12.61875 0.0
2404.009183424713 0.0 1.0 0.0 0.0 1.0 1.0 12.975 0.0
2405.0016054949033 0.0 1.0 0.0 0.0 1.0 1.0 13.0 0.0
2406.004791192371 0.0 1.0 0.0 0.0 1.0 1.0 13.0 0.0
2407.0081717581775 0.0 1.0 0.0 0.0 1.0 1.0 13.0 0.0
2408.0078790945763 0.0 1.0 0.0 0.0 1.0 1.0 13.0 0.0
2409.009183424713 0.0 1.0 0.0 0.0 1.0 1.0 13.0 0.0
2410.009183424713 0.0 1.0 0.0 0.0 1.0 1.0 13.0 0.0
2411.0027032436165 0.0 1.0 0.0 0.0 1.0 1.0 13.0 0.0
2412.009183424713 0.0 1.0 0.0 0.0 1.0 1.0 13.0 0.0
2413.009183424713 0.0 1.0 0.0 0.0 1.0 1.0 13.0 0.0
2414.009183424713 0.0 1.0 0.0 0.0 1.0 1.0 13.0 0.0
2415.001326641912 0.0 1.0 0.0 0.0 1.0 1.0 13.0 0.0
2416.0020043122995 0.0 1.0 0.0 0.0 1.0 1.0 13.0 0.0
2417.009183424713 0.0 1.0 0.0 0.0 1.0 1.0 13.0 0.0
2418.009183424713 0.0 1.0 0.0 0.0 1.0 1.0 13.0 0.0
2419.009183424713 0.0 1.0 0.0 0.0 1.0 1.0 13.0 0.0
2420.008224126794 0.0 1.0 0.0 0.0 1.0 1.0 13.0 0.0
2421.000441980446 0.0 1.0 0.0 0.0 1.0 1.0 13.0 0.0
2422.0072741822673 0.0 1.0 0.0 0.0 1.0 1.0 13.0 0.0
2423.009183424713 0.0 1.0 0.0 0.0 1.0 1.0 13.0 0.0
2424.009183424713 0.0 1.0 0.0 0.0 1.0 1.0 13.0 0.0
2425.0045560032554 0.0 1.0 0.0 0.0 1.0 1.0 13.0 0.0
2426.0022963872975 0.0 1.0 0.0 0.0 1.0 1.0 13.0 0.0
2427.0063901525923 0.0 1.0 0.0 0.0 1.0 1.0 13.0 0.0
2428.0007792914416 0.0 1.0 0.0 0.0 1.0 1.0 13.0 0.0
2429.0044311709134 0.0 1.0 0.0 0.0 1.0 1.0 13.0 0.0
2430.0003755639427 0.0 1.0 0.0 0.0 1.0 1.0 13.0 0.0
2431.004974884802 0.0 1.0 0.0 0.0 1.0 1.0 13.0 0.0
2432.009183424713 0.0 1.0 0.0 0.0 1.0 1.0 13.0 0.0
2433.0034788233174 0.0 1.0 0.0 0.0 1.0 1.0 13.0 0.0
2434.004367509519 0.0 1.0 0.0 0.0 1.0 1.0 13.0 0.0
2435.0045933012593 0.0 1.0 0.0 0.0 1.0 1.0 13.0 0.0
2436.007221369636 0.0 1.0 0.0 0.0 1.0 1.0 13.0 0.0
2437.005245835833 0.0 1.0 0.0 0.0 1.0 1.0 13.0 0.0
2438.009183424713 0.0 1.0 0.0 0.0 1.0 1.0 13.0 0.0
2439.0033042023692 0.0 1.0 0.0 0.0 1.0 1.0 13.0 0.0
2440.00017709965 0.0 1.0 0.0 0.0 1.0 1.0 13.0 0.0
2441.009183424713 0.0 1.0 0.0 0.0 1.0 1.0 13.0 0.0
2442.009183424713 0.0 1.0 0.0 0.0 1.0 1.0 13.0 0.0
2443.001279450495 0.0 1.0 0.0 0.0 1.0 1.0 13.0 0.0
2444.0016855178064 0.0 1.0 0.0 0.0 1.0 1.0 13.0 0.0
2445.009183424713 0.0 1.0 0.0 0.0 1.0 1.0 13.0 0.0
2446.0015451935833 0.0 1.0 0.0 0.0 1.0 1.0 13.0 0.0
2447.009183424713 0.0 1.0 0.0 0.0 1.0 1.0 13.0 0.0
2448.009183424713 0.0 1.0 0.0 0.0 1.0 1.0 13.0 0.0
2449.0061094271036 0.0 1.0 0.0 0.0 1.0 1.0 13.0 0.0
2450.009183424713 0.0 1.0 0.0 0.0 1.0 1.0 13.0 0.0
2451.00054964843 0.0 1.0 0.0 0.0 1.0 1.0 13.0 0.0
2452.009183424713 0.0 1.0 0.0 0.0 1.0 1.0 13.0 0.0
2453.0078920045125 0.0 1.0 0.0 0.0 1.0 1.0 13.0 0.0
2454.0090045237685 0.0 1.0 0.0 0.0 1.0 1.0 13.0 0.0
2455.0000004197345 0.0 1.0 0.0 0.0 1.0 1.0 13.0 0.0
2456.009183424713 0.0 1.0 0.0 0.0 1.0 1.0 13.0 0.0
2457.0008365142476 0.0 1.0 0.0 0.0 1.0 1.0 13.0 0.0
2458.000407398868 0.0 1.0 0.0 0.0 1.0 1.0 13.0 0.0
2459.0027944288613 0.0 1.0 0.0 0.0 1.0 1.0 13.0 0.0
2460.009183424713 0.0 1.0 0.0 0.0 1.0 1.0 13.0 0.0
2461.009183424713 0.0 1.0 0.0 0.0 1.0 1.0 13.0 0.0
2462.005936363807 0.0 1.0 0.0 0.0 1.0 1.0 13.0 0.0
2463.0039916568976 0.0 1.0 0.0 0.0 1.0 1.0 13.0 0.0
2464.0025892220788 0.0 1.0 0.0 0.0 1.0 1.0 13.0 0.0
2465.0013699682286 0.0 1.0 0.0 0.0 1.0 1.0 13.0 0.0
2466.001077768593 0.0 1.0 0.0 0.0 1.0 1.0 13.0 0.0
2467.0044613226983 0.0 1.0 0.0 0.0 1.0 1.0 13.0 0.0
2468.009016685021 0.0 1.0 0.0 0.0 1.0 1.0 13.0 0.0
2469.0035558744057 0.0 1.0 0.0 0.0 1.0 1.0 13.0 0.0
2470.0042523976795 0.0 1.0 0.0 0.0 1.0 1.0 13.0 0.0
2471.0015128018013 0.0 1.0 0.0 0.0 1.0 1.0 13.0 0.0
2472.009183424713 0.0 1.0 0.0 0.0 1.0 1.0 13.0 0.0
2473.009183424713 0.0 1.0 0.0 0.0 1.0 1.0 13.0 0.0
2474.004294424275 0.0 1.0 0.0 0.0 1.0 1.0 13.0 0.0
2475.0038862052056 0.0 1.0 0.0 0.0 1.0 1.0 13.0 0.0
2476.009183424713 0.0 1.0 0.0 0.0 1.0 1.0 13.0 0.0
2477.0034080103674 0.0 1.0 0.0 0.0 1.0 1.0 13.0 0.0
2478.0071194256457 0.0 1.0 0.0 0.0 1.0 1.0 13.0 0.0
2479.009183424713 0.0 1.0 0.0 0.0 1.0 1.0 13.0 0.0
2480.009183424713 0.0 1.0 0.0 0.0 1.0 1.0 13.0 0.0
2481.0016599149803 0.0 1.0 0.0 0.0 1.0 1.0 13.0 0.0
2482.0004672227014 0.0 1.0 0.0 0.0 1.0 1.0 13.0 0.0
2483.0069605161943 0.0 1.0 0.0 0.0 1.0 1.0 13.0 0.0
2484.009183424713 0.0 1.0 0.0 0.0 1.0 1.0 13.0 0.0
2485.009183424713 0.0 1.0 0.0 0.0 1.0 1.0 13.0 0.0
2486.005260300235 0.0 1.0 0.0 0.0 1.0 1.0 13.0 0.0
2487.0010761052026 0.0 1.0 0.0 0.0 1.0 1.0 13.0 0.0
2488.0028882449674 0.0 1.0 0.0 0.0 1.0 1.0 13.0 0.0
2489.0009393295 0.0 1.0 0.0 0.0 1.0 1.0 13.0 0.0
2490.0003965139567 0.0 1.0 0.0 0.0 1.0 1.0 13.0 0.0
2491.0057001971327 0.0 1.0 0.0 0.0 1.0 1.0 13.0 0.0
2492.000003193273 0.0 1.0 0.0 0.0 1.0 1.0 13.0 0.0
2493.009183424713 0.0 1.0 0.0 0.0 1.0 1.0 13.0 0.0
2494.009183424713 0.0 1.0 0.0 0.0 1.0 1.0 13.0 0.0
2495.000552378089 0.0 1.0 0.0 0.0 1.0 1.0 13.0 0.0
2496.009183424713 0.0 1.0 0.0 0.0 1.0 1.0 13.0 0.0
2497.001039250381 0.0 1.0 0.0 0.0 1.0 1.0 13.0 0.0
2498.009183424713 0.0 1.0 0.0 0.0 1.0 1.0 13.0 0.0
2499.0040429642345 0.0 1.0 0.0 0.0 1.0 1.0 13.0 0.0
2500.000846468004 0.0 1.0 0.0 0.0 1.0 1.0 13.0 0.0
2501.007325500049 0.0 1.0 0.0 0.0 1.0 1.0 13.0 0.0
2502.001562033912 0.0 1.0 0.0 0.0 1.0 1.0 13.0 0.0
2503.009183424713 0.0 1.0 0.0 0.0 1.0 1.0 13.0 0.0
2504.009183424713 0.0 1.0 0.0 0.0 1.0 1.0 13.0 0.0
2505.002840937798 0.0 1.0 0.0 0.0 1.0 1.0 13.0 0.0
2506.009183424713 0.0 1.0 0.0 0.0 1.0 1.0 13.0 0.0
2507.009036083793 0.0 1.0 0.0 0.0 1.0 1.0 13.0 0.0
2508.0055386656727 0.04999999999999999 0.24375 0.0 0.7062500000000002 0.0 1.0 13.01875 0.43656832298136644
2509.003095605996 0.90625 0.012500000000000015 0.0 0.08124999999999998 0.0 1.0 13.7625 0.17088509316770187
2510.009183424713 0.99375 0.0 0.0 0.006250000000000012 0.0 1.0 14.875 0.01234472049689441
2511.0031223873907 1.0 0.0 0.0 0.0 0.0 1.0 15.8625 0.0
2512.006399831604 1.0 0.0 0.0 0.0 0.0 1.0 15.99375 0.0
2513.0025456839244 1.0 0.0 0.0 0.0 0.0 1.0 16.0 0.0
2514.000199554361 1.0 0.0 0.0 0.0 0.0 1.0 16.0 0.0
2515.009183424713 1.0 0.0 0.0 0.0 0.0 1.0 16.0 0.0
2516.009183424713 1.0 0.0 0.0 0.0 0.0 1.0 16.0 0.0
2517.0017737648686 1.0 0.0 0.0 0.0 0.0 1.0 16.0 0.0
2518.009183424713 1.0 0.0 0.0 0.0 0.0 1.0 16.0 0.0
2519.0067069584575 1.0 0.0 0.0 0.0 0.0 1.0 16.0 0.0
2520.0009939684355 1.0 0.0 0.0 0.0 0.0 1.0 16.0 0.0
2521.007278695051 1.0 0.0 0.0 0.0 0.0 1.0 16.0 0.0
2522.0025242038837 1.0 0.0 0.0 0.0 0.0 1.0 16.0 0.0
2523.000848415808 1.0 0.0 0.0 0.0 0.0 1.0 16.0 0.0
2524.0045521158945 1.0 0.0 0.0 0.0 0.0 1.0 16.0 0.0
2525.0063828705806 0.99375 0.0 0.00625000000000001 0.0 0.0 1.0 16.0 0.01234472049689441
2526.0059946423685 0.14375000000000004 0.0 0.85625 0.0 0.0 1.0 16.025 0.24464285714285713
2527.003795209744 0.0 0.0 1.0 0.0 0.0 1.0 16.83125 0.0
2528.009183424713 0.0 0.0 1.0 0.0 0.0 1.0 17.81875 0.0
2529.00271244405 0.0 0.0 1.0 0.0 0.0 1.0 17.99375 0.0
2530.0043556960527 0.0 0.0 1.0 0.0 0.0 1.0 18.0 0.0
2531.0004797005568 0.0 0.0 1.0 0.0 0.0 1.0 18.0 0.0
2532.0071937674365 0.0 0.0 1.0 0.0 0.0 1.0 18.0 0.0
2533.009183424713 0.0 0.0 1.0 0.0 0.0 1.0 18.0 0.0
2534.009183424713 0.0 0.0 1.0 0.0 0.0 1.0 18.0 0.0
2535.009183424713 0.0 0.0 1.0 0.0 0.0 1.0 18.0 0.0
2536.0056190082223 0.0 0.0 1.0 0.0 0.0 1.0 18.0 0.0
2537.009183424713 0.0 0.0 1.0 0.0 0.0 1.0 18.0 0.0
2538.0059954900266 0.0 0.0 1.0 0.0 0.0 1.0 18.0 0.0
2539.0077932983213 0.0 0.0 1.0 0.0 0.0 1.0 18.0 0.0
2540.0061321507574 0.0 0.0 1.0 0.0 0.0 1.0 18.0 0.0
2541.0042488101562 0.0 0.0 1.0 0.0 0.0 1.0 18.0 0.0
2542.004746467025 0.0 0.0 1.0 0.0 0.0 1.0 18.0 0.0
2543.009183424713 0.0 0.0 1.0 0.0 0.0 1.0 18.0 0.0
2544.003216393575 0.0 0.0 1.0 0.0 0.0 1.0 18.0 0.0
2545.002390415683 0.0 0.0 1.0 0.0 0.0 1.0 18.0 0.0
2546.009183424713 0.0 0.0 1.0 0.0 0.0 1.0 18.0 0.0
2547.0073408936846 0.0 0.0 1.0 0.0 0.0 1.0 18.0 0.0
2548.0033887800114 0.0 0.0 1.0 0.0 0.0 1.0 18.0 0.0
2549.002239256313 0.0 0.0 1.0 0.0 0.0 1.0 18.0 0.0
2550.0000236043443 0.0 0.0 1.0 0.0 0.0 1.0 18.0 0.0
2551.0034614424035 0.0 0.0 1.0 0.0 0.0 1.0 18.0 0.0
2552.004370337213 0.0 0.0 1.0 0.0 0.0 1.0 18.0 0.0
2553.009183424713 0.0 0.0 1.0 0.0 0.0 1.0 18.0 0.0
2554.009183424713 0.0 0.0 1.0 0.0 0.0 1.0 18.0 0.0
2555.009183424713 0.0 0.0 1.0 0.0 0.0 1.0 18.0 0.0
2556.0074415833174 0.0 0.0 1.0 0.0 0.0 1.0 18.0 0.0
2557.009183424713 0.0 0.0 1.0 0.0 0.0 1.0 18.0 0.0
2558.0004529655566 0.0 0.0 1.0 0.0 0.0 1.0 18.0 0.0
2559.0028506609437 0.0 0.0 1.0 0.0 0.0 1.0 18.0 0.0
2560.009183424713 0.0 0.0 1.0 0.0 0.0 1.0 18.0 0.0
2561.009183424713 0.0 0.0 1.0 0.0 0.0 1.0 18.0 0.0
2562.0063261393507 0.0 0.0 1.0 0.0 0.0 1.0 18.0 0.0
2563.006517121151 0.0 0.0 1.0 0.0 0.0 1.0 18.0 0.0
2564.009183424713 0.0 0.0 1.0 0.0 0.0 1.0 18.0 0.0
2565.0054386015163 0.0 0.0 1.0 0.0 0.0 1.0 18.0 0.0
2566.0001600514224 0.0 0.0 1.0 0.0 0.0 1.0 18.0 0.0
2567.009183424713 0.0 0.0 1.0 0.0 0.0 1.0 18.0 0.0
2568.0012220423755 0.0 0.0 1.0 0.0 0.0 1.0 18.0 0.0
2569.0027896693955 0.0 0.0 1.0 0.0 0.0 1.0 18.0 0.0
2570.0088007144054 0.0 0.0 1.0 0.0 0.0 1.0 18.0 0.0
2571.0029945431193 0.0 0.0 1.0 0.0 0.0 1.0 18.0 0.0
2572.0052693177768 0.0 0.0 1.0 0.0 0.0 1.0 18.0 0.0
2573.009183424713 0.0 0.0 1.0 0.0 0.0 1.0 18.0 0.0
2574.000100771243 0.0 0.0 1.0 0.0 0.0 1.0 18.0 0.0
2575.0051909623007 0.0 0.0 1.0 0.0 0.0 1.0 18.0 0.0
2576.0003809734435 0.0 0.0 1.0 0.0 0.0 1.0 18.0 0.0
2577.0010098390553 0.0 0.0 1.0 0.0 0.0 1.0 18.0 0.0
2578.0021120085066 0.0 0.0 1.0 0.0 0.0 1.0 18.0 0.0
2579.0049563561215 0.0 0.0 1.0 0.0 0.0 1.0 18.0 0.0
2580.001925175403 0.0 0.0 1.0 0.0 0.0 1.0 18.0 0.0
2581.001730126955 0.0 0.0 1.0 0.0 0.0 1.0 18.0 0.0
2582.003664854075 0.0 0.0 1.0 0.0 0.0 1.0 18.0 0.0
2583.001223850847 0.0 0.0 1.0 0.0 0.0 1.0 18.0 0.0
2584.0043785230805 0.0 0.0 1.0 0.0 0.0 1.0 18.0 0.0
2585.009183424713 0.0 0.0 1.0 0.0 0.0 1.0 18.0 0.0
2586.000914568467 0.0 0.0 1.0 0.0 0.0 1.0 18.0 0.0
2587.006336522328 0.0 0.0 1.0 0.0 0.0 1.0 18.0 0.0
2588.0060705302244 0.0 0.0 1.0 0.0 0.0 1.0 18.0 0.0
2589.009183424713 0.0 0.0 1.0 0.0 0.0 1.0 18.0 0.0
2590.003972564631 0.0 0.0 1.0 0.0 0.0 1.0 18.0 0.0
2591.0070955010847 0.0 0.0 1.0 0.0 0.0 1.0 18.0 0.0
2592.009183424713 0.0 0.0 1.0 0.0 0.0 1.0 18.0 0.0
2593.004503902959 0.0 0.0 1.0 0.0 0.0 1.0 18.0 0.0
2594.003795463031 0.0 0.0 1.0 0.0 0.0 1.0 18.0 0.0
2595.009183424713 0.0 0.0 1.0 0.0 0.0 1.0 18.0 0.0
2596.005984433272 0.0 0.0 1.0 0.0 0.0 1.0 18.0 0.0
2597.009183424713 0.0 0.0 1.0 0.0 0.0 1.0 18.0 0.0
2598.0029252052414 0.0 0.0 1.0 0.0 0.0 1.0 18.0 0.0
2599.0010661237357 0.0 0.0 1.0 0.0 0.0 1.0 18.0 0.0
2600.007495755253 0.0 0.0 1.0 0.0 0.0 1.0 18.0 0.0
2601.004207953771 0.0 0.0 1.0 0.0 0.0 1.0 18.0 0.0
2602.009183424713 0.0 0.0 1.0 0.0 0.0 1.0 18.0 0.0
2603.004638482011 0.0 0.0 1.0 0.0 0.0 1.0 18.0 0.0
2604.009183424713 0.0 0.0 1.0 0.0 0.0 1.0 18.0 0.0
2605.009183424713 0.0 0.0 1.0 0.0 0.0 1.0 18.0 0.0
2606.0086341092033 0.0 0.0 1.0 0.0 0.0 1.0 18.0 0.0
2607.009183424713 0.0 0.0 1.0 0.0 0.0 1.0 18.0 0.0
2608.006349827221 0.0 0.0 1.0 0.0 0.0 1.0 18.0 0.0
2609.00233234345 0.0 0.0 1.0 0.0 0.0 1.0 18.0 0.0
2610.0006647707633 0.0 0.0 1.0 0.0 0.0 1.0 18.0 0.0
2611.0005522350216 0.0 0.0 1.0 0.0 0.0 1.0 18.0 0.0
2612.0082409234205 0.0 0.0 1.0 0.0 0.0 1.0 18.0 0.0
2613.009183424713 0.0 0.0 1.0 0.0 0.0 1.0 18.0 0.0
2614.005184174768 0.0 0.0 1.0 0.0 0.0 1.0 18.0 0.0
2615.0046422306264 0.0 0.0 1.0 0.0 0.0 1.0 18.0 0.0
2616.006478584158 0.0 0.0 1.0 0.0 0.0 1.0 18.0 0.0
2617.009183424713 0.0 0.0 1.0 0.0 0.0 1.0 18.0 0.0
2618.002250803846 0.0 0.0 1.0 0.0 0.0 1.0 18.0 0.0
2619.0017599593643 0.0 0.0 1.0 0.0 0.0 1.0 18.0 0.0
2620.0021344802526 0.0 0.0 1.0 0.0 0.0 1.0 18.0 0.0
2621.009183424713 0.0 0.0 1.0 0.0 0.0 1.0 18.0 0.0
2622.0003188491282 0.0 0.0 1.0 0.0 0.0 1.0 18.0 0.0
2623.009183424713 0.0 0.0 1.0 0.0 0.0 1.0 18.0 0.0
2624.0026226310933 0.0 0.0 1.0 0.0 0.0 1.0 18.0 0.0
2625.0028459759073 0.0 0.0 1.0 0.0 0.0 1.0 18.0 0.0
2626.000544089114 0.0 0.0 1.0 0.0 0.0 1.0 18.0 0.0
2627.009183424713 0.0 0.0 1.0 0.0 0.0 1.0 18.0 0.0
2628.000928109772 0.0 0.0 1.0 0.0 0.0 1.0 18.0 0.0
2629.0038631971406 0.0 0.0 1.0 0.0 0.0 1.0 18.0 0.0
2630.0025088079324 0.0 0.0 1.0 0.0 0.0 1.0 18.0 0.0
2631.004681398923 0.0 0.0 1.0 0.0 0.0 1.0 18.0 0.0
2632.0036721050474 0.0 0.0 1.0 0.0 0.0 1.0 18.0 0.0
2633.0073502746236 0.0 0.0 1.0 0.0 0.0 1.0 18.0 0.0
2634.00150952422 0.0 0.0 1.0 0.0 0.0 1.0 18.0 0.0
2635.003419754377 0.0 0.0 1.0 0.0 0.0 1.0 18.0 0.0
2636.0057579510653 0.0 0.0 1.0 0.0 0.0 1.0 18.0 0.0
2637.009183424713 0.0 0.0 1.0 0.0 0.0 1.0 18.0 0.0
2638.009183424713 0.0 0.0 1.0 0.0 0.0 1.0 18.0 0.0
2639.006781809872 0.0 0.0 1.0 0.0 0.0 1.0 18.0 0.0
2640.009183424713 0.0 0.0 1.0 0.0 0.0 1.0 18.0 0.0
2641.0028662886943 0.0 0.0 1.0 0.0 0.0 1.0 18.0 0.0
2642.009183424713 0.0 0.0 1.0 0.0 0.0 1.0 18.0 0.0
2643.009183424713 0.0 0.0 1.0 0.0 0.0 1.0 18.0 0.0
2644.009183424713 0.0 0.0 1.0 0.0 0.0 1.0 18.0 0.0
2645.009183424713 0.0 0.0 1.0 0.0 0.0 1.0 18.0 0.0
2646.0031644857563 0.0 0.0 1.0 0.0 0.0 1.0 18.0 0.0
2647.0011840711704 0.0 0.0 1.0 0.0 0.0 1.0 18.0 0.0
2648.0080113080653 0.0 0.0 1.0 0.0 0.0 1.0 18.0 0.0
2649.0004381647514 0.0 0.0 1.0 0.0 0.0 1.0 18.0 0.0
2650.0024408983263 0.0 0.0 1.0 0.0 0.0 1.0 18.0 0.0
2651.003736996497 0.0 0.0 1.0 0.0 0.0 1.0 18.0 0.0
2652.0008579350083 0.0 0.0 1.0 0.0 0.0 1.0 18.0 0.0
2653.00838324185 0.0 0.0 1.0 0.0 0.0 1.0 18.0 0.0
2654.004947116174 0.0 0.0 1.0 0.0 0.0 1.0 18.0 0.0
2655.009183424713 0.0 0.0 1.0 0.0 0.0 1.0 18.0 0.0
2656.0022442031022 0.0 0.0 1.0 0.0 0.0 1.0 18.0 0.0
2657.0022364803813 0.0 0.0 1.0 0.0 0.0 1.0 18.0 0.0
2658.0015115630385 0.0 0.0 1.0 0.0 0.0 1.0 18.0 0.0
2659.006592164186 0.0 0.0 1.0 0.0 0.0 1.0 18.0 0.0
2660.009183424713 0.0 0.0 1.0 0.0 0.0 1.0 18.0 0.0
2661.004899601548 0.0 0.0 1.0 0.0 0.0 1.0 18.0 0.0
2662.009183424713 0.0 0.0 1.0 0.0 0.0 1.0 18.0 0.0
2663.000306598989 0.0 0.0 1.0 0.0 0.0 1.0 18.0 0.0
2664.009183424713 0.0 0.0 1.0 0.0 0.0 1.0 18.0 0.0
2665.000016574537 0.0 0.0 1.0 0.0 0.0 1.0 18.0 0.0
2666.009183424713 0.0 0.0 1.0 0.0 0.0 1.0 18.0 0.0
2667.0054270899764 0.0 0.0 1.0 0.0 0.0 1.0 18.0 0.0
2668.001238918734 0.0 0.0 1.0 0.0 0.0 1.0 18.0 0.0
2669.001393206098 0.0 0.0 1.0 0.0 0.0 1.0 18.0 0.0
2670.001928732627 0.0 0.0 1.0 0.0 0.0 1.0 18.0 0.0
2671.0038957038237 0.0 0.0 1.0 0.0 0.0 1.0 18.0 0.0
2672.0002289516706 0.0 0.0 1.0 0.0 0.0 1.0 18.0 0.0
2673.0063973598176 0.0 0.0 1.0 0.0 0.0 1.0 18.0 0.0
2674.001975738766 0.0 0.0 1.0 0.0 0.0 1.0 18.0 0.0
2675.009183424713 0.0 0.0 1.0 0.0 0.0 1.0 18.0 0.0
2676.009183424713 0.0 0.0 0.49374999999999997 0.5062500000000001 0.0 0.0 18.0 0.4968167701863354
2677.001766178631 0.0 0.0 0.025000000000000033 0.975 0.0 0.0 18.3875 0.0484472049689441
2678.002541594221 0.0 0.0 0.006250000000000014 0.99375 0.0 0.0 19.4 0.01234472049689441
2679.0021695557302 0.0 0.0 0.0 1.0 0.0 0.0 19.98125 0.0
2680.0076927800665 0.0 0.0 0.0 1.0 0.0 0.0 20.0 0.0
2681.0061124262133 0.0 0.0 0.0 1.0 0.0 0.0 20.0 0.0
2682.009183424713 0.0 0.0 0.0 1.0 0.0 0.0 20.0 0.0
2683.0012369358715 0.0 0.0 0.0 1.0 0.0 0.0 20.0 0.0
2684.009183424713 0.0 0.0 0.0 1.0 0.0 0.0 20.0 0.0
2685.0061706175165 0.0 0.0 0.0 1.0 0.0 0.0 20.0 0.0
2686.0003558419085 0.0 0.0 0.0 1.0 0.0 0.0 20.0 0.0
2687.0036232291873 0.0 0.0 0.0 1.0 0.0 0.0 20.0 0.0
2688.0035120250495 0.0 0.0 0.0 1.0 0.0 0.0 20.0 0.0
2689.009183424713 0.0 0.0 0.0 1.0 0.0 0.0 20.0 0.0
2690.009183424713 0.0 0.0 0.0 1.0 0.0 0.0 20.0 0.0
2691.009183424713 0.0 0.0 0.0 1.0 0.0 0.0 20.0 0.0
2692.009183424713 0.0 0.0 0.0 1.0 0.0 0.0 20.0 0.0
2693.0059132610436 0.0 0.0 0.0 1.0 0.0 0.0 20.0 0.0
2694.007254394547 0.0 0.0 0.0 1.0 0.0 0.0 20.0 0.0
2695.001250098991 0.0 0.0 0.0 1.0 0.0 0.0 20.0 0.0
2696.009183424713 0.0 0.0 0.0 1.0 0.0 0.0 20.0 0.0
2697.0036927666747 0.0 0.0 0.0 1.0 0.0 0.0 20.0 0.0
2698.00028005809 0.0 0.0 0.0 1.0 0.0 0.0 20.0 0.0
2699.003062354487 0.0 0.0 0.0 1.0 0.0 0.0 20.0 0.0
2700.004644750085 0.0 0.0 0.0 1.0 0.0 0.0 20.0 0.0
2701.009183424713 0.0 0.0 0.0 1.0 0.0 0.0 20.0 0.0
2702.0039499040477 0.0 0.0 0.0 1.0 0.0 0.0 20.0 0.0
2703.009183424713 0.0 0.0 0.0 1.0 0.0 0.0 20.0 0.0
2704.000488239653 0.0 0.0 0.0 1.0 0.0 0.0 20.0 0.0
2705.002019700116 0.0 0.0 0.0 1.0 0.0 0.0 20.0 0.0
2706.0019527447034 0.0 0.0 0.0 1.0 0.0 0.0 20.0 0.0
2707.00208403002 0.0 0.0 0.0 1.0 0.0 0.0 20.0 0.0
2708.009183424713 0.0 0.0 0.0 1.0 0.0 0.0 20.0 0.0
2709.009183424713 0.0 0.0 0.0 1.0 0.0 0.0 20.0 0.0
2710.0075453116347 0.0 0.0 0.0 1.0 0.0 0.0 20.0 0.0
2711.009183424713 0.0 0.0 0.0 1.0 0.0 0.0 20.0 0.0
2712.000328878213 0.0 0.0 0.0 1.0 0.0 0.0 20.0 0.0
2713.000044733994 0.0 0.0 0.0 1.0 0.0 0.0 20.0 0.0
2714.00248358245 0.0 0.0 0.0 1.0 0.0 0.0 20.0 0.0
2715.0076653544693 0.0 0.0 0.0 1.0 0.0 0.0 20.0 0.0
2716.000971101125 0.0 0.0 0.0 1.0 0.0 0.0 20.0 0.0
2717.009183424713 0.0 0.0 0.0 1.0 0.0 0.0 20.0 0.0
2718.009183424713 0.0 0.0 0.0 1.0 0.0 0.0 20.0 0.0
2719.0018814055866 0.0 0.0 0.0 1.0 0.0 0.0 20.0 0.0
2720.0010946280004 0.0 0.0 0.0 1.0 0.0 0.0 20.0 0.0
2721.0007874857292 0.0 0.0 0.0 1.0 0.0 0.0 20.0 0.0
2722.00175157844 0.0 0.0 0.0 1.0 0.0 0.0 20.0 0.0
2723.000604665522 0.0 0.0 0.0 1.0 0.0 0.0 20.0 0.0
2724.003282562672 0.0 0.0 0.0 1.0 0.0 0.0 20.0 0.0
2725.009183424713 0.0 0.0 0.0 1.0 0.0 0.0 20.0 0.0
2726.0012196343346 0.0 0.0 0.0 1.0 0.0 0.0 20.0 0.0
2727.0010422070523 0.0 0.0 0.0 1.0 0.0 0.0 20.0 0.0
2728.009183424713 0.0 0.0 0.0 1.0 0.0 0.0 20.0 0.0
2729.009183424713 0.0 0.0 0.0 1.0 0.0 0.0 20.0 0.0
2730.009183424713 0.0 0.0 0.0 1.0 0.0 0.0 20.0 0.0
2731.0052265886284 0.0 0.0 0.0 1.0 0.0 0.0 20.0 0.0
2732.009183424713 0.0 0.0 0.0 1.0 0.0 0.0 20.0 0.0
2733.009183424713 0.0 0.0 0.0 1.0 0.0 0.0 20.0 0.0
2734.009183424713 0.0 0.0 0.0 1.0 0.0 0.0 20.0 0.0
2735.009183424713 0.0 0.0 0.0 1.0 0.0 0.0 20.0 0.0
2736.0015527964374 0.0 0.0 0.0 1.0 0.0 0.0 20.0 0.0
2737.003438904979 0.0 0.0 0.0 1.0 0.0 0.0 20.0 0.0
2738.004715617655 0.0 0.0 0.0 1.0 0.0 0.0 20.0 0.0
2739.000040975903 0.0 0.0 0.0 1.0 0.0 0.0 20.0 0.0
2740.0089684024083 0.0 0.0 0.0 1.0 0.0 0.0 20.0 0.0
2741.0029613869747 0.0 0.0 0.0 1.0 0.0 0.0 20.0 0.0
2742.000851189476 0.0 0.0 0.0 1.0 0.0 0.0 20.0 0.0
2743.0030141065413 0.0 0.0 0.0 1.0 0.0 0.0 20.0 0.0
2744.0036823499354 0.0 0.0 0.0 1.0 0.0 0.0 20.0 0.0
2745.006070904943 0.0 0.0 0.0 1.0 0.0 0.0 20.0 0.0
2746.0047152974166 0.0 0.0 0.0 1.0 0.0 0.0 20.0 0.0
2747.0072099236017 0.0 0.0 0.0 1.0 0.0 0.0 20.0 0.0
2748.0030772711293 0.0 0.0 0.0 1.0 0.0 0.0 20.0 0.0
2749.0015805751073 0.0 0.0 0.0 1.0 0.0 0.0 20.0 0.0
2750.009183424713 0.0 0.0 0.0 1.0 0.0 0.0 20.0 0.0
2751.000706981666 0.0 0.0 0.0 1.0 0.0 0.0 20.0 0.0
2752.0052871705793 0.0 0.0 0.0 1.0 0.0 0.0 20.0 0.0
2753.009151578531 0.0 0.0 0.0 1.0 0.0 0.0 20.0 0.0
2754.004031598208 0.0 0.0 0.0 1.0 0.0 0.0 20.0 0.0
2755.002533062172 0.0 0.0 0.0 1.0 0.0 0.0 20.0 0.0
2756.000933537711 0.0 0.0 0.0 1.0 0.0 0.0 20.0 0.0
2757.0014776776256 0.0 0.0 0.0 1.0 0.0 0.0 20.0 0.0
2758.0018207839926 0.0 0.0 0.0 1.0 0.0 0.0 20.0 0.0
2759.009183424713 0.0 0.0 0.0 1.0 0.0 0.0 20.0 0.0
2760.009183424713 0.0 0.0 0.0 1.0 0.0 0.0 20.0 0.0
2761.009183424713 0.0 0.0 0.0 1.0 0.0 0.0 20.0 0.0
2762.0027530970474 0.0 0.0 0.0 1.0 0.0 0.0 20.0 0.0
2763.0067041387524 0.0 0.0 0.0 1.0 0.0 0.0 20.0 0.0
2764.003145776881 0.0 0.0 0.0 1.0 0.0 0.0 20.0 0.0
2765.00029716125 0.0 0.0 0.0 1.0 0.0 0.0 20.0 0.0
2766.006933866205 0.0 0.0 0.0 1.0 0.0 0.0 20.0 0.0
2767.009183424713 0.0 0.0 0.0 1.0 0.0 0.0 20.0 0.0
2768.002351985246 0.0 0.0 0.0 1.0 0.0 0.0 20.0 0.0
2769.002459044888 0.0 0.0 0.0 1.0 0.0 0.0 20.0 0.0
2770.003408438475 0.0 0.0 0.0 1.0 0.0 0.0 20.0 0.0
2771.009183424713 0.0 0.0 0.0 1.0 0.0 0.0 20.0 0.0
2772.002123618947 0.0 0.0 0.0 1.0 0.0 0.0 20.0 0.0
2773.0007861023178 0.0 0.0 0.0 1.0 0.0 0.0 20.0 0.0
2774.009183424713 0.0 0.0 0.0 1.0 0.0 0.0 20.0 0.0
2775.009183424713 0.0 0.0 0.0 1.0 0.0 0.0 20.0 0.0
2776.009183424713 0.0 0.0 0.0 1.0 0.0 0.0 20.0 0.0
2777.00135901987 0.0 0.0 0.0 1.0 0.0 0.0 20.0 0.0
2778.009183424713 0.0 0.0 0.0 1.0 0.0 0.0 20.0 0.0
2779.007151814364 0.0 0.0 0.0 1.0 0.0 0.0 20.0 0.0
2780.009183424713 0.0 0.0 0.0 1.0 0.0 0.0 20.0 0.0
2781.0010403418187 0.0 0.0 0.0 1.0 0.0 0.0 20.0 0.0
2782.004196157544 0.0 0.0 0.0 1.0 0.0 0.0 20.0 0.0
2783.000069302542 0.0 0.0 0.0 1.0 0.0 0.0 20.0 0.0
2784.008807800364 0.0 0.0 0.0 1.0 0.0 0.0 20.0 0.0
2785.0011631442176 0.0 0.0 0.0 1.0 0.0 0.0 20.0 0.0
2786.0051646729175 0.0 0.0 0.0 1.0 0.0 0.0 20.0 0.0
2787.0018855133703 0.0 0.0 0.0 1.0 0.0 0.0 20.0 0.0
2788.009183424713 0.0 0.0 0.0 1.0 0.0 0.0 20.0 0.0
2789.009183424713 0.0 0.0 0.0 1.0 0.0 0.0 20.0 0.0
2790.0032048446633 0.0 0.0 0.0 1.0 0.0 0.0 20.0 0.0
2791.009183424713 0.0 0.0 0.0 1.0 0.0 0.0 20.0 0.0
2792.009183424713 0.0 0.0 0.0 1.0 0.0 0.0 20.0 0.0
2793.00121027262 0.0 0.0 0.0 1.0 0.0 0.0 20.0 0.0
2794.0057160273645 0.0 0.0 0.0 1.0 0.0 0.0 20.0 0.0
2795.0018501388477 0.0 0.0 0.0 1.0 0.0 0.0 20.0 0.0
2796.009183424713 0.0 0.0 0.0 1.0 0.0 0.0 20.0 0.0
2797.0090106803345 0.0 0.0 0.0 1.0 0.0 0.0 20.0 0.0
2798.001651394629 0.0 0.0 0.0 1.0 0.0 0.0 20.0 0.0
2799.0065527450374 0.0 0.0 0.0 1.0 0.0 0.0 20.0 0.0
2800.009183424713 0.0 0.0 0.0 1.0 0.0 0.0 20.0 0.0
2801.0004962932294 0.0 0.0 0.0 1.0 0.0 0.0 20.0 0.0
2802.009183424713 0.0 0.0 0.0 1.0 0.0 0.0 20.0 0.0
2803.0022619816837 0.0 0.0 0.0 1.0 0.0 0.0 20.0 0.0
2804.0016353972196 0.0 0.0 0.0 1.0 0.0 0.0 20.0 0.0
2805.009183424713 0.0 0.0 0.0 1.0 0.0 0.0 20.0 0.0
2806.009183424713 0.0 0.0 0.0 1.0 0.0 0.0 20.0 0.0
2807.0059930903362 0.0 0.0 0.0 1.0 0.0 0.0 20.0 0.0
2808.009183424713 0.0 0.0 0.0 1.0 0.0 0.0 20.0 0.0
2809.0042931358644 0.0 0.0 0.0 1.0 0.0 0.0 20.0 0.0
2810.0007623501197 0.0 0.0 0.0 1.0 0.0 0.0 20.0 0.0
2811.003860054779 0.0 0.0 0.0 1.0 0.0 0.0 20.0 0.0
2812.009183424713 0.0 0.0 0.0 1.0 0.0 0.0 20.0 0.0
2813.004858242005 0.0 0.0 0.0 1.0 0.0 0.0 20.0 0.0
2814.009183424713 0.0 0.0 0.0 1.0 0.0 0.0 20.0 0.0
2815.0061412316845 0.0 0.0 0.0 1.0 0.0 0.0 20.0 0.0
2816.0058851237245 0.0 0.0 0.0 1.0 0.0 0.0 20.0 0.0
2817.002422014508 0.0 0.0 0.0 1.0 0.0 0.0 20.0 0.0
2818.0041140174317 0.0 0.0 0.0 1.0 0.0 0.0 20.0 0.0
2819.009183424713 0.0 0.0 0.0 1.0 0.0 0.0 20.0 0.0
2820.0015750862226 0.0 0.0 0.0 1.0 0.0 0.0 20.0 0.0
2821.0013247784573 0.0 0.0 0.0 1.0 0.0 0.0 20.0 0.0
2822.009183424713 0.0 0.0 0.0 1.0 0.0 0.0 20.0 0.0
2823.009183424713 0.0 0.0 0.0 1.0 0.0 0.0 20.0 0.0
2824.009183424713 0.0 0.0 0.0 1.0 0.0 0.0 20.0 0.0
2825.0086214103326 0.0 0.0 0.0 1.0 0.0 0.0 20.0 0.0
2826.009183424713 0.0 0.0 0.0 1.0 0.0 0.0 20.0 0.0
2827.009183424713 0.0 0.0 0.0 1.0 0.0 0.0 20.0 0.0
2828.009183424713 0.0 0.0 0.0 1.0 0.0 0.0 20.0 0.0
2829.004941707417 0.0 0.0 0.0 1.0 0.0 0.0 20.0 0.0
2830.009183424713 0.0 0.0 0.0 1.0 0.0 0.0 20.0 0.0
2831.009183424713 0.0 0.0 0.0 1.0 0.0 0.0 20.0 0.0
2832.001223245555 0.0 0.0 0.0 1.0 0.0 0.0 20.0 0.0
2833.0030118596824 0.0 0.0 0.0 1.0 0.0 0.0 20.0 0.0
2834.0004919769067 0.0 0.0 0.0 1.0 0.0 0.0 20.0 0.0
2835.004030754321 0.0 0.0 0.0 1.0 0.0 0.0 20.0 0.0
2836.0009755434967 0.0 0.0 0.0 1.0 0.0 0.0 20.0 0.0
2837.0045558238194 0.0 0.0 0.0 1.0 0.0 0.0 20.0 0.0
2838.0027133886433 0.0 0.0 0.0 1.0 0.0 0.0 20.0 0.0
2839.009183424713 0.0 0.0 0.0 1.0 0.0 0.0 20.0 0.0
2840.004783304155 0.0 0.0 0.0 1.0 0.0 0.0 20.0 0.0
2841.009183424713 0.0 0.0 0.0 1.0 0.0 0.0 20.0 0.0
2842.0035508365245 0.0 0.0 0.0 1.0 0.0 0.0 20.0 0.0
2843.0061427171586 0.0 0.0 0.0 1.0 0.0 0.0 20.0 0.0
2844.009183424713 0.0 0.0 0.0 1.0 0.0 0.0 20.0 0.0
2845.007712405208 0.0 0.0 0.0 1.0 0.0 0.0 20.0 0.0
2846.0016398639073 0.0 0.0 0.0 1.0 0.0 0.0 20.0 0.0
2847.006770299356 0.0 0.0 0.0 1.0 0.0 0.0 20.0 0.0
2848.009183424713 0.0 0.0 0.0 1.0 0.0 0.0 20.0 0.0
2849.002819618734 0.0 0.0 0.0 1.0 0.0 0.0 20.0 0.0
2850.0040986696677 0.0 0.0 0.0 1.0 0.0 0.0 20.0 0.0
2851.009183424713 0.0 0.0 0.0 1.0 0.0 0.0 20.0 0.0
2852.0025872456035 0.0 0.0 0.0 1.0 0.0 0.0 20.0 0.0
2853.001187272605 0.0 0.0 0.0 1.0 0.0 0.0 20.0 0.0
2854.0066529532724 0.0 0.0 0.0 1.0 0.0 0.0 20.0 0.0
2855.0074571090695 0.0 0.0 0.0 1.0 0.0 0.0 20.0 0.0
2856.009183424713 0.0 0.0 0.0 1.0 0.0 0.0 20.0 0.0
2857.009183424713 0.0 0.0 0.0 1.0 0.0 0.0 20.0 0.0
2858.002249079991 0.0 0.0 0.0 1.0 0.0 0.0 20.0 0.0
2859.0021486704336 0.0 0.0 0.0 1.0 0.0 0.0 20.0 0.0
2860.005034952128 0.0 0.0 0.0 1.0 0.0 0.0 20.0 0.0
2861.0001447341024 0.0 0.0 0.0 1.0 0.0 0.0 20.0 0.0
2862.009183424713 0.0 0.0 0.0 1.0 0.0 0.0 20.0 0.0
2863.006482941103 0.0 0.0 0.0 1.0 0.0 0.0 20.0 0.0
2864.000009090718 0.0 0.0 0.0 1.0 0.0 0.0 20.0 0.0
2865.0065216557987 0.0 0.0 0.0 1.0 0.0 0.0 20.0 0.0
2866.0006776639043 0.0 0.0 0.0 1.0 0.0 0.0 20.0 0.0
2867.009183424713 0.0 0.0 0.0 1.0 0.0 0.0 20.0 0.0
2868.009183424713 0.0 0.0 0.0 1.0 0.0 0.0 20.0 0.0
2869.003610948803 0.0 0.0 0.0 1.0 0.0 0.0 20.0 0.0
2870.0063256273315 0.0 0.0 0.0 1.0 0.0 0.0 20.0 0.0
2871.00377265451 0.0 0.0 0.0 1.0 0.0 0.0 20.0 0.0
2872.0021075982622 0.0 0.0 0.0 1.0 0.0 0.0 20.0 0.0
2873.001265604513 0.0 0.0 0.0 1.0 0.0 0.0 20.0 0.0
2874.001406583214 0.0 0.0 0.0 1.0 0.0 0.0 20.0 0.0
2875.0029110361656 0.0 0.0 0.0 1.0 0.0 0.0 20.0 0.0
2876.0004411176446 0.0 0.0 0.0 1.0 0.0 0.0 20.0 0.0
2877.0079985339944 0.0 0.0 0.0 1.0 0.0 0.0 20.0 0.0
2878.00464403483 0.0 0.0 0.0 1.0 0.0 0.0 20.0 0.0
2879.005827675296 0.0 0.0 0.0 1.0 0.0 0.0 20.0 0.0
2880.004864688888 0.0 0.0 0.0 1.0 0.0 0.0 20.0 0.0
2881.0090193004216 0.0 0.0 0.0 1.0 0.0 0.0 20.0 0.0
2882.001908220172 0.0 0.0 0.0 1.0 0.0 0.0 20.0 0.0
2883.009183424713 0.0 0.0 0.0 1.0 0.0 0.0 20.0 0.0
2884.00752887673 0.0 0.0 0.0 1.0 0.0 0.0 20.0 0.0
2885.003737423771 0.0 0.0 0.0 1.0 0.0 0.0 20.0 0.0
2886.004498527956 0.0 0.0 0.0 1.0 0.0 0.0 20.0 0.0
2887.0013613236983 0.0 0.0 0.0 1.0 0.0 0.0 20.0 0.0
2888.009183424713 0.0 0.0 0.0 1.0 0.0 0.0 20.0 0.0
2889.000856897715 0.0 0.0 0.0 1.0 0.0 0.0 20.0 0.0
2890.0049928073245 0.0 0.0 0.0 1.0 0.0 0.0 20.0 0.0
2891.008963291137 0.0 0.0 0.0 1.0 0.0 0.0 20.0 0.0
2892.008945171176 0.0 0.0 0.0 1.0 0.0 0.0 20.0 0.0
2893.0006218546623 0.0 0.0 0.0 1.0 0.0 0.0 20.0 0.0
2894.009183424713 0.0 0.0 0.0 1.0 0.0 0.0 20.0 0.0
2895.0037328912285 0.0 0.0 0.0 1.0 0.0 0.0 20.0 0.0
2896.002140658019 0.0 0.0 0.0 1.0 0.0 0.0 20.0 0.0
2897.009183424713 0.0 0.0 0.0 1.0 0.0 0.0 20.0 0.0
2898.009183424713 0.0 0.0 0.0 1.0 0.0 0.0 20.0 0.0
2899.002622347668 0.0 0.0 0.0 1.0 0.0 0.0 20.0 0.0
2900.0002204845578 0.0 0.0 0.0 1.0 0.0 0.0 20.0 0.0
2901.0026264631997 0.0 0.0 0.0 1.0 0.0 0.0 20.0 0.0
2902.0084884398752 0.0 0.0 0.0 1.0 0.0 0.0 20.0 0.0
2903.005587099324 0.0 0.0 0.0 1.0 0.0 0.0 20.0 0.0
2904.009183424713 0.0 0.0 0.0 1.0 0.0 0.0 20.0 0.0
2905.000943290121 0.0 0.0 0.0 1.0 0.0 0.0 20.0 0.0
2906.009183424713 0.0 0.0 0.0 1.0 0.0 0.0 20.0 0.0
2907.0064294221124 0.0 0.0 0.0 1.0 0.0 0.0 20.0 0.0
2908.000597805576 0.0 0.0 0.0 1.0 0.0 0.0 20.0 0.0
2909.00436489265 0.0 0.0 0.0 1.0 0.0 0.0 20.0 0.0
2910.009183424713 0.0 0.0 0.0 1.0 0.0 0.0 20.0 0.0
2911.0038413248426 0.0 0.0 0.0 1.0 0.0 0.0 20.0 0.0
2912.004757394603 0.0 0.0 0.0 1.0 0.0 0.0 20.0 0.0
2913.0005863355836 0.0 0.0 0.0 1.0 0.0 0.0 20.0 0.0
2914.001357820245 0.0 0.0 0.0 1.0 0.0 0.0 20.0 0.0
2915.009183424713 0.0 0.0 0.0 1.0 0.0 0.0 20.0 0.0
2916.009183424713 0.0 0.0 0.0 1.0 0.0 0.0 20.0 0.0
2917.0016076042793 0.0 0.0 0.0 1.0 0.0 0.0 20.0 0.0
2918.009183424713 0.0 0.0 0.0 1.0 0.0 0.0 20.0 0.0
2919.0079581326568 0.0 0.0 0.0 1.0 0.0 0.0 20.0 0.0
2920.000048417861 0.0 0.0 0.0 1.0 0.0 0.0 20.0 0.0
2921.009183424713 0.0 0.0 0.0 1.0 0.0 0.0 20.0 0.0
2922.0036314726603 0.0 0.0 0.0 1.0 0.0 0.0 20.0 0.0
2923.006571070841 0.0 0.0 0.0 1.0 0.0 0.0 20.0 0.0
2924.009183424713 0.0 0.0 0.0 1.0 0.0 0.0 20.0 0.0
2925.0004984501306 0.0 0.0 0.0 1.0 0.0 0.0 20.0 0.0
2926.000244319234 0.0 0.0 0.0 1.0 0.0 0.0 20.0 0.0
2927.0072724090014 0.0 0.0 0.0 1.0 0.0 0.0 20.0 0.0
2928.0030846519835 0.0 0.0 0.0 1.0 0.0 0.0 20.0 0.0
2929.0051489734983 0.0 0.0 0.0 1.0 0.0 0.0 20.0 0.0
2930.0017528528133 0.0 0.0 0.0 1.0 0.0 0.0 20.0 0.0
2931.0075587797373 0.0 0.0 0.0 1.0 0.0 0.0 20.0 0.0
2932.007121837089 0.0 0.0 0.0 1.0 0.0 0.0 20.0 0.0
2933.0048646279984 0.0 0.0 0.0 1.0 0.0 0.0 20.0 0.0
2934.00621673784 0.0 0.0 0.0 1.0 0.0 0.0 20.0 0.0
2935.0005140911344 0.0 0.0 0.0 1.0 0.0 0.0 20.0 0.0
2936.0010505280666 0.0 0.0 0.0 1.0 0.0 0.0 20.0 0.0
2937.007403649087 0.0 0.0 0.0 1.0 0.0 0.0 20.0 0.0
2938.0033257877944 0.0 0.0 0.0 1.0 0.0 0.0 20.0 0.0
2939.0042812493125 0.0 0.0 0.0 1.0 0.0 0.0 20.0 0.0
2940.0040723572492 0.0 0.0 0.0 1.0 0.0 0.0 20.0 0.0
2941.0054830043428 0.0 0.0 0.0 1.0 0.0 0.0 20.0 0.0
2942.002033364049 0.0 0.0 0.0 1.0 0.0 0.0 20.0 0.0
2943.009183424713 0.0 0.0 0.0 1.0 0.0 0.0 20.0 0.0
2944.009183424713 0.0 0.0 0.0 1.0 0.0 0.0 20.0 0.0
2945.003361551073 0.0 0.0 0.0 1.0 0.0 0.0 20.0 0.0
2946.0001571680623 0.0 0.0 0.0 1.0 0.0 0.0 20.0 0.0
2947.009183424713 0.0 0.0 0.0 1.0 0.0 0.0 20.0 0.0
2948.0028647913855 0.0 0.0 0.0 1.0 0.0 0.0 20.0 0.0
2949.009183424713 0.0 0.0 0.0 1.0 0.0 0.0 20.0 0.0
2950.0013899824053 0.0 0.0 0.0 1.0 0.0 0.0 20.0 0.0
2951.000241528187 0.0 0.0 0.0 1.0 0.0 0.0 20.0 0.0
2952.0009725051345 0.0 0.0 0.0 1.0 0.0 0.0 20.0 0.0
2953.0039585765553 0.0 0.0 0.0 1.0 0.0 0.0 20.0 0.0
2954.008114213649 0.0 0.0 0.0 1.0 0.0 0.0 20.0 0.0
2955.0023103799776 0.0 0.0 0.0 1.0 0.0 0.0 20.0 0.0
2956.0085798734776 0.0 0.0 0.0 1.0 0.0 0.0 20.0 0.0
2957.001734044696 0.0 0.0 0.0 1.0 0.0 0.0 20.0 0.0
2958.009183424713 0.0 0.0 0.0 1.0 0.0 0.0 20.0 0.0
2959.001230544344 0.0 0.0 0.0 1.0 0.0 0.0 20.0 0.0
2960.000010400437 0.0 0.0 0.0 1.0 0.0 0.0 20.0 0.0
2961.005286822854 0.0 0.0 0.0 1.0 0.0 0.0 20.0 0.0
2962.0003228806836 0.0 0.0 0.0 1.0 0.0 0.0 20.0 0.0
2963.009183424713 0.0 0.0 0.0 1.0 0.0 0.0 20.0 0.0
2964.0008400630686 0.0 0.0 0.0 1.0 0.0 0.0 20.0 0.0
2965.0059353339143 0.0 0.0 0.0 1.0 0.0 0.0 20.0 0.0
2966.0027026656967 0.0 0.0 0.0 1.0 0.0 0.0 20.0 0.0
2967.001277201631 0.0 0.0 0.0 1.0 0.0 0.0 20.0 0.0
2968.0043946249743 0.0 0.0 0.0 1.0 0.0 0.0 20.0 0.0
2969.0001642201255 0.0 0.0 0.0 1.0 0.0 0.0 20.0 0.0
2970.000289026253 0.0 0.0 0.0 1.0 0.0 0.0 20.0 0.0
2971.007874877707 0.0 0.0 0.0 1.0 0.0 0.0 20.0 0.0
2972.0074428415514 0.0 0.0 0.0 1.0 0.0 0.0 20.0 0.0
2973.009183424713 0.0 0.0 0.0 1.0 0.0 0.0 20.0 0.0
2974.004327297105 0.0 0.0 0.0 1.0 0.0 0.0 20.0 0.0
2975.009183424713 0.0 0.0 0.0 1.0 0.0 0.0 20.0 0.0
2976.0022697272157 0.0 0.0 0.0 1.0 0.0 0.0 20.0 0.0
2977.009183424713 0.0 0.0 0.0 1.0 0.0 0.0 20.0 0.0
2978.009183424713 0.0 0.0 0.0 1.0 0.0 0.0 20.0 0.0
2979.0086604280136 0.0 0.0 0.0 1.0 0.0 0.0 20.0 0.0
2980.0012889123905 0.0 0.0 0.0 1.0 0.0 0.0 20.0 0.0
2981.009183424713 0.0 0.0 0.0 1.0 0.0 0.0 20.0 0.0
2982.0043187868196 0.0 0.0 0.0 1.0 0.0 0.0 20.0 0.0
2983.0057592684893 0.0 0.0 0.0 1.0 0.0 0.0 20.0 0.0
2984.0047218343307 0.0 0.0 0.0 1.0 0.0 0.0 20.0 0.0
2985.009183424713 0.0 0.0 0.0 1.0 0.0 0.0 20.0 0.0
2986.0078850544596 0.0 0.0 0.0 1.0 0.0 0.0 20.0 0.0
2987.009183424713 0.0 0.0 0.0 1.0 0.0 0.0 20.0 0.0
2988.0081786117676 0.0 0.0 0.0 1.0 0.0 0.0 20.0 0.0
2989.004058916378 0.0 0.0 0.0 1.0 0.0 0.0 20.0 0.0
2990.0000504392083 0.0 0.0 0.0 1.0 0.0 0.0 20.0 0.0
2991.009183424713 0.0 0.0 0.0 1.0 0.0 0.0 20.0 0.0
2992.000205871831 0.0 0.0 0.0 1.0 0.0 0.0 20.0 0.0
2993.009183424713 0.0 0.0 0.0 1.0 0.0 0.0 20.0 0.0
2994.0022649203142 0.0 0.0 0.0 1.0 0.0 0.0 20.0 0.0
2995.0015273111503 0.0 0.0 0.0 1.0 0.0 0.0 20.0 0.0
2996.009183424713 0.0 0.0 0.0 1.0 0.0 0.0 20.0 0.0
2997.006919788363 0.0 0.0 0.0 1.0 0.0 0.0 20.0 0.0
2998.006080341569 0.0 0.0 0.0 1.0 0.0 0.0 20.0 0.0
2999.0012984257846 0.0 0.0 0.0 1.0 0.0 0.0 20.0 0.0
3000.009158500332 0.0 0.0 0.0 1.0 0.0 0.0 20.0 0.0
3001.0009743301216 0.0 0.0 0.0 1.0 0.0 0.0 20.0 0.0
3002.001945215587 0.0 0.0 0.0 1.0 0.0 0.0 20.0 0.0
3003.005842013473 0.0 0.0 0.0 1.0 0.0 0.0 20.0 0.0
3004.007243251326 0.0 0.0 0.0 1.0 0.0 0.0 20.0 0.0
3005.003924136636 0.0 0.0 0.0 1.0 0.0 0.0 20.0 0.0
3006.0083938370235 0.0 0.0 0.0 1.0 0.0 0.0 20.0 0.0
3007.00256859307 0.0 0.0 0.0 1.0 0.0 0.0 20.0 0.0
3008.003108363362 0.0 0.0 0.0 1.0 0.0 0.0 20.0 0.0
3009.0006164341435 0.0 0.0 0.0 1.0 0.0 0.0 20.0 0.0
3010.0016760825733 0.0 0.0 0.0 1.0 0.0 0.0 20.0 0.0
3011.0076121682337 0.0 0.0 0.0 1.0 0.0 0.0 20.0 0.0
3012.00321413624 0.0 0.0 0.0 1.0 0.0 0.0 20.0 0.0
3013.007759281372 0.0 0.0 0.0 1.0 0.0 0.0 20.0 0.0
3014.006242028073 0.0 0.0 0.0 1.0 0.0 0.0 20.0 0.0
3015.007800147892 0.0 0.0 0.0 1.0 0.0 0.0 20.0 0.0
3016.0012239938496 0.0 0.0 0.0 1.0 0.0 0.0 20.0 0.0
3017.009183424713 0.0 0.0 0.0 1.0 0.0 0.0 20.0 0.0
3018.0022026047727 0.0 0.0 0.0 1.0 0.0 0.0 20.0 0.0
3019.009183424713 0.0 0.0 0.0 1.0 0.0 0.0 20.0 0.0
3020.003455321526 0.0 0.0 0.0 1.0 0.0 0.0 20.0 0.0
3021.0003868718904 0.0 0.0 0.0 1.0 0.0 0.0 20.0 0.0
3022.0003229954755 0.0 0.0 0.0 1.0 0.0 0.0 20.0 0.0
3023.009183424713 0.0 0.0 0.0 1.0 0.0 0.0 20.0 0.0
3024.002752877535 0.0 0.0 0.0 1.0 0.0 0.0 20.0 0.0
3025.0001454204435 0.0 0.0 0.0 1.0 0.0 0.0 20.0 0.0
3026.005042532075 0.0 0.0 0.0 1.0 0.0 0.0 20.0 0.0
3027.0007799084433 0.0 0.0 0.0 1.0 0.0 0.0 20.0 0.0
3028.0027463272386 0.0 0.0 0.0 1.0 0.0 0.0 20.0 0.0
3029.0029676244094 0.0 0.0 0.0 1.0 0.0 0.0 20.0 0.0
3030.0032975609224 0.0 0.0 0.0 1.0 0.0 0.0 20.0 0.0
3031.005985618262 0.0 0.0 0.0 1.0 0.0 0.0 20.0 0.0
3032.009183424713 0.0 0.0 0.0 1.0 0.0 0.0 20.0 0.0
3033.003974397852 0.0 0.0 0.0 1.0 0.0 0.0 20.0 0.0
3034.008329214788 0.0 0.0 0.0 1.0 0.0 0.0 20.0 0.0
3035.0083070330847 0.0 0.0 0.0 1.0 0.0 0.0 20.0 0.0
3036.009183424713 0.0 0.0 0.0 1.0 0.0 0.0 20.0 0.0
3037.0042468356 0.0 0.0 0.0 1.0 0.0 0.0 20.0 0.0
3038.008523880805 0.0 0.0 0.0 1.0 0.0 0.0 20.0 0.0
3039.0045462301523 0.0 0.0 0.0 1.0 0.0 0.0 20.0 0.0
3040.0039021795083 0.0 0.0 0.0 1.0 0.0 0.0 20.0 0.0
3041.0018910361355 0.0 0.0 0.0 1.0 0.0 0.0 20.0 0.0
3042.003160379437 0.0 0.0 0.0 1.0 0.0 0.0 20.0 0.0
3043.001537219756 0.0 0.0 0.0 1.0 0.0 0.0 20.0 0.0
3044.009183424713 0.0 0.0 0.0 1.0 0.0 0.0 20.0 0.0
3045.0022336972647 0.0 0.0 0.0 1.0 0.0 0.0 20.0 0.0
3046.0029926065295 0.0 0.0 0.0 1.0 0.0 0.0 20.0 0.0
3047.009183424713 0.0 0.0 0.0 1.0 0.0 0.0 20.0 0.0
3048.009183424713 0.0 0.0 0.0 1.0 0.0 0.0 20.0 0.0
3049.0026603934007 0.0 0.0 0.0 1.0 0.0 0.0 20.0 0.0
3050.0029460483006 0.0 0.0 0.0 1.0 0.0 0.0 20.0 0.0
3051.002330388536 0.0 0.0 0.0 1.0 0.0 0.0 20.0 0.0
3052.0042014677865 0.0 0.0 0.0 1.0 0.0 0.0 20.0 0.0
3053.0013914438614 0.0 0.0 0.0 1.0 0.0 0.0 20.0 0.0
3054.0033928140947 0.0 0.0 0.0 1.0 0.0 0.0 20.0 0.0
3055.003243855034 0.0 0.0 0.0 1.0 0.0 0.0 20.0 0.0
3056.0028361379236 0.0 0.0 0.0 1.0 0.0 0.0 20.0 0.0
3057.000490930985 0.0 0.0 0.0 1.0 0.0 0.0 20.0 0.0
3058.0014428663776 0.0 0.0 0.0 1.0 0.0 0.0 20.0 0.0
3059.002615170586 0.0 0.0 0.0 1.0 0.0 0.0 20.0 0.0
3060.005484854636 0.0 0.0 0.0 1.0 0.0 0.0 20.0 0.0
3061.001248994792 0.0 0.0 0.0 1.0 0.0 0.0 20.0 0.0
3062.003097244298 0.0 0.0 0.0 1.0 0.0 0.0 20.0 0.0
3063.0015326955827 0.0 0.0 0.0 1.0 0.0 0.0 20.0 0.0
3064.000362649335 0.0 0.0 0.0 1.0 0.0 0.0 20.0 0.0
3065.0024802130483 0.0 0.0 0.0 1.0 0.0 0.0 20.0 0.0
3066.0070836804075 0.0 0.0 0.0 1.0 0.0 0.0 20.0 0.0
3067.0071284207156 0.0 0.0 0.0 1.0 0.0 0.0 20.0 0.0
3068.009183424713 0.0 0.0 0.0 1.0 0.0 0.0 20.0 0.0
3069.0074250815446 0.0 0.0 0.0 1.0 0.0 0.0 20.0 0.0
3070.0046917705595 0.0 0.0 0.0 1.0 0.0 0.0 20.0 0.0
3071.009183424713 0.0 0.0 0.0 1.0 0.0 0.0 20.0 0.0
3072.009183424713 0.0 0.0 0.0 1.0 0.0 0.0 20.0 0.0
3073.000182998949 0.0 0.0 0.0 1.0 0.0 0.0 20.0 0.0
3074.0026651271123 0.0 0.0 0.0 1.0 0.0 0.0 20.0 0.0
3075.000870308688 0.0 0.0 0.0 1.0 0.0 0.0 20.0 0.0
3076.008072618752 0.0 0.0 0.0 1.0 0.0 0.0 20.0 0.0
3077.001641139938 0.0 0.0 0.0 1.0 0.0 0.0 20.0 0.0
3078.000938576798 0.0 0.0 0.0 1.0 0.0 0.0 20.0 0.0
3079.003565399729 0.0 0.0 0.0 1.0 0.0 0.0 20.0 0.0
3080.0030501744327 0.0 0.0 0.0 1.0 0.0 0.0 20.0 0.0
3081.0013988051123 0.0 0.0 0.0 1.0 0.0 0.0 20.0 0.0
3082.0048825840004 0.0 0.0 0.0 1.0 0.0 0.0 20.0 0.0
3083.0001477650812 0.0 0.0 0.0 1.0 0.0 0.0 20.0 0.0
3084.00493925223 0.0 0.0 0.0 1.0 0.0 0.0 20.0 0.0
3085.001963226009 0.0 0.0 0.0 1.0 0.0 0.0 20.0 0.0
3086.0009410076696 0.0 0.0 0.0 1.0 0.0 0.0 20.0 0.0
3087.004259063356 0.0 0.0 0.0 1.0 0.0 0.0 20.0 0.0
3088.009183424713 0.0 0.0 0.0 1.0 0.0 0.0 20.0 0.0
3089.0041678972116 0.0 0.0 0.0 1.0 0.0 0.0 20.0 0.0
3090.00197981348 0.0 0.0 0.0 1.0 0.0 0.0 20.0 0.0
3091.009183424713 0.0 0.0 0.0 1.0 0.0 0.0 20.0 0.0
3092.009183424713 0.0 0.0 0.0 1.0 0.0 0.0 20.0 0.0
3093.007828926963 0.0 0.0 0.0 1.0 0.0 0.0 20.0 0.0
3094.002187955513 0.0 0.0 0.0 1.0 0.0 0.0 20.0 0.0
3095.009183424713 0.0 0.0 0.0 1.0 0.0 0.0 20.0 0.0
3096.0015764549307 0.0 0.0 0.0 1.0 0.0 0.0 20.0 0.0
3097.0063863563846 0.0 0.0 0.0 1.0 0.0 0.0 20.0 0.0
3098.002346899609 0.0 0.0 0.0 1.0 0.0 0.0 20.0 0.0
3099.009159263239 0.0 0.0 0.0 1.0 0.0 0.0 20.0 0.0
3100.0068841084485 0.0 0.0 0.0 1.0 0.0 0.0 20.0 0.0
3101.009183424713 0.0 0.0 0.0 1.0 0.0 0.0 20.0 0.0
3102.009183424713 0.0 0.0 0.0 1.0 0.0 0.0 20.0 0.0
3103.009183424713 0.0 0.0 0.0 1.0 0.0 0.0 20.0 0.0
3104.0003811129372 0.0 0.0 0.0 1.0 0.0 0.0 20.0 0.0
3105.00425215001 0.0 0.0 0.0 1.0 0.0 0.0 20.0 0.0
3106.0021687185344 0.0 0.0 0.0 1.0 0.0 0.0 20.0 0.0
3107.003204327786 0.0 0.0 0.0 1.0 0.0 0.0 20.0 0.0
3108.001493959385 0.0 0.0 0.0 1.0 0.0 0.0 20.0 0.0
3109.000378589423 0.0 0.0 0.0 1.0 0.0 0.0 20.0 0.0
3110.009183424713 0.0 0.0 0.0 1.0 0.0 0.0 20.0 0.0
3111.009183424713 0.0 0.0 0.0 1.0 0.0 0.0 20.0 0.0
3112.009183424713 0.0 0.0 0.0 1.0 0.0 0.0 20.0 0.0
3113.0055221761745 0.0 0.0 0.0 1.0 0.0 0.0 20.0 0.0
3114.000486000401 0.0 0.0 0.0 1.0 0.0 0.0 20.0 0.0
3115.0050362121215 0.0 0.0 0.0 1.0 0.0 0.0 20.0 0.0
3116.000235393569 0.0 0.0 0.0 1.0 0.0 0.0 20.0 0.0
3117.009183424713 0.0 0.0 0.0 1.0 0.0 0.0 20.0 0.0
3118.0070869226647 0.0 0.0 0.0 1.0 0.0 0.0 20.0 0.0
3119.0088436408632 0.0 0.0 0.0 1.0 0.0 0.0 20.0 0.0
3120.00274322435 0.0 0.0 0.0 1.0 0.0 0.0 20.0 0.0
3121.002767569181 0.0 0.0 0.0 1.0 0.0 0.0 20.0 0.0
3122.008329373397 0.0 0.0 0.0 1.0 0.0 0.0 20.0 0.0
3123.009183424713 0.0 0.0 0.0 1.0 0.0 0.0 20.0 0.0
3124.0006064445342 0.0 0.0 0.0 1.0 0.0 0.0 20.0 0.0
3125.009183424713 0.0 0.0 0.0 1.0 0.0 0.0 20.0 0.0
3126.0023618473015 0.0 0.0 0.0 1.0 0.0 0.0 20.0 0.0
3127.008839009591 0.0 0.0 0.0 1.0 0.0 0.0 20.0 0.0
3128.009183424713 0.0 0.0 0.0 1.0 0.0 0.0 20.0 0.0
3129.009183424713 0.0 0.0 0.0 1.0 0.0 0.0 20.0 0.0
3130.000697963248 0.0 0.0 0.0 1.0 0.0 0.0 20.0 0.0
3131.0025716858636 0.0 0.0 0.0 1.0 0.0 0.0 20.0 0.0
3132.0024463397576 0.0 0.0 0.0 1.0 0.0 0.0 20.0 0.0
3133.007138134077 0.0 0.0 0.0 1.0 0.0 0.0 20.0 0.0
3134.0087833358484 0.0 0.0 0.0 1.0 0.0 0.0 20.0 0.0
3135.0040428764883 0.0 0.0 0.0 1.0 0.0 0.0 20.0 0.0
3136.0017028508114 0.0 0.0 0.0 1.0 0.0 0.0 20.0 0.0
3137.009183424713 0.0 0.0 0.0 1.0 0.0 0.0 20.0 0.0
3138.0043934176215 0.0 0.0 0.0 1.0 0.0 0.0 20.0 0.0
3139.009183424713 0.0 0.0 0.0 1.0 0.0 0.0 20.0 0.0
3140.0070329065 0.0 0.0 0.0 1.0 0.0 0.0 20.0 0.0
3141.009183424713 0.0 0.0 0.0 1.0 0.0 0.0 20.0 0.0
3142.002921751825 0.0 0.0 0.0 1.0 0.0 0.0 20.0 0.0
3143.001156398721 0.0 0.0 0.0 1.0 0.0 0.0 20.0 0.0
3144.004312415494 0.0 0.0 0.0 1.0 0.0 0.0 20.0 0.0
3145.005976489072 0.0 0.0 0.0 1.0 0.0 0.0 20.0 0.0
3146.00713541182 0.0 0.0 0.0 1.0 0.0 0.0 20.0 0.0
3147.0041978020126 0.0 0.0 0.0 1.0 0.0 0.0 20.0 0.0
3148.0041130284844 0.0 0.0 0.0 1.0 0.0 0.0 20.0 0.0
3149.002658838361 0.0 0.0 0.0 1.0 0.0 0.0 20.0 0.0
3150.0082524309323 0.0 0.0 0.0 1.0 0.0 0.0 20.0 0.0
3151.0025117460104 0.0 0.0 0.0 1.0 0.0 0.0 20.0 0.0
3152.009183424713 0.0 0.0 0.0 1.0 0.0 0.0 20.0 0.0
3153.009183424713 0.0 0.0 0.0 1.0 0.0 0.0 20.0 0.0
3154.003194235913 0.0 0.0 0.0 1.0 0.0 0.0 20.0 0.0
3155.002373267059 0.0 0.0 0.0 1.0 0.0 0.0 20.0 0.0
3156.003032598558 0.0 0.0 0.0 1.0 0.0 0.0 20.0 0.0
3157.0005169399915 0.0 0.0 0.0 1.0 0.0 0.0 20.0 0.0
3158.0044972549467 0.0 0.0 0.0 1.0 0.0 0.0 20.0 0.0
3159.0040001657476 0.0 0.0 0.0 1.0 0.0 0.0 20.0 0.0
3160.0011046746945 0.0 0.0 0.0 1.0 0.0 0.0 20.0 0.0
3161.009183424713 0.0 0.0 0.0 1.0 0.0 0.0 20.0 0.0
3162.006240070963 0.0 0.0 0.0 1.0 0.0 0.0 20.0 0.0
3163.009183424713 0.0 0.0 0.0 1.0 0.0 0.0 20.0 0.0
3164.009183424713 0.0 0.0 0.0 1.0 0.0 0.0 20.0 0.0
3165.0026160515285 0.0 0.0 0.0 1.0 0.0 0.0 20.0 0.0
3166.0050406885402 0.0 0.0 0.0 1.0 0.0 0.0 20.0 0.0
3167.002143793222 0.0 0.0 0.0 1.0 0.0 0.0 20.0 0.0
3168.00071659426 0.0 0.0 0.0 1.0 0.0 0.0 20.0 0.0
3169.0014067470697 0.0 0.0 0.0 1.0 0.0 0.0 20.0 0.0
3170.0007119462193 0.0 0.0 0.0 1.0 0.0 0.0 20.0 0.0
3171.0015260468995 0.0 0.0 0.0 1.0 0.0 0.0 20.0 0.0
3172.001584546164 0.0 0.0 0.0 1.0 0.0 0.0 20.0 0.0
3173.009183424713 0.0 0.0 0.0 1.0 0.0 0.0 20.0 0.0
3174.0039409878236 0.0 0.0 0.0 1.0 0.0 0.0 20.0 0.0
3175.0003804241483 0.0 0.0 0.0 1.0 0.0 0.0 20.0 0.0
3176.009183424713 0.0 0.0 0.0 1.0 0.0 0.0 20.0 0.0
3177.009183424713 0.0 0.0 0.0 1.0 0.0 0.0 20.0 0.0
3178.009183424713 0.0 0.0 0.0 1.0 0.0 0.0 20.0 0.0
3179.002643390474 0.0 0.0 0.0 1.0 0.0 0.0 20.0 0.0
3180.009183424713 0.0 0.0 0.0 1.0 0.0 0.0 20.0 0.0
3181.0060723989573 0.0 0.0 0.0 1.0 0.0 0.0 20.0 0.0
3182.001359776647 0.0 0.0 0.0 1.0 0.0 0.0 20.0 0.0
3183.009183424713 0.0 0.0 0.0 1.0 0.0 0.0 20.0 0.0
3184.00598556735 0.0 0.0 0.0 1.0 0.0 0.0 20.0 0.0
3185.004673586933 0.0 0.0 0.0 1.0 0.0 0.0 20.0 0.0
3186.009183424713 0.0 0.0 0.0 1.0 0.0 0.0 20.0 0.0
3187.0028554283626 0.0 0.0 0.0 1.0 0.0 0.0 20.0 0.0
3188.004739276038 0.0 0.0 0.0 1.0 0.0 0.0 20.0 0.0
3189.009183424713 0.0 0.0 0.0 1.0 0.0 0.0 20.0 0.0
3190.007680516865 0.0 0.0 0.0 1.0 0.0 0.0 20.0 0.0
3191.005172614436 0.0 0.0 0.0 1.0 0.0 0.0 20.0 0.0
3192.000569878275 0.0 0.0 0.0 1.0 0.0 0.0 20.0 0.0
3193.009183424713 0.0 0.0 0.0 1.0 0.0 0.0 20.0 0.0
3194.0078648268154 0.0 0.0 0.0 1.0 0.0 0.0 20.0 0.0
3195.007125305742 0.0 0.0 0.0 1.0 0.0 0.0 20.0 0.0
3196.009183424713 0.0 0.0 0.0 1.0 0.0 0.0 20.0 0.0
3197.009183424713 0.0 0.0 0.0 1.0 0.0 0.0 20.0 0.0
3198.009183424713 0.0 0.0 0.0 1.0 0.0 0.0 20.0 0.0
3199.00717543948 0.0 0.0 0.0 1.0 0.0 0.0 20.0 0.0
3200.0026851291755 0.0 0.0 0.0 1.0 0.0 0.0 20.0 0.0
3201.00116174708 0.0 0.0 0.0 1.0 0.0 0.0 20.0 0.0
3202.007691658241 0.0 0.0 0.0 1.0 0.0 0.0 20.0 0.0
3203.004523261775 0.0 0.0 0.0 1.0 0.0 0.0 20.0 0.0
3204.0030893057083 0.0 0.0 0.0 1.0 0.0 0.0 20.0 0.0
3205.008812606994 0.0 0.0 0.0 1.0 0.0 0.0 20.0 0.0
3206.0004211248315 0.0 0.0 0.0 1.0 0.0 0.0 20.0 0.0
3207.007823167923 0.0 0.0 0.0 1.0 0.0 0.0 20.0 0.0
3208.005708843278 0.0 0.0 0.0 1.0 0.0 0.0 20.0 0.0
3209.009183424713 0.0 0.0 0.0 1.0 0.0 0.0 20.0 0.0
3210.009183424713 0.0 0.0 0.0 1.0 0.0 0.0 20.0 0.0
3211.0001532609417 0.0 0.0 0.0 1.0 0.0 0.0 20.0 0.0
3212.0040345452026 0.0 0.0 0.0 1.0 0.0 0.0 20.0 0.0
3213.0010145993165 0.0 0.0 0.0 1.0 0.0 0.0 20.0 0.0
3214.001838140211 0.0 0.0 0.0 1.0 0.0 0.0 20.0 0.0
3215.009183424713 0.0 0.0 0.0 1.0 0.0 0.0 20.0 0.0
3216.009183424713 0.0 0.0 0.0 1.0 0.0 0.0 20.0 0.0
3217.0048371339944 0.0 0.0 0.0 1.0 0.0 0.0 20.0 0.0
3218.009183424713 0.0 0.0 0.0 1.0 0.0 0.0 20.0 0.0
3219.009183424713 0.0 0.0 0.0 1.0 0.0 0.0 20.0 0.0
3220.000393286136 0.0 0.0 0.0 1.0 0.0 0.0 20.0 0.0
3221.000171536928 0.0 0.0 0.0 1.0 0.0 0.0 20.0 0.0
3222.008745574851 0.0 0.0 0.0 1.0 0.0 0.0 20.0 0.0
3223.009183424713 0.0 0.0 0.0 1.0 0.0 0.0 20.0 0.0
3224.001645108618 0.0 0.0 0.0 1.0 0.0 0.0 20.0 0.0
3225.000191424469 0.0 0.0 0.0 1.0 0.0 0.0 20.0 0.0
3226.002137114278 0.0 0.0 0.0 1.0 0.0 0.0 20.0 0.0
3227.0039775628566 0.0 0.0 0.0 1.0 0.0 0.0 20.0 0.0
3228.00539854099 0.0 0.0 0.0 1.0 0.0 0.0 20.0 0.0
3229.0017977299694 0.0 0.0 0.0 1.0 0.0 0.0 20.0 0.0
3230.009183424713 0.0 0.0 0.0 1.0 0.0 0.0 20.0 0.0
3231.004070722892 0.0 0.0 0.0 1.0 0.0 0.0 20.0 0.0
3232.004672224139 0.0 0.0 0.0 1.0 0.0 0.0 20.0 0.0
3233.0042156408676 0.0 0.0 0.0 1.0 0.0 0.0 20.0 0.0
3234.0065391270687 0.0 0.0 0.0 1.0 0.0 0.0 20.0 0.0
3235.0056460493697 0.0 0.0 0.0 1.0 0.0 0.0 20.0 0.0
3236.0006494378 0.0 0.0 0.0 1.0 0.0 0.0 20.0 0.0
3237.005738835258 0.0 0.0 0.0 1.0 0.0 0.0 20.0 0.0
3238.009183424713 0.0 0.0 0.0 1.0 0.0 0.0 20.0 0.0
3239.0021977993893 0.0 0.0 0.0 1.0 0.0 0.0 20.0 0.0
3240.0017598809322 0.0 0.0 0.0 1.0 0.0 0.0 20.0 0.0
3241.0054504830628 0.0 0.0 0.0 1.0 0.0 0.0 20.0 0.0
3242.0013193068644 0.0 0.0 0.0 1.0 0.0 0.0 20.0 0.0
3243.0012223222398 0.0 0.0 0.0 1.0 0.0 0.0 20.0 0.0
3244.009183424713 0.0 0.0 0.0 1.0 0.0 0.0 20.0 0.0
3245.0004583360696 0.0 0.0 0.0 1.0 0.0 0.0 20.0 0.0
3246.0056627222734 0.0 0.0 0.0 1.0 0.0 0.0 20.0 0.0
3247.0029045940673 0.0 0.0 0.0 1.0 0.0 0.0 20.0 0.0
3248.0059311134846 0.0 0.0 0.0 1.0 0.0 0.0 20.0 0.0
3249.0090778523477 0.0 0.0 0.0 1.0 0.0 0.0 20.0 0.0
3250.003701595262 0.0 0.0 0.0 1.0 0.0 0.0 20.0 0.0
3251.0075955718175 0.0 0.0 0.0 1.0 0.0 0.0 20.0 0.0
3252.009183424713 0.0 0.0 0.0 1.0 0.0 0.0 20.0 0.0
3253.00248244084 0.0 0.0 0.0 1.0 0.0 0.0 20.0 0.0
3254.002817224724 0.0 0.0 0.0 1.0 0.0 0.0 20.0 0.0
3255.0021522032603 0.0 0.0 0.0 1.0 0.0 0.0 20.0 0.0
3256.00362243186 0.0 0.0 0.0 1.0 0.0 0.0 20.0 0.0
3257.0046628212244 0.0 0.0 0.0 1.0 0.0 0.0 20.0 0.0
3258.005304238204 0.0 0.0 0.0 1.0 0.0 0.0 20.0 0.0
3259.009183424713 0.0 0.0 0.0 1.0 0.0 0.0 20.0 0.0
3260.009183424713 0.0 0.0 0.0 1.0 0.0 0.0 20.0 0.0
3261.003676033905 0.0 0.0 0.0 1.0 0.0 0.0 20.0 0.0
3262.004869416617 0.0 0.0 0.0 1.0 0.0 0.0 20.0 0.0
3263.005648566396 0.0 0.0 0.0 1.0 0.0 0.0 20.0 0.0
3264.009183424713 0.0 0.0 0.0 1.0 0.0 0.0 20.0 0.0
3265.000799756922 0.0 0.0 0.0 1.0 0.0 0.0 20.0 0.0
3266.004375445684 0.0 0.0 0.0 1.0 0.0 0.0 20.0 0.0
3267.0039529226774 0.0 0.0 0.0 1.0 0.0 0.0 20.0 0.0
3268.003174913156 0.0 0.0 0.0 1.0 0.0 0.0 20.0 0.0
3269.000391147546 0.0 0.0 0.0 1.0 0.0 0.0 20.0 0.0
3270.003714789057 0.0 0.0 0.0 1.0 0.0 0.0 20.0 0.0
3271.009183424713 0.0 0.0 0.0 1.0 0.0 0.0 20.0 0.0
3272.008075286675 0.0 0.0 0.0 1.0 0.0 0.0 20.0 0.0
3273.008150312586 0.0 0.0 0.0 1.0 0.0 0.0 20.0 0.0
3274.009183424713 0.0 0.0 0.0 1.0 0.0 0.0 20.0 0.0
3275.0040761296686 0.0 0.0 0.0 1.0 0.0 0.0 20.0 0.0
3276.0040098053137 0.0 0.0 0.0 1.0 0.0 0.0 20.0 0.0
3277.009183424713 0.0 0.0 0.0 1.0 0.0 0.0 20.0 0.0
3278.008729345512 0.0 0.0 0.0 1.0 0.0 0.0 20.0 0.0
3279.002775973767 0.0 0.0 0.0 1.0 0.0 0.0 20.0 0.0
3280.009183424713 0.0 0.0 0.0 1.0 0.0 0.0 20.0 0.0
3281.005112155151 0.0 0.0 0.0 1.0 0.0 0.0 20.0 0.0
3282.0043537709685 0.0 0.0 0.0 1.0 0.0 0.0 20.0 0.0
3283.0054087628914 0.0 0.0 0.0 1.0 0.0 0.0 20.0 0.0
3284.0032504902492 0.0 0.0 0.0 1.0 0.0 0.0 20.0 0.0
3285.006482703879 0.0 0.0 0.0 1.0 0.0 0.0 20.0 0.0
3286.009183424713 0.0 0.0 0.0 1.0 0.0 0.0 20.0 0.0
3287.009183424713 0.0 0.0 0.0 1.0 0.0 0.0 20.0 0.0
3288.002035304945 0.0 0.0 0.0 1.0 0.0 0.0 20.0 0.0
3289.002684208729 0.0 0.0 0.0 1.0 0.0 0.0 20.0 0.0
3290.0020371517344 0.0 0.0 0.0 1.0 0.0 0.0 20.0 0.0
3291.009183424713 0.0 0.0 0.0 1.0 0.0 0.0 20.0 0.0
3292.0063049757864 0.0 0.0 0.0 1.0 0.0 0.0 20.0 0.0
3293.0031821164785 0.0 0.0 0.0 1.0 0.0 0.0 20.0 0.0
3294.0003752345424 0.0 0.0 0.0 1.0 0.0 0.0 20.0 0.0
3295.005580008462 0.0 0.0 0.0 1.0 0.0 0.0 20.0 0.0
3296.0075277396977 0.0 0.0 0.0 1.0 0.0 0.0 20.0 0.0
3297.002039524066 0.0 0.0 0.0 1.0 0.0 0.0 20.0 0.0
3298.0051459237648 0.0 0.0 0.0 1.0 0.0 0.0 20.0 0.0
3299.006175744756 0.0 0.0 0.0 1.0 0.0 0.0 20.0 0.0
3300.0000092717587 0.0 0.0 0.0 1.0 0.0 0.0 20.0 0.0
3301.002477242359 0.0 0.0 0.0 1.0 0.0 0.0 20.0 0.0
3302.009183424713 0.0 0.0 0.0 1.0 0.0 0.0 20.0 0.0
3303.0085315112256 0.0 0.0 0.0 1.0 0.0 0.0 20.0 0.0
3304.0025814483247 0.0 0.0 0.0 1.0 0.0 0.0 20.0 0.0
3305.0023415185656 0.0 0.0 0.0 1.0 0.0 0.0 20.0 0.0
3306.0054706484366 0.0 0.0 0.0 1.0 0.0 0.0 20.0 0.0
3307.009183424713 0.0 0.0 0.0 1.0 0.0 0.0 20.0 0.0
3308.0007139796867 0.0 0.0 0.0 1.0 0.0 0.0 20.0 0.0
3309.004777908037 0.0 0.0 0.0 1.0 0.0 0.0 20.0 0.0
3310.0039314716832 0.0 0.0 0.0 1.0 0.0 0.0 20.0 0.0
3311.0030134568424 0.0 0.0 0.0 1.0 0.0 0.0 20.0 0.0
3312.0053757007354 0.0 0.0 0.0 1.0 0.0 0.0 20.0 0.0
3313.009183424713 0.0 0.0 0.0 1.0 0.0 0.0 20.0 0.0
3314.008886553442 0.0 0.0 0.0 1.0 0.0 0.0 20.0 0.0
3315.0035319729104 0.0 0.0 0.0 1.0 0.0 0.0 20.0 0.0
3316.0068407061185 0.0 0.0 0.0 1.0 0.0 0.0 20.0 0.0
3317.0070704267932 0.0 0.0 0.0 1.0 0.0 0.0 20.0 0.0
3318.003306639505 0.0 0.0 0.0 1.0 0.0 0.0 20.0 0.0
3319.0040370702045 0.0 0.0 0.0 1.0 0.0 0.0 20.0 0.0
3320.0046570546147 0.0 0.0 0.0 1.0 0.0 0.0 20.0 0.0
3321.009183424713 0.0 0.0 0.0 1.0 0.0 0.0 20.0 0.0
3322.008191798962 0.0 0.0 0.0 1.0 0.0 0.0 20.0 0.0
3323.001148736122 0.0 0.0 0.0 1.0 0.0 0.0 20.0 0.0
3324.0042943046396 0.0 0.0 0.0 1.0 0.0 0.0 20.0 0.0
3325.0043358022926 0.0 0.0 0.0 1.0 0.0 0.0 20.0 0.0
3326.0033039629825 0.0 0.0 0.0 1.0 0.0 0.0 20.0 0.0
3327.00613415264 0.0 0.0 0.0 1.0 0.0 0.0 20.0 0.0
3328.009183424713 0.0 0.0 0.0 1.0 0.0 0.0 20.0 0.0
3329.003505052979 0.0 0.0 0.0 1.0 0.0 0.0 20.0 0.0
3330.0001834033965 0.0 0.0 0.0 1.0 0.0 0.0 20.0 0.0
3331.0071714581754 0.0 0.0 0.0 1.0 0.0 0.0 20.0 0.0
3332.009183424713 0.0 0.0 0.0 1.0 0.0 0.0 20.0 0.0
3333.009183424713 0.0 0.0 0.0 1.0 0.0 0.0 20.0 0.0
3334.0057165953813 0.0 0.0 0.0 1.0 0.0 0.0 20.0 0.0
3335.0031701717357 0.0 0.0 0.0 1.0 0.0 0.0 20.0 0.0
3336.00169541668 0.0 0.0 0.0 1.0 0.0 0.0 20.0 0.0
3337.009183424713 0.0 0.0 0.0 1.0 0.0 0.0 20.0 0.0
3338.0026428674296 0.0 0.0 0.0 1.0 0.0 0.0 20.0 0.0
3339.0001108085276 0.0 0.0 0.0 1.0 0.0 0.0 20.0 0.0
3340.009183424713 0.0 0.0 0.0 1.0 0.0 0.0 20.0 0.0
3341.009172911824 0.0 0.0 0.0 1.0 0.0 0.0 20.0 0.0
3342.0013856132077 0.0 0.0 0.0 1.0 0.0 0.0 20.0 0.0
3343.0058213208986 0.0 0.0 0.0 1.0 0.0 0.0 20.0 0.0
3344.000789924717 0.0 0.0 0.0 1.0 0.0 0.0 20.0 0.0
3345.004412135653 0.0 0.0 0.0 1.0 0.0 0.0 20.0 0.0
3346.006364039015 0.0 0.0 0.0 1.0 0.0 0.0 20.0 0.0
3347.009183424713 0.0 0.0 0.0 1.0 0.0 0.0 20.0 0.0
3348.009183424713 0.0 0.0 0.0 1.0 0.0 0.0 20.0 0.0
3349.009183424713 0.0 0.0 0.0 1.0 0.0 0.0 20.0 0.0
3350.000898764523 0.0 0.0 0.0 1.0 0.0 0.0 20.0 0.0
3351.001476055265 0.0 0.0 0.0 1.0 0.0 0.0 20.0 0.0
3352.005991654337 0.0 0.0 0.0 1.0 0.0 0.0 20.0 0.0
3353.009183424713 0.0 0.0 0.0 1.0 0.0 0.0 20.0 0.0
3354.009183424713 0.0 0.0 0.0 1.0 0.0 0.0 20.0 0.0
3355.002900826812 0.0 0.0 0.0 1.0 0.0 0.0 20.0 0.0
3356.001143443576 0.0 0.0 0.0 1.0 0.0 0.0 20.0 0.0
3357.0089666016925 0.0 0.0 0.0 1.0 0.0 0.0 20.0 0.0
3358.009183424713 0.0 0.0 0.0 1.0 0.0 0.0 20.0 0.0
3359.0053707988027 0.0 0.0 0.0 1.0 0.0 0.0 20.0 0.0
3360.001202493852 0.0 0.0 0.0 1.0 0.0 0.0 20.0 0.0
3361.009183424713 0.0 0.0 0.0 1.0 0.0 0.0 20.0 0.0
3362.003913810613 0.0 0.0 0.0 1.0 0.0 0.0 20.0 0.0
3363.0058732690927 0.0 0.0 0.0 1.0 0.0 0.0 20.0 0.0
3364.0019054792597 0.0 0.0 0.0 1.0 0.0 0.0 20.0 0.0
3365.009183424713 0.0 0.0 0.0 1.0 0.0 0.0 20.0 0.0
3366.007812381616 0.0 0.0 0.0 1.0 0.0 0.0 20.0 0.0
3367.009183424713 0.0 0.0 0.0 1.0 0.0 0.0 20.0 0.0
3368.009183424713 0.0 0.0 0.0 1.0 0.0 0.0 20.0 0.0
3369.004515404308 0.0 0.0 0.0 1.0 0.0 0.0 20.0 0.0
3370.0021246962465 0.0 0.0 0.0 1.0 0.0 0.0 20.0 0.0
3371.009183424713 0.0 0.0 0.0 1.0 0.0 0.0 20.0 0.0
3372.0009148483196 0.0 0.0 0.0 1.0 0.0 0.0 20.0 0.0
3373.009183424713 0.0 0.0 0.0 1.0 0.0 0.0 20.0 0.0
3374.003455752673 0.0 0.0 0.0 1.0 0.0 0.0 20.0 0.0
3375.009183424713 0.0 0.0 0.0 1.0 0.0 0.0 20.0 0.0
3376.007496830647 0.0 0.0 0.0 1.0 0.0 0.0 20.0 0.0
3377.009183424713 0.0 0.0 0.0 1.0 0.0 0.0 20.0 0.0
3378.0022804356354 0.0 0.0 0.0 1.0 0.0 0.0 20.0 0.0
3379.009183424713 0.0 0.0 0.0 1.0 0.0 0.0 20.0 0.0
3380.003475290896 0.0 0.0 0.0 1.0 0.0 0.0 20.0 0.0
3381.002677675965 0.0 0.0 0.0 1.0 0.0 0.0 20.0 0.0
3382.0049534949544 0.0 0.0 0.0 1.0 0.0 0.0 20.0 0.0
3383.0025811692253 0.0 0.0 0.0 1.0 0.0 0.0 20.0 0.0
3384.009183424713 0.0 0.0 0.0 1.0 0.0 0.0 20.0 0.0
3385.0073746420617 0.0 0.0 0.0 1.0 0.0 0.0 20.0 0.0
3386.0034892760245 0.0 0.0 0.0 1.0 0.0 0.0 20.0 0.0
3387.0081516267187 0.0 0.0 0.0 1.0 0.0 0.0 20.0 0.0
3388.000131923927 0.0 0.0 0.0 1.0 0.0 0.0 20.0 0.0
3389.0019310752623 0.0 0.0 0.0 1.0 0.0 0.0 20.0 0.0
3390.0055942449408 0.0 0.0 0.0 1.0 0.0 0.0 20.0 0.0
3391.0036608857276 0.0 0.0 0.0 1.0 0.0 0.0 20.0 0.0
3392.001650457235 0.0 0.0 0.0 1.0 0.0 0.0 20.0 0.0
3393.009183424713 0.0 0.0 0.0 1.0 0.0 0.0 20.0 0.0
3394.0015251902787 0.0 0.0 0.0 1.0 0.0 0.0 20.0 0.0
3395.0062333482174 0.0 0.0 0.0 1.0 0.0 0.0 20.0 0.0
3396.006351546637 0.0 0.0 0.0 1.0 0.0 0.0 20.0 0.0
3397.007321726624 0.0 0.0 0.0 1.0 0.0 0.0 20.0 0.0
3398.000546823264 0.0 0.0 0.0 1.0 0.0 0.0 20.0 0.0
3399.005790332461 0.0 0.0 0.0 1.0 0.0 0.0 20.0 0.0
3400.009183424713 0.0 0.0 0.0 1.0 0.0 0.0 20.0 0.0
3401.004082539528 0.0 0.0 0.0 1.0 0.0 0.0 20.0 0.0
3402.009183424713 0.0 0.0 0.0 1.0 0.0 0.0 20.0 0.0
3403.0066236620532 0.0 0.0 0.0 1.0 0.0 0.0 20.0 0.0
3404.001235924949 0.0 0.0 0.0 1.0 0.0 0.0 20.0 0.0
3405.009183424713 0.0 0.0 0.0 1.0 0.0 0.0 20.0 0.0
3406.0006222711568 0.0 0.0 0.0 1.0 0.0 0.0 20.0 0.0
3407.009183424713 0.0 0.0 0.0 1.0 0.0 0.0 20.0 0.0
3408.0008322253275 0.0 0.0 0.0 1.0 0.0 0.0 20.0 0.0
3409.009183424713 0.0 0.0 0.0 1.0 0.0 0.0 20.0 0.0
3410.004353600803 0.0 0.0 0.0 1.0 0.0 0.0 20.0 0.0
3411.002118289423 0.0 0.0 0.0 1.0 0.0 0.0 20.0 0.0
3412.007252019351 0.0 0.0 0.0 1.0 0.0 0.0 20.0 0.0
3413.0066712369166 0.0 0.0 0.0 1.0 0.0 0.0 20.0 0.0
3414.009183424713 0.0 0.0 0.0 1.0 0.0 0.0 20.0 0.0
3415.0010822059517 0.0 0.0 0.0 1.0 0.0 0.0 20.0 0.0
3416.009183424713 0.0 0.0 0.0 1.0 0.0 0.0 20.0 0.0
3417.002918620066 0.0 0.0 0.0 1.0 0.0 0.0 20.0 0.0
3418.006628012576 0.0 0.0 0.0 1.0 0.0 0.0 20.0 0.0
3419.001589945489 0.0 0.0 0.0 1.0 0.0 0.0 20.0 0.0
3420.009183424713 0.0 0.0 0.0 1.0 0.0 0.0 20.0 0.0
3421.0051192193478 0.0 0.0 0.0 1.0 0.0 0.0 20.0 0.0
3422.0012647657395 0.0 0.0 0.0 1.0 0.0 0.0 20.0 0.0
3423.005689056866 0.0 0.0 0.0 1.0 0.0 0.0 20.0 0.0
3424.0043040827627 0.0 0.0 0.0 1.0 0.0 0.0 20.0 0.0
3425.0033799125813 0.0 0.0 0.0 1.0 0.0 0.0 20.0 0.0
3426.0003242516004 0.0 0.0 0.0 1.0 0.0 0.0 20.0 0.0
3427.009183424713 0.0 0.0 0.0 1.0 0.0 0.0 20.0 0.0
3428.0032600550194 0.0 0.0 0.0 1.0 0.0 0.0 20.0 0.0
3429.0045779093275 0.0 0.0 0.0 1.0 0.0 0.0 20.0 0.0
3430.0013903390563 0.0 0.0 0.0 1.0 0.0 0.0 20.0 0.0
3431.00185091373 0.0 0.0 0.0 1.0 0.0 0.0 20.0 0.0
3432.009183424713 0.0 0.0 0.0 1.0 0.0 0.0 20.0 0.0
3433.004206847361 0.0 0.0 0.0 1.0 0.0 0.0 20.0 0.0
3434.001226302138 0.0 0.0 0.0 1.0 0.0 0.0 20.0 0.0
3435.009183424713 0.0 0.0 0.0 1.0 0.0 0.0 20.0 0.0
3436.00593688456 0.0 0.0 0.0 1.0 0.0 0.0 20.0 0.0
3437.001908440701 0.0 0.0 0.0 1.0 0.0 0.0 20.0 0.0
3438.005410945516 0.0 0.0 0.0 1.0 0.0 0.0 20.0 0.0
3439.006470928949 0.0 0.0 0.0 1.0 0.0 0.0 20.0 0.0
3440.0074552889205 0.0 0.0 0.0 1.0 0.0 0.0 20.0 0.0
3441.0008160484695 0.0 0.0 0.0 1.0 0.0 0.0 20.0 0.0
3442.0046139459278 0.0 0.0 0.0 1.0 0.0 0.0 20.0 0.0
3443.005660902116 0.0 0.0 0.0 1.0 0.0 0.0 20.0 0.0
3444.001795049806 0.0 0.0 0.0 1.0 0.0 0.0 20.0 0.0
3445.009183424713 0.0 0.0 0.0 1.0 0.0 0.0 20.0 0.0
3446.001483798799 0.0 0.0 0.0 1.0 0.0 0.0 20.0 0.0
3447.0023976868088 0.0 0.0 0.0 1.0 0.0 0.0 20.0 0.0
3448.0008706065473 0.0 0.0 0.0 1.0 0.0 0.0 20.0 0.0
3449.009183424713 0.0 0.0 0.0 1.0 0.0 0.0 20.0 0.0
3450.002466004767 0.0 0.0 0.0 1.0 0.0 0.0 20.0 0.0
3451.0059182860427 0.0 0.0 0.0 1.0 0.0 0.0 20.0 0.0
3452.009183424713 0.0 0.0 0.0 1.0 0.0 0.0 20.0 0.0
3453.0062527234145 0.0 0.0 0.0 1.0 0.0 0.0 20.0 0.0
3454.0064184243597 0.0 0.0 0.0 1.0 0.0 0.0 20.0 0.0
3455.009183424713 0.0 0.0 0.0 1.0 0.0 0.0 20.0 0.0
3456.0084215981965 0.0 0.0 0.0 1.0 0.0 0.0 20.0 0.0
3457.0031873748717 0.0 0.0 0.0 1.0 0.0 0.0 20.0 0.0
3458.003755028072 0.0 0.0 0.0 1.0 0.0 0.0 20.0 0.0
3459.006861047446 0.0 0.0 0.0 1.0 0.0 0.0 20.0 0.0
3460.0003173848677 0.0 0.0 0.0 1.0 0.0 0.0 20.0 0.0
3461.001656632689 0.0 0.0 0.0 1.0 0.0 0.0 20.0 0.0
3462.0015059670914 0.0 0.0 0.0 1.0 0.0 0.0 20.0 0.0
3463.0039567011268 0.0 0.0 0.0 1.0 0.0 0.0 20.0 0.0
3464.0022137142655 0.0 0.0 0.0 1.0 0.0 0.0 20.0 0.0
3465.0054555893516 0.0 0.0 0.0 1.0 0.0 0.0 20.0 0.0
3466.0022963081656 0.0 0.0 0.0 1.0 0.0 0.0 20.0 0.0
3467.005915428192 0.0 0.0 0.0 1.0 0.0 0.0 20.0 0.0
3468.009183424713 0.0 0.0 0.0 1.0 0.0 0.0 20.0 0.0
3469.002942949053 0.0 0.0 0.0 1.0 0.0 0.0 20.0 0.0
3470.0086631558966 0.0 0.0 0.0 1.0 0.0 0.0 20.0 0.0
3471.009183424713 0.0 0.0 0.0 1.0 0.0 0.0 20.0 0.0
3472.009183424713 0.0 0.0 0.0 1.0 0.0 0.0 20.0 0.0
3473.009183424713 0.0 0.0 0.0 1.0 0.0 0.0 20.0 0.0
3474.0017837333635 0.0 0.0 0.0 1.0 0.0 0.0 20.0 0.0
3475.0024170692573 0.0 0.0 0.0 1.0 0.0 0.0 20.0 0.0
3476.008463038524 0.0 0.0 0.0 1.0 0.0 0.0 20.0 0.0
3477.006610757798 0.0 0.0 0.0 1.0 0.0 0.0 20.0 0.0
3478.0085682558347 0.0 0.0 0.0 1.0 0.0 0.0 20.0 0.0
3479.0031928705353 0.0 0.0 0.0 1.0 0.0 0.0 20.0 0.0
3480.003018097823 0.0 0.0 0.0 1.0 0.0 0.0 20.0 0.0
3481.003479060865 0.0 0.0 0.0 1.0 0.0 0.0 20.0 0.0
3482.009183424713 0.0 0.0 0.0 1.0 0.0 0.0 20.0 0.0
3483.009183424713 0.0 0.0 0.0 1.0 0.0 0.0 20.0 0.0
3484.0008742467394 0.0 0.0 0.0 1.0 0.0 0.0 20.0 0.0
3485.001124547508 0.0 0.0 0.0 1.0 0.0 0.0 20.0 0.0
3486.001230951328 0.0 0.0 0.0 1.0 0.0 0.0 20.0 0.0
3487.001762001783 0.0 0.0 0.0 1.0 0.0 0.0 20.0 0.0
3488.0018923040097 0.0 0.0 0.0 1.0 0.0 0.0 20.0 0.0
3489.009183424713 0.0 0.0 0.0 1.0 0.0 0.0 20.0 0.0
3490.0071473015305 0.0 0.0 0.0 1.0 0.0 0.0 20.0 0.0
3491.009183424713 0.0 0.0 0.0 1.0 0.0 0.0 20.0 0.0
3492.004723472984 0.0 0.0 0.0 1.0 0.0 0.0 20.0 0.0
3493.0049344688978 0.0 0.0 0.0 1.0 0.0 0.0 20.0 0.0
3494.0015227115045 0.0 0.0 0.0 1.0 0.0 0.0 20.0 0.0
3495.0028402005228 0.0 0.0 0.0 1.0 0.0 0.0 20.0 0.0
3496.005565125438 0.0 0.0 0.0 1.0 0.0 0.0 20.0 0.0
3497.009183424713 0.0 0.0 0.0 1.0 0.0 0.0 20.0 0.0
3498.009183424713 0.0 0.0 0.0 1.0 0.0 0.0 20.0 0.0
3499.008033519369 0.0 0.0 0.0 1.0 0.0 0.0 20.0 0.0
3500.002783519771 0.0 0.0 0.0 1.0 0.0 0.0 20.0 0.0
3501.009183424713 0.024999999999999998 0.0 0.0 0.975 0.0 1.0 20.0 0.0484472049689441
3502.009183424713 0.9125 0.0 0.0 0.08750000000000002 0.0 1.0 20.0125 0.15869565217391304
3503.0049610951087 1.0 0.0 0.0 0.0 0.0 1.0 20.86875 0.0
3504.002632834476 1.0 0.0 0.0 0.0 0.0 1.0 21.85 0.0
3505.008037952925 1.0 0.0 0.0 0.0 0.0 1.0 21.99375 0.0
3506.00016992395 1.0 0.0 0.0 0.0 0.0 1.0 22.0 0.0
3507.004870287945 1.0 0.0 0.0 0.0 0.0 1.0 22.0 0.0
3508.0087864236366 1.0 0.0 0.0 0.0 0.0 1.0 22.0 0.0
3509.009183424713 1.0 0.0 0.0 0.0 0.0 1.0 22.0 0.0
3510.002204555508 1.0 0.0 0.0 0.0 0.0 1.0 22.0 0.0
3511.0060696465152 1.0 0.0 0.0 0.0 0.0 1.0 22.0 0.0
3512.001382629123 1.0 0.0 0.0 0.0 0.0 1.0 22.0 0.0
3513.0007726752224 1.0 0.0 0.0 0.0 0.0 1.0 22.0 0.0
3514.0078304564427 1.0 0.0 0.0 0.0 0.0 1.0 22.0 0.0
3515.009183424713 1.0 0.0 0.0 0.0 0.0 1.0 22.0 0.0
3516.009183424713 1.0 0.0 0.0 0.0 0.0 1.0 22.0 0.0
3517.009183424713 1.0 0.0 0.0 0.0 0.0 1.0 22.0 0.0
3518.0028523880164 1.0 0.0 0.0 0.0 0.0 1.0 22.0 0.0
3519.0012089528727 1.0 0.0 0.0 0.0 0.0 1.0 22.0 0.0
3520.0016480854133 1.0 0.0 0.0 0.0 0.0 1.0 22.0 0.0
3521.0029220256033 1.0 0.0 0.0 0.0 0.0 1.0 22.0 0.0
3522.009183424713 1.0 0.0 0.0 0.0 0.0 1.0 22.0 0.0
3523.0035254442023 1.0 0.0 0.0 0.0 0.0 1.0 22.0 0.0
3524.003898535624 1.0 0.0 0.0 0.0 0.0 1.0 22.0 0.0
3525.0028623471994 1.0 0.0 0.0 0.0 0.0 1.0 22.0 0.0
3526.009183424713 1.0 0.0 0.0 0.0 0.0 1.0 22.0 0.0
3527.0001755743656 1.0 0.0 0.0 0.0 0.0 1.0 22.0 0.0
3528.0009389788393 1.0 0.0 0.0 0.0 0.0 1.0 22.0 0.0
3529.0076617918176 1.0 0.0 0.0 0.0 0.0 1.0 22.0 0.0
3530.009183424713 1.0 0.0 0.0 0.0 0.0 1.0 22.0 0.0
3531.009183424713 1.0 0.0 0.0 0.0 0.0 1.0 22.0 0.0
3532.0037021245976 1.0 0.0 0.0 0.0 0.0 1.0 22.0 0.0
3533.002859622101 1.0 0.0 0.0 0.0 0.0 1.0 22.0 0.0
3534.009183424713 1.0 0.0 0.0 0.0 0.0 1.0 22.0 0.0
3535.000537308257 1.0 0.0 0.0 0.0 0.0 1.0 22.0 0.0
3536.009183424713 1.0 0.0 0.0 0.0 0.0 1.0 22.0 0.0
3537.00215177401 1.0 0.0 0.0 0.0 0.0 1.0 22.0 0.0
3538.0009683867675 1.0 0.0 0.0 0.0 0.0 1.0 22.0 0.0
3539.0012461677134 1.0 0.0 0.0 0.0 0.0 1.0 22.0 0.0
3540.0019357082856 1.0 0.0 0.0 0.0 0.0 1.0 22.0 0.0
3541.0076099805424 1.0 0.0 0.0 0.0 0.0 1.0 22.0 0.0
3542.0001144878524 1.0 0.0 0.0 0.0 0.0 1.0 22.0 0.0
3543.009183424713 1.0 0.0 0.0 0.0 0.0 1.0 22.0 0.0
3544.0009439622777 1.0 0.0 0.0 0.0 0.0 1.0 22.0 0.0
3545.0005784900495 1.0 0.0 0.0 0.0 0.0 1.0 22.0 0.0
3546.0072349345055 1.0 0.0 0.0 0.0 0.0 1.0 22.0 0.0
3547.0087744670764 1.0 0.0 0.0 0.0 0.0 1.0 22.0 0.0
3548.0026570343675 1.0 0.0 0.0 0.0 0.0 1.0 22.0 0.0
3549.0072414132705 1.0 0.0 0.0 0.0 0.0 1.0 22.0 0.0
3550.005067074077 1.0 0.0 0.0 0.0 0.0 1.0 22.0 0.0
3551.00492252673 1.0 0.0 0.0 0.0 0.0 1.0 22.0 0.0
3552.003523035809 1.0 0.0 0.0 0.0 0.0 1.0 22.0 0.0
3553.0037432409845 1.0 0.0 0.0 0.0 0.0 1.0 22.0 0.0
3554.009183424713 1.0 0.0 0.0 0.0 0.0 1.0 22.0 0.0
3555.0089062815787 1.0 0.0 0.0 0.0 0.0 1.0 22.0 0.0
3556.0052748037706 1.0 0.0 0.0 0.0 0.0 1.0 22.0 0.0
3557.009183424713 1.0 0.0 0.0 0.0 0.0 1.0 22.0 0.0
3558.0065476131185 1.0 0.0 0.0 0.0 0.0 1.0 22.0 0.0
3559.001110447725 1.0 0.0 0.0 0.0 0.0 1.0 22.0 0.0
3560.005552123137 1.0 0.0 0.0 0.0 0.0 1.0 22.0 0.0
3561.007168020082 1.0 0.0 0.0 0.0 0.0 1.0 22.0 0.0
3562.009183424713 1.0 0.0 0.0 0.0 0.0 1.0 22.0 0.0
3563.0069568305926 1.0 0.0 0.0 0.0 0.0 1.0 22.0 0.0
3564.009183424713 1.0 0.0 0.0 0.0 0.0 1.0 22.0 0.0
3565.009183424713 1.0 0.0 0.0 0.0 0.0 1.0 22.0 0.0
3566.009183424713 1.0 0.0 0.0 0.0 0.0 1.0 22.0 0.0
3567.0072477162043 1.0 0.0 0.0 0.0 0.0 1.0 22.0 0.0
3568.0056375636955 1.0 0.0 0.0 0.0 0.0 1.0 22.0 0.0
3569.009183424713 1.0 0.0 0.0 0.0 0.0 1.0 22.0 0.0
3570.009183424713 1.0 0.0 0.0 0.0 0.0 1.0 22.0 0.0
3571.0084788605227 1.0 0.0 0.0 0.0 0.0 1.0 22.0 0.0
3572.0039034309248 1.0 0.0 0.0 0.0 0.0 1.0 22.0 0.0
3573.002576029322 1.0 0.0 0.0 0.0 0.0 1.0 22.0 0.0
3574.0006301199155 1.0 0.0 0.0 0.0 0.0 1.0 22.0 0.0
3575.009183424713 1.0 0.0 0.0 0.0 0.0 1.0 22.0 0.0
3576.0010658558544 1.0 0.0 0.0 0.0 0.0 1.0 22.0 0.0
3577.002610721418 1.0 0.0 0.0 0.0 0.0 1.0 22.0 0.0
3578.0049381467534 1.0 0.0 0.0 0.0 0.0 1.0 22.0 0.0
3579.009183424713 1.0 0.0 0.0 0.0 0.0 1.0 22.0 0.0
3580.009183424713 1.0 0.0 0.0 0.0 0.0 1.0 22.0 0.0
3581.0034685028886 1.0 0.0 0.0 0.0 0.0 1.0 22.0 0.0
3582.009183424713 1.0 0.0 0.0 0.0 0.0 1.0 22.0 0.0
3583.009183424713 1.0 0.0 0.0 0.0 0.0 1.0 22.0 0.0
3584.0016679164996 1.0 0.0 0.0 0.0 0.0 1.0 22.0 0.0
3585.003631314759 1.0 0.0 0.0 0.0 0.0 1.0 22.0 0.0
3586.009183424713 1.0 0.0 0.0 0.0 0.0 1.0 22.0 0.0
3587.0062080764856 1.0 0.0 0.0 0.0 0.0 1.0 22.0 0.0
3588.001571929271 1.0 0.0 0.0 0.0 0.0 1.0 22.0 0.0
3589.009183424713 1.0 0.0 0.0 0.0 0.0 1.0 22.0 0.0
3590.0054137906764 1.0 0.0 0.0 0.0 0.0 1.0 22.0 0.0
3591.002811239897 1.0 0.0 0.0 0.0 0.0 1.0 22.0 0.0
3592.009183424713 1.0 0.0 0.0 0.0 0.0 1.0 22.0 0.0
3593.0020848019485 1.0 0.0 0.0 0.0 0.0 1.0 22.0 0.0
3594.009183424713 1.0 0.0 0.0 0.0 0.0 1.0 22.0 0.0
3595.009183424713 1.0 0.0 0.0 0.0 0.0 1.0 22.0 0.0
3596.0055080104617 1.0 0.0 0.0 0.0 0.0 1.0 22.0 0.0
3597.009183424713 1.0 0.0 0.0 0.0 0.0 1.0 22.0 0.0
3598.009183424713 1.0 0.0 0.0 0.0 0.0 1.0 22.0 0.0
3599.009183424713 1.0 0.0 0.0 0.0 0.0 1.0 22.0 0.0
3600.0005613666067 1.0 0.0 0.0 0.0 0.0 1.0 22.0 0.0
3601.0012676554497 0.99375 0.0 0.00625000000000001 0.0 0.0 1.0 22.0 0.01234472049689441
3602.002061982136 0.375 0.0 0.625 0.0 0.0 1.0 22.00625 0.4658385093167702
3603.009183424713 0.006250000000000011 0.0 0.99375 0.0 0.0 1.0 22.5875 0.01234472049689441
3604.009183424713 0.0 0.0 1.0 0.0 0.0 1.0 23.71875 0.0
3605.004129622073 0.0 0.0 1.0 0.0 0.0 1.0 23.98125 0.0
3606.009183424713 0.0 0.0 1.0 0.0 0.0 1.0 23.99375 0.0
3607.003429516008 0.0 0.0 1.0 0.0 0.0 1.0 24.0 0.0
3608.0001626961503 0.0 0.0 1.0 0.0 0.0 1.0 24.0 0.0
3609.0002022625326 0.0 0.0 1.0 0.0 0.0 1.0 24.0 0.0
3610.009183424713 0.0 0.0 1.0 0.0 0.0 1.0 24.0 0.0
3611.009183424713 0.0 0.0 1.0 0.0 0.0 1.0 24.0 0.0
3612.009183424713 0.0 0.0 1.0 0.0 0.0 1.0 24.0 0.0
3613.009183424713 0.0 0.0 1.0 0.0 0.0 1.0 24.0 0.0
3614.0038994035567 0.0 0.0 1.0 0.0 0.0 1.0 24.0 0.0
3615.005550080097 0.0 0.0 1.0 0.0 0.0 1.0 24.0 0.0
3616.0037453755167 0.0 0.0 1.0 0.0 0.0 1.0 24.0 0.0
3617.008745588911 0.0 0.0 1.0 0.0 0.0 1.0 24.0 0.0
3618.000483155309 0.0 0.0 1.0 0.0 0.0 1.0 24.0 0.0
3619.0090746477963 0.0 0.0 1.0 0.0 0.0 1.0 24.0 0.0
3620.0003673422284 0.0 0.0 1.0 0.0 0.0 1.0 24.0 0.0
3621.0054664411477 0.0 0.0 1.0 0.0 0.0 1.0 24.0 0.0
3622.0073895386745 0.0 0.0 1.0 0.0 0.0 1.0 24.0 0.0
3623.0016914734515 0.0 0.0 1.0 0.0 0.0 1.0 24.0 0.0
3624.0065180346974 0.0 0.0 1.0 0.0 0.0 1.0 24.0 0.0
3625.0031313920367 0.0 0.0 1.0 0.0 0.0 1.0 24.0 0.0
3626.009183424713 0.0 0.0 1.0 0.0 0.0 1.0 24.0 0.0
3627.0015348462666 0.0 0.0 1.0 0.0 0.0 1.0 24.0 0.0
3628.009183424713 0.0 0.0 1.0 0.0 0.0 1.0 24.0 0.0
3629.009183424713 0.0 0.0 1.0 0.0 0.0 1.0 24.0 0.0
3630.009183424713 0.0 0.0 1.0 0.0 0.0 1.0 24.0 0.0
3631.009183424713 0.0 0.0 1.0 0.0 0.0 1.0 24.0 0.0
3632.000739372575 0.0 0.0 1.0 0.0 0.0 1.0 24.0 0.0
3633.007680668045 0.0 0.0 1.0 0.0 0.0 1.0 24.0 0.0
3634.0020720064213 0.0 0.0 1.0 0.0 0.0 1.0 24.0 0.0
3635.009183424713 0.0 0.0 1.0 0.0 0.0 1.0 24.0 0.0
3636.0053017513833 0.0 0.0 1.0 0.0 0.0 1.0 24.0 0.0
3637.004976221353 0.0 0.0 1.0 0.0 0.0 1.0 24.0 0.0
3638.009183424713 0.0 0.0 1.0 0.0 0.0 1.0 24.0 0.0
3639.009089528396 0.0 0.0 1.0 0.0 0.0 1.0 24.0 0.0
3640.002362455955 0.0 0.0 1.0 0.0 0.0 1.0 24.0 0.0
3641.0020633750855 0.0 0.0 1.0 0.0 0.0 1.0 24.0 0.0
3642.0089296475708 0.0 0.0 1.0 0.0 0.0 1.0 24.0 0.0
3643.0015407576366 0.0 0.0 1.0 0.0 0.0 1.0 24.0 0.0
3644.009183424713 0.0 0.0 1.0 0.0 0.0 1.0 24.0 0.0
3645.009183424713 0.0 0.0 1.0 0.0 0.0 1.0 24.0 0.0
3646.007852227362 0.0 0.0 1.0 0.0 0.0 1.0 24.0 0.0
3647.009183424713 0.0 0.0 1.0 0.0 0.0 1.0 24.0 0.0
3648.009183424713 0.0 0.0 1.0 0.0 0.0 1.0 24.0 0.0
3649.0062296048377 0.0 0.0 1.0 0.0 0.0 1.0 24.0 0.0
3650.00721293891 0.0 0.0 1.0 0.0 0.0 1.0 24.0 0.0
3651.009183424713 0.0 0.0 1.0 0.0 0.0 1.0 24.0 0.0
3652.0021813595695 0.0 0.0 1.0 0.0 0.0 1.0 24.0 0.0
3653.003243328422 0.0 0.0 1.0 0.0 0.0 1.0 24.0 0.0
3654.0081854300533 0.0 0.0 1.0 0.0 0.0 1.0 24.0 0.0
3655.002476762353 0.0 0.0 1.0 0.0 0.0 1.0 24.0 0.0
3656.009183424713 0.0 0.0 1.0 0.0 0.0 1.0 24.0 0.0
3657.003599778596 0.0 0.0 1.0 0.0 0.0 1.0 24.0 0.0
3658.008265430246 0.0 0.0 1.0 0.0 0.0 1.0 24.0 0.0
3659.0050126300002 0.0 0.0 1.0 0.0 0.0 1.0 24.0 0.0
3660.0068620143725 0.0 0.0 1.0 0.0 0.0 1.0 24.0 0.0
3661.0065648643554 0.0 0.0 1.0 0.0 0.0 1.0 24.0 0.0
3662.002247507919 0.0 0.0 1.0 0.0 0.0 1.0 24.0 0.0
3663.009183424713 0.0 0.0 1.0 0.0 0.0 1.0 24.0 0.0
3664.0051452519524 0.0 0.0 1.0 0.0 0.0 1.0 24.0 0.0
3665.00739368011 0.0 0.0 1.0 0.0 0.0 1.0 24.0 0.0
3666.009183424713 0.0 0.0 1.0 0.0 0.0 1.0 24.0 0.0
3667.002183559605 0.0 0.0 1.0 0.0 0.0 1.0 24.0 0.0
3668.0008720475016 0.0 0.0 1.0 0.0 0.0 1.0 24.0 0.0
3669.009183424713 0.0 0.0 1.0 0.0 0.0 1.0 24.0 0.0
3670.009183424713 0.0 0.0 1.0 0.0 0.0 1.0 24.0 0.0
3671.0032632468206 0.0 0.0 1.0 0.0 0.0 1.0 24.0 0.0
3672.0076137133383 0.0 0.0 1.0 0.0 0.0 1.0 24.0 0.0
3673.009183424713 0.0 0.0 1.0 0.0 0.0 1.0 24.0 0.0
3674.009183424713 0.0 0.0 1.0 0.0 0.0 1.0 24.0 0.0
3675.009183424713 0.0 0.0 1.0 0.0 0.0 1.0 24.0 0.0
3676.009183424713 0.0 0.0 1.0 0.0 0.0 1.0 24.0 0.0
3677.009183424713 0.0 0.0 1.0 0.0 0.0 1.0 24.0 0.0
3678.009183424713 0.0 0.0 1.0 0.0 0.0 1.0 24.0 0.0
3679.0010977928923 0.0 0.0 1.0 0.0 0.0 1.0 24.0 0.0
3680.009183424713 0.0 0.0 1.0 0.0 0.0 1.0 24.0 0.0
3681.002592346982 0.0 0.0 1.0 0.0 0.0 1.0 24.0 0.0
3682.007069548552 0.0 0.0 1.0 0.0 0.0 1.0 24.0 0.0
3683.009183424713 0.0 0.0 1.0 0.0 0.0 1.0 24.0 0.0
3684.0032031180676 0.0 0.0 1.0 0.0 0.0 1.0 24.0 0.0
3685.003460921631 0.0 0.0 1.0 0.0 0.0 1.0 24.0 0.0
3686.003202610087 0.0 0.0 1.0 0.0 0.0 1.0 24.0 0.0
3687.004865537414 0.0 0.0 1.0 0.0 0.0 1.0 24.0 0.0
3688.009183424713 0.0 0.0 1.0 0.0 0.0 1.0 24.0 0.0
3689.001440629921 0.0 0.0 1.0 0.0 0.0 1.0 24.0 0.0
3690.002137685769 0.0 0.0 1.0 0.0 0.0 1.0 24.0 0.0
3691.00430041973 0.0 0.0 1.0 0.0 0.0 1.0 24.0 0.0
3692.009183424713 0.0 0.0 1.0 0.0 0.0 1.0 24.0 0.0
3693.0051593706203 0.0 0.0 1.0 0.0 0.0 1.0 24.0 0.0
3694.009183424713 0.0 0.0 1.0 0.0 0.0 1.0 24.0 0.0
3695.007709984396 0.0 0.0 1.0 0.0 0.0 1.0 24.0 0.0
3696.007611068235 0.0 0.0 1.0 0.0 0.0 1.0 24.0 0.0
3697.000195822584 0.0 0.0 1.0 0.0 0.0 1.0 24.0 0.0
3698.006792586662 0.0 0.0 1.0 0.0 0.0 1.0 24.0 0.0
3699.0037898534633 0.0 0.0 1.0 0.0 0.0 1.0 24.0 0.0
3700.009183424713 0.0 0.0 1.0 0.0 0.0 1.0 24.0 0.0
3701.00402439579 0.0 0.0 1.0 0.0 0.0 1.0 24.0 0.0
3702.0056369966 0.0 0.0 1.0 0.0 0.0 1.0 24.0 0.0
3703.004617479064 0.0 0.0 1.0 0.0 0.0 1.0 24.0 0.0
3704.003291181634 0.0 0.0 1.0 0.0 0.0 1.0 24.0 0.0
3705.0059407349418 0.0 0.0 1.0 0.0 0.0 1.0 24.0 0.0
3706.0070848028768 0.0 0.0 1.0 0.0 0.0 1.0 24.0 0.0
3707.009183424713 0.0 0.0 0.95625 0.043749999999999976 0.0 0.0 24.0 0.08315217391304348
3708.009183424713 0.0 0.0 0.125 0.875 0.0 0.0 24.03125 0.21739130434782608
3709.0017260765594 0.0 0.0 0.0 1.0 0.0 0.0 24.925 0.0
3710.007795903549 0.0 0.0 0.0 1.0 0.0 0.0 25.9125 0.0
3711.009183424713 0.0 0.0 0.0 1.0 0.0 0.0 26.0 0.0
3712.006949488944 0.0 0.0 0.0 1.0 0.0 0.0 26.0 0.0
3713.002159469249 0.0 0.0 0.0 1.0 0.0 0.0 26.0 0.0
3714.000122017828 0.0 0.0 0.0 1.0 0.0 0.0 26.0 0.0
3715.000928065693 0.0 0.0 0.0 1.0 0.0 0.0 26.0 0.0
3716.0066925421515 0.0 0.0 0.0 1.0 0.0 0.0 26.0 0.0
3717.0049339386437 0.0 0.0 0.0 1.0 0.0 0.0 26.0 0.0
3718.002989052879 0.0 0.0 0.0 1.0 0.0 0.0 26.0 0.0
3719.007872511783 0.0 0.0 0.0 1.0 0.0 0.0 26.0 0.0
3720.0052353503943 0.0 0.0 0.0 1.0 0.0 0.0 26.0 0.0
3721.0069626304844 0.0 0.0 0.0 1.0 0.0 0.0 26.0 0.0
3722.003178283353 0.0 0.0 0.0 1.0 0.0 0.0 26.0 0.0
3723.009183424713 0.0 0.0 0.0 1.0 0.0 0.0 26.0 0.0
3724.0022765021595 0.0 0.0 0.0 1.0 0.0 0.0 26.0 0.0
3725.0020452498934 0.0 0.0 0.0 1.0 0.0 0.0 26.0 0.0
3726.0029092128607 0.0 0.0 0.0 1.0 0.0 0.0 26.0 0.0
3727.009183424713 0.0 0.0 0.0 1.0 0.0 0.0 26.0 0.0
3728.001453980931 0.0 0.0 0.0 1.0 0.0 0.0 26.0 0.0
3729.009183424713 0.0 0.0 0.0 1.0 0.0 0.0 26.0 0.0
3730.009183424713 0.0 0.0 0.0 1.0 0.0 0.0 26.0 0.0
3731.009183424713 0.0 0.0 0.0 1.0 0.0 0.0 26.0 0.0
3732.009183424713 0.0 0.0 0.0 1.0 0.0 0.0 26.0 0.0
3733.0006687799623 0.0 0.0 0.0 1.0 0.0 0.0 26.0 0.0
3734.009183424713 0.0 0.0 0.0 1.0 0.0 0.0 26.0 0.0
3735.0033386139266 0.0 0.0 0.0 1.0 0.0 0.0 26.0 0.0
3736.0069065623697 0.0 0.0 0.0 1.0 0.0 0.0 26.0 0.0
3737.009183424713 0.0 0.0 0.0 1.0 0.0 0.0 26.0 0.0
3738.000566508279 0.0 0.0 0.0 1.0 0.0 0.0 26.0 0.0
3739.009183424713 0.0 0.0 0.0 1.0 0.0 0.0 26.0 0.0
3740.0065839192694 0.0 0.0 0.0 1.0 0.0 0.0 26.0 0.0
3741.0062975908 0.0 0.0 0.0 1.0 0.0 0.0 26.0 0.0
3742.0006620704344 0.0 0.0 0.0 1.0 0.0 0.0 26.0 0.0
3743.0086472333232 0.0 0.0 0.0 1.0 0.0 0.0 26.0 0.0
3744.009183424713 0.0 0.0 0.0 1.0 0.0 0.0 26.0 0.0
3745.004398606273 0.0 0.0 0.0 1.0 0.0 0.0 26.0 0.0
3746.0018165839506 0.0 0.0 0.0 1.0 0.0 0.0 26.0 0.0
3747.0068926238437 0.0 0.0 0.0 1.0 0.0 0.0 26.0 0.0
3748.0074220563874 0.0 0.0 0.0 1.0 0.0 0.0 26.0 0.0
3749.009183424713 0.0 0.0 0.0 1.0 0.0 0.0 26.0 0.0
3750.000756229905 0.0 0.0 0.0 1.0 0.0 0.0 26.0 0.0
3751.000993715982 0.0 0.0 0.0 1.0 0.0 0.0 26.0 0.0
3752.0011550795375 0.0 0.0 0.0 1.0 0.0 0.0 26.0 0.0
3753.006297961976 0.0 0.0 0.0 1.0 0.0 0.0 26.0 0.0
3754.009183424713 0.0 0.0 0.0 1.0 0.0 0.0 26.0 0.0
3755.002859332927 0.0 0.0 0.0 1.0 0.0 0.0 26.0 0.0
3756.0059442528427 0.0 0.0 0.0 1.0 0.0 0.0 26.0 0.0
3757.0070759389237 0.0 0.0 0.0 1.0 0.0 0.0 26.0 0.0
3758.0064901696414 0.0 0.0 0.0 1.0 0.0 0.0 26.0 0.0
3759.009183424713 0.0 0.0 0.0 1.0 0.0 0.0 26.0 0.0
3760.000262509058 0.0 0.0 0.0 1.0 0.0 0.0 26.0 0.0
3761.0077795617317 0.0 0.0 0.0 1.0 0.0 0.0 26.0 0.0
3762.000974170585 0.0 0.0 0.0 1.0 0.0 0.0 26.0 0.0
3763.003913752864 0.0 0.0 0.0 1.0 0.0 0.0 26.0 0.0
3764.009183424713 0.0 0.0 0.0 1.0 0.0 0.0 26.0 0.0
3765.009183424713 0.0 0.0 0.0 1.0 0.0 0.0 26.0 0.0
3766.001710556327 0.0 0.0 0.0 1.0 0.0 0.0 26.0 0.0
3767.0051947439943 0.0 0.0 0.0 1.0 0.0 0.0 26.0 0.0
3768.0061266046646 0.0 0.0 0.0 1.0 0.0 0.0 26.0 0.0
3769.0060553148264 0.0 0.0 0.0 1.0 0.0 0.0 26.0 0.0
3770.0054319631395 0.0 0.0 0.0 1.0 0.0 0.0 26.0 0.0
3771.0033202107984 0.0 0.0 0.0 1.0 0.0 0.0 26.0 0.0
3772.0044312806176 0.0 0.0 0.0 1.0 0.0 0.0 26.0 0.0
3773.007441316888 0.0 0.0 0.0 1.0 0.0 0.0 26.0 0.0
3774.0061616184958 0.0 0.0 0.0 1.0 0.0 0.0 26.0 0.0
3775.0012264387815 0.0 0.0 0.0 1.0 0.0 0.0 26.0 0.0
3776.009183424713 0.0 0.0 0.0 1.0 0.0 0.0 26.0 0.0
3777.0082491138755 0.0 0.0 0.0 1.0 0.0 0.0 26.0 0.0
3778.0003366559354 0.0 0.0 0.0 1.0 0.0 0.0 26.0 0.0
3779.0005196102484 0.0 0.0 0.0 1.0 0.0 0.0 26.0 0.0
3780.002743954194 0.0 0.0 0.0 1.0 0.0 0.0 26.0 0.0
3781.009183424713 0.0 0.0 0.0 1.0 0.0 0.0 26.0 0.0
3782.009183424713 0.0 0.0 0.0 1.0 0.0 0.0 26.0 0.0
3783.002347963939 0.0 0.0 0.0 1.0 0.0 0.0 26.0 0.0
3784.009183424713 0.0 0.0 0.0 1.0 0.0 0.0 26.0 0.0
3785.0030269102763 0.0 0.0 0.0 1.0 0.0 0.0 26.0 0.0
3786.006076557457 0.0 0.0 0.0 1.0 0.0 0.0 26.0 0.0
3787.0088886829294 0.0 0.0 0.0 1.0 0.0 0.0 26.0 0.0
3788.0048607394374 0.0 0.0 0.0 1.0 0.0 0.0 26.0 0.0
3789.0026774627077 0.0 0.0 0.0 1.0 0.0 0.0 26.0 0.0
3790.007915045266 0.0 0.0 0.0 1.0 0.0 0.0 26.0 0.0
3791.001178931928 0.0 0.0 0.0 1.0 0.0 0.0 26.0 0.0
3792.0007838216275 0.0 0.0 0.0 1.0 0.0 0.0 26.0 0.0
3793.0005103974386 0.0 0.0 0.0 1.0 0.0 0.0 26.0 0.0
3794.0037210393484 0.0 0.0 0.0 1.0 0.0 0.0 26.0 0.0
3795.009183424713 0.0 0.0 0.0 1.0 0.0 0.0 26.0 0.0
3796.0027863066252 0.0 0.0 0.0 1.0 0.0 0.0 26.0 0.0
3797.001736850138 0.0 0.0 0.0 1.0 0.0 0.0 26.0 0.0
3798.0051150408594 0.0 0.0 0.0 1.0 0.0 0.0 26.0 0.0
3799.0009878073975 0.0 0.0 0.0 1.0 0.0 0.0 26.0 0.0
3800.009183424713 0.0 0.0 0.0 1.0 0.0 0.0 26.0 0.0
3801.0032755529314 0.0 0.0 0.0 1.0 0.0 0.0 26.0 0.0
3802.009183424713 0.0 0.0 0.0 1.0 0.0 0.0 26.0 0.0
3803.0003584284473 0.0 0.0 0.0 1.0 0.0 0.0 26.0 0.0
3804.0037831305794 0.0 0.0 0.0 1.0 0.0 0.0 26.0 0.0
3805.009183424713 0.0 0.0 0.0 1.0 0.0 0.0 26.0 0.0
3806.009183424713 0.0 0.0 0.0 1.0 0.0 0.0 26.0 0.0
3807.009183424713 0.0 0.0 0.0 1.0 0.0 0.0 26.0 0.0
3808.0091059737233 0.0 0.0 0.0 1.0 0.0 0.0 26.0 0.0
3809.001259746139 0.0 0.0 0.0 1.0 0.0 0.0 26.0 0.0
3810.0054211443116 0.0 0.0 0.0 1.0 0.0 0.0 26.0 0.0
3811.009183424713 0.0 0.0 0.0 1.0 0.0 0.0 26.0 0.0
3812.009183424713 0.0 0.0 0.0 1.0 0.0 0.0 26.0 0.0
3813.0045614462247 0.0 0.0 0.0 1.0 0.0 0.0 26.0 0.0
3814.003052583326 0.0 0.0 0.0 1.0 0.0 0.0 26.0 0.0
3815.009183424713 0.0 0.0 0.0 1.0 0.0 0.0 26.0 0.0
3816.0085821479483 0.0 0.0 0.0 1.0 0.0 0.0 26.0 0.0
3817.0051751656733 0.0 0.0 0.0 1.0 0.0 0.0 26.0 0.0
3818.009183424713 0.0 0.0 0.0 1.0 0.0 0.0 26.0 0.0
3819.009183424713 0.0 0.0 0.0 1.0 0.0 0.0 26.0 0.0
3820.002737195629 0.0 0.0 0.0 1.0 0.0 0.0 26.0 0.0
3821.009183424713 0.0 0.0 0.0 1.0 0.0 0.0 26.0 0.0
3822.006222895022 0.0 0.0 0.0 1.0 0.0 0.0 26.0 0.0
3823.002772185276 0.0 0.0 0.0 1.0 0.0 0.0 26.0 0.0
3824.0085444680913 0.0 0.0 0.0 1.0 0.0 0.0 26.0 0.0
3825.0016450637477 0.0 0.0 0.0 1.0 0.0 0.0 26.0 0.0
3826.0021393030142 0.0 0.0 0.0 1.0 0.0 0.0 26.0 0.0
3827.006643004153 0.0 0.0 0.0 1.0 0.0 0.0 26.0 0.0
3828.009183424713 0.0 0.0 0.0 1.0 0.0 0.0 26.0 0.0
3829.009183424713 0.0 0.0 0.0 1.0 0.0 0.0 26.0 0.0
3830.009183424713 0.0 0.0 0.0 1.0 0.0 0.0 26.0 0.0
3831.0003909194515 0.0 0.0 0.0 1.0 0.0 0.0 26.0 0.0
3832.009183424713 0.0 0.0 0.0 1.0 0.0 0.0 26.0 0.0
3833.002438238057 0.0 0.0 0.0 1.0 0.0 0.0 26.0 0.0
3834.0066644914277 0.0 0.0 0.0 1.0 0.0 0.0 26.0 0.0
3835.006913562646 0.0 0.0 0.0 1.0 0.0 0.0 26.0 0.0
3836.009183424713 0.0 0.0 0.0 1.0 0.0 0.0 26.0 0.0
3837.000561834911 0.0 0.0 0.0 1.0 0.0 0.0 26.0 0.0
3838.0048565815437 0.0 0.0 0.0 1.0 0.0 0.0 26.0 0.0
3839.009183424713 0.0 0.0 0.0 1.0 0.0 0.0 26.0 0.0
3840.008420643836 0.0 0.0 0.0 1.0 0.0 0.0 26.0 0.0
3841.009183424713 0.0 0.0 0.0 1.0 0.0 0.0 26.0 0.0
3842.001350578205 0.0 0.0 0.0 1.0 0.0 0.0 26.0 0.0
3843.009183424713 0.0 0.0 0.0 1.0 0.0 0.0 26.0 0.0
3844.009183424713 0.0 0.0 0.0 1.0 0.0 0.0 26.0 0.0
3845.00289837832 0.0 0.0 0.0 1.0 0.0 0.0 26.0 0.0
3846.009088563408 0.0 0.0 0.0 1.0 0.0 0.0 26.0 0.0
3847.0079195734984 0.0 0.0 0.0 1.0 0.0 0.0 26.0 0.0
3848.00120770153 0.0 0.0 0.0 1.0 0.0 0.0 26.0 0.0
3849.003325998405 0.0 0.0 0.0 1.0 0.0 0.0 26.0 0.0
3850.0078929314714 0.0 0.0 0.0 1.0 0.0 0.0 26.0 0.0
3851.002984953548 0.0 0.0 0.0 1.0 0.0 0.0 26.0 0.0
3852.0088769369477 0.0 0.0 0.0 1.0 0.0 0.0 26.0 0.0
3853.006175085854 0.0 0.0 0.0 1.0 0.0 0.0 26.0 0.0
3854.007003371216 0.0 0.0 0.0 1.0 0.0 0.0 26.0 0.0
3855.0081944227913 0.0 0.0 0.0 1.0 0.0 0.0 26.0 0.0
3856.0052463505726 0.0 0.0 0.0 1.0 0.0 0.0 26.0 0.0
3857.000395264124 0.0 0.0 0.0 1.0 0.0 0.0 26.0 0.0
3858.0017248516215 0.0 0.0 0.0 1.0 0.0 0.0 26.0 0.0
3859.009183424713 0.0 0.0 0.0 1.0 0.0 0.0 26.0 0.0
3860.009183424713 0.0 0.0 0.0 1.0 0.0 0.0 26.0 0.0
3861.009183424713 0.0 0.0 0.0 1.0 0.0 0.0 26.0 0.0
3862.0025558703455 0.0 0.0 0.0 1.0 0.0 0.0 26.0 0.0
3863.002423224559 0.0 0.0 0.0 1.0 0.0 0.0 26.0 0.0
3864.008343204892 0.0 0.0 0.0 1.0 0.0 0.0 26.0 0.0
3865.0006407739556 0.0 0.0 0.0 1.0 0.0 0.0 26.0 0.0
3866.009183424713 0.0 0.0 0.0 1.0 0.0 0.0 26.0 0.0
3867.0081464717987 0.0 0.0 0.0 1.0 0.0 0.0 26.0 0.0
3868.002908974415 0.0 0.0 0.0 1.0 0.0 0.0 26.0 0.0
3869.002811498253 0.0 0.0 0.0 1.0 0.0 0.0 26.0 0.0
3870.0029431771773 0.0 0.0 0.0 1.0 0.0 0.0 26.0 0.0
3871.0071316479466 0.0 0.0 0.0 1.0 0.0 0.0 26.0 0.0
3872.005182554658 0.0 0.0 0.0 1.0 0.0 0.0 26.0 0.0
3873.005703064599 0.0 0.0 0.0 1.0 0.0 0.0 26.0 0.0
3874.001042882455 0.0 0.0 0.0 1.0 0.0 0.0 26.0 0.0
3875.001542956398 0.0 0.0 0.0 1.0 0.0 0.0 26.0 0.0
3876.0015291809495 0.0 0.0 0.0 1.0 0.0 0.0 26.0 0.0
3877.0080232365103 0.0 0.0 0.0 1.0 0.0 0.0 26.0 0.0
3878.009183424713 0.0 0.0 0.0 1.0 0.0 0.0 26.0 0.0
3879.007393961623 0.0 0.0 0.0 1.0 0.0 0.0 26.0 0.0
3880.009183424713 0.0 0.0 0.0 1.0 0.0 0.0 26.0 0.0
3881.0018546352803 0.0 0.0 0.0 1.0 0.0 0.0 26.0 0.0
3882.009183424713 0.0 0.0 0.0 1.0 0.0 0.0 26.0 0.0
3883.0013335997064 0.0 0.0 0.0 1.0 0.0 0.0 26.0 0.0
3884.004318008232 0.0 0.0 0.0 1.0 0.0 0.0 26.0 0.0
3885.009183424713 0.0 0.0 0.0 1.0 0.0 0.0 26.0 0.0
3886.007021026285 0.0 0.0 0.0 1.0 0.0 0.0 26.0 0.0
3887.003112187276 0.0 0.0 0.0 1.0 0.0 0.0 26.0 0.0
3888.0065031711015 0.0 0.0 0.0 1.0 0.0 0.0 26.0 0.0
3889.009183424713 0.0 0.0 0.0 1.0 0.0 0.0 26.0 0.0
3890.0000438058205 0.0 0.0 0.0 1.0 0.0 0.0 26.0 0.0
3891.000160718968 0.0 0.0 0.0 1.0 0.0 0.0 26.0 0.0
3892.009183424713 0.0 0.0 0.0 1.0 0.0 0.0 26.0 0.0
3893.009183424713 0.0 0.0 0.0 1.0 0.0 0.0 26.0 0.0
3894.0004049538347 0.0 0.0 0.0 1.0 0.0 0.0 26.0 0.0
3895.0077380667335 0.0 0.0 0.0 1.0 0.0 0.0 26.0 0.0
3896.000487267065 0.0 0.0 0.0 1.0 0.0 0.0 26.0 0.0
3897.009181467788 0.0 0.0 0.0 1.0 0.0 0.0 26.0 0.0
3898.0076900860518 0.0 0.0 0.0 1.0 0.0 0.0 26.0 0.0
3899.0044706286108 0.0 0.0 0.0 1.0 0.0 0.0 26.0 0.0
3900.0058546099776 0.0 0.0 0.0 1.0 0.0 0.0 26.0 0.0
3901.0029781657845 0.0 0.0 0.0 1.0 0.0 0.0 26.0 0.0
3902.0009416869743 0.0 0.0 0.0 1.0 0.0 0.0 26.0 0.0
3903.009183424713 0.0 0.0 0.0 1.0 0.0 0.0 26.0 0.0
3904.004847091494 0.0 0.0 0.0 1.0 0.0 0.0 26.0 0.0
3905.0005512655125 0.0 0.0 0.0 1.0 0.0 0.0 26.0 0.0
3906.0054267275486 0.0 0.0 0.0 1.0 0.0 0.0 26.0 0.0
3907.0055926461864 0.0 0.0 0.0 1.0 0.0 0.0 26.0 0.0
3908.000965528562 0.0 0.0 0.0 1.0 0.0 0.0 26.0 0.0
3909.009183424713 0.0 0.0 0.0 1.0 0.0 0.0 26.0 0.0
3910.002118414883 0.0 0.0 0.0 1.0 0.0 0.0 26.0 0.0
3911.006942612707 0.0 0.0 0.0 1.0 0.0 0.0 26.0 0.0
3912.009183424713 0.0 0.0 0.0 1.0 0.0 0.0 26.0 0.0
3913.009183424713 0.0 0.0 0.0 1.0 0.0 0.0 26.0 0.0
3914.00152188288 0.0 0.0 0.0 1.0 0.0 0.0 26.0 0.0
3915.0028467117518 0.0 0.0 0.0 1.0 0.0 0.0 26.0 0.0
3916.0073928999445 0.0 0.0 0.0 1.0 0.0 0.0 26.0 0.0
3917.0061701823347 0.0 0.0 0.0 1.0 0.0 0.0 26.0 0.0
3918.009183424713 0.0 0.0 0.0 1.0 0.0 0.0 26.0 0.0
3919.000330702318 0.0 0.0 0.0 1.0 0.0 0.0 26.0 0.0
3920.008366912596 0.0 0.0 0.0 1.0 0.0 0.0 26.0 0.0
3921.001466092124 0.0 0.0 0.0 1.0 0.0 0.0 26.0 0.0
3922.009183424713 0.0 0.0 0.0 1.0 0.0 0.0 26.0 0.0
3923.007340440832 0.0 0.0 0.0 1.0 0.0 0.0 26.0 0.0
3924.009183424713 0.0 0.0 0.0 1.0 0.0 0.0 26.0 0.0
3925.0003431543346 0.0 0.0 0.0 1.0 0.0 0.0 26.0 0.0
3926.009183424713 0.0 0.0 0.0 1.0 0.0 0.0 26.0 0.0
3927.0004341768113 0.0 0.0 0.0 1.0 0.0 0.0 26.0 0.0
3928.0054634112053 0.0 0.0 0.0 1.0 0.0 0.0 26.0 0.0
3929.009183424713 0.0 0.0 0.0 1.0 0.0 0.0 26.0 0.0
3930.009183424713 0.0 0.0 0.0 1.0 0.0 0.0 26.0 0.0
3931.003653626744 0.0 0.0 0.0 1.0 0.0 0.0 26.0 0.0
3932.000714834284 0.0 0.0 0.0 1.0 0.0 0.0 26.0 0.0
3933.0036725404684 0.0 0.0 0.0 1.0 0.0 0.0 26.0 0.0
3934.005104177951 0.0 0.0 0.0 1.0 0.0 0.0 26.0 0.0
3935.0011760270363 0.0 0.0 0.0 1.0 0.0 0.0 26.0 0.0
3936.000402381048 0.0 0.0 0.0 1.0 0.0 0.0 26.0 0.0
3937.009183424713 0.0 0.0 0.0 1.0 0.0 0.0 26.0 0.0
3938.009183424713 0.0 0.0 0.0 1.0 0.0 0.0 26.0 0.0
3939.0000788777347 0.0 0.0 0.0 1.0 0.0 0.0 26.0 0.0
3940.0044101204508 0.0 0.0 0.0 1.0 0.0 0.0 26.0 0.0
3941.0026874588634 0.0 0.0 0.0 1.0 0.0 0.0 26.0 0.0
3942.000142662125 0.0 0.0 0.0 1.0 0.0 0.0 26.0 0.0
3943.00051886113 0.0 0.0 0.0 1.0 0.0 0.0 26.0 0.0
3944.0007919736404 0.0 0.0 0.0 1.0 0.0 0.0 26.0 0.0
3945.003638464131 0.0 0.0 0.0 1.0 0.0 0.0 26.0 0.0
3946.000070522735 0.0 0.0 0.0 1.0 0.0 0.0 26.0 0.0
3947.002640065191 0.0 0.0 0.0 1.0 0.0 0.0 26.0 0.0
3948.008620225746 0.0 0.0 0.0 1.0 0.0 0.0 26.0 0.0
3949.0019064417156 0.0 0.0 0.0 1.0 0.0 0.0 26.0 0.0
3950.003457520967 0.0 0.0 0.0 1.0 0.0 0.0 26.0 0.0
3951.009183424713 0.0 0.0 0.0 1.0 0.0 0.0 26.0 0.0
3952.0006848228227 0.0 0.0 0.0 1.0 0.0 0.0 26.0 0.0
3953.009084474673 0.0 0.0 0.0 1.0 0.0 0.0 26.0 0.0
3954.009183424713 0.0 0.0 0.0 1.0 0.0 0.0 26.0 0.0
3955.001704643185 0.0 0.0 0.0 1.0 0.0 0.0 26.0 0.0
3956.004248399211 0.0 0.0 0.0 1.0 0.0 0.0 26.0 0.0
3957.0009319969467 0.0 0.0 0.0 1.0 0.0 0.0 26.0 0.0
3958.0025199206957 0.0 0.0 0.0 1.0 0.0 0.0 26.0 0.0
3959.0018976211104 0.0 0.0 0.0 1.0 0.0 0.0 26.0 0.0
3960.009183424713 0.0 0.0 0.0 1.0 0.0 0.0 26.0 0.0
3961.001510480142 0.0 0.0 0.0 1.0 0.0 0.0 26.0 0.0
3962.009183424713 0.0 0.0 0.0 1.0 0.0 0.0 26.0 0.0
3963.0011489348226 0.0 0.0 0.0 1.0 0.0 0.0 26.0 0.0
3964.009183424713 0.0 0.0 0.0 1.0 0.0 0.0 26.0 0.0
3965.0010585387263 0.0 0.0 0.0 1.0 0.0 0.0 26.0 0.0
3966.0050966446606 0.0 0.0 0.0 1.0 0.0 0.0 26.0 0.0
3967.0042230585673 0.0 0.0 0.0 1.0 0.0 0.0 26.0 0.0
3968.0050155931485 0.0 0.0 0.0 1.0 0.0 0.0 26.0 0.0
3969.0005958691727 0.0 0.0 0.0 1.0 0.0 0.0 26.0 0.0
3970.002661287528 0.0 0.0 0.0 1.0 0.0 0.0 26.0 0.0
3971.004646850416 0.0 0.0 0.0 1.0 0.0 0.0 26.0 0.0
3972.0086949456263 0.0 0.0 0.0 1.0 0.0 0.0 26.0 0.0
3973.0083534642463 0.0 0.0 0.0 1.0 0.0 0.0 26.0 0.0
3974.0021196945368 0.0 0.0 0.0 1.0 0.0 0.0 26.0 0.0
3975.000743795969 0.0 0.0 0.0 1.0 0.0 0.0 26.0 0.0
3976.0039888022366 0.0 0.0 0.0 1.0 0.0 0.0 26.0 0.0
3977.004385474564 0.0 0.0 0.0 1.0 0.0 0.0 26.0 0.0
3978.005894239006 0.0 0.0 0.0 1.0 0.0 0.0 26.0 0.0
3979.009183424713 0.0 0.0 0.0 1.0 0.0 0.0 26.0 0.0
3980.0003508473856 0.0 0.0 0.0 1.0 0.0 0.0 26.0 0.0
3981.0022405875843 0.0 0.0 0.0 1.0 0.0 0.0 26.0 0.0
3982.009183424713 0.0 0.0 0.0 1.0 0.0 0.0 26.0 0.0
3983.0009077462255 0.0 0.0 0.0 1.0 0.0 0.0 26.0 0.0
3984.0031025485036 0.0 0.0 0.0 1.0 0.0 0.0 26.0 0.0
3985.0052098906635 0.0 0.0 0.0 1.0 0.0 0.0 26.0 0.0
3986.00348714908 0.0 0.0 0.0 1.0 0.0 0.0 26.0 0.0
3987.009183424713 0.0 0.0 0.0 1.0 0.0 0.0 26.0 0.0
3988.0007187613346 0.0 0.0 0.0 1.0 0.0 0.0 26.0 0.0
3989.0001742406516 0.0 0.0 0.0 1.0 0.0 0.0 26.0 0.0
3990.005184786728 0.0 0.0 0.0 1.0 0.0 0.0 26.0 0.0
3991.0000301615632 0.0 0.0 0.0 1.0 0.0 0.0 26.0 0.0
3992.0030273755137 0.0 0.0 0.0 1.0 0.0 0.0 26.0 0.0
3993.009183424713 0.0 0.0 0.0 1.0 0.0 0.0 26.0 0.0
3994.006647267355 0.0 0.0 0.0 1.0 0.0 0.0 26.0 0.0
3995.009183424713 0.0 0.0 0.0 1.0 0.0 0.0 26.0 0.0
3996.000591315984 0.0 0.0 0.0 1.0 0.0 0.0 26.0 0.0
3997.009183424713 0.0 0.0 0.0 1.0 0.0 0.0 26.0 0.0
3998.009183424713 0.0 0.0 0.0 1.0 0.0 0.0 26.0 0.0
3999.009183424713 0.0 0.0 0.0 1.0 0.0 0.0 26.0 0.0
4000.009183424713 0.0 0.0 0.0 1.0 0.0 0.0 26.0 0.0
4001.006875972099 0.0 0.0 0.0 1.0 0.0 0.0 26.0 0.0
4002.0013158052 0.0 0.0 0.0 1.0 0.0 0.0 26.0 0.0
4003.0003696214008 0.0 0.0 0.0 1.0 0.0 0.0 26.0 0.0
4004.0055083513034 0.0 0.0 0.0 1.0 0.0 0.0 26.0 0.0
4005.00030354062 0.0 0.0 0.0 1.0 0.0 0.0 26.0 0.0
4006.0007267899464 0.0 0.0 0.0 1.0 0.0 0.0 26.0 0.0
4007.0019421349275 0.0 0.0 0.0 1.0 0.0 0.0 26.0 0.0
4008.0074753881936 0.0 0.0 0.0 1.0 0.0 0.0 26.0 0.0
4009.0041702816116 0.0 0.0 0.0 1.0 0.0 0.0 26.0 0.0
4010.0038626607065 0.0 0.0 0.0 1.0 0.0 0.0 26.0 0.0
4011.0040997821975 0.0 0.0 0.0 1.0 0.0 0.0 26.0 0.0
4012.0021934435226 0.0 0.0 0.0 1.0 0.0 0.0 26.0 0.0
4013.002067496452 0.0 0.0 0.0 1.0 0.0 0.0 26.0 0.0
4014.003610455961 0.0 0.0 0.0 1.0 0.0 0.0 26.0 0.0
4015.004695878745 0.0 0.0 0.0 1.0 0.0 0.0 26.0 0.0
4016.0056994749307 0.0 0.0 0.0 1.0 0.0 0.0 26.0 0.0
4017.007200190643 0.0 0.0 0.0 1.0 0.0 0.0 26.0 0.0
4018.009183424713 0.0 0.0 0.0 1.0 0.0 0.0 26.0 0.0
4019.006588900071 0.0 0.0 0.0 1.0 0.0 0.0 26.0 0.0
4020.0039074536467 0.0 0.0 0.0 1.0 0.0 0.0 26.0 0.0
4021.0032423455486 0.0 0.0 0.0 1.0 0.0 0.0 26.0 0.0
4022.0017019830875 0.0 0.0 0.0 1.0 0.0 0.0 26.0 0.0
4023.0051785323362 0.0 0.0 0.0 1.0 0.0 0.0 26.0 0.0
4024.0042370820224 0.0 0.0 0.0 1.0 0.0 0.0 26.0 0.0
4025.0003357872224 0.0 0.0 0.0 1.0 0.0 0.0 26.0 0.0
4026.000216651504 0.0 0.0 0.0 1.0 0.0 0.0 26.0 0.0
4027.0002960856823 0.0 0.0 0.0 1.0 0.0 0.0 26.0 0.0
4028.0012909260745 0.0 0.0 0.0 1.0 0.0 0.0 26.0 0.0
4029.0085741215903 0.0 0.0 0.0 1.0 0.0 0.0 26.0 0.0
4030.0035513672656 0.0 0.0 0.0 1.0 0.0 0.0 26.0 0.0
4031.009183424713 0.0 0.0 0.0 1.0 0.0 0.0 26.0 0.0
4032.009183424713 0.0 0.0 0.0 1.0 0.0 0.0 26.0 0.0
4033.0042382292395 0.0 0.0 0.0 1.0 0.0 0.0 26.0 0.0
4034.0019841046887 0.0 0.0 0.0 1.0 0.0 0.0 26.0 0.0
4035.009183424713 0.0 0.0 0.0 1.0 0.0 0.0 26.0 0.0
4036.007122994032 0.0 0.0 0.0 1.0 0.0 0.0 26.0 0.0
4037.009183424713 0.0 0.0 0.0 1.0 0.0 0.0 26.0 0.0
4038.004958926356 0.0 0.0 0.0 1.0 0.0 0.0 26.0 0.0
4039.006230299196 0.0 0.0 0.0 1.0 0.0 0.0 26.0 0.0
4040.0005235310105 0.0 0.0 0.0 1.0 0.0 0.0 26.0 0.0
4041.009183424713 0.0 0.0 0.0 1.0 0.0 0.0 26.0 0.0
4042.0000185552876 0.0 0.0 0.0 1.0 0.0 0.0 26.0 0.0
4043.001011986687 0.0 0.0 0.0 1.0 0.0 0.0 26.0 0.0
4044.0007206752775 0.0 0.0 0.0 1.0 0.0 0.0 26.0 0.0
4045.006438437176 0.0 0.0 0.0 1.0 0.0 0.0 26.0 0.0
4046.0089478363166 0.0 0.0 0.0 1.0 0.0 0.0 26.0 0.0
4047.0028795285966 0.0 0.0 0.0 1.0 0.0 0.0 26.0 0.0
4048.001942234672 0.0 0.0 0.0 1.0 0.0 0.0 26.0 0.0
4049.007079511858 0.0 0.0 0.0 1.0 0.0 0.0 26.0 0.0
4050.0046395333766 0.0 0.0 0.0 1.0 0.0 0.0 26.0 0.0
4051.009183424713 0.0 0.0 0.0 1.0 0.0 0.0 26.0 0.0
4052.009183424713 0.0 0.0 0.0 1.0 0.0 0.0 26.0 0.0
4053.001016478016 0.0 0.0 0.0 1.0 0.0 0.0 26.0 0.0
4054.009183424713 0.0 0.0 0.0 1.0 0.0 0.0 26.0 0.0
4055.0081811003465 0.0 0.0 0.0 1.0 0.0 0.0 26.0 0.0
4056.009183424713 0.0 0.0 0.0 1.0 0.0 0.0 26.0 0.0
4057.009183424713 0.0 0.0 0.0 1.0 0.0 0.0 26.0 0.0
4058.0000668943394 0.0 0.0 0.0 1.0 0.0 0.0 26.0 0.0
4059.000286644078 0.0 0.0 0.0 1.0 0.0 0.0 26.0 0.0
4060.009183424713 0.0 0.0 0.0 1.0 0.0 0.0 26.0 0.0
4061.0021799583096 0.0 0.0 0.0 1.0 0.0 0.0 26.0 0.0
4062.0045546142082 0.0 0.0 0.0 1.0 0.0 0.0 26.0 0.0
4063.009183424713 0.0 0.0 0.0 1.0 0.0 0.0 26.0 0.0
4064.009183424713 0.0 0.0 0.0 1.0 0.0 0.0 26.0 0.0
4065.000570405039 0.0 0.0 0.0 1.0 0.0 0.0 26.0 0.0
4066.009183424713 0.0 0.0 0.0 1.0 0.0 0.0 26.0 0.0
4067.0041292038077 0.0 0.0 0.0 1.0 0.0 0.0 26.0 0.0
4068.009183424713 0.0 0.0 0.0 1.0 0.0 0.0 26.0 0.0
4069.004107608706 0.0 0.0 0.0 1.0 0.0 0.0 26.0 0.0
4070.0059862433163 0.0 0.0 0.0 1.0 0.0 0.0 26.0 0.0
4071.007377983038 0.0 0.0 0.0 1.0 0.0 0.0 26.0 0.0
4072.003531548922 0.0 0.0 0.0 1.0 0.0 0.0 26.0 0.0
4073.0011032478656 0.0 0.0 0.0 1.0 0.0 0.0 26.0 0.0
4074.0085095972963 0.0 0.0 0.0 1.0 0.0 0.0 26.0 0.0
4075.009183424713 0.0 0.0 0.0 1.0 0.0 0.0 26.0 0.0
4076.0015905136843 0.0 0.0 0.0 1.0 0.0 0.0 26.0 0.0
4077.0025865914704 0.0 0.0 0.0 1.0 0.0 0.0 26.0 0.0
4078.00910108312 0.0 0.0 0.0 1.0 0.0 0.0 26.0 0.0
4079.0056545705256 0.0 0.0 0.0 1.0 0.0 0.0 26.0 0.0
4080.0045519261353 0.0 0.0 0.0 1.0 0.0 0.0 26.0 0.0
4081.009183424713 0.0 0.0 0.0 1.0 0.0 0.0 26.0 0.0
4082.0024735116745 0.0 0.0 0.0 1.0 0.0 0.0 26.0 0.0
4083.0027988773677 0.0 0.0 0.0 1.0 0.0 0.0 26.0 0.0
4084.0034217409448 0.0 0.0 0.0 1.0 0.0 0.0 26.0 0.0
4085.009183424713 0.0 0.0 0.0 1.0 0.0 0.0 26.0 0.0
4086.009183424713 0.0 0.0 0.0 1.0 0.0 0.0 26.0 0.0
4087.009183424713 0.0 0.0 0.0 1.0 0.0 0.0 26.0 0.0
4088.009183424713 0.0 0.0 0.0 1.0 0.0 0.0 26.0 0.0
4089.009183424713 0.0 0.0 0.0 1.0 0.0 0.0 26.0 0.0
4090.009183424713 0.0 0.0 0.0 1.0 0.0 0.0 26.0 0.0
4091.004103090108 0.0 0.0 0.0 1.0 0.0 0.0 26.0 0.0
4092.0054826496444 0.0 0.0 0.0 1.0 0.0 0.0 26.0 0.0
4093.0002819896704 0.0 0.0 0.0 1.0 0.0 0.0 26.0 0.0
4094.003012168864 0.0 0.0 0.0 1.0 0.0 0.0 26.0 0.0
4095.002615453518 0.0 0.0 0.0 1.0 0.0 0.0 26.0 0.0
4096.004549916282 0.0 0.0 0.0 1.0 0.0 0.0 26.0 0.0
4097.009183424712 0.0 0.0 0.0 1.0 0.0 0.0 26.0 0.0
4098.009183424712 0.0 0.0 0.0 1.0 0.0 0.0 26.0 0.0
4099.003696803921 0.0 0.0 0.0 1.0 0.0 0.0 26.0 0.0
4100.000151240097 0.0 0.0 0.0 1.0 0.0 0.0 26.0 0.0
4101.000549036292 0.0 0.0 0.0 1.0 0.0 0.0 26.0 0.0
4102.002115399367 0.0 0.0 0.0 1.0 0.0 0.0 26.0 0.0
4103.009183424712 0.0 0.0 0.0 1.0 0.0 0.0 26.0 0.0
4104.001034015176 0.0 0.0 0.0 1.0 0.0 0.0 26.0 0.0
4105.008970862398 0.0 0.0 0.0 1.0 0.0 0.0 26.0 0.0
4106.008110140002 0.0 0.0 0.0 1.0 0.0 0.0 26.0 0.0
4107.00054671454 0.0 0.0 0.0 1.0 0.0 0.0 26.0 0.0
4108.000560944823 0.0 0.0 0.0 1.0 0.0 0.0 26.0 0.0
4109.009183424712 0.0 0.0 0.0 1.0 0.0 0.0 26.0 0.0
4110.009183424712 0.0 0.0 0.0 1.0 0.0 0.0 26.0 0.0
4111.001497635903 0.0 0.0 0.0 1.0 0.0 0.0 26.0 0.0
4112.009183424712 0.0 0.0 0.0 1.0 0.0 0.0 26.0 0.0
4113.002570574326 0.0 0.0 0.0 1.0 0.0 0.0 26.0 0.0
4114.0000944240055 0.0 0.0 0.0 1.0 0.0 0.0 26.0 0.0
4115.003810634571 0.0 0.0 0.0 1.0 0.0 0.0 26.0 0.0
4116.005581359545 0.0 0.0 0.0 1.0 0.0 0.0 26.0 0.0
4117.009183424712 0.0 0.0 0.0 1.0 0.0 0.0 26.0 0.0
4118.005642812178 0.0 0.0 0.0 1.0 0.0 0.0 26.0 0.0
4119.009183424712 0.0 0.0 0.0 1.0 0.0 0.0 26.0 0.0
4120.004570457636 0.0 0.0 0.0 1.0 0.0 0.0 26.0 0.0
4121.000916632717 0.0 0.0 0.0 1.0 0.0 0.0 26.0 0.0
4122.0037594219375 0.0 0.0 0.0 1.0 0.0 0.0 26.0 0.0
4123.009183424712 0.0 0.0 0.0 1.0 0.0 0.0 26.0 0.0
4124.009183424712 0.0 0.0 0.0 1.0 0.0 0.0 26.0 0.0
4125.000079949717 0.0 0.0 0.0 1.0 0.0 0.0 26.0 0.0
4126.002095403056 0.0 0.0 0.0 1.0 0.0 0.0 26.0 0.0
4127.009183424712 0.0 0.0 0.0 1.0 0.0 0.0 26.0 0.0
4128.009183424712 0.0 0.0 0.0 1.0 0.0 0.0 26.0 0.0
4129.001441292209 0.0 0.0 0.0 1.0 0.0 0.0 26.0 0.0
4130.0021873859805 0.0 0.0 0.0 1.0 0.0 0.0 26.0 0.0
4131.003669427729 0.0 0.0 0.0 1.0 0.0 0.0 26.0 0.0
4132.00731881494 0.0 0.0 0.0 1.0 0.0 0.0 26.0 0.0
4133.009183424712 0.0 0.0 0.0 1.0 0.0 0.0 26.0 0.0
4134.008331331571 0.0 0.0 0.0 1.0 0.0 0.0 26.0 0.0
4135.002016939475 0.0 0.0 0.0 1.0 0.0 0.0 26.0 0.0
4136.009183424712 0.0 0.0 0.0 1.0 0.0 0.0 26.0 0.0
4137.0035670869875 0.0 0.0 0.0 1.0 0.0 0.0 26.0 0.0
4138.009183424712 0.0 0.0 0.0 1.0 0.0 0.0 26.0 0.0
4139.0007207392755 0.0 0.0 0.0 1.0 0.0 0.0 26.0 0.0
4140.004034913995 0.0 0.0 0.0 1.0 0.0 0.0 26.0 0.0
4141.009183424712 0.0 0.0 0.0 1.0 0.0 0.0 26.0 0.0
4142.001021671522 0.0 0.0 0.0 1.0 0.0 0.0 26.0 0.0
4143.001337503071 0.0 0.0 0.0 1.0 0.0 0.0 26.0 0.0
4144.002274828017 0.0 0.0 0.0 1.0 0.0 0.0 26.0 0.0
4145.009183424712 0.0 0.0 0.0 1.0 0.0 0.0 26.0 0.0
4146.0029813120855 0.0 0.0 0.0 1.0 0.0 0.0 26.0 0.0
4147.009183424712 0.0 0.0 0.0 1.0 0.0 0.0 26.0 0.0
4148.002270731237 0.0 0.0 0.0 1.0 0.0 0.0 26.0 0.0
4149.006778368687 0.0 0.0 0.0 1.0 0.0 0.0 26.0 0.0
4150.009183424712 0.0 0.0 0.0 1.0 0.0 0.0 26.0 0.0
4151.005513094568 0.0 0.0 0.0 1.0 0.0 0.0 26.0 0.0
4152.001472470394 0.0 0.0 0.0 1.0 0.0 0.0 26.0 0.0
4153.004708244075 0.0 0.0 0.0 1.0 0.0 0.0 26.0 0.0
4154.009183424712 0.0 0.0 0.0 1.0 0.0 0.0 26.0 0.0
4155.0084222346 0.0 0.0 0.0 1.0 0.0 0.0 26.0 0.0
4156.009183424712 0.0 0.0 0.0 1.0 0.0 0.0 26.0 0.0
4157.0071409068405 0.0 0.0 0.0 1.0 0.0 0.0 26.0 0.0
4158.005782699572 0.0 0.0 0.0 1.0 0.0 0.0 26.0 0.0
4159.005615423162 0.0 0.0 0.0 1.0 0.0 0.0 26.0 0.0
4160.000452234835 0.0 0.0 0.0 1.0 0.0 0.0 26.0 0.0
4161.001361751096 0.0 0.0 0.0 1.0 0.0 0.0 26.0 0.0
4162.004817369227 0.0 0.0 0.0 1.0 0.0 0.0 26.0 0.0
4163.000736710527 0.0 0.0 0.0 1.0 0.0 0.0 26.0 0.0
4164.009183424712 0.0 0.0 0.0 1.0 0.0 0.0 26.0 0.0
4165.000069152413 0.0 0.0 0.0 1.0 0.0 0.0 26.0 0.0
4166.002156665754 0.0 0.0 0.0 1.0 0.0 0.0 26.0 0.0
4167.0079597734175 0.0 0.0 0.0 1.0 0.0 0.0 26.0 0.0
4168.004369364704 0.0 0.0 0.0 1.0 0.0 0.0 26.0 0.0
4169.009183424712 0.0 0.0 0.0 1.0 0.0 0.0 26.0 0.0
4170.006280228363 0.0 0.0 0.0 1.0 0.0 0.0 26.0 0.0
4171.009183424712 0.0 0.0 0.0 1.0 0.0 0.0 26.0 0.0
4172.002750708278 0.0 0.0 0.0 1.0 0.0 0.0 26.0 0.0
4173.000996084629 0.0 0.0 0.0 1.0 0.0 0.0 26.0 0.0
4174.002739402354 0.0 0.0 0.0 1.0 0.0 0.0 26.0 0.0
4175.009183424712 0.0 0.0 0.0 1.0 0.0 0.0 26.0 0.0
4176.001824324193 0.0 0.0 0.0 1.0 0.0 0.0 26.0 0.0
4177.009183424712 0.0 0.0 0.0 1.0 0.0 0.0 26.0 0.0
4178.009183424712 0.0 0.0 0.0 1.0 0.0 0.0 26.0 0.0
4179.003070819226 0.0 0.0 0.0 1.0 0.0 0.0 26.0 0.0
4180.002865377859 0.0 0.0 0.0 1.0 0.0 0.0 26.0 0.0
4181.001486550232 0.0 0.0 0.0 1.0 0.0 0.0 26.0 0.0
4182.009183424712 0.0 0.0 0.0 1.0 0.0 0.0 26.0 0.0
4183.002798691189 0.0 0.0 0.0 1.0 0.0 0.0 26.0 0.0
4184.003008521598 0.0 0.0 0.0 1.0 0.0 0.0 26.0 0.0
4185.002572830392 0.0 0.0 0.0 1.0 0.0 0.0 26.0 0.0
4186.002201901375 0.0 0.0 0.0 1.0 0.0 0.0 26.0 0.0
4187.009183424712 0.0 0.0 0.0 1.0 0.0 0.0 26.0 0.0
4188.000085499706 0.0 0.0 0.0 1.0 0.0 0.0 26.0 0.0
4189.0012993734 0.0 0.0 0.0 1.0 0.0 0.0 26.0 0.0
4190.009183424712 0.0 0.0 0.0 1.0 0.0 0.0 26.0 0.0
4191.000169092815 0.0 0.0 0.0 1.0 0.0 0.0 26.0 0.0
4192.001634690477 0.0 0.0 0.0 1.0 0.0 0.0 26.0 0.0
4193.004923789635 0.0 0.0 0.0 1.0 0.0 0.0 26.0 0.0
4194.000256050521 0.0 0.0 0.0 1.0 0.0 0.0 26.0 0.0
4195.000701925761 0.0 0.0 0.0 1.0 0.0 0.0 26.0 0.0
4196.009183424712 0.0 0.0 0.0 1.0 0.0 0.0 26.0 0.0
4197.009183424712 0.0 0.0 0.0 1.0 0.0 0.0 26.0 0.0
4198.004809248514 0.0 0.0 0.0 1.0 0.0 0.0 26.0 0.0
4199.000544189407 0.0 0.0 0.0 1.0 0.0 0.0 26.0 0.0
4200.00462751084 0.0 0.0 0.0 1.0 0.0 0.0 26.0 0.0
4201.009183424712 0.0 0.0 0.0 1.0 0.0 0.0 26.0 0.0
4202.007810963112 0.0 0.0 0.0 1.0 0.0 0.0 26.0 0.0
4203.00501037934 0.0 0.0 0.0 1.0 0.0 0.0 26.0 0.0
4204.0059963528975 0.0 0.0 0.0 1.0 0.0 0.0 26.0 0.0
4205.009183424712 0.0 0.0 0.0 1.0 0.0 0.0 26.0 0.0
4206.000238354011 0.0 0.0 0.0 1.0 0.0 0.0 26.0 0.0
4207.000618525119 0.0 0.0 0.0 1.0 0.0 0.0 26.0 0.0
4208.001997498744 0.0 0.0 0.0 1.0 0.0 0.0 26.0 0.0
4209.001899728357 0.0 0.0 0.0 1.0 0.0 0.0 26.0 0.0
4210.007221365257 0.0 0.0 0.0 1.0 0.0 0.0 26.0 0.0
4211.003518518361 0.0 0.0 0.0 1.0 0.0 0.0 26.0 0.0
4212.009183424712 0.0 0.0 0.0 1.0 0.0 0.0 26.0 0.0
4213.0010298215275 0.0 0.0 0.0 1.0 0.0 0.0 26.0 0.0
4214.00535161965 0.0 0.0 0.0 1.0 0.0 0.0 26.0 0.0
4215.004396601575 0.0 0.0 0.0 1.0 0.0 0.0 26.0 0.0
4216.001909889138 0.0 0.0 0.0 1.0 0.0 0.0 26.0 0.0
4217.009183424712 0.0 0.0 0.0 1.0 0.0 0.0 26.0 0.0
4218.000982017754 0.0 0.0 0.0 1.0 0.0 0.0 26.0 0.0
4219.004959755802 0.0 0.0 0.0 1.0 0.0 0.0 26.0 0.0
4220.00679244713 0.0 0.0 0.0 1.0 0.0 0.0 26.0 0.0
4221.000666788572 0.0 0.0 0.0 1.0 0.0 0.0 26.0 0.0
4222.001438371211 0.0 0.0 0.0 1.0 0.0 0.0 26.0 0.0
4223.003396582272 0.0 0.0 0.0 1.0 0.0 0.0 26.0 0.0
4224.00365181634 0.0 0.0 0.0 1.0 0.0 0.0 26.0 0.0
4225.007013750274 0.0 0.0 0.0 1.0 0.0 0.0 26.0 0.0
4226.0020093934 0.0 0.0 0.0 1.0 0.0 0.0 26.0 0.0
4227.003405805559 0.0 0.0 0.0 1.0 0.0 0.0 26.0 0.0
4228.001732639127 0.0 0.0 0.0 1.0 0.0 0.0 26.0 0.0
4229.0083527752 0.0 0.0 0.0 1.0 0.0 0.0 26.0 0.0
4230.002882740154 0.0 0.0 0.0 1.0 0.0 0.0 26.0 0.0
4231.003968533805 0.0 0.0 0.0 1.0 0.0 0.0 26.0 0.0
4232.009183424712 0.0 0.0 0.0 1.0 0.0 0.0 26.0 0.0
4233.002494964126 0.0 0.0 0.0 1.0 0.0 0.0 26.0 0.0
4234.001593638816 0.0 0.0 0.0 1.0 0.0 0.0 26.0 0.0
4235.0007466993875 0.0 0.0 0.0 1.0 0.0 0.0 26.0 0.0
4236.009183424712 0.0 0.0 0.0 1.0 0.0 0.0 26.0 0.0
4237.000109491508 0.0 0.0 0.0 1.0 0.0 0.0 26.0 0.0
4238.007851846644 0.0 0.0 0.0 1.0 0.0 0.0 26.0 0.0
4239.009183424712 0.0 0.0 0.0 1.0 0.0 0.0 26.0 0.0
4240.001852758577 0.0 0.0 0.0 1.0 0.0 0.0 26.0 0.0
4241.009183424712 0.0 0.0 0.0 1.0 0.0 0.0 26.0 0.0
4242.008027422563 0.0 0.0 0.0 1.0 0.0 0.0 26.0 0.0
4243.0057287870395 0.0 0.0 0.0 1.0 0.0 0.0 26.0 0.0
4244.008585097095 0.0 0.0 0.0 1.0 0.0 0.0 26.0 0.0
4245.009183424712 0.0 0.0 0.0 1.0 0.0 0.0 26.0 0.0
4246.002560237309 0.0 0.0 0.0 1.0 0.0 0.0 26.0 0.0
4247.000202574643 0.0 0.0 0.0 1.0 0.0 0.0 26.0 0.0
4248.008015682556 0.0 0.0 0.0 1.0 0.0 0.0 26.0 0.0
4249.008750521171 0.0 0.0 0.0 1.0 0.0 0.0 26.0 0.0
4250.000213658039 0.0 0.0 0.0 1.0 0.0 0.0 26.0 0.0
4251.005402636885 0.0 0.0 0.0 1.0 0.0 0.0 26.0 0.0
4252.0034584693785 0.0 0.0 0.0 1.0 0.0 0.0 26.0 0.0
4253.0030508700875 0.0 0.0 0.0 1.0 0.0 0.0 26.0 0.0
4254.009183424712 0.0 0.0 0.0 1.0 0.0 0.0 26.0 0.0
4255.000388461835 0.0 0.0 0.0 1.0 0.0 0.0 26.0 0.0
4256.002646765085 0.0 0.0 0.0 1.0 0.0 0.0 26.0 0.0
4257.006096054229 0.0 0.0 0.0 1.0 0.0 0.0 26.0 0.0
4258.001089748919 0.0 0.0 0.0 1.0 0.0 0.0 26.0 0.0
4259.009183424712 0.0 0.0 0.0 1.0 0.0 0.0 26.0 0.0
4260.007346353392 0.0 0.0 0.0 1.0 0.0 0.0 26.0 0.0
4261.009183424712 0.0 0.0 0.0 1.0 0.0 0.0 26.0 0.0
4262.009183424712 0.0 0.0 0.0 1.0 0.0 0.0 26.0 0.0
4263.009183424712 0.0 0.0 0.0 1.0 0.0 0.0 26.0 0.0
4264.005470015779 0.0 0.0 0.0 1.0 0.0 0.0 26.0 0.0
4265.001636740447 0.0 0.0 0.0 1.0 0.0 0.0 26.0 0.0
4266.008483762934 0.0 0.0 0.0 1.0 0.0 0.0 26.0 0.0
4267.000913678767 0.0 0.0 0.0 1.0 0.0 0.0 26.0 0.0
4268.003597814041 0.0 0.0 0.0 1.0 0.0 0.0 26.0 0.0
4269.00334328796 0.0 0.0 0.0 1.0 0.0 0.0 26.0 0.0
4270.003507455247 0.0 0.0 0.0 1.0 0.0 0.0 26.0 0.0
4271.009183424712 0.0 0.0 0.0 1.0 0.0 0.0 26.0 0.0
4272.0035649897645 0.0 0.0 0.0 1.0 0.0 0.0 26.0 0.0
4273.009183424712 0.0 0.0 0.0 1.0 0.0 0.0 26.0 0.0
4274.00037900991 0.0 0.0 0.0 1.0 0.0 0.0 26.0 0.0
4275.00117129641 0.0 0.0 0.0 1.0 0.0 0.0 26.0 0.0
4276.006127137573 0.0 0.0 0.0 1.0 0.0 0.0 26.0 0.0
4277.000750516012 0.0 0.0 0.0 1.0 0.0 0.0 26.0 0.0
4278.003044441873 0.0 0.0 0.0 1.0 0.0 0.0 26.0 0.0
4279.004003055162 0.0 0.0 0.0 1.0 0.0 0.0 26.0 0.0
4280.0027729714975 0.0 0.0 0.0 1.0 0.0 0.0 26.0 0.0
4281.008428116562 0.0 0.0 0.0 1.0 0.0 0.0 26.0 0.0
4282.001049012024 0.0 0.0 0.0 1.0 0.0 0.0 26.0 0.0
4283.009183424712 0.0 0.0 0.0 1.0 0.0 0.0 26.0 0.0
4284.009183424712 0.0 0.0 0.0 1.0 0.0 0.0 26.0 0.0
4285.009183424712 0.0 0.0 0.0 1.0 0.0 0.0 26.0 0.0
4286.009183424712 0.0 0.0 0.0 1.0 0.0 0.0 26.0 0.0
4287.000900638749 0.0 0.0 0.0 1.0 0.0 0.0 26.0 0.0
4288.002986861009 0.0 0.0 0.0 1.0 0.0 0.0 26.0 0.0
4289.006943453258 0.0 0.0 0.0 1.0 0.0 0.0 26.0 0.0
4290.002843765194 0.0 0.0 0.0 1.0 0.0 0.0 26.0 0.0
4291.000999444315 0.0 0.0 0.0 1.0 0.0 0.0 26.0 0.0
4292.003713566035 0.0 0.0 0.0 1.0 0.0 0.0 26.0 0.0
4293.002917783623 0.0 0.0 0.0 1.0 0.0 0.0 26.0 0.0
4294.000524767091 0.0 0.0 0.0 1.0 0.0 0.0 26.0 0.0
4295.0050042653365 0.0 0.0 0.0 1.0 0.0 0.0 26.0 0.0
4296.000023388186 0.0 0.0 0.0 1.0 0.0 0.0 26.0 0.0
4297.001562997917 0.0 0.0 0.0 1.0 0.0 0.0 26.0 0.0
4298.009183424712 0.0 0.0 0.0 1.0 0.0 0.0 26.0 0.0
4299.009051188769 0.0 0.0 0.0 1.0 0.0 0.0 26.0 0.0
4300.009183424712 0.0 0.0 0.0 1.0 0.0 0.0 26.0 0.0
4301.000053927653 0.0 0.0 0.0 1.0 0.0 0.0 26.0 0.0
4302.000205840984 0.0 0.0 0.0 1.0 0.0 0.0 26.0 0.0
4303.0060623572335 0.0 0.0 0.0 1.0 0.0 0.0 26.0 0.0
4304.007362456478 0.0 0.0 0.0 1.0 0.0 0.0 26.0 0.0
4305.000857046902 0.0 0.0 0.0 1.0 0.0 0.0 26.0 0.0
4306.005664739856 0.0 0.0 0.0 1.0 0.0 0.0 26.0 0.0
4307.002048263924 0.0 0.0 0.0 1.0 0.0 0.0 26.0 0.0
4308.002223425991 0.0 0.0 0.0 1.0 0.0 0.0 26.0 0.0
4309.003782675176 0.0 0.0 0.0 1.0 0.0 0.0 26.0 0.0
4310.001347511395 0.0 0.0 0.0 1.0 0.0 0.0 26.0 0.0
4311.003195705483 0.0 0.0 0.0 1.0 0.0 0.0 26.0 0.0
4312.006011077858 0.0 0.0 0.0 1.0 0.0 0.0 26.0 0.0
4313.002538676095 0.0 0.0 0.0 1.0 0.0 0.0 26.0 0.0
4314.004391546388 0.0 0.0 0.0 1.0 0.0 0.0 26.0 0.0
4315.003010738419 0.0 0.0 0.0 1.0 0.0 0.0 26.0 0.0
4316.002154208944 0.0 0.0 0.0 1.0 0.0 0.0 26.0 0.0
4317.001794675777 0.0 0.0 0.0 1.0 0.0 0.0 26.0 0.0
4318.003060682882 0.0 0.0 0.0 1.0 0.0 0.0 26.0 0.0
4319.000082571719 0.0 0.0 0.0 1.0 0.0 0.0 26.0 0.0
4320.000510954639 0.0 0.0 0.0 1.0 0.0 0.0 26.0 0.0
4321.002607777982 0.0 0.0 0.0 1.0 0.0 0.0 26.0 0.0
4322.009183424712 0.0 0.0 0.0 1.0 0.0 0.0 26.0 0.0
4323.009183424712 0.0 0.0 0.0 1.0 0.0 0.0 26.0 0.0
4324.009183424712 0.0 0.0 0.0 1.0 0.0 0.0 26.0 0.0
4325.00312454286 0.0 0.0 0.0 1.0 0.0 0.0 26.0 0.0
4326.009183424712 0.0 0.0 0.0 1.0 0.0 0.0 26.0 0.0
4327.002993625152 0.0 0.0 0.0 1.0 0.0 0.0 26.0 0.0
4328.009183424712 0.0 0.0 0.0 1.0 0.0 0.0 26.0 0.0
4329.009183424712 0.0 0.0 0.0 1.0 0.0 0.0 26.0 0.0
4330.002389046588 0.0 0.0 0.0 1.0 0.0 0.0 26.0 0.0
4331.001871337741 0.0 0.0 0.0 1.0 0.0 0.0 26.0 0.0
4332.005420706434 0.0 0.0 0.0 1.0 0.0 0.0 26.0 0.0
4333.009183424712 0.0 0.0 0.0 1.0 0.0 0.0 26.0 0.0
4334.003332676186 0.0 0.0 0.0 1.0 0.0 0.0 26.0 0.0
4335.009183424712 0.0 0.0 0.0 1.0 0.0 0.0 26.0 0.0
4336.0019187861735 0.0 0.0 0.0 1.0 0.0 0.0 26.0 0.0
4337.007697305912 0.0 0.0 0.0 1.0 0.0 0.0 26.0 0.0
4338.000293923283 0.0 0.0 0.0 1.0 0.0 0.0 26.0 0.0
4339.005650153206 0.0 0.0 0.0 1.0 0.0 0.0 26.0 0.0
4340.004906533088 0.0 0.0 0.0 1.0 0.0 0.0 26.0 0.0
4341.004056495189 0.0 0.0 0.0 1.0 0.0 0.0 26.0 0.0
4342.009183424712 0.0 0.0 0.0 1.0 0.0 0.0 26.0 0.0
4343.005350780637 0.0 0.0 0.0 1.0 0.0 0.0 26.0 0.0
4344.005341828373 0.0 0.0 0.0 1.0 0.0 0.0 26.0 0.0
4345.002114100794 0.0 0.0 0.0 1.0 0.0 0.0 26.0 0.0
4346.004576010526 0.0 0.0 0.0 1.0 0.0 0.0 26.0 0.0
4347.0018956740405 0.0 0.0 0.0 1.0 0.0 0.0 26.0 0.0
4348.004089462813 0.0 0.0 0.0 1.0 0.0 0.0 26.0 0.0
4349.000186516673 0.0 0.0 0.0 1.0 0.0 0.0 26.0 0.0
4350.001572504542 0.0 0.0 0.0 1.0 0.0 0.0 26.0 0.0
4351.006356644311 0.0 0.0 0.0 1.0 0.0 0.0 26.0 0.0
4352.008384023488 0.0 0.0 0.0 1.0 0.0 0.0 26.0 0.0
4353.00548789635 0.0 0.0 0.0 1.0 0.0 0.0 26.0 0.0
4354.007548911587 0.0 0.0 0.0 1.0 0.0 0.0 26.0 0.0
4355.009183424712 0.0 0.0 0.0 1.0 0.0 0.0 26.0 0.0
4356.000011383571 0.0 0.0 0.0 1.0 0.0 0.0 26.0 0.0
4357.001518654015 0.0 0.0 0.0 1.0 0.0 0.0 26.0 0.0
4358.003373110189 0.0 0.0 0.0 1.0 0.0 0.0 26.0 0.0
4359.009183424712 0.0 0.0 0.0 1.0 0.0 0.0 26.0 0.0
4360.005190841866 0.0 0.0 0.0 1.0 0.0 0.0 26.0 0.0
4361.009183424712 0.0 0.0 0.0 1.0 0.0 0.0 26.0 0.0
4362.004081730439 0.0 0.0 0.0 1.0 0.0 0.0 26.0 0.0
4363.009183424712 0.0 0.0 0.0 1.0 0.0 0.0 26.0 0.0
4364.009183424712 0.0 0.0 0.0 1.0 0.0 0.0 26.0 0.0
4365.009183424712 0.0 0.0 0.0 1.0 0.0 0.0 26.0 0.0
4366.002949141426 0.0 0.0 0.0 1.0 0.0 0.0 26.0 0.0
4367.003054696714 0.0 0.0 0.0 1.0 0.0 0.0 26.0 0.0
4368.001558058778 0.0 0.0 0.0 1.0 0.0 0.0 26.0 0.0
4369.009183424712 0.0 0.0 0.0 1.0 0.0 0.0 26.0 0.0
4370.000556166027 0.0 0.0 0.0 1.0 0.0 0.0 26.0 0.0
4371.001998804165 0.0 0.0 0.0 1.0 0.0 0.0 26.0 0.0
4372.005465406919 0.0 0.0 0.0 1.0 0.0 0.0 26.0 0.0
4373.003184109873 0.0 0.0 0.0 1.0 0.0 0.0 26.0 0.0
4374.006309385181 0.0 0.0 0.0 1.0 0.0 0.0 26.0 0.0
4375.009183424712 0.0 0.0 0.0 1.0 0.0 0.0 26.0 0.0
4376.004984571341 0.0 0.0 0.0 1.0 0.0 0.0 26.0 0.0
4377.002143314968 0.0 0.0 0.0 1.0 0.0 0.0 26.0 0.0
4378.004896328761 0.0 0.0 0.0 1.0 0.0 0.0 26.0 0.0
4379.001663883252 0.0 0.0 0.0 1.0 0.0 0.0 26.0 0.0
4380.000645189138 0.0 0.0 0.0 1.0 0.0 0.0 26.0 0.0
4381.009089077663 0.0 0.0 0.0 1.0 0.0 0.0 26.0 0.0
4382.009183424712 0.0 0.0 0.0 1.0 0.0 0.0 26.0 0.0
4383.009183424712 0.0 0.0 0.0 1.0 0.0 0.0 26.0 0.0
4384.000890490891 0.0 0.0 0.0 1.0 0.0 0.0 26.0 0.0
4385.001245807252 0.0 0.0 0.0 1.0 0.0 0.0 26.0 0.0
4386.001041492583 0.0 0.0 0.0 1.0 0.0 0.0 26.0 0.0
4387.003308465203 0.0 0.0 0.0 1.0 0.0 0.0 26.0 0.0
4388.006201042468 0.0 0.0 0.0 1.0 0.0 0.0 26.0 0.0
4389.003815493201 0.0 0.0 0.0 1.0 0.0 0.0 26.0 0.0
4390.001208709131 0.0 0.0 0.0 1.0 0.0 0.0 26.0 0.0
4391.009183424712 0.0 0.0 0.0 1.0 0.0 0.0 26.0 0.0
4392.009183424712 0.0 0.0 0.0 1.0 0.0 0.0 26.0 0.0
4393.003121777536 0.0 0.0 0.0 1.0 0.0 0.0 26.0 0.0
4394.009183424712 0.0 0.0 0.0 1.0 0.0 0.0 26.0 0.0
4395.00196207679 0.0 0.0 0.0 1.0 0.0 0.0 26.0 0.0
4396.009183424712 0.0 0.0 0.0 1.0 0.0 0.0 26.0 0.0
4397.004420945673 0.0 0.0 0.0 1.0 0.0 0.0 26.0 0.0
4398.003983039542 0.0 0.0 0.0 1.0 0.0 0.0 26.0 0.0
4399.003004242512 0.0 0.0 0.0 1.0 0.0 0.0 26.0 0.0
4400.009183424712 0.0 0.0 0.0 1.0 0.0 0.0 26.0 0.0
4401.003173359831 0.0 0.0 0.0 1.0 0.0 0.0 26.0 0.0
4402.009183424712 0.0 0.0 0.0 1.0 0.0 0.0 26.0 0.0
4403.0029945390725 0.0 0.0 0.0 1.0 0.0 0.0 26.0 0.0
4404.009183424712 0.0 0.0 0.0 1.0 0.0 0.0 26.0 0.0
4405.009183424712 0.0 0.0 0.0 1.0 0.0 0.0 26.0 0.0
4406.001214475431 0.0 0.0 0.0 1.0 0.0 0.0 26.0 0.0
4407.009183424712 0.0 0.0 0.0 1.0 0.0 0.0 26.0 0.0
4408.005939292782 0.0 0.0 0.0 1.0 0.0 0.0 26.0 0.0
4409.009183424712 0.0 0.0 0.0 1.0 0.0 0.0 26.0 0.0
4410.000557608741 0.0 0.0 0.0 1.0 0.0 0.0 26.0 0.0
4411.003625757042 0.0 0.0 0.0 1.0 0.0 0.0 26.0 0.0
4412.009183424712 0.0 0.0 0.0 1.0 0.0 0.0 26.0 0.0
4413.007096117595 0.0 0.0 0.0 1.0 0.0 0.0 26.0 0.0
4414.009183424712 0.0 0.0 0.0 1.0 0.0 0.0 26.0 0.0
4415.0009688267855 0.0 0.0 0.0 1.0 0.0 0.0 26.0 0.0
4416.000935050123 0.0 0.0 0.0 1.0 0.0 0.0 26.0 0.0
4417.005533115838 0.0 0.0 0.0 1.0 0.0 0.0 26.0 0.0
4418.003369740341 0.0 0.0 0.0 1.0 0.0 0.0 26.0 0.0
4419.004603574628 0.0 0.0 0.0 1.0 0.0 0.0 26.0 0.0
4420.00081585501 0.0 0.0 0.0 1.0 0.0 0.0 26.0 0.0
4421.001825128726 0.0 0.0 0.0 1.0 0.0 0.0 26.0 0.0
4422.0067437275275 0.0 0.0 0.0 1.0 0.0 0.0 26.0 0.0
4423.009183424712 0.0 0.0 0.0 1.0 0.0 0.0 26.0 0.0
4424.0032958726415 0.0 0.0 0.0 1.0 0.0 0.0 26.0 0.0
4425.005495999476 0.0 0.0 0.0 1.0 0.0 0.0 26.0 0.0
4426.004317773059 0.0 0.0 0.0 1.0 0.0 0.0 26.0 0.0
4427.006533683337 0.0 0.0 0.0 1.0 0.0 0.0 26.0 0.0
4428.004003571447 0.0 0.0 0.0 1.0 0.0 0.0 26.0 0.0
4429.008096867549 0.0 0.0 0.0 1.0 0.0 0.0 26.0 0.0
4430.001956159009 0.0 0.0 0.0 1.0 0.0 0.0 26.0 0.0
4431.009183424712 0.0 0.0 0.0 1.0 0.0 0.0 26.0 0.0
4432.005011620774 0.0 0.0 0.0 1.0 0.0 0.0 26.0 0.0
4433.001691037269 0.0 0.0 0.0 1.0 0.0 0.0 26.0 0.0
4434.003404244056 0.0 0.0 0.0 1.0 0.0 0.0 26.0 0.0
4435.006456743766 0.0 0.0 0.0 1.0 0.0 0.0 26.0 0.0
4436.005363712401 0.0 0.0 0.0 1.0 0.0 0.0 26.0 0.0
4437.001267301963 0.0 0.0 0.0 1.0 0.0 0.0 26.0 0.0
4438.000331276547 0.0 0.0 0.0 1.0 0.0 0.0 26.0 0.0
4439.003438636912 0.0 0.0 0.0 1.0 0.0 0.0 26.0 0.0
4440.005416466121 0.0 0.0 0.0 1.0 0.0 0.0 26.0 0.0
4441.00035349905 0.0 0.0 0.0 1.0 0.0 0.0 26.0 0.0
4442.0033953834145 0.0 0.0 0.0 1.0 0.0 0.0 26.0 0.0
4443.003892826891 0.0 0.0 0.0 1.0 0.0 0.0 26.0 0.0
4444.005959455737 0.0 0.0 0.0 1.0 0.0 0.0 26.0 0.0
4445.009183424712 0.0 0.0 0.0 1.0 0.0 0.0 26.0 0.0
4446.007420161913 0.0 0.0 0.0 1.0 0.0 0.0 26.0 0.0
4447.005821719181 0.0 0.0 0.0 1.0 0.0 0.0 26.0 0.0
4448.0031600054235 0.0 0.0 0.0 1.0 0.0 0.0 26.0 0.0
4449.006159610331 0.0 0.0 0.0 1.0 0.0 0.0 26.0 0.0
4450.008679007996 0.0 0.0 0.0 1.0 0.0 0.0 26.0 0.0
4451.003094458301 0.0 0.0 0.0 1.0 0.0 0.0 26.0 0.0
4452.006335565546 0.0 0.0 0.0 1.0 0.0 0.0 26.0 0.0
4453.000793889521 0.0 0.0 0.0 1.0 0.0 0.0 26.0 0.0
4454.003683726864 0.0 0.0 0.0 1.0 0.0 0.0 26.0 0.0
4455.000915796044 0.0 0.0 0.0 1.0 0.0 0.0 26.0 0.0
4456.009183424712 0.0 0.0 0.0 1.0 0.0 0.0 26.0 0.0
4457.003766022783 0.0 0.0 0.0 1.0 0.0 0.0 26.0 0.0
4458.0022781499265 0.0 0.0 0.0 1.0 0.0 0.0 26.0 0.0
4459.001906206709 0.0 0.0 0.0 1.0 0.0 0.0 26.0 0.0
4460.006347972395 0.0 0.0 0.0 1.0 0.0 0.0 26.0 0.0
4461.003151337496 0.0 0.0 0.0 1.0 0.0 0.0 26.0 0.0
4462.002835612654 0.0 0.0 0.0 1.0 0.0 0.0 26.0 0.0
4463.0046687183985 0.0 0.0 0.0 1.0 0.0 0.0 26.0 0.0
4464.000915819966 0.0 0.0 0.0 1.0 0.0 0.0 26.0 0.0
4465.000219230027 0.0 0.0 0.0 1.0 0.0 0.0 26.0 0.0
4466.009183424712 0.0 0.0 0.0 1.0 0.0 0.0 26.0 0.0
4467.009183424712 0.0 0.0 0.0 1.0 0.0 0.0 26.0 0.0
4468.002635730904 0.0 0.0 0.0 1.0 0.0 0.0 26.0 0.0
4469.009183424712 0.0 0.0 0.0 1.0 0.0 0.0 26.0 0.0
4470.007002101919 0.0 0.0 0.0 1.0 0.0 0.0 26.0 0.0
4471.000341327339 0.0 0.0 0.0 1.0 0.0 0.0 26.0 0.0
4472.005677974664 0.0 0.0 0.0 1.0 0.0 0.0 26.0 0.0
4473.008068495686 0.0 0.0 0.0 1.0 0.0 0.0 26.0 0.0
4474.000115482962 0.0 0.0 0.0 1.0 0.0 0.0 26.0 0.0
4475.009183424712 0.0 0.0 0.0 1.0 0.0 0.0 26.0 0.0
4476.000725837122 0.0 0.0 0.0 1.0 0.0 0.0 26.0 0.0
4477.009183424712 0.0 0.0 0.0 1.0 0.0 0.0 26.0 0.0
4478.0000620661385 0.0 0.0 0.0 1.0 0.0 0.0 26.0 0.0
4479.000794415486 0.0 0.0 0.0 1.0 0.0 0.0 26.0 0.0
4480.004958307924 0.0 0.0 0.0 1.0 0.0 0.0 26.0 0.0
4481.009183424712 0.0 0.0 0.0 1.0 0.0 0.0 26.0 0.0
4482.005819722269 0.0 0.0 0.0 1.0 0.0 0.0 26.0 0.0
4483.008846297905 0.0 0.0 0.0 1.0 0.0 0.0 26.0 0.0
4484.003084307656 0.0 0.0 0.0 1.0 0.0 0.0 26.0 0.0
4485.009183424712 0.0 0.0 0.0 1.0 0.0 0.0 26.0 0.0
4486.0001135094835 0.0 0.0 0.0 1.0 0.0 0.0 26.0 0.0
4487.000686197817 0.0 0.0 0.0 1.0 0.0 0.0 26.0 0.0
4488.001459480637 0.0 0.0 0.0 1.0 0.0 0.0 26.0 0.0
4489.0003020993 0.0 0.0 0.0 1.0 0.0 0.0 26.0 0.0
4490.009183424712 0.0 0.0 0.0 1.0 0.0 0.0 26.0 0.0
4491.009183424712 0.0 0.0 0.0 1.0 0.0 0.0 26.0 0.0
4492.000539016945 0.0 0.0 0.0 1.0 0.0 0.0 26.0 0.0
4493.001646403381 0.0 0.0 0.0 1.0 0.0 0.0 26.0 0.0
4494.009183424712 0.0 0.0 0.0 1.0 0.0 0.0 26.0 0.0
4495.00308066943 0.0 0.0 0.0 1.0 0.0 0.0 26.0 0.0
4496.002915179103 0.0 0.0 0.0 1.0 0.0 0.0 26.0 0.0
4497.00064101717 0.0 0.0 0.0 1.0 0.0 0.0 26.0 0.0
4498.009183424712 0.0 0.0 0.0 1.0 0.0 0.0 26.0 0.0
4499.002730234621 0.0 0.0 0.0 1.0 0.0 0.0 26.0 0.0
4500.005966368617 0.0 0.0 0.0 1.0 0.0 0.0 26.0 0.0
4501.001614888088 0.0 0.0 0.0 1.0 0.0 0.0 26.0 0.0
4502.009183424712 0.0 0.0 0.0 1.0 0.0 0.0 26.0 0.0
4503.000666036479 0.0 0.0 0.0 1.0 0.0 0.0 26.0 0.0
4504.009183424712 0.0 0.0 0.0 1.0 0.0 0.0 26.0 0.0
4505.009183424712 0.0 0.0 0.0 1.0 0.0 0.0 26.0 0.0
4506.007319336155 0.0 0.0 0.0 1.0 0.0 0.0 26.0 0.0
4507.009183424712 0.0 0.0 0.0 1.0 0.0 0.0 26.0 0.0
4508.000864928383 0.0 0.0 0.0 1.0 0.0 0.0 26.0 0.0
4509.007991570885 0.0 0.0 0.0 1.0 0.0 0.0 26.0 0.0
4510.008803205343 0.0 0.0 0.0 1.0 0.0 0.0 26.0 0.0
4511.008716848924 0.0 0.0 0.0 1.0 0.0 0.0 26.0 0.0
4512.000707016052 0.0 0.0 0.0 1.0 0.0 0.0 26.0 0.0
4513.009183424712 0.0 0.0 0.0 1.0 0.0 0.0 26.0 0.0
4514.0008099097595 0.0 0.0 0.0 1.0 0.0 0.0 26.0 0.0
4515.009183424712 0.0 0.0 0.0 1.0 0.0 0.0 26.0 0.0
4516.006104087889 0.0 0.0 0.0 1.0 0.0 0.0 26.0 0.0
4517.001036137586 0.0 0.0 0.0 1.0 0.0 0.0 26.0 0.0
4518.008333759221 0.0 0.0 0.0 1.0 0.0 0.0 26.0 0.0
4519.005698226777 0.0 0.0 0.0 1.0 0.0 0.0 26.0 0.0
4520.00628972047 0.0 0.0 0.0 1.0 0.0 0.0 26.0 0.0
4521.009183424712 0.0 0.0 0.0 1.0 0.0 0.0 26.0 0.0
4522.008805435931 0.0 0.0 0.0 1.0 0.0 0.0 26.0 0.0
4523.002048164726 0.0 0.0 0.0 1.0 0.0 0.0 26.0 0.0
4524.002599717676 0.0 0.0 0.0 1.0 0.0 0.0 26.0 0.0
4525.007918121881 0.0 0.0 0.0 1.0 0.0 0.0 26.0 0.0
4526.009183424712 0.0 0.0 0.0 1.0 0.0 0.0 26.0 0.0
4527.00748667926 0.0 0.0 0.0 1.0 0.0 0.0 26.0 0.0
4528.001522275139 0.0 0.0 0.0 1.0 0.0 0.0 26.0 0.0
4529.004910373546 0.0 0.0 0.0 1.0 0.0 0.0 26.0 0.0
4530.007974491281 0.0 0.0 0.0 1.0 0.0 0.0 26.0 0.0
4531.009183424712 0.0 0.0 0.0 1.0 0.0 0.0 26.0 0.0
4532.009183424712 0.0 0.0 0.0 1.0 0.0 0.0 26.0 0.0
4533.005649703366 0.0 0.0 0.0 1.0 0.0 0.0 26.0 0.0
4534.009183424712 0.0 0.0 0.0 1.0 0.0 0.0 26.0 0.0
4535.003158581143 0.0 0.0 0.0 1.0 0.0 0.0 26.0 0.0
4536.009183424712 0.0 0.0 0.0 1.0 0.0 0.0 26.0 0.0
4537.001462832859 0.0 0.0 0.0 1.0 0.0 0.0 26.0 0.0
4538.005089777915 0.0 0.0 0.0 1.0 0.0 0.0 26.0 0.0
4539.009183424712 0.0 0.0 0.0 1.0 0.0 0.0 26.0 0.0
4540.004155686795 0.0 0.0 0.0 1.0 0.0 0.0 26.0 0.0
4541.003563707079 0.0 0.0 0.0 1.0 0.0 0.0 26.0 0.0
4542.008900200172 0.0 0.0 0.0 1.0 0.0 0.0 26.0 0.0
4543.002441447496 0.0 0.0 0.0 1.0 0.0 0.0 26.0 0.0
4544.009183424712 0.0 0.0 0.0 1.0 0.0 0.0 26.0 0.0
4545.002117414858 0.0 0.0 0.0 1.0 0.0 0.0 26.0 0.0
4546.002530798149 0.0 0.0 0.0 1.0 0.0 0.0 26.0 0.0
4547.007694776775 0.0 0.0 0.0 1.0 0.0 0.0 26.0 0.0
4548.009183424712 0.0 0.0 0.0 1.0 0.0 0.0 26.0 0.0
4549.009183424712 0.0 0.0 0.0 1.0 0.0 0.0 26.0 0.0
4550.001357165264 0.0 0.0 0.0 1.0 0.0 0.0 26.0 0.0
4551.007708570447 0.0 0.0 0.0 1.0 0.0 0.0 26.0 0.0
4552.009183424712 0.0 0.0 0.0 1.0 0.0 0.0 26.0 0.0
4553.009183424712 0.0 0.0 0.0 1.0 0.0 0.0 26.0 0.0
4554.009183424712 0.0 0.0 0.0 1.0 0.0 0.0 26.0 0.0
4555.001394154032 0.0 0.0 0.0 1.0 0.0 0.0 26.0 0.0
4556.009183424712 0.0 0.0 0.0 1.0 0.0 0.0 26.0 0.0
4557.000280375799 0.0 0.0 0.0 1.0 0.0 0.0 26.0 0.0
4558.009183424712 0.0 0.0 0.0 1.0 0.0 0.0 26.0 0.0
4559.004780061797 0.0 0.0 0.0 1.0 0.0 0.0 26.0 0.0
4560.008579725572 0.0 0.0 0.0 1.0 0.0 0.0 26.0 0.0
4561.009183424712 0.0 0.0 0.0 1.0 0.0 0.0 26.0 0.0
4562.009183424712 0.0 0.0 0.0 1.0 0.0 0.0 26.0 0.0
4563.003676835707 0.0 0.0 0.0 1.0 0.0 0.0 26.0 0.0
4564.004015342268 0.0 0.0 0.0 1.0 0.0 0.0 26.0 0.0
4565.002366249864 0.0 0.0 0.0 1.0 0.0 0.0 26.0 0.0
4566.005230168145 0.0 0.0 0.0 1.0 0.0 0.0 26.0 0.0
4567.004437294961 0.0 0.0 0.0 1.0 0.0 0.0 26.0 0.0
4568.009183424712 0.0 0.0 0.0 1.0 0.0 0.0 26.0 0.0
4569.004127723633 0.0 0.0 0.0 1.0 0.0 0.0 26.0 0.0
4570.002596988729 0.0 0.0 0.0 1.0 0.0 0.0 26.0 0.0
4571.009183424712 0.0 0.0 0.0 1.0 0.0 0.0 26.0 0.0
4572.006692317313 0.0 0.0 0.0 1.0 0.0 0.0 26.0 0.0
4573.009183424712 0.0 0.0 0.0 1.0 0.0 0.0 26.0 0.0
4574.0071749327835 0.0 0.0 0.0 1.0 0.0 0.0 26.0 0.0
4575.002341216815 0.0 0.0 0.0 1.0 0.0 0.0 26.0 0.0
4576.001141131291 0.0 0.0 0.0 1.0 0.0 0.0 26.0 0.0
4577.009183424712 0.0 0.0 0.0 1.0 0.0 0.0 26.0 0.0
4578.003418781147 0.0 0.0 0.0 1.0 0.0 0.0 26.0 0.0
4579.000191696638 0.0 0.0 0.0 1.0 0.0 0.0 26.0 0.0
4580.002760783033 0.0 0.0 0.0 1.0 0.0 0.0 26.0 0.0
4581.009183424712 0.0 0.0 0.0 1.0 0.0 0.0 26.0 0.0
4582.002743898347 0.0 0.0 0.0 1.0 0.0 0.0 26.0 0.0
4583.000805672744 0.0 0.0 0.0 1.0 0.0 0.0 26.0 0.0
4584.0016595165525 0.0 0.0 0.0 1.0 0.0 0.0 26.0 0.0
4585.000769826834 0.0 0.0 0.0 1.0 0.0 0.0 26.0 0.0
4586.009183424712 0.0 0.0 0.0 1.0 0.0 0.0 26.0 0.0
4587.00902177087 0.0 0.0 0.0 1.0 0.0 0.0 26.0 0.0
4588.009183424712 0.0 0.0 0.0 1.0 0.0 0.0 26.0 0.0
4589.00611503489 0.0 0.0 0.0 1.0 0.0 0.0 26.0 0.0
4590.009183424712 0.0 0.0 0.0 1.0 0.0 0.0 26.0 0.0
4591.0040191329435 0.0 0.0 0.0 1.0 0.0 0.0 26.0 0.0
4592.00173921234 0.0 0.0 0.0 1.0 0.0 0.0 26.0 0.0
4593.000860072177 0.0 0.0 0.0 1.0 0.0 0.0 26.0 0.0
4594.006472987625 0.0 0.0 0.0 1.0 0.0 0.0 26.0 0.0
4595.0045064639235 0.0 0.0 0.0 1.0 0.0 0.0 26.0 0.0
4596.009183424712 0.0 0.0 0.0 1.0 0.0 0.0 26.0 0.0
4597.009183424712 0.0 0.0 0.0 1.0 0.0 0.0 26.0 0.0
4598.009183424712 0.0 0.0 0.0 1.0 0.0 0.0 26.0 0.0
4599.002149081963 0.0 0.0 0.0 1.0 0.0 0.0 26.0 0.0
4600.009183424712 0.0 0.0 0.0 1.0 0.0 0.0 26.0 0.0
#####################################################################
# End of data export. Simulation finished at: 2026-05-19T12:27+0000 #
#####################################################################
